0 0.0359375 0.11953125 0.03984375 0.08203125
0 0.0375 0.04375 0.04609375 0.0609375
0 0.08671875 0.11796875 0.0421875 0.084375
0 0.1375 0.1203125 0.040625 0.084375
0 0.18515625 0.1203125 0.03984375 0.08515625
0 0.24296875 0.4875 0.0515625 0.04296875
0 0.7421875 0.8140625 0.1125 0.12734375
0 0.865625 0.29375 0.034375 0.03828125
0 0.9046875 0.2953125 0.028125 0.03671875
0 0.934375 0.28671875 0.025 0.04140625
0 0.66875 0.4203125 0.0609375 0.02109375
0 0.6703125 0.38984375 0.07734375 0.0296875
0 0.7390625 0.38984375 0.04765625 0.0296875
0 0.73828125 0.42265625 0.06328125 0.02578125
0 0.81015625 0.42578125 0.053125 0.02734375
0 0.78828125 0.396875 0.03984375 0.03046875
0 0.8671875 0.40234375 0.03671875 0.05
0 0.05390625 0.82734375 0.1046875 0.15625
0 0.2 0.83125 0.13828125 0.13203125
0 0.3515625 0.82265625 0.1125 0.13203125
0 0.82421875 0.27890625 0.03203125 0.059375
0 0.48203125 0.81875 0.109375 0.1421875
0 0.98359375 0.7890625 0.03203125 0.05
0 0.9828125 0.84375 0.03359375 0.040625
0 0.94296875 0.84140625 0.0328125 0.0578125
0 0.86796875 0.8171875 0.09140625 0.11171875
0 0.834375 0.66328125 0.0765625 0.06171875
0 0.75546875 0.65234375 0.0515625 0.08203125
0 0.6671875 0.671875 0.028125 0.021875
0 0.7 0.6703125 0.02578125 0.02421875
0 0.9796875 0.4046875 0.0375 0.05390625
0 0.98125 0.5234375 0.0375 0.08125
0 0.940625 0.5421875 0.0375 0.04609375
0 0.86328125 0.534375 0.05859375 0.05234375
0 0.80546875 0.53828125 0.05078125 0.053125
0 0.603125 0.825 0.10625 0.12734375
0 0.77890625 0.28203125 0.0359375 0.06796875
0 0.73515625 0.2828125 0.034375 0.0703125
0 0.6953125 0.28515625 0.0296875 0.0671875
0 0.05546875 0.65703125 0.078125 0.08359375
0 0.31328125 0.3609375 0.0515625 0.034375
0 0.321875 0.4125 0.053125 0.06328125
0 0.20546875 0.42578125 0.0484375 0.03671875
0 0.2609375 0.4125 0.0421875 0.06328125
0 0.20234375 0.35625 0.0390625 0.02421875
0 0.203125 0.3890625 0.04375 0.02890625
0 0.15 0.390625 0.0484375 0.0390625
0 0.14609375 0.4296875 0.05390625 0.0390625
0 0.0875 0.428125 0.05390625 0.03984375
0 0.028125 0.4359375 0.0546875 0.04453125
0 0.02734375 0.39296875 0.05390625 0.03984375
0 0.02109375 0.29296875 0.0390625 0.0625
0 0.0796875 0.29140625 0.06796875 0.05390625
0 0.16171875 0.284375 0.071875 0.08046875
0 0.24375 0.28359375 0.06328125 0.07421875
0 0.31484375 0.2765625 0.05234375 0.08828125
0 0.37421875 0.27734375 0.04921875 0.08125
0 0.44765625 0.278125 0.08515625 0.08515625
0 0.51875 0.2875 0.0484375 0.06640625
0 0.5703125 0.28515625 0.03828125 0.0640625
0 0.61796875 0.29453125 0.03828125 0.0453125
0 0.37265625 0.371875 0.03671875 0.03359375
0 0.375 0.42265625 0.03828125 0.03828125
0 0.4234375 0.421875 0.040625 0.0421875
0 0.4734375 0.421875 0.04296875 0.04296875
0 0.53203125 0.3984375 0.05234375 0.0796875
0 0.59921875 0.4140625 0.046875 0.05546875
0 0.66171875 0.28046875 0.034375 0.07578125
0 0.9703125 0.290625 0.034375 0.04140625
0 0.971875 0.096875 0.0484375 0.11640625
0 0.9203125 0.3984375 0.03515625 0.05
0 0.83203125 0.10234375 0.0453125 0.12265625
0 0.62890625 0.67265625 0.01875 0.01953125
0 0.59453125 0.67578125 0.03671875 0.01953125
0 0.62734375 0.69609375 0.03125 0.0171875
0 0.59140625 0.6984375 0.02734375 0.0171875
0 0.90703125 0.10703125 0.04921875 0.115625
0 0.50625 0.65078125 0.03046875 0.02265625
0 0.55625 0.69765625 0.02578125 0.02734375
0 0.51953125 0.69921875 0.03046875 0.02578125
0 0.3234375 0.7140625 0.0296875 0.01328125
0 0.2875 0.715625 0.03046875 0.0125
0 0.284375 0.70390625 0.03125 0.00859375
0 0.31875 0.70078125 0.03046875 0.0109375
0 0.325 0.6875 0.02578125 0.0125
0 0.2859375 0.690625 0.02734375 0.01171875
0 0.57265625 0.63671875 0.0265625 0.01171875
0 0.28828125 0.67421875 0.028125 0.0125
0 0.36171875 0.67109375 0.02890625 0.0140625
0 0.3640625 0.684375 0.03671875 0.00703125
0 0.3609375 0.696875 0.03671875 0.0140625
0 0.365625 0.7109375 0.0390625 0.0125
0 0.403125 0.71015625 0.025 0.01171875
0 0.4 0.69921875 0.02265625 0.009375
0 0.4 0.68671875 0.02578125 0.01015625
0 0.3984375 0.66953125 0.0328125 0.01640625
0 0.43203125 0.6546875 0.025 0.01953125
0 0.46640625 0.65078125 0.028125 0.02265625
0 0.4640625 0.6734375 0.03359375 0.01640625
0 0.43125 0.67890625 0.01953125 0.0171875
0 0.22734375 0.67109375 0.06015625 0.1015625
0 0.1453125 0.6546875 0.06484375 0.08125
0 0.3296875 0.67265625 0.0296875 0.015625
0 0.6078125 0.6328125 0.0234375 0.015625
0 0.53671875 0.6515625 0.02265625 0.02109375
0 0.5703125 0.61796875 0.028125 0.0203125
0 0.2359375 0.12265625 0.0421875 0.078125
0 0.2875 0.09921875 0.04609375 0.1296875
0 0.371875 0.10546875 0.05546875 0.11484375
0 0.44296875 0.10546875 0.05703125 0.1171875
0 0.5078125 0.10703125 0.04921875 0.11640625
0 0.5765625 0.1125 0.05703125 0.115625
0 0.60546875 0.61484375 0.0296875 0.01953125
0 0.59765625 0.53125 0.0609375 0.09609375
0 0.53046875 0.55 0.04609375 0.05234375
0 0.46953125 0.5515625 0.05 0.05078125
0 0.45546875 0.49375 0.05546875 0.0484375
0 0.69453125 0.1078125 0.06328125 0.11484375
0 0.403125 0.546875 0.04921875 0.0515625
0 0.74375 0.54453125 0.06328125 0.05078125
0 0.34375 0.5578125 0.053125 0.05
0 0.28828125 0.56015625 0.05234375 0.05703125
0 0.2328125 0.55546875 0.05234375 0.0640625
0 0.17421875 0.55703125 0.05625 0.06875
0 0.775 0.1015625 0.0578125 0.12734375
0 0.1140625 0.5609375 0.059375 0.0671875
0 0.04921875 0.56640625 0.0515625 0.05546875
0 0.02421875 0.49765625 0.04140625 0.046875
0 0.08359375 0.49453125 0.05234375 0.03984375
0 0.1375 0.48671875 0.03984375 0.03984375
0 0.18515625 0.49140625 0.04375 0.03984375
0 0.70078125 0.69296875 0.03359375 0.015625
0 0.66640625 0.69453125 0.02734375 0.02109375
0 0.34296875 0.49453125 0.0546875 0.05390625
0 0.66875 0.54609375 0.06328125 0.05703125