0 0.21875 0.0796875 0.05546875 0.03828125
0 0.2015625 0.76953125 0.06484375 0.0375
0 0.26953125 0.77734375 0.075 0.03125
0 0.34609375 0.77734375 0.0671875 0.03359375
0 0.41953125 0.77421875 0.0703125 0.03125
0 0.490625 0.77421875 0.07265625 0.03125
0 0.5640625 0.77734375 0.0734375 0.03828125
0 0.63671875 0.77734375 0.06796875 0.0359375
0 0.70859375 0.7765625 0.07578125 0.03515625
0 0.78359375 0.77265625 0.06953125 0.03984375
0 0.859375 0.77578125 0.07734375 0.03671875
0 0.93515625 0.77265625 0.05859375 0.03515625
0 0.92734375 0.73046875 0.0734375 0.040625
0 0.0578125 0.93359375 0.05859375 0.0796875
0 0.121875 0.8390625 0.06640625 0.01640625
0 0.1515625 0.084375 0.07421875 0.02890625
0 0.1140625 0.878125 0.0578125 0.0140625
0 0.11015625 0.890625 0.046875 0.0140625
0 0.190625 0.83046875 0.0671875 0.01796875
0 0.1859375 0.86484375 0.06796875 0.01796875
0 0.17734375 0.8828125 0.05859375 0.0125
0 0.16640625 0.89765625 0.0546875 0.01484375
0 0.25078125 0.828125 0.053125 0.015625
0 0.24609375 0.84375 0.04296875 0.0125
0 0.12265625 0.77890625 0.0703125 0.034375
0 0.0453125 0.81640625 0.06328125 0.07421875
0 0.95625 0.67578125 0.06328125 0.02890625
0 0.953125 0.6390625 0.06640625 0.0421875
0 0.65078125 0.49453125 0.07578125 0.06015625
0 0.73125 0.4984375 0.08359375 0.05390625
0 0.815625 0.49765625 0.078125 0.0546875
0 0.89453125 0.49609375 0.0796875 0.05859375
0 0.65390625 0.55546875 0.07421875 0.05625
0 0.7328125 0.55625 0.0828125 0.05546875
0 0.8140625 0.55546875 0.071875 0.05390625
0 0.89140625 0.55546875 0.084375 0.0546875
0 0.96640625 0.49765625 0.06484375 0.053125
0 0.96640625 0.55546875 0.0671875 0.0578125
0 0.015625 0.68828125 0.03125 0.0734375
0 0.2453125 0.86953125 0.05078125 0.015625
0 0.0484375 0.68671875 0.02578125 0.07109375
0 0.18125 0.68125 0.08828125 0.03359375
0 0.26640625 0.678125 0.07578125 0.03125
0 0.340625 0.675 0.06796875 0.034375
0 0.4140625 0.67734375 0.0765625 0.02890625
0 0.41484375 0.64140625 0.0828125 0.0328125
0 0.5015625 0.67890625 0.06875 0.03828125
0 0.57578125 0.66484375 0.05 0.05234375
0 0.65078125 0.678125 0.06796875 0.03203125
0 0.72734375 0.67265625 0.071875 0.0328125
0 0.79609375 0.6734375 0.06640625 0.0359375
0 0.87265625 0.675 0.0796875 0.03359375
0 0.10078125 0.68046875 0.07421875 0.034375
0 0.24140625 0.8859375 0.0515625 0.0171875
0 0.309375 0.87734375 0.065625 0.0265625
0 0.378125 0.87578125 0.06640625 0.0265625
0 0.98046875 0.9171875 0.0390625 0.02265625
0 0.98046875 0.94296875 0.0390625 0.0296875
0 0.4 0.3328125 0.05546875 0.0484375
0 0.45859375 0.33203125 0.06328125 0.05234375
0 0.52421875 0.3296875 0.06640625 0.04921875
0 0.08046875 0.42265625 0.07890625 0.03515625
0 0.1609375 0.41953125 0.07265625 0.03359375
0 0.228125 0.42109375 0.053125 0.02890625
0 0.13671875 0.375 0.065625 0.0296875
0 0.1984375 0.378125 0.0578125 0.02578125
0 0.24140625 0.378125 0.02578125 0.028125
0 0.92890625 0.946875 0.0546875 0.028125
0 0.29609375 0.41015625 0.0734375 0.05859375
0 0.45 0.409375 0.07265625 0.0578125
0 0.52890625 0.409375 0.078125 0.0640625
0 0.5984375 0.41953125 0.06171875 0.0328125
0 0.6609375 0.41875 0.06484375 0.034375
0 0.72421875 0.4171875 0.05703125 0.03125
0 0.78671875 0.415625 0.065625 0.03359375
0 0.8546875 0.41484375 0.065625 0.0328125
0 0.925 0.4140625 0.0734375 0.0328125
0 0.98046875 0.40234375 0.0390625 0.05703125
0 0.0328125 0.584375 0.06015625 0.09765625
0 0.1046875 0.559375 0.071875 0.05234375
0 0.37265625 0.409375 0.0734375 0.05703125
0 0.57265625 0.4921875 0.0765625 0.05625
0 0.92578125 0.91640625 0.06015625 0.02890625
0 0.8 0.95078125 0.06640625 0.034375
0 0.44296875 0.8609375 0.05234375 0.03125
0 0.5203125 0.86171875 0.0671875 0.03203125
0 0.57109375 0.84453125 0.03359375 0.028125
0 0.63671875 0.84765625 0.059375 0.0203125
0 0.63359375 0.86796875 0.06171875 0.01796875
0 0.6953125 0.8671875 0.05703125 0.01796875
0 0.7484375 0.8640625 0.0484375 0.0171875
0 0.70234375 0.84453125 0.06640625 0.0234375
0 0.8078125 0.8625 0.059375 0.03046875
0 0.87421875 0.84765625 0.06484375 0.0171875
0 0.8765625 0.8640625 0.06328125 0.01484375
0 0.86484375 0.9515625 0.0609375 0.028125
0 0.928125 0.821875 0.06171875 0.0265625
0 0.13671875 0.9359375 0.0578125 0.03359375
0 0.1984375 0.9375 0.05703125 0.0328125
0 0.25703125 0.9375 0.06328125 0.03125
0 0.325 0.94453125 0.0390625 0.03984375
0 0.37109375 0.940625 0.04765625 0.03359375
0 0.4546875 0.95390625 0.0640625 0.03515625
0 0.50234375 0.93125 0.034375 0.03359375
0 0.54921875 0.928125 0.0515625 0.02734375
0 0.6234375 0.946875 0.06015625 0.0359375
0 0.68359375 0.94765625 0.05234375 0.0328125
0 0.7359375 0.93125 0.04765625 0.028125
0 0.940625 0.8546875 0.05078125 0.0296875
0 0.49453125 0.49296875 0.07421875 0.059375
0 0.11796875 0.85859375 0.05546875 0.021875
0 0.2625 0.55859375 0.0734375 0.06015625
0 0.3578125 0.47265625 0.05625 0.02734375
0 0.44609375 0.2609375 0.07734375 0.06171875
0 0.88125 0.1875 0.078125 0.0640625
0 0.940625 0.2578125 0.065625 0.0640625
0 0.86953125 0.25625 0.0703125 0.06875
0 0.79296875 0.25546875 0.0421875 0.06640625
0 0.70859375 0.23046875 0.06640625 0.040625
0 0.73203125 0.26953125 0.0734375 0.03671875
0 0.6640625 0.26953125 0.06171875 0.0375
0 0.59921875 0.2703125 0.0640625 0.040625
0 0.528125 0.2609375 0.08046875 0.0625
0 0.1828125 0.5578125 0.0828125 0.05625
0 0.33515625 0.33203125 0.06640625 0.046875
0 0.33984375 0.559375 0.078125 0.05703125
0 0.4203125 0.55625 0.075 0.05390625
0 0.50234375 0.55625 0.07890625 0.05546875
0 0.57734375 0.55390625 0.071875 0.053125
0 0.36875 0.25859375 0.078125 0.06640625
0 0.2921875 0.25703125 0.071875 0.06484375
0 0.41796875 0.48515625 0.0640625 0.0546875
0 0.14453125 0.27578125 0.084375 0.034375
0 0.29296875 0.0609375 0.0875 0.07265625
0 0.3828125 0.06015625 0.08203125 0.07421875
0 0.4734375 0.059375 0.0859375 0.0734375
0 0.55859375 0.05859375 0.07734375 0.075
0 0.6359375 0.03359375 0.06953125 0.04609375
0 0.7078125 0.03515625 0.0640625 0.04296875
0 0.77734375 0.03359375 0.06328125 0.03984375
0 0.63515625 0.0765625 0.06796875 0.0390625
0 0.7046875 0.0765625 0.06328125 0.03828125
0 0.7703125 0.078125 0.0671875 0.03984375
0 0.2203125 0.27421875 0.0671875 0.034375
0 0.84453125 0.0625 0.06484375 0.065625
0 0.9703125 0.06328125 0.05859375 0.0640625
0 0.84609375 0.0140625 0.06796875 0.02578125
0 0.97421875 0.01484375 0.05078125 0.0296875
0 0.9140625 0.015625 0.06484375 0.0265625
0 0.06171875 0.275 0.08203125 0.03359375
0 0.909375 0.065625 0.0609375 0.06640625