0 0.6203125 0.6125 0.0390625 0.04453125
0 0.453125 0.68671875 0.04140625 0.0546875
0 0.40859375 0.68671875 0.0390625 0.05234375
0 0.36015625 0.68984375 0.04140625 0.0546875
0 0.31796875 0.68984375 0.0375 0.0515625
0 0.746875 0.6109375 0.03203125 0.04765625
0 0.27109375 0.6921875 0.0421875 0.04296875
0 0.22421875 0.6953125 0.04140625 0.0390625
0 0.16875 0.6921875 0.06015625 0.04140625
0 0.10859375 0.69140625 0.03203125 0.04296875
0 0.03359375 0.74375 0.0625 0.046875
0 0.02734375 0.65703125 0.04921875 0.0671875
0 0.58125 0.61171875 0.03671875 0.0453125
0 0.084375 0.61015625 0.03828125 0.04609375
0 0.7890625 0.61171875 0.034375 0.0453125
0 0.828125 0.61328125 0.03515625 0.0484375
0 0.17109375 0.61171875 0.0375 0.04609375
0 0.22109375 0.60390625 0.034375 0.04609375
0 0.259375 0.61171875 0.03515625 0.04921875
0 0.30078125 0.61171875 0.0359375 0.0453125
0 0.3453125 0.61171875 0.04375 0.04609375
0 0.38828125 0.61171875 0.0375 0.0453125
0 0.4453125 0.62109375 0.0703125 0.03046875
0 0.52109375 0.621875 0.06796875 0.02578125
0 0.66640625 0.615625 0.04296875 0.046875
0 0.1296875 0.6109375 0.0359375 0.046875
0 0.7078125 0.6140625 0.02890625 0.0421875
0 0.2421875 0.76875 0.0609375 0.04375
0 0.3046875 0.76640625 0.0609375 0.04296875
0 0.4125 0.8484375 0.04765625 0.0453125
0 0.36796875 0.821875 0.034375 0.0109375
0 0.36171875 0.8546875 0.0390625 0.03671875
0 0.3078125 0.8515625 0.03984375 0.03984375
0 0.27109375 0.85078125 0.0265625 0.03828125
0 0.2484375 0.85 0.01875 0.0390625
0 0.4671875 0.8515625 0.04375 0.0390625
0 0.21640625 0.8625 0.01953125 0.028125
0 0.1546875 0.85234375 0.03203125 0.04375
0 0.12421875 0.85078125 0.025 0.04140625
0 0.090625 0.85234375 0.034375 0.0421875
0 0.0375 0.84140625 0.06484375 0.05703125
0 0.11484375 0.778125 0.0609375 0.025
0 0.184375 0.7671875 0.05390625 0.04296875
0 0.18984375 0.86015625 0.02109375 0.02890625
0 0.51953125 0.853125 0.05546875 0.0390625
0 0.57109375 0.8421875 0.04375 0.0578125
0 0.6234375 0.84296875 0.0453125 0.059375
0 0.90625 0.77265625 0.0625 0.04453125
0 0.8421875 0.771875 0.0640625 0.04609375
0 0.78515625 0.7671875 0.0375 0.03203125
0 0.7375 0.7671875 0.05625 0.04140625
0 0.67265625 0.7640625 0.0515625 0.046875
0 0.55234375 0.765625 0.0609375 0.04140625
0 0.48984375 0.7640625 0.05625 0.04375
0 0.4265625 0.765625 0.05390625 0.0375
0 0.36484375 0.76484375 0.06171875 0.0421875
0 0.96015625 0.85 0.0609375 0.03671875
0 0.86171875 0.846875 0.0265625 0.0515625
0 0.821875 0.85078125 0.03359375 0.059375
0 0.771875 0.84765625 0.04296875 0.05390625
0 0.725 0.8484375 0.0359375 0.0578125
0 0.6796875 0.84375 0.05390625 0.05546875
0 0.49921875 0.69296875 0.0421875 0.04296875
0 0.55 0.6890625 0.04609375 0.053125
0 0.61171875 0.76796875 0.0609375 0.0359375
0 0.64140625 0.69453125 0.04375 0.0421875
0 0.42421875 0.2890625 0.03359375 0.06015625
0 0.4671875 0.28984375 0.0375 0.05859375
0 0.50390625 0.28984375 0.034375 0.06015625
0 0.55625 0.2890625 0.06875 0.0671875
0 0.6578125 0.275 0.1203125 0.08671875
0 0.78515625 0.2796875 0.1078125 0.0859375
0 0.946875 0.28046875 0.10546875 0.08984375
0 0.8875 0.125 0.1 0.15625
0 0.79140625 0.1328125 0.08203125 0.14453125
0 0.7 0.13203125 0.08984375 0.14609375
0 0.60859375 0.14609375 0.07578125 0.12109375
0 0.52734375 0.14296875 0.07109375 0.1171875
0 0.596875 0.696875 0.04140625 0.0359375
0 0.38515625 0.28203125 0.0359375 0.07890625
0 0.34375 0.15234375 0.08984375 0.0953125
0 0.1640625 0.15390625 0.0828125 0.0890625
0 0.2328125 0.0796875 0.05234375 0.06171875
0 0.1453125 0.090625 0.09921875 0.0203125
0 0.0703125 0.1484375 0.08046875 0.0875
0 0.3375 0.4234375 0.028125 0.01015625
0 0.378125 0.4234375 0.028125 0.009375
0 0.41015625 0.42421875 0.02109375 0.0078125
0 0.44375 0.40703125 0.028125 0.04296875
0 0.471875 0.40703125 0.02578125 0.04375
0 0.5015625 0.40859375 0.0296875 0.04453125
0 0.53125 0.40859375 0.02421875 0.04609375
0 0.5625 0.40625 0.0265625 0.04609375
0 0.59296875 0.4015625 0.0328125 0.059375
0 0.25625 0.1546875 0.08203125 0.08671875
0 0.34453125 0.278125 0.04140625 0.0828125
0 0.284375 0.2765625 0.07421875 0.08515625
0 0.2015625 0.2765625 0.0609375 0.0796875
0 0.19140625 0.390625 0.0234375 0.07265625
0 0.22578125 0.38671875 0.03359375 0.0828125
0 0.265625 0.3890625 0.03671875 0.08046875
0 0.3015625 0.3890625 0.0265625 0.08046875
0 0.034375 0.4515625 0.03671875 0.0359375
0 0.03125 0.55859375 0.05234375 0.075
0 0.10390625 0.49765625 0.05625 0.065625
0 0.1625 0.4984375 0.053125 0.06171875
0 0.23046875 0.5015625 0.0640625 0.06484375
0 0.29609375 0.4984375 0.06015625 0.0703125
0 0.36015625 0.5015625 0.06171875 0.06640625
0 0.42265625 0.5015625 0.0625 0.06171875
0 0.48671875 0.50390625 0.06015625 0.0625
0 0.553125 0.50234375 0.05625 0.065625
0 0.6140625 0.50234375 0.05859375 0.06328125
0 0.68828125 0.51640625 0.08203125 0.04140625
0 0.7765625 0.51640625 0.0796875 0.03515625
0 0.86171875 0.52265625 0.05390625 0.03828125
0 0.92890625 0.5109375 0.0640625 0.0546875
0 0.33671875 0.4109375 0.03125 0.009375
0 0.37421875 0.4109375 0.03046875 0.009375
0 0.359375 0.39453125 0.0234375 0.00625
0 0.3921875 0.39375 0.0234375 0.0078125
0 0.4 0.38359375 0.028125 0.009375
0 0.4140625 0.39453125 0.0171875 0.009375
0 0.41796875 0.4046875 0.01484375 0.0078125
0 0.01953125 0.2625 0.034375 0.053125
0 0.06640625 0.284375 0.04609375 0.0640625
0 0.1328125 0.27421875 0.06484375 0.078125
0 0.63125 0.4140625 0.028125 0.03671875
0 0.66015625 0.41171875 0.02578125 0.03515625
0 0.4390625 0.1515625 0.0890625 0.096875
0 0.1546875 0.38515625 0.0328125 0.08359375
0 0.90859375 0.39296875 0.02265625 0.0796875
0 0.8640625 0.39453125 0.0375 0.0796875
0 0.8671875 0.61484375 0.03828125 0.0484375
0 0.684375 0.69453125 0.0375 0.04375
0 0.72734375 0.6953125 0.04140625 0.04453125
0 0.7765625 0.696875 0.053125 0.04609375
0 0.8359375 0.69375 0.04140625 0.04609375
0 0.88125 0.69921875 0.02890625 0.04453125
0 0.9265625 0.6984375 0.0421875 0.04296875
0 0.9734375 0.6984375 0.03828125 0.0421875
0 0.95859375 0.40625 0.05859375 0.05234375
0 0.69453125 0.40078125 0.03515625 0.0640625
0 0.921875 0.61328125 0.04453125 0.0515625
0 0.8171875 0.40078125 0.03671875 0.06484375
0 0.734375 0.40234375 0.028125 0.06171875
0 0.02578125 0.35703125 0.03046875 0.053125
0 0.775 0.4 0.0390625 0.06484375
0 0.08671875 0.38125 0.0765625 0.08125