0 0.04296875 0.521875 0.021875 0.034375
0 0.18359375 0.51640625 0.04140625 0.0390625
0 0.26953125 0.521875 0.0375 0.05546875
0 0.11640625 0.5203125 0.02265625 0.034375
0 0.9109375 0.46875 0.053125 0.10703125
0 0.9671875 0.47265625 0.0546875 0.09453125
0 0.09453125 0.5203125 0.01953125 0.03515625
0 0.06640625 0.52109375 0.028125 0.03515625
0 0.0140625 0.50625 0.02578125 0.0578125
0 0.42421875 0.4296875 0.05625 0.04921875
0 0.778125 0.4296875 0.065625 0.059375
0 0.7109375 0.43125 0.06328125 0.05703125
0 0.646875 0.43515625 0.0578125 0.05234375
0 0.59296875 0.43359375 0.04375 0.04921875
0 0.54765625 0.43203125 0.0453125 0.0515625
0 0.48671875 0.42890625 0.05546875 0.046875
0 0.33203125 0.52734375 0.0671875 0.05859375
0 0.36953125 0.43828125 0.0453125 0.0609375
0 0.8515625 0.46875 0.06640625 0.10703125
0 0.4015625 0.52421875 0.06796875 0.05546875
0 0.4734375 0.52421875 0.05546875 0.0515625
0 0.64921875 0.6125 0.0375 0.05859375
0 0.32109375 0.4390625 0.04296875 0.059375
0 0.16484375 0.58125 0.03125 0.0578125
0 0.05859375 0.58125 0.0390625 0.05703125
0 0.01484375 0.59296875 0.0234375 0.03515625
0 0.77890625 0.52109375 0.06953125 0.05625
0 0.7109375 0.521875 0.059375 0.05546875
0 0.6484375 0.5234375 0.05625 0.0515625
0 0.59140625 0.52109375 0.0578125 0.05703125
0 0.7 0.61328125 0.04140625 0.05078125
0 0.5328125 0.52265625 0.05546875 0.0546875
0 0.28046875 0.61328125 0.059375 0.05
0 0.34296875 0.5984375 0.05625 0.0765625
0 0.4015625 0.60390625 0.05078125 0.06484375
0 0.4578125 0.61015625 0.03515625 0.04765625
0 0.49453125 0.61328125 0.03984375 0.05
0 0.5375 0.62109375 0.03125 0.0328125
0 0.57578125 0.62265625 0.03984375 0.0359375
0 0.6125 0.62265625 0.03203125 0.03828125
0 0.20390625 0.57734375 0.0421875 0.0625
0 0.27109375 0.43671875 0.05078125 0.0625
0 0.46640625 0.83671875 0.03828125 0.0953125
0 0.15625 0.4203125 0.03828125 0.0609375
0 0.55625 0.2609375 0.065625 0.05859375
0 0.6171875 0.26796875 0.0515625 0.0609375
0 0.6765625 0.26328125 0.05546875 0.0609375
0 0.7515625 0.246875 0.046875 0.05546875
0 0.79453125 0.26328125 0.0375 0.05078125
0 0.87421875 0.21875 0.0546875 0.11484375
0 0.74140625 0.6125 0.0359375 0.053125
0 0.92578125 0.2265625 0.040625 0.09375
0 0.49375 0.26015625 0.059375 0.059375
0 0.96796875 0.221875 0.04140625 0.08984375
0 0.06953125 0.33671875 0.08828125 0.07890625
0 0.128125 0.346875 0.03203125 0.05546875
0 0.43203125 0.35234375 0.0609375 0.05546875
0 0.37421875 0.353125 0.03984375 0.05234375
0 0.33046875 0.35234375 0.040625 0.0546875
0 0.27578125 0.3515625 0.06796875 0.05859375
0 0.20859375 0.334375 0.05078125 0.08046875
0 0.16484375 0.34765625 0.03828125 0.05703125
0 0.01171875 0.33515625 0.0234375 0.07890625
0 0.42578125 0.25625 0.06875 0.0609375
0 0.37109375 0.275 0.0375 0.05390625
0 0.32265625 0.26953125 0.0484375 0.0546875
0 0.12265625 0.421875 0.025 0.0609375
0 0.096875 0.421875 0.02734375 0.06171875
0 0.0578125 0.42578125 0.034375 0.05234375
0 0.0203125 0.42578125 0.03671875 0.05234375
0 0.959375 0.3390625 0.05546875 0.1015625
0 0.89765625 0.3390625 0.0609375 0.09921875
0 0.834375 0.35546875 0.0453125 0.07109375
0 0.78984375 0.3421875 0.034375 0.05234375
0 0.74609375 0.3421875 0.04453125 0.0578125
0 0.6671875 0.36015625 0.05625 0.06015625
0 0.5515625 0.3484375 0.06015625 0.07109375
0 0.49375 0.35234375 0.0515625 0.0640625
0 0.421875 0.83671875 0.046875 0.0921875
0 0.0515625 0.22578125 0.0296875 0.096875
0 0.09140625 0.22421875 0.05 0.0921875
0 0.1328125 0.2375 0.02578125 0.06640625
0 0.16640625 0.23671875 0.03203125 0.0671875
0 0.19609375 0.2359375 0.02890625 0.071875
0 0.26640625 0.25703125 0.04921875 0.05390625
0 0.20390625 0.41796875 0.05546875 0.0609375
0 0.7828125 0.62421875 0.0484375 0.03046875
0 0.1125 0.57890625 0.05859375 0.059375
0 0.88359375 0.59921875 0.03125 0.0671875
0 0.97734375 0.70078125 0.0453125 0.1109375
0 0.0203125 0.84453125 0.0375 0.090625
0 0.05703125 0.82890625 0.0296875 0.08203125
0 0.08828125 0.8328125 0.02734375 0.075
0 0.509375 0.821875 0.0328125 0.09765625
0 0.61015625 0.8421875 0.0515625 0.08828125
0 0.6609375 0.83515625 0.05 0.09921875
0 0.71640625 0.83515625 0.05703125 0.0953125
0 0.7828125 0.86328125 0.0578125 0.03984375
0 0.83828125 0.61484375 0.05234375 0.040625
0 0.78828125 0.81171875 0.06171875 0.0453125
0 0.928125 0.725 0.04921875 0.065625
0 0.846875 0.84609375 0.0609375 0.0734375
0 0.95625 0.8234375 0.04609375 0.1109375
0 0.9890625 0.8234375 0.021875 0.109375
0 0.3765625 0.83359375 0.03515625 0.09921875
0 0.3375 0.8359375 0.03828125 0.10390625
0 0.3 0.8390625 0.0328125 0.10234375
0 0.26484375 0.8359375 0.03203125 0.096875
0 0.2375 0.84765625 0.0171875 0.08203125
0 0.2125 0.83515625 0.025 0.07265625
0 0.18515625 0.83515625 0.025 0.078125
0 0.15078125 0.84375 0.040625 0.08125
0 0.01875 0.2265625 0.03671875 0.09765625
0 0.90546875 0.8359375 0.0453125 0.09375
0 0.8296875 0.709375 0.040625 0.0953125
0 0.5578125 0.86015625 0.0484375 0.0484375
0 0.74140625 0.709375 0.0390625 0.09375
0 0.784375 0.7109375 0.0453125 0.090625
0 0.1953125 0.73828125 0.03125 0.05546875
0 0.16796875 0.73046875 0.02421875 0.059375
0 0.2265625 0.7359375 0.03359375 0.06328125
0 0.13046875 0.73828125 0.03359375 0.06328125
0 0.27421875 0.72890625 0.046875 0.06015625
0 0.3203125 0.71015625 0.04375 0.09609375
0 0.1015625 0.7328125 0.0234375 0.07578125
0 0.3625 0.7109375 0.03671875 0.0953125
0 0.06953125 0.74296875 0.03125 0.05703125
0 0.45390625 0.71328125 0.040625 0.09765625
0 0.0328125 0.74609375 0.03828125 0.05390625
0 0.20703125 0.6546875 0.059375 0.04609375
0 0.4109375 0.71328125 0.0453125 0.090625
0 0.10078125 0.6546875 0.0421875 0.05703125
0 0.6625 0.7109375 0.04765625 0.10234375
0 0.61796875 0.70859375 0.04140625 0.1078125
0 0.153125 0.6578125 0.04140625 0.05
0 0.5359375 0.7109375 0.0421875 0.1109375
0 0.49296875 0.7109375 0.03828125 0.103125
0 0.57578125 0.709375 0.0375 0.1109375
0 0.91875 0.6 0.034375 0.07109375
0 0.9609375 0.58828125 0.0421875 0.096875
0 0.0125 0.65546875 0.02265625 0.0640625
0 0.04765625 0.65546875 0.04765625 0.0640625