0 0.409375 0.8546875 0.04140625 0.1578125
0 0.5125 0.77421875 0.053125 0.1265625
0 0.30625 0.946875 0.0421875 0.07578125
0 0.45078125 0.82890625 0.040625 0.14765625
0 0.346875 0.884375 0.07109375 0.04375
0 0.35859375 0.940625 0.05703125 0.04765625
0 0.26484375 0.96015625 0.03984375 0.0734375
0 0.63359375 0.515625 0.02265625 0.0671875
0 0.26640625 0.76328125 0.078125 0.1515625
0 0.04375 0.85234375 0.08203125 0.1828125
0 0.1203125 0.81953125 0.06796875 0.18515625
0 0.18984375 0.784375 0.06953125 0.16875
0 0.3671875 0.69921875 0.0375 0.103125
0 0.57109375 0.75625 0.05546875 0.13203125
0 0.40234375 0.6890625 0.0296875 0.10234375
0 0.22734375 0.9703125 0.03359375 0.059375
0 0.62578125 0.73828125 0.04921875 0.13671875
0 0.82734375 0.54140625 0.02109375 0.05078125
0 0.74453125 0.72109375 0.03125 0.0671875
0 0.43046875 0.675 0.025 0.0984375
0 0.80234375 0.5453125 0.02578125 0.0546875
0 0.78046875 0.5578125 0.01953125 0.059375
0 0.7625 0.56171875 0.0140625 0.05859375
0 0.7453125 0.56875 0.01953125 0.065625
0 0.72734375 0.575 0.01328125 0.06171875
0 0.71328125 0.58203125 0.01640625 0.0625
0 0.696875 0.5859375 0.015625 0.0625
0 0.8328125 0.625 0.02890625 0.05390625
0 0.834375 0.678125 0.021875 0.04921875
0 0.80703125 0.6921875 0.025 0.05078125
0 0.80234375 0.63671875 0.025 0.05234375
0 0.77421875 0.6484375 0.0296875 0.04765625
0 0.77734375 0.70859375 0.0296875 0.05703125
0 0.6890625 0.678125 0.03828125 0.05703125
0 0.7046875 0.7421875 0.04375 0.065625
0 0.4546875 0.66640625 0.02421875 0.09765625
0 0.9296875 0.24921875 0.046875 0.02578125
0 0.50546875 0.64765625 0.02890625 0.0875
0 0.365625 0.38984375 0.0703125 0.05859375
0 0.8859375 0.20234375 0.02578125 0.071875
0 0.88046875 0.2859375 0.03046875 0.05703125
0 0.88828125 0.35234375 0.0328125 0.07265625
0 0.91796875 0.465625 0.0390625 0.07265625
0 0.91015625 0.5484375 0.0296875 0.0328125
0 0.89453125 0.62421875 0.0203125 0.02421875
0 0.91484375 0.61328125 0.0171875 0.02421875
0 0.915625 0.36796875 0.0171875 0.04375
0 0.934375 0.3578125 0.01796875 0.03984375
0 0.915625 0.30859375 0.0140625 0.04140625
0 0.93046875 0.3015625 0.01640625 0.046875
0 0.92734375 0.1984375 0.04140625 0.0640625
0 0.73828125 0.08828125 0.03515625 0.046875
0 0.60859375 0.521875 0.025 0.07109375
0 0.4234375 0.38359375 0.03515625 0.04765625
0 0.478125 0.6578125 0.021875 0.096875
0 0.47578125 0.38046875 0.059375 0.053125
0 0.5296875 0.325 0.0265625 0.0359375
0 0.5328125 0.640625 0.02578125 0.08671875
0 0.55625 0.62734375 0.021875 0.09140625
0 0.578125 0.62109375 0.02265625 0.08671875
0 0.60234375 0.61640625 0.02109375 0.0859375
0 0.625 0.61875 0.02265625 0.0734375
0 0.05234375 0.39921875 0.0703125 0.18671875
0 0.11953125 0.40546875 0.05390625 0.15625
0 0.17421875 0.39140625 0.0546875 0.16953125
0 0.23125 0.3859375 0.05234375 0.16015625
0 0.2890625 0.38125 0.05703125 0.15859375
0 0.35859375 0.3296875 0.0609375 0.0640625
0 0.4171875 0.325 0.05 0.065625
0 0.4546875 0.33125 0.02421875 0.0453125
0 0.47890625 0.328125 0.0234375 0.04140625
0 0.50234375 0.3265625 0.021875 0.03984375
0 0.5296875 0.37265625 0.04609375 0.05078125
0 0.58125 0.5265625 0.02421875 0.06953125
0 0.6796875 0.59296875 0.01328125 0.06328125
0 0.60859375 0.23046875 0.05 0.0828125
0 0.2890625 0.2328125 0.02890625 0.0890625
0 0.3234375 0.23359375 0.0359375 0.0875
0 0.359375 0.234375 0.034375 0.08515625
0 0.39453125 0.23359375 0.03046875 0.0859375
0 0.421875 0.23359375 0.02578125 0.0859375
0 0.47734375 0.2390625 0.08203125 0.07421875
0 0.5515625 0.23125 0.0609375 0.08203125
0 0.25390625 0.23203125 0.03828125 0.090625
0 0.734375 0.23359375 0.03359375 0.071875
0 0.80625 0.23515625 0.0328125 0.06796875
0 0.5453125 0.54921875 0.04375 0.04921875
0 0.4984375 0.5609375 0.04765625 0.04453125
0 0.44453125 0.578125 0.0578125 0.053125
0 0.37265625 0.61796875 0.05546875 0.0171875
0 0.37109375 0.59765625 0.0578125 0.01953125
0 0.37109375 0.5671875 0.0640625 0.03828125
0 0.77109375 0.234375 0.0328125 0.0703125
0 0.21328125 0.23359375 0.03671875 0.08671875
0 0.17265625 0.23515625 0.0453125 0.0875
0 0.12890625 0.234375 0.0375 0.09375
0 0.828125 0.3265625 0.025 0.05703125
0 0.81640625 0.140625 0.034375 0.06328125
0 0.77734375 0.1375 0.03828125 0.06640625
0 0.6328125 0.08359375 0.03515625 0.14609375
0 0.59296875 0.08046875 0.0421875 0.15078125
0 0.54453125 0.0796875 0.05 0.140625
0 0.50625 0.07265625 0.02265625 0.13984375
0 0.4671875 0.06953125 0.05 0.1390625
0 0.4171875 0.06640625 0.05078125 0.13125
0 0.3765625 0.06796875 0.02578125 0.12421875
0 0.33203125 0.06328125 0.059375 0.1265625
0 0.26796875 0.06015625 0.0640625 0.1203125
0 0.20703125 0.05703125 0.0515625 0.11328125
0 0.1484375 0.05234375 0.06171875 0.10390625
0 0.078125 0.0515625 0.06953125 0.1015625
0 0.0390625 0.23359375 0.046875 0.10078125
0 0.0859375 0.234375 0.04375 0.09453125
0 0.29453125 0.56796875 0.0515625 0.1671875
0 0.23125 0.58125 0.075 0.17265625
0 0.70078125 0.23828125 0.0328125 0.07265625
0 0.01484375 0.65625 0.02890625 0.16328125
0 0.68984375 0.4203125 0.02421875 0.06796875
0 0.715625 0.4203125 0.02421875 0.065625
0 0.74453125 0.41328125 0.021875 0.0640625
0 0.7625 0.40859375 0.0125 0.0609375
0 0.778125 0.40546875 0.015625 0.0578125
0 0.7984375 0.40078125 0.02109375 0.05859375
0 0.834375 0.234375 0.021875 0.0640625
0 0.82734375 0.39765625 0.0265625 0.05546875
0 0.8171875 0.46328125 0.0109375 0.05390625
0 0.59453125 0.353125 0.03828125 0.07578125
0 0.68828125 0.34375 0.01796875 0.06796875
0 0.7078125 0.33984375 0.0171875 0.06796875
0 0.728125 0.3375 0.0203125 0.065625
0 0.74765625 0.3359375 0.0171875 0.0625
0 0.80859375 0.32890625 0.01171875 0.05859375
0 0.77890625 0.33359375 0.0140625 0.065625
0 0.76328125 0.334375 0.015625 0.06328125
0 0.79453125 0.33046875 0.01640625 0.06328125
0 0.1578125 0.5984375 0.06953125 0.1875
0 0.83046875 0.46171875 0.01171875 0.05546875
0 0.628125 0.34921875 0.02890625 0.0734375
0 0.78984375 0.475 0.01640625 0.0609375
0 0.8046875 0.4703125 0.0109375 0.05625
0 0.078125 0.615625 0.0828125 0.203125
0 0.33828125 0.4859375 0.0328125 0.084375
0 0.3671875 0.4796875 0.0234375 0.08671875
0 0.396875 0.475 0.0328125 0.08125
0 0.4390625 0.46484375 0.034375 0.084375
0 0.49765625 0.45625 0.021875 0.078125
0 0.521875 0.45390625 0.02421875 0.0765625
0 0.47265625 0.46015625 0.0265625 0.0828125
0 0.5640625 0.4453125 0.02421875 0.071875
0 0.58359375 0.43828125 0.0140625 0.06875
0 0.603125 0.43515625 0.01875 0.065625
0 0.63046875 0.434375 0.03515625 0.06796875
0 0.54296875 0.4484375 0.01484375 0.0734375
0 0.77109375 0.4796875 0.0203125 0.059375
0 0.74609375 0.4828125 0.02890625 0.05703125