0 0.70234375 0.7484375 0.021875 0.0609375
0 0.578125 0.8421875 0.103125 0.01640625
0 0.690625 0.82421875 0.10078125 0.0140625
0 0.6921875 0.84296875 0.11171875 0.0140625
0 0.2203125 0.13203125 0.03359375 0.109375
0 0.2609375 0.13515625 0.0375 0.10390625
0 0.33203125 0.1359375 0.04375 0.1015625
0 0.3890625 0.1375 0.0484375 0.1046875
0 0.48984375 0.184375 0.128125 0.0171875
0 0.6359375 0.18984375 0.1484375 0.01796875
0 0.6359375 0.16640625 0.14375 0.021875
0 0.7515625 0.14375 0.0765625 0.10234375
0 0.82890625 0.1453125 0.071875 0.1015625
0 0.95546875 0.14140625 0.06796875 0.10390625
0 0.0296875 0.25625 0.0515625 0.0671875
0 0.08125 0.27578125 0.03671875 0.08359375
0 0.12265625 0.2765625 0.0375 0.08359375
0 0.1625 0.2765625 0.0359375 0.08984375
0 0.25078125 0.26796875 0.11484375 0.01796875
0 0.24765625 0.28984375 0.11640625 0.01484375
0 0.2453125 0.31171875 0.115625 0.025
0 0.39609375 0.26953125 0.1609375 0.025
0 0.396875 0.29375 0.16640625 0.01796875
0 0.39453125 0.31484375 0.16171875 0.02265625
0 0.55078125 0.275 0.13046875 0.0171875
0 0.55078125 0.29609375 0.1265625 0.021875
0 0.58046875 0.82421875 0.10859375 0.01328125
0 0.58203125 0.8046875 0.10390625 0.0203125
0 0.471875 0.84140625 0.1 0.0171875
0 0.47421875 0.82265625 0.10078125 0.01640625
0 0.67578125 0.74609375 0.0265625 0.0609375
0 0.753125 0.7484375 0.03046875 0.06171875
0 0.61640625 0.74453125 0.025 0.06171875
0 0.58203125 0.74453125 0.03125 0.0578125
0 0.5484375 0.7484375 0.0328125 0.05859375
0 0.509375 0.72578125 0.03203125 0.08828125
0 0.7921875 0.7453125 0.04296875 0.0703125
0 0.840625 0.74453125 0.05 0.06953125
0 0.89296875 0.74296875 0.053125 0.075
0 0.94765625 0.740625 0.05234375 0.0734375
0 0.97890625 0.8234375 0.0421875 0.059375
0 0.91328125 0.80703125 0.0765625 0.01640625
0 0.725 0.74921875 0.01953125 0.0625
0 0.91328125 0.82421875 0.07734375 0.01328125
0 0.81796875 0.809375 0.09453125 0.01796875
0 0.8109375 0.828125 0.09296875 0.0109375
0 0.81484375 0.84609375 0.1015625 0.01796875
0 0.69140625 0.80703125 0.10234375 0.01953125
0 0.11953125 0.80859375 0.1078125 0.015625
0 0.11953125 0.8234375 0.1078125 0.0125
0 0.11875 0.8375 0.10625 0.0140625
0 0.2390625 0.8390625 0.11953125 0.01953125
0 0.3609375 0.803125 0.11875 0.01484375
0 0.35859375 0.821875 0.11875 0.0171875
0 0.3609375 0.83984375 0.1140625 0.0140625
0 0.475 0.80390625 0.10234375 0.01640625
0 0.9125 0.83984375 0.0890625 0.01484375
0 0.6453125 0.74453125 0.02578125 0.06640625
0 0.83984375 0.321875 0.1296875 0.01953125
0 0.54921875 0.31953125 0.13203125 0.02265625
0 0.96953125 0.515625 0.05859375 0.0578125
0 0.796875 0.509375 0.0359375 0.07265625
0 0.66171875 0.50625 0.04296875 0.075
0 0.70859375 0.50703125 0.046875 0.07421875
0 0.75546875 0.5109375 0.03828125 0.075
0 0.03125 0.3953125 0.05 0.0421875
0 0.88984375 0.42734375 0.07578125 0.05859375
0 0.02890625 0.434375 0.05390625 0.0296875
0 0.03984375 0.4921875 0.075 0.02109375
0 0.040625 0.51875 0.07421875 0.0265625
0 0.03984375 0.54609375 0.075 0.0234375
0 0.03984375 0.57265625 0.07578125 0.0265625
0 0.0546875 0.59921875 0.08046875 0.021875
0 0.06015625 0.6203125 0.06640625 0.01953125
0 0.0328125 0.465625 0.06484375 0.028125
0 0.2546875 0.609375 0.06875 0.09609375
0 0.48359375 0.4390625 0.121875 0.02265625
0 0.35625 0.42890625 0.12109375 0.04140625
0 0.846875 0.29921875 0.1359375 0.0203125
0 0.84453125 0.2765625 0.1390625 0.0203125
0 0.68984375 0.3203125 0.1359375 0.0234375
0 0.69375 0.2984375 0.14375 0.01875
0 0.13671875 0.59921875 0.040625 0.096875
0 0.06640625 0.64453125 0.06796875 0.0234375
0 0.48203125 0.41328125 0.1125 0.025
0 0.965625 0.3 0.06875 0.01796875
0 0.0296875 0.33515625 0.05859375 0.0484375
0 0.078125 0.39375 0.0296875 0.09921875
0 0.109375 0.39296875 0.0265625 0.1046875
0 0.14453125 0.39296875 0.0328125 0.10234375
0 0.228125 0.4203125 0.121875 0.04921875
0 0.35546875 0.39375 0.1234375 0.0265625
0 0.965625 0.321875 0.06875 0.0203125
0 0.96484375 0.278125 0.0703125 0.02109375
0 0.33515625 0.609375 0.0671875 0.10390625
0 0.453125 0.61015625 0.0421875 0.09609375
0 0.56484375 0.53515625 0.12578125 0.015625
0 0.06953125 0.72265625 0.03359375 0.08515625
0 0.10703125 0.72578125 0.03515625 0.0890625
0 0.1484375 0.72421875 0.0359375 0.090625
0 0.1859375 0.725 0.02890625 0.0953125
0 0.21875 0.72578125 0.0296875 0.09609375
0 0.56640625 0.515625 0.1328125 0.01796875
0 0.24765625 0.72734375 0.02578125 0.1015625
0 0.3140625 0.728125 0.0328125 0.0984375
0 0.35234375 0.725 0.0328125 0.09921875
0 0.38515625 0.72421875 0.028125 0.0984375
0 0.41640625 0.72578125 0.0296875 0.096875
0 0.446875 0.7265625 0.02578125 0.09375
0 0.4765625 0.72421875 0.028125 0.08671875
0 0.27890625 0.7296875 0.0328125 0.096875
0 0.40546875 0.6125 0.04375 0.10390625
0 0.5671875 0.49453125 0.13125 0.0234375
0 0.43125 0.5125 0.12890625 0.0203125
0 0.53125 0.6125 0.0765625 0.09609375
0 0.59453125 0.61484375 0.03125 0.0921875
0 0.63125 0.615625 0.03046875 0.09375
0 0.76875 0.61875 0.0359375 0.09609375
0 0.80859375 0.6140625 0.03515625 0.09921875
0 0.93046875 0.61875 0.03046875 0.09765625
0 0.43125 0.534375 0.12890625 0.01796875
0 0.975 0.61875 0.05 0.09921875
0 0.14296875 0.50625 0.11875 0.0171875
0 0.14296875 0.5265625 0.11875 0.01875
0 0.2859375 0.5078125 0.1515625 0.0203125
0 0.284375 0.53046875 0.15703125 0.01953125
0 0.42734375 0.4734375 0.1171875 0.01484375
0 0.43359375 0.490625 0.12890625 0.0171875
0 0.13984375 0.48671875 0.1203125 0.01875
0 0.69296875 0.2734375 0.14609375 0.0234375