0 0.278125 0.36328125 0.05 0.065625
0 0.22265625 0.3421875 0.0515625 0.06171875
0 0.1171875 0.34296875 0.05078125 0.06328125
0 0.06640625 0.34375 0.046875 0.06015625
0 0.01953125 0.3421875 0.0390625 0.0625
0 0.01171875 0.24453125 0.0234375 0.05390625
0 0.04140625 0.2453125 0.0171875 0.046875
0 0.06484375 0.24453125 0.0234375 0.0515625
0 0.09609375 0.246875 0.0296875 0.04140625
0 0.1546875 0.2453125 0.05703125 0.05
0 0.16796875 0.34296875 0.04765625 0.0625
0 0.33125 0.3625 0.04765625 0.0671875
0 0.2140625 0.725 0.02890625 0.08671875
0 0.21328125 0.24453125 0.05625 0.0515625
0 0.43671875 0.36484375 0.04609375 0.06171875
0 0.48984375 0.36328125 0.0484375 0.06328125
0 0.53984375 0.36484375 0.040625 0.0625
0 0.5890625 0.3765625 0.04921875 0.040625
0 0.64140625 0.36171875 0.046875 0.07890625
0 0.69296875 0.3640625 0.04765625 0.0734375
0 0.68671875 0.46328125 0.0515625 0.0671875
0 0.6328125 0.459375 0.046875 0.07421875
0 0.4828125 0.46015625 0.0515625 0.0734375
0 0.5828125 0.4609375 0.04453125 0.0734375
0 0.38515625 0.3640625 0.05 0.06015625
0 0.2078125 0.20703125 0.06328125 0.01796875
0 0.37890625 0.240625 0.05234375 0.065625
0 0.325 0.23828125 0.05078125 0.0671875
0 0.15 0.10546875 0.034375 0.08359375
0 0.11171875 0.1046875 0.03828125 0.0828125
0 0.07421875 0.115625 0.028125 0.0625
0 0.04453125 0.11484375 0.02734375 0.0625
0 0.0125 0.1171875 0.02421875 0.065625
0 0.24375 0.72421875 0.02890625 0.08671875
0 0.05078125 0.82421875 0.065625 0.04921875
0 0.1859375 0.1 0.03046875 0.090625
0 0.04765625 0.87578125 0.0671875 0.0484375
0 0.6390625 0.85 0.03046875 0.0671875
0 0.603125 0.8578125 0.03671875 0.08046875
0 0.4703125 0.85546875 0.08359375 0.075
0 0.54921875 0.85703125 0.0671875 0.07578125
0 0.38671875 0.86171875 0.07265625 0.06640625
0 0.3171875 0.8609375 0.0609375 0.065625
0 0.2484375 0.8578125 0.07109375 0.06796875
0 0.6765625 0.84921875 0.03671875 0.06875
0 0.27109375 0.2390625 0.053125 0.065625
0 0.22109375 0.10078125 0.03515625 0.090625
0 0.3140625 0.11796875 0.04921875 0.09921875
0 0.53359375 0.46171875 0.04375 0.06796875
0 0.434375 0.240625 0.05 0.07109375
0 0.484375 0.2421875 0.03984375 0.06796875
0 0.52421875 0.24140625 0.03359375 0.07265625
0 0.57265625 0.24921875 0.0234375 0.06328125
0 0.6 0.25 0.02265625 0.0625
0 0.65859375 0.24140625 0.02890625 0.0234375
0 0.26640625 0.11875 0.040625 0.09921875
0 0.6328125 0.2578125 0.01875 0.0359375
0 0.6984375 0.24921875 0.03515625 0.06015625
0 0.71171875 0.12734375 0.046875 0.08828125
0 0.6625 0.14296875 0.04921875 0.06015625
0 0.6125 0.13046875 0.04609375 0.08046875
0 0.5625 0.121875 0.04765625 0.09609375
0 0.51875 0.12265625 0.03203125 0.0953125
0 0.47734375 0.1203125 0.04140625 0.1
0 0.66640625 0.26875 0.0234375 0.02734375
0 0.43125 0.4609375 0.04375 0.06875
0 0.0140625 0.44375 0.02734375 0.06171875
0 0.334375 0.46171875 0.04453125 0.07265625
0 0.63828125 0.75703125 0.034375 0.08515625
0 0.6734375 0.73828125 0.0296875 0.0765625
0 0.67578125 0.6609375 0.0265625 0.0484375
0 0.646875 0.66328125 0.01953125 0.04609375
0 0.62578125 0.6640625 0.01953125 0.04609375
0 0.6 0.66015625 0.02265625 0.04609375
0 0.6 0.75625 0.03828125 0.08515625
0 0.57734375 0.66171875 0.0203125 0.0421875
0 0.52734375 0.66171875 0.0203125 0.0421875
0 0.50390625 0.659375 0.0203125 0.040625
0 0.47890625 0.659375 0.021875 0.03828125
0 0.45625 0.659375 0.02265625 0.04140625
0 0.43125 0.66015625 0.02265625 0.04140625
0 0.40625 0.659375 0.0234375 0.040625
0 0.5515625 0.6625 0.0203125 0.0421875
0 0.38203125 0.659375 0.0203125 0.04140625
0 0.5609375 0.746875 0.03359375 0.08359375
0 0.50546875 0.7671875 0.01640625 0.03515625
0 0.18125 0.7265625 0.03046875 0.08671875
0 0.1515625 0.73046875 0.02734375 0.07578125
0 0.11640625 0.73984375 0.03671875 0.0609375
0 0.071875 0.71953125 0.040625 0.0421875
0 0.07109375 0.759375 0.02734375 0.02265625
0 0.02421875 0.71953125 0.040625 0.04765625
0 0.5296875 0.78515625 0.01953125 0.03125
0 0.0140625 0.75859375 0.02734375 0.021875
0 0.33359375 0.7421875 0.03984375 0.07734375
0 0.3796875 0.76953125 0.03828125 0.05625
0 0.37578125 0.71796875 0.03828125 0.02578125
0 0.4125 0.76953125 0.021875 0.05625
0 0.43984375 0.75625 0.02734375 0.08671875
0 0.47578125 0.78125 0.0375 0.03359375
0 0.28671875 0.75625 0.04296875 0.08515625
0 0.384375 0.4625 0.046875 0.071875
0 0.359375 0.6578125 0.0203125 0.04140625
0 0.31171875 0.6578125 0.021875 0.040625
0 0.2828125 0.55390625 0.04296875 0.06796875
0 0.23515625 0.5265625 0.04375 0.04453125
0 0.1546875 0.5265625 0.05234375 0.04375
0 0.09609375 0.53203125 0.04765625 0.034375
0 0.0546875 0.53359375 0.03125 0.03671875
0 0.06015625 0.50390625 0.0390625 0.0171875
0 0.33125 0.55234375 0.05 0.06796875
0 0.01640625 0.5046875 0.0328125 0.021875
0 0.05546875 0.44140625 0.04921875 0.06328125
0 0.103125 0.4578125 0.0390625 0.03515625
0 0.1453125 0.45625 0.04375 0.03515625
0 0.18984375 0.4546875 0.04375 0.03515625
0 0.2375 0.45546875 0.046875 0.0359375
0 0.28515625 0.4609375 0.0453125 0.07421875
0 0.015625 0.534375 0.03125 0.03125
0 0.33515625 0.6578125 0.02109375 0.040625
0 0.38203125 0.54765625 0.040625 0.0625
0 0.47734375 0.5484375 0.04375 0.0140625
0 0.2859375 0.6578125 0.02109375 0.040625
0 0.23984375 0.63203125 0.02265625 0.05546875
0 0.21328125 0.63515625 0.025 0.053125
0 0.16328125 0.64765625 0.06953125 0.02578125
0 0.10078125 0.64375 0.0421875 0.03984375
0 0.06484375 0.64140625 0.0234375 0.040625
0 0.4296875 0.553125 0.04609375 0.06875
0 0.02890625 0.6328125 0.04140625 0.05234375
0 0.62734375 0.5578125 0.04609375 0.06015625
0 0.578125 0.553125 0.0453125 0.07421875
0 0.53046875 0.55390625 0.04921875 0.06796875
0 0.48046875 0.590625 0.04296875 0.0125
0 0.48046875 0.57578125 0.04296875 0.0125
0 0.47734375 0.5625 0.04609375 0.0125
0 0.6796875 0.55390625 0.05703125 0.0734375
0 0.18125 0.86015625 0.06171875 0.06953125
0 0.11875 0.84921875 0.05390625 0.096875