0 0.540625 0.49375 0.02734375 0.0625
0 0.57578125 0.478125 0.03125 0.06953125
0 0.46796875 0.5015625 0.03125 0.06875
0 0.66015625 0.471875 0.05078125 0.07421875
0 0.71171875 0.4671875 0.04609375 0.07578125
0 0.44140625 0.5046875 0.0234375 0.07265625
0 0.759375 0.4625 0.046875 0.0703125
0 0.5046875 0.49765625 0.0390625 0.07734375
0 0.0390625 0.6875 0.0421875 0.07890625
0 0.36953125 0.63671875 0.0484375 0.0625
0 0.11796875 0.678125 0.03828125 0.07265625
0 0.15546875 0.6703125 0.03125 0.08671875
0 0.19296875 0.665625 0.040625 0.07578125
0 0.25078125 0.65703125 0.0609375 0.08359375
0 0.3140625 0.64453125 0.059375 0.06328125
0 0.4015625 0.5109375 0.05390625 0.06953125
0 0.42109375 0.62734375 0.04140625 0.06640625
0 0.4734375 0.6171875 0.0515625 0.0640625
0 0.5265625 0.61328125 0.04375 0.05
0 0.56875 0.60546875 0.03671875 0.05390625
0 0.603125 0.59609375 0.02421875 0.06796875
0 0.62890625 0.5921875 0.028125 0.0609375
0 0.07890625 0.68515625 0.034375 0.0828125
0 0.225 0.5375 0.053125 0.071875
0 0.5578125 0.36875 0.05078125 0.08125
0 0.0953125 0.53984375 0.0609375 0.08984375
0 0.0578125 0.16484375 0.09921875 0.18359375
0 0.13984375 0.196875 0.06484375 0.11796875
0 0.20703125 0.1828125 0.0625 0.14453125
0 0.2796875 0.17578125 0.07734375 0.153125
0 0.34609375 0.1828125 0.0515625 0.14296875
0 0.425 0.16796875 0.08359375 0.16015625
0 0.4953125 0.16796875 0.04921875 0.16484375
0 0.584375 0.18203125 0.0546875 0.1546875
0 0.64921875 0.17421875 0.065625 0.16640625
0 0.71171875 0.17109375 0.0515625 0.159375
0 0.0234375 0.39921875 0.04609375 0.0953125
0 0.16171875 0.53203125 0.06328125 0.084375
0 0.08203125 0.39453125 0.06640625 0.1
0 0.25234375 0.3765625 0.11328125 0.1015625
0 0.35859375 0.384375 0.06171875 0.08046875
0 0.4125 0.3765625 0.04375 0.09453125
0 0.45859375 0.37578125 0.04375 0.09375
0 0.50625 0.3703125 0.0453125 0.078125
0 0.975 0.73828125 0.0421875 0.0453125
0 0.60390625 0.3671875 0.03515625 0.06328125
0 0.64453125 0.35703125 0.0421875 0.08125
0 0.703125 0.35390625 0.0609375 0.075
0 0.7640625 0.35390625 0.053125 0.0734375
0 0.03125 0.55859375 0.05859375 0.0625
0 0.153125 0.39375 0.059375 0.08984375
0 0.971875 0.69140625 0.0453125 0.03203125
0 0.5015625 0.87578125 0.0484375 0.08515625
0 0.85234375 0.7609375 0.040625 0.06875
0 0.37109375 0.72890625 0.04609375 0.0484375
0 0.42265625 0.71953125 0.04453125 0.059375
0 0.46875 0.7109375 0.03515625 0.04921875
0 0.52109375 0.69765625 0.05234375 0.05
0 0.6 0.68046875 0.04296875 0.04765625
0 0.64453125 0.67578125 0.03515625 0.05625
0 0.32890625 0.74140625 0.0328125 0.0578125
0 0.91015625 0.75546875 0.05546875 0.06640625
0 0.1671875 0.9625 0.03203125 0.07421875
0 0.20390625 0.95234375 0.0328125 0.0953125
0 0.2390625 0.9484375 0.03203125 0.08671875
0 0.278125 0.9453125 0.03515625 0.08046875
0 0.328125 0.93203125 0.05078125 0.0625
0 0.384375 0.92109375 0.05546875 0.08203125
0 0.74921875 0.65703125 0.04375 0.0609375
0 0.27890625 0.75078125 0.046875 0.05390625
0 0.7078125 0.6640625 0.02421875 0.05546875
0 0.18125 0.7890625 0.03359375 0.07109375
0 0.2171875 0.78359375 0.02734375 0.0828125
0 0.77421875 0.7921875 0.03515625 0.06328125
0 0.73515625 0.815625 0.03359375 0.05234375
0 0.69375 0.8328125 0.04296875 0.0328125
0 0.65078125 0.8484375 0.03203125 0.04453125
0 0.59453125 0.86875 0.059375 0.03203125
0 0.44453125 0.89296875 0.04609375 0.05703125
0 0.1390625 0.796875 0.0375 0.078125
0 0.6859375 0.58671875 0.02734375 0.0484375
0 0.71328125 0.58359375 0.0234375 0.05390625
0 0.73828125 0.5734375 0.025 0.05
0 0.7671875 0.5703125 0.02734375 0.053125
0 0.07734375 0.83046875 0.0765625 0.02890625
0 0.06015625 0.7703125 0.05078125 0.01953125
0 0.6546875 0.5890625 0.0203125 0.06796875