0 0.478125 0.37890625 0.03515625 0.1046875
0 0.5140625 0.38046875 0.03671875 0.10859375
0 0.384375 0.37734375 0.03125 0.096875
0 0.4140625 0.3765625 0.02734375 0.0984375
0 0.553125 0.38046875 0.0421875 0.109375
0 0.59609375 0.3828125 0.0421875 0.1125
0 0.6421875 0.38203125 0.0484375 0.11484375
0 0.44453125 0.3796875 0.0328125 0.10390625
0 0.6875 0.38359375 0.0421875 0.11953125
0 0.59296875 0.5046875 0.03515625 0.084375
0 0.93671875 0.57109375 0.1265625 0.0609375
0 0.77265625 0.39296875 0.046875 0.10703125
0 0.91796875 0.4046875 0.03515625 0.10859375
0 0.9625 0.40625 0.04921875 0.103125
0 0.8578125 0.4578125 0.02734375 0.0703125
0 0.76484375 0.53828125 0.03515625 0.08203125
0 0.70390625 0.51875 0.0375 0.09765625
0 0.35625 0.375 0.0265625 0.090625
0 0.66328125 0.51328125 0.0421875 0.090625
0 0.6265625 0.5109375 0.0296875 0.096875
0 0.7296875 0.3921875 0.0390625 0.1078125
0 0.3265625 0.375 0.02890625 0.08984375
0 0.509375 0.2734375 0.03046875 0.078125
0 0.23828125 0.41875 0.034375 0.1046875
0 0.55859375 0.50390625 0.03359375 0.08671875
0 0.78515625 0.25234375 0.040625 0.096875
0 0.74140625 0.25625 0.04453125 0.09375
0 0.70078125 0.259375 0.03671875 0.0875
0 0.66015625 0.26171875 0.04140625 0.08984375
0 0.546875 0.27109375 0.0390625 0.078125
0 0.47890625 0.27578125 0.03125 0.07421875
0 0.446875 0.27578125 0.03046875 0.07421875
0 0.42265625 0.27890625 0.0171875 0.06796875
0 0.40078125 0.2859375 0.02109375 0.0625
0 0.37734375 0.2828125 0.025 0.06796875
0 0.28203125 0.4203125 0.05 0.10546875
0 0.34921875 0.2859375 0.028125 0.0625
0 0.25546875 0.31796875 0.04765625 0.06953125
0 0.19296875 0.31328125 0.0734375 0.08203125
0 0.121875 0.31796875 0.0671875 0.07265625
0 0.04375 0.31796875 0.034375 0.06953125
0 0.075 0.3171875 0.02421875 0.0734375
0 0.05234375 0.409375 0.02890625 0.0859375
0 0.08125 0.40859375 0.0296875 0.0890625
0 0.1078125 0.4109375 0.02421875 0.09375
0 0.1375 0.41171875 0.034375 0.08984375
0 0.175 0.4171875 0.03671875 0.09765625
0 0.20703125 0.4171875 0.02890625 0.0984375
0 0.3234375 0.28828125 0.021875 0.06015625
0 0.521875 0.5 0.0375 0.0828125
0 0.146875 0.51015625 0.02109375 0.07421875
0 0.4546875 0.48828125 0.02890625 0.0765625
0 0.81953125 0.83671875 0.046875 0.11484375
0 0.984375 0.7921875 0.03125 0.0421875
0 0.94375 0.7828125 0.04765625 0.04765625
0 0.99140625 0.66328125 0.0171875 0.06796875
0 0.9546875 0.6578125 0.05234375 0.05859375
0 0.8890625 0.6578125 0.034375 0.08984375
0 0.84453125 0.6765625 0.04921875 0.121875
0 0.8 0.66953125 0.03984375 0.12421875
0 0.7609375 0.66328125 0.034375 0.1109375
0 0.73046875 0.65546875 0.0296875 0.11171875
0 0.69453125 0.6546875 0.0375 0.0984375
0 0.6578125 0.6453125 0.0390625 0.09921875
0 0.62265625 0.6375 0.03046875 0.08359375
0 0.59375 0.63203125 0.02734375 0.09375
0 0.559375 0.62578125 0.040625 0.0875
0 0.52265625 0.61796875 0.028125 0.08671875
0 0.490625 0.61171875 0.03515625 0.0734375
0 0.4609375 0.6046875 0.0234375 0.0828125
0 0.40859375 0.59609375 0.0265625 0.0796875
0 0.38125 0.5890625 0.025 0.07265625
0 0.359375 0.58125 0.02109375 0.07578125
0 0.334375 0.57890625 0.02578125 0.071875
0 0.29765625 0.5453125 0.0421875 0.065625
0 0.25703125 0.52578125 0.03671875 0.08671875
0 0.30625 0.7609375 0.02578125 0.06875
0 0.7625 0.8171875 0.04140625 0.10625
0 0.71796875 0.80390625 0.03828125 0.10703125
0 0.67734375 0.79609375 0.0390625 0.09375
0 0.64375 0.78515625 0.02734375 0.0953125
0 0.28046875 0.75390625 0.01796875 0.0625
0 0.253125 0.728125 0.0359375 0.084375
0 0.21796875 0.71484375 0.0328125 0.0796875
0 0.18203125 0.7015625 0.03359375 0.07734375
0 0.15 0.68984375 0.02734375 0.07265625
0 0.121875 0.678125 0.028125 0.0703125
0 0.09453125 0.66953125 0.0234375 0.06953125
0 0.0640625 0.6625 0.03125 0.06875
0 0.30078125 0.64296875 0.040625 0.090625
0 0.2625 0.63046875 0.0359375 0.090625
0 0.22265625 0.6203125 0.03671875 0.08515625
0 0.18828125 0.609375 0.028125 0.08125
0 0.33125 0.7703125 0.021875 0.0609375
0 0.15859375 0.60078125 0.02578125 0.08046875
0 0.07578125 0.5828125 0.05859375 0.0765625
0 0.3359375 0.6875 0.02421875 0.07109375
0 0.36015625 0.696875 0.0234375 0.075
0 0.38203125 0.70078125 0.0203125 0.07578125
0 0.40625 0.71015625 0.02578125 0.078125
0 0.4296875 0.71953125 0.021875 0.08046875
0 0.4578125 0.72890625 0.03125 0.08359375
0 0.48671875 0.73828125 0.025 0.08203125
0 0.5125 0.74609375 0.02265625 0.08515625
0 0.54765625 0.75546875 0.03984375 0.084375
0 0.58046875 0.76328125 0.028125 0.08828125
0 0.6140625 0.77265625 0.03359375 0.08671875
0 0.125 0.5953125 0.0375 0.07734375
0 0.48671875 0.49453125 0.0296875 0.08359375
0 0.3578125 0.77890625 0.02421875 0.06953125
0 0.40859375 0.79609375 0.02265625 0.0640625
0 0.5875 0.15234375 0.03203125 0.0890625
0 0.62109375 0.14296875 0.028125 0.10234375
0 0.653125 0.13828125 0.034375 0.10859375
0 0.6875 0.1296875 0.03125 0.1109375
0 0.72421875 0.12265625 0.0390625 0.1203125
0 0.76484375 0.1203125 0.034375 0.10546875
0 0.80546875 0.1171875 0.03828125 0.10546875
0 0.85 0.10703125 0.05 0.1109375
0 0.89609375 0.10546875 0.04296875 0.1125
0 0.8875 0.27578125 0.046875 0.09609375
0 0.93828125 0.26171875 0.046875 0.09921875
0 0.98125 0.26015625 0.03671875 0.10234375
0 0.82109375 0.25078125 0.03125 0.1
0 0.21875 0.52109375 0.04140625 0.07734375
0 0.17734375 0.515625 0.0390625 0.07890625
0 0.12109375 0.50625 0.02734375 0.07421875
0 0.09453125 0.5 0.028125 0.0625
0 0.065625 0.49453125 0.03046875 0.07265625
0 0.0171875 0.53125 0.034375 0.0625
0 0.0078125 0.471875 0.01484375 0.040625
0 0.32421875 0.475 0.028125 0.07421875
0 0.35234375 0.47734375 0.02890625 0.07109375
0 0.37890625 0.4828125 0.021875 0.075
0 0.403125 0.48203125 0.028125 0.075
0 0.42890625 0.48671875 0.02265625 0.078125
0 0.55 0.1578125 0.03671875 0.08828125
0 0.51953125 0.1625 0.025 0.08046875
0 0.4890625 0.175 0.02578125 0.0640625
0 0.45859375 0.178125 0.03359375 0.065625
0 0.428125 0.80234375 0.01171875 0.0578125
0 0.44765625 0.81171875 0.025 0.0765625
0 0.47421875 0.82421875 0.02421875 0.065625
0 0.4953125 0.83359375 0.0171875 0.07109375
0 0.5546875 0.8703125 0.09140625 0.08203125
0 0.646875 0.9 0.08671875 0.07734375
0 0.73046875 0.93125 0.08203125 0.08828125
0 0.809375 0.96171875 0.06953125 0.07109375
0 0.88203125 0.91328125 0.0390625 0.071875
0 0.928125 0.9234375 0.0421875 0.06796875
0 0.98046875 0.9421875 0.0390625 0.07109375
0 0.01015625 0.2546875 0.01328125 0.05078125
0 0.38515625 0.78671875 0.0203125 0.0578125
0 0.0234375 0.24765625 0.0140625 0.04296875
0 0.06015625 0.24296875 0.03359375 0.04765625
0 0.1 0.22890625 0.0453125 0.0640625
0 0.20625 0.2390625 0.0390625 0.0171875
0 0.2640625 0.23671875 0.06796875 0.0171875
0 0.21953125 0.19609375 0.04765625 0.0640625
0 0.2953125 0.18984375 0.03046875 0.07734375
0 0.3203125 0.1984375 0.01640625 0.059375
0 0.340625 0.1953125 0.01953125 0.059375
0 0.36484375 0.19140625 0.021875 0.059375
0 0.3875 0.18828125 0.02109375 0.0609375
0 0.4109375 0.18671875 0.0234375 0.05859375
0 0.43203125 0.184375 0.01953125 0.0625
0 0.0375 0.24609375 0.01328125 0.04140625
0 0.43671875 0.6 0.025 0.075