0 0.425 0.3484375 0.02890625 0.0859375
0 0.0984375 0.6359375 0.02421875 0.0875
0 0.81640625 0.86171875 0.021875 0.0609375
0 0.7921875 0.86171875 0.02109375 0.0609375
0 0.0796875 0.2484375 0.01640625 0.090625
0 0.7296875 0.87421875 0.02734375 0.0375
0 0.69140625 0.87109375 0.02734375 0.046875
0 0.66484375 0.86875 0.021875 0.0515625
0 0.6390625 0.87265625 0.02109375 0.05546875
0 0.6140625 0.86796875 0.015625 0.0453125
0 0.59140625 0.86796875 0.02421875 0.0453125
0 0.56171875 0.87421875 0.0234375 0.05546875
0 0.54296875 0.87265625 0.01328125 0.0578125
0 0.86328125 0.859375 0.025 0.059375
0 0.4984375 0.8734375 0.01015625 0.02578125
0 0.44921875 0.86953125 0.021875 0.06015625
0 0.4234375 0.86953125 0.02109375 0.06015625
0 0.396875 0.8875 0.01484375 0.03046875
0 0.37578125 0.88671875 0.0171875 0.034375
0 0.35546875 0.88515625 0.0125 0.03828125
0 0.3359375 0.8828125 0.01875 0.03359375
0 0.31484375 0.8890625 0.0140625 0.03671875
0 0.2578125 0.8890625 0.0140625 0.053125
0 0.2375 0.8890625 0.0171875 0.04765625
0 0.21875 0.88984375 0.0171875 0.053125
0 0.196875 0.88828125 0.0171875 0.05078125
0 0.47265625 0.86953125 0.01953125 0.0609375
0 0.8921875 0.8546875 0.02734375 0.0578125
0 0.22890625 0.24375 0.01328125 0.07890625
0 0.2078125 0.24453125 0.01875 0.084375
0 0.85078125 0.715625 0.0109375 0.10234375
0 0.83515625 0.71640625 0.01484375 0.103125
0 0.8203125 0.71640625 0.01171875 0.10234375
0 0.95625 0.7609375 0.02421875 0.084375
0 0.7890625 0.76875 0.01953125 0.0875
0 0.7296875 0.78515625 0.0234375 0.08359375
0 0.56171875 0.78671875 0.01875 0.08515625
0 0.5421875 0.78671875 0.01640625 0.0875
0 0.7 0.7359375 0.00859375 0.09453125
0 0.6875 0.7375 0.01015625 0.1015625
0 0.67265625 0.73671875 0.0125 0.10078125
0 0.6578125 0.73671875 0.01484375 0.10546875
0 0.640625 0.73671875 0.0125 0.09921875
0 0.62265625 0.73515625 0.01484375 0.1015625
0 0.60859375 0.73515625 0.01171875 0.09609375
0 0.59375 0.73828125 0.0140625 0.09921875
0 0.94921875 0.853125 0.02578125 0.06328125
0 0.91796875 0.8546875 0.02265625 0.059375
0 0.57734375 0.36953125 0.02265625 0.0828125
0 0.59921875 0.36796875 0.01640625 0.0875
0 0.625 0.36640625 0.0234375 0.084375
0 0.65078125 0.3625 0.02109375 0.09140625
0 0.6734375 0.36328125 0.015625 0.0859375
0 0.69375 0.365625 0.01953125 0.08203125
0 0.71875 0.3640625 0.02109375 0.09140625
0 0.17578125 0.88984375 0.015625 0.05234375
0 0.86875 0.71796875 0.0140625 0.10078125
0 0.1578125 0.8890625 0.01796875 0.05234375
0 0.1203125 0.89140625 0.01953125 0.046875
0 0.10390625 0.53046875 0.01796875 0.07265625
0 0.08203125 0.5328125 0.0234375 0.06875
0 0.2390625 0.42109375 0.0125 0.065625
0 0.221875 0.4265625 0.01640625 0.0671875
0 0.20234375 0.428125 0.01640625 0.065625
0 0.18359375 0.42890625 0.015625 0.06875
0 0.16171875 0.42421875 0.0171875 0.0640625
0 0.14140625 0.4296875 0.015625 0.06015625
0 0.12109375 0.4296875 0.01640625 0.06640625
0 0.1046875 0.43125 0.0125 0.06484375
0 0.0828125 0.43046875 0.015625 0.0640625
0 0.12421875 0.53125 0.01640625 0.071875
0 0.06484375 0.43359375 0.015625 0.06640625
0 0.20703125 0.3375 0.0171875 0.04921875
0 0.18984375 0.33828125 0.01171875 0.05078125
0 0.1734375 0.33828125 0.01484375 0.04921875
0 0.15625 0.33515625 0.01328125 0.0515625
0 0.13671875 0.33828125 0.01796875 0.05078125
0 0.1109375 0.33828125 0.02890625 0.05625
0 0.075 0.34140625 0.03515625 0.059375
0 0.17890625 0.2421875 0.02265625 0.0890625
0 0.15078125 0.24765625 0.02421875 0.0859375
0 0.12578125 0.2484375 0.015625 0.08984375
0 0.103125 0.25 0.0203125 0.08671875
0 0.23125 0.33671875 0.01875 0.05
0 0.14609375 0.5265625 0.0203125 0.08046875
0 0.171875 0.525 0.021875 0.07421875
0 0.19140625 0.53203125 0.0125 0.0625
0 0.09921875 0.89140625 0.01875 0.04453125
0 0.25546875 0.80859375 0.01796875 0.06015625
0 0.234375 0.8109375 0.01796875 0.065625
0 0.21484375 0.81328125 0.01640625 0.06796875
0 0.17734375 0.8140625 0.01796875 0.06875
0 0.15703125 0.81328125 0.01640625 0.0671875
0 0.13671875 0.8171875 0.01875 0.0625
0 0.0765625 0.771875 0.02421875 0.03125
0 0.0953125 0.821875 0.021875 0.0640625
0 0.21953125 0.721875 0.034375 0.075
0 0.19140625 0.72578125 0.0171875 0.06953125
0 0.1671875 0.73046875 0.0203125 0.075
0 0.140625 0.7359375 0.01796875 0.0703125
0 0.11015625 0.73515625 0.028125 0.06875
0 0.24375 0.63125 0.0203125 0.0859375
0 0.2234375 0.61953125 0.0140625 0.08359375
0 0.20234375 0.621875 0.01953125 0.08671875
0 0.171875 0.62734375 0.021875 0.08671875
0 0.1484375 0.62890625 0.01875 0.090625
0 0.1234375 0.6296875 0.01875 0.0890625
0 0.05234375 0.253125 0.0265625 0.09375
0 0.07421875 0.63515625 0.02421875 0.08828125
0 0.24296875 0.528125 0.01484375 0.065625
0 0.225 0.53046875 0.0125 0.06484375
0 0.209375 0.534375 0.015625 0.059375
0 0.13828125 0.89140625 0.0140625 0.0515625
0 0.88515625 0.71640625 0.01015625 0.10390625
0 0.3890625 0.34609375 0.03125 0.09140625
0 0.915625 0.715625 0.01015625 0.10234375
0 0.48515625 0.4484375 0.0203125 0.0875
0 0.29609375 0.3546875 0.02578125 0.090625
0 0.328125 0.353125 0.025 0.08984375
0 0.35859375 0.34921875 0.02578125 0.08515625
0 0.553125 0.371875 0.021875 0.0859375
0 0.5328125 0.371875 0.01015625 0.090625
0 0.725 0.47265625 0.01875 0.08125
0 0.45703125 0.453125 0.02578125 0.08671875
0 0.70234375 0.47109375 0.01796875 0.084375
0 0.65703125 0.471875 0.01796875 0.09296875
0 0.6328125 0.478125 0.02265625 0.08828125
0 0.60625 0.4765625 0.0171875 0.08671875
0 0.58515625 0.4765625 0.01796875 0.08828125
0 0.56015625 0.4765625 0.021875 0.09375
0 0.5359375 0.478125 0.0140625 0.084375
0 0.9640625 0.43828125 0.02265625 0.09375
0 0.90078125 0.71640625 0.01640625 0.10078125
0 0.93671875 0.44296875 0.01640625 0.09453125
0 0.4296875 0.45234375 0.025 0.08828125
0 0.3703125 0.45546875 0.0234375 0.0875
0 0.33984375 0.68125 0.0203125 0.084375
0 0.36953125 0.678125 0.0265625 0.0875
0 0.3984375 0.6796875 0.025 0.0859375
0 0.42890625 0.66953125 0.02265625 0.096875
0 0.453125 0.66640625 0.021875 0.09609375
0 0.47578125 0.65625 0.0140625 0.0890625
0 0.49140625 0.65703125 0.0078125 0.08828125
0 0.39609375 0.4578125 0.02265625 0.08359375
0 0.31015625 0.5640625 0.02734375 0.084375
0 0.3703125 0.5625 0.01953125 0.0828125
0 0.3984375 0.55859375 0.02109375 0.0765625
0 0.42734375 0.56171875 0.02421875 0.0875
0 0.4578125 0.55859375 0.02265625 0.08203125
0 0.48671875 0.55546875 0.01796875 0.07734375
0 0.309375 0.45859375 0.0296875 0.0921875
0 0.3375 0.45859375 0.0234375 0.0921875
0 0.340625 0.5609375 0.02578125 0.08671875
0 0.31171875 0.68359375 0.02578125 0.0859375
0 0.91015625 0.4453125 0.02421875 0.08984375
0 0.85703125 0.4453125 0.02109375 0.10078125
0 0.6546875 0.24453125 0.01875 0.1015625
0 0.6328125 0.24765625 0.01796875 0.1046875
0 0.60390625 0.24765625 0.01875 0.1078125
0 0.58203125 0.24921875 0.02265625 0.1015625
0 0.5578125 0.25078125 0.01484375 0.09140625
0 0.53515625 0.253125 0.01953125 0.103125
0 0.48515625 0.2296875 0.015625 0.08515625
0 0.69140625 0.246875 0.02734375 0.1
0 0.4609375 0.2375 0.021875 0.0859375
0 0.3828125 0.2375 0.025 0.0890625
0 0.35546875 0.23671875 0.02109375 0.0921875
0 0.334375 0.2421875 0.015625 0.08203125
0 0.31796875 0.24296875 0.015625 0.075
0 0.2890625 0.246875 0.025 0.08203125
0 0.48359375 0.34375 0.01953125 0.08984375
0 0.4546875 0.34453125 0.0234375 0.0921875
0 0.4125 0.23828125 0.025 0.08828125
0 0.8828125 0.44296875 0.02109375 0.096875
0 0.721875 0.24140625 0.025 0.10859375
0 0.81640625 0.21875 0.028125 0.11015625
0 0.83359375 0.45078125 0.0203125 0.08828125
0 0.80859375 0.45 0.01875 0.0859375
0 0.7875 0.45 0.0171875 0.08828125
0 0.96484375 0.33046875 0.01953125 0.09765625
0 0.93984375 0.33359375 0.0171875 0.09375
0 0.91484375 0.3359375 0.02578125 0.09375
0 0.88828125 0.33671875 0.01015625 0.09296875
0 0.78828125 0.23515625 0.0140625 0.08671875
0 0.86875 0.33671875 0.0171875 0.0921875
0 0.80546875 0.3484375 0.02421875 0.08203125
0 0.7875 0.346875 0.00859375 0.0828125
0 0.96328125 0.21796875 0.02734375 0.10625
0 0.9328125 0.2171875 0.02734375 0.10546875
0 0.9046875 0.21953125 0.01953125 0.11015625
0 0.8765625 0.21875 0.025 0.11171875
0 0.84765625 0.2171875 0.02421875 0.11328125
0 0.83984375 0.33984375 0.02734375 0.09140625
0 0.37421875 0.78125 0.02578125 0.0875
0 0.68125 0.47421875 0.01796875 0.0921875
0 0.72421875 0.58203125 0.02421875 0.08359375
0 0.315625 0.78515625 0.028125 0.0859375
0 0.4046875 0.78046875 0.028125 0.0828125
0 0.4359375 0.77890625 0.01796875 0.08671875
0 0.4640625 0.7796875 0.01875 0.08671875
0 0.490625 0.77734375 0.0203125 0.084375
0 0.578125 0.5796875 0.0125 0.08828125
0 0.55546875 0.578125 0.0203125 0.08984375
0 0.34609375 0.7875 0.02421875 0.08359375
0 0.5375 0.57890625 0.01171875 0.090625
0 0.5546875 0.68984375 0.01875 0.06953125
0 0.72265625 0.69375 0.015625 0.0671875
0 0.68515625 0.62578125 0.0140625 0.0828125
0 0.66953125 0.625 0.0140625 0.0828125
0 0.6546875 0.6265625 0.0140625 0.0828125
0 0.6390625 0.62890625 0.0140625 0.0828125
0 0.70234375 0.6296875 0.0140625 0.0828125
0 0.6078125 0.62734375 0.0140625 0.0828125
0 0.934375 0.71484375 0.015625 0.09609375
0 0.7921875 0.66953125 0.01796875 0.084375
0 0.94921875 0.66796875 0.01484375 0.0921875
0 0.62265625 0.62734375 0.0140625 0.0828125
0 0.83125 0.55234375 0.0125 0.08125
0 0.846875 0.55703125 0.0125 0.08125
0 0.8640625 0.55546875 0.0125 0.08125
0 0.81171875 0.55703125 0.0140625 0.0828125
0 0.89609375 0.55390625 0.0125 0.08125
0 0.91171875 0.5578125 0.0125 0.08125
0 0.928125 0.55546875 0.0125 0.08125
0 0.7859375 0.5546875 0.01640625 0.0859375
0 0.95703125 0.5515625 0.02265625 0.08828125
0 0.59140625 0.6265625 0.0140625 0.0828125
0 0.878125 0.55625 0.0125 0.08125