0 0.76875 0.6953125 0.071875 0.06015625
0 0.7671875 0.6296875 0.07421875 0.0703125
0 0.70390625 0.6984375 0.0453125 0.065625
0 0.64140625 0.7015625 0.08046875 0.071875
0 0.56171875 0.7046875 0.0734375 0.06171875
0 0.0640625 0.1375 0.0640625 0.06171875
0 0.1328125 0.07265625 0.09296875 0.05390625
0 0.39765625 0.77734375 0.04921875 0.06484375
0 0.39765625 0.8359375 0.0484375 0.05390625
0 0.02265625 0.7734375 0.03828125 0.0625
0 0.0671875 0.7734375 0.05 0.06015625
0 0.115625 0.7953125 0.03671875 0.06015625
0 0.03359375 0.82890625 0.0453125 0.05078125
0 0.07734375 0.8296875 0.0421875 0.0484375
0 0.44609375 0.821875 0.05 0.06484375
0 0.49375 0.82265625 0.0453125 0.06171875
0 0.5828125 0.825 0.0453125 0.07734375
0 0.6375 0.82890625 0.0640625 0.071875
0 0.703125 0.78359375 0.06328125 0.06484375
0 0.70703125 0.8390625 0.05625 0.046875
0 0.35390625 0.78359375 0.040625 0.05859375
0 0.7703125 0.834375 0.05390625 0.0890625
0 0.43203125 0.45078125 0.0625 0.0625
0 0.50078125 0.46171875 0.07578125 0.084375
0 0.57421875 0.46328125 0.071875 0.08046875
0 0.65390625 0.459375 0.0875 0.071875
0 0.3671875 0.5328125 0.0578125 0.07578125
0 0.43359375 0.53984375 0.07578125 0.0625
0 0.503125 0.53125 0.06328125 0.0453125
0 0.57578125 0.5265625 0.07578125 0.0375
0 0.65 0.5421875 0.071875 0.0671875
0 0.7234375 0.52890625 0.07578125 0.0921875
0 0.7921875 0.51015625 0.0625 0.05390625
0 0.8515625 0.446875 0.03828125 0.07109375
0 0.9078125 0.45078125 0.05 0.0625
0 0.3625 0.45703125 0.07578125 0.05078125
0 0.35234375 0.8359375 0.04765625 0.0453125
0 0.29765625 0.82578125 0.04140625 0.06875
0 0.3140625 0.76640625 0.03359375 0.0515625
0 0.85546875 0.36328125 0.05234375 0.05546875
0 0.80859375 0.3640625 0.0390625 0.07109375
0 0.77421875 0.3640625 0.028125 0.071875
0 0.73671875 0.35234375 0.04921875 0.0953125
0 0.6890625 0.35 0.0453125 0.090625
0 0.63515625 0.3578125 0.05703125 0.09765625
0 0.58828125 0.34609375 0.03671875 0.07421875
0 0.5453125 0.3671875 0.0453125 0.07109375
0 0.5 0.365625 0.04375 0.0671875
0 0.4625 0.36640625 0.03203125 0.065625
0 0.4140625 0.365625 0.046875 0.06875
0 0.37421875 0.3671875 0.03359375 0.06796875
0 0.3328125 0.35546875 0.0453125 0.0875
0 0.29375 0.35546875 0.03359375 0.0875
0 0.22578125 0.471875 0.06484375 0.065625
0 0.15859375 0.475 0.06875 0.05859375
0 0.2328125 0.396875 0.0875 0.07890625
0 0.15546875 0.40390625 0.06875 0.0640625
0 0.29375 0.5078125 0.06875 0.1140625
0 0.22421875 0.534375 0.06484375 0.0578125
0 0.15859375 0.5390625 0.065625 0.0671875
0 0.94609375 0.6734375 0.08828125 0.0625
0 0.85 0.76484375 0.07421875 0.05078125
0 0.928125 0.7671875 0.084375 0.04921875
0 0.84765625 0.840625 0.09375 0.0625
0 0.93125 0.8421875 0.0734375 0.05859375
0 0.9859375 0.84296875 0.02734375 0.06171875
0 0.22421875 0.8109375 0.0484375 0.065625
0 0.2703125 0.75703125 0.03046875 0.03515625
0 0.9640625 0.44375 0.071875 0.084375
0 0.0484375 0.08203125 0.0640625 0.04375
0 0.85390625 0.5953125 0.084375 0.08046875
0 0.98125 0.60625 0.03671875 0.06640625
0 0.34296875 0.2390625 0.03828125 0.0875
0 0.29296875 0.23515625 0.06015625 0.0953125
0 0.21796875 0.30390625 0.0796875 0.065625
0 0.14765625 0.3015625 0.0625 0.0703125
0 0.071875 0.29765625 0.08203125 0.0640625
0 0.01640625 0.2984375 0.028125 0.0640625
0 0.98046875 0.1546875 0.03828125 0.05234375
0 0.934375 0.15625 0.05546875 0.05078125
0 0.871875 0.15859375 0.05859375 0.071875
0 0.8078125 0.13359375 0.04296875 0.07734375
0 0.771875 0.1234375 0.03515625 0.0765625
0 0.73984375 0.12578125 0.02734375 0.071875
0 0.70546875 0.13203125 0.0421875 0.0734375
0 0.38203125 0.24140625 0.0359375 0.07734375
0 0.653125 0.1375 0.0640625 0.0640625
0 0.62890625 0.0796875 0.04921875 0.01328125
0 0.49921875 0.0953125 0.03671875 0.03671875
0 0.56796875 0.13359375 0.04765625 0.06875
0 0.49921875 0.14375 0.01796875 0.0484375
0 0.471875 0.1390625 0.0375 0.05703125
0 0.4375 0.13984375 0.03203125 0.05859375
0 0.38046875 0.14375 0.08359375 0.05
0 0.290625 0.1484375 0.084375 0.05859375
0 0.21171875 0.14296875 0.07421875 0.06875
0 0.13359375 0.1390625 0.07578125 0.06015625
0 0.38125 0.0828125 0.08515625 0.05546875
0 0.29765625 0.07265625 0.084375 0.07578125
0 0.2171875 0.07734375 0.07734375 0.0640625
0 0.63125 0.09609375 0.046875 0.015625
0 0.9296875 0.6046875 0.0671875 0.0625
0 0.41875 0.23984375 0.03671875 0.07890625
0 0.5109375 0.2421875 0.0390625 0.090625
0 0.96171875 0.53828125 0.0765625 0.0765625
0 0.02265625 0.6359375 0.03828125 0.0828125
0 0.09453125 0.61875 0.0890625 0.05234375
0 0.178125 0.61171875 0.07734375 0.03671875
0 0.08125 0.703125 0.07421875 0.07734375
0 0.1484375 0.703125 0.0640625 0.0734375
0 0.21328125 0.7015625 0.0671875 0.071875
0 0.27890625 0.70546875 0.0640625 0.07734375
0 0.35546875 0.70234375 0.065625 0.0671875
0 0.284375 0.628125 0.05859375 0.07734375
0 0.3484375 0.6390625 0.06875 0.05546875
0 0.42265625 0.690625 0.0703125 0.0734375
0 0.490625 0.6890625 0.06484375 0.07734375
0 0.55859375 0.63359375 0.06875 0.07890625
0 0.4640625 0.24375 0.05390625 0.08671875
0 0.63125 0.6390625 0.07890625 0.0703125
0 0.09140625 0.52265625 0.05859375 0.09453125
0 0.07734375 0.42734375 0.0875 0.09921875
0 0.98046875 0.27109375 0.03828125 0.071875
0 0.94453125 0.27109375 0.03359375 0.071875
0 0.90078125 0.2671875 0.0484375 0.0671875
0 0.85546875 0.26328125 0.034375 0.07734375
0 0.8171875 0.2421875 0.04375 0.07890625
0 0.77109375 0.240625 0.0453125 0.07734375
0 0.73125 0.24375 0.03359375 0.0703125
0 0.6875 0.23125 0.05390625 0.08828125
0 0.6359375 0.23125 0.0484375 0.08828125
0 0.58984375 0.23125 0.0453125 0.08828125
0 0.5484375 0.23984375 0.0375 0.0734375
0 0.85546875 0.67578125 0.09296875 0.05859375
0 0.528125 0.14296875 0.03046875 0.04921875