0 0.62265625 0.8875 0.03203125 0.06328125
0 0.56171875 0.88515625 0.06953125 0.0546875
0 0.4296875 0.884375 0.11484375 0.02890625
0 0.428125 0.915625 0.1265625 0.028125
0 0.41875 0.81875 0.05390625 0.0875
0 0.4859375 0.80546875 0.05078125 0.065625
0 0.8421875 0.171875 0.159375 0.10859375
0 0.34453125 0.809375 0.04609375 0.08671875
0 0.684375 0.16328125 0.09921875 0.1015625
0 0.42421875 0.16171875 0.04765625 0.1234375
0 0.36015625 0.16875 0.05 0.10859375
0 0.29765625 0.1703125 0.0609375 0.125
0 0.23359375 0.17421875 0.04765625 0.1109375
0 0.9515625 0.1453125 0.04140625 0.04296875
0 0.28671875 0.8265625 0.03671875 0.096875
0 0.27578125 0.68671875 0.03203125 0.08046875
0 0.178125 0.82109375 0.040625 0.08515625
0 0.43828125 0.44765625 0.02890625 0.0859375
0 0.40078125 0.44296875 0.03828125 0.0921875
0 0.34140625 0.44765625 0.040625 0.0953125
0 0.2828125 0.446875 0.04765625 0.10390625
0 0.209375 0.43984375 0.0421875 0.1109375
0 0.14921875 0.4359375 0.0375 0.10546875
0 0.0765625 0.44609375 0.0609375 0.1015625
0 0.01875 0.440625 0.034375 0.1078125
0 0.03671875 0.58203125 0.06328125 0.09296875
0 0.11015625 0.5734375 0.0453125 0.0984375
0 0.17578125 0.559375 0.040625 0.10078125
0 0.2328125 0.565625 0.0515625 0.1109375
0 0.28828125 0.56171875 0.04375 0.10625
0 0.3390625 0.5609375 0.03046875 0.1046875
0 0.38359375 0.55390625 0.02578125 0.10859375
0 0.43828125 0.55078125 0.03828125 0.109375
0 0.50234375 0.546875 0.0453125 0.1046875
0 0.121875 0.82890625 0.03359375 0.08671875
0 0.07265625 0.8453125 0.040625 0.08828125
0 0.8375 0.49453125 0.025 0.06484375
0 0.521875 0.6875 0.04140625 0.0859375
0 0.471875 0.68203125 0.03515625 0.08828125
0 0.41953125 0.6828125 0.04296875 0.07421875
0 0.23359375 0.83046875 0.03359375 0.09765625
0 0.36796875 0.6875 0.05078125 0.07421875
0 0.1703125 0.1671875 0.046875 0.1140625
0 0.22578125 0.69296875 0.028125 0.0859375
0 0.18203125 0.68984375 0.03984375 0.08359375
0 0.1265625 0.69609375 0.03515625 0.0890625
0 0.0796875 0.69296875 0.02109375 0.08671875
0 0.028125 0.6984375 0.053125 0.07890625
0 0.3203125 0.6875 0.03515625 0.08203125
0 0.11328125 0.159375 0.046875 0.11796875
0 0.80859375 0.49609375 0.028125 0.06640625
0 0.0484375 0.31171875 0.03671875 0.10703125
0 0.6140625 0.678125 0.09609375 0.0109375
0 0.6078125 0.659375 0.0875 0.01484375
0 0.61875 0.69609375 0.1 0.0140625
0 0.62265625 0.715625 0.1015625 0.01640625
0 0.60703125 0.77265625 0.04296875 0.05078125
0 0.6578125 0.77890625 0.0359375 0.04453125
0 0.7046875 0.79453125 0.0421875 0.05390625
0 0.75078125 0.790625 0.03671875 0.05234375
0 0.83828125 0.809375 0.12421875 0.01796875
0 0.83671875 0.7890625 0.1234375 0.01640625
0 0.83671875 0.76875 0.121875 0.01484375
0 0.73125 0.67265625 0.10703125 0.01796875
0 0.95390625 0.765625 0.0890625 0.021875
0 0.94375 0.80625 0.07890625 0.01796875
0 0.8625 0.8984375 0.10234375 0.021875
0 0.934375 0.884375 0.02734375 0.0421875
0 0.9578125 0.88125 0.021875 0.0421875
0 0.9875 0.875 0.025 0.04453125
0 0.85859375 0.86875 0.10546875 0.02421875
0 0.715625 0.89609375 0.13984375 0.0359375
0 0.71484375 0.86015625 0.1375 0.03515625
0 0.86484375 0.49453125 0.02578125 0.05625
0 0.9 0.49453125 0.03046875 0.0671875
0 0.95234375 0.49375 0.04296875 0.0703125
0 0.95078125 0.784375 0.08828125 0.01796875
0 0.628125 0.37734375 0.140625 0.015625
0 0.728125 0.69453125 0.10625 0.0140625
0 0.8 0.68984375 0.028125 0.06328125
0 0.72421875 0.4796875 0.10859375 0.01484375
0 0.72890625 0.49921875 0.1078125 0.01640625
0 0.72890625 0.51875 0.11015625 0.01484375
0 0.61484375 0.5203125 0.1046875 0.015625
0 0.0390625 0.1671875 0.06171875 0.1125
0 0.60859375 0.4828125 0.1 0.0140625
0 0.6265625 0.56328125 0.11875 0.0140625
0 0.62734375 0.5828125 0.1171875 0.0171875
0 0.62734375 0.5984375 0.11796875 0.01328125
0 0.62734375 0.6203125 0.11640625 0.0171875
0 0.74609375 0.61640625 0.10859375 0.01484375
0 0.728125 0.715625 0.10625 0.015625
0 0.74609375 0.59375 0.10390625 0.01796875
0 0.85546875 0.58984375 0.028125 0.059375
0 0.8875 0.5890625 0.02109375 0.06015625
0 0.91171875 0.59296875 0.0265625 0.0625
0 0.946875 0.58984375 0.03203125 0.0578125
0 0.98359375 0.58515625 0.0296875 0.05546875
0 0.9765625 0.6890625 0.0203125 0.040625
0 0.94921875 0.69140625 0.0296875 0.04609375
0 0.92109375 0.6953125 0.01875 0.04375
0 0.89140625 0.68671875 0.0234375 0.0671875
0 0.8625 0.68828125 0.02109375 0.0671875
0 0.83046875 0.6859375 0.02734375 0.0625
0 0.82578125 0.59140625 0.0234375 0.0625
0 0.628125 0.3953125 0.14375 0.0171875
0 0.6125 0.50234375 0.09921875 0.01328125
0 0.6265625 0.4296875 0.13515625 0.01875
0 0.63359375 0.409375 0.13984375 0.0125
0 0.09453125 0.3125 0.0421875 0.11171875
0 0.16015625 0.3125 0.04765625 0.1109375
0 0.22734375 0.31484375 0.0296875 0.10390625
0 0.26640625 0.32109375 0.03515625 0.103125
0 0.32109375 0.31796875 0.03828125 0.11015625
0 0.3875 0.3140625 0.03359375 0.1
0 0.4453125 0.3109375 0.0359375 0.109375
0 0.49765625 0.30859375 0.03671875 0.11015625
0 0.59765625 0.2875 0.06171875 0.0796875
0 0.67734375 0.2875 0.08515625 0.0796875
0 0.7625 0.2796875 0.04375 0.0671875
0 0.02890625 0.81953125 0.04609375 0.0671875
0 0.9 0.2796875 0.046875 0.05234375
0 0.83671875 0.27578125 0.04453125 0.05078125
0 0.7578125 0.425 0.1046875 0.01796875
0 0.75703125 0.40546875 0.109375 0.01328125
0 0.759375 0.3859375 0.11328125 0.0203125
0 0.8359375 0.3984375 0.02265625 0.06171875
0 0.86484375 0.39921875 0.02421875 0.0640625
0 0.89453125 0.396875 0.03046875 0.05859375
0 0.92578125 0.3984375 0.0265625 0.06640625
0 0.76328125 0.36328125 0.1125 0.0171875
0 0.975 0.27890625 0.05 0.075
0 0.96328125 0.39609375 0.0375 0.0734375