0 0.06875 0.6609375 0.046875 0.0859375
0 0.22421875 0.50078125 0.034375 0.06484375
0 0.0140625 0.5515625 0.028125 0.09609375
0 0.02109375 0.66875 0.04140625 0.084375
0 0.06015625 0.55078125 0.05703125 0.09765625
0 0.0109375 0.434375 0.021875 0.10390625
0 0.053125 0.4328125 0.05625 0.10078125
0 0.0421875 0.30703125 0.05390625 0.10390625
0 0.03515625 0.1734375 0.0578125 0.096875
0 0.02890625 0.04453125 0.05625 0.0890625
0 0.19453125 0.7828125 0.03671875 0.0609375
0 0.47109375 0.67109375 0.0359375 0.07265625
0 0.396875 0.678125 0.0359375 0.07265625
0 0.35703125 0.68125 0.03515625 0.07265625
0 0.32109375 0.68515625 0.03515625 0.07265625
0 0.28046875 0.68828125 0.04140625 0.07421875
0 0.2375 0.68984375 0.0390625 0.08046875
0 0.17890625 0.50234375 0.034375 0.06484375
0 0.1953125 0.69296875 0.0390625 0.08046875
0 0.446875 0.5765625 0.034375 0.05859375
0 0.4140625 0.578125 0.0296875 0.0578125
0 0.3796875 0.58203125 0.034375 0.0625
0 0.34140625 0.584375 0.0375 0.0671875
0 0.26640625 0.59140625 0.0375 0.0671875
0 0.22421875 0.59453125 0.03671875 0.06796875
0 0.18515625 0.59609375 0.034375 0.0671875
0 0.48046875 0.4890625 0.0328125 0.059375
0 0.4453125 0.490625 0.034375 0.06484375
0 0.41015625 0.4921875 0.03359375 0.0625
0 0.375 0.49609375 0.034375 0.06484375
0 0.3359375 0.49609375 0.0375 0.06484375
0 0.296875 0.49921875 0.034375 0.06484375
0 0.26015625 0.49921875 0.034375 0.06484375
0 0.48515625 0.57421875 0.034375 0.05859375
0 0.4328125 0.6734375 0.0359375 0.07265625
0 0.98671875 0.5984375 0.0265625 0.06875
0 0.03515625 0.79140625 0.046875 0.0890625
0 0.80625 0.53984375 0.0265625 0.05234375
0 0.834375 0.53671875 0.0265625 0.05234375
0 0.6046875 0.634375 0.01875 0.05625
0 0.628125 0.63203125 0.02578125 0.05390625
0 0.65859375 0.63046875 0.02578125 0.05390625
0 0.6890625 0.62734375 0.02578125 0.05390625
0 0.71640625 0.62421875 0.02578125 0.05390625
0 0.7453125 0.6203125 0.02578125 0.05390625
0 0.77890625 0.53984375 0.0265625 0.05234375
0 0.77265625 0.61796875 0.02578125 0.05390625
0 0.8265625 0.6140625 0.02578125 0.05390625
0 0.6078125 0.71484375 0.028125 0.07109375
0 0.63828125 0.71015625 0.028125 0.07109375
0 0.66796875 0.70546875 0.028125 0.07109375
0 0.7 0.70390625 0.0296875 0.06953125
0 0.73203125 0.7 0.0296875 0.06953125
0 0.76171875 0.696875 0.025 0.06875
0 0.79296875 0.69453125 0.02734375 0.0703125
0 0.8 0.61640625 0.02578125 0.05390625
0 0.7515625 0.5421875 0.0265625 0.05234375
0 0.72109375 0.54375 0.03125 0.05234375
0 0.69140625 0.54609375 0.02734375 0.05546875
0 0.78359375 0.37265625 0.0265625 0.0609375
0 0.81171875 0.37265625 0.02578125 0.0609375
0 0.840625 0.36953125 0.028125 0.065625
0 0.6171875 0.46953125 0.02421875 0.05625
0 0.64375 0.46796875 0.025 0.05703125
0 0.68671875 0.471875 0.0265625 0.046875
0 0.71484375 0.471875 0.0234375 0.0484375
0 0.69375 0.37578125 0.02890625 0.06328125
0 0.6625 0.37578125 0.02890625 0.06328125
0 0.6328125 0.3765625 0.028125 0.06640625
0 0.6296875 0.2734375 0.025 0.0625
0 0.73828125 0.46796875 0.02109375 0.0484375
0 0.76484375 0.46796875 0.02421875 0.04765625
0 0.79140625 0.46484375 0.025 0.05703125
0 0.81796875 0.46171875 0.025 0.05703125
0 0.84453125 0.4609375 0.025 0.05390625
0 0.609375 0.553125 0.01953125 0.05546875
0 0.634375 0.55078125 0.028125 0.05625
0 0.66328125 0.55 0.02578125 0.05546875
0 0.821875 0.69140625 0.02734375 0.0703125
0 0.98046875 0.2296875 0.02734375 0.08359375
0 0.96953125 0.3328125 0.0296875 0.0765625
0 0.99296875 0.3328125 0.0140625 0.075
0 0.725 0.18515625 0.02578125 0.0609375
0 0.69609375 0.18125 0.02578125 0.0609375
0 0.66875 0.18125 0.02578125 0.0609375
0 0.63828125 0.18203125 0.02578125 0.0609375
0 0.865625 0.11015625 0.0234375 0.04921875
0 0.8421875 0.10859375 0.01953125 0.05078125
0 0.8171875 0.10546875 0.02265625 0.0484375
0 0.79140625 0.10234375 0.02265625 0.05
0 0.7671875 0.1 0.02109375 0.053125
0 0.74375 0.09765625 0.0203125 0.0515625
0 0.71953125 0.096875 0.02265625 0.05234375
0 0.69609375 0.09453125 0.0203125 0.05234375
0 0.65625 0.090625 0.0515625 0.06015625
0 0.4703125 0.74609375 0.03671875 0.0515625
0 0.396875 0.75546875 0.03671875 0.0515625
0 0.3578125 0.76015625 0.0375 0.0515625
0 0.31953125 0.76640625 0.03671875 0.0515625
0 0.27890625 0.77265625 0.04140625 0.0515625
0 0.23515625 0.775 0.0359375 0.06015625
0 0.75390625 0.1875 0.02578125 0.0609375
0 0.0828125 0.7828125 0.03828125 0.0828125
0 0.7796875 0.1890625 0.0234375 0.05859375
0 0.82890625 0.19296875 0.025 0.05546875
0 0.95390625 0.4328125 0.02734375 0.07109375
0 0.9828125 0.43359375 0.02578125 0.06953125
0 0.990625 0.51796875 0.01796875 0.06953125
0 0.96875 0.51875 0.02421875 0.06875
0 0.9421875 0.52109375 0.02421875 0.07109375
0 0.93359375 0.60703125 0.0234375 0.06640625
0 0.9609375 0.603125 0.02578125 0.06875
0 0.92578125 0.6875 0.025 0.046875
0 0.95234375 0.6796875 0.02421875 0.053125
0 0.978125 0.6765625 0.021875 0.05078125
0 0.659375 0.27421875 0.0265625 0.06171875
0 0.6890625 0.27578125 0.02734375 0.06171875
0 0.71875 0.27578125 0.02734375 0.0609375
0 0.746875 0.27578125 0.02734375 0.06171875
0 0.778125 0.275 0.02734375 0.06171875
0 0.8078125 0.27421875 0.02734375 0.06171875
0 0.8359375 0.275 0.02734375 0.06171875
0 0.86171875 0.275 0.02265625 0.0609375
0 0.8578125 0.19453125 0.025 0.05546875
0 0.803125 0.190625 0.0234375 0.05859375
0 0.48125 0.3984375 0.03203125 0.0625
0 0.725 0.37109375 0.02890625 0.0703125
0 0.4125 0.39765625 0.03359375 0.0640625
0 0.26328125 0.303125 0.03984375 0.07265625
0 0.4453125 0.39921875 0.03203125 0.0625
0 0.7546875 0.3703125 0.0265625 0.06640625
0 0.2203125 0.3046875 0.0421875 0.07421875
0 0.17578125 0.303125 0.0421875 0.07421875
0 0.49375 0.20703125 0.040625 0.06875
0 0.4171875 0.20390625 0.03671875 0.07421875
0 0.3796875 0.20234375 0.0359375 0.07421875
0 0.3375 0.20234375 0.03984375 0.07578125
0 0.2953125 0.19765625 0.03984375 0.07578125
0 0.2515625 0.196875 0.03984375 0.07578125
0 0.2109375 0.19453125 0.03984375 0.07578125
0 0.1609375 0.1953125 0.0390625 0.075
0 0.490625 0.1 0.03828125 0.08515625
0 0.4484375 0.096875 0.0390625 0.08515625
0 0.4078125 0.09140625 0.03828125 0.08515625
0 0.36640625 0.0890625 0.03828125 0.090625
0 0.32265625 0.084375 0.04375 0.090625
0 0.27421875 0.0828125 0.0484375 0.090625
0 0.225 0.08046875 0.0484375 0.0953125
0 0.175 0.075 0.04765625 0.1
0 0.30390625 0.303125 0.03515625 0.07109375
0 0.33984375 0.30546875 0.03515625 0.07109375
0 0.45390625 0.20625 0.034375 0.06953125
0 0.415625 0.30625 0.03125 0.065625
0 0.375 0.40078125 0.03359375 0.0640625
0 0.340625 0.4 0.03359375 0.0640625
0 0.38046875 0.30625 0.03515625 0.07109375
0 0.26015625 0.40390625 0.03671875 0.0671875
0 0.21796875 0.40234375 0.03671875 0.0671875
0 0.1765625 0.40546875 0.03671875 0.0671875
0 0.4875 0.30390625 0.0390625 0.065625
0 0.3 0.403125 0.03671875 0.0671875
0 0.45 0.30546875 0.03125 0.065625