0 0.24140625 0.790625 0.040625 0.01953125
0 0.2859375 0.796875 0.03671875 0.0203125
0 0.328125 0.80234375 0.03828125 0.0203125
0 0.37578125 0.80703125 0.040625 0.028125
0 0.42265625 0.7859375 0.0375 0.0625
0 0.46484375 0.7953125 0.03515625 0.0640625
0 0.68984375 0.821875 0.04296875 0.059375
0 0.578125 0.8078125 0.05390625 0.06015625
0 0.6375 0.81640625 0.0453125 0.06015625
0 0.74921875 0.828125 0.05390625 0.0640625
0 0.8078125 0.83515625 0.05859375 0.0625
0 0.859375 0.84921875 0.03359375 0.05078125
0 0.203125 0.7765625 0.0296875 0.0375
0 0.515625 0.8046875 0.05703125 0.05390625
0 0.175 0.77890625 0.02265625 0.0328125
0 0.446875 0.5921875 0.0390625 0.06171875
0 0.0921875 0.75625 0.03359375 0.05625
0 0.3109375 0.96171875 0.02421875 0.07421875
0 0.33671875 0.96171875 0.01953125 0.06875
0 0.3703125 0.96875 0.03203125 0.05625
0 0.40546875 0.96875 0.034375 0.0546875
0 0.44453125 0.9703125 0.0375 0.0515625
0 0.48515625 0.97421875 0.03515625 0.04609375
0 0.98203125 0.8609375 0.0359375 0.059375
0 0.05078125 0.33984375 0.0546875 0.0453125
0 0.1125 0.33515625 0.05703125 0.0546875
0 0.178125 0.33125 0.065625 0.05
0 0.25390625 0.328125 0.06953125 0.05546875
0 0.32578125 0.32734375 0.065625 0.0625
0 0.403125 0.3234375 0.08515625 0.059375
0 0.27265625 0.95625 0.0421875 0.0828125
0 0.48203125 0.3171875 0.06171875 0.0609375
0 0.68515625 0.3 0.034375 0.05390625
0 0.725 0.29765625 0.03671875 0.05390625
0 0.76640625 0.29765625 0.03828125 0.05625
0 0.82578125 0.29375 0.06640625 0.0609375
0 0.9125 0.290625 0.0703125 0.06328125
0 0.9828125 0.278125 0.03203125 0.05546875
0 0.02109375 0.41484375 0.0421875 0.0421875
0 0.075 0.41328125 0.0609375 0.0421875
0 0.13671875 0.41171875 0.05546875 0.04375
0 0.1953125 0.40703125 0.04921875 0.0453125
0 0.2515625 0.40703125 0.05078125 0.0453125
0 0.31171875 0.40546875 0.059375 0.04375
0 0.371875 0.40625 0.05703125 0.0453125
0 0.5515625 0.31328125 0.0671875 0.0578125
0 0.234375 0.9546875 0.0234375 0.0765625
0 0.20625 0.95234375 0.02109375 0.0734375
0 0.17578125 0.94921875 0.02734375 0.0640625
0 0.9 0.8515625 0.03203125 0.05234375
0 0.0265625 0.8203125 0.03203125 0.01875
0 0.02109375 0.84140625 0.03203125 0.015625
0 0.06640625 0.825 0.03984375 0.01953125
0 0.06015625 0.8453125 0.03046875 0.0171875
0 0.096875 0.85234375 0.03203125 0.0203125
0 0.13359375 0.846875 0.03046875 0.0359375
0 0.1796875 0.84921875 0.046875 0.0390625
0 0.23828125 0.85859375 0.04921875 0.0421875
0 0.28828125 0.86484375 0.0375 0.040625
0 0.3375 0.8703125 0.03828125 0.03515625
0 0.38515625 0.8765625 0.04765625 0.03828125
0 0.43671875 0.884375 0.04609375 0.0453125
0 0.49453125 0.8953125 0.04765625 0.04453125
0 0.55234375 0.90234375 0.05546875 0.04453125
0 0.6125 0.91328125 0.0578125 0.04375
0 0.67109375 0.9203125 0.04921875 0.0453125
0 0.740625 0.915625 0.06875 0.0234375
0 0.74375 0.94453125 0.0640625 0.025
0 0.81328125 0.9296875 0.06640625 0.021875
0 0.815625 0.95625 0.07265625 0.0234375
0 0.896875 0.96171875 0.06796875 0.04375
0 0.9703125 0.975 0.05703125 0.046875
0 0.0109375 0.91015625 0.02109375 0.075
0 0.03828125 0.91328125 0.0296875 0.0765625
0 0.06953125 0.91875 0.03046875 0.08125
0 0.1015625 0.92890625 0.02890625 0.075
0 0.1296875 0.9328125 0.02578125 0.078125
0 0.153125 0.9484375 0.01484375 0.06328125
0 0.43828125 0.40234375 0.06484375 0.04453125
0 0.1375 0.76328125 0.0421875 0.05546875
0 0.5046875 0.4 0.05703125 0.046875
0 0.64375 0.3921875 0.0625 0.05625
0 0.6875 0.5953125 0.04453125 0.0859375
0 0.7421875 0.60234375 0.05078125 0.08125
0 0.7984375 0.6 0.0484375 0.08046875
0 0.85546875 0.60390625 0.04765625 0.075
0 0.975 0.6109375 0.04921875 0.0765625
0 0.90234375 0.6265625 0.03671875 0.08984375
0 0.94453125 0.6890625 0.034375 0.0578125
0 0.0234375 0.66640625 0.03984375 0.0625
0 0.06015625 0.6671875 0.03046875 0.06015625
0 0.10078125 0.66875 0.04296875 0.05859375
0 0.1640625 0.66875 0.03828125 0.0640625
0 0.20703125 0.6734375 0.03984375 0.0703125
0 0.26015625 0.6734375 0.05703125 0.0703125
0 0.6328125 0.59296875 0.0546875 0.08125
0 0.3078125 0.6796875 0.03359375 0.0640625
0 0.38671875 0.6859375 0.03046875 0.0609375
0 0.44453125 0.6890625 0.0765625 0.0765625
0 0.5171875 0.69375 0.05703125 0.07421875
0 0.58828125 0.6984375 0.07578125 0.0859375
0 0.65703125 0.70234375 0.05546875 0.078125
0 0.71328125 0.715625 0.0359375 0.06015625
0 0.75390625 0.71796875 0.03828125 0.0625
0 0.796875 0.7234375 0.03828125 0.06171875
0 0.84140625 0.73125 0.04453125 0.07109375
0 0.89375 0.728125 0.0453125 0.06953125
0 0.95078125 0.746875 0.05546875 0.04375
0 0.01484375 0.753125 0.02890625 0.04375
0 0.05234375 0.75546875 0.03359375 0.040625
0 0.34765625 0.68515625 0.04140625 0.06640625
0 0.58125 0.59375 0.0453125 0.071875
0 0.5375 0.590625 0.03984375 0.071875
0 0.4921875 0.5859375 0.04296875 0.075
0 0.728125 0.3890625 0.07578125 0.059375
0 0.81015625 0.38515625 0.08203125 0.0546875
0 0.89765625 0.3859375 0.0703125 0.05390625
0 0.96953125 0.3859375 0.06015625 0.0546875
0 0.04140625 0.496875 0.06796875 0.0421875
0 0.1125 0.4953125 0.06015625 0.040625
0 0.16796875 0.496875 0.04140625 0.0390625
0 0.2875 0.49296875 0.0609375 0.04609375
0 0.35703125 0.4953125 0.06328125 0.046875
0 0.425 0.496875 0.0625 0.0390625
0 0.49921875 0.4984375 0.07109375 0.0453125
0 0.56953125 0.49375 0.06015625 0.065625
0 0.63828125 0.4953125 0.06171875 0.06484375
0 0.69453125 0.49375 0.0453125 0.071875
0 0.74140625 0.490625 0.0375 0.06640625
0 0.7875 0.484375 0.04296875 0.075
0 0.834375 0.48515625 0.040625 0.07578125
0 0.9796875 0.4953125 0.040625 0.0765625
0 0.01484375 0.575 0.0296875 0.0578125
0 0.05078125 0.5890625 0.02890625 0.0453125
0 0.08203125 0.578125 0.028125 0.0609375
0 0.11875 0.584375 0.03203125 0.05546875
0 0.15546875 0.5828125 0.03125 0.0546875
0 0.19453125 0.57734375 0.03203125 0.071875
0 0.23359375 0.58046875 0.04375 0.0734375
0 0.275 0.584375 0.03671875 0.06484375
0 0.31484375 0.58359375 0.03359375 0.0671875
0 0.35625 0.5828125 0.04140625 0.06875
0 0.40078125 0.58125 0.040625 0.08125
0 0.57421875 0.39609375 0.06796875 0.05703125
0 0.2203125 0.49609375 0.0453125 0.0390625
0 0.940625 0.8609375 0.04453125 0.0515625