0 0.86953125 0.1015625 0.0453125 0.0703125
0 0.9171875 0.10078125 0.04609375 0.0703125
0 0.96484375 0.1015625 0.04609375 0.06640625
0 0.86484375 0.225 0.03828125 0.06875
0 0.9 0.22109375 0.028125 0.07265625
0 0.82109375 0.221875 0.04296875 0.07265625
0 0.775 0.22421875 0.04296875 0.071875
0 0.02109375 0.0984375 0.0421875 0.08125
0 0.953125 0.25234375 0.0734375 0.20234375
0 0.071875 0.09921875 0.0515625 0.0828125
0 0.5859375 0.1015625 0.04609375 0.07109375
0 0.1828125 0.0984375 0.05390625 0.0796875
0 0.2359375 0.0984375 0.05 0.078125
0 0.28828125 0.0984375 0.05078125 0.078125
0 0.390625 0.1015625 0.04921875 0.07578125
0 0.44140625 0.10078125 0.04765625 0.0765625
0 0.4890625 0.1 0.04453125 0.07734375
0 0.5375 0.10234375 0.04609375 0.071875
0 0.728125 0.22265625 0.04296875 0.078125
0 0.63359375 0.1 0.04453125 0.0765625
0 0.68203125 0.0984375 0.05 0.07578125
0 0.73125 0.10234375 0.04609375 0.071875
0 0.125 0.0984375 0.0515625 0.0828125
0 0.68203125 0.2265625 0.040625 0.0703125
0 0.22109375 0.22890625 0.03671875 0.07421875
0 0.59375 0.225 0.0421875 0.0765625
0 0.58359375 0.33671875 0.04375 0.0875
0 0.53828125 0.3390625 0.04453125 0.0859375
0 0.49296875 0.3375 0.04140625 0.08984375
0 0.446875 0.3390625 0.04765625 0.084375
0 0.39765625 0.33984375 0.04765625 0.084375
0 0.30078125 0.34140625 0.04609375 0.0859375
0 0.25 0.34140625 0.053125 0.0890625
0 0.2 0.340625 0.0453125 0.0890625
0 0.14375 0.3453125 0.0515625 0.09140625
0 0.09375 0.34765625 0.046875 0.084375
0 0.63671875 0.22578125 0.04296875 0.0703125
0 0.0484375 0.35 0.04140625 0.0859375
0 0.05859375 0.23203125 0.03984375 0.078125
0 0.1203125 0.228125 0.07734375 0.07890625
0 0.18125 0.2296875 0.03671875 0.075
0 0.2625 0.2296875 0.03828125 0.075
0 0.3171875 0.228125 0.04296875 0.0703125
0 0.37578125 0.2265625 0.03828125 0.07421875
0 0.41640625 0.22734375 0.03671875 0.0734375
0 0.45390625 0.228125 0.03515625 0.0703125
0 0.496875 0.225 0.046875 0.0765625
0 0.54453125 0.2234375 0.04296875 0.07890625
0 0.02109375 0.23203125 0.0296875 0.0765625
0 0.34921875 0.3421875 0.04609375 0.0828125
0 0.89296875 0.45625 0.04375 0.05625
0 0.67734375 0.3359375 0.04609375 0.0859375
0 0.23125 0.5765625 0.04296875 0.0625
0 0.27734375 0.5734375 0.04375 0.0625
0 0.321875 0.57109375 0.04296875 0.0640625
0 0.3671875 0.5703125 0.04296875 0.0640625
0 0.41171875 0.5703125 0.04296875 0.0640625
0 0.45546875 0.56953125 0.03984375 0.059375
0 0.49765625 0.56484375 0.04140625 0.0671875
0 0.540625 0.565625 0.04140625 0.0671875
0 0.5828125 0.5640625 0.040625 0.0671875
0 0.62578125 0.5625 0.04296875 0.06796875
0 0.671875 0.5625 0.03828125 0.06640625
0 0.1875 0.5765625 0.04140625 0.065625
0 0.71484375 0.56171875 0.04375 0.065625
0 0.8 0.559375 0.04140625 0.065625
0 0.84296875 0.55625 0.040625 0.0734375
0 0.8859375 0.559375 0.03984375 0.06875
0 0.9296875 0.55625 0.04296875 0.0734375
0 0.97578125 0.55390625 0.0484375 0.0828125
0 0.96796875 0.6578125 0.05234375 0.08203125
0 0.925 0.6578125 0.02734375 0.0640625
0 0.8921875 0.659375 0.03203125 0.0625
0 0.853125 0.66171875 0.0375 0.05625
0 0.8140625 0.66484375 0.03515625 0.053125
0 0.771875 0.66171875 0.04140625 0.06171875
0 0.7578125 0.55859375 0.0390625 0.06875
0 0.72734375 0.6640625 0.03984375 0.06015625
0 0.1421875 0.58046875 0.04296875 0.0640625
0 0.05625 0.5828125 0.03828125 0.0625
0 0.84765625 0.45234375 0.04453125 0.06796875
0 0.80234375 0.453125 0.04375 0.06640625
0 0.75625 0.4546875 0.04296875 0.0703125
0 0.7125 0.45625 0.04296875 0.0640625
0 0.66953125 0.45703125 0.03828125 0.065625
0 0.6265625 0.45625 0.0421875 0.06875
0 0.58203125 0.45625 0.04140625 0.0703125
0 0.5375 0.4578125 0.040625 0.06953125
0 0.49375 0.4609375 0.04296875 0.06640625
0 0.44765625 0.46015625 0.04765625 0.07109375
0 0.55703125 0.6671875 0.03984375 0.06328125
0 0.09921875 0.58203125 0.04140625 0.0640625
0 0.59765625 0.665625 0.03203125 0.0625
0 0.6828125 0.66484375 0.04453125 0.06328125
0 0.39921875 0.46171875 0.04453125 0.07421875
0 0.35078125 0.46328125 0.04375 0.071875
0 0.303125 0.4625 0.04765625 0.0703125
0 0.24296875 0.465625 0.05078125 0.06796875
0 0.2 0.46328125 0.03203125 0.075
0 0.15703125 0.465625 0.0453125 0.071875
0 0.1109375 0.4671875 0.0421875 0.07265625
0 0.0609375 0.46875 0.0484375 0.07109375
0 0.0171875 0.47109375 0.034375 0.0734375
0 0.01796875 0.58125 0.03515625 0.0671875
0 0.6375 0.66640625 0.04296875 0.0609375
0 0.63125 0.33671875 0.04375 0.0859375
0 0.825 0.103125 0.04140625 0.0703125
0 0.884375 0.7796875 0.03203125 0.05859375
0 0.17421875 0.815625 0.0375 0.05234375
0 0.21484375 0.8125 0.034375 0.05078125
0 0.25078125 0.81171875 0.03515625 0.046875
0 0.28515625 0.81171875 0.03046875 0.046875
0 0.31953125 0.7921875 0.0328125 0.08359375
0 0.353125 0.7890625 0.02734375 0.08203125
0 0.38984375 0.79375 0.04140625 0.071875
0 0.43515625 0.79375 0.04453125 0.07265625
0 0.1328125 0.81640625 0.03671875 0.0515625
0 0.48125 0.7921875 0.04453125 0.06953125
0 0.5671875 0.78984375 0.0421875 0.065625
0 0.7796875 0.1015625 0.04609375 0.0703125
0 0.60859375 0.7859375 0.0359375 0.07109375
0 0.64765625 0.790625 0.03515625 0.0609375
0 0.6859375 0.78984375 0.0359375 0.0625
0 0.721875 0.78828125 0.0359375 0.0609375
0 0.759375 0.7859375 0.0328125 0.065625
0 0.96640625 0.7765625 0.05234375 0.065625
0 0.52578125 0.79140625 0.0390625 0.065625
0 0.09140625 0.81953125 0.04140625 0.05
0 0.04921875 0.82265625 0.0390625 0.04765625
0 0.0125 0.82421875 0.025 0.046875
0 0.7234375 0.3359375 0.0421875 0.084375
0 0.76875 0.334375 0.040625 0.0828125
0 0.81171875 0.3328125 0.04140625 0.084375
0 0.85546875 0.3328125 0.04140625 0.084375
0 0.8953125 0.3375 0.03515625 0.071875
0 0.97890625 0.440625 0.04140625 0.08203125
0 0.93671875 0.45546875 0.040625 0.0546875
0 0.5171875 0.67421875 0.03671875 0.053125
0 0.4703125 0.6765625 0.04609375 0.05
0 0.42578125 0.67890625 0.03984375 0.05
0 0.38359375 0.67890625 0.03828125 0.053125
0 0.3390625 0.6828125 0.04765625 0.05234375
0 0.2921875 0.684375 0.04140625 0.05
0 0.24765625 0.68671875 0.04375 0.04765625
0 0.20234375 0.6796875 0.03984375 0.0671875
0 0.1578125 0.68359375 0.04609375 0.0671875
0 0.109375 0.684375 0.04296875 0.0640625
0 0.06640625 0.68671875 0.03984375 0.065625
0 0.02578125 0.68828125 0.03671875 0.0625
0 0.8453125 0.78125 0.03828125 0.0578125
0 0.9203125 0.7796875 0.03671875 0.05859375