0 0.52421875 0.70625 0.0375 0.06015625
0 0.4890625 0.7125 0.025 0.0578125
0 0.41484375 0.740625 0.040625 0.0640625
0 0.5578125 0.69453125 0.025 0.0578125
0 0.36875 0.75078125 0.046875 0.0671875
0 0.45625 0.725 0.03984375 0.05859375
0 0.5890625 0.68515625 0.03046875 0.05625
0 0.0328125 0.9703125 0.06171875 0.059375
0 0.6390625 0.66875 0.021875 0.053125
0 0.671875 0.66015625 0.0359375 0.046875
0 0.7046875 0.6453125 0.03203125 0.04375
0 0.7359375 0.63984375 0.0203125 0.046875
0 0.08984375 0.95390625 0.04453125 0.0734375
0 0.14921875 0.928125 0.06796875 0.071875
0 0.328125 0.76640625 0.03203125 0.075
0 0.61484375 0.675 0.02421875 0.0515625
0 0.284375 0.7828125 0.05078125 0.075
0 0.1171875 0.728125 0.0515625 0.0828125
0 0.178125 0.815625 0.04609375 0.0734375
0 0.68515625 0.515625 0.01796875 0.046875
0 0.659375 0.51953125 0.02421875 0.05078125
0 0.62890625 0.528125 0.01953125 0.05859375
0 0.6046875 0.5328125 0.01953125 0.0578125
0 0.575 0.5375 0.02890625 0.06015625
0 0.54765625 0.540625 0.02109375 0.0609375
0 0.5203125 0.546875 0.0359375 0.0625
0 0.4765625 0.5515625 0.02890625 0.0578125
0 0.44140625 0.55625 0.03203125 0.06015625
0 0.40546875 0.5625 0.03671875 0.06328125
0 0.365625 0.57265625 0.04296875 0.07109375
0 0.31640625 0.58046875 0.04453125 0.071875
0 0.2703125 0.5859375 0.04765625 0.0734375
0 0.22109375 0.59765625 0.05234375 0.078125
0 0.165625 0.60859375 0.04609375 0.0734375
0 0.70546875 0.5109375 0.02578125 0.0484375
0 0.23203125 0.7953125 0.0546875 0.084375
0 0.7296875 0.5109375 0.01796875 0.04765625
0 0.1703125 0.715625 0.05 0.08125
0 0.12265625 0.83359375 0.05078125 0.06875
0 0.065625 0.853125 0.0546875 0.06875
0 0.72578125 0.58359375 0.02265625 0.03125
0 0.69453125 0.5890625 0.03984375 0.0328125
0 0.65234375 0.596875 0.03828125 0.03828125
0 0.61484375 0.603125 0.025 0.0546875
0 0.58515625 0.60703125 0.02578125 0.053125
0 0.55546875 0.61953125 0.03046875 0.05625
0 0.51875 0.625 0.03671875 0.0578125
0 0.4765625 0.6375 0.04765625 0.05625
0 0.4171875 0.6515625 0.04140625 0.065625
0 0.37109375 0.6640625 0.04765625 0.06875
0 0.32421875 0.67421875 0.04140625 0.06796875
0 0.2796875 0.6890625 0.0453125 0.07421875
0 0.22578125 0.7 0.0546875 0.08125
0 0.05703125 0.740625 0.06328125 0.0796875
0 0.20390625 0.90625 0.03671875 0.059375
0 0.1453125 0.103125 0.08203125 0.1390625
0 0.6359375 0.740625 0.02421875 0.04765625
0 0.62578125 0.37109375 0.02421875 0.0609375
0 0.5984375 0.37578125 0.02734375 0.05625
0 0.5671875 0.3734375 0.02890625 0.0640625
0 0.52890625 0.371875 0.04140625 0.06328125
0 0.73046875 0.70625 0.01875 0.0484375
0 0.7078125 0.7125 0.02421875 0.0515625
0 0.68203125 0.71953125 0.02421875 0.05078125
0 0.65859375 0.72890625 0.021875 0.0453125
0 0.60546875 0.75234375 0.034375 0.046875
0 0.57421875 0.765625 0.02890625 0.0515625
0 0.54375 0.77734375 0.02890625 0.053125
0 0.51328125 0.7890625 0.03046875 0.05234375
0 0.48125 0.79921875 0.02578125 0.0578125
0 0.45078125 0.8125 0.03515625 0.0609375
0 0.41171875 0.8265625 0.03671875 0.0609375
0 0.38046875 0.8390625 0.02578125 0.06328125
0 0.3453125 0.85703125 0.04140625 0.0765625
0 0.0421875 0.628125 0.06953125 0.0828125
0 0.25078125 0.89375 0.05625 0.0609375
0 0.6546875 0.37109375 0.02421875 0.05625
0 0.49140625 0.37890625 0.02109375 0.0625
0 0.68203125 0.3703125 0.028125 0.0546875
0 0.7359375 0.3734375 0.0265625 0.04765625
0 0.725 0.446875 0.02421875 0.05625
0 0.703125 0.44375 0.015625 0.05390625
0 0.684375 0.44296875 0.01953125 0.05390625
0 0.6546875 0.44609375 0.03359375 0.053125
0 0.6125 0.4515625 0.04765625 0.06015625
0 0.56953125 0.459375 0.0296875 0.05703125
0 0.5390625 0.46015625 0.02265625 0.059375
0 0.5078125 0.4609375 0.03046875 0.05703125
0 0.4671875 0.46796875 0.04296875 0.065625
0 0.4296875 0.47734375 0.02890625 0.0671875
0 0.38984375 0.47265625 0.04453125 0.06796875
0 0.3484375 0.478125 0.03515625 0.06875
0 0.30625 0.48125 0.04296875 0.07578125
0 0.25703125 0.48828125 0.053125 0.084375
0 0.1078125 0.6171875 0.04921875 0.07734375
0 0.203125 0.4921875 0.04453125 0.07734375
0 0.14921875 0.49609375 0.05 0.08125
0 0.090625 0.50625 0.059375 0.090625
0 0.03046875 0.5125 0.06015625 0.08203125
0 0.70859375 0.36875 0.02109375 0.04765625
0 0.46171875 0.37890625 0.03515625 0.0671875
0 0.30234375 0.8703125 0.0453125 0.0609375
0 0.3859375 0.3765625 0.04296875 0.0765625
0 0.35390625 0.2734375 0.05546875 0.09609375
0 0.27265625 0.2796875 0.05234375 0.075
0 0.21875 0.2796875 0.0515625 0.07265625
0 0.1609375 0.27109375 0.0625 0.090625
0 0.0953125 0.2640625 0.06640625 0.0984375
0 0.425 0.37734375 0.03203125 0.0734375
0 0.6828125 0.1859375 0.06171875 0.096875
0 0.40390625 0.27578125 0.03984375 0.0859375
0 0.609375 0.17890625 0.0453125 0.0859375
0 0.5234375 0.16484375 0.04609375 0.096875
0 0.47578125 0.15859375 0.04375 0.084375
0 0.42265625 0.15 0.05625 0.1015625
0 0.365625 0.1375 0.05703125 0.1171875
0 0.29921875 0.128125 0.07421875 0.11640625
0 0.22265625 0.1203125 0.071875 0.1265625
0 0.053125 0.0828125 0.1 0.15625
0 0.5671875 0.17421875 0.0375 0.084375
0 0.44375 0.28359375 0.03828125 0.07578125
0 0.03046875 0.2671875 0.05859375 0.084375
0 0.51796875 0.28125 0.03203125 0.078125
0 0.3390625 0.38046875 0.03203125 0.0734375
0 0.29375 0.38125 0.04296875 0.071875
0 0.246875 0.3828125 0.04609375 0.07421875
0 0.18984375 0.3859375 0.05625 0.075
0 0.13359375 0.3859375 0.04921875 0.084375
0 0.48203125 0.28359375 0.03359375 0.0796875
0 0.02265625 0.3921875 0.04453125 0.0859375
0 0.0765625 0.3890625 0.05078125 0.084375
0 0.71640625 0.29375 0.01953125 0.06015625
0 0.6921875 0.296875 0.02890625 0.0578125
0 0.6609375 0.2890625 0.03359375 0.07265625
0 0.62421875 0.28828125 0.03359375 0.075
0 0.5875 0.2859375 0.03359375 0.078125
0 0.7390625 0.29375 0.0234375 0.0625
0 0.55234375 0.284375 0.03359375 0.0796875