0 0.603125 0.703125 0.040625 0.075
0 0.87578125 0.6890625 0.02109375 0.05390625
0 0.85078125 0.69140625 0.021875 0.04921875
0 0.82421875 0.690625 0.01875 0.05390625
0 0.78828125 0.69140625 0.03671875 0.0578125
0 0.75546875 0.7125 0.0203125 0.05703125
0 0.69609375 0.7078125 0.02421875 0.0578125
0 0.659375 0.7 0.0296875 0.0609375
0 0.55703125 0.70625 0.04140625 0.06875
0 0.0859375 0.22265625 0.0859375 0.06875
0 0.45625 0.71171875 0.0453125 0.0578125
0 0.4078125 0.71328125 0.03984375 0.05859375
0 0.3609375 0.7109375 0.03828125 0.0609375
0 0.90390625 0.68828125 0.02890625 0.05546875
0 0.16953125 0.22734375 0.0515625 0.084375
0 0.228125 0.20546875 0.05078125 0.128125
0 0.2859375 0.215625 0.05 0.109375
0 0.34140625 0.21171875 0.046875 0.10234375
0 0.3921875 0.20859375 0.0328125 0.10625
0 0.50546875 0.709375 0.04375 0.0671875
0 0.96328125 0.7 0.05625 0.02734375
0 0.815625 0.80703125 0.05390625 0.009375
0 0.91640625 0.765625 0.0453125 0.05546875
0 0.984375 0.57890625 0.03046875 0.0640625
0 0.9578125 0.5890625 0.0234375 0.05625
0 0.9328125 0.5875 0.02421875 0.05546875
0 0.89765625 0.58671875 0.0328125 0.0640625
0 0.84765625 0.58984375 0.03359375 0.0609375
0 0.79140625 0.58984375 0.02578125 0.0640625
0 0.75859375 0.61171875 0.02734375 0.05859375
0 0.45 0.80859375 0.02109375 0.06953125
0 0.47421875 0.80859375 0.02421875 0.06953125
0 0.96796875 0.76875 0.0484375 0.0609375
0 0.50234375 0.80625 0.02890625 0.071875
0 0.559375 0.784375 0.0203125 0.05390625
0 0.58359375 0.77890625 0.02265625 0.04140625
0 0.61953125 0.80078125 0.025 0.08125
0 0.64921875 0.80390625 0.03203125 0.07890625
0 0.7359375 0.7859375 0.0296875 0.0609375
0 0.8140625 0.8171875 0.0546875 0.00859375
0 0.440625 0.2046875 0.04140625 0.109375
0 0.81796875 0.79375 0.05546875 0.0125
0 0.828125 0.78046875 0.05703125 0.00859375
0 0.53515625 0.7984375 0.02734375 0.0734375
0 0.50390625 0.2046875 0.04765625 0.10546875
0 0.74375 0.2140625 0.03828125 0.0859375
0 0.6421875 0.19609375 0.03203125 0.11953125
0 0.153125 0.525 0.0125 0.03125
0 0.203125 0.5 0.06328125 0.08359375
0 0.22265625 0.446875 0.0640625 0.0171875
0 0.26171875 0.5140625 0.03984375 0.0484375
0 0.30234375 0.5125 0.0265625 0.05234375
0 0.33828125 0.51171875 0.03046875 0.05
0 0.36953125 0.51328125 0.0203125 0.04609375
0 0.38671875 0.45703125 0.02265625 0.015625
0 0.39921875 0.5078125 0.0234375 0.05546875
0 0.13671875 0.5234375 0.015625 0.03359375
0 0.42734375 0.509375 0.028125 0.05859375
0 0.4859375 0.50859375 0.025 0.053125
0 0.515625 0.50078125 0.02265625 0.06640625
0 0.54296875 0.51328125 0.01953125 0.04375
0 0.5671875 0.50390625 0.01875 0.05078125
0 0.60078125 0.5046875 0.03984375 0.05234375
0 0.65234375 0.4984375 0.05078125 0.06015625
0 0.6984375 0.5015625 0.04609375 0.06484375
0 0.28984375 0.72109375 0.05625 0.0453125
0 0.23515625 0.71796875 0.0359375 0.05546875
0 0.45546875 0.5109375 0.02578125 0.05390625
0 0.09921875 0.51875 0.02421875 0.03515625
0 0.06171875 0.52734375 0.025 0.02734375
0 0.034375 0.5265625 0.01953125 0.0296875
0 0.69296875 0.18984375 0.0484375 0.12421875
0 0.93515625 0.471875 0.02265625 0.07265625
0 0.78828125 0.20625 0.04296875 0.0921875
0 0.85859375 0.19921875 0.05859375 0.11875
0 0.91953125 0.2 0.05078125 0.09921875
0 0.92265625 0.36015625 0.04375 0.0671875
0 0.97109375 0.3578125 0.04609375 0.078125
0 0.859375 0.35859375 0.04375 0.0703125
0 0.77265625 0.35234375 0.0703125 0.07890625
0 0.6859375 0.36171875 0.04921875 0.06953125
0 0.62265625 0.36328125 0.0484375 0.0703125
0 0.52890625 0.36796875 0.053125 0.0671875
0 0.44375 0.3609375 0.08984375 0.08984375
0 0.33671875 0.3640625 0.10078125 0.09609375
0 0.22265625 0.365625 0.09921875 0.090625
0 0.11796875 0.3484375 0.05234375 0.03046875
0 0.05234375 0.35234375 0.06484375 0.01875
0 0.0421875 0.4015625 0.06015625 0.021875
0 0.128125 0.3953125 0.053125 0.02734375
0 0.0546875 0.45 0.0796875 0.01796875
0 0.0109375 0.52734375 0.02109375 0.02734375
0 0.596875 0.19296875 0.04453125 0.12578125
0 0.90859375 0.47265625 0.025 0.075
0 0.9765625 0.4890625 0.03359375 0.034375
0 0.85546875 0.4765625 0.02421875 0.07734375
0 0.09140625 0.70625 0.0421875 0.046875
0 0.0390625 0.7125 0.021875 0.0296875
0 0.0203125 0.6109375 0.03046875 0.04921875
0 0.0515625 0.60859375 0.02109375 0.05625
0 0.1109375 0.60703125 0.02890625 0.059375
0 0.13515625 0.60859375 0.01796875 0.05234375
0 0.15625 0.6078125 0.01796875 0.04765625
0 0.2296875 0.615625 0.06015625 0.06328125
0 0.29375 0.6140625 0.04140625 0.0578125
0 0.33984375 0.6171875 0.04453125 0.05703125
0 0.39140625 0.61171875 0.053125 0.065625
0 0.440625 0.61171875 0.0421875 0.059375
0 0.4875 0.609375 0.03984375 0.065625
0 0.53828125 0.6125 0.04609375 0.0625
0 0.59140625 0.6015625 0.0453125 0.07734375
0 0.66015625 0.609375 0.03125 0.06328125
0 0.69140625 0.6078125 0.02734375 0.0625
0 0.72578125 0.6109375 0.0375 0.05625
0 0.88359375 0.47578125 0.02109375 0.0796875
0 0.14921875 0.7125 0.03359375 0.0296875
0 0.15234375 0.6796875 0.03984375 0.0328125
0 0.0796875 0.609375 0.02265625 0.05546875
0 0.390625 0.8125 0.02109375 0.06875
0 0.79765625 0.48046875 0.02578125 0.06953125
0 0.75 0.50390625 0.04375 0.0546875
0 0.42109375 0.81171875 0.02265625 0.065625
0 0.36484375 0.81015625 0.02421875 0.06953125
0 0.33515625 0.80234375 0.02109375 0.06953125
0 0.31171875 0.80234375 0.0234375 0.0703125
0 0.2890625 0.796875 0.0234375 0.0609375
0 0.2578125 0.80390625 0.02421875 0.071875
0 0.2296875 0.8078125 0.02265625 0.071875
0 0.14453125 0.7796875 0.03515625 0.06484375
0 0.0796875 0.81328125 0.034375 0.06953125
0 0.0140625 0.8125 0.025 0.0703125
0 0.04609375 0.8125 0.0296875 0.07421875
0 0.0140625 0.709375 0.025 0.0375
0 0.01796875 0.671875 0.0328125 0.0328125
0 0.825 0.48046875 0.02421875 0.071875