0 0.69609375 0.77734375 0.03984375 0.07265625
0 0.3015625 0.60390625 0.0328125 0.03515625
0 0.96015625 0.82578125 0.07890625 0.1171875
0 0.88359375 0.8109375 0.065625 0.1015625
0 0.81796875 0.8015625 0.05859375 0.10234375
0 0.75546875 0.79296875 0.05859375 0.10234375
0 0.43984375 0.6921875 0.07265625 0.05078125
0 0.42578125 0.18046875 0.03359375 0.0640625
0 0.50625 0.646875 0.04609375 0.10625
0 0.29609375 0.034375 0.0453125 0.06328125
0 0.62578125 0.78203125 0.06953125 0.0765625
0 0.57265625 0.62421875 0.06171875 0.046875
0 0.64296875 0.62109375 0.06484375 0.053125
0 0.640625 0.6796875 0.06796875 0.06015625
0 0.7125 0.66953125 0.06328125 0.11328125
0 0.846875 0.68515625 0.065625 0.1140625
0 0.9234375 0.6953125 0.06171875 0.11796875
0 0.98046875 0.70546875 0.03828125 0.1265625
0 0.18515625 0.96171875 0.09921875 0.0765625
0 0.2734375 0.90625 0.0609375 0.10234375
0 0.33125 0.86328125 0.0484375 0.096875
0 0.39140625 0.80390625 0.06875 0.09453125
0 0.46015625 0.77734375 0.053125 0.09609375
0 0.53828125 0.75625 0.09140625 0.02734375
0 0.5375 0.8 0.08984375 0.053125
0 0.56796875 0.6796875 0.06484375 0.059375
0 0.34765625 0.5765625 0.04296875 0.06640625
0 0.78203125 0.67890625 0.0609375 0.10859375
0 0.36484375 0.71484375 0.075 0.065625
0 0.59609375 0.52890625 0.04375 0.1078125
0 0.553125 0.5515625 0.03125 0.06484375
0 0.5125 0.5328125 0.0359375 0.0890625
0 0.459375 0.5515625 0.0390625 0.053125
0 0.4171875 0.5625 0.034375 0.05546875
0 0.3875 0.5671875 0.02109375 0.0609375
0 0.64453125 0.52578125 0.0359375 0.03984375
0 0.840625 0.2640625 0.0515625 0.08359375
0 0.94140625 0.2421875 0.05703125 0.140625
0 0.9875 0.26953125 0.025 0.0859375
0 0.025 0.35625 0.05 0.16875
0 0.08359375 0.3640625 0.0578125 0.13984375
0 0.14140625 0.36640625 0.053125 0.13671875
0 0.19296875 0.36171875 0.046875 0.12421875
0 0.890625 0.278125 0.03828125 0.0609375
0 0.23359375 0.3609375 0.03203125 0.115625
0 0.6828125 0.52578125 0.03515625 0.03515625
0 0.3890625 0.175 0.03671875 0.06875
0 0.5515625 0.07265625 0.0359375 0.1203125
0 0.59609375 0.07109375 0.03984375 0.12578125
0 0.63828125 0.075 0.03984375 0.12578125
0 0.68984375 0.07734375 0.06015625 0.1234375
0 0.75546875 0.075 0.065625 0.12421875
0 0.86875 0.071875 0.08046875 0.140625
0 0.63984375 0.5640625 0.03515625 0.03515625
0 0.94609375 0.071875 0.06953125 0.14140625
0 0.07265625 0.15 0.05546875 0.20625
0 0.12890625 0.1625 0.0515625 0.1859375
0 0.18359375 0.1953125 0.0453125 0.14296875
0 0.2578125 0.19375 0.06484375 0.1625
0 0.31015625 0.20078125 0.034375 0.146875
0 0.34921875 0.1703125 0.0375 0.07265625
0 0.02109375 0.1359375 0.04140625 0.221875
0 0.5125 0.06796875 0.025 0.11953125
0 0.26796875 0.36015625 0.03359375 0.11328125
0 0.3328125 0.359375 0.025 0.103125
0 0.13984375 0.5390625 0.04609375 0.0765625
0 0.1828125 0.50859375 0.0375 0.1203125
0 0.21953125 0.49921875 0.034375 0.1140625
0 0.2484375 0.50390625 0.0203125 0.08515625
0 0.271875 0.48984375 0.02265625 0.09921875
0 0.29375 0.48515625 0.0171875 0.09296875
0 0.0390625 0.56015625 0.05234375 0.096875
0 0.33046875 0.4734375 0.04375 0.0953125
0 0.428125 0.475 0.04765625 0.06328125
0 0.478125 0.4609375 0.0296875 0.08515625
0 0.07265625 0.70234375 0.06796875 0.05390625
0 0.13359375 0.6640625 0.046875 0.08671875
0 0.17578125 0.6484375 0.03046875 0.084375
0 0.2484375 0.6046875 0.06875 0.075
0 0.3765625 0.46953125 0.04140625 0.09296875
0 0.4421875 0.640625 0.075 0.0484375
0 0.93046875 0.36171875 0.0640625 0.0625
0 0.915625 0.43359375 0.03984375 0.07578125
0 0.371875 0.35546875 0.04921875 0.0984375
0 0.41484375 0.35625 0.0328125 0.09375
0 0.4484375 0.36171875 0.02734375 0.08671875
0 0.4796875 0.3625 0.03125 0.084375
0 0.51953125 0.3984375 0.0375 0.08828125
0 0.56015625 0.39921875 0.0328125 0.09140625
0 0.96953125 0.43671875 0.06015625 0.06953125
0 0.603125 0.40703125 0.04140625 0.0796875
0 0.6921875 0.41015625 0.03515625 0.08046875
0 0.7390625 0.41484375 0.03203125 0.07578125
0 0.7875 0.41953125 0.053125 0.02421875
0 0.7875 0.44609375 0.05625 0.02578125
0 0.83515625 0.425 0.025 0.07265625
0 0.8703125 0.41953125 0.04375 0.09140625
0 0.653125 0.40234375 0.0375 0.0921875
0 0.484375 0.0625 0.025 0.11953125
0 0.3015625 0.35859375 0.03125 0.109375
0 0.41171875 0.05234375 0.0265625 0.1046875
0 0.3546875 0.2609375 0.04765625 0.046875
0 0.40078125 0.26484375 0.03828125 0.040625
0 0.446875 0.0578125 0.03671875 0.115625
0 0.47890625 0.26640625 0.04609375 0.0484375
0 0.53984375 0.2484375 0.05 0.0984375
0 0.3640625 0.653125 0.07578125 0.05703125
0 0.58828125 0.24140625 0.04140625 0.115625
0 0.6421875 0.24375 0.05 0.11796875
0 0.25078125 0.7625 0.06953125 0.1234375
0 0.17265625 0.80546875 0.0828125 0.13359375
0 0.69296875 0.26171875 0.04296875 0.08125
0 0.74765625 0.259375 0.04609375 0.08671875
0 0.49453125 0.18515625 0.03359375 0.06796875
0 0.79296875 0.2578125 0.0421875 0.0921875
0 0.071875 0.86484375 0.1140625 0.1140625
0 0.96796875 0.55390625 0.0640625 0.12890625
0 0.909375 0.56015625 0.0484375 0.1125
0 0.8625 0.5546875 0.03125 0.1078125
0 0.82734375 0.54921875 0.034375 0.1078125
0 0.7875 0.54921875 0.03203125 0.10234375
0 0.7515625 0.56796875 0.03359375 0.05390625
0 0.7171875 0.5625 0.03046875 0.05703125
0 0.678125 0.565625 0.03515625 0.03515625
0 0.340625 0.0453125 0.0328125 0.08671875
0 0.37890625 0.05078125 0.03515625 0.10078125
0 0.4609375 0.1875 0.0296875 0.059375