0 0.1421875 0.778125 0.021875 0.12578125
0 0.19140625 0.775 0.02109375 0.11953125
0 0.2328125 0.77578125 0.04375 0.1140625
0 0.271875 0.7703125 0.02109375 0.12578125
0 0.16640625 0.7765625 0.0203125 0.115625
0 0.0953125 0.7265625 0.03828125 0.165625
0 0.1515625 0.9234375 0.01796875 0.10390625
0 0.04765625 0.89765625 0.04921875 0.11015625
0 0.11015625 0.90703125 0.053125 0.134375
0 0.175 0.925 0.021875 0.10390625
0 0.2953125 0.76953125 0.0203125 0.12578125
0 0.2 0.9140625 0.0171875 0.103125
0 0.03125 0.73203125 0.0625 0.16796875
0 0.3203125 0.76484375 0.0203125 0.12109375
0 0.64140625 0.75625 0.0203125 0.1140625
0 0.36875 0.7625 0.0171875 0.1234375
0 0.225 0.90859375 0.025 0.10859375
0 0.6640625 0.75625 0.02109375 0.1109375
0 0.68984375 0.7578125 0.0203125 0.10546875
0 0.7109375 0.74765625 0.01953125 0.096875
0 0.734375 0.7578125 0.021875 0.10625
0 0.759375 0.75390625 0.025 0.10078125
0 0.3453125 0.77734375 0.01953125 0.1140625
0 0.61875 0.7609375 0.01796875 0.09921875
0 0.56953125 0.76484375 0.0171875 0.10234375
0 0.5296875 0.76796875 0.040625 0.10546875
0 0.48515625 0.76484375 0.0390625 0.10859375
0 0.44609375 0.7703125 0.021875 0.10859375
0 0.41953125 0.765625 0.01875 0.11875
0 0.39375 0.76015625 0.021875 0.10390625
0 0.5921875 0.7625 0.02109375 0.096875
0 0.25078125 0.90703125 0.0234375 0.10703125
0 0.465625 0.90703125 0.0171875 0.10703125
0 0.30625 0.9125 0.03359375 0.11640625
0 0.384375 0.45 0.03984375 0.1359375
0 0.3515625 0.43359375 0.0265625 0.12109375
0 0.30078125 0.43671875 0.0453125 0.1421875
0 0.240625 0.440625 0.0453125 0.12890625
0 0.2 0.43828125 0.03203125 0.11171875
0 0.1625 0.434375 0.028125 0.09765625
0 0.084375 0.5296875 0.05390625 0.16953125
0 0.034375 0.50625 0.0296875 0.18046875
0 0.05625 0.3140625 0.0484375 0.08671875
0 0.1359375 0.28046875 0.06875 0.05703125
0 0.2109375 0.26875 0.0484375 0.0765625
0 0.2765625 0.27109375 0.04921875 0.078125
0 0.33125 0.2703125 0.04375 0.0640625
0 0.39375 0.26640625 0.046875 0.06875
0 0.44765625 0.27265625 0.05 0.075
0 0.50390625 0.27578125 0.040625 0.0625
0 0.61484375 0.26953125 0.0484375 0.06875
0 0.66875 0.271875 0.03125 0.0640625
0 0.72109375 0.2734375 0.0453125 0.0609375
0 0.77421875 0.27109375 0.0453125 0.071875
0 0.94375 0.27421875 0.05 0.059375
0 0.484375 0.4171875 0.0234375 0.0640625
0 0.4390625 0.46328125 0.0390625 0.10078125
0 0.53046875 0.4484375 0.028125 0.1265625
0 0.5890625 0.40390625 0.025 0.0703125
0 0.04375 0.125 0.0515625 0.1515625
0 0.11640625 0.11796875 0.03984375 0.134375
0 0.1765625 0.11328125 0.04375 0.12578125
0 0.2515625 0.11484375 0.0453125 0.11953125
0 0.33125 0.1234375 0.0390625 0.1484375
0 0.415625 0.12109375 0.03671875 0.125
0 0.47265625 0.13203125 0.05 0.13984375
0 0.525 0.13046875 0.0546875 0.15078125
0 0.58984375 0.12734375 0.05625 0.15078125
0 0.64453125 0.13203125 0.04609375 0.16015625
0 0.1421875 0.6390625 0.04140625 0.0671875
0 0.703125 0.13671875 0.04921875 0.1484375
0 0.803125 0.13125 0.04609375 0.15234375
0 0.859375 0.1203125 0.03203125 0.11640625
0 0.91015625 0.12578125 0.046875 0.10859375
0 0.97109375 0.121875 0.0578125 0.1546875
0 0.9609375 0.4390625 0.046875 0.11015625
0 0.875 0.4484375 0.03671875 0.11953125
0 0.81015625 0.43515625 0.05859375 0.09609375
0 0.73125 0.4390625 0.0421875 0.10703125
0 0.653125 0.45859375 0.0328125 0.11328125
0 0.5875 0.50234375 0.03125 0.05703125
0 0.75390625 0.1375 0.0375 0.140625
0 0.2734375 0.9109375 0.021875 0.10859375
0 0.2171875 0.634375 0.05859375 0.0859375
0 0.315625 0.6359375 0.03203125 0.03359375
0 0.971875 0.91171875 0.03125 0.09140625
0 0.9359375 0.91015625 0.025 0.08203125
0 0.89921875 0.9 0.0234375 0.09296875
0 0.8671875 0.9 0.02890625 0.08984375
0 0.83828125 0.9015625 0.02734375 0.08359375
0 0.809375 0.9015625 0.02890625 0.09296875
0 0.77734375 0.90546875 0.025 0.08828125
0 0.75 0.90234375 0.025 0.09140625
0 0.7203125 0.90625 0.0234375 0.0921875
0 0.6921875 0.90625 0.02578125 0.08671875
0 0.665625 0.90390625 0.02265625 0.08203125
0 0.6375 0.90234375 0.0234375 0.090625
0 0.60703125 0.90859375 0.025 0.08828125
0 0.58046875 0.909375 0.02578125 0.0765625
0 0.5453125 0.91328125 0.02421875 0.09453125
0 0.515625 0.9125 0.0234375 0.09609375
0 0.48984375 0.9046875 0.01875 0.10859375
0 0.4453125 0.90625 0.015625 0.1078125
0 0.4203125 0.909375 0.02578125 0.1125
0 0.39296875 0.9140625 0.01875 0.10625
0 0.3578125 0.90859375 0.04375 0.11015625
0 0.784375 0.74609375 0.0203125 0.09765625
0 0.81328125 0.75859375 0.02265625 0.1046875
0 0.83984375 0.75859375 0.01875 0.09921875
0 0.8640625 0.75546875 0.02265625 0.0984375
0 0.35859375 0.63515625 0.03125 0.05390625
0 0.390625 0.65 0.0296875 0.03046875
0 0.42421875 0.66015625 0.025 0.03515625
0 0.46875 0.64765625 0.0421875 0.04453125
0 0.51328125 0.63984375 0.0265625 0.05390625
0 0.55625 0.628125 0.03671875 0.03671875
0 0.4125 0.571875 0.05 0.02734375
0 0.4984375 0.54921875 0.05703125 0.01953125
0 0.58046875 0.58515625 0.0390625 0.02265625
0 0.6015625 0.64609375 0.0375 0.03828125
0 0.2765625 0.640625 0.0359375 0.04921875
0 0.64375 0.64140625 0.0296875 0.04765625
0 0.684375 0.61015625 0.0375 0.11015625
0 0.73203125 0.6234375 0.0453125 0.10234375
0 0.7859375 0.63046875 0.0421875 0.09453125
0 0.884375 0.62109375 0.0609375 0.08515625
0 0.95078125 0.59453125 0.04375 0.02109375
0 0.95234375 0.64609375 0.0484375 0.01953125
0 0.9546875 0.61875 0.0484375 0.0203125
0 0.96875 0.76015625 0.0359375 0.08671875
0 0.921875 0.7578125 0.0390625 0.08671875
0 0.8875 0.76015625 0.01875 0.08984375
0 0.634375 0.56484375 0.0203125 0.03515625
0 0.484375 0.59453125 0.04921875 0.04296875