0 0.5890625 0.3578125 0.03203125 0.09140625
0 0.5296875 0.3859375 0.06484375 0.0515625
0 0.26796875 0.6375 0.04765625 0.09375
0 0.9859375 0.09609375 0.02734375 0.0984375
0 0.9515625 0.09375 0.02890625 0.10703125
0 0.9203125 0.08984375 0.03203125 0.10625
0 0.8609375 0.08828125 0.0765625 0.10625
0 0.78515625 0.0890625 0.06171875 0.09609375
0 0.71875 0.08359375 0.0390625 0.10625
0 0.66875 0.084375 0.04453125 0.0953125
0 0.590625 0.07109375 0.08671875 0.109375
0 0.52734375 0.096875 0.02890625 0.059375
0 0.4765625 0.103125 0.04140625 0.040625
0 0.4703125 0.05703125 0.0421875 0.040625
0 0.86796875 0.24453125 0.034375 0.0703125
0 0.40390625 0.0734375 0.08515625 0.0796875
0 0.2359375 0.065625 0.0375 0.0890625
0 0.18984375 0.05703125 0.04453125 0.0984375
0 0.13359375 0.0578125 0.03828125 0.103125
0 0.08125 0.05703125 0.0609375 0.0984375
0 0.13828125 0.77578125 0.03203125 0.08359375
0 0.17734375 0.7703125 0.03359375 0.08515625
0 0.2203125 0.7625 0.040625 0.0765625
0 0.2609375 0.75234375 0.0359375 0.0859375
0 0.3109375 0.740625 0.0421875 0.0890625
0 0.3625 0.734375 0.05078125 0.0859375
0 0.43046875 0.72421875 0.05703125 0.084375
0 0.30859375 0.0796875 0.0921875 0.06875
0 0.49296875 0.7265625 0.053125 0.05859375
0 0.81953125 0.23359375 0.02890625 0.09140625
0 0.7484375 0.23125 0.03359375 0.09296875
0 0.29921875 0.22421875 0.03203125 0.1140625
0 0.34453125 0.234375 0.04140625 0.09375
0 0.39765625 0.22109375 0.0328125 0.109375
0 0.4453125 0.24140625 0.03046875 0.0765625
0 0.48125 0.2359375 0.0296875 0.08671875
0 0.5234375 0.2328125 0.0390625 0.090625
0 0.571875 0.2359375 0.03046875 0.08984375
0 0.61953125 0.234375 0.03671875 0.09375
0 0.6625 0.23046875 0.03203125 0.0984375
0 0.08671875 0.80546875 0.0546875 0.0421875
0 0.08203125 0.75625 0.05546875 0.046875
0 0.78671875 0.234375 0.02890625 0.09765625
0 0.0234375 0.77265625 0.04296875 0.053125
0 0.04453125 0.909375 0.06015625 0.090625
0 0.16171875 0.88828125 0.02890625 0.0890625
0 0.209375 0.878125 0.03515625 0.084375
0 0.259375 0.8609375 0.04609375 0.0828125
0 0.31640625 0.85390625 0.04453125 0.084375
0 0.3703125 0.8625 0.0484375 0.040625
0 0.4234375 0.8484375 0.03203125 0.05
0 0.4640625 0.8265625 0.0359375 0.0609375
0 0.5140625 0.8203125 0.02890625 0.04765625
0 0.56171875 0.8078125 0.02578125 0.0671875
0 0.70859375 0.2359375 0.04296875 0.090625
0 0.02109375 0.821875 0.03359375 0.0390625
0 0.5484375 0.7171875 0.04453125 0.059375
0 0.58984375 0.703125 0.02265625 0.078125
0 0.6203125 0.69453125 0.03203125 0.0859375
0 0.72578125 0.58515625 0.0328125 0.06875
0 0.6828125 0.59296875 0.0359375 0.06796875
0 0.6390625 0.596875 0.0421875 0.065625
0 0.5875 0.5984375 0.04609375 0.0703125
0 0.5453125 0.6 0.03046875 0.078125
0 0.50546875 0.60859375 0.03515625 0.0796875
0 0.4640625 0.6140625 0.0359375 0.08984375
0 0.425 0.61484375 0.03828125 0.0921875
0 0.37265625 0.61796875 0.040625 0.0921875
0 0.325 0.62421875 0.03515625 0.09375
0 0.59609375 0.47890625 0.03046875 0.0859375
0 0.7671875 0.58046875 0.03046875 0.065625
0 0.22421875 0.64140625 0.04140625 0.09375
0 0.128125 0.6421875 0.05078125 0.0953125
0 0.06796875 0.65546875 0.04765625 0.10625
0 0.0484375 0.5515625 0.09453125 0.065625
0 0.1390625 0.5484375 0.04765625 0.0421875
0 0.19140625 0.515625 0.0375 0.08984375
0 0.2390625 0.5046875 0.04453125 0.09609375
0 0.29375 0.51328125 0.02890625 0.08125
0 0.34140625 0.5015625 0.04296875 0.09140625
0 0.38125 0.50234375 0.03203125 0.0875
0 0.4296875 0.5 0.0421875 0.0765625
0 0.47734375 0.49765625 0.03984375 0.078125
0 0.178125 0.65 0.03203125 0.0859375
0 0.8078125 0.5734375 0.03359375 0.0609375
0 0.84609375 0.5703125 0.03359375 0.0578125
0 0.8828125 0.60625 0.03203125 0.1046875
0 0.64765625 0.6921875 0.021875 0.078125
0 0.67421875 0.68515625 0.02109375 0.0828125
0 0.63125 0.3578125 0.03984375 0.0953125
0 0.67578125 0.3578125 0.03984375 0.0984375
0 0.71328125 0.35390625 0.02890625 0.0953125
0 0.75546875 0.3515625 0.03046875 0.09140625
0 0.79921875 0.3515625 0.03671875 0.0859375
0 0.840625 0.465625 0.0484375 0.065625
0 0.7765625 0.471875 0.05703125 0.06328125
0 0.69921875 0.48671875 0.05625 0.05
0 0.6453125 0.4765625 0.03046875 0.08125
0 0.5984375 0.79375 0.0265625 0.06015625
0 0.64140625 0.78828125 0.0390625 0.059375
0 0.6859375 0.7828125 0.03046875 0.06171875
0 0.721875 0.77109375 0.0296875 0.059375
0 0.7515625 0.76640625 0.0234375 0.05625
0 0.78515625 0.759375 0.03203125 0.05625
0 0.8328125 0.746875 0.01796875 0.0578125
0 0.86171875 0.74140625 0.02578125 0.06875
0 0.89609375 0.71640625 0.021875 0.03125
0 0.88984375 0.75859375 0.03046875 0.034375
0 0.92421875 0.7328125 0.025 0.0671875
0 0.9609375 0.72734375 0.0421875 0.071875
0 0.9734375 0.5984375 0.04609375 0.09375
0 0.92578125 0.60234375 0.03359375 0.10078125
0 0.2421875 0.23359375 0.04765625 0.0953125
0 0.521875 0.4859375 0.03203125 0.08203125
0 0.559375 0.4875 0.03125 0.07890625
0 0.77265625 0.66875 0.0375 0.0734375
0 0.3390625 0.365625 0.03828125 0.1125
0 0.3875 0.3640625 0.04140625 0.10390625
0 0.45078125 0.378125 0.053125 0.0796875
0 0.70234375 0.678125 0.03046875 0.07890625
0 0.7359375 0.67265625 0.03203125 0.0765625
0 0.16015625 0.3796875 0.05546875 0.1
0 0.80546875 0.665625 0.028125 0.071875
0 0.83671875 0.6609375 0.03046875 0.071875
0 0.97109375 0.48125 0.03125 0.0875
0 0.9265625 0.278125 0.0671875 0.13046875
0 0.90546875 0.3671875 0.06484375 0.025
0 0.909375 0.3984375 0.06171875 0.0265625
0 0.28203125 0.38046875 0.04609375 0.0890625
0 0.91328125 0.4265625 0.06484375 0.021875
0 0.09453125 0.37578125 0.04609375 0.1046875
0 0.02578125 0.384375 0.04765625 0.10703125
0 0.103125 0.23515625 0.084375 0.08046875
0 0.1796875 0.22734375 0.04140625 0.1015625
0 0.91796875 0.46875 0.05546875 0.04375
0 0.23125 0.37265625 0.04765625 0.1140625