0 0.971875 0.78828125 0.05625 0.12578125
0 0.88359375 0.7890625 0.1171875 0.13046875
0 0.4796875 0.13359375 0.04140625 0.0875
0 0.8046875 0.78671875 0.04140625 0.1203125
0 0.434375 0.13359375 0.0421875 0.084375
0 0.75859375 0.80078125 0.04609375 0.11484375
0 0.62265625 0.796875 0.02421875 0.10546875
0 0.665625 0.80234375 0.05234375 0.11796875
0 0.5953125 0.80390625 0.0265625 0.11640625
0 0.56171875 0.80390625 0.034375 0.1140625
0 0.5234375 0.13359375 0.04375 0.08515625
0 0.52578125 0.80625 0.02890625 0.1140625
0 0.71328125 0.80625 0.04375 0.1046875
0 0.5640625 0.14921875 0.0328125 0.0625
0 0.3375 0.68828125 0.02109375 0.04140625
0 0.65703125 0.15546875 0.03828125 0.05078125
0 0.49296875 0.80703125 0.0328125 0.10546875
0 0.79765625 0.5859375 0.0296875 0.0578125
0 0.1765625 0.68203125 0.053125 0.05234375
0 0.2609375 0.6859375 0.02734375 0.04453125
0 0.29140625 0.68828125 0.02734375 0.03984375
0 0.31484375 0.6828125 0.01875 0.0453125
0 0.61328125 0.15234375 0.04296875 0.0546875
0 0.3609375 0.6890625 0.02109375 0.04296875
0 0.4015625 0.68671875 0.0203125 0.03828125
0 0.4296875 0.6875 0.0203125 0.0453125
0 0.8953125 0.12890625 0.0390625 0.12265625
0 0.8390625 0.14375 0.05 0.08984375
0 0.7875 0.1421875 0.04453125 0.0875
0 0.72265625 0.13984375 0.08125 0.0859375
0 0.3828125 0.67890625 0.01171875 0.03984375
0 0.4609375 0.80703125 0.0296875 0.10625
0 0.58125 0.67890625 0.0203125 0.03984375
0 0.39453125 0.809375 0.03125 0.109375
0 0.63203125 0.68359375 0.0234375 0.0328125
0 0.6046875 0.684375 0.02265625 0.040625
0 0.75859375 0.58671875 0.021875 0.04609375
0 0.559375 0.6734375 0.01640625 0.040625
0 0.5375 0.68203125 0.0171875 0.0390625
0 0.4921875 0.66796875 0.05078125 0.04609375
0 0.653125 0.67890625 0.015625 0.03984375
0 0.45390625 0.68984375 0.021875 0.046875
0 0.34609375 0.13203125 0.0453125 0.084375
0 0.30234375 0.13125 0.04296875 0.08203125
0 0.25703125 0.13046875 0.04296875 0.08125
0 0.19921875 0.11640625 0.06484375 0.109375
0 0.13359375 0.11328125 0.06484375 0.11015625
0 0.04921875 0.12890625 0.096875 0.1171875
0 0.39140625 0.13359375 0.040625 0.084375
0 0.4265625 0.80859375 0.03359375 0.10546875
0 0.69296875 0.68046875 0.01953125 0.04921875
0 0.7609375 0.67421875 0.02890625 0.06328125
0 0.36328125 0.81015625 0.02890625 0.096875
0 0.3328125 0.8125 0.03359375 0.10234375
0 0.29921875 0.81171875 0.03046875 0.10390625
0 0.26640625 0.809375 0.03125 0.1015625
0 0.2359375 0.81171875 0.03046875 0.10625
0 0.20546875 0.81015625 0.03125 0.10390625
0 0.72578125 0.67421875 0.03828125 0.0640625
0 0.171875 0.81328125 0.03203125 0.1015625
0 0.06328125 0.81484375 0.115625 0.09296875
0 0.9515625 0.628125 0.0484375 0.065625
0 0.8984375 0.60390625 0.0421875 0.01796875
0 0.90234375 0.65 0.05234375 0.06171875
0 0.84375 0.646875 0.059375 0.08828125
0 0.796875 0.67421875 0.03828125 0.065625
0 0.1390625 0.81328125 0.025 0.09921875
0 0.73359375 0.6 0.028125 0.04921875
0 0.09375 0.62734375 0.08359375 0.03359375
0 0.65859375 0.584375 0.05859375 0.07734375
0 0.92109375 0.41015625 0.04375 0.03359375
0 0.87890625 0.41015625 0.0375 0.0328125
0 0.80234375 0.3859375 0.0546875 0.078125
0 0.74375 0.38203125 0.0484375 0.075
0 0.69140625 0.38359375 0.04453125 0.0640625
0 0.64140625 0.3828125 0.03984375 0.0703125
0 0.59921875 0.38125 0.04375 0.071875
0 0.5484375 0.38046875 0.04296875 0.0703125
0 0.49921875 0.3796875 0.04296875 0.06796875
0 0.70390625 0.60234375 0.02890625 0.04765625
0 0.40625 0.3796875 0.04609375 0.07578125
0 0.359375 0.3796875 0.040625 0.0796875
0 0.31171875 0.37421875 0.04296875 0.08359375
0 0.25390625 0.37734375 0.053125 0.07421875
0 0.20390625 0.3796875 0.04140625 0.07734375
0 0.15390625 0.3734375 0.04921875 0.0703125
0 0.05546875 0.32109375 0.1015625 0.09765625
0 0.73515625 0.271875 0.03359375 0.0796875
0 0.69296875 0.26640625 0.0390625 0.071875
0 0.64921875 0.26640625 0.04296875 0.0734375
0 0.60703125 0.26796875 0.03359375 0.07265625
0 0.5421875 0.2640625 0.08046875 0.078125
0 0.45859375 0.26640625 0.08046875 0.075
0 0.96640625 0.41171875 0.04375 0.03359375
0 0.35859375 0.26015625 0.08125 0.078125
0 0.16015625 0.24609375 0.09921875 0.10390625
0 0.94375 0.12890625 0.040625 0.11875
0 0.77421875 0.26796875 0.040625 0.07890625
0 0.81484375 0.26640625 0.03671875 0.08046875
0 0.853125 0.2671875 0.03984375 0.0796875
0 0.91796875 0.30859375 0.07734375 0.08203125
0 0.26171875 0.24609375 0.1 0.10234375
0 0.8765625 0.44140625 0.040625 0.0296875
0 0.45546875 0.37890625 0.04375 0.06875
0 0.9671875 0.44375 0.040625 0.0296875
0 0.59609375 0.5859375 0.0625 0.07578125
0 0.5375 0.58359375 0.05234375 0.07578125
0 0.4828125 0.5859375 0.05390625 0.078125
0 0.921875 0.44296875 0.040625 0.0296875
0 0.371875 0.58671875 0.04296875 0.06953125
0 0.3203125 0.59140625 0.0515625 0.0609375
0 0.190625 0.57890625 0.084375 0.06171875
0 0.09375 0.67109375 0.08125 0.04453125
0 0.08828125 0.58671875 0.0921875 0.0421875
0 0.9875 0.55546875 0.025 0.02890625
0 0.95234375 0.5515625 0.0421875 0.03046875
0 0.90625 0.55078125 0.04140625 0.03125
0 0.85625 0.5484375 0.0453125 0.03359375
0 0.97734375 0.50625 0.0453125 0.04375
0 0.903125 0.509375 0.05859375 0.0390625
0 0.4265625 0.59375 0.0546875 0.0609375
0 0.68515625 0.51015625 0.03515625 0.03828125
0 0.7953125 0.484375 0.04765625 0.08359375
0 0.2921875 0.4859375 0.06171875 0.075
0 0.2296875 0.48671875 0.0515625 0.0734375
0 0.084375 0.4765625 0.084375 0.1
0 0.02578125 0.47265625 0.03203125 0.1078125
0 0.35546875 0.48984375 0.0578125 0.06640625
0 0.4109375 0.48671875 0.0421875 0.078125
0 0.1671875 0.48515625 0.065625 0.08046875
0 0.503125 0.48828125 0.04453125 0.075
0 0.55 0.48515625 0.04296875 0.075
0 0.596875 0.48359375 0.0421875 0.08203125
0 0.64140625 0.484375 0.0453125 0.0859375
0 0.45625 0.48359375 0.0453125 0.07890625
0 0.73828125 0.49296875 0.06328125 0.0671875