0 0.1671875 0.3734375 0.12734375 0.021875
0 0.4625 0.32265625 0.06171875 0.01796875
0 0.46171875 0.30234375 0.0546875 0.02109375
0 0.46171875 0.27421875 0.05625 0.0265625
0 0.403125 0.2921875 0.04375 0.0734375
0 0.3515625 0.2875 0.059375 0.08515625
0 0.2796875 0.2859375 0.053125 0.08046875
0 0.1390625 0.28671875 0.2203125 0.084375
0 0.13125 0.2203125 0.178125 0.03984375
0 0.540625 0.315625 0.07734375 0.0296875
0 0.32265625 0.559375 0.04296875 0.07109375
0 0.42109375 0.5640625 0.0453125 0.065625
0 0.46953125 0.56484375 0.0453125 0.05703125
0 0.525 0.56640625 0.046875 0.0671875
0 0.1421875 0.425 0.16875 0.0765625
0 0.73515625 0.56328125 0.03984375 0.0734375
0 0.92265625 0.29609375 0.1546875 0.08828125
0 0.74453125 0.29375 0.1953125 0.0765625
0 0.60703125 0.30078125 0.034375 0.0625
0 0.371875 0.55703125 0.04765625 0.0625
0 0.5359375 0.2875 0.08125 0.0203125
0 0.2734375 0.55703125 0.04609375 0.0734375
0 0.1421875 0.553125 0.209375 0.08125
0 0.31328125 0.42421875 0.05390625 0.075
0 0.371875 0.421875 0.05625 0.0734375
0 0.42421875 0.425 0.04296875 0.07421875
0 0.46796875 0.43203125 0.0421875 0.06015625
0 0.51484375 0.43828125 0.04765625 0.05625
0 0.5671875 0.425 0.04765625 0.07890625
0 0.61328125 0.42734375 0.04765625 0.08359375
0 0.66015625 0.42421875 0.04296875 0.0859375
0 0.69609375 0.4265625 0.03203125 0.0890625
0 0.73671875 0.425 0.046875 0.08671875
0 0.78203125 0.4265625 0.03671875 0.08515625
0 0.828125 0.42890625 0.053125 0.07890625
0 0.8828125 0.434375 0.0359375 0.078125
0 0.9265625 0.43359375 0.0484375 0.0796875
0 0.96953125 0.434375 0.03828125 0.0796875
0 0.2625 0.36796875 0.05 0.021875
0 0.26171875 0.4203125 0.0484375 0.0765625
0 0.93046875 0.3828125 0.046875 0.0234375
0 0.97890625 0.3828125 0.0421875 0.01953125
0 0.321875 0.37421875 0.05390625 0.01953125
0 0.88203125 0.3828125 0.04296875 0.0234375
0 0.6890625 0.5640625 0.03515625 0.07578125
0 0.8375 0.84765625 0.05546875 0.0265625
0 0.57890625 0.67890625 0.0375 0.065625
0 0.52421875 0.69921875 0.0453125 0.03671875
0 0.5234375 0.65859375 0.0515625 0.04375
0 0.903125 0.846875 0.0625 0.02734375
0 0.47421875 0.6859375 0.04609375 0.05859375
0 0.4125 0.7015625 0.05078125 0.0234375
0 0.4125 0.66328125 0.0546875 0.04921875
0 0.359375 0.67578125 0.04921875 0.0765625
0 0.30859375 0.67265625 0.04609375 0.08515625
0 0.25625 0.67109375 0.0375 0.07734375
0 0.1359375 0.66875 0.19765625 0.084375
0 0.959375 0.59296875 0.06953125 0.0203125
0 0.896875 0.5953125 0.05078125 0.01796875
0 0.95546875 0.56875 0.06171875 0.02734375
0 0.8953125 0.56953125 0.05546875 0.02890625
0 0.959375 0.5375 0.0609375 0.02734375
0 0.8984375 0.53671875 0.05390625 0.0296875
0 0.83359375 0.5359375 0.05625 0.028125
0 0.83515625 0.56640625 0.05546875 0.0296875
0 0.83515625 0.59375 0.06328125 0.01953125
0 0.778125 0.56640625 0.04140625 0.07890625
0 0.59921875 0.56640625 0.0265625 0.06953125
0 0.64375 0.5625 0.05078125 0.0734375
0 0.61875 0.68046875 0.0359375 0.07109375
0 0.6546875 0.6796875 0.03359375 0.06640625
0 0.46875 0.63984375 0.03515625 0.0265625
0 0.74609375 0.68125 0.0484375 0.071875
0 0.97109375 0.8140625 0.0578125 0.08046875
0 0.903125 0.81796875 0.05859375 0.0265625
0 0.84296875 0.8203125 0.05234375 0.0234375
0 0.89921875 0.78828125 0.05078125 0.0296875
0 0.840625 0.78828125 0.05703125 0.03359375
0 0.69296875 0.68203125 0.04296875 0.07109375
0 0.74921875 0.80625 0.04609375 0.1140625
0 0.56875 0.56640625 0.02734375 0.06171875
0 0.7046875 0.803125 0.040625 0.11015625
0 0.6640625 0.81484375 0.02578125 0.0921875
0 0.62890625 0.81328125 0.03828125 0.09140625
0 0.7921875 0.82265625 0.03046875 0.07578125
0 0.54921875 0.8140625 0.0375 0.08671875
0 0.5 0.8109375 0.05234375 0.096875
0 0.3671875 0.8078125 0.1984375 0.08984375
0 0.13984375 0.81484375 0.240625 0.09765625
0 0.9265625 0.7046875 0.09609375 0.03671875
0 0.9203125 0.6640625 0.071875 0.0359375
0 0.85703125 0.684375 0.04140625 0.06484375
0 0.79921875 0.709375 0.053125 0.02109375
0 0.80390625 0.68125 0.05 0.0296875
0 0.80390625 0.64765625 0.05390625 0.02734375
0 0.58671875 0.81640625 0.0375 0.090625