0 0.2296875 0.63671875 0.021875 0.09375
0 0.3671875 0.65859375 0.03125 0.1
0 0.25546875 0.640625 0.021875 0.09375
0 0.28046875 0.64296875 0.02265625 0.09375
0 0.30625 0.64765625 0.02421875 0.09609375
0 0.334375 0.6546875 0.02734375 0.1
0 0.3984375 0.6640625 0.02734375 0.10078125
0 0.540625 0.553125 0.02265625 0.08125
0 0.45859375 0.675 0.02578125 0.103125
0 0.490625 0.67890625 0.02890625 0.103125
0 0.5234375 0.684375 0.02890625 0.1078125
0 0.55390625 0.68828125 0.02890625 0.11015625
0 0.56796875 0.55625 0.03125 0.084375
0 0.20546875 0.63203125 0.02109375 0.090625
0 0.42890625 0.6703125 0.02578125 0.10234375
0 0.18125 0.628125 0.02421875 0.0875
0 0.79296875 0.60859375 0.02890625 0.06796875
0 0.22421875 0.525 0.01875 0.07109375
0 0.5140625 0.5515625 0.02421875 0.0796875
0 0.48515625 0.5484375 0.02734375 0.0796875
0 0.45625 0.546875 0.02734375 0.0796875
0 0.4296875 0.54375 0.02265625 0.07890625
0 0.40546875 0.5421875 0.02421875 0.078125
0 0.37890625 0.5390625 0.02421875 0.078125
0 0.9015625 0.6203125 0.03671875 0.07265625
0 0.859375 0.61640625 0.03515625 0.06953125
0 0.825 0.61171875 0.02890625 0.06875
0 0.7609375 0.60390625 0.03125 0.06875
0 0.728125 0.59921875 0.02734375 0.06640625
0 0.69765625 0.596875 0.02421875 0.065625
0 0.66796875 0.59296875 0.025 0.0625
0 0.63515625 0.56015625 0.03125 0.08515625
0 0.6015625 0.5578125 0.03125 0.084375
0 0.35234375 0.53671875 0.02421875 0.07578125
0 0.3296875 0.53359375 0.0203125 0.0734375
0 0.30703125 0.53125 0.01875 0.07265625
0 0.28671875 0.53046875 0.0203125 0.071875
0 0.26484375 0.52890625 0.01875 0.071875
0 0.24453125 0.52734375 0.01875 0.071875
0 0.15234375 0.62578125 0.02421875 0.0875
0 0.87890625 0.48515625 0.04296875 0.0875
0 0.85078125 0.76015625 0.04140625 0.08828125
0 0.53828125 0.21796875 0.0390625 0.08984375
0 0.38828125 0.23203125 0.02421875 0.08125
0 0.36328125 0.2328125 0.021875 0.08203125
0 0.33828125 0.23515625 0.02421875 0.0796875
0 0.31328125 0.2375 0.02265625 0.078125
0 0.28984375 0.2390625 0.0203125 0.07890625
0 0.2671875 0.23984375 0.021875 0.0765625
0 0.24453125 0.25234375 0.01640625 0.05703125
0 0.221875 0.253125 0.0234375 0.05546875
0 0.19765625 0.2546875 0.0234375 0.05625
0 0.5421875 0.3296875 0.03125 0.078125
0 0.9046875 0.76953125 0.0484375 0.0921875
0 0.95859375 0.77734375 0.0515625 0.08984375
0 0.83203125 0.484375 0.0390625 0.08828125
0 0.803125 0.753125 0.0421875 0.08828125
0 0.7578125 0.74609375 0.04140625 0.08359375
0 0.715625 0.73828125 0.03671875 0.0828125
0 0.675 0.7296875 0.03671875 0.08203125
0 0.41328125 0.228125 0.02109375 0.08515625
0 0.4359375 0.2265625 0.02265625 0.08359375
0 0.46484375 0.22421875 0.028125 0.08359375
0 0.50078125 0.221875 0.0328125 0.08671875
0 0.3703125 0.33515625 0.02421875 0.07109375
0 0.34296875 0.33671875 0.02421875 0.0703125
0 0.3171875 0.3359375 0.02265625 0.07265625
0 0.29140625 0.3359375 0.02265625 0.0734375
0 0.26640625 0.33671875 0.0203125 0.06796875
0 0.24453125 0.3359375 0.01875 0.06796875
0 0.21953125 0.33671875 0.025 0.06796875
0 0.95625 0.1984375 0.0484375 0.08984375
0 0.63515625 0.72265625 0.03828125 0.0796875
0 0.90625 0.203125 0.0421875 0.0875
0 0.8125 0.20859375 0.04296875 0.08984375
0 0.76875 0.21484375 0.03828125 0.0859375
0 0.45 0.3328125 0.02578125 0.07421875
0 0.4796875 0.33203125 0.02734375 0.07421875
0 0.72734375 0.2171875 0.040625 0.08671875
0 0.68359375 0.22109375 0.04375 0.08359375
0 0.62890625 0.203125 0.04140625 0.10546875
0 0.50859375 0.33046875 0.02890625 0.078125
0 0.86171875 0.20703125 0.04296875 0.0890625
0 0.5921875 0.69453125 0.03671875 0.11796875
0 0.575 0.32890625 0.0328125 0.0796875
0 0.61953125 0.3265625 0.0375 0.08125
0 0.925 0.48671875 0.0421875 0.08984375
0 0.9734375 0.48984375 0.046875 0.09140625
0 0.97734375 0.62890625 0.0375 0.0734375
0 0.93984375 0.62421875 0.03359375 0.075
0 0.78984375 0.48046875 0.0375 0.08203125
0 0.75 0.47890625 0.03359375 0.08203125
0 0.7125 0.47734375 0.03359375 0.0796875
0 0.39609375 0.3328125 0.02421875 0.07421875
0 0.6234375 0.44453125 0.03671875 0.09921875
0 0.58359375 0.44296875 0.03671875 0.09609375
0 0.5453125 0.4421875 0.03515625 0.096875
0 0.51015625 0.4421875 0.03046875 0.09375
0 0.47421875 0.440625 0.0328125 0.090625
0 0.43984375 0.4390625 0.03125 0.08984375
0 0.6734375 0.47578125 0.03671875 0.07890625
0 0.37421875 0.43671875 0.03046875 0.08671875
0 0.4078125 0.4390625 0.03125 0.08828125
0 0.98828125 0.3421875 0.0234375 0.08671875
0 0.95 0.34296875 0.0484375 0.084375
0 0.9 0.34375 0.04375 0.08828125
0 0.85703125 0.34453125 0.0359375 0.0875
0 0.809375 0.34609375 0.0484375 0.08515625
0 0.42421875 0.334375 0.02421875 0.0734375
0 0.725 0.34765625 0.03671875 0.08125
0 0.684375 0.34765625 0.0390625 0.08125
0 0.26171875 0.4328125 0.0296875 0.08125
0 0.290625 0.434375 0.025 0.08203125
0 0.31640625 0.4359375 0.02421875 0.084375
0 0.34453125 0.4359375 0.0265625 0.08515625
0 0.76328125 0.34765625 0.0359375 0.08203125