0 0.99140625 0.66875 0.01640625 0.0828125
0 0.8890625 0.82265625 0.05703125 0.134375
0 0.95 0.8203125 0.05546875 0.1390625
0 0.82734375 0.83359375 0.059375 0.10546875
0 0.7671875 0.83046875 0.0578125 0.109375
0 0.6625 0.8359375 0.0359375 0.1140625
0 0.62421875 0.8375 0.0359375 0.1140625
0 0.58671875 0.8390625 0.0359375 0.1140625
0 0.54453125 0.83828125 0.0359375 0.1140625
0 0.959375 0.66875 0.02578125 0.07890625
0 0.50859375 0.8421875 0.034375 0.10859375
0 0.475 0.84140625 0.03203125 0.109375
0 0.709375 0.83359375 0.05625 0.10703125
0 0.92265625 0.6546875 0.0265625 0.07109375
0 0.5734375 0.5953125 0.053125 0.05546875
0 0.865625 0.6546875 0.0296875 0.07421875
0 0.81171875 0.6703125 0.0453125 0.05703125
0 0.79296875 0.59375 0.03828125 0.05234375
0 0.74375 0.596875 0.03828125 0.05625
0 0.70234375 0.59453125 0.0390625 0.05234375
0 0.65859375 0.590625 0.03515625 0.053125
0 0.6203125 0.59296875 0.0375 0.05
0 0.51171875 0.5921875 0.0640625 0.0640625
0 0.4390625 0.5890625 0.06640625 0.0640625
0 0.37109375 0.59375 0.0640625 0.05546875
0 0.2984375 0.59375 0.07578125 0.05390625
0 0.2109375 0.584375 0.08671875 0.07109375
0 0.4390625 0.84140625 0.03203125 0.109375
0 0.13125 0.58359375 0.0671875 0.06953125
0 0.90078125 0.65234375 0.0171875 0.07421875
0 0.40234375 0.8421875 0.03203125 0.109375
0 0.3765625 0.6921875 0.028125 0.0421875
0 0.0671875 0.84921875 0.03203125 0.09921875
0 0.06796875 0.5828125 0.05234375 0.0703125
0 0.74765625 0.67265625 0.065625 0.06171875
0 0.6625 0.67265625 0.06484375 0.06171875
0 0.496875 0.64921875 0.046875 0.01875
0 0.6171875 0.69140625 0.02265625 0.04140625
0 0.59296875 0.69296875 0.025 0.04375
0 0.5625 0.6921875 0.02890625 0.0453125
0 0.53203125 0.69140625 0.02421875 0.04375
0 0.50859375 0.69140625 0.02265625 0.04375
0 0.4828125 0.69140625 0.02578125 0.04140625
0 0.45390625 0.69140625 0.02265625 0.04296875
0 0.42890625 0.6921875 0.02421875 0.0453125
0 0.34765625 0.69375 0.0234375 0.03984375
0 0.3234375 0.69296875 0.0203125 0.0390625
0 0.36484375 0.84609375 0.03203125 0.109375
0 0.2859375 0.68359375 0.02265625 0.01953125
0 0.2171875 0.69375 0.025 0.040625
0 0.19453125 0.6859375 0.015625 0.04375
0 0.17265625 0.68671875 0.02421875 0.0453125
0 0.1390625 0.690625 0.02421875 0.0453125
0 0.10546875 0.69296875 0.0265625 0.040625
0 0.06875 0.68671875 0.04140625 0.04140625
0 0.096875 0.0984375 0.1140625 0.10546875
0 0.334375 0.81484375 0.02578125 0.1
0 0.30078125 0.83046875 0.03828125 0.10390625
0 0.25859375 0.84453125 0.0328125 0.10625
0 0.225 0.8328125 0.03359375 0.09453125
0 0.1859375 0.8484375 0.0359375 0.10390625
0 0.1484375 0.84453125 0.03515625 0.1046875
0 0.1046875 0.85 0.03984375 0.10078125
0 0.2484375 0.68671875 0.0234375 0.03828125
0 0.96640625 0.515625 0.0671875 0.06953125
0 0.68125 0.25546875 0.08671875 0.0859375
0 0.94140625 0.45546875 0.0703125 0.04765625
0 0.38203125 0.2625 0.03828125 0.065625
0 0.3421875 0.2578125 0.03828125 0.05703125
0 0.4734375 0.2546875 0.0390625 0.07890625
0 0.428125 0.25546875 0.04765625 0.08125
0 0.51640625 0.2578125 0.0453125 0.07421875
0 0.56484375 0.2578125 0.0421875 0.0765625
0 0.6125 0.25859375 0.04453125 0.075
0 0.75625 0.25703125 0.0546875 0.08671875
0 0.8125 0.2578125 0.05078125 0.08125
0 0.98359375 0.24609375 0.0328125 0.0703125
0 0.9453125 0.24765625 0.03984375 0.06875
0 0.90078125 0.2453125 0.03359375 0.06640625
0 0.86640625 0.24609375 0.03515625 0.06796875
0 0.97578125 0.1453125 0.0484375 0.053125
0 0.9265625 0.12890625 0.04296875 0.08984375
0 0.87578125 0.1265625 0.053125 0.08515625
0 0.828125 0.12890625 0.0328125 0.08046875
0 0.78046875 0.12109375 0.05234375 0.08828125
0 0.69765625 0.13984375 0.04609375 0.0484375
0 0.64921875 0.1234375 0.0453125 0.0796875
0 0.59921875 0.12109375 0.05390625 0.0765625
0 0.5453125 0.14296875 0.028125 0.0328125
0 0.50703125 0.121875 0.0453125 0.07265625
0 0.4609375 0.11953125 0.0421875 0.078125
0 0.41328125 0.11796875 0.046875 0.07578125
0 0.36171875 0.11328125 0.0484375 0.08515625
0 0.30859375 0.109375 0.05 0.08515625
0 0.25 0.09375 0.0625 0.1109375
0 0.18828125 0.09296875 0.06015625 0.11171875
0 0.24453125 0.25078125 0.04453125 0.07578125
0 0.29453125 0.2515625 0.0515625 0.07578125
0 0.15390625 0.2484375 0.04609375 0.0734375
0 0.0734375 0.23359375 0.109375 0.10703125
0 0.89375 0.45625 0.01875 0.04609375
0 0.8515625 0.49140625 0.059375 0.1078125
0 0.78671875 0.4953125 0.06171875 0.06484375
0 0.7359375 0.496875 0.03671875 0.0609375
0 0.6875 0.4796875 0.04765625 0.0859375
0 0.6328125 0.48828125 0.040625 0.07421875
0 0.57734375 0.48671875 0.0515625 0.07890625
0 0.525 0.48515625 0.04921875 0.08046875
0 0.471875 0.484375 0.04921875 0.0765625
0 0.41953125 0.48359375 0.0453125 0.08046875
0 0.3578125 0.48203125 0.06875 0.078125
0 0.28515625 0.48515625 0.065625 0.07265625
0 0.2140625 0.48515625 0.0734375 0.07265625
0 0.14453125 0.484375 0.06171875 0.0734375
0 0.90859375 0.51328125 0.046875 0.06328125
0 0.06875 0.48046875 0.0765625 0.0796875
0 0.89453125 0.37578125 0.03046875 0.05625
0 0.84140625 0.378125 0.06484375 0.05859375
0 0.75546875 0.36953125 0.03984375 0.06953125
0 0.70625 0.36875 0.05 0.06796875
0 0.65390625 0.36640625 0.0484375 0.0734375
0 0.60078125 0.3671875 0.05625 0.07109375
0 0.4890625 0.365625 0.05 0.07421875
0 0.4359375 0.3640625 0.046875 0.07109375
0 0.38359375 0.36328125 0.05078125 0.07109375
0 0.32890625 0.36328125 0.046875 0.07421875
0 0.26640625 0.3625 0.059375 0.07265625
0 0.2015625 0.3625 0.0578125 0.06796875
0 0.1359375 0.3578125 0.0734375 0.07734375
0 0.059375 0.35703125 0.0765625 0.075
0 0.9671875 0.36953125 0.06484375 0.125
0 0.5453125 0.365625 0.0484375 0.07109375