0 0.70859375 0.53046875 0.059375 0.0984375
0 0.72265625 0.7765625 0.07109375 0.0421875
0 0.96796875 0.32890625 0.03203125 0.09765625
0 0.94609375 0.41328125 0.03359375 0.059375
0 0.94140625 0.47109375 0.03125 0.0546875
0 0.91875 0.540625 0.03984375 0.07734375
0 0.88359375 0.41953125 0.05078125 0.084375
0 0.8234375 0.41875 0.0515625 0.0828125
0 0.7515625 0.40625 0.05859375 0.09921875
0 0.69140625 0.40703125 0.06171875 0.1
0 0.63515625 0.4140625 0.04765625 0.08671875
0 0.5859375 0.41328125 0.05078125 0.08671875
0 0.5375 0.41328125 0.04765625 0.0875
0 0.4875 0.4078125 0.04921875 0.096875
0 0.4359375 0.4078125 0.05234375 0.09765625
0 0.05703125 0.346875 0.1140625 0.05625
0 0.3859375 0.4171875 0.04609375 0.07578125
0 0.278125 0.4171875 0.05546875 0.0796875
0 0.2171875 0.41484375 0.05859375 0.08046875
0 0.15625 0.4140625 0.06328125 0.08046875
0 0.06875 0.4453125 0.11328125 0.0703125
0 0.86171875 0.5390625 0.04453125 0.078125
0 0.81796875 0.5390625 0.04453125 0.078125
0 0.76640625 0.5296875 0.05703125 0.096875
0 0.65390625 0.5375 0.04765625 0.084375
0 0.6046875 0.53671875 0.0515625 0.0828125
0 0.54765625 0.5359375 0.04296875 0.084375
0 0.49921875 0.53203125 0.053125 0.09453125
0 0.44375 0.53125 0.05546875 0.09296875
0 0.3859375 0.53828125 0.05390625 0.0703125
0 0.33359375 0.4171875 0.05546875 0.078125
0 0.334375 0.5375 0.05234375 0.07265625
0 0.06796875 0.31015625 0.09609375 0.015625
0 0.075 0.22578125 0.06484375 0.08125
0 0.2265625 0.87421875 0.06484375 0.08984375
0 0.29609375 0.871875 0.06953125 0.09140625
0 0.5 0.86875 0.07109375 0.09296875
0 0.87109375 0.0984375 0.090625 0.1375
0 0.78359375 0.096875 0.07421875 0.134375
0 0.696875 0.0921875 0.09296875 0.1359375
0 0.60234375 0.09296875 0.09921875 0.1359375
0 0.5109375 0.0875 0.084375 0.1328125
0 0.4265625 0.08515625 0.08671875 0.1375
0 0.33828125 0.0859375 0.0890625 0.1359375
0 0.2421875 0.084375 0.10078125 0.1375
0 0.14296875 0.08203125 0.09765625 0.1328125
0 0.9546875 0.1 0.07578125 0.1375
0 0.02109375 0.225 0.04140625 0.08125
0 0.93828125 0.27265625 0.02890625 0.0875
0 0.85234375 0.27265625 0.04609375 0.090625
0 0.7953125 0.259375 0.06171875 0.109375
0 0.73515625 0.26015625 0.06015625 0.109375
0 0.67734375 0.2671875 0.05 0.0921875
0 0.6296875 0.2671875 0.04765625 0.09375
0 0.5765625 0.2671875 0.05703125 0.0953125
0 0.51796875 0.2625 0.05703125 0.103125
0 0.4578125 0.26171875 0.06015625 0.103125
0 0.3984375 0.2703125 0.05859375 0.0796875
0 0.33828125 0.26953125 0.06015625 0.08359375
0 0.27734375 0.26875 0.06171875 0.0828125
0 0.21328125 0.26875 0.06328125 0.08125
0 0.1484375 0.26796875 0.06484375 0.08203125
0 0.8984375 0.27265625 0.04765625 0.08984375
0 0.27890625 0.53828125 0.05703125 0.0734375
0 0.22734375 0.52734375 0.04765625 0.0953125
0 0.1734375 0.5265625 0.0609375 0.09453125
0 0.32890625 0.7328125 0.05078125 0.04921875
0 0.278125 0.73359375 0.05078125 0.0484375
0 0.22734375 0.73359375 0.05 0.05
0 0.178125 0.734375 0.04921875 0.05
0 0.42734375 0.74375 0.04375 0.04140625
0 0.42734375 0.78125 0.04609375 0.0328125
0 0.475 0.73984375 0.0484375 0.034375
0 0.4734375 0.77734375 0.04765625 0.0375
0 0.52265625 0.740625 0.046875 0.0359375
0 0.52109375 0.77734375 0.046875 0.0375
0 0.584375 0.7328125 0.07109375 0.0453125
0 0.65625 0.7328125 0.0703125 0.04375
0 0.7265625 0.7328125 0.07265625 0.04453125
0 0.1828125 0.7765625 0.0515625 0.0359375
0 0.7984375 0.73203125 0.07109375 0.0453125
0 0.8640625 0.778125 0.06953125 0.0375
0 0.79453125 0.77578125 0.06875 0.040625
0 0.36171875 0.8734375 0.0625 0.0890625
0 0.65234375 0.77734375 0.06953125 0.040625
0 0.58046875 0.77734375 0.07265625 0.0390625
0 0.9390625 0.73671875 0.0671875 0.04375
0 0.93515625 0.77734375 0.06796875 0.0390625
0 0.9703125 0.87578125 0.059375 0.0890625
0 0.89765625 0.871875 0.08671875 0.090625
0 0.82109375 0.8703125 0.06328125 0.0921875
0 0.75625 0.8703125 0.0640625 0.09375
0 0.675 0.8671875 0.09453125 0.09609375
0 0.58359375 0.86875 0.090625 0.096875
0 0.86796875 0.734375 0.06640625 0.0484375
0 0.2328125 0.7765625 0.04609375 0.0359375
0 0.28203125 0.7765625 0.05390625 0.0359375
0 0.33203125 0.77578125 0.04375 0.0375
0 0.084375 0.5546875 0.10234375 0.065625
0 0.96015625 0.65859375 0.04375 0.06875
0 0.91796875 0.65234375 0.03828125 0.08046875
0 0.8796875 0.65234375 0.03828125 0.08125
0 0.83984375 0.65234375 0.040625 0.08125
0 0.79921875 0.65078125 0.04140625 0.084375
0 0.759375 0.65 0.0390625 0.0828125
0 0.7171875 0.64921875 0.03984375 0.08125
0 0.67890625 0.65 0.03671875 0.0796875
0 0.64453125 0.64765625 0.0328125 0.08125
0 0.6078125 0.6484375 0.04140625 0.0828125
0 0.56484375 0.646875 0.0375 0.08125
0 0.52421875 0.64609375 0.04140625 0.084375
0 0.48125 0.64609375 0.0453125 0.084375
0 0.428125 0.65234375 0.0578125 0.0234375
0 0.42734375 0.6765625 0.059375 0.02578125
0 0.36953125 0.65234375 0.05625 0.02265625
0 0.3671875 0.67578125 0.0578125 0.0234375
0 0.30859375 0.640625 0.0625 0.021875
0 0.309375 0.6578125 0.06171875 0.01171875
0 0.3078125 0.6765625 0.0578125 0.0265625
0 0.2453125 0.64375 0.06328125 0.03125
0 0.246875 0.675 0.06171875 0.0296875
0 0.18203125 0.6453125 0.0640625 0.03359375
0 0.1828125 0.675 0.06328125 0.028125
0 0.0921875 0.64375 0.11171875 0.0671875
0 0.1 0.7109375 0.10234375 0.0265625
0 0.09921875 0.74921875 0.1078125 0.0453125
0 0.37890625 0.771875 0.04765625 0.0484375
0 0.16171875 0.875 0.065625 0.0890625
0 0.0734375 0.8640625 0.10625 0.1078125
0 0.43046875 0.8703125 0.06640625 0.096875