0 0.7 0.9640625 0.06171875 0.0265625
0 0.86875 0.66875 0.01953125 0.03828125
0 0.79375 0.70234375 0.05078125 0.08828125
0 0.95390625 0.83359375 0.0609375 0.09375
0 0.85546875 0.7921875 0.10859375 0.05234375
0 0.8859375 0.940625 0.05078125 0.10625
0 0.8046875 0.928125 0.04140625 0.09921875
0 0.621875 0.909375 0.07890625 0.08203125
0 0.56015625 0.78515625 0.04140625 0.07265625
0 0.328125 0.82578125 0.121875 0.04375
0 0.7484375 0.82734375 0.05546875 0.06171875
0 0.69453125 0.81171875 0.0390625 0.07890625
0 0.63359375 0.8 0.05234375 0.08125
0 0.87421875 0.70859375 0.01328125 0.03125
0 0.5078125 0.7734375 0.0390625 0.059375
0 0.45703125 0.765625 0.03828125 0.065625
0 0.3921875 0.77421875 0.03984375 0.04296875
0 0.5375 0.87890625 0.071875 0.0765625
0 0.96953125 0.70078125 0.02265625 0.075
0 0.90859375 0.56640625 0.01640625 0.1109375
0 0.92578125 0.6953125 0.01640625 0.0765625
0 0.39375 0.503125 0.0171875 0.03203125
0 0.428125 0.5046875 0.0453125 0.0375
0 0.42109375 0.46015625 0.0453125 0.04609375
0 0.4703125 0.46015625 0.0484375 0.03828125
0 0.4734375 0.50546875 0.04296875 0.03671875
0 0.52421875 0.515625 0.05078125 0.04375
0 0.5265625 0.47265625 0.05234375 0.04140625
0 0.58984375 0.50859375 0.05625 0.0515625
0 0.653125 0.51015625 0.0546875 0.0546875
0 0.7234375 0.51640625 0.0609375 0.05625
0 0.80859375 0.5578125 0.0703125 0.11875
0 0.853125 0.56484375 0.01640625 0.1109375
0 0.871875 0.5640625 0.015625 0.1109375
0 0.890625 0.5625 0.015625 0.11171875
0 0.346875 0.765625 0.03984375 0.04140625
0 0.9328125 0.53828125 0.015625 0.1625
0 0.95703125 0.54453125 0.015625 0.1625
0 0.9734375 0.54140625 0.015625 0.1625
0 0.9921875 0.54375 0.015625 0.1625
0 0.9484375 0.69609375 0.0125 0.07421875
0 0.3140625 0.74375 0.015625 0.05859375
0 0.22734375 0.728125 0.0171875 0.01640625
0 0.275 0.74609375 0.02265625 0.046875
0 0.209375 0.5875 0.0421875 0.01171875
0 0.25234375 0.5671875 0.03515625 0.06953125
0 0.29609375 0.57421875 0.04609375 0.06796875
0 0.434375 0.60546875 0.05 0.0453125
0 0.4921875 0.6109375 0.0484375 0.04921875
0 0.50546875 0.5625 0.034375 0.03125
0 0.5484375 0.60546875 0.04296875 0.06171875
0 0.59921875 0.60859375 0.0421875 0.0640625
0 0.2078125 0.57421875 0.03828125 0.00703125
0 0.66015625 0.57421875 0.021875 0.02421875
0 0.74453125 0.61484375 0.04296875 0.06796875
0 0.00703125 0.65625 0.0140625 0.215625
0 0.02421875 0.6609375 0.01875 0.2234375
0 0.04140625 0.60703125 0.01171875 0.1140625
0 0.05859375 0.6640625 0.01484375 0.22265625
0 0.10546875 0.6734375 0.0171875 0.2234375
0 0.08203125 0.63984375 0.02109375 0.16796875
0 0.12421875 0.678125 0.0171875 0.234375
0 0.68046875 0.62578125 0.04765625 0.06796875
0 0.209375 0.55859375 0.03984375 0.01953125
0 0.6640625 0.68671875 0.0828125 0.025
0 0.646875 0.72109375 0.07890625 0.0375
0 0.25 0.73046875 0.02734375 0.0203125
0 0.25078125 0.7484375 0.01640625 0.01875
0 0.23046875 0.74765625 0.01640625 0.01796875
0 0.36640625 0.50078125 0.0296875 0.046875
0 0.209375 0.72578125 0.015625 0.015625
0 0.2109375 0.7453125 0.021875 0.015625
0 0.22734375 0.65 0.0296875 0.0125
0 0.2203125 0.66640625 0.02734375 0.015625
0 0.26015625 0.66640625 0.0296875 0.03515625
0 0.2875 0.66796875 0.0203125 0.0328125
0 0.3171875 0.684375 0.02734375 0.0296875
0 0.35 0.68828125 0.02890625 0.03125
0 0.31171875 0.63671875 0.03046875 0.02578125
0 0.34296875 0.6390625 0.02734375 0.02578125
0 0.390625 0.68984375 0.03125 0.034375
0 0.4265625 0.69375 0.0328125 0.03671875
0 0.4890625 0.678125 0.03203125 0.0390625
0 0.55859375 0.68828125 0.07890625 0.03359375
0 0.55703125 0.72265625 0.08125 0.028125
0 0.29375 0.7421875 0.0140625 0.06640625
0 0.315625 0.49609375 0.0421875 0.05859375
0 0.04765625 0.4171875 0.02421875 0.0734375
0 0.146875 0.5109375 0.034375 0.07109375
0 0.1125 0.20703125 0.03203125 0.07421875
0 0.075 0.20703125 0.03046875 0.059375
0 0.0359375 0.22109375 0.03984375 0.0765625
0 0.62578125 0.22578125 0.06484375 0.16484375
0 0.5671875 0.234375 0.04609375 0.15625
0 0.51484375 0.2359375 0.053125 0.1546875
0 0.46015625 0.2375 0.04765625 0.14609375
0 0.9875 0.26640625 0.025 0.07109375
0 0.153125 0.209375 0.04375 0.078125
0 0.93359375 0.253125 0.0546875 0.090625
0 0.8 0.22421875 0.03515625 0.03125
0 0.7859375 0.2578125 0.025 0.02578125
0 0.8140625 0.25625 0.01953125 0.025
0 0.7875 0.28515625 0.0203125 0.025
0 0.81328125 0.28671875 0.0234375 0.02578125
0 0.83046875 0.22578125 0.01875 0.0296875
0 0.41796875 0.278125 0.015625 0.0734375
0 0.3953125 0.27890625 0.02578125 0.071875
0 0.86875 0.25859375 0.0515625 0.08125
0 0.21640625 0.165625 0.0703125 0.07109375
0 0.45234375 0.12734375 0.0703125 0.05859375
0 0.28203125 0.16015625 0.05078125 0.0796875
0 0.98984375 0.1203125 0.01953125 0.0171875
0 0.99453125 0.10234375 0.0109375 0.0171875
0 0.99296875 0.0828125 0.01328125 0.0140625
0 0.86875 0.13125 0.0328125 0.0109375
0 0.90625 0.1265625 0.0296875 0.01484375
0 0.93984375 0.12265625 0.01953125 0.01328125
0 0.8734375 0.11875 0.02265625 0.009375
0 0.95625 0.11171875 0.02265625 0.00859375
0 0.96171875 0.1 0.021875 0.009375
0 0.88828125 0.109375 0.03125 0.01171875
0 0.83828125 0.0953125 0.03046875 0.02421875
0 0.80234375 0.09609375 0.02265625 0.01875
0 0.76953125 0.1046875 0.0328125 0.02265625
0 0.76640625 0.1328125 0.03046875 0.01875
0 0.834375 0.12421875 0.0234375 0.025
0 0.28828125 0.03828125 0.121875 0.0765625
0 0.18203125 0.04609375 0.08984375 0.08828125
0 0.103125 0.0734375 0.065625 0.07734375
0 0.028125 0.11015625 0.05625 0.0609375
0 0.3703125 0.2796875 0.02265625 0.0671875
0 0.3484375 0.2828125 0.0171875 0.06640625
0 0.32421875 0.284375 0.02734375 0.0671875
0 0.2875 0.275 0.03828125 0.08359375
0 0.4984375 0.37734375 0.01640625 0.03203125
0 0.3890625 0.37421875 0.03125 0.03515625
0 0.45 0.4015625 0.05390625 0.04453125
0 0.34453125 0.37734375 0.03046875 0.02578125
0 0.353125 0.40703125 0.02578125 0.02890625
0 0.26875 0.403125 0.0296875 0.0328125
0 0.31015625 0.375 0.02265625 0.03046875
0 0.28203125 0.37421875 0.02734375 0.025
0 0.2375 0.3828125 0.02578125 0.071875
0 0.2109375 0.38125 0.021875 0.07109375
0 0.18671875 0.38046875 0.01640625 0.06796875
0 0.16328125 0.3796875 0.02109375 0.065625
0 0.11953125 0.4234375 0.03515625 0.065625
0 0.009375 0.41328125 0.01875 0.07421875
0 0.153125 0.6828125 0.03359375 0.234375
0 0.08046875 0.41953125 0.0328125 0.06484375
0 0.01484375 0.50859375 0.0296875 0.05703125
0 0.05234375 0.51171875 0.03359375 0.04609375
0 0.1078125 0.51796875 0.028125 0.0796875
0 0.5375 0.41015625 0.02421875 0.028125
0 0.26875 0.48828125 0.04375 0.065625
0 0.52734375 0.37890625 0.03359375 0.0296875
0 0.6640625 0.38046875 0.0328125 0.0328125
0 0.24765625 0.27734375 0.03125 0.084375
0 0.215625 0.27734375 0.0296875 0.0859375
0 0.1890625 0.29140625 0.02109375 0.05703125
0 0.1671875 0.2921875 0.0140625 0.05546875
0 0.14140625 0.28828125 0.03125 0.06640625
0 0.11640625 0.31328125 0.01171875 0.02890625
0 0.10234375 0.3125 0.01171875 0.03125
0 0.0890625 0.3140625 0.01171875 0.03046875
0 0.07265625 0.315625 0.0140625 0.03125
0 0.05546875 0.31640625 0.009375 0.0296875
0 0.04375 0.3171875 0.01171875 0.0328125
0 0.00625 0.3203125 0.009375 0.03046875
0 0.01875 0.3171875 0.0109375 0.03359375
0 0.03203125 0.3171875 0.01171875 0.03515625
0 0.9515625 0.40078125 0.06328125 0.06953125
0 0.88203125 0.38984375 0.0546875 0.090625
0 0.81484375 0.39296875 0.07109375 0.0796875
0 0.7515625 0.3984375 0.0328125 0.0609375
0 0.7078125 0.39609375 0.03203125 0.0640625
0 0.62421875 0.3796875 0.02890625 0.0328125
0 0.1875 0.70390625 0.01875 0.20703125
0 0.696875 0.92109375 0.0640625 0.04921875