0 0.52109375 0.15078125 0.02734375 0.0625
0 0.4890625 0.153125 0.02734375 0.0625
0 0.41875 0.14765625 0.02578125 0.065625
0 0.45390625 0.15078125 0.034375 0.06640625
0 0.49375 0.5421875 0.02578125 0.07109375
0 0.71328125 0.25625 0.02890625 0.0625
0 0.6859375 0.25703125 0.0234375 0.0640625
0 0.65078125 0.25625 0.02578125 0.06796875
0 0.6203125 0.25546875 0.02734375 0.06953125
0 0.590625 0.2546875 0.02265625 0.071875
0 0.4609375 0.53984375 0.03203125 0.07578125
0 0.5359375 0.53828125 0.0296875 0.075
0 0.56796875 0.53828125 0.02890625 0.06875
0 0.60390625 0.5359375 0.03046875 0.07109375
0 0.6359375 0.53359375 0.03203125 0.06796875
0 0.66875 0.5328125 0.021875 0.06640625
0 0.6984375 0.52734375 0.03515625 0.06796875
0 0.4265625 0.6375 0.02890625 0.059375
0 0.45859375 0.62421875 0.02421875 0.05390625
0 0.50234375 0.6296875 0.02890625 0.06015625
0 0.53671875 0.62890625 0.025 0.05546875
0 0.56953125 0.6234375 0.02890625 0.0625
0 0.56484375 0.253125 0.025 0.0703125
0 0.521875 0.2515625 0.02890625 0.065625
0 0.55546875 0.35390625 0.0296875 0.06796875
0 0.4546875 0.253125 0.03046875 0.071875
0 0.421875 0.5421875 0.0328125 0.08359375
0 0.41484375 0.44921875 0.02421875 0.06484375
0 0.45078125 0.4515625 0.025 0.06484375
0 0.48359375 0.45 0.02421875 0.0640625
0 0.60546875 0.621875 0.028125 0.0625
0 0.515625 0.44609375 0.02578125 0.06796875
0 0.55 0.44609375 0.0203125 0.0640625
0 0.5828125 0.44453125 0.02421875 0.06328125
0 0.6125 0.4421875 0.02109375 0.06171875
0 0.64140625 0.44140625 0.0265625 0.06171875
0 0.490625 0.25546875 0.02734375 0.0765625
0 0.6703125 0.43984375 0.02265625 0.0640625
0 0.45234375 0.359375 0.03125 0.06796875
0 0.4171875 0.35546875 0.02265625 0.06796875
0 0.490625 0.35546875 0.03203125 0.0640625
0 0.52734375 0.35546875 0.025 0.0640625
0 0.5859375 0.35625 0.02734375 0.06484375
0 0.61640625 0.35703125 0.0234375 0.06796875
0 0.646875 0.35390625 0.02421875 0.0609375
0 0.6734375 0.35390625 0.0234375 0.0640625
0 0.70546875 0.35390625 0.0203125 0.06328125
0 0.4171875 0.24921875 0.02890625 0.078125
0 0.7046875 0.43984375 0.025 0.059375
0 0.63359375 0.61328125 0.025 0.0515625
0 0.5796875 0.15859375 0.034375 0.0625
0 0.70234375 0.61484375 0.0328125 0.06015625
0 0.31640625 0.55859375 0.0359375 0.06640625
0 0.275 0.5609375 0.03515625 0.06875
0 0.23515625 0.56328125 0.03828125 0.06640625
0 0.1890625 0.56484375 0.0390625 0.06875
0 0.14609375 0.56953125 0.03828125 0.07265625
0 0.096875 0.571875 0.03828125 0.07109375
0 0.05 0.5765625 0.0375 0.07265625
0 0.0140625 0.57734375 0.02578125 0.06796875
0 0.09375 0.4671875 0.0421875 0.071875
0 0.04375 0.4703125 0.03671875 0.08359375
0 0.1390625 0.46796875 0.0421875 0.0671875
0 0.18359375 0.4671875 0.040625 0.07109375
0 0.23125 0.46328125 0.034375 0.07578125
0 0.2734375 0.46328125 0.03671875 0.071875
0 0.3125 0.4625 0.03203125 0.07265625
0 0.66640625 0.61796875 0.02734375 0.059375
0 0.234375 0.359375 0.040625 0.0765625
0 0.2765625 0.36484375 0.03671875 0.08125
0 0.31796875 0.36328125 0.0390625 0.0796875
0 0.1375 0.359375 0.0421875 0.078125
0 0.09296875 0.36015625 0.0375 0.078125
0 0.04609375 0.3609375 0.0390625 0.075
0 0.00859375 0.36171875 0.0171875 0.08203125
0 0.01640625 0.67890625 0.0296875 0.071875
0 0.05390625 0.67421875 0.03125 0.07109375
0 0.096875 0.66875 0.03828125 0.06640625
0 0.14296875 0.665625 0.0390625 0.0703125
0 0.615625 0.159375 0.025 0.06171875
0 0.64375 0.1625 0.02421875 0.06015625
0 0.6734375 0.15625 0.028125 0.07578125
0 0.7328125 0.16875 0.0578125 0.0609375
0 0.3140625 0.75078125 0.0453125 0.08046875
0 0.26796875 0.75390625 0.03828125 0.09375
0 0.2234375 0.759375 0.03515625 0.09375
0 0.17890625 0.76328125 0.03203125 0.0875
0 0.1328125 0.76796875 0.04140625 0.08515625
0 0.0859375 0.77265625 0.040625 0.0875
0 0.03984375 0.775 0.04296875 0.09375
0 0.3078125 0.25390625 0.0390625 0.08359375
0 0.32578125 0.8421875 0.03515625 0.0578125
0 0.24609375 0.85234375 0.0375 0.065625
0 0.2046875 0.85703125 0.040625 0.059375
0 0.16171875 0.865625 0.03359375 0.065625
0 0.11953125 0.86953125 0.02890625 0.065625
0 0.07890625 0.87578125 0.0421875 0.0671875
0 0.03359375 0.88046875 0.034375 0.06796875
0 0.0046875 0.784375 0.009375 0.084375
0 0.31171875 0.65078125 0.034375 0.0703125
0 0.26796875 0.6546875 0.03203125 0.06640625
0 0.2265625 0.65859375 0.03515625 0.06640625
0 0.184375 0.6625 0.03125 0.06875
0 0.2859375 0.846875 0.03359375 0.0625
0 0.26015625 0.253125 0.0453125 0.07890625
0 0.18984375 0.3609375 0.0453125 0.07890625
0 0.69375 0.7125 0.03515625 0.0625
0 0.0765625 0.25 0.04375 0.0796875
0 0.028125 0.24453125 0.0421875 0.08671875
0 0.17265625 0.24921875 0.040625 0.08515625
0 0.646875 0.7984375 0.02890625 0.05859375
0 0.60703125 0.80078125 0.03125 0.05546875
0 0.56953125 0.80703125 0.025 0.06171875
0 0.53125 0.809375 0.03125 0.05859375
0 0.49765625 0.81640625 0.0296875 0.065625
0 0.46484375 0.821875 0.0296875 0.05625
0 0.425 0.82421875 0.03828125 0.06640625
0 0.2171875 0.24765625 0.0359375 0.078125
0 0.65546875 0.709375 0.021875 0.05234375
0 0.6265625 0.72421875 0.0296875 0.0578125
0 0.58828125 0.71171875 0.01328125 0.0546875
0 0.12421875 0.24765625 0.04140625 0.08203125
0 0.56328125 0.728125 0.025 0.05703125
0 0.49296875 0.73828125 0.0296875 0.06484375
0 0.46171875 0.73984375 0.03046875 0.0578125
0 0.3046875 0.1359375 0.0421875 0.08125
0 0.25625 0.13359375 0.0375 0.07890625
0 0.209375 0.13359375 0.04609375 0.084375
0 0.1640625 0.13125 0.03828125 0.0875
0 0.11328125 0.1265625 0.04140625 0.078125
0 0.06953125 0.1265625 0.04375 0.08046875
0 0.0171875 0.125 0.034375 0.08984375
0 0.425 0.74140625 0.0328125 0.0609375
0 0.53046875 0.73125 0.02890625 0.0578125
0 0.6828125 0.790625 0.034375 0.05390625