0 0.8375 0.215625 0.0609375 0.0953125
0 0.96015625 0.53828125 0.05859375 0.084375
0 0.365625 0.63984375 0.04921875 0.04296875
0 0.42265625 0.64453125 0.0515625 0.04453125
0 0.484375 0.65703125 0.05546875 0.08671875
0 0.55546875 0.65546875 0.05703125 0.0796875
0 0.6265625 0.64453125 0.05546875 0.0578125
0 0.690625 0.6453125 0.0625 0.0515625
0 0.76796875 0.640625 0.06171875 0.0609375
0 0.84375 0.65703125 0.06640625 0.0640625
0 0.94140625 0.66171875 0.08359375 0.059375
0 0.2984375 0.7859375 0.0171875 0.0625
0 0.31875 0.78359375 0.01796875 0.0609375
0 0.33984375 0.7859375 0.015625 0.059375
0 0.3609375 0.7875 0.01640625 0.0640625
0 0.8875 0.54140625 0.07109375 0.08828125
0 0.3875 0.7765625 0.0265625 0.084375
0 0.45 0.778125 0.0265625 0.090625
0 0.4796875 0.778125 0.02421875 0.08359375
0 0.509375 0.77734375 0.0234375 0.090625
0 0.53984375 0.77890625 0.02734375 0.09140625
0 0.578125 0.77734375 0.028125 0.09296875
0 0.609375 0.778125 0.0296875 0.08984375
0 0.64453125 0.77421875 0.028125 0.09609375
0 0.68203125 0.77734375 0.034375 0.09375
0 0.721875 0.7875 0.034375 0.0765625
0 0.76484375 0.79140625 0.03828125 0.07890625
0 0.80859375 0.790625 0.0328125 0.07734375
0 0.84921875 0.78984375 0.0375 0.0734375
0 0.89609375 0.79453125 0.04921875 0.06640625
0 0.94609375 0.7890625 0.04140625 0.07734375
0 0.41875 0.77890625 0.02578125 0.08828125
0 0.9859375 0.7921875 0.028125 0.08359375
0 0.79921875 0.5375 0.0640625 0.08828125
0 0.57890625 0.546875 0.0578125 0.06640625
0 0.51875 0.3578125 0.05234375 0.07734375
0 0.58984375 0.35703125 0.06484375 0.08828125
0 0.6640625 0.35546875 0.078125 0.08515625
0 0.7359375 0.34453125 0.0484375 0.090625
0 0.80546875 0.3484375 0.0625 0.084375
0 0.94765625 0.33984375 0.05546875 0.084375
0 0.88203125 0.346875 0.05703125 0.08203125
0 0.93359375 0.209375 0.0734375 0.0921875
0 0.36953125 0.46484375 0.05625 0.0640625
0 0.76875 0.221875 0.0640625 0.0890625
0 0.7078125 0.225 0.05 0.08359375
0 0.63671875 0.234375 0.04765625 0.0859375
0 0.56796875 0.23125 0.075 0.08203125
0 0.490625 0.2328125 0.06796875 0.07734375
0 0.64375 0.54609375 0.05859375 0.08671875
0 0.4171875 0.25 0.05 0.0734375
0 0.23203125 0.21015625 0.04375 0.0921875
0 0.1828125 0.2140625 0.0421875 0.090625
0 0.13828125 0.2171875 0.0390625 0.0953125
0 0.09453125 0.2203125 0.0421875 0.09296875
0 0.02578125 0.2296875 0.0484375 0.0953125
0 0.4296875 0.46015625 0.06484375 0.065625
0 0.5125 0.46796875 0.0625 0.06015625
0 0.58125 0.4625 0.0625 0.0578125
0 0.659375 0.46328125 0.05859375 0.053125
0 0.73359375 0.46171875 0.0546875 0.04453125
0 0.7984375 0.46171875 0.06953125 0.046875
0 0.3796875 0.5546875 0.0625 0.075
0 0.44921875 0.55390625 0.06171875 0.075
0 0.51171875 0.546875 0.05 0.0703125
0 0.33046875 0.2453125 0.05625 0.05703125
0 0.46640625 0.365625 0.03828125 0.08125
0 0.29765625 0.89609375 0.01640625 0.06796875
0 0.35234375 0.89375 0.02890625 0.09296875
0 0.07421875 0.50234375 0.02578125 0.05703125
0 0.0296875 0.50390625 0.034375 0.06484375
0 0.03203125 0.590625 0.0640625 0.0703125
0 0.084375 0.58828125 0.03203125 0.0640625
0 0.12734375 0.58671875 0.028125 0.05390625
0 0.15703125 0.58515625 0.0234375 0.0515625
0 0.1859375 0.59375 0.0234375 0.05859375
0 0.215625 0.59609375 0.028125 0.0546875
0 0.25 0.5890625 0.02578125 0.06328125
0 0.25703125 0.68671875 0.03515625 0.07734375
0 0.2234375 0.6859375 0.02578125 0.08359375
0 0.1765625 0.68828125 0.05546875 0.0796875
0 0.125 0.70234375 0.03125 0.0515625
0 0.0890625 0.70625 0.02421875 0.03984375
0 0.1171875 0.49921875 0.03671875 0.0609375
0 0.01796875 0.69296875 0.0359375 0.0671875
0 0.01484375 0.790625 0.0296875 0.06875
0 0.04921875 0.7921875 0.03046875 0.0640625
0 0.0875 0.7921875 0.025 0.0609375
0 0.12109375 0.79140625 0.03359375 0.06484375
0 0.1609375 0.7859375 0.02421875 0.0703125
0 0.19296875 0.78515625 0.02578125 0.0734375
0 0.22734375 0.79296875 0.02734375 0.071875
0 0.2625 0.79453125 0.0328125 0.0734375
0 0.028125 0.89375 0.03125 0.065625
0 0.0703125 0.89609375 0.03671875 0.0703125
0 0.1171875 0.89765625 0.04453125 0.0703125
0 0.16875 0.89921875 0.0421875 0.0734375
0 0.21171875 0.9 0.03515625 0.07265625
0 0.25546875 0.90078125 0.0359375 0.071875
0 0.05625 0.69765625 0.034375 0.0609375
0 0.321875 0.90390625 0.021875 0.06953125
0 0.16328125 0.5 0.02890625 0.07109375
0 0.23359375 0.50546875 0.0390625 0.0515625
0 0.384375 0.896875 0.028125 0.10078125
0 0.41796875 0.89609375 0.03046875 0.103125
0 0.44765625 0.896875 0.021875 0.0984375
0 0.4765625 0.89765625 0.02578125 0.10234375
0 0.5109375 0.9015625 0.02578125 0.10234375
0 0.5421875 0.9046875 0.028125 0.096875
0 0.57578125 0.903125 0.03046875 0.08984375
0 0.609375 0.9109375 0.0296875 0.0921875
0 0.6390625 0.92421875 0.02421875 0.07109375
0 0.696875 0.90546875 0.03125 0.1
0 0.73671875 0.90703125 0.0359375 0.10703125
0 0.7984375 0.93359375 0.05078125 0.05625
0 0.84765625 0.91640625 0.03828125 0.04609375
0 0.86015625 0.95390625 0.04296875 0.01328125
0 0.1953125 0.5078125 0.02890625 0.05078125
0 0.91015625 0.9125 0.0484375 0.0390625
0 0.95390625 0.94921875 0.0453125 0.0140625
0 0.9671875 0.9125 0.04453125 0.0484375
0 0.6609375 0.8828125 0.01484375 0.0578125
0 0.01875 0.33046875 0.0375 0.07265625
0 0.084375 0.33046875 0.0609375 0.06328125
0 0.1328125 0.32890625 0.02890625 0.05859375
0 0.16640625 0.32578125 0.03046875 0.059375
0 0.20234375 0.32265625 0.0375 0.06015625
0 0.23984375 0.32109375 0.034375 0.059375
0 0.0078125 0.42421875 0.015625 0.0640625
0 0.05625 0.41796875 0.0625 0.059375
0 0.1125 0.4171875 0.03515625 0.06640625
0 0.1515625 0.41796875 0.03359375 0.0671875
0 0.21640625 0.40859375 0.08828125 0.06171875
0 0.9046875 0.9546875 0.03359375 0.01484375
0 0.346875 0.37421875 0.071875 0.07265625