0 0.85625 0.52109375 0.0296875 0.0921875
0 0.5515625 0.678125 0.04921875 0.034375
0 0.4984375 0.6609375 0.04921875 0.07578125
0 0.4453125 0.65859375 0.05234375 0.08359375
0 0.38203125 0.66328125 0.06484375 0.06796875
0 0.184375 0.6515625 0.0359375 0.08984375
0 0.28046875 0.67109375 0.0296875 0.05078125
0 0.23515625 0.659375 0.053125 0.09609375
0 0.12421875 0.67890625 0.05 0.04609375
0 0.06015625 0.68671875 0.04453125 0.05390625
0 0.990625 0.5203125 0.01875 0.090625
0 0.9609375 0.51953125 0.034375 0.0890625
0 0.92734375 0.51953125 0.0296875 0.09296875
0 0.89375 0.51953125 0.02890625 0.0921875
0 0.321875 0.65390625 0.04140625 0.075
0 0.61015625 0.6546875 0.0546875 0.08046875
0 0.71953125 0.80859375 0.04765625 0.10234375
0 0.73359375 0.65625 0.05 0.0734375
0 0.9328125 0.8015625 0.053125 0.015625
0 0.9421875 0.84609375 0.059375 0.01796875
0 0.87265625 0.853125 0.0578125 0.02109375
0 0.87265625 0.80390625 0.05703125 0.01328125
0 0.8203125 0.5234375 0.02890625 0.090625
0 0.8015625 0.79296875 0.075 0.01328125
0 0.79765625 0.76640625 0.071875 0.03515625
0 0.63203125 0.82734375 0.07734375 0.08359375
0 0.55234375 0.83359375 0.0640625 0.078125
0 0.478125 0.83046875 0.06171875 0.08203125
0 0.53203125 0.76640625 0.0671875 0.04140625
0 0.3953125 0.8671875 0.06875 0.009375
0 0.39375 0.85546875 0.06171875 0.009375
0 0.3203125 0.81328125 0.06953125 0.0125
0 0.321875 0.82734375 0.0671875 0.0078125
0 0.2390625 0.85859375 0.06953125 0.009375
0 0.2421875 0.8703125 0.0734375 0.01328125
0 0.24296875 0.79296875 0.06875 0.0140625
0 0.240625 0.80859375 0.06953125 0.01328125
0 0.23984375 0.82421875 0.071875 0.0140625
0 0.1625 0.7828125 0.08203125 0.0140625
0 0.1359375 0.8015625 0.0765625 0.01171875
0 0.14375 0.8171875 0.0703125 0.0125
0 0.15234375 0.86484375 0.0703125 0.0125
0 0.03828125 0.85078125 0.07578125 0.06640625
0 0.9796875 0.65234375 0.0375 0.07890625
0 0.9359375 0.65703125 0.04765625 0.06484375
0 0.89296875 0.6609375 0.02734375 0.05703125
0 0.79296875 0.65390625 0.053125 0.06484375
0 0.6703125 0.6546875 0.05546875 0.08046875
0 0.78515625 0.52578125 0.03359375 0.0890625
0 0.92734375 0.28984375 0.0421875 0.0078125
0 0.7078125 0.52421875 0.02890625 0.08515625
0 0.096875 0.3890625 0.0390625 0.0703125
0 0.17734375 0.390625 0.034375 0.0640625
0 0.2171875 0.3921875 0.0390625 0.0640625
0 0.2578125 0.39453125 0.03203125 0.0640625
0 0.30390625 0.390625 0.028125 0.05703125
0 0.33828125 0.39921875 0.02890625 0.07421875
0 0.38515625 0.39609375 0.04296875 0.09140625
0 0.42578125 0.4 0.03671875 0.07890625
0 0.4609375 0.4015625 0.028125 0.078125
0 0.5078125 0.3953125 0.040625 0.0859375
0 0.54453125 0.40078125 0.02578125 0.0734375
0 0.03671875 0.43515625 0.06875 0.0765625
0 0.57265625 0.4015625 0.0234375 0.075
0 0.65234375 0.4015625 0.03359375 0.075
0 0.6859375 0.4015625 0.02578125 0.075
0 0.71796875 0.396875 0.0375 0.07890625
0 0.0484375 0.5515625 0.06640625 0.03984375
0 0.97734375 0.40234375 0.0453125 0.0734375
0 0.93828125 0.403125 0.02109375 0.07890625
0 0.909375 0.40078125 0.0296875 0.08125
0 0.87421875 0.4046875 0.0296875 0.071875
0 0.83828125 0.4046875 0.03828125 0.075
0 0.79609375 0.39921875 0.03203125 0.07421875
0 0.76171875 0.4 0.034375 0.07265625
0 0.60703125 0.396875 0.03515625 0.08203125
0 0.9765625 0.27109375 0.046875 0.07109375
0 0.92734375 0.29921875 0.04296875 0.0078125
0 0.92734375 0.2796875 0.046875 0.0109375
0 0.6734375 0.52265625 0.03203125 0.0953125
0 0.64296875 0.5203125 0.02421875 0.1
0 0.61171875 0.5203125 0.0328125 0.10078125
0 0.56796875 0.51953125 0.0328125 0.09921875
0 0.53203125 0.52109375 0.03515625 0.1015625
0 0.48984375 0.51953125 0.03203125 0.05625
0 0.4359375 0.4734375 0.0515625 0.01953125
0 0.4359375 0.4953125 0.05234375 0.01953125
0 0.43515625 0.5171875 0.046875 0.02109375
0 0.42734375 0.54375 0.053125 0.028125
0 0.3671875 0.546875 0.05234375 0.046875
0 0.32734375 0.55078125 0.021875 0.03828125
0 0.29765625 0.5390625 0.02890625 0.08125
0 0.25859375 0.56328125 0.034375 0.0171875
0 0.2171875 0.53359375 0.03671875 0.0828125
0 0.18046875 0.53046875 0.02890625 0.0875
0 0.14765625 0.528125 0.025 0.0859375
0 0.6296875 0.26328125 0.03203125 0.07578125
0 0.6625 0.27265625 0.02734375 0.05390625
0 0.703125 0.26796875 0.0328125 0.0734375
0 0.734375 0.2703125 0.02421875 0.06953125
0 0.75859375 0.26953125 0.01953125 0.07109375
0 0.78125 0.26640625 0.02265625 0.075
0 0.8265625 0.26875 0.0578125 0.065625
0 0.88046875 0.2609375 0.0375 0.0875
0 0.74453125 0.53515625 0.0375 0.0671875
0 0.803125 0.80859375 0.07421875 0.01015625
0 0.8046875 0.14453125 0.0953125 0.01953125
0 0.55390625 0.2671875 0.04453125 0.07265625
0 0.59609375 0.26015625 0.03125 0.0859375
0 0.7078125 0.14140625 0.0953125 0.028125
0 0.10625 0.128125 0.053125 0.0359375
0 0.165625 0.1296875 0.0515625 0.0375
0 0.24765625 0.096875 0.10078125 0.1046875
0 0.25546875 0.021875 0.09921875 0.03984375
0 0.38671875 0.13515625 0.0515625 0.034375
0 0.48046875 0.09921875 0.12890625 0.1125
0 0.603125 0.10625 0.1078125 0.1
0 0.884375 0.13984375 0.04609375 0.04609375
0 0.9484375 0.115625 0.0625 0.09609375
0 0.0453125 0.290625 0.0421875 0.065625
0 0.3296875 0.13125 0.053125 0.0359375
0 0.1765625 0.278125 0.03515625 0.0375
0 0.5109375 0.2671875 0.03359375 0.07265625
0 0.115625 0.24609375 0.07265625 0.096875
0 0.475 0.26171875 0.03359375 0.08203125
0 0.4421875 0.25546875 0.0296875 0.0921875
0 0.4109375 0.259375 0.02890625 0.0796875
0 0.3421875 0.259375 0.025 0.07421875
0 0.3765625 0.26171875 0.03515625 0.071875
0 0.30078125 0.25390625 0.03828125 0.0890625
0 0.2609375 0.253125 0.0328125 0.09140625
0 0.22109375 0.28359375 0.0375 0.025
0 0.1765625 0.19375 0.0390625 0.021875
0 0.1765625 0.23125 0.0421875 0.05078125