0 0.4953125 0.35 0.07734375 0.1109375
0 0.64140625 0.24296875 0.071875 0.025
0 0.49765625 0.24453125 0.06953125 0.03046875
0 0.56953125 0.20859375 0.06640625 0.0296875
0 0.57109375 0.240625 0.06875 0.03515625
0 0.63359375 0.16640625 0.0609375 0.02421875
0 0.6421875 0.19140625 0.07421875 0.025
0 0.41640625 0.32421875 0.0578125 0.0828125
0 0.29609375 0.32578125 0.04921875 0.0859375
0 0.23828125 0.3328125 0.0609375 0.06875
0 0.17265625 0.3296875 0.05703125 0.08046875
0 0.11328125 0.33359375 0.05859375 0.071875
0 0.04140625 0.32734375 0.0828125 0.0921875
0 0.41875 0.390625 0.046875 0.02578125
0 0.43828125 0.43984375 0.04921875 0.06875
0 0.3875 0.4390625 0.0453125 0.06953125
0 0.4984375 0.21796875 0.0703125 0.0234375
0 0.34140625 0.44140625 0.04609375 0.07421875
0 0.240625 0.44453125 0.04453125 0.07421875
0 0.1921875 0.4453125 0.05 0.0734375
0 0.14375 0.44453125 0.0421875 0.07421875
0 0.08828125 0.39765625 0.05625 0.02421875
0 0.0953125 0.44609375 0.0484375 0.07421875
0 0.0453125 0.44765625 0.053125 0.071875
0 0.9140625 0.4453125 0.05390625 0.0578125
0 0.92890625 0.50625 0.08359375 0.05859375
0 0.928125 0.5640625 0.0828125 0.05859375
0 0.84140625 0.4515625 0.08828125 0.06328125
0 0.8421875 0.51015625 0.08984375 0.05703125
0 0.84375 0.56953125 0.0859375 0.059375
0 0.728125 0.44921875 0.07421875 0.05546875
0 0.72890625 0.50234375 0.071875 0.05078125
0 0.2890625 0.44453125 0.05234375 0.06953125
0 0.425 0.23828125 0.06796875 0.0484375
0 0.03125 0.1203125 0.06171875 0.03125
0 0.03203125 0.053125 0.0640625 0.03203125
0 0.71875 0.16171875 0.075 0.05546875
0 0.975 0.1671875 0.05 0.0453125
0 0.975 0.2171875 0.04921875 0.05546875
0 0.3453125 0.3328125 0.04609375 0.065625
0 0.01640625 0.75234375 0.0328125 0.03125
0 0.9546875 0.05625 0.06640625 0.09765625
0 0.89609375 0.0703125 0.034375 0.0703125
0 0.84140625 0.0484375 0.075 0.03828125
0 0.8421875 0.08828125 0.07421875 0.040625
0 0.77265625 0.06484375 0.0609375 0.02890625
0 0.77265625 0.0953125 0.0609375 0.0296875
0 0.71796875 0.05390625 0.0484375 0.03828125
0 0.7171875 0.09375 0.04765625 0.0390625
0 0.65390625 0.01953125 0.0765625 0.03515625
0 0.6546875 0.0546875 0.07734375 0.0375
0 0.65546875 0.09453125 0.075 0.040625
0 0.578125 0.06015625 0.0640625 0.0296875
0 0.1109375 0.078125 0.075 0.10390625
0 0.18671875 0.075 0.07578125 0.10390625
0 0.25625 0.11640625 0.0515625 0.01875
0 0.25546875 0.09765625 0.05234375 0.01875
0 0.25390625 0.07578125 0.0515625 0.02265625
0 0.259375 0.05625 0.04375 0.01640625
0 0.75625 0.565625 0.08515625 0.06796875
0 0.26015625 0.03828125 0.04765625 0.01796875
0 0.41640625 0.08671875 0.0546875 0.06875
0 0.47421875 0.08515625 0.05546875 0.07109375
0 0.57578125 0.35 0.07890625 0.11015625
0 0.52109375 0.078125 0.03984375 0.0796875
0 0.5796875 0.10546875 0.05859375 0.0203125
0 0.57734375 0.08515625 0.0640625 0.01953125
0 0.30546875 0.090625 0.04375 0.06953125
0 0.65859375 0.54453125 0.06953125 0.0703125
0 0.36015625 0.06640625 0.05546875 0.1109375
0 0.58984375 0.475 0.0640625 0.059375
0 0.64140625 0.21640625 0.07265625 0.0265625
0 0.86015625 0.82421875 0.0484375 0.06796875
0 0.8078125 0.825 0.0546875 0.065625
0 0.74140625 0.80078125 0.0515625 0.059375
0 0.684375 0.77890625 0.05078125 0.059375
0 0.63671875 0.76953125 0.0421875 0.046875
0 0.58359375 0.7734375 0.0625 0.04765625
0 0.51328125 0.8234375 0.06875 0.078125
0 0.44921875 0.83828125 0.05859375 0.046875
0 0.3890625 0.81953125 0.05703125 0.0921875
0 0.33515625 0.82109375 0.05078125 0.0921875
0 0.2765625 0.82265625 0.06015625 0.0890625
0 0.2234375 0.81015625 0.04296875 0.065625
0 0.175 0.81171875 0.05703125 0.06640625
0 0.0984375 0.825 0.075 0.08671875
0 0.02890625 0.82578125 0.0578125 0.0890625
0 0.65859375 0.375 0.08125 0.0609375
0 0.72109375 0.20078125 0.08515625 0.02265625
0 0.65703125 0.46796875 0.06640625 0.0796875
0 0.721875 0.2328125 0.0859375 0.03828125
0 0.90078125 0.1578125 0.09375 0.05390625
0 0.90390625 0.21796875 0.0875 0.065625
0 0.8140625 0.21953125 0.08984375 0.06171875
0 0.9125 0.82890625 0.05078125 0.05078125
0 0.353125 0.240625 0.0734375 0.04921875
0 0.2703125 0.23359375 0.08359375 0.065625
0 0.18203125 0.22578125 0.0875 0.08359375
0 0.0953125 0.23984375 0.08828125 0.05859375
0 0.93046875 0.3125 0.0828125 0.0453125
0 0.91484375 0.36640625 0.0921875 0.06328125
0 0.74140625 0.37265625 0.084375 0.05703125
0 0.36171875 0.18828125 0.07890625 0.0515625
0 0.91171875 0.7765625 0.053125 0.05546875
0 0.82578125 0.36875 0.08203125 0.0640625
0 0.45 0.65546875 0.0609375 0.13203125
0 0.75 0.70703125 0.08046875 0.0515625
0 0.7484375 0.65234375 0.08125 0.05703125
0 0.828125 0.70234375 0.075 0.05390625
0 0.88515625 0.64609375 0.090625 0.059375
0 0.9125 0.703125 0.084375 0.05078125
0 0.05546875 0.54453125 0.07421875 0.08984375
0 0.66875 0.68828125 0.07734375 0.0859375
0 0.20390625 0.53984375 0.08515625 0.08828125
0 0.35703125 0.53671875 0.07734375 0.0890625
0 0.4265625 0.53515625 0.0578125 0.0921875
0 0.5125 0.56328125 0.0625 0.08359375
0 0.5859375 0.54609375 0.075 0.08203125
0 0.4484375 0.7859375 0.0578125 0.05703125
0 0.5046875 0.47890625 0.0796875 0.0859375
0 0.2828125 0.53828125 0.06875 0.09140625
0 0.5875 0.6890625 0.0828125 0.08203125
0 0.128125 0.5421875 0.06875 0.09375
0 0.378125 0.66015625 0.05078125 0.0453125
0 0.115625 0.7375 0.0515625 0.0578125
0 0.51328125 0.69140625 0.06484375 0.0859375
0 0.16796875 0.73671875 0.0546875 0.0578125
0 0.22421875 0.7359375 0.053125 0.0609375
0 0.28671875 0.73203125 0.05546875 0.05390625
0 0.06015625 0.73984375 0.05546875 0.0546875
0 0.3953125 0.73125 0.03203125 0.05625
0 0.0796875 0.6625 0.0578125 0.06796875
0 0.34765625 0.73359375 0.0546875 0.05390625
0 0.134375 0.659375 0.0484375 0.06796875
0 0.18671875 0.65859375 0.05625 0.07109375
0 0.24296875 0.65234375 0.04921875 0.0703125
0 0.2890625 0.659375 0.04296875 0.05234375
0 0.33125 0.6578125 0.0421875 0.05390625