0 0.8 0.2890625 0.19453125 0.08203125
0 0.553125 0.59375 0.08359375 0.0125
0 0.659375 0.56171875 0.09375 0.0140625
0 0.6734375 0.5875 0.10078125 0.01484375
0 0.6734375 0.61953125 0.11015625 0.0125
0 0.79921875 0.61953125 0.1203125 0.0109375
0 0.790625 0.603125 0.09921875 0.0125
0 0.790625 0.58671875 0.1078125 0.01171875
0 0.7828125 0.57265625 0.10390625 0.009375
0 0.68515625 0.60390625 0.0984375 0.0125
0 0.27734375 0.37734375 0.10625 0.0359375
0 0.05859375 0.30625 0.03671875 0.046875
0 0.15703125 0.3890625 0.10703125 0.01796875
0 0.1640625 0.4140625 0.10390625 0.0296875
0 0.16796875 0.3734375 0.103125 0.0109375
0 0.17265625 0.35703125 0.08359375 0.01796875
0 0.02578125 0.30625 0.02578125 0.0453125
0 0.41171875 0.3671875 0.1015625 0.01484375
0 0.40703125 0.38671875 0.10078125 0.015625
0 0.403125 0.40625 0.096875 0.01484375
0 0.40390625 0.42421875 0.09375 0.0125
0 0.0859375 0.8296875 0.05390625 0.02421875
0 0.15703125 0.8140625 0.08515625 0.03046875
0 0.28359375 0.415625 0.0953125 0.03515625
0 0.1578125 0.76796875 0.09609375 0.03984375
0 0.4375 0.6890625 0.0984375 0.02265625
0 0.86953125 0.5875 0.03828125 0.03828125
0 0.4 0.28671875 0.2 0.084375
0 0.27265625 0.82265625 0.09765625 0.0296875
0 0.6015625 0.28828125 0.18984375 0.0828125
0 0.08515625 0.8 0.04765625 0.0265625
0 0.0265625 0.79609375 0.053125 0.0609375
0 0.1078125 0.7109375 0.04921875 0.03125
0 0.103125 0.6765625 0.04609375 0.034375
0 0.0453125 0.68046875 0.05625 0.03359375
0 0.053125 0.7109375 0.06015625 0.025
0 0.20859375 0.684375 0.09296875 0.009375
0 0.215625 0.67109375 0.09375 0.01171875
0 0.22109375 0.6546875 0.1046875 0.01875
0 0.33515625 0.6828125 0.09140625 0.0171875
0 0.325 0.6625 0.071875 0.01171875
0 0.3359375 0.6484375 0.08828125 0.0140625
0 0.54765625 0.6921875 0.078125 0.01328125
0 0.55546875 0.6734375 0.09296875 0.02109375
0 0.6671875 0.684375 0.096875 0.02109375
0 0.65859375 0.66640625 0.096875 0.009375
0 0.6609375 0.65234375 0.09296875 0.0109375
0 0.77421875 0.70703125 0.08125 0.0109375
0 0.77578125 0.69609375 0.0828125 0.00859375
0 0.8578125 0.7109375 0.06796875 0.0109375
0 0.8546875 0.69609375 0.06640625 0.01171875
0 0.778125 0.6796875 0.08671875 0.0234375
0 0.76953125 0.5515625 0.0984375 0.0109375
0 0.38359375 0.790625 0.08828125 0.02890625
0 0.703125 0.45078125 0.096875 0.0109375
0 0.50859375 0.78515625 0.096875 0.0375
0 0.7078125 0.5140625 0.10625 0.0265625
0 0.8234375 0.45625 0.10625 0.01171875
0 0.8328125 0.4703125 0.11640625 0.01171875
0 0.83359375 0.496875 0.1140625 0.0078125
0 0.8375 0.509375 0.103125 0.009375
0 0.8390625 0.52265625 0.11171875 0.01015625
0 0.83203125 0.48359375 0.11484375 0.0125
0 0.20390625 0.58515625 0.0953125 0.015625
0 0.203125 0.60625 0.08515625 0.0203125
0 0.21875 0.55859375 0.09609375 0.0125
0 0.32890625 0.55078125 0.08828125 0.00859375
0 0.70390625 0.49296875 0.10546875 0.0140625
0 0.54765625 0.58046875 0.0859375 0.01015625
0 0.32734375 0.5765625 0.08515625 0.0109375
0 0.3265625 0.60625 0.09140625 0.0203125
0 0.43515625 0.5515625 0.09296875 0.01015625
0 0.43515625 0.56484375 0.09375 0.0109375
0 0.434375 0.57890625 0.1015625 0.01015625
0 0.43203125 0.59453125 0.08671875 0.0171875
0 0.015625 0.59921875 0.03125 0.05625
0 0.0984375 0.6171875 0.06171875 0.02421875
0 0.54296875 0.55078125 0.08984375 0.0140625
0 0.55078125 0.56796875 0.096875 0.0140625
0 0.84375 0.8015625 0.075 0.0171875
0 0.3234375 0.5640625 0.08515625 0.00859375
0 0.69609375 0.47734375 0.103125 0.00859375
0 0.70078125 0.46484375 0.10546875 0.0109375
0 0.5421875 0.5171875 0.10546875 0.02578125
0 0.5015625 0.81953125 0.075 0.01953125
0 0.62109375 0.7765625 0.08515625 0.0265625
0 0.625 0.81015625 0.096875 0.03046875
0 0.7328125 0.81015625 0.09296875 0.0390625
0 0.72890625 0.76953125 0.10703125 0.0265625
0 0.8515625 0.77578125 0.11171875 0.025
0 0.5109375 0.425 0.11015625 0.01640625
0 0.61953125 0.36953125 0.09921875 0.0171875
0 0.61875 0.3875 0.075 0.0140625
0 0.61953125 0.40390625 0.0765625 0.0171875
0 0.73515625 0.4015625 0.1109375 0.06015625
0 0.846875 0.3984375 0.1015625 0.0578125
0 0.02578125 0.39921875 0.04296875 0.06171875
0 0.05703125 0.49921875 0.06015625 0.06484375
0 0.16953125 0.48203125 0.1109375 0.0296875
0 0.16875 0.51484375 0.11171875 0.03203125
0 0.29765625 0.478125 0.1140625 0.028125
0 0.296875 0.5125 0.1078125 0.0328125
0 0.01328125 0.5 0.02578125 0.0671875
0 0.30625 0.45390625 0.10625 0.0125
0 0.4203125 0.475 0.096875 0.01171875
0 0.421875 0.4890625 0.096875 0.01171875
0 0.41875 0.5140625 0.10625 0.0265625
0 0.54296875 0.47890625 0.11484375 0.01328125
0 0.546875 0.4953125 0.10625 0.0140625
0 0.3859375 0.8109375 0.09921875 0.0109375
0 0.19765625 0.2875 0.19296875 0.0859375