0 0.65390625 0.26953125 0.04140625 0.0328125
0 0.5875 0.7296875 0.03359375 0.0703125
0 0.62421875 0.7171875 0.03671875 0.0796875
0 0.6578125 0.7109375 0.0265625 0.07734375
0 0.7359375 0.71953125 0.07734375 0.02890625
0 0.80390625 0.6953125 0.0875 0.01953125
0 0.88671875 0.640625 0.0609375 0.0515625
0 0.95078125 0.6328125 0.0625 0.0421875
0 0.95546875 0.715625 0.05390625 0.0375
0 0.90078125 0.715625 0.05390625 0.03125
0 0.875 0.74296875 0.05546875 0.021875
0 0.97890625 0.7609375 0.03984375 0.0296875
0 0.94296875 0.78828125 0.059375 0.0265625
0 0.87578125 0.79453125 0.0671875 0.0390625
0 0.81875 0.77734375 0.03359375 0.071875
0 0.78515625 0.790625 0.0359375 0.0796875
0 0.5453125 0.7328125 0.04296875 0.0796875
0 0.496875 0.740625 0.0484375 0.08125
0 0.44296875 0.75 0.05390625 0.075
0 0.396875 0.7578125 0.03984375 0.0765625
0 0.57421875 0.61484375 0.04140625 0.08515625
0 0.52890625 0.61875 0.04765625 0.096875
0 0.484375 0.62734375 0.0421875 0.0875
0 0.43984375 0.63046875 0.046875 0.0953125
0 0.38515625 0.6359375 0.05390625 0.0890625
0 0.33046875 0.6421875 0.04453125 0.096875
0 0.28125 0.6546875 0.03671875 0.0921875
0 0.7546875 0.79921875 0.0234375 0.0625
0 0.19375 0.653125 0.05234375 0.11640625
0 0.04921875 0.621875 0.07734375 0.09453125
0 0.05859375 0.75859375 0.084375 0.1046875
0 0.14921875 0.7921875 0.0578125 0.10625
0 0.2046875 0.7828125 0.05390625 0.096875
0 0.25234375 0.7953125 0.03984375 0.06953125
0 0.29921875 0.78203125 0.05234375 0.07265625
0 0.35234375 0.77109375 0.05 0.084375
0 0.1375 0.6671875 0.05546875 0.1125
0 0.62890625 0.60390625 0.04296875 0.0984375
0 0.725 0.8125 0.034375 0.053125
0 0.6328125 0.82265625 0.0515625 0.0640625
0 0.80703125 0.90390625 0.03203125 0.0828125
0 0.7578125 0.940625 0.0625 0.04765625
0 0.69296875 0.95234375 0.065625 0.0609375
0 0.64609375 0.94765625 0.025 0.075
0 0.61640625 0.95390625 0.03046875 0.078125
0 0.5828125 0.9640625 0.03671875 0.06875
0 0.5359375 0.96875 0.04140625 0.0625
0 0.4203125 0.946875 0.04140625 0.0578125
0 0.62734375 0.38359375 0.05078125 0.05546875
0 0.6765625 0.3796875 0.04375 0.05546875
0 0.71640625 0.37734375 0.03359375 0.05859375
0 0.76171875 0.3890625 0.046875 0.02578125
0 0.80625 0.3859375 0.0421875 0.03125
0 0.846875 0.38359375 0.0390625 0.0265625
0 0.8875 0.35546875 0.04140625 0.08125
0 0.84140625 0.89921875 0.03359375 0.0734375
0 0.86875 0.8890625 0.015625 0.05
0 0.9765625 0.89375 0.0453125 0.0234375
0 0.909375 0.87890625 0.065625 0.0296875
0 0.58125 0.8375 0.04453125 0.05546875
0 0.5390625 0.8359375 0.0390625 0.0875
0 0.48984375 0.86171875 0.046875 0.05625
0 0.44140625 0.86171875 0.04921875 0.071875
0 0.3953125 0.86640625 0.03828125 0.0875
0 0.34921875 0.859375 0.05078125 0.03984375
0 0.2953125 0.8640625 0.05703125 0.0359375
0 0.68515625 0.80859375 0.03515625 0.07109375
0 0.3515625 0.9015625 0.04765625 0.0421875
0 0.23671875 0.92578125 0.065625 0.04140625
0 0.22734375 0.87734375 0.0546875 0.05625
0 0.16796875 0.940625 0.06328125 0.04140625
0 0.1625 0.89375 0.05625 0.053125
0 0.07265625 0.89375 0.0828125 0.121875
0 0.89921875 0.84140625 0.0578125 0.0296875
0 0.9609375 0.8625 0.04921875 0.0296875
0 0.2984375 0.9125 0.059375 0.03984375
0 0.69375 0.24921875 0.0390625 0.0703125
0 0.6703125 0.59921875 0.03671875 0.0921875
0 0.740625 0.590625 0.03203125 0.090625
0 0.82734375 0.140625 0.03515625 0.04921875
0 0.86171875 0.128125 0.034375 0.0828125
0 0.89375 0.140625 0.03046875 0.05859375
0 0.9265625 0.13671875 0.0265625 0.071875
0 0.9546875 0.13046875 0.02890625 0.08125
0 0.98515625 0.1359375 0.0296875 0.084375
0 0.95625 0.271875 0.07734375 0.103125
0 0.8765625 0.27109375 0.02890625 0.028125
0 0.84609375 0.27109375 0.03359375 0.0296875
0 0.80546875 0.2515625 0.03671875 0.06875
0 0.771875 0.2703125 0.03046875 0.03125
0 0.734375 0.25078125 0.04375 0.0671875
0 0.45859375 0.2359375 0.04140625 0.09765625
0 0.41796875 0.23359375 0.04140625 0.09375
0 0.36484375 0.23203125 0.06015625 0.0984375
0 0.78984375 0.125 0.03359375 0.08828125
0 0.75546875 0.13671875 0.0265625 0.046875
0 0.72578125 0.13359375 0.0328125 0.05625
0 0.6875 0.1203125 0.0375 0.07421875
0 0.6546875 0.23515625 0.04140625 0.034375
0 0.60703125 0.240625 0.04609375 0.0875
0 0.5546875 0.22734375 0.0578125 0.1140625
0 0.0625 0.06875 0.07578125 0.1109375
0 0.12890625 0.0640625 0.05859375 0.1234375
0 0.19140625 0.06875 0.06171875 0.12734375
0 0.2515625 0.0734375 0.05859375 0.1171875
0 0.30390625 0.22109375 0.0609375 0.1203125
0 0.309375 0.0828125 0.05234375 0.1140625
0 0.4171875 0.10859375 0.04765625 0.0703125
0 0.4578125 0.09375 0.03359375 0.10390625
0 0.490625 0.1046875 0.03046875 0.08515625
0 0.5015625 0.23671875 0.04453125 0.0953125
0 0.56328125 0.1015625 0.046875 0.103125
0 0.6078125 0.1046875 0.0421875 0.09609375
0 0.65078125 0.1109375 0.0375 0.09296875
0 0.36328125 0.109375 0.05859375 0.0625
0 0.70625 0.59296875 0.03515625 0.096875
0 0.246875 0.225 0.05390625 0.1140625
0 0.1078125 0.253125 0.07421875 0.0578125
0 0.684375 0.484375 0.03984375 0.0765625
0 0.7265625 0.475 0.0421875 0.08515625
0 0.7671875 0.475 0.0375 0.084375
0 0.803125 0.471875 0.03203125 0.07734375
0 0.840625 0.4734375 0.04140625 0.071875
0 0.8765625 0.4609375 0.03203125 0.0875
0 0.90703125 0.46171875 0.028125 0.0796875
0 0.5984375 0.5046875 0.059375 0.05859375
0 0.93671875 0.459375 0.03125 0.08046875
0 0.98515625 0.46640625 0.025 0.0609375
0 0.96171875 0.559375 0.0375 0.05078125
0 0.9234375 0.5671875 0.04140625 0.0453125
0 0.88046875 0.56953125 0.040625 0.05
0 0.83828125 0.5765625 0.03515625 0.0921875
0 0.80390625 0.58125 0.03203125 0.0890625
0 0.77109375 0.5828125 0.028125 0.0953125
0 0.9625 0.46875 0.0203125 0.0625
0 0.1875 0.221875 0.065625 0.11875
0 0.5453125 0.4703125 0.04296875 0.053125
0 0.49765625 0.49375 0.0484375 0.0921875
0 0.10859375 0.37265625 0.06171875 0.11875
0 0.1703125 0.36640625 0.059375 0.1234375
0 0.23359375 0.37578125 0.0671875 0.1046875
0 0.30859375 0.3640625 0.078125 0.11953125
0 0.38203125 0.36484375 0.06796875 0.1109375
0 0.4484375 0.36640625 0.06484375 0.1
0 0.51015625 0.3734375 0.05703125 0.084375
0 0.54453125 0.51640625 0.04609375 0.040625
0 0.5703125 0.36015625 0.06015625 0.11171875
0 0.11875 0.52890625 0.0671875 0.08515625
0 0.184375 0.5234375 0.059375 0.08984375
0 0.2421875 0.51875 0.05703125 0.08359375
0 0.29375 0.5125 0.04453125 0.0875
0 0.3453125 0.50390625 0.05859375 0.09375
0 0.4015625 0.50234375 0.04921875 0.09296875
0 0.44921875 0.503125 0.04609375 0.07421875
0 0.03515625 0.44453125 0.0703125 0.1109375
0 0.52265625 0.0984375 0.03359375 0.096875