0 0.16640625 0.62421875 0.03046875 0.0515625
0 0.2046875 0.621875 0.0359375 0.05859375
0 0.2453125 0.62421875 0.03671875 0.0578125
0 0.2890625 0.6203125 0.03203125 0.04609375
0 0.396875 0.621875 0.03671875 0.05546875
0 0.3578125 0.62109375 0.0375 0.05390625
0 0.43828125 0.61875 0.04453125 0.0640625
0 0.1359375 0.6234375 0.0328125 0.05
0 0.13671875 0.35 0.075 0.025
0 0.325 0.6140625 0.028125 0.0453125
0 0.32265625 0.40078125 0.0859375 0.03671875
0 0.20625 0.3453125 0.04296875 0.03671875
0 0.62421875 0.4 0.1 0.03984375
0 0.878125 0.68828125 0.0609375 0.02890625
0 0.775 0.79375 0.06015625 0.021875
0 0.84296875 0.79609375 0.05859375 0.0265625
0 0.8171875 0.7625 0.065625 0.025
0 0.909375 0.79765625 0.06015625 0.025
0 0.971875 0.7765625 0.05625 0.07421875
0 0.953125 0.66953125 0.03046875 0.02890625
0 0.79921875 0.62265625 0.034375 0.0578125
0 0.76015625 0.62734375 0.0359375 0.059375
0 0.7234375 0.6296875 0.0296875 0.0484375
0 0.690625 0.6296875 0.034375 0.0484375
0 0.65703125 0.6296875 0.03046875 0.04921875
0 0.79609375 0.6890625 0.05625 0.0265625
0 0.6234375 0.62734375 0.03125 0.04765625
0 0.53671875 0.61796875 0.04765625 0.06484375
0 0.48671875 0.61796875 0.04765625 0.0625
0 0.428125 0.221875 0.090625 0.01171875
0 0.43203125 0.20859375 0.09921875 0.01328125
0 0.3625 0.196875 0.03515625 0.06484375
0 0.32734375 0.196875 0.03203125 0.06328125
0 0.2890625 0.19609375 0.03203125 0.06328125
0 0.2203125 0.2046875 0.0484375 0.05
0 0.14140625 0.275 0.04375 0.02578125
0 0.18359375 0.2765625 0.03515625 0.0265625
0 0.2375 0.27421875 0.06640625 0.03125
0 0.31875 0.27890625 0.06484375 0.01953125
0 0.58359375 0.61875 0.0453125 0.06640625
0 0.31015625 0.25703125 0.06953125 0.02265625
0 0.721875 0.68671875 0.0734375 0.0265625
0 0.5484375 0.67890625 0.05859375 0.01875
0 0.2421875 0.34375 0.02578125 0.03828125
0 0.44921875 0.39921875 0.08671875 0.03359375
0 0.37265625 0.34453125 0.046875 0.0390625
0 0.45703125 0.3453125 0.05234375 0.04375
0 0.521875 0.3453125 0.05078125 0.040625
0 0.57890625 0.340625 0.05078125 0.04765625
0 0.6375 0.33984375 0.04375 0.04765625
0 0.70859375 0.784375 0.059375 0.04140625
0 0.64609375 0.78671875 0.0640625 0.040625
0 0.5875 0.78671875 0.0390625 0.0359375
0 0.54765625 0.78515625 0.0390625 0.0359375
0 0.50390625 0.78359375 0.03515625 0.03203125
0 0.65 0.68359375 0.071875 0.0265625
0 0.465625 0.78359375 0.0359375 0.03203125
0 0.3625 0.765625 0.046875 0.0578125
0 0.31015625 0.77265625 0.05234375 0.046875
0 0.28046875 0.73046875 0.03125 0.0390625
0 0.24609375 0.734375 0.03828125 0.0421875
0 0.19453125 0.75859375 0.053125 0.0609375
0 0.1515625 0.75703125 0.03359375 0.05078125
0 0.1171875 0.76015625 0.03671875 0.05078125
0 0.18359375 0.6796875 0.034375 0.02734375
0 0.28515625 0.67734375 0.06640625 0.0203125
0 0.353125 0.684375 0.03671875 0.0296875
0 0.4125 0.684375 0.06015625 0.0234375
0 0.475 0.684375 0.0640625 0.0234375
0 0.42109375 0.76953125 0.04765625 0.034375
0 0.38515625 0.27734375 0.0640625 0.02109375
0 0.278125 0.34609375 0.0484375 0.040625
0 0.80703125 0.546875 0.03671875 0.059375
0 0.64609375 0.55 0.03125 0.0453125
0 0.6125 0.5515625 0.03046875 0.04765625
0 0.5625 0.54921875 0.06484375 0.02421875
0 0.490625 0.53359375 0.0734375 0.03203125
0 0.4890625 0.56171875 0.06953125 0.02265625
0 0.41796875 0.540625 0.06953125 0.02109375
0 0.41875 0.5625 0.06796875 0.01875
0 0.34921875 0.55703125 0.06640625 0.028125
0 0.26953125 0.53984375 0.071875 0.02421875
0 0.278125 0.5609375 0.06796875 0.01875
0 0.20546875 0.5453125 0.05390625 0.0515625
0 0.14453125 0.54453125 0.0625 0.0546875
0 0.6796875 0.5484375 0.03046875 0.04453125
0 0.1484375 0.475 0.078125 0.021875
0 0.309375 0.47265625 0.07265625 0.028125
0 0.3828125 0.475 0.07265625 0.0265625
0 0.47578125 0.47421875 0.06875 0.02578125
0 0.6046875 0.475 0.07890625 0.02734375
0 0.68828125 0.475 0.07734375 0.0265625
0 0.75625 0.46640625 0.053125 0.046875
0 0.80625 0.47109375 0.04453125 0.0359375
0 0.8515625 0.4703125 0.04296875 0.034375
0 0.903125 0.4578125 0.04375 0.0203125
0 0.8921875 0.47890625 0.0359375 0.0203125
0 0.8140625 0.39375 0.05078125 0.0328125
0 0.40234375 0.2578125 0.03984375 0.01484375
0 0.22265625 0.475 0.0671875 0.021875
0 0.70859375 0.54375 0.0296875 0.04609375
0 0.7265625 0.4 0.09140625 0.0375
0 0.8484375 0.54609375 0.04375 0.05859375
0 0.45546875 0.275 0.0609375 0.028125
0 0.5171875 0.275 0.0640625 0.03046875
0 0.584375 0.271875 0.0515625 0.034375
0 0.64609375 0.27109375 0.04765625 0.0328125
0 0.73515625 0.26796875 0.0609375 0.03984375
0 0.81875 0.2625 0.08984375 0.04765625
0 0.909375 0.2703125 0.08203125 0.03359375
0 0.765625 0.54609375 0.0421875 0.05625
0 0.74765625 0.19765625 0.115625 0.01953125
0 0.83828125 0.19921875 0.0625 0.05546875
0 0.8921875 0.1984375 0.04375 0.05625
0 0.9421875 0.196875 0.05078125 0.05546875
0 0.734375 0.34140625 0.04765625 0.0484375
0 0.7484375 0.21796875 0.1171875 0.0203125
0 0.92109375 0.315625 0.0546875 0.01953125
0 0.81875 0.3390625 0.04765625 0.04609375
0 0.9484375 0.61015625 0.0375 0.03203125
0 0.98515625 0.60859375 0.0296875 0.0296875
0 0.95546875 0.57734375 0.06484375 0.03046875
0 0.946875 0.5421875 0.06484375 0.03515625
0 0.89140625 0.546875 0.0390625 0.05859375
0 0.96640625 0.45859375 0.0671875 0.0390625
0 0.91953125 0.403125 0.04765625 0.040625
0 0.97578125 0.3296875 0.0484375 0.040625
0 0.97109375 0.37578125 0.0515625 0.04296875
0 0.91875 0.3453125 0.04296875 0.0375
0 0.9453125 0.503125 0.05703125 0.0328125