0 0.359375 0.21875 0.01796875 0.0421875
0 0.184375 0.4609375 0.03046875 0.1625
0 0.21484375 0.46015625 0.02578125 0.16015625
0 0.24453125 0.46328125 0.03203125 0.1609375
0 0.27578125 0.46484375 0.0296875 0.1625
0 0.30546875 0.46640625 0.0265625 0.17265625
0 0.36640625 0.46640625 0.0296875 0.1625
0 0.3953125 0.46875 0.0265625 0.16015625
0 0.4234375 0.471875 0.02890625 0.1671875
0 0.09140625 0.63203125 0.03515625 0.15234375
0 0.13046875 0.62890625 0.03125 0.153125
0 0.1609375 0.62890625 0.028125 0.15546875
0 0.1921875 0.628125 0.03203125 0.14609375
0 0.22265625 0.63046875 0.02578125 0.14921875
0 0.1234375 0.465625 0.0328125 0.15546875
0 0.25 0.63046875 0.02734375 0.15546875
0 0.08984375 0.459375 0.03359375 0.159375
0 0.421875 0.253125 0.040625 0.03203125
0 0.20078125 0.328125 0.0171875 0.0328125
0 0.21875 0.32890625 0.01640625 0.0328125
0 0.23515625 0.3296875 0.0171875 0.034375
0 0.25390625 0.33046875 0.0171875 0.03203125
0 0.271875 0.33203125 0.0171875 0.03125
0 0.2890625 0.33125 0.015625 0.03203125
0 0.43359375 0.2875 0.025 0.0328125
0 0.3078125 0.33359375 0.015625 0.034375
0 0.340625 0.33359375 0.01484375 0.034375
0 0.3578125 0.33359375 0.015625 0.03125
0 0.37578125 0.33359375 0.01484375 0.034375
0 0.39296875 0.33515625 0.01640625 0.03515625
0 0.41015625 0.33359375 0.015625 0.03515625
0 0.4265625 0.334375 0.015625 0.0390625
0 0.3234375 0.3328125 0.015625 0.0359375
0 0.28046875 0.6328125 0.0296875 0.1546875
0 0.31171875 0.63125 0.0265625 0.153125
0 0.3390625 0.628125 0.02734375 0.146875
0 0.5078125 0.33984375 0.08671875 0.0265625
0 0.58984375 0.22734375 0.084375 0.03984375
0 0.59375 0.26875 0.0859375 0.0375
0 0.59453125 0.3078125 0.08671875 0.03671875
0 0.5953125 0.340625 0.0859375 0.03046875
0 0.6828125 0.22890625 0.1 0.040625
0 0.50625 0.30625 0.08828125 0.03828125
0 0.678125 0.26796875 0.08125 0.034375
0 0.68515625 0.34375 0.0875 0.03046875
0 0.76640625 0.271875 0.0890625 0.040625
0 0.76953125 0.3109375 0.084375 0.03671875
0 0.7765625 0.346875 0.08984375 0.0328125
0 0.6234375 0.603125 0.33125 0.4765625
0 0.409375 0.215625 0.06640625 0.0390625
0 0.68359375 0.30546875 0.0859375 0.0375
0 0.1828125 0.32890625 0.015625 0.0328125
0 0.5046875 0.26484375 0.0859375 0.03671875
0 0.425 0.73828125 0.0234375 0.078125
0 0.3671875 0.63046875 0.0265625 0.1421875
0 0.396875 0.62890625 0.0265625 0.14296875
0 0.425 0.63046875 0.0234375 0.1328125
0 0.09921875 0.7484375 0.02734375 0.0734375
0 0.1359375 0.7453125 0.03125 0.07578125
0 0.16484375 0.74453125 0.02421875 0.06875
0 0.5015625 0.225 0.08203125 0.0390625
0 0.19609375 0.74296875 0.03046875 0.07109375
0 0.253125 0.74375 0.0234375 0.065625
0 0.284375 0.74609375 0.02890625 0.0703125
0 0.31484375 0.74453125 0.0265625 0.06328125
0 0.34140625 0.74140625 0.0234375 0.071875
0 0.36875 0.73984375 0.02265625 0.06796875
0 0.39765625 0.7359375 0.021875 0.06875
0 0.2265625 0.740625 0.0265625 0.0671875
0 0.1640625 0.3265625 0.01640625 0.0328125
0 0.3359375 0.46796875 0.03046875 0.1640625
0 0.128125 0.3265625 0.01796875 0.0359375
0 0.23203125 0.25234375 0.01640625 0.03984375
0 0.24921875 0.2546875 0.01640625 0.0375
0 0.2671875 0.25703125 0.01796875 0.0375
0 0.28515625 0.25625 0.01640625 0.0375
0 0.303125 0.25625 0.01640625 0.03671875
0 0.32109375 0.25703125 0.015625 0.0375
0 0.3390625 0.2578125 0.01796875 0.03671875
0 0.35703125 0.25859375 0.01640625 0.03515625
0 0.1078125 0.2859375 0.0171875 0.03828125
0 0.1265625 0.28671875 0.01796875 0.03671875
0 0.14375 0.2890625 0.0171875 0.03671875
0 0.16171875 0.2890625 0.0171875 0.0328125
0 0.1796875 0.2921875 0.0171875 0.03359375
0 0.1984375 0.29140625 0.0171875 0.034375
0 0.215625 0.2921875 0.01484375 0.03359375
0 0.21328125 0.253125 0.01640625 0.040625
0 0.19609375 0.253125 0.01640625 0.03671875
0 0.17734375 0.253125 0.0171875 0.04140625
0 0.159375 0.25078125 0.015625 0.0375
0 0.340625 0.215625 0.01875 0.0421875
0 0.32265625 0.2171875 0.0171875 0.0390625
0 0.30546875 0.21796875 0.0171875 0.0390625
0 0.2875 0.215625 0.01640625 0.0390625
0 0.26953125 0.2171875 0.0171875 0.03828125
0 0.23671875 0.2109375 0.01328125 0.03515625
0 0.2203125 0.2109375 0.0171875 0.03671875
0 0.23359375 0.2921875 0.0171875 0.034375
0 0.203125 0.20625 0.015625 0.0421875
0 0.27578125 0.17578125 0.01484375 0.03359375
0 0.259375 0.17734375 0.015625 0.03671875
0 0.24296875 0.1765625 0.0171875 0.03515625
0 0.28515625 0.13984375 0.0234375 0.0390625
0 0.265625 0.1390625 0.015625 0.0390625
0 0.2484375 0.1390625 0.0171875 0.03515625
0 0.13828125 0.24375 0.01796875 0.04140625
0 0.14609375 0.3265625 0.01640625 0.0375
0 0.2515625 0.29453125 0.0171875 0.0375
0 0.29296875 0.178125 0.01484375 0.034375
0 0.2875 0.29609375 0.01640625 0.034375
0 0.2703125 0.29609375 0.01640625 0.034375
0 0.30546875 0.29609375 0.01640625 0.03515625
0 0.321875 0.29609375 0.015625 0.034375
0 0.33984375 0.2953125 0.01640625 0.0359375
0 0.35703125 0.296875 0.0171875 0.0359375
0 0.375 0.29609375 0.0171875 0.03515625
0 0.3921875 0.29765625 0.015625 0.03515625
0 0.409375 0.29609375 0.0171875 0.03515625
0 0.07265625 0.3203125 0.015625 0.040625
0 0.090625 0.3234375 0.01796875 0.0390625
0 0.109375 0.3265625 0.0171875 0.0359375