0 0.03828125 0.87109375 0.0234375 0.02421875
0 0.140625 0.32265625 0.05546875 0.02109375
0 0.07109375 0.33359375 0.05 0.0484375
0 0.715625 0.72734375 0.0328125 0.046875
0 0.86796875 0.71640625 0.03828125 0.0515625
0 0.8234375 0.71796875 0.03515625 0.05234375
0 0.790625 0.71953125 0.03125 0.05390625
0 0.7546875 0.71953125 0.0328125 0.05234375
0 0.93203125 0.7109375 0.03515625 0.0578125
0 0.98125 0.6640625 0.03671875 0.0296875
0 0.97421875 0.71171875 0.034375 0.0546875
0 0.57265625 0.7234375 0.034375 0.04921875
0 0.53203125 0.71640625 0.04375 0.07109375
0 0.48828125 0.7203125 0.0359375 0.071875
0 0.44296875 0.72265625 0.04921875 0.06640625
0 0.3890625 0.71640625 0.04765625 0.07421875
0 0.83359375 0.32578125 0.0421875 0.0515625
0 0.871875 0.32578125 0.0328125 0.0515625
0 0.91953125 0.3171875 0.05 0.0734375
0 0.97265625 0.31171875 0.053125 0.07578125
0 0.1390625 0.34609375 0.0609375 0.0171875
0 0.22109375 0.33046875 0.07109375 0.0421875
0 0.58125 0.33203125 0.0375 0.04453125
0 0.53125 0.31875 0.04921875 0.065625
0 0.0640625 0.87265625 0.021875 0.021875
0 0.1140625 0.84453125 0.02265625 0.02265625
0 0.1140625 0.8703125 0.02109375 0.02578125
0 0.13984375 0.86796875 0.01875 0.0234375
0 0.04140625 0.89453125 0.0234375 0.0125
0 0.0671875 0.8921875 0.02734375 0.0140625
0 0.09296875 0.890625 0.02265625 0.0125
0 0.11875 0.8921875 0.02265625 0.01328125
0 0.0453125 0.90859375 0.02109375 0.01171875
0 0.475 0.325 0.05 0.05
0 0.0703125 0.9078125 0.02421875 0.01640625
0 0.1234375 0.91875 0.0234375 0.01484375
0 0.09765625 0.92109375 0.02265625 0.0125
0 0.0734375 0.925 0.02421875 0.015625
0 0.04609375 0.9234375 0.02578125 0.015625
0 0.11953125 0.90546875 0.02421875 0.01171875
0 0.93515625 0.44765625 0.05078125 0.05546875
0 0.6765625 0.30625 0.05 0.0859375
0 0.628125 0.325 0.046875 0.05234375
0 0.13984375 0.8421875 0.02265625 0.021875
0 0.096875 0.90703125 0.0234375 0.01171875
0 0.7578125 0.3078125 0.10546875 0.08203125
0 0.30703125 0.7234375 0.03828125 0.06796875
0 0.728125 0.42890625 0.04921875 0.09765625
0 0.1125 0.44609375 0.03984375 0.08046875
0 0.07265625 0.44609375 0.040625 0.0796875
0 0.03046875 0.44609375 0.0421875 0.0828125
0 0.05078125 0.60234375 0.08203125 0.059375
0 0.1375 0.60078125 0.0796875 0.0515625
0 0.21640625 0.59921875 0.0703125 0.05546875
0 0.29765625 0.596875 0.07265625 0.05546875
0 0.37734375 0.5953125 0.078125 0.053125
0 0.459375 0.5953125 0.07421875 0.05234375
0 0.515625 0.58515625 0.0359375 0.05
0 0.5640625 0.57734375 0.04296875 0.0796875
0 0.06015625 0.12890625 0.0578125 0.13515625
0 0.60234375 0.59453125 0.0328125 0.0484375
0 0.675 0.57734375 0.03828125 0.07734375
0 0.74453125 0.5703125 0.09765625 0.075
0 0.85703125 0.57578125 0.10546875 0.0734375
0 0.9296875 0.5875 0.0359375 0.0578125
0 0.9625 0.565625 0.03046875 0.0828125
0 0.88359375 0.50703125 0.1140625 0.0140625
0 0.8765625 0.52421875 0.10390625 0.0140625
0 0.06640625 0.7375 0.06953125 0.04921875
0 0.15 0.728125 0.07109375 0.053125
0 0.20859375 0.73828125 0.0421875 0.0390625
0 0.2625 0.725 0.05 0.0609375
0 0.63828125 0.59453125 0.03046875 0.04609375
0 0.11953125 0.121875 0.05625 0.13984375
0 0.17734375 0.12265625 0.05234375 0.14140625
0 0.2359375 0.12109375 0.05078125 0.14765625
0 0.67734375 0.43671875 0.0453125 0.0828125
0 0.6328125 0.44140625 0.04375 0.07578125
0 0.58984375 0.4375 0.04140625 0.075
0 0.55234375 0.45546875 0.03359375 0.05078125
0 0.5109375 0.43984375 0.04609375 0.08359375
0 0.46328125 0.45546875 0.0453125 0.0515625
0 0.415625 0.45546875 0.05 0.05625
0 0.36953125 0.4515625 0.0421875 0.059375
0 0.32734375 0.45390625 0.0375 0.06015625
0 0.275 0.46171875 0.059375 0.05
0 0.2140625 0.4609375 0.05625 0.04609375
0 0.1546875 0.43046875 0.0453125 0.09375
0 0.02109375 0.33203125 0.0421875 0.0453125
0 0.93046875 0.15859375 0.06875 0.0671875
0 0.8671875 0.13984375 0.05 0.1140625
0 0.81328125 0.13671875 0.0484375 0.11796875
0 0.7625 0.17109375 0.0453125 0.04921875
0 0.71171875 0.1609375 0.0546875 0.0671875
0 0.640625 0.13203125 0.06328125 0.11796875
0 0.57265625 0.16953125 0.06171875 0.053125
0 0.50390625 0.12421875 0.0515625 0.140625
0 0.45234375 0.125 0.0484375 0.1421875
0 0.39765625 0.12578125 0.05234375 0.1375
0 0.34609375 0.12421875 0.05 0.14296875
0 0.2921875 0.121875 0.05546875 0.14375
0 0.89140625 0.4484375 0.034375 0.0515625
0 0.83125 0.44453125 0.08515625 0.059375
0 0.08984375 0.87109375 0.021875 0.0234375
0 0.34765625 0.71953125 0.0375 0.06953125
0 0.68125 0.72578125 0.03125 0.0484375
0 0.6453125 0.725 0.03359375 0.05
0 0.2453125 0.91328125 0.0375 0.05546875
0 0.2859375 0.91171875 0.03671875 0.059375
0 0.3234375 0.90625 0.03515625 0.05859375
0 0.359375 0.90546875 0.0328125 0.059375
0 0.40234375 0.9078125 0.03671875 0.05859375
0 0.4421875 0.90625 0.034375 0.05625
0 0.478125 0.90625 0.034375 0.05859375
0 0.51484375 0.90234375 0.03515625 0.05859375
0 0.56875 0.89140625 0.03828125 0.075
0 0.60859375 0.88984375 0.040625 0.07265625
0 0.609375 0.725 0.034375 0.0515625
0 0.690625 0.8890625 0.0375 0.07734375
0 0.08828125 0.84609375 0.02265625 0.021875
0 0.06328125 0.84609375 0.02265625 0.02265625
0 0.03828125 0.84609375 0.021875 0.02265625
0 0.65078125 0.8890625 0.03984375 0.0765625
0 0.97265625 0.865625 0.025 0.07109375
0 0.6796875 0.2515625 0.09453125 0.02109375
0 0.89375 0.87890625 0.0359375 0.071875
0 0.85234375 0.88046875 0.03671875 0.0734375
0 0.81171875 0.88046875 0.0375 0.075
0 0.7734375 0.88203125 0.03515625 0.075
0 0.7328125 0.8859375 0.03984375 0.07109375
0 0.93671875 0.88046875 0.0453125 0.07578125