0 0.8265625 0.8421875 0.0390625 0.07109375
0 0.90703125 0.846875 0.0375 0.07265625
0 0.78046875 0.84296875 0.04765625 0.07109375
0 0.53671875 0.8171875 0.053125 0.0796875
0 0.7296875 0.834375 0.04609375 0.078125
0 0.021875 0.1125 0.04375 0.08046875
0 0.67578125 0.83125 0.053125 0.0703125
0 0.6078125 0.81796875 0.0796875 0.08984375
0 0.86875 0.8453125 0.0375 0.07265625
0 0.47890625 0.80703125 0.04296875 0.08671875
0 0.07265625 0.08671875 0.05 0.125
0 0.3421875 0.7953125 0.0859375 0.08984375
0 0.25625 0.7890625 0.08125 0.08359375
0 0.1765625 0.790625 0.06953125 0.06640625
0 0.1 0.7734375 0.075 0.0765625
0 0.9625 0.85703125 0.065625 0.07109375
0 0.02421875 0.7734375 0.0484375 0.07421875
0 0.92734375 0.728125 0.0640625 0.11484375
0 0.8578125 0.71875 0.059375 0.11328125
0 0.7625 0.74453125 0.11875 0.06953125
0 0.64140625 0.65625 0.10625 0.03671875
0 0.425 0.80078125 0.05625 0.08125
0 0.01171875 0.8546875 0.0234375 0.040625
0 0.1875 0.87265625 0.0234375 0.03984375
0 0.06171875 0.84296875 0.01796875 0.02109375
0 0.63671875 0.9234375 0.03984375 0.04375
0 0.60078125 0.92734375 0.021875 0.01484375
0 0.59296875 0.9453125 0.015625 0.0171875
0 0.50546875 0.92109375 0.0203125 0.021875
0 0.48515625 0.91953125 0.0140625 0.02578125
0 0.6796875 0.95703125 0.0328125 0.01953125
0 0.759375 0.94453125 0.0546875 0.04140625
0 0.8265625 0.9453125 0.0546875 0.05078125
0 0.90234375 0.93984375 0.0625 0.07890625
0 0.640625 0.72265625 0.11484375 0.08125
0 0.4953125 0.87421875 0.02890625 0.01953125
0 0.4625 0.8734375 0.02890625 0.028125
0 0.35625 0.88046875 0.04765625 0.0375
0 0.30703125 0.8828125 0.03828125 0.04609375
0 0.265625 0.90625 0.0125 0.02109375
0 0.2484375 0.90703125 0.0171875 0.01796875
0 0.2375 0.8796875 0.02421875 0.03125
0 0.21171875 0.89296875 0.0203125 0.03515625
0 0.146875 0.87734375 0.0546875 0.05625
0 0.0984375 0.8390625 0.040625 0.0203125
0 0.08203125 0.8640625 0.03828125 0.01953125
0 0.0359375 0.8546875 0.0203125 0.03515625
0 0.88828125 0.58125 0.11796875 0.11171875
0 0.76171875 0.575 0.11953125 0.10859375
0 0.21796875 0.10234375 0.04140625 0.09453125
0 0.734375 0.41796875 0.03671875 0.10234375
0 0.68828125 0.4140625 0.04609375 0.1109375
0 0.6375 0.41328125 0.046875 0.1109375
0 0.303125 0.659375 0.08515625 0.02578125
0 0.54765625 0.41796875 0.04375 0.09609375
0 0.4984375 0.41953125 0.04921875 0.0875
0 0.43671875 0.4484375 0.05859375 0.02890625
0 0.30390625 0.70703125 0.1015625 0.06484375
0 0.440625 0.42109375 0.059375 0.02265625
0 0.33515625 0.40078125 0.04375 0.11640625
0 0.2796875 0.39609375 0.0625 0.12265625
0 0.22265625 0.3984375 0.04296875 0.11328125
0 0.17734375 0.39609375 0.04375 0.11328125
0 0.13046875 0.3921875 0.04375 0.11328125
0 0.0796875 0.39296875 0.04375 0.11328125
0 0.975 0.96171875 0.05 0.0546875
0 0.38203125 0.4 0.04375 0.11640625
0 0.41171875 0.72109375 0.10703125 0.05078125
0 0.228125 0.68203125 0.040625 0.10234375
0 0.159375 0.684375 0.07578125 0.09375
0 0.6171875 0.55625 0.14296875 0.11640625
0 0.4875 0.53515625 0.10234375 0.08125
0 0.3671875 0.54375 0.12265625 0.12109375
0 0.26328125 0.54375 0.075 0.10859375
0 0.496875 0.6125 0.0828125 0.03984375
0 0.1828125 0.59296875 0.078125 0.03671875
0 0.15 0.51796875 0.11875 0.09375
0 0.1859375 0.6203125 0.0703125 0.0140625
0 0.04296875 0.53125 0.0859375 0.115625
0 0.91796875 0.45 0.06484375 0.0578125
0 0.85625 0.44921875 0.04296875 0.05234375
0 0.81484375 0.43203125 0.03125 0.08125
0 0.77578125 0.4203125 0.03671875 0.10078125
0 0.97578125 0.5875 0.0484375 0.1125
0 0.034375 0.6734375 0.06875 0.090625
0 0.0984375 0.6625 0.03984375 0.1234375
0 0.9796875 0.45546875 0.040625 0.059375
0 0.1765625 0.09765625 0.0359375 0.1078125
0 0.4140625 0.66640625 0.10859375 0.05703125
0 0.525 0.6703125 0.11015625 0.03125
0 0.04140625 0.26015625 0.0453125 0.09296875
0 0.9796875 0.25859375 0.040625 0.1265625
0 0.98125 0.07421875 0.0375 0.1390625
0 0.92578125 0.075 0.06640625 0.13984375
0 0.8609375 0.07265625 0.05625 0.14453125
0 0.8015625 0.08203125 0.05703125 0.13046875
0 0.7390625 0.0734375 0.0625 0.14609375
0 0.09453125 0.240625 0.05546875 0.12734375
0 0.6734375 0.075 0.06328125 0.14296875
0 0.56640625 0.07734375 0.046875 0.1296875
0 0.51796875 0.0828125 0.04765625 0.1296875
0 0.47109375 0.08203125 0.046875 0.1296875
0 0.4203125 0.08359375 0.04765625 0.1296875
0 0.36640625 0.07890625 0.05859375 0.13671875
0 0.30859375 0.0765625 0.05234375 0.14453125
0 0.26015625 0.103125 0.03984375 0.09609375
0 0.6171875 0.07890625 0.046875 0.1359375
0 0.40703125 0.62109375 0.0921875 0.021875
0 0.15 0.2421875 0.05 0.12890625
0 0.259375 0.27890625 0.0484375 0.0546875
0 0.525 0.721875 0.10390625 0.06796875
0 0.03203125 0.39140625 0.0421875 0.115625
0 0.93203125 0.26015625 0.04609375 0.1125
0 0.88984375 0.26875 0.03671875 0.09453125
0 0.8359375 0.2609375 0.06328125 0.10859375
0 0.77890625 0.2578125 0.04296875 0.109375
0 0.72578125 0.26640625 0.05703125 0.08671875
0 0.20390625 0.24140625 0.05625 0.1265625
0 0.66796875 0.25703125 0.05078125 0.10703125
0 0.5796875 0.2703125 0.02421875 0.07890625
0 0.5359375 0.26953125 0.0578125 0.0796875
0 0.48046875 0.26640625 0.04375 0.08984375
0 0.434375 0.259375 0.04296875 0.0984375
0 0.3875 0.2796875 0.04296875 0.05390625
0 0.34921875 0.27421875 0.0296875 0.0640625
0 0.30859375 0.275 0.04375 0.065625
0 0.6171875 0.25546875 0.0453125 0.1109375
0 0.13125 0.0921875 0.0515625 0.11875
0 0.5921875 0.4203125 0.03984375 0.09609375