0 0.496875 0.8515625 0.0390625 0.034375
0 0.8421875 0.18359375 0.0375 0.09765625
0 0.8859375 0.184375 0.05078125 0.096875
0 0.93125 0.18515625 0.0390625 0.09765625
0 0.9734375 0.178125 0.046875 0.1125
0 0.05 0.2984375 0.03046875 0.078125
0 0.09765625 0.2890625 0.0515625 0.10390625
0 0.64765625 0.171875 0.1546875 0.1140625
0 0.17734375 0.38046875 0.078125 0.27421875
0 0.2921875 0.296875 0.05859375 0.09453125
0 0.07890625 0.6640625 0.07578125 0.08359375
0 0.95 0.546875 0.0234375 0.0921875
0 0.91953125 0.5515625 0.03671875 0.09375
0 0.878125 0.55390625 0.04296875 0.09375
0 0.834375 0.54765625 0.034375 0.1015625
0 0.240625 0.29140625 0.0453125 0.10234375
0 0.53515625 0.1703125 0.05 0.109375
0 0.48046875 0.16640625 0.059375 0.11484375
0 0.4140625 0.16796875 0.0609375 0.1078125
0 0.67109375 0.6609375 0.090625 0.08125
0 0.59296875 0.6640625 0.065625 0.08515625
0 0.53125 0.6640625 0.05546875 0.08359375
0 0.46796875 0.66484375 0.06796875 0.078125
0 0.01484375 0.15625 0.025 0.1015625
0 0.046875 0.15546875 0.0328125 0.1046875
0 0.08125 0.15625 0.02734375 0.10546875
0 0.13828125 0.1515625 0.05703125 0.11953125
0 0.21015625 0.1546875 0.06640625 0.11796875
0 0.60078125 0.42265625 0.0453125 0.10390625
0 0.39609375 0.66015625 0.078125 0.07890625
0 0.315625 0.66171875 0.0734375 0.0828125
0 0.2359375 0.6609375 0.07265625 0.08671875
0 0.15625 0.66484375 0.07578125 0.08203125
0 0.35078125 0.1609375 0.05234375 0.1234375
0 0.78828125 0.5484375 0.04765625 0.1046875
0 0.784375 0.66171875 0.11328125 0.07734375
0 0.73671875 0.54609375 0.05078125 0.1078125
0 0.63984375 0.5421875 0.03984375 0.1
0 0.54375 0.5390625 0.046875 0.1
0 0.4875 0.5421875 0.053125 0.1015625
0 0.43828125 0.5390625 0.0453125 0.10546875
0 0.38828125 0.540625 0.046875 0.10234375
0 0.34375 0.53828125 0.04296875 0.10703125
0 0.29140625 0.53828125 0.05703125 0.10390625
0 0.5921875 0.54296875 0.0421875 0.096875
0 0.2 0.55078125 0.0828125 0.06171875
0 0.9015625 0.43359375 0.04140625 0.1046875
0 0.8546875 0.43046875 0.0421875 0.1078125
0 0.8078125 0.428125 0.04609375 0.1
0 0.759375 0.425 0.046875 0.10703125
0 0.703125 0.42578125 0.05625 0.10625
0 0.55390625 0.42421875 0.04296875 0.10390625
0 0.953125 0.43046875 0.05078125 0.1078125
0 0.4078125 0.41875 0.04921875 0.10390625
0 0.3578125 0.41640625 0.03984375 0.10546875
0 0.2984375 0.4171875 0.04921875 0.1046875
0 0.34765625 0.29921875 0.0390625 0.10234375
0 0.4 0.29609375 0.0671875 0.1078125
0 0.46328125 0.29765625 0.04140625 0.10625
0 0.5203125 0.30234375 0.053125 0.1046875
0 0.56328125 0.30625 0.0328125 0.1140625
0 0.64140625 0.26875 0.0765625 0.03046875
0 0.64609375 0.3046875 0.08203125 0.0375
0 0.7125 0.2984375 0.0421875 0.065625
0 0.76796875 0.30390625 0.06328125 0.059375
0 0.82578125 0.31484375 0.0375 0.09453125
0 0.86796875 0.31484375 0.0484375 0.0984375
0 0.925 0.3125 0.04765625 0.10546875
0 0.0484375 0.41171875 0.04765625 0.09921875
0 0.09609375 0.41484375 0.0453125 0.09375
0 0.24765625 0.41328125 0.0421875 0.1109375
0 0.68515625 0.54453125 0.05 0.096875
0 0.89609375 0.65859375 0.075 0.08125
0 0.65234375 0.4234375 0.0453125 0.10703125
0 0.02890625 0.76796875 0.05390625 0.08046875
0 0.45703125 0.85 0.0296875 0.03671875
0 0.5734375 0.90546875 0.0421875 0.03984375
0 0.4953125 0.9 0.03671875 0.0390625
0 0.459375 0.9 0.03359375 0.034375
0 0.4015625 0.90703125 0.03671875 0.04296875
0 0.3640625 0.90546875 0.0390625 0.0421875
0 0.3234375 0.90546875 0.034375 0.04296875
0 0.11328125 0.85078125 0.059375 0.0265625
0 0.1703125 0.84921875 0.046875 0.02890625
0 0.14453125 0.90859375 0.06015625 0.028125
0 0.08671875 0.9109375 0.05 0.028125
0 0.03359375 0.90859375 0.04765625 0.03359375
0 0.959375 0.66171875 0.046875 0.07421875
0 0.7734375 0.74765625 0.08046875 0.04296875
0 0.85859375 0.746875 0.0859375 0.0375
0 0.86015625 0.78515625 0.08984375 0.0359375
0 0.946875 0.775 0.0703125 0.075
0 0.77109375 0.7890625 0.0859375 0.03671875
0 0.5421875 0.8515625 0.0484375 0.0421875
0 0.53359375 0.9046875 0.0359375 0.0375
0 0.7578125 0.9015625 0.046875 0.046875
0 0.08984375 0.76953125 0.053125 0.0796875
0 0.1484375 0.76796875 0.0609375 0.0796875
0 0.21328125 0.765625 0.059375 0.0859375
0 0.2765625 0.7703125 0.059375 0.0875
0 0.3390625 0.77265625 0.053125 0.08203125
0 0.703125 0.9 0.0453125 0.04453125
0 0.46796875 0.7703125 0.0546875 0.0796875
0 0.52421875 0.76796875 0.05390625 0.0796875
0 0.6 0.78671875 0.078125 0.04140625
0 0.4 0.7703125 0.0671875 0.078125
0 0.86015625 0.85234375 0.02890625 0.03828125
0 0.684375 0.78671875 0.07578125 0.04140625
0 0.86796875 0.90234375 0.0359375 0.03671875
0 0.90390625 0.9046875 0.0375 0.04140625
0 0.8078125 0.90078125 0.04609375 0.04609375
0 0.94140625 0.90859375 0.03203125 0.03515625
0 0.97734375 0.90703125 0.034375 0.0375
0 0.89921875 0.85390625 0.0328125 0.03515625