0 0.1578125 0.26796875 0.04453125 0.084375
0 0.78359375 0.15703125 0.03203125 0.03125
0 0.81484375 0.1359375 0.03125 0.071875
0 0.971875 0.5765625 0.0234375 0.046875
0 0.86328125 0.15703125 0.05546875 0.046875
0 0.92421875 0.1703125 0.05390625 0.0390625
0 0.9765625 0.16796875 0.04609375 0.0421875
0 0.0546875 0.2703125 0.05 0.08203125
0 0.1078125 0.26875 0.0546875 0.08515625
0 0.20234375 0.27109375 0.04453125 0.08125
0 0.38359375 0.20546875 0.04140625 0.01875
0 0.290625 0.27265625 0.0390625 0.075
0 0.3296875 0.2734375 0.04140625 0.0765625
0 0.37265625 0.28359375 0.04609375 0.053125
0 0.7453125 0.14375 0.040625 0.05859375
0 0.94453125 0.58125 0.02421875 0.0546875
0 0.921875 0.5875 0.025 0.0453125
0 0.96796875 0.67578125 0.0296875 0.0703125
0 0.853125 0.69765625 0.02734375 0.0734375
0 0.88203125 0.69140625 0.0296875 0.06875
0 0.9109375 0.690625 0.02421875 0.071875
0 0.9390625 0.678125 0.02421875 0.0625
0 0.246875 0.271875 0.0453125 0.0765625
0 0.99296875 0.57578125 0.0140625 0.0453125
0 0.24296875 0.84140625 0.0375 0.0609375
0 0.1984375 0.85 0.040625 0.075
0 0.82734375 0.7140625 0.02265625 0.0421875
0 0.80234375 0.721875 0.02265625 0.053125
0 0.7671875 0.725 0.0421875 0.05
0 0.7203125 0.7359375 0.04609375 0.0640625
0 0.68359375 0.740625 0.02734375 0.05625
0 0.04453125 0.0984375 0.08515625 0.0890625
0 0.11484375 0.1234375 0.0515625 0.03671875
0 0.16875 0.10625 0.05234375 0.07578125
0 0.2203125 0.10625 0.0546875 0.0734375
0 0.27734375 0.10859375 0.05859375 0.078125
0 0.15625 0.05703125 0.05390625 0.025
0 0.3375 0.11796875 0.05234375 0.0734375
0 0.38984375 0.11875 0.05078125 0.071875
0 0.14921875 0.853125 0.04453125 0.08125
0 0.515625 0.13515625 0.0359375 0.06015625
0 0.5640625 0.090625 0.03828125 0.0265625
0 0.5921875 0.1359375 0.03515625 0.0625
0 0.63125 0.1328125 0.0421875 0.0671875
0 0.67578125 0.1375 0.04453125 0.071875
0 0.7125 0.1453125 0.02265625 0.0609375
0 0.65390625 0.7515625 0.028125 0.06015625
0 0.625 0.75390625 0.0296875 0.0578125
0 0.59453125 0.76171875 0.02734375 0.06875
0 0.52109375 0.775 0.040625 0.075
0 0.48515625 0.7828125 0.03359375 0.05859375
0 0.4359375 0.8125 0.05859375 0.0375
0 0.36953125 0.8265625 0.065625 0.03515625
0 0.296875 0.8421875 0.071875 0.05703125
0 0.55390625 0.13671875 0.03984375 0.05625
0 0.559375 0.7671875 0.03359375 0.06796875
0 0.340625 0.42421875 0.0546875 0.0671875
0 0.5046875 0.26484375 0.034375 0.0875
0 0.5578125 0.65546875 0.0296875 0.059375
0 0.5875 0.64609375 0.03046875 0.059375
0 0.61796875 0.64375 0.02578125 0.05625
0 0.646875 0.6375 0.0265625 0.05703125
0 0.68671875 0.64453125 0.05 0.04296875
0 0.7375 0.61015625 0.04140625 0.0703125
0 0.78046875 0.6046875 0.04296875 0.07421875
0 0.8203125 0.596875 0.0296875 0.053125
0 0.84609375 0.5953125 0.02109375 0.059375
0 0.87109375 0.58984375 0.02578125 0.05078125
0 0.8953125 0.590625 0.02265625 0.046875
0 0.5703125 0.5296875 0.034375 0.06953125
0 0.5359375 0.53125 0.0328125 0.0671875
0 0.48671875 0.53515625 0.06640625 0.071875
0 0.403125 0.55 0.0390625 0.0625
0 0.52734375 0.65703125 0.02890625 0.0546875
0 0.49609375 0.66015625 0.0296875 0.0609375
0 0.4578125 0.65859375 0.0390625 0.0734375
0 0.41328125 0.6703125 0.04296875 0.065625
0 0.6015625 0.5265625 0.02890625 0.06328125
0 0.63671875 0.53671875 0.03125 0.0421875
0 0.66875 0.5328125 0.03125 0.0421875
0 0.7 0.515625 0.02109375 0.06171875
0 0.728125 0.51328125 0.03125 0.0640625
0 0.7578125 0.509375 0.0328125 0.0578125
0 0.79921875 0.503125 0.04140625 0.0640625
0 0.3453125 0.5546875 0.06796875 0.0671875
0 0.8390625 0.5078125 0.03828125 0.053125
0 0.9234375 0.5015625 0.03671875 0.0453125
0 0.9640625 0.49765625 0.0375 0.03828125
0 0.15546875 0.721875 0.1078125 0.0671875
0 0.26015625 0.703125 0.0921875 0.06328125
0 0.32890625 0.65625 0.03515625 0.03125
0 0.33046875 0.69765625 0.03046875 0.046875
0 0.3671875 0.68203125 0.03359375 0.065625
0 0.8796875 0.50234375 0.04765625 0.0453125
0 0.39140625 0.22890625 0.03671875 0.025
0 0.28203125 0.5515625 0.046875 0.08671875
0 0.14921875 0.57734375 0.04453125 0.0796875
0 0.2875 0.42421875 0.05234375 0.0671875
0 0.228125 0.421875 0.06171875 0.08515625
0 0.17421875 0.42890625 0.046875 0.07265625
0 0.1265625 0.43125 0.04921875 0.0765625
0 0.07890625 0.43203125 0.046875 0.07578125
0 0.9703125 0.28359375 0.05859375 0.0359375
0 0.91796875 0.28203125 0.0421875 0.0453125
0 0.77578125 0.290625 0.03359375 0.03125
0 0.73828125 0.2734375 0.03828125 0.0640625
0 0.70546875 0.2734375 0.02421875 0.065625
0 0.67265625 0.2671875 0.03515625 0.08046875
0 0.63984375 0.2734375 0.02890625 0.0703125
0 0.60703125 0.27265625 0.03515625 0.06875
0 0.57578125 0.271875 0.02734375 0.0671875
0 0.54296875 0.27265625 0.03984375 0.06875
0 0.3890625 0.4265625 0.03203125 0.05078125
0 0.421875 0.4140625 0.03359375 0.071875
0 0.4609375 0.4109375 0.03984375 0.06875
0 0.49609375 0.41015625 0.034375 0.0703125
0 0.08828125 0.5734375 0.05390625 0.0921875
0 0.8578125 0.45078125 0.04453125 0.0390625
0 0.85078125 0.40234375 0.04921875 0.053125
0 0.85234375 0.34765625 0.05546875 0.05
0 0.97421875 0.40234375 0.04140625 0.04140625
0 0.9328125 0.40546875 0.04296875 0.04453125
0 0.89765625 0.40625 0.02421875 0.0421875
0 0.2328125 0.5703125 0.0453125 0.07578125
0 0.80390625 0.39453125 0.03125 0.0546875
0 0.74765625 0.3953125 0.02421875 0.059375
0 0.72109375 0.3984375 0.02734375 0.06171875
0 0.6953125 0.39921875 0.02421875 0.0609375
0 0.6546875 0.4015625 0.0578125 0.06484375
0 0.609375 0.4015625 0.03203125 0.065625
0 0.57578125 0.40703125 0.0328125 0.0734375
0 0.5375 0.41015625 0.04453125 0.065625
0 0.775 0.3953125 0.028125 0.0578125
0 0.99140625 0.6703125 0.01640625 0.06328125