0 0.440625 0.5 0.03984375 0.0890625
0 0.24453125 0.50234375 0.03125 0.06875
0 0.27734375 0.503125 0.02734375 0.07109375
0 0.3109375 0.509375 0.034375 0.059375
0 0.35625 0.4984375 0.0390625 0.07578125
0 0.3984375 0.496875 0.03671875 0.08359375
0 0.4890625 0.49921875 0.03984375 0.0890625
0 0.69296875 0.5296875 0.04296875 0.03984375
0 0.57109375 0.503125 0.0328125 0.08515625
0 0.60546875 0.5046875 0.03203125 0.0859375
0 0.646875 0.484375 0.0453125 0.04375
0 0.6953125 0.48671875 0.04453125 0.0421875
0 0.74375 0.48671875 0.046875 0.0421875
0 0.6453125 0.5296875 0.0421875 0.0390625
0 0.2078125 0.49375 0.03671875 0.084375
0 0.7390625 0.53125 0.03984375 0.040625
0 0.5265625 0.503125 0.03359375 0.084375
0 0.16171875 0.4921875 0.04140625 0.08125
0 0.2296875 0.38984375 0.03828125 0.08984375
0 0.0671875 0.490625 0.04453125 0.084375
0 0.82421875 0.40703125 0.090625 0.08671875
0 0.75703125 0.40546875 0.04296875 0.084375
0 0.6703125 0.4015625 0.0484375 0.0875
0 0.61640625 0.39921875 0.04921875 0.08984375
0 0.5671875 0.396875 0.04765625 0.090625
0 0.50703125 0.39765625 0.04140625 0.0890625
0 0.46875 0.3953125 0.03359375 0.0890625
0 0.428125 0.39453125 0.0375 0.0859375
0 0.39296875 0.39375 0.03515625 0.0875
0 0.3515625 0.39375 0.034375 0.0828125
0 0.29609375 0.3921875 0.0625 0.08515625
0 0.19453125 0.3890625 0.02734375 0.0890625
0 0.15703125 0.3890625 0.04609375 0.0859375
0 0.115625 0.3859375 0.03671875 0.0859375
0 0.0671875 0.384375 0.04453125 0.0890625
0 0.01640625 0.38203125 0.0328125 0.0921875
0 0.021875 0.4875 0.04296875 0.08046875
0 0.11484375 0.490625 0.0515625 0.08515625
0 0.71484375 0.4015625 0.0390625 0.08671875
0 0.83828125 0.5125 0.04296875 0.08125
0 0.89140625 0.409375 0.04140625 0.0796875
0 0.56328125 0.709375 0.03671875 0.0578125
0 0.52734375 0.703125 0.02890625 0.07734375
0 0.49140625 0.70234375 0.0328125 0.06875
0 0.45703125 0.7 0.03359375 0.06953125
0 0.41875 0.6984375 0.03828125 0.0734375
0 0.38125 0.6984375 0.03515625 0.0734375
0 0.31875 0.696875 0.08515625 0.0734375
0 0.3265625 0.5984375 0.0515625 0.07890625
0 0.3796875 0.59609375 0.040625 0.0765625
0 0.4296875 0.5984375 0.03984375 0.075
0 0.475 0.6 0.0421875 0.08125
0 0.61015625 0.7078125 0.04921875 0.0734375
0 0.5171875 0.603125 0.028125 0.0828125
0 0.596875 0.60625 0.04921875 0.07734375
0 0.6484375 0.6296875 0.04921875 0.028125
0 0.6484375 0.596875 0.04296875 0.03203125
0 0.69921875 0.63203125 0.046875 0.028125
0 0.7 0.6015625 0.0484375 0.0296875
0 0.74765625 0.6359375 0.04609375 0.02890625
0 0.75 0.60078125 0.0484375 0.03125
0 0.79296875 0.61015625 0.03359375 0.0796875
0 0.42109375 0.80625 0.05859375 0.10625
0 0.50078125 0.8140625 0.08984375 0.07109375
0 0.59296875 0.82109375 0.0875 0.0765625
0 0.5515625 0.6046875 0.03828125 0.0796875
0 0.659375 0.72265625 0.0453125 0.040625
0 0.7109375 0.696875 0.04765625 0.0375
0 0.7578125 0.696875 0.0390625 0.0390625
0 0.7921875 0.50703125 0.040625 0.078125
0 0.3625 0.8078125 0.0453125 0.078125
0 0.30390625 0.803125 0.05625 0.09140625
0 0.24375 0.803125 0.05 0.09375
0 0.19765625 0.8140625 0.03125 0.07265625
0 0.15 0.81796875 0.05703125 0.065625
0 0.0984375 0.81796875 0.03984375 0.053125
0 0.10859375 0.7671875 0.046875 0.03359375
0 0.040625 0.83125 0.04296875 0.03125
0 0.040625 0.79140625 0.04296875 0.04296875
0 0.23984375 0.5953125 0.03359375 0.07734375
0 0.203125 0.59453125 0.03828125 0.078125
0 0.159375 0.59375 0.0375 0.0828125
0 0.121875 0.5921875 0.03671875 0.08125
0 0.065625 0.5890625 0.03671875 0.07421875
0 0.02734375 0.58828125 0.0375 0.0765625
0 0.978125 0.721875 0.028125 0.06796875
0 0.94765625 0.71953125 0.028125 0.06796875
0 0.91796875 0.71796875 0.02734375 0.06875
0 0.88984375 0.71875 0.02578125 0.06953125
0 0.86015625 0.71640625 0.02421875 0.06953125
0 0.8296875 0.71484375 0.02890625 0.07109375
0 0.7953125 0.71171875 0.0265625 0.065625
0 0.753125 0.73125 0.04296875 0.0296875
0 0.70625 0.73203125 0.0390625 0.0265625
0 0.6625 0.8265625 0.0453125 0.0703125
0 0.70703125 0.83125 0.04296875 0.0671875
0 0.28203125 0.60078125 0.03515625 0.06875
0 0.78203125 0.8328125 0.02578125 0.06796875
0 0.884375 0.5125 0.04296875 0.08203125
0 0.93046875 0.1671875 0.04765625 0.0984375
0 0.97734375 0.1703125 0.04375 0.096875
0 0.053125 0.2734375 0.10546875 0.10078125
0 0.1328125 0.27734375 0.0484375 0.096875
0 0.18359375 0.27734375 0.04453125 0.0984375
0 0.221875 0.278125 0.03203125 0.1
0 0.259375 0.2859375 0.03671875 0.08671875
0 0.30234375 0.2859375 0.03828125 0.08671875
0 0.35078125 0.284375 0.05234375 0.09375
0 0.40078125 0.28671875 0.04921875 0.09296875
0 0.45390625 0.2890625 0.04921875 0.09140625
0 0.5015625 0.2890625 0.04453125 0.09375
0 0.559375 0.2890625 0.0484375 0.0984375
0 0.6078125 0.290625 0.04765625 0.09765625
0 0.6546875 0.28984375 0.0453125 0.09765625
0 0.74765625 0.83046875 0.03515625 0.06875
0 0.74609375 0.29453125 0.04375 0.0921875
0 0.79296875 0.2890625 0.04765625 0.103125
0 0.83984375 0.296875 0.04140625 0.090625
0 0.88359375 0.2984375 0.03828125 0.090625
0 0.92734375 0.2984375 0.04609375 0.09375
0 0.97109375 0.303125 0.0359375 0.08515625
0 0.98046875 0.4078125 0.03828125 0.08984375
0 0.9375 0.409375 0.04609375 0.084375
0 0.925 0.51953125 0.03984375 0.0734375
0 0.96484375 0.5171875 0.034375 0.078125
0 0.70078125 0.290625 0.04453125 0.09609375
0 0.98671875 0.62109375 0.02578125 0.0765625
0 0.81171875 0.83125 0.02890625 0.0703125
0 0.8453125 0.83125 0.0328125 0.07109375
0 0.903125 0.8296875 0.07265625 0.08046875
0 0.99140625 0.51953125 0.01640625 0.0796875
0 0.83359375 0.61171875 0.04453125 0.0765625
0 0.8765625 0.6125 0.03984375 0.08125
0 0.88515625 0.16796875 0.04140625 0.0953125
0 0.8390625 0.1625 0.0453125 0.1015625
0 0.79296875 0.16328125 0.04453125 0.1
0 0.74765625 0.16171875 0.04296875 0.09453125
0 0.6984375 0.1609375 0.0484375 0.09609375
0 0.64921875 0.16484375 0.04296875 0.0859375
0 0.59921875 0.159375 0.05390625 0.09453125
0 0.9703125 0.82734375 0.059375 0.0859375
0 0.48984375 0.16015625 0.04296875 0.096875
0 0.95234375 0.6203125 0.03984375 0.0765625
0 0.54140625 0.15625 0.05546875 0.1015625
0 0.9140625 0.61875 0.03046875 0.0734375
0 0.0375 0.13828125 0.07421875 0.11875
0 0.115625 0.1484375 0.06171875 0.10234375
0 0.17578125 0.14609375 0.06171875 0.10625
0 0.23203125 0.14765625 0.04921875 0.103125
0 0.28515625 0.15390625 0.0515625 0.1015625
0 0.440625 0.15703125 0.05390625 0.0953125
0 0.38828125 0.15625 0.04921875 0.096875
0 0.33828125 0.1546875 0.04921875 0.0984375