0 0.31875 0.9140625 0.03125 0.07265625
0 0.8078125 0.815625 0.046875 0.09609375
0 0.34296875 0.36875 0.03671875 0.05234375
0 0.86796875 0.81953125 0.040625 0.1015625
0 0.321875 0.18515625 0.03359375 0.075
0 0.2796875 0.18671875 0.03515625 0.075
0 0.69375 0.7203125 0.0421875 0.10078125
0 0.64609375 0.7171875 0.0390625 0.10234375
0 0.596875 0.715625 0.04375 0.09921875
0 0.55078125 0.71328125 0.03984375 0.10625
0 0.4796875 0.18515625 0.03046875 0.06875
0 0.496875 0.71484375 0.04765625 0.10703125
0 0.40625 0.71875 0.040625 0.0921875
0 0.35859375 0.7125 0.0390625 0.0953125
0 0.31015625 0.71015625 0.03984375 0.0953125
0 0.69140625 0.82734375 0.05078125 0.08515625
0 0.63984375 0.821875 0.03984375 0.08359375
0 0.5921875 0.82578125 0.03359375 0.0859375
0 0.45 0.71640625 0.04296875 0.1
0 0.5234375 0.18359375 0.03359375 0.07109375
0 0.55546875 0.184375 0.02734375 0.0703125
0 0.59609375 0.18359375 0.0421875 0.07578125
0 0.29453125 0.3734375 0.03203125 0.05703125
0 0.29375 0.28515625 0.04296875 0.0796875
0 0.3421875 0.28359375 0.03828125 0.08203125
0 0.38359375 0.2828125 0.03515625 0.08359375
0 0.42109375 0.28515625 0.03359375 0.0875
0 0.4609375 0.28515625 0.0390625 0.07421875
0 0.5046875 0.2875 0.0375 0.08515625
0 0.54453125 0.2890625 0.03125 0.07890625
0 0.58984375 0.2859375 0.03203125 0.0828125
0 0.62890625 0.284375 0.03203125 0.084375
0 0.6734375 0.2828125 0.03359375 0.08203125
0 0.715625 0.28203125 0.03984375 0.0765625
0 0.725 0.18203125 0.04296875 0.07734375
0 0.678125 0.1828125 0.03828125 0.07109375
0 0.6359375 0.18125 0.03515625 0.07421875
0 0.54296875 0.82578125 0.03203125 0.08671875
0 0.3828125 0.38046875 0.03046875 0.075
0 0.5015625 0.8234375 0.034375 0.0875
0 0.4203125 0.38125 0.0328125 0.078125
0 0.68125 0.921875 0.040625 0.071875
0 0.63671875 0.91953125 0.03046875 0.06953125
0 0.59609375 0.91796875 0.04140625 0.06796875
0 0.55 0.91640625 0.03515625 0.075
0 0.5046875 0.91796875 0.03359375 0.075
0 0.45546875 0.9109375 0.034375 0.06484375
0 0.31171875 0.82578125 0.04375 0.0875
0 0.36953125 0.915625 0.03671875 0.0703125
0 0.40078125 0.59765625 0.0375 0.09765625
0 0.4453125 0.60078125 0.04609375 0.09453125
0 0.49453125 0.6015625 0.03671875 0.10390625
0 0.540625 0.60234375 0.05234375 0.10234375
0 0.5890625 0.59921875 0.04375 0.10546875
0 0.92578125 0.903125 0.03828125 0.05546875
0 0.3515625 0.59609375 0.04296875 0.10390625
0 0.36484375 0.825 0.034375 0.0953125
0 0.41171875 0.82265625 0.03671875 0.0921875
0 0.3015625 0.59609375 0.046875 0.09765625
0 0.4640625 0.3828125 0.03125 0.078125
0 0.49921875 0.38046875 0.03671875 0.078125
0 0.5421875 0.38203125 0.03203125 0.0765625
0 0.5828125 0.384375 0.03515625 0.07421875
0 0.621875 0.38046875 0.03046875 0.08125
0 0.66171875 0.38125 0.03125 0.08046875
0 0.70625 0.378125 0.04140625 0.0796875
0 0.61796875 0.4859375 0.03203125 0.08203125
0 0.575 0.48125 0.0390625 0.09296875
0 0.528125 0.484375 0.040625 0.09453125
0 0.48515625 0.4859375 0.04140625 0.0890625
0 0.44375 0.48515625 0.03671875 0.08828125
0 0.4046875 0.484375 0.03828125 0.090625
0 0.315625 0.48515625 0.034375 0.07734375
0 0.36171875 0.4890625 0.04375 0.0859375
0 0.4546875 0.82109375 0.0421875 0.09609375
0 0.9078125 0.81953125 0.03515625 0.0984375
0 0.9375 0.72265625 0.0296875 0.065625
0 0.80546875 0.91484375 0.0421875 0.08984375
0 0.91328125 0.0578125 0.04296875 0.10859375
0 0.8609375 0.05546875 0.04453125 0.109375
0 0.62421875 0.07265625 0.078125 0.078125
0 0.53828125 0.0765625 0.0734375 0.0765625
0 0.4609375 0.078125 0.07109375 0.06953125
0 0.378125 0.0796875 0.0765625 0.06796875
0 0.2875 0.06796875 0.07421875 0.0765625
0 0.11875 0.0796875 0.04609375 0.13203125
0 0.06171875 0.07578125 0.05 0.12421875
0 0.0140625 0.07890625 0.028125 0.1234375
0 0.03515625 0.21875 0.0671875 0.10078125
0 0.11953125 0.22265625 0.0484375 0.09921875
0 0.14375 0.346875 0.05625 0.11484375
0 0.0796875 0.34765625 0.046875 0.1171875
0 0.97265625 0.0484375 0.053125 0.0953125
0 0.02109375 0.35078125 0.0421875 0.109375
0 0.0765625 0.6078125 0.0515625 0.10703125
0 0.171875 0.71953125 0.04765625 0.08359375
0 0.12421875 0.7109375 0.03828125 0.08515625
0 0.08046875 0.7109375 0.0421875 0.08671875
0 0.034375 0.7140625 0.03984375 0.0953125
0 0.04296875 0.81796875 0.04609375 0.09453125
0 0.09296875 0.81953125 0.040625 0.09375
0 0.140625 0.81796875 0.04765625 0.09765625
0 0.18828125 0.81953125 0.05078125 0.08828125
0 0.18671875 0.91171875 0.05078125 0.06796875
0 0.134375 0.91328125 0.03515625 0.0609375
0 0.08828125 0.91640625 0.0421875 0.0640625
0 0.03828125 0.9140625 0.040625 0.0671875
0 0.95078125 0.81640625 0.04609375 0.10234375
0 0.05703125 0.48203125 0.04375 0.1140625
0 0.71328125 0.0765625 0.0921875 0.0796875
0 0.0109375 0.47734375 0.0203125 0.10390625
0 0.9203125 0.1578125 0.0453125 0.078125
0 0.8078125 0.7203125 0.03984375 0.06171875
0 0.853125 0.71640625 0.028125 0.0609375
0 0.8984375 0.72109375 0.03203125 0.0734375
0 0.85390625 0.91640625 0.0359375 0.0796875
0 0.9765625 0.15546875 0.046875 0.0765625
0 0.97890625 0.7203125 0.03515625 0.0640625
0 0.98125 0.91171875 0.0375 0.07890625
0 0.865625 0.63671875 0.03984375 0.075
0 0.9125 0.640625 0.03828125 0.07890625
0 0.95703125 0.6359375 0.040625 0.07734375
0 0.99140625 0.6375 0.0171875 0.06875
0 0.82578125 0.54453125 0.04296875 0.08046875
0 0.87421875 0.55 0.03828125 0.07421875
0 0.9203125 0.55 0.04375 0.075
0 0.8203125 0.6296875 0.0390625 0.0734375
0 0.840625 0.45859375 0.0421875 0.0765625
0 0.8484375 0.26171875 0.04375 0.09296875
0 0.96328125 0.55390625 0.03828125 0.06953125
0 0.90390625 0.2625 0.0375 0.08125
0 0.9546875 0.2640625 0.03515625 0.09296875
0 0.98515625 0.365625 0.0296875 0.0734375
0 0.0109375 0.59375 0.02109375 0.09765625
0 0.9890625 0.25625 0.021875 0.08125
0 0.89609375 0.3625 0.03671875 0.07734375
0 0.846875 0.36171875 0.0328125 0.0859375
0 0.98203125 0.45859375 0.0359375 0.07578125
0 0.93828125 0.4609375 0.04375 0.08046875
0 0.88359375 0.4578125 0.03984375 0.06953125
0 0.86640625 0.15546875 0.040625 0.08515625
0 0.94375 0.365625 0.03125 0.07890625