0 0.4796875 0.390625 0.0453125 0.05703125
0 0.478125 0.325 0.04609375 0.06328125
0 0.528125 0.39375 0.0453125 0.05859375
0 0.528125 0.32890625 0.0453125 0.06171875
0 0.5765625 0.3953125 0.0453125 0.05625
0 0.6265625 0.32890625 0.046875 0.05625
0 0.62578125 0.39453125 0.046875 0.06015625
0 0.67265625 0.396875 0.0328125 0.06640625
0 0.675 0.325 0.0328125 0.06796875
0 0.42890625 0.32421875 0.0484375 0.05625
0 0.72734375 0.3984375 0.0296875 0.06796875
0 0.5765625 0.32890625 0.0453125 0.05859375
0 0.43125 0.38984375 0.0453125 0.06015625
0 0.3578125 0.5171875 0.0390625 0.1109375
0 0.38359375 0.38984375 0.04375 0.06015625
0 0.0390625 0.35546875 0.071875 0.1140625
0 0.03515625 0.515625 0.04609375 0.10078125
0 0.09375 0.48984375 0.0359375 0.09140625
0 0.134375 0.51484375 0.0390625 0.096875
0 0.1765625 0.51796875 0.0390625 0.103125
0 0.221875 0.51953125 0.0453125 0.103125
0 0.27109375 0.5171875 0.0390625 0.10703125
0 0.3140625 0.5203125 0.03984375 0.11015625
0 0.4 0.5234375 0.03828125 0.10703125
0 0.44140625 0.51796875 0.0375 0.11015625
0 0.4859375 0.515625 0.0328125 0.11015625
0 0.52734375 0.521875 0.0375 0.1078125
0 0.7328125 0.3296875 0.0296875 0.06484375
0 0.378125 0.32265625 0.0484375 0.06328125
0 0.77578125 0.39453125 0.0296875 0.06640625
0 0.63515625 0.1421875 0.053125 0.07421875
0 0.825 0.3953125 0.03359375 0.06796875
0 0.171875 0.15703125 0.03046875 0.109375
0 0.20703125 0.15625 0.03125 0.109375
0 0.24375 0.159375 0.0265625 0.1078125
0 0.275 0.1578125 0.0296875 0.1046875
0 0.31015625 0.1578125 0.0234375 0.10703125
0 0.340625 0.15859375 0.02734375 0.10703125
0 0.40390625 0.2015625 0.09375 0.09453125
0 0.48984375 0.20390625 0.065625 0.10234375
0 0.56484375 0.20546875 0.0609375 0.10234375
0 0.56875 0.5234375 0.03984375 0.1109375
0 0.6359375 0.21875 0.0484375 0.06953125
0 0.690625 0.2203125 0.04296875 0.0703125
0 0.690625 0.1453125 0.0421875 0.07578125
0 0.74921875 0.14765625 0.0453125 0.071875
0 0.7453125 0.22109375 0.0421875 0.07109375
0 0.80859375 0.146875 0.0390625 0.07578125
0 0.8 0.22421875 0.03203125 0.07421875
0 0.8421875 0.2234375 0.0390625 0.06953125
0 0.8484375 0.14765625 0.03359375 0.071875
0 0.909375 0.22578125 0.0328125 0.075
0 0.95078125 0.2171875 0.03125 0.07734375
0 0.91328125 0.1453125 0.0375 0.07265625
0 0.9890625 0.3328125 0.021875 0.06796875
0 0.9828125 0.4 0.034375 0.0609375
0 0.940625 0.32890625 0.0328125 0.06796875
0 0.93203125 0.3984375 0.0390625 0.06796875
0 0.88828125 0.328125 0.03125 0.06328125
0 0.8796875 0.39609375 0.0328125 0.06640625
0 0.82109375 0.32109375 0.03203125 0.06640625
0 0.778125 0.32578125 0.0296875 0.06328125
0 0.6125 0.51875 0.03671875 0.11328125
0 0.6078125 0.8671875 0.0265625 0.1390625
0 0.6828125 0.52265625 0.0359375 0.11328125
0 0.19453125 0.86640625 0.028125 0.14609375
0 0.1625 0.86640625 0.03046875 0.14609375
0 0.1296875 0.86484375 0.028125 0.14609375
0 0.09609375 0.8625 0.0359375 0.14296875
0 0.06484375 0.865625 0.0234375 0.1390625
0 0.0109375 0.86484375 0.02109375 0.14296875
0 0.03671875 0.8640625 0.0265625 0.1421875
0 0.0125 0.6875 0.0234375 0.175
0 0.0453125 0.6890625 0.0265625 0.17421875
0 0.02890625 0.16796875 0.05390625 0.15625
0 0.10859375 0.68359375 0.03125 0.17578125
0 0.14375 0.68515625 0.03125 0.1703125
0 0.17421875 0.6859375 0.025 0.16953125
0 0.22421875 0.8671875 0.028125 0.1421875
0 0.20625 0.68515625 0.03203125 0.16875
0 0.2796875 0.6859375 0.02578125 0.17265625
0 0.31640625 0.684375 0.02734375 0.171875
0 0.35859375 0.68359375 0.034375 0.17578125
0 0.403125 0.68671875 0.03125 0.1734375
0 0.434375 0.68515625 0.0234375 0.16953125
0 0.465625 0.6953125 0.03046875 0.14921875
0 0.5109375 0.6859375 0.03046875 0.16796875
0 0.5453125 0.68671875 0.0265625 0.1640625
0 0.584375 0.69609375 0.02421875 0.15234375
0 0.6140625 0.696875 0.0234375 0.15
0 0.6453125 0.6953125 0.02265625 0.15234375
0 0.6734375 0.6953125 0.0265625 0.15234375
0 0.70859375 0.69921875 0.0234375 0.153125
0 0.2421875 0.6828125 0.034375 0.1765625
0 0.25625 0.86640625 0.03125 0.14453125
0 0.28828125 0.865625 0.02734375 0.14296875
0 0.31875 0.86796875 0.02890625 0.14453125
0 0.7265625 0.51953125 0.04375 0.11640625
0 0.7734375 0.51875 0.0390625 0.109375
0 0.81640625 0.5203125 0.0390625 0.11015625
0 0.8578125 0.51796875 0.03671875 0.11484375
0 0.93359375 0.53125 0.09375 0.1
0 0.98359375 0.69921875 0.0234375 0.15234375
0 0.95546875 0.7 0.021875 0.1484375
0 0.925 0.6984375 0.0171875 0.1484375
0 0.89765625 0.70078125 0.0203125 0.14921875
0 0.86875 0.7046875 0.01953125 0.14296875
0 0.83671875 0.7015625 0.0203125 0.15703125
0 0.80625 0.703125 0.01875 0.15390625
0 0.946875 0.8734375 0.046875 0.14453125
0 0.89296875 0.87109375 0.04296875 0.13828125
0 0.84609375 0.871875 0.03125 0.1421875
0 0.80546875 0.87109375 0.03203125 0.140625
0 0.7640625 0.8734375 0.0390625 0.13125
0 0.72109375 0.871875 0.03671875 0.140625
0 0.6828125 0.86875 0.03125 0.1390625
0 0.64140625 0.87109375 0.034375 0.14296875
0 0.58046875 0.86640625 0.025 0.14453125
0 0.55625 0.86640625 0.01875 0.13125
0 0.5328125 0.86953125 0.0265625 0.146875
0 0.5015625 0.8703125 0.028125 0.14453125
0 0.47265625 0.8703125 0.0265625 0.1453125
0 0.44296875 0.8703125 0.0296875 0.146875
0 0.41171875 0.86875 0.0265625 0.14375
0 0.3828125 0.86640625 0.03046875 0.14453125
0 0.35 0.865625 0.02890625 0.14453125
0 0.64609375 0.50625 0.025 0.11015625
0 0.07578125 0.68359375 0.02421875 0.178125
0 0.76953125 0.7 0.0265625 0.1515625
0 0.7390625 0.69765625 0.021875 0.15703125