0 0.8078125 0.2921875 0.04609375 0.10859375
0 0.96171875 0.121875 0.0421875 0.11171875
0 0.75859375 0.29296875 0.046875 0.10859375
0 0.7140625 0.30234375 0.0359375 0.09140625
0 0.67578125 0.30234375 0.03671875 0.08515625
0 0.640625 0.30546875 0.03125 0.08359375
0 0.6078125 0.31328125 0.0296875 0.06640625
0 0.57265625 0.3 0.0390625 0.096875
0 0.915625 0.125 0.0453125 0.11328125
0 0.9390625 0.871875 0.0671875 0.14375
0 0.815625 0.12265625 0.0484375 0.1203125
0 0.7671875 0.12265625 0.0453125 0.11875
0 0.71875 0.12265625 0.0484375 0.11328125
0 0.66953125 0.1234375 0.04765625 0.11484375
0 0.62265625 0.11875 0.04375 0.12890625
0 0.57890625 0.1265625 0.0421875 0.128125
0 0.48671875 0.13359375 0.046875 0.10390625
0 0.8546875 0.3046875 0.0328125 0.08203125
0 0.86328125 0.12109375 0.0453125 0.1203125
0 0.02421875 0.1484375 0.0484375 0.084375
0 0.53359375 0.1265625 0.04375 0.12109375
0 0.890625 0.3046875 0.0359375 0.0859375
0 0.38671875 0.44765625 0.040625 0.09921875
0 0.509375 0.4453125 0.0421875 0.1015625
0 0.5546875 0.4453125 0.04609375 0.10390625
0 0.5953125 0.4515625 0.0359375 0.0875
0 0.63125 0.45078125 0.03125 0.08828125
0 0.675 0.44765625 0.034375 0.10390625
0 0.709375 0.45703125 0.03046875 0.0765625
0 0.7390625 0.4546875 0.0296875 0.08828125
0 0.77265625 0.46015625 0.0328125 0.075
0 0.80625 0.45390625 0.034375 0.08359375
0 0.846875 0.4421875 0.04375 0.1046875
0 0.88671875 0.45703125 0.0296875 0.078125
0 0.92109375 0.45078125 0.0359375 0.09453125
0 0.95625 0.446875 0.03203125 0.09921875
0 0.9859375 0.45078125 0.021875 0.08125
0 0.0140625 0.58984375 0.025 0.08671875
0 0.04609375 0.58828125 0.03359375 0.08671875
0 0.08046875 0.59453125 0.0328125 0.07578125
0 0.11484375 0.5859375 0.0296875 0.08671875
0 0.1484375 0.58828125 0.0328125 0.08671875
0 0.18515625 0.590625 0.03515625 0.07421875
0 0.228125 0.58125 0.0453125 0.0921875
0 0.27890625 0.57890625 0.0515625 0.09296875
0 0.33203125 0.58359375 0.05234375 0.0953125
0 0.378125 0.59296875 0.034375 0.07421875
0 0.34453125 0.44375 0.0421875 0.09609375
0 0.3015625 0.44453125 0.0421875 0.103125
0 0.26015625 0.4515625 0.0390625 0.0890625
0 0.2171875 0.44765625 0.04375 0.10390625
0 0.95546875 0.303125 0.03359375 0.08828125
0 0.9875 0.3 0.025 0.08984375
0 0.0203125 0.30546875 0.040625 0.103125
0 0.0609375 0.303125 0.03671875 0.09375
0 0.0953125 0.303125 0.02734375 0.09453125
0 0.1359375 0.3015625 0.0484375 0.1
0 0.18671875 0.30234375 0.040625 0.09453125
0 0.228125 0.30390625 0.0375 0.09921875
0 0.275 0.29609375 0.0453125 0.11015625
0 0.38125 0.13203125 0.059375 0.10703125
0 0.3234375 0.13203125 0.053125 0.10625
0 0.27109375 0.14921875 0.0484375 0.08359375
0 0.41640625 0.58125 0.034375 0.08515625
0 0.221875 0.14921875 0.05 0.08125
0 0.125 0.1515625 0.0453125 0.08125
0 0.075 0.15078125 0.05 0.0796875
0 0.3203125 0.30078125 0.04453125 0.10390625
0 0.3640625 0.30234375 0.0359375 0.10703125
0 0.3984375 0.3 0.03046875 0.10234375
0 0.49140625 0.3015625 0.0375 0.1015625
0 0.53125 0.29765625 0.0375 0.10234375
0 0.02265625 0.4515625 0.0359375 0.09296875
0 0.0609375 0.45 0.03671875 0.09296875
0 0.09921875 0.45546875 0.0390625 0.08984375
0 0.13671875 0.45078125 0.034375 0.09140625
0 0.17421875 0.453125 0.0390625 0.08828125
0 0.1734375 0.14921875 0.04609375 0.07734375
0 0.453125 0.61015625 0.0328125 0.0375
0 0.47734375 0.56796875 0.0203125 0.04609375
0 0.50859375 0.584375 0.03359375 0.08515625
0 0.6953125 0.73671875 0.028125 0.05703125
0 0.43671875 0.134375 0.05 0.103125
0 0.7421875 0.728125 0.053125 0.0734375
0 0.8 0.728125 0.059375 0.07890625
0 0.8515625 0.7171875 0.0421875 0.0890625
0 0.896875 0.73203125 0.0296875 0.06875
0 0.93359375 0.72890625 0.0328125 0.07578125
0 0.9671875 0.725 0.0359375 0.08046875
0 0.99296875 0.721875 0.0140625 0.08125
0 0.0234375 0.9015625 0.0421875 0.071875
0 0.065625 0.9015625 0.0359375 0.07421875
0 0.10546875 0.9 0.03671875 0.06796875
0 0.6421875 0.7359375 0.05 0.05859375
0 0.14375 0.88671875 0.03515625 0.09453125
0 0.21875 0.9046875 0.0375 0.06328125
0 0.25390625 0.90859375 0.03125 0.06171875
0 0.29375 0.9078125 0.04453125 0.05859375
0 0.340625 0.9078125 0.04921875 0.059375
0 0.396875 0.90546875 0.0625 0.06796875
0 0.45625 0.91875 0.0546875 0.04140625
0 0.5125 0.91953125 0.053125 0.0390625
0 0.584375 0.86796875 0.08671875 0.12890625
0 0.67265625 0.86640625 0.08359375 0.134375
0 0.7453125 0.86875 0.05390625 0.128125
0 0.8015625 0.86640625 0.05703125 0.1359375
0 0.8703125 0.8734375 0.0671875 0.13984375
0 0.18046875 0.88515625 0.0328125 0.09765625
0 0.92265625 0.30390625 0.0265625 0.08984375
0 0.5953125 0.7328125 0.02734375 0.06328125
0 0.53125 0.721875 0.0296875 0.08671875
0 0.54453125 0.58203125 0.034375 0.0890625
0 0.58046875 0.584375 0.034375 0.09296875
0 0.615625 0.5828125 0.034375 0.09453125
0 0.6421875 0.56328125 0.01875 0.06015625
0 0.6796875 0.58671875 0.0359375 0.08671875
0 0.71328125 0.5890625 0.02890625 0.07734375
0 0.73984375 0.56953125 0.021875 0.06484375
0 0.7703125 0.5953125 0.02578125 0.06328125
0 0.7984375 0.59609375 0.028125 0.06640625
0 0.83046875 0.58359375 0.03125 0.09140625
0 0.86484375 0.5796875 0.03359375 0.08984375
0 0.89921875 0.590625 0.0328125 0.07734375
0 0.56328125 0.73203125 0.03125 0.06171875
0 0.93359375 0.590625 0.03203125 0.07578125
0 0.0296875 0.73203125 0.03515625 0.05234375
0 0.06484375 0.7328125 0.0296875 0.05625
0 0.09375 0.7375 0.021875 0.05078125
0 0.11953125 0.73515625 0.025 0.05703125
0 0.14609375 0.73671875 0.025 0.06328125
0 0.171875 0.73359375 0.02109375 0.05703125
0 0.2125 0.7234375 0.0546875 0.07421875
0 0.26875 0.72578125 0.053125 0.07890625
0 0.33203125 0.71640625 0.06875 0.09453125
0 0.390625 0.715625 0.04609375 0.0953125
0 0.453125 0.7265625 0.05390625 0.08046875
0 0.49921875 0.72265625 0.03125 0.0875
0 0.965625 0.590625 0.03125 0.08046875