0 0.13125 0.7546875 0.0328125 0.09375
0 0.2921875 0.1546875 0.0421875 0.08515625
0 0.04765625 0.75625 0.05 0.09765625
0 0.78125 0.35078125 0.04375 0.04375
0 0.821875 0.34921875 0.03671875 0.04375
0 0.87578125 0.3546875 0.06484375 0.03828125
0 0.87890625 0.31328125 0.06015625 0.04140625
0 0.95546875 0.33203125 0.0890625 0.08203125
0 0.16484375 0.4046875 0.0421875 0.01875
0 0.2140625 0.40625 0.04609375 0.02109375
0 0.1671875 0.43125 0.0390625 0.02890625
0 0.21015625 0.43515625 0.04296875 0.03203125
0 0.14609375 0.4765625 0.05390625 0.0390625
0 0.20390625 0.4765625 0.05859375 0.040625
0 0.26640625 0.46484375 0.0484375 0.034375
0 0.27890625 0.41640625 0.040625 0.0296875
0 0.7328125 0.35 0.04609375 0.04140625
0 0.3203125 0.415625 0.0375 0.0296875
0 0.36171875 0.4765625 0.05078125 0.0359375
0 0.41640625 0.4765625 0.0578125 0.034375
0 0.41328125 0.440625 0.06015625 0.034375
0 0.4078125 0.40859375 0.0515625 0.02578125
0 0.46875 0.4578125 0.046875 0.06328125
0 0.5203125 0.4640625 0.05625 0.065625
0 0.5203125 0.4125 0.06015625 0.03359375
0 0.58046875 0.415625 0.053125 0.046875
0 0.6375 0.41875 0.053125 0.0484375
0 0.69453125 0.41953125 0.05546875 0.05078125
0 0.75078125 0.415625 0.04921875 0.0421875
0 0.79140625 0.41171875 0.028125 0.0328125
0 0.5828125 0.46640625 0.053125 0.05078125
0 0.3203125 0.4515625 0.03046875 0.0296875
0 0.59921875 0.28359375 0.06640625 0.05625
0 0.67734375 0.3421875 0.0578125 0.05703125
0 0.61328125 0.34375 0.06875 0.059375
0 0.09296875 0.13359375 0.05859375 0.134375
0 0.140625 0.1359375 0.03125 0.13203125
0 0.18359375 0.13125 0.0515625 0.1359375
0 0.240625 0.13046875 0.05859375 0.1390625
0 0.16171875 0.03515625 0.04921875 0.05546875
0 0.334375 0.153125 0.0421875 0.0875
0 0.38125 0.14921875 0.04921875 0.0921875
0 0.42890625 0.14921875 0.0453125 0.0921875
0 0.4765625 0.14921875 0.04609375 0.08984375
0 0.52578125 0.15078125 0.0546875 0.08671875
0 0.584375 0.121875 0.065625 0.14453125
0 0.65078125 0.12109375 0.0671875 0.14296875
0 0.7171875 0.11953125 0.0640625 0.14609375
0 0.78984375 0.1203125 0.07421875 0.14765625
0 0.8484375 0.12421875 0.04296875 0.13984375
0 0.90078125 0.12265625 0.0625 0.146875
0 0.9515625 0.12421875 0.03984375 0.13984375
0 0.9859375 0.1234375 0.028125 0.1390625
0 0.1515625 0.26640625 0.08125 0.04765625
0 0.14765625 0.33515625 0.10234375 0.08515625
0 0.234375 0.33515625 0.0671875 0.0828125
0 0.296875 0.3328125 0.0515625 0.08203125
0 0.35625 0.3375 0.06796875 0.075
0 0.3703125 0.26640625 0.0515625 0.065625
0 0.434375 0.27734375 0.06484375 0.11484375
0 0.43125 0.35390625 0.071875 0.0421875
0 0.4984375 0.34453125 0.05703125 0.059375
0 0.49765625 0.28515625 0.06015625 0.0609375
0 0.553125 0.34453125 0.0484375 0.059375
0 0.6390625 0.46875 0.05234375 0.04765625
0 0.09453125 0.75625 0.040625 0.096875
0 0.696875 0.46953125 0.05703125 0.046875
0 0.82734375 0.434375 0.0390625 0.04140625
0 0.4484375 0.67578125 0.06640625 0.0203125
0 0.51484375 0.68203125 0.065625 0.01953125
0 0.5171875 0.69921875 0.0625 0.0109375
0 0.59140625 0.68984375 0.0578125 0.0625
0 0.65234375 0.69140625 0.05625 0.0484375
0 0.73515625 0.7 0.06796875 0.06796875
0 0.80625 0.7 0.0625 0.0703125
0 0.9453125 0.6859375 0.06796875 0.025
0 0.94375 0.7109375 0.0734375 0.01875
0 0.87109375 0.69375 0.06484375 0.0703125
0 0.19296875 0.85546875 0.11171875 0.0796875
0 0.31328125 0.85390625 0.10078125 0.03046875
0 0.32734375 0.78359375 0.0890625 0.02890625
0 0.4484375 0.69609375 0.06484375 0.01640625
0 0.4234375 0.7953125 0.096875 0.021875
0 0.54453125 0.8484375 0.1046875 0.03203125
0 0.65546875 0.84765625 0.1015625 0.03671875
0 0.6546875 0.88046875 0.10546875 0.02890625
0 0.76328125 0.8484375 0.103125 0.03515625
0 0.7625 0.8796875 0.1078125 0.03046875
0 0.86875 0.85546875 0.10078125 0.03125
0 0.86875 0.884375 0.10078125 0.0234375
0 0.93515625 0.86640625 0.02890625 0.046875
0 0.97109375 0.86796875 0.03828125 0.0453125
0 0.07890625 0.3953125 0.03359375 0.1015625
0 0.028125 0.65546875 0.0484375 0.09921875
0 0.0734375 0.6546875 0.04375 0.09921875
0 0.11328125 0.64921875 0.03046875 0.0921875
0 0.53828125 0.8828125 0.115625 0.03203125
0 0.75234375 0.4671875 0.0484375 0.053125
0 0.37578125 0.6921875 0.0703125 0.08203125
0 0.2375 0.70546875 0.0640625 0.06640625
0 0.90234375 0.4140625 0.05625 0.03984375
0 0.915625 0.4640625 0.0671875 0.05390625
0 0.41875 0.59140625 0.0703125 0.05
0 0.4890625 0.59609375 0.0625 0.05390625
0 0.425 0.55078125 0.065625 0.01875
0 0.49453125 0.55 0.06171875 0.0140625
0 0.49296875 0.56328125 0.06875 0.00859375
0 0.3546875 0.5953125 0.05390625 0.0453125
0 0.14921875 0.584375 0.03984375 0.0734375
0 0.18984375 0.58515625 0.0390625 0.07265625
0 0.22890625 0.58515625 0.0359375 0.071875
0 0.26796875 0.58671875 0.034375 0.0734375
0 0.3078125 0.5859375 0.0375 0.0734375
0 0.30546875 0.703125 0.06484375 0.0640625
0 0.35625 0.5453125 0.0515625 0.0453125
0 0.56328125 0.54296875 0.0640625 0.01171875
0 0.171875 0.68984375 0.05625 0.096875
0 0.9828125 0.590625 0.03359375 0.05234375
0 0.975 0.55390625 0.05 0.01875
0 0.92421875 0.58671875 0.07265625 0.04765625
0 0.85078125 0.58203125 0.06015625 0.04375
0 0.5609375 0.52734375 0.07578125 0.01796875
0 0.7859375 0.609375 0.0703125 0.03125
0 0.69921875 0.540625 0.078125 0.0484375
0 0.71171875 0.59140625 0.065625 0.05078125
0 0.63984375 0.59453125 0.06953125 0.05390625
0 0.5640625 0.59375 0.05703125 0.05546875
0 0.56640625 0.56015625 0.0625 0.00859375
0 0.5671875 0.55234375 0.05859375 0.00625
0 0.77421875 0.56953125 0.05078125 0.040625
0 0.425 0.87734375 0.09921875 0.04296875