0 0.41953125 0.49296875 0.0640625 0.03046875
0 0.3546875 0.53984375 0.06328125 0.0203125
0 0.353125 0.51640625 0.06171875 0.02421875
0 0.35234375 0.4890625 0.06171875 0.02734375
0 0.41875 0.51875 0.06328125 0.02109375
0 0.88203125 0.42265625 0.0234375 0.109375
0 0.4875 0.49453125 0.06015625 0.0328125
0 0.48671875 0.52265625 0.06328125 0.0234375
0 0.4859375 0.54375 0.0609375 0.0171875
0 0.8796875 0.521875 0.01328125 0.0828125
0 0.55859375 0.3515625 0.06640625 0.02734375
0 0.41875 0.53984375 0.06328125 0.01953125
0 0.559375 0.325 0.0671875 0.02578125
0 0.42421875 0.2359375 0.0640625 0.0328125
0 0.5609375 0.26875 0.065625 0.02890625
0 0.5625 0.2375 0.06171875 0.03125
0 0.4890625 0.35078125 0.06484375 0.02578125
0 0.490625 0.32421875 0.06796875 0.02734375
0 0.490625 0.29609375 0.065625 0.025
0 0.49140625 0.26796875 0.06796875 0.0296875
0 0.4921875 0.2390625 0.06484375 0.02734375
0 0.4953125 0.209375 0.07265625 0.0234375
0 0.42265625 0.34921875 0.06171875 0.02890625
0 0.42265625 0.32109375 0.0625 0.02578125
0 0.421875 0.29375 0.06328125 0.0265625
0 0.421875 0.26484375 0.06796875 0.02578125
0 0.8859375 0.30625 0.01484375 0.11875
0 0.56015625 0.29765625 0.0640625 0.028125
0 0.8390625 0.309375 0.06875 0.09921875
0 0.55546875 0.525 0.0640625 0.02890625
0 0.696875 0.31171875 0.0734375 0.10546875
0 0.55546875 0.49765625 0.0640625 0.02578125
0 0.55546875 0.55 0.06875 0.01171875
0 0.3484375 0.378125 0.06328125 0.02890625
0 0.3484375 0.40703125 0.06328125 0.028125
0 0.3484375 0.43203125 0.06328125 0.021875
0 0.35 0.45546875 0.065625 0.0234375
0 0.41328125 0.37734375 0.0625 0.02734375
0 0.4125 0.4046875 0.06171875 0.02734375
0 0.33046875 0.30078125 0.0390625 0.11015625
0 0.41484375 0.43359375 0.0640625 0.021875
0 0.415625 0.459375 0.06328125 0.03125
0 0.48046875 0.38203125 0.0640625 0.02734375
0 0.48125 0.40703125 0.065625 0.021875
0 0.76875 0.30859375 0.065625 0.09609375
0 0.48046875 0.4359375 0.0609375 0.02734375
0 0.54921875 0.38515625 0.0671875 0.02578125
0 0.55078125 0.41171875 0.06484375 0.02734375
0 0.54921875 0.4375 0.065625 0.02265625
0 0.54765625 0.46328125 0.06328125 0.02890625
0 0.6203125 0.4203125 0.0640625 0.08203125
0 0.690625 0.4234375 0.07578125 0.0890625
0 0.76328125 0.421875 0.06953125 0.0921875
0 0.83203125 0.4234375 0.0671875 0.096875
0 0.62890625 0.52109375 0.06796875 0.0765625
0 0.69765625 0.521875 0.06953125 0.07421875
0 0.7703125 0.5234375 0.075 0.0796875
0 0.83828125 0.528125 0.06171875 0.07421875
0 0.62734375 0.31328125 0.06484375 0.10234375
0 0.48203125 0.4609375 0.0625 0.021875
0 0.2984375 0.24609375 0.0203125 0.03828125
0 0.19140625 0.5390625 0.021875 0.028125
0 0.24375 0.24453125 0.02578125 0.04140625
0 0.10859375 0.415625 0.021875 0.0390625
0 0.0578125 0.459375 0.0328125 0.034375
0 0.0859375 0.45703125 0.0234375 0.0390625
0 0.13359375 0.37890625 0.03125 0.0375
0 0.1375 0.41796875 0.02734375 0.0375
0 0.13984375 0.4578125 0.02734375 0.0375
0 0.1640625 0.37578125 0.028125 0.03359375
0 0.19140625 0.37578125 0.0265625 0.03203125
0 0.16640625 0.41640625 0.025 0.03359375
0 0.1921875 0.4171875 0.025 0.03359375
0 0.1671875 0.45625 0.0234375 0.03359375
0 0.1921875 0.45546875 0.02734375 0.0328125
0 0.1671875 0.49765625 0.025 0.03203125
0 0.19375 0.50234375 0.02578125 0.0328125
0 0.21875 0.50078125 0.025 0.034375
0 0.16484375 0.53671875 0.03046875 0.03125
0 0.2171875 0.5375 0.0265625 0.02578125
0 0.2234375 0.45546875 0.0296875 0.03203125
0 0.2515625 0.45859375 0.0265625 0.0375
0 0.27734375 0.45859375 0.025 0.03828125
0 0.22265625 0.41796875 0.03203125 0.034375
0 0.2515625 0.41796875 0.0265625 0.0359375
0 0.27578125 0.415625 0.02265625 0.04140625
0 0.2234375 0.375 0.028125 0.03359375
0 0.2515625 0.37578125 0.02734375 0.03359375
0 0.08359375 0.4140625 0.0265625 0.03671875
0 0.0546875 0.41640625 0.03125 0.03125
0 0.05390625 0.3796875 0.02734375 0.03671875
0 0.0828125 0.37578125 0.02421875 0.0328125
0 0.27265625 0.24375 0.03125 0.040625
0 0.228125 0.20234375 0.01171875 0.03203125
0 0.24296875 0.20546875 0.01484375 0.03671875
0 0.2578125 0.20390625 0.01484375 0.03828125
0 0.2734375 0.203125 0.0171875 0.034375
0 0.2890625 0.20234375 0.01328125 0.03515625
0 0.303125 0.20234375 0.015625 0.03515625
0 0.31796875 0.20390625 0.01171875 0.03359375
0 0.6140625 0.23984375 0.03671875 0.0453125
0 0.64609375 0.2375 0.02578125 0.0484375
0 0.671875 0.2375 0.01875 0.034375
0 0.69609375 0.23828125 0.0234375 0.040625
0 0.27734375 0.3734375 0.025 0.0359375
0 0.71953125 0.2375 0.0234375 0.04140625
0 0.76640625 0.2375 0.01875 0.04140625
0 0.7921875 0.23359375 0.025 0.0453125
0 0.8171875 0.23515625 0.0234375 0.04296875
0 0.06171875 0.5328125 0.01171875 0.028125
0 0.06015625 0.49921875 0.0140625 0.03203125
0 0.13671875 0.5 0.02578125 0.03046875
0 0.11171875 0.4984375 0.025 0.03515625
0 0.08359375 0.4984375 0.0296875 0.03203125
0 0.084375 0.534375 0.0328125 0.02890625
0 0.11328125 0.5359375 0.0234375 0.02890625
0 0.1375 0.53671875 0.0234375 0.03046875
0 0.10546875 0.37421875 0.01875 0.03515625
0 0.74765625 0.23671875 0.01953125 0.0453125
0 0.3015625 0.37734375 0.021875 0.0421875
0 0.1109375 0.45625 0.02421875 0.0390625
0 0.1 0.246875 0.0203125 0.04140625
0 0.10078125 0.3296875 0.01796875 0.03828125
0 0.12890625 0.28984375 0.028125 0.0328125
0 0.15703125 0.29296875 0.0265625 0.034375
0 0.18203125 0.290625 0.0234375 0.03828125
0 0.128125 0.33359375 0.03046875 0.03359375
0 0.15546875 0.3328125 0.025 0.03515625
0 0.18125 0.33125 0.0265625 0.03203125
0 0.21015625 0.3296875 0.02890625 0.034375
0 0.240625 0.3296875 0.02734375 0.03125
0 0.26875 0.33046875 0.0296875 0.03515625
0 0.0796875 0.33203125 0.01796875 0.04140625
0 0.296875 0.3296875 0.02578125 0.03671875
0 0.2421875 0.28984375 0.0234375 0.04296875
0 0.27109375 0.28828125 0.0296875 0.0375
0 0.29765625 0.2859375 0.02265625 0.0390625
0 0.04140625 0.24921875 0.02265625 0.0390625
0 0.0609375 0.2484375 0.0171875 0.0421875
0 0.07890625 0.24765625 0.0203125 0.040625
0 0.12890625 0.2453125 0.03046875 0.0453125
0 0.15703125 0.24609375 0.0265625 0.04609375
0 0.18359375 0.24609375 0.02890625 0.04765625
0 0.2140625 0.24609375 0.0328125 0.03828125
0 0.2140625 0.29140625 0.03203125 0.03984375
0 0.0421875 0.3328125 0.02109375 0.040625
0 0.06171875 0.33359375 0.0171875 0.03984375
0 0.27578125 0.5359375 0.021875 0.02890625
0 0.3015625 0.41875 0.0234375 0.03984375
0 0.303125 0.45859375 0.0234375 0.03515625
0 0.25 0.5375 0.0296875 0.02734375
0 0.24921875 0.5 0.02734375 0.03359375
0 0.27734375 0.49921875 0.02734375 0.03203125
0 0.303125 0.49765625 0.0234375 0.0359375
0 0.3 0.53515625 0.02421875 0.03359375
0 0.04296875 0.2921875 0.0234375 0.03828125
0 0.06328125 0.29140625 0.01640625 0.040625
0 0.0828125 0.28828125 0.0203125 0.03515625
0 0.103125 0.28828125 0.01953125 0.0359375