0 0.97109375 0.1140625 0.02265625 0.09765625
0 0.0875 0.11796875 0.0203125 0.103125
0 0.88203125 0.10625 0.025 0.1046875
0 0.45078125 0.8421875 0.00859375 0.06875
0 0.4609375 0.84140625 0.01015625 0.06953125
0 0.47421875 0.84140625 0.0109375 0.0703125
0 0.48828125 0.84140625 0.01015625 0.0671875
0 0.50078125 0.84140625 0.01015625 0.0703125
0 0.359375 0.84140625 0.0125 0.06796875
0 0.384375 0.8421875 0.0109375 0.06953125
0 0.3984375 0.8421875 0.01171875 0.071875
0 0.37265625 0.8421875 0.0109375 0.07265625
0 0.3015625 0.85703125 0.07734375 0.1078125
0 0.22890625 0.8515625 0.01328125 0.0609375
0 0.2046875 0.853125 0.01640625 0.0625
0 0.1796875 0.85390625 0.0109375 0.06171875
0 0.153125 0.8515625 0.009375 0.05703125
0 0.1015625 0.8578125 0.015625 0.06328125
0 0.0828125 0.85625 0.0109375 0.05703125
0 0.06328125 0.8515625 0.01015625 0.059375
0 0.04296875 0.846875 0.01328125 0.0640625
0 0.0078125 0.8625 0.01328125 0.090625
0 0.175 0.69921875 0.01171875 0.078125
0 0.1625 0.7 0.00859375 0.0765625
0 0.4390625 0.84296875 0.01015625 0.06640625
0 0.15 0.69921875 0.01171875 0.078125
0 0.9875 0.86015625 0.0140625 0.05703125
0 0.94296875 0.85234375 0.01640625 0.0546875
0 0.721875 0.8609375 0.01875 0.07578125
0 0.75078125 0.8609375 0.0125 0.07265625
0 0.77109375 0.8625 0.01328125 0.07265625
0 0.18828125 0.5609375 0.01171875 0.07734375
0 0.103125 0.559375 0.025 0.08515625
0 0.05703125 0.55234375 0.01171875 0.08046875
0 0.03984375 0.5515625 0.0125 0.07265625
0 0.01953125 0.55546875 0.00859375 0.07734375
0 0.00703125 0.55703125 0.0109375 0.071875
0 0.340625 0.5578125 0.01328125 0.08046875
0 0.38671875 0.55703125 0.0171875 0.08359375
0 0.4328125 0.5609375 0.01640625 0.0796875
0 0.45 0.559375 0.0109375 0.08359375
0 0.98515625 0.56875 0.01171875 0.08984375
0 0.96796875 0.56953125 0.01328125 0.08671875
0 0.93671875 0.559375 0.0109375 0.08203125
0 0.9203125 0.55859375 0.0125 0.08125
0 0.88125 0.5609375 0.0109375 0.08125
0 0.86484375 0.5609375 0.01328125 0.0796875
0 0.79375 0.86484375 0.015625 0.07265625
0 0.86640625 0.85 0.0984375 0.109375
0 0.9671875 0.85703125 0.01484375 0.053125
0 0.121875 0.69296875 0.01484375 0.075
0 0.071875 0.69453125 0.0171875 0.08515625
0 0.0234375 0.69765625 0.0171875 0.084375
0 0.846875 0.703125 0.009375 0.071875
0 0.8578125 0.70078125 0.009375 0.06640625
0 0.8703125 0.7015625 0.01171875 0.06640625
0 0.88515625 0.7015625 0.01015625 0.065625
0 0.9 0.7015625 0.0140625 0.06640625
0 0.93359375 0.68125 0.0140625 0.075
0 0.94921875 0.68046875 0.0109375 0.07109375
0 0.98984375 0.69296875 0.01875 0.075
0 0.48359375 0.56015625 0.01328125 0.08515625
0 0.49921875 0.56015625 0.01328125 0.08203125
0 0.5359375 0.56171875 0.0109375 0.08359375
0 0.5515625 0.56171875 0.0109375 0.0828125
0 0.5890625 0.5609375 0.01015625 0.08359375
0 0.6015625 0.56015625 0.01015625 0.08203125
0 0.63671875 0.56328125 0.01640625 0.09140625
0 0.6703125 0.55859375 0.0109375 0.08203125
0 0.684375 0.5578125 0.0125 0.0828125
0 0.71171875 0.56171875 0.0109375 0.08203125
0 0.725 0.56015625 0.01015625 0.08125
0 0.75703125 0.55859375 0.01015625 0.0859375
0 0.77265625 0.5578125 0.01328125 0.08515625
0 0.8140625 0.72265625 0.01640625 0.08203125
0 0.7890625 0.72109375 0.0109375 0.08125
0 0.765625 0.72109375 0.0109375 0.08203125
0 0.71796875 0.71640625 0.01328125 0.07109375
0 0.5390625 0.69453125 0.01171875 0.07421875
0 0.5265625 0.69609375 0.0109375 0.075
0 0.48984375 0.69765625 0.01015625 0.07734375
0 0.47578125 0.6984375 0.0109375 0.0765625
0 0.44375 0.69921875 0.01015625 0.078125
0 0.42890625 0.7 0.009375 0.07734375
0 0.403125 0.69609375 0.0109375 0.06953125
0 0.3890625 0.6953125 0.01171875 0.06796875
0 0.365625 0.69296875 0.01015625 0.06953125
0 0.35078125 0.69375 0.0109375 0.06875
0 0.67265625 0.8640625 0.01796875 0.08359375
0 0.32109375 0.69765625 0.01171875 0.0796875
0 0.26953125 0.69609375 0.0140625 0.07890625
0 0.25546875 0.696875 0.01171875 0.0796875
0 0.22265625 0.69609375 0.01484375 0.07890625
0 0.20859375 0.69765625 0.01171875 0.07734375
0 0.36171875 0.62421875 0.115625 0.015625
0 0.58203125 0.71640625 0.0109375 0.0796875
0 0.60625 0.71640625 0.01171875 0.07421875
0 0.63359375 0.71640625 0.01328125 0.07265625
0 0.66796875 0.7171875 0.0125 0.07578125
0 0.69140625 0.71640625 0.0171875 0.071875
0 0.3046875 0.6984375 0.0140625 0.07890625
0 0.93046875 0.109375 0.0234375 0.1046875
0 0.65078125 0.8625 0.015625 0.08125
0 0.58125 0.86875 0.015625 0.075
0 0.8609375 0.25234375 0.009375 0.10078125
0 0.84609375 0.25625 0.01015625 0.10078125
0 0.80625 0.25546875 0.009375 0.10234375
0 0.7921875 0.25625 0.01328125 0.0984375
0 0.7453125 0.2625 0.009375 0.096875
0 0.73125 0.2640625 0.0125 0.0953125
0 0.69453125 0.26171875 0.0109375 0.0921875
0 0.6765625 0.25546875 0.01328125 0.09296875
0 0.3046875 0.26015625 0.01328125 0.09765625
0 0.59296875 0.2609375 0.01171875 0.096875
0 0.5765625 0.25859375 0.0109375 0.09765625
0 0.53984375 0.2609375 0.01328125 0.0984375
0 0.5234375 0.259375 0.01015625 0.09765625
0 0.496875 0.25625 0.0109375 0.09921875
0 0.48203125 0.25546875 0.01328125 0.09765625
0 0.4484375 0.25859375 0.01328125 0.09453125
0 0.43359375 0.26015625 0.01171875 0.096875
0 0.40625 0.26484375 0.0109375 0.096875
0 0.390625 0.26328125 0.01171875 0.0984375
0 0.3484375 0.2609375 0.01015625 0.10234375
0 0.33125 0.2609375 0.01328125 0.1015625
0 0.88984375 0.25625 0.01015625 0.096875
0 0.28828125 0.2609375 0.0125 0.09921875
0 0.90703125 0.25625 0.0109375 0.0921875
0 0.97109375 0.25234375 0.0125 0.0953125
0 0.83984375 0.10703125 0.02890625 0.11171875
0 0.78203125 0.11015625 0.015625 0.10078125
0 0.7421875 0.109375 0.01875 0.1046875
0 0.6890625 0.1078125 0.0265625 0.109375
0 0.640625 0.1078125 0.02421875 0.1078125
0 0.59453125 0.10859375 0.02109375 0.10078125
0 0.57578125 0.1109375 0.0171875 0.10625
0 0.540625 0.109375 0.01640625 0.10078125
0 0.5203125 0.1125 0.01484375 0.103125
0 0.4796875 0.11796875 0.015625 0.08984375
0 0.43125 0.11875 0.01953125 0.08984375
0 0.384375 0.11015625 0.01484375 0.1109375
0 0.3359375 0.1140625 0.01875 0.096875
0 0.28828125 0.11015625 0.01953125 0.103125
0 0.234375 0.11953125 0.02109375 0.0984375
0 0.19765625 0.11796875 0.015625 0.10625
0 0.1796875 0.11796875 0.01328125 0.10625
0 0.1390625 0.11328125 0.01875 0.1015625
0 0.12109375 0.11328125 0.0140625 0.09921875
0 0.02265625 0.11640625 0.02265625 0.09921875
0 0.6328125 0.25703125 0.01171875 0.09609375
0 0.953125 0.25078125 0.01171875 0.0953125
0 0.24296875 0.26796875 0.01328125 0.09921875
0 0.2265625 0.2671875 0.0125 0.096875
0 0.1890625 0.26484375 0.02265625 0.10234375
0 0.090625 0.41796875 0.01171875 0.09453125
0 0.0765625 0.41640625 0.01328125 0.08984375
0 0.040625 0.41640625 0.01171875 0.0890625
0 0.02578125 0.41640625 0.01328125 0.08671875
0 0.9859375 0.4140625 0.0203125 0.09140625
0 0.95 0.41953125 0.01015625 0.090625
0 0.93203125 0.42109375 0.01171875 0.0890625
0 0.90234375 0.41640625 0.01484375 0.09375
0 0.88359375 0.41640625 0.01171875 0.09609375
0 0.840625 0.41640625 0.015625 0.09296875
0 0.78515625 0.4171875 0.015625 0.09296875
0 0.73984375 0.4171875 0.0125 0.090625
0 0.72265625 0.415625 0.01328125 0.08984375
0 0.68984375 0.41328125 0.01171875 0.08828125
0 0.675 0.4140625 0.01328125 0.08828125
0 0.15546875 0.55859375 0.01328125 0.08359375
0 0.29453125 0.56015625 0.0125 0.08515625
0 0.24609375 0.5609375 0.0171875 0.08359375
0 0.20234375 0.5640625 0.01171875 0.07421875
0 0.54140625 0.86640625 0.01484375 0.0796875
0 0.56015625 0.8671875 0.0140625 0.0765625
0 0.1296875 0.41328125 0.0125 0.08828125
0 0.14609375 0.4171875 0.01328125 0.09296875
0 0.19453125 0.415625 0.009375 0.090625
0 0.2078125 0.415625 0.0109375 0.090625
0 0.140625 0.2625 0.0171875 0.0921875
0 0.121875 0.26171875 0.0125 0.0953125
0 0.08203125 0.26171875 0.01484375 0.09296875
0 0.065625 0.2609375 0.01171875 0.09375
0 0.03359375 0.2640625 0.01328125 0.09765625
0 0.01640625 0.26484375 0.0140625 0.0953125
0 0.6375 0.41328125 0.01484375 0.0921875
0 0.60078125 0.4203125 0.0109375 0.090625
0 0.5859375 0.42109375 0.009375 0.0921875
0 0.55234375 0.4171875 0.01171875 0.09140625
0 0.625 0.86171875 0.01796875 0.08515625
0 0.53671875 0.41796875 0.01171875 0.0921875
0 0.4859375 0.415625 0.01171875 0.090625
0 0.45 0.4171875 0.0140625 0.090625
0 0.43515625 0.41640625 0.01171875 0.08984375
0 0.39921875 0.41328125 0.01015625 0.08984375
0 0.38671875 0.4140625 0.0109375 0.08828125
0 0.35625 0.41484375 0.0125 0.08984375
0 0.340625 0.415625 0.009375 0.09140625
0 0.30859375 0.41484375 0.009375 0.0890625
0 0.2953125 0.415625 0.0109375 0.090625
0 0.2546875 0.425 0.01015625 0.090625
0 0.50078125 0.41875 0.01328125 0.0890625
0 0.8109375 0.5625 0.01015625 0.08671875
0 0.828125 0.56484375 0.015625 0.08671875