0 0.88359375 0.70078125 0.06015625 0.07421875
0 0.053125 0.04453125 0.03359375 0.08828125
0 0.05859375 0.90234375 0.03828125 0.07421875
0 0.0984375 0.90390625 0.0328125 0.0734375
0 0.0203125 0.84453125 0.028125 0.03125
0 0.01640625 0.89609375 0.02578125 0.04375
0 0.1453125 0.89453125 0.0203125 0.08984375
0 0.20625 0.88984375 0.090625 0.09765625
0 0.3046875 0.88671875 0.096875 0.09453125
0 0.41171875 0.89375 0.06796875 0.08515625
0 0.63671875 0.87578125 0.36953125 0.11328125
0 0.0640625 0.6578125 0.08984375 0.03984375
0 0.96796875 0.596875 0.05859375 0.03125
0 0.8984375 0.56328125 0.06796875 0.0921875
0 0.8296875 0.52734375 0.0453125 0.07421875
0 0.77578125 0.528125 0.02109375 0.078125
0 0.74296875 0.53046875 0.0375 0.08125
0 0.7 0.53203125 0.03359375 0.08203125
0 0.6359375 0.534375 0.04140625 0.08359375
0 0.56953125 0.52421875 0.06796875 0.075
0 0.4515625 0.525 0.06953125 0.075
0 0.328125 0.5265625 0.0703125 0.0734375
0 0.265625 0.53046875 0.03671875 0.0765625
0 0.21796875 0.51328125 0.0484375 0.040625
0 0.1578125 0.52109375 0.0640625 0.0578125
0 0.98046875 0.88671875 0.0390625 0.0765625
0 0.9078125 0.8890625 0.09609375 0.0640625
0 0.9046875 0.84296875 0.1078125 0.015625
0 0.77734375 0.77421875 0.05625 0.05
0 0.95078125 0.70234375 0.06328125 0.06953125
0 0.01484375 0.7953125 0.0296875 0.025
0 0.06015625 0.7796875 0.028125 0.05703125
0 0.0921875 0.778125 0.0296875 0.05625
0 0.17578125 0.784375 0.05 0.0453125
0 0.23828125 0.7859375 0.06015625 0.04765625
0 0.29921875 0.78359375 0.05390625 0.04296875
0 0.359375 0.78125 0.05859375 0.0421875
0 0.4234375 0.77890625 0.0546875 0.04609375
0 0.7359375 0.66328125 0.04296875 0.10390625
0 0.6859375 0.65625 0.04609375 0.078125
0 0.04765625 0.5046875 0.0953125 0.0625
0 0.6296875 0.66015625 0.05703125 0.06796875
0 0.4984375 0.66640625 0.05546875 0.06875
0 0.015625 0.04453125 0.03125 0.0875
0 0.36796875 0.65625 0.05625 0.04609375
0 0.30703125 0.66171875 0.05703125 0.05625
0 0.23828125 0.65078125 0.06484375 0.05234375
0 0.16875 0.66015625 0.06875 0.0703125
0 0.4828125 0.784375 0.05234375 0.05859375
0 0.53984375 0.78515625 0.05625 0.05546875
0 0.6046875 0.784375 0.06015625 0.0609375
0 0.65859375 0.77265625 0.04609375 0.03828125
0 0.71953125 0.77265625 0.05390625 0.04765625
0 0.56171875 0.65390625 0.06171875 0.06171875
0 0.82734375 0.41171875 0.04609375 0.08515625
0 0.43203125 0.6609375 0.05234375 0.065625
0 0.70625 0.41640625 0.0515625 0.090625
0 0.69765625 0.17265625 0.05703125 0.1
0 0.628125 0.1609375 0.071875 0.0625
0 0.56328125 0.17109375 0.04609375 0.075
0 0.503125 0.15078125 0.06484375 0.078125
0 0.43828125 0.165625 0.03828125 0.09921875
0 0.38671875 0.1625 0.04296875 0.0984375
0 0.321875 0.15859375 0.0703125 0.090625
0 0.196875 0.1546875 0.07265625 0.078125
0 0.12421875 0.16015625 0.059375 0.07421875
0 0.04375 0.22109375 0.046875 0.0171875
0 0.0390625 0.196875 0.04921875 0.01796875
0 0.978125 0.03359375 0.04375 0.0671875
0 0.91171875 0.0359375 0.05703125 0.0703125
0 0.85234375 0.03515625 0.0515625 0.0671875
0 0.7859375 0.03515625 0.06328125 0.0671875
0 0.60625 0.0359375 0.05703125 0.06328125
0 0.5359375 0.03359375 0.06796875 0.065625
0 0.4546875 0.03359375 0.08515625 0.06484375
0 0.36640625 0.03125 0.08125 0.0609375
0 0.27421875 0.03125 0.0921875 0.05546875
0 0.2078125 0.0375 0.02890625 0.034375
0 0.13671875 0.028125 0.11015625 0.05234375
0 0.765625 0.4125 0.0640625 0.090625
0 0.77265625 0.17109375 0.06640625 0.10625
0 0.84140625 0.1734375 0.06484375 0.10625
0 0.70078125 0.0328125 0.0578125 0.065625
0 0.13046875 0.290625 0.08203125 0.07265625
0 0.646875 0.41640625 0.05703125 0.09453125
0 0.96171875 0.16484375 0.07578125 0.08359375
0 0.58203125 0.4125 0.059375 0.0859375
0 0.5078125 0.41171875 0.075 0.08515625
0 0.428125 0.40078125 0.05625 0.0625
0 0.29140625 0.4046875 0.065625 0.06875
0 0.22421875 0.40390625 0.0578125 0.065625
0 0.15859375 0.4078125 0.065625 0.06953125
0 0.0609375 0.35546875 0.0484375 0.065625
0 0.01640625 0.36015625 0.03046875 0.05703125
0 0.80078125 0.66796875 0.04921875 0.103125
0 0.36640625 0.4046875 0.05234375 0.06640625
0 0.946875 0.2875 0.06796875 0.09296875
0 0.92890625 0.4265625 0.08828125 0.096875
0 0.396875 0.2765625 0.05703125 0.0515625
0 0.4625 0.296875 0.06484375 0.0921875
0 0.2609375 0.28828125 0.06484375 0.0734375
0 0.5921875 0.2921875 0.0609375 0.08203125
0 0.52578125 0.28671875 0.05625 0.07578125
0 0.66953125 0.2984375 0.0671875 0.0921875
0 0.73203125 0.29921875 0.05078125 0.09296875
0 0.79140625 0.29921875 0.059375 0.10078125
0 0.84921875 0.3015625 0.04921875 0.1
0 0.33046875 0.284375 0.06015625 0.0734375