0 0.353125 0.76953125 0.0640625 0.040625
0 0.73359375 0.58828125 0.021875 0.034375
0 0.82421875 0.515625 0.02109375 0.03515625
0 0.796875 0.52421875 0.028125 0.02734375
0 0.76484375 0.5375 0.02890625 0.02890625
0 0.734375 0.54765625 0.02265625 0.0359375
0 0.7046875 0.5625 0.02578125 0.02890625
0 0.82734375 0.47890625 0.02421875 0.034375
0 0.79765625 0.4890625 0.0265625 0.04296875
0 0.76953125 0.49921875 0.02421875 0.0359375
0 0.5140625 0.70234375 0.0375 0.04140625
0 0.6765625 0.5796875 0.025 0.03828125
0 0.76640625 0.57265625 0.021875 0.04140625
0 0.50859375 0.7421875 0.04609375 0.0328125
0 0.51484375 0.78828125 0.0453125 0.046875
0 0.5625 0.68125 0.03046875 0.04609375
0 0.55859375 0.7265625 0.02890625 0.0296875
0 0.56328125 0.76484375 0.03125 0.034375
0 0.596875 0.7421875 0.025 0.04609375
0 0.59453125 0.6953125 0.02265625 0.03203125
0 0.646875 0.5953125 0.0296875 0.0359375
0 0.79375 0.56171875 0.01953125 0.02890625
0 0.821875 0.55234375 0.02890625 0.03359375
0 0.7375 0.6265625 0.0296875 0.03046875
0 0.2953125 0.9046875 0.04921875 0.06015625
0 0.28671875 0.8546875 0.0671875 0.03984375
0 0.3625 0.88046875 0.06328125 0.04375
0 0.42265625 0.8453125 0.05625 0.03828125
0 0.41484375 0.79921875 0.05078125 0.0328125
0 0.41171875 0.73984375 0.0453125 0.05546875
0 0.459375 0.721875 0.04921875 0.03828125
0 0.459375 0.77109375 0.0390625 0.03515625
0 0.45703125 0.66171875 0.05859375 0.04296875
0 0.51171875 0.6484375 0.0390625 0.05390625
0 0.50625 0.5953125 0.04296875 0.040625
0 0.35078125 0.82421875 0.05078125 0.05859375
0 0.509375 0.53515625 0.040625 0.0453125
0 0.5921875 0.565625 0.03828125 0.04765625
0 0.64296875 0.55078125 0.03203125 0.040625
0 0.56484375 0.628125 0.040625 0.04296875
0 0.603125 0.61328125 0.0265625 0.04765625
0 0.81875 0.62578125 0.0234375 0.0265625
0 0.790625 0.63359375 0.01484375 0.03515625
0 0.7640625 0.64765625 0.02421875 0.0359375
0 0.821875 0.590625 0.02890625 0.034375
0 0.7921875 0.59609375 0.025 0.03828125
0 0.7640625 0.61171875 0.02421875 0.028125
0 0.73671875 0.66171875 0.02421875 0.03828125
0 0.55703125 0.57890625 0.03515625 0.0421875
0 0.46796875 0.815625 0.03359375 0.04375
0 0.29375 0.43125 0.2109375 0.05625
0 0.70625 0.5234375 0.02890625 0.0359375
0 0.2015625 0.78828125 0.07421875 0.04375
0 0.2125 0.840625 0.07421875 0.046875
0 0.21953125 0.896875 0.06484375 0.046875
0 0.22890625 0.95546875 0.06796875 0.05234375
0 0.28203125 0.80390625 0.0734375 0.04375
0 0.803125 0.38359375 0.03046875 0.03671875
0 0.83046875 0.33671875 0.0203125 0.040625
0 0.8046875 0.3421875 0.028125 0.034375
0 0.8328125 0.29296875 0.01953125 0.0421875
0 0.76171875 0.39765625 0.03984375 0.03125
0 0.71640625 0.40703125 0.03984375 0.0453125
0 0.30546875 0.490625 0.2046875 0.05859375
0 0.66796875 0.41796875 0.04375 0.03828125
0 0.71015625 0.35625 0.13515625 0.0328125
0 0.721875 0.30625 0.15703125 0.03515625
0 0.61171875 0.42890625 0.06015625 0.05
0 0.553125 0.45 0.040625 0.05078125
0 0.50234375 0.46875 0.04609375 0.059375
0 0.4515625 0.47734375 0.0484375 0.04140625
0 0.1859375 0.71640625 0.0828125 0.06171875
0 0.55078125 0.39453125 0.0484375 0.0484375
0 0.1484375 0.984375 0.08984375 0.03125
0 0.11640625 0.81796875 0.07734375 0.0609375
0 0.73515625 0.51015625 0.025 0.034375
0 0.67421875 0.5375 0.0265625 0.034375
0 0.90703125 0.5671875 0.13515625 0.07734375
0 0.83046875 0.378125 0.0203125 0.04296875
0 0.671875 0.4859375 0.03125 0.04375
0 0.7015625 0.6796875 0.021875 0.0390625
0 0.7015625 0.6421875 0.02578125 0.03671875
0 0.66328125 0.66171875 0.028125 0.02578125
0 0.6625 0.70390625 0.0296875 0.04296875
0 0.62734375 0.7203125 0.02734375 0.0328125
0 0.63125 0.68046875 0.03046875 0.03125
0 0.70390625 0.60390625 0.028125 0.03359375
0 0.6640625 0.63125 0.0328125 0.0296875
0 0.634375 0.640625 0.02734375 0.034375
0 0.59609375 0.65703125 0.02578125 0.03125
0 0.92109375 0.35703125 0.14375 0.0921875
0 0.9203125 0.46015625 0.13203125 0.07421875
0 0.03203125 0.8515625 0.0625 0.05859375
0 0.03046875 0.9296875 0.05859375 0.07109375
0 0.14296875 0.9375 0.090625 0.04296875
0 0.496875 0.4078125 0.0484375 0.05859375
0 0.12421875 0.878125 0.0765625 0.0578125
0 0.04765625 0.04921875 0.06328125 0.0984375
0 0.35234375 0.2296875 0.02265625 0.15
0 0.38046875 0.22734375 0.02890625 0.1421875
0 0.41484375 0.21953125 0.040625 0.13984375
0 0.4546875 0.21953125 0.0359375 0.13984375
0 0.50546875 0.225 0.06484375 0.11328125
0 0.7828125 0.2203125 0.0390625 0.0703125
0 0.81015625 0.23125 0.01484375 0.04765625
0 0.8265625 0.228125 0.01328125 0.04375
0 0.90625 0.23203125 0.0875 0.02734375
0 0.88515625 0.26171875 0.07734375 0.021875
0 0.89296875 0.28828125 0.090625 0.02734375
0 0.59375 0.23046875 0.06953125 0.0671875
0 0.34453125 0.36640625 0.1625 0.05859375
0 0.709375 0.478125 0.028125 0.03671875
0 0.740625 0.465625 0.02265625 0.0453125
0 0.43984375 0.4171875 0.06484375 0.03984375
0 0.83125 0.4375 0.03125 0.04140625
0 0.79765625 0.4453125 0.0328125 0.0421875
0 0.7671875 0.45859375 0.02421875 0.03515625
0 0.3203125 0.2328125 0.040625 0.14375
0 0.2796875 0.225 0.0390625 0.128125
0 0.69609375 0.22265625 0.12265625 0.06953125
0 0.6203125 0.059375 0.0375 0.11875
0 0.2921875 0.053125 0.06484375 0.10625
0 0.3625 0.05390625 0.06484375 0.10703125
0 0.42265625 0.05703125 0.040625 0.11328125
0 0.2328125 0.23515625 0.046875 0.121875
0 0.47421875 0.059375 0.0390625 0.11796875
0 0.528125 0.0578125 0.04609375 0.115625
0 0.5765625 0.059375 0.040625 0.11875
0 0.12734375 0.04765625 0.0734375 0.0953125
0 0.659375 0.059375 0.02578125 0.11796875
0 0.6890625 0.065625 0.02734375 0.115625
0 0.72421875 0.065625 0.0390625 0.115625
0 0.215625 0.05390625 0.09140625 0.10703125
0 0.78828125 0.06484375 0.034375 0.121875
0 0.17890625 0.228125 0.0484375 0.159375
0 0.1265625 0.23359375 0.0421875 0.16953125
0 0.07421875 0.2390625 0.040625 0.18125
0 0.75859375 0.065625 0.02265625 0.115625
0 0.034375 0.246875 0.0390625 0.165625
0 0.81328125 0.0734375 0.01796875 0.11640625
0 0.8375 0.07578125 0.03046875 0.1078125