0 0.315625 0.465625 0.05625 0.1390625
0 0.61875 0.6296875 0.0453125 0.1265625
0 0.565625 0.62734375 0.04609375 0.12890625
0 0.515625 0.6296875 0.04375 0.1265625
0 0.4671875 0.621875 0.046875 0.12578125
0 0.4203125 0.625 0.04375 0.12734375
0 0.36875 0.6234375 0.05078125 0.12734375
0 0.034375 0.09453125 0.04921875 0.13828125
0 0.3171875 0.6265625 0.04296875 0.12734375
0 0.2546875 0.621875 0.0546875 0.12890625
0 0.66953125 0.62578125 0.0421875 0.125
0 0.171875 0.62265625 0.046875 0.12265625
0 0.04375 0.621875 0.04140625 0.13125
0 0.97890625 0.49765625 0.0421875 0.11796875
0 0.08359375 0.09609375 0.0484375 0.13203125
0 0.1390625 0.0984375 0.04921875 0.1328125
0 0.19140625 0.10625 0.0515625 0.1234375
0 0.246875 0.10859375 0.04921875 0.13125
0 0.29765625 0.11015625 0.0484375 0.128125
0 0.35 0.1140625 0.0515625 0.1265625
0 0.4 0.11640625 0.04375 0.12421875
0 0.096875 0.6296875 0.0609375 0.13671875
0 0.45 0.1140625 0.0453125 0.11953125
0 0.71875 0.64296875 0.0453125 0.12578125
0 0.81796875 0.621875 0.0359375 0.12109375
0 0.634375 0.84765625 0.05 0.0671875
0 0.5859375 0.8140625 0.04140625 0.06015625
0 0.51796875 0.8359375 0.0703125 0.06953125
0 0.44140625 0.83984375 0.07890625 0.07421875
0 0.3671875 0.84375 0.05234375 0.06640625
0 0.3109375 0.8421875 0.05 0.06953125
0 0.2171875 0.80859375 0.0546875 0.03359375
0 0.24375 0.8703125 0.059375 0.0203125
0 0.240625 0.846875 0.06171875 0.02109375
0 0.77421875 0.6390625 0.04609375 0.1203125
0 0.17578125 0.86640625 0.0578125 0.01640625
0 0.10859375 0.8609375 0.0625 0.02734375
0 0.14453125 0.790625 0.0484375 0.02734375
0 0.10625 0.83828125 0.059375 0.01953125
0 0.0140625 0.84609375 0.02734375 0.03671875
0 0.05 0.8515625 0.0453125 0.02421875
0 0.05546875 0.821875 0.04140625 0.03515625
0 0.971875 0.625 0.0453125 0.10234375
0 0.921875 0.6265625 0.04609375 0.11484375
0 0.87109375 0.63671875 0.0453125 0.12890625
0 0.171875 0.840625 0.0578125 0.028125
0 0.5 0.1171875 0.0515625 0.1203125
0 0.55703125 0.10859375 0.05546875 0.14375
0 0.61484375 0.1078125 0.0546875 0.13984375
0 0.85625 0.80390625 0.04375 0.0375
0 0.80546875 0.8125 0.05390625 0.04765625
0 0.2484375 0.30625 0.0609375 0.07890625
0 0.37421875 0.309375 0.0546875 0.090625
0 0.428125 0.31171875 0.0453125 0.0890625
0 0.478125 0.3125 0.046875 0.08671875
0 0.528125 0.31875 0.046875 0.078125
0 0.578125 0.3140625 0.04765625 0.08125
0 0.62578125 0.31953125 0.0421875 0.08203125
0 0.8046875 0.85625 0.053125 0.03671875
0 0.67421875 0.31875 0.0515625 0.075
0 0.77578125 0.32578125 0.05 0.0765625
0 0.83125 0.309375 0.0453125 0.08515625
0 0.8890625 0.32109375 0.05546875 0.08828125
0 0.9390625 0.32421875 0.046875 0.08203125
0 0.98125 0.32890625 0.0375 0.07890625
0 0.03046875 0.46875 0.0609375 0.14296875
0 0.09609375 0.46640625 0.059375 0.13515625
0 0.171875 0.46953125 0.06640625 0.1375
0 0.25625 0.46875 0.04765625 0.13359375
0 0.725 0.32265625 0.0484375 0.06640625
0 0.8640625 0.85 0.04921875 0.04453125
0 0.42578125 0.48203125 0.0453125 0.128125
0 0.4765625 0.478125 0.04609375 0.1296875
0 0.6671875 0.10625 0.0421875 0.14609375
0 0.75390625 0.12265625 0.04375 0.12421875
0 0.7984375 0.10078125 0.040625 0.16640625
0 0.83828125 0.1046875 0.03359375 0.16484375
0 0.8859375 0.15078125 0.0484375 0.07578125
0 0.94375 0.15625 0.0609375 0.07421875
0 0.9890625 0.13671875 0.021875 0.1078125
0 0.0109375 0.31796875 0.02109375 0.0828125
0 0.0421875 0.31953125 0.03515625 0.08359375
0 0.08828125 0.31484375 0.05 0.0890625
0 0.13125 0.3234375 0.03046875 0.09453125
0 0.17890625 0.3109375 0.0546875 0.08359375
0 0.92890625 0.4875 0.040625 0.12578125
0 0.88046875 0.48828125 0.05 0.12109375
0 0.82578125 0.48203125 0.0515625 0.11796875
0 0.771875 0.48203125 0.04921875 0.12734375
0 0.98671875 0.84453125 0.025 0.06796875
0 0.6703125 0.48046875 0.0484375 0.12734375
0 0.6203125 0.478125 0.04453125 0.13515625
0 0.5671875 0.4796875 0.03671875 0.1328125
0 0.5234375 0.48046875 0.04921875 0.12734375
0 0.3734375 0.47265625 0.04609375 0.125
0 0.93671875 0.84375 0.07265625 0.06875
0 0.7390625 0.84140625 0.046875 0.06640625
0 0.68828125 0.840625 0.046875 0.06640625