0 0.84921875 0.89375 0.0546875 0.08359375
0 0.98671875 0.88515625 0.02578125 0.1046875
0 0.9484375 0.89921875 0.04375 0.0765625
0 0.903125 0.8984375 0.04921875 0.07421875
0 0.046875 0.75703125 0.05703125 0.07890625
0 0.0328125 0.646875 0.06171875 0.08828125
0 0.09765625 0.65390625 0.053125 0.071875
0 0.1578125 0.646875 0.05859375 0.0875
0 0.2125 0.64609375 0.04765625 0.090625
0 0.26640625 0.64609375 0.05859375 0.0875
0 0.32421875 0.6453125 0.05625 0.084375
0 0.378125 0.6453125 0.046875 0.0890625
0 0.97890625 0.7546875 0.0421875 0.08359375
0 0.925 0.74609375 0.04375 0.0703125
0 0.628125 0.7609375 0.04453125 0.078125
0 0.8265625 0.7484375 0.04296875 0.07734375
0 0.7953125 0.9 0.04453125 0.078125
0 0.74140625 0.89453125 0.05859375 0.0796875
0 0.68203125 0.8921875 0.0546875 0.084375
0 0.63203125 0.89921875 0.04609375 0.0734375
0 0.58671875 0.8890625 0.0375 0.0875
0 0.53828125 0.8921875 0.04140625 0.0890625
0 0.49765625 0.8890625 0.03984375 0.096875
0 0.46328125 0.8859375 0.03203125 0.0921875
0 0.41953125 0.8875 0.053125 0.08671875
0 0.3734375 0.88828125 0.03984375 0.08515625
0 0.3234375 0.88984375 0.04921875 0.0890625
0 0.27421875 0.9015625 0.046875 0.0625
0 0.221875 0.896875 0.05703125 0.06875
0 0.13515625 0.8890625 0.05546875 0.07734375
0 0.0640625 0.8765625 0.04296875 0.0703125
0 0.021875 0.528125 0.0421875 0.090625
0 0.43046875 0.64609375 0.053125 0.08984375
0 0.21484375 0.75703125 0.0546875 0.0890625
0 0.26796875 0.7578125 0.05078125 0.0875
0 0.3140625 0.75859375 0.040625 0.0796875
0 0.3515625 0.7578125 0.03359375 0.084375
0 0.38984375 0.7546875 0.04140625 0.08125
0 0.42890625 0.746875 0.0296875 0.07734375
0 0.4640625 0.740625 0.0390625 0.06875
0 0.51328125 0.753125 0.05234375 0.08671875
0 0.58046875 0.75625 0.04765625 0.084375
0 0.675 0.75703125 0.04453125 0.0828125
0 0.725 0.753125 0.04921875 0.08515625
0 0.778125 0.75390625 0.0484375 0.0890625
0 0.86953125 0.7484375 0.04296875 0.078125
0 0.4875 0.646875 0.05625 0.08671875
0 0.77109375 0.52109375 0.04921875 0.0921875
0 0.5890625 0.64375 0.04453125 0.0796875
0 0.06484375 0.13671875 0.04453125 0.09921875
0 0.01953125 0.13828125 0.03828125 0.09296875
0 0.16796875 0.2734375 0.05859375 0.0984375
0 0.23046875 0.27265625 0.065625 0.096875
0 0.2921875 0.27734375 0.05859375 0.0875
0 0.35390625 0.2765625 0.06015625 0.0875
0 0.41328125 0.2765625 0.05625 0.090625
0 0.47265625 0.275 0.06015625 0.0859375
0 0.5328125 0.275 0.0578125 0.0859375
0 0.59375 0.271875 0.06328125 0.09296875
0 0.65703125 0.271875 0.06171875 0.0875
0 0.7453125 0.23046875 0.10078125 0.0734375
0 0.84453125 0.265625 0.06171875 0.09453125
0 0.90703125 0.2609375 0.0609375 0.0875
0 0.72109375 0.2921875 0.0640625 0.04453125
0 0.1109375 0.134375 0.04765625 0.09453125
0 0.7828125 0.290625 0.0578125 0.04375
0 0.159375 0.13359375 0.04453125 0.09296875
0 0.2546875 0.13125 0.04140625 0.09765625
0 0.54296875 0.128125 0.04765625 0.10546875
0 0.59140625 0.1265625 0.0484375 0.10234375
0 0.63515625 0.1109375 0.04140625 0.13046875
0 0.6796875 0.109375 0.03984375 0.1265625
0 0.7203125 0.1109375 0.03984375 0.1234375
0 0.76015625 0.10859375 0.040625 0.125
0 0.80546875 0.10234375 0.0484375 0.1375
0 0.853125 0.0984375 0.04296875 0.140625
0 0.90078125 0.0984375 0.05 0.1421875
0 0.9453125 0.096875 0.04140625 0.140625
0 0.98359375 0.09609375 0.03203125 0.1421875
0 0.4484375 0.12890625 0.0453125 0.1046875
0 0.39921875 0.12890625 0.05 0.1
0 0.34921875 0.12890625 0.04375 0.096875
0 0.3 0.13125 0.04765625 0.09921875
0 0.2046875 0.134375 0.04609375 0.0953125
0 0.96953125 0.259375 0.0609375 0.090625
0 0.9828125 0.390625 0.034375 0.0984375
0 0.94140625 0.3921875 0.04453125 0.0953125
0 0.56171875 0.528125 0.0515625 0.09453125
0 0.6140625 0.52578125 0.04921875 0.090625
0 0.66328125 0.5234375 0.05078125 0.09296875
0 0.71796875 0.52421875 0.053125 0.0921875
0 0.8203125 0.5234375 0.05 0.09140625
0 0.8703125 0.521875 0.04921875 0.0921875
0 0.9234375 0.52109375 0.05703125 0.0921875
0 0.97578125 0.521875 0.04765625 0.0921875
0 0.98203125 0.64453125 0.0359375 0.0890625
0 0.940625 0.64609375 0.046875 0.08671875
0 0.89453125 0.61953125 0.0375 0.0609375
0 0.81953125 0.640625 0.0453125 0.0828125
0 0.77421875 0.64609375 0.046875 0.08671875
0 0.7296875 0.64609375 0.040625 0.084375
0 0.678125 0.6515625 0.04921875 0.0734375
0 0.50078125 0.51328125 0.05078125 0.08125
0 0.44375 0.5203125 0.05859375 0.090625
0 0.38125 0.5265625 0.05703125 0.096875
0 0.27109375 0.5171875 0.06171875 0.0859375
0 0.89375 0.39375 0.05078125 0.0984375
0 0.84296875 0.3953125 0.05078125 0.0953125
0 0.78984375 0.3953125 0.05546875 0.09609375
0 0.7359375 0.3953125 0.04921875 0.0953125
0 0.68515625 0.396875 0.04453125 0.09609375
0 0.640625 0.3984375 0.04296875 0.09296875
0 0.59140625 0.3984375 0.053125 0.09609375
0 0.5390625 0.65078125 0.046875 0.0734375
0 0.53671875 0.39921875 0.05234375 0.096875
0 0.41953125 0.40078125 0.05703125 0.09453125
0 0.28125 0.403125 0.06484375 0.09375
0 0.17578125 0.403125 0.059375 0.0921875
0 0.053125 0.4046875 0.0609375 0.09140625
0 0.08046875 0.52578125 0.0546875 0.09140625
0 0.1359375 0.53046875 0.05546875 0.0828125
0 0.19609375 0.52890625 0.0625 0.090625
0 0.4796875 0.4 0.06015625 0.096875
0 0.49453125 0.128125 0.046875 0.1046875
0 0.1140625 0.7515625 0.0484375 0.06484375
0 0.16484375 0.75 0.04453125 0.075