0 0.96171875 0.1265625 0.059375 0.08359375
0 0.00703125 0.21015625 0.0140625 0.0359375
0 0.0328125 0.2390625 0.02734375 0.0515625
0 0.065625 0.2390625 0.0359375 0.0515625
0 0.0078125 0.246875 0.015625 0.034375
0 0.2296875 0.1578125 0.03828125 0.028125
0 0.1890625 0.15703125 0.03984375 0.028125
0 0.83515625 0.0953125 0.04921875 0.0390625
0 0.78125 0.096875 0.05 0.04140625
0 0.7265625 0.096875 0.04921875 0.04140625
0 0.67421875 0.096875 0.046875 0.03984375
0 0.8453125 0.14296875 0.04765625 0.05
0 0.09609375 0.23671875 0.02265625 0.05859375
0 0.90078125 0.1265625 0.05546875 0.0828125
0 0.12109375 0.23515625 0.025 0.05859375
0 0.63125 0.13359375 0.03515625 0.07265625
0 0.2125 0.25 0.05390625 0.028125
0 0.2765625 0.09921875 0.04140625 0.02890625
0 0.31640625 0.10625 0.03359375 0.01484375
0 0.3546875 0.0984375 0.03828125 0.0296875
0 0.39375 0.103125 0.0359375 0.0265625
0 0.4375 0.12890625 0.04140625 0.0859375
0 0.48125 0.1265625 0.04296875 0.0875
0 0.52578125 0.128125 0.04140625 0.0890625
0 0.1515625 0.23515625 0.03125 0.05546875
0 0.56328125 0.13359375 0.03046875 0.07265625
0 0.19609375 0.2234375 0.0546875 0.021875
0 0.68125 0.1453125 0.0484375 0.04765625
0 0.48046875 0.23828125 0.0484375 0.04765625
0 0.42890625 0.2390625 0.04609375 0.05078125
0 0.375 0.25234375 0.05 0.02578125
0 0.32265625 0.2515625 0.05 0.0234375
0 0.2671875 0.25078125 0.0515625 0.0265625
0 0.59765625 0.13515625 0.03046875 0.07421875
0 0.27265625 0.1578125 0.040625 0.03046875
0 0.8609375 0.321875 0.0296875 0.0734375
0 0.3109375 0.509375 0.0234375 0.0671875
0 0.98671875 0.23359375 0.0265625 0.05
0 0.95625 0.2328125 0.02578125 0.05
0 0.92734375 0.2328125 0.02265625 0.053125
0 0.8984375 0.2328125 0.02578125 0.053125
0 0.8703125 0.2328125 0.0265625 0.05390625
0 0.82890625 0.20703125 0.03671875 0.0328125
0 0.78671875 0.20859375 0.0390625 0.03125
0 0.74609375 0.20859375 0.03984375 0.03125
0 0.69921875 0.20625 0.0390625 0.0359375
0 0.65546875 0.20625 0.04453125 0.03828125
0 0.8265625 0.24296875 0.0375 0.034375
0 0.78671875 0.24296875 0.03828125 0.0328125
0 0.74296875 0.24609375 0.04140625 0.0390625
0 0.7 0.24453125 0.04375 0.0359375
0 0.65546875 0.2453125 0.04140625 0.0375
0 0.596875 0.2 0.05234375 0.0265625
0 0.5390625 0.20234375 0.05234375 0.02734375
0 0.59609375 0.2390625 0.04765625 0.04375
0 0.54140625 0.2421875 0.046875 0.0453125
0 0.01484375 0.33984375 0.0296875 0.0484375
0 0.3796875 0.23359375 0.04375 0.009375
0 0.053125 0.33828125 0.0359375 0.04609375
0 0.1140625 0.33203125 0.02421875 0.0578125
0 0.89296875 0.32265625 0.03046875 0.0671875
0 0.925 0.321875 0.03125 0.07109375
0 0.95625 0.321875 0.0265625 0.0734375
0 0.98671875 0.321875 0.02578125 0.075
0 0.82265625 0.33046875 0.034375 0.0546875
0 0.778125 0.33046875 0.04453125 0.05390625
0 0.73359375 0.33125 0.0390625 0.0578125
0 0.69375 0.30859375 0.034375 0.0328125
0 0.6546875 0.309375 0.03671875 0.03125
0 0.69140625 0.3421875 0.0375 0.0296875
0 0.6515625 0.34375 0.0375 0.03125
0 0.59375 0.33359375 0.075 0.0546875
0 0.5140625 0.3296875 0.06875 0.0578125
0 0.44375 0.33046875 0.06796875 0.05859375
0 0.3890625 0.3234375 0.03671875 0.0765625
0 0.34921875 0.3234375 0.03359375 0.075
0 0.26484375 0.3234375 0.1265625 0.0734375
0 0.17578125 0.33203125 0.03125 0.05703125
0 0.1421875 0.3328125 0.02890625 0.05859375
0 0.0859375 0.33359375 0.028125 0.0609375
0 0.32421875 0.22578125 0.05078125 0.02421875
0 0.26640625 0.2265625 0.05625 0.02109375
0 0.39375 0.15859375 0.03671875 0.0265625
0 0.8484375 0.428125 0.03359375 0.0421875
0 0.84296875 0.39296875 0.02890625 0.02578125
0 0.92421875 0.43671875 0.03203125 0.02421875
0 0.3546875 0.1578125 0.034375 0.02421875
0 0.9921875 0.4375 0.01484375 0.0234375
0 0.925 0.41171875 0.034375 0.0234375
0 0.96640625 0.40859375 0.0328125 0.0265625
0 0.8890625 0.38984375 0.03515625 0.0171875
0 0.9484375 0.38671875 0.03515625 0.015625
0 0.9765625 0.3875 0.01875 0.0140625
0 0.028125 0.5203125 0.05625 0.06640625
0 0.06953125 0.51171875 0.0203125 0.07109375
0 0.0921875 0.5125 0.021875 0.07109375
0 0.11796875 0.51015625 0.021875 0.0765625
0 0.1421875 0.5125 0.021875 0.075
0 0.165625 0.51328125 0.01953125 0.075
0 0.1921875 0.51171875 0.025 0.0671875
0 0.21875 0.51171875 0.02265625 0.071875
0 0.2640625 0.5125 0.0609375 0.07265625
0 0.77734375 0.415625 0.08828125 0.06875
0 0.68828125 0.41640625 0.08515625 0.06796875
0 0.615625 0.415625 0.04765625 0.06875
0 0.55859375 0.41953125 0.040625 0.0734375
0 0.1890625 0.12734375 0.0390625 0.02734375
0 0.23046875 0.12890625 0.0390625 0.02734375
0 0.271875 0.12890625 0.03828125 0.02578125
0 0.31328125 0.1296875 0.03828125 0.0265625
0 0.35390625 0.13046875 0.0359375 0.02734375
0 0.39375 0.13125 0.03203125 0.025
0 0.18671875 0.0984375 0.03828125 0.02890625
0 0.22734375 0.09765625 0.0390625 0.028125
0 0.0203125 0.1359375 0.040625 0.07265625
0 0.31640625 0.1578125 0.0375 0.028125
0 0.02734375 0.42109375 0.04453125 0.06328125
0 0.16328125 0.41953125 0.05859375 0.0640625
0 0.22890625 0.421875 0.03828125 0.0578125
0 0.2671875 0.4234375 0.03515625 0.05625
0 0.30859375 0.41796875 0.034375 0.071875
0 0.3484375 0.41875 0.0375 0.0703125
0 0.378125 0.41796875 0.0140625 0.06640625
0 0.41484375 0.41953125 0.04609375 0.06875
0 0.4546875 0.41640625 0.0265625 0.065625
0 0.51015625 0.41796875 0.0453125 0.06875
0 0.0890625 0.41953125 0.0765625 0.06015625
0 0.8859375 0.4296875 0.0359375 0.04453125
0 0.96328125 0.4359375 0.03671875 0.02265625
0 0.7359375 0.1453125 0.04921875 0.0484375
0 0.9265625 0.61328125 0.040625 0.06796875
0 0.88671875 0.61796875 0.03515625 0.03984375
0 0.84375 0.609375 0.04375 0.071875
0 0.7859375 0.60546875 0.05 0.0734375
0 0.7375 0.6078125 0.0421875 0.0796875
0 0.69609375 0.6078125 0.03671875 0.08046875
0 0.97265625 0.6125 0.04296875 0.06953125
0 0.64296875 0.60859375 0.0625 0.078125
0 0.5171875 0.60625 0.05234375 0.075
0 0.46015625 0.60703125 0.05703125 0.075
0 0.3984375 0.6078125 0.05859375 0.07578125
0 0.32578125 0.60859375 0.06953125 0.0734375
0 0.2546875 0.6078125 0.06875 0.071875
0 0.2 0.609375 0.02890625 0.0765625
0 0.57578125 0.60703125 0.0609375 0.07578125
0 0.16328125 0.6109375 0.0265625 0.075
0 0.04296875 0.771875 0.0859375 0.03125
0 0.0390625 0.7046875 0.07734375 0.0328125
0 0.9484375 0.73671875 0.06796875 0.096875
0 0.86953125 0.7359375 0.0703125 0.1015625
0 0.7953125 0.73515625 0.06953125 0.10390625
0 0.72421875 0.73671875 0.06796875 0.1015625
0 0.6578125 0.7375 0.0625 0.1
0 0.58984375 0.7375 0.065625 0.103125
0 0.03984375 0.740625 0.0796875 0.028125
0 0.525 0.73671875 0.059375 0.10625
0 0.34609375 0.74453125 0.065625 0.0890625
0 0.290625 0.73125 0.04140625 0.1046875
0 0.2375 0.728125 0.05859375 0.10234375
0 0.1296875 0.70546875 0.096875 0.03671875
0 0.1375 0.740625 0.0984375 0.028125
0 0.1421875 0.7734375 0.1015625 0.02890625
0 0.4046875 0.73828125 0.04140625 0.08984375
0 0.13515625 0.6109375 0.025 0.07578125
0 0.4609375 0.7375 0.06484375 0.10625
0 0.02578125 0.59296875 0.0515625 0.0234375
0 0.090625 0.61015625 0.02890625 0.07890625
0 0.14921875 0.1453125 0.03203125 0.05390625
0 0.109375 0.146875 0.03671875 0.053125
0 0.35390625 0.5109375 0.0515625 0.065625
0 0.41171875 0.51796875 0.040625 0.06640625
0 0.06640625 0.13515625 0.0453125 0.07109375
0 0.45 0.51640625 0.03046875 0.06640625
0 0.4875 0.5125 0.03515625 0.071875
0 0.53046875 0.5109375 0.03828125 0.07265625
0 0.575 0.515625 0.04296875 0.0625
0 0.6203125 0.515625 0.0390625 0.0625
0 0.66640625 0.515625 0.04375 0.059375
0 0.7109375 0.515625 0.040625 0.06171875
0 0.79140625 0.14375 0.05078125 0.04921875
0 0.79296875 0.5203125 0.0359375 0.0546875
0 0.7546875 0.51875 0.03515625 0.05703125
0 0.88671875 0.48828125 0.03125 0.03828125
0 0.9234375 0.48984375 0.03125 0.03515625
0 0.80546875 0.48125 0.03125 0.0171875
0 0.9859375 0.5234375 0.028125 0.04921875
0 0.85 0.4890625 0.03359375 0.0359375
0 0.95390625 0.52421875 0.02734375 0.0484375
0 0.91796875 0.52734375 0.03359375 0.0375
0 0.88046875 0.52578125 0.03046875 0.03515625
0 0.84140625 0.528125 0.0359375 0.03671875
0 0.02734375 0.61640625 0.0546875 0.0203125
0 0.0296875 0.6390625 0.059375 0.021875