0 0.5453125 0.2078125 0.034375 0.06171875
0 0.515625 0.19453125 0.0234375 0.08359375
0 0.4953125 0.2109375 0.015625 0.05546875
0 0.465625 0.196875 0.0375 0.08125
0 0.43203125 0.20859375 0.02421875 0.08125
0 0.40625 0.2078125 0.02109375 0.0796875
0 0.38125 0.21875 0.02421875 0.05546875
0 0.34296875 0.20546875 0.02890625 0.08125
0 0.3125 0.203125 0.025 0.0828125
0 0.0703125 0.7046875 0.06328125 0.0140625
0 0.615625 0.2 0.025 0.0328125
0 0.6453125 0.1921875 0.02265625 0.03828125
0 0.4375 0.6765625 0.02734375 0.0109375
0 0.5234375 0.6953125 0.01875 0.05
0 0.48671875 0.69140625 0.02734375 0.05234375
0 0.43828125 0.70078125 0.02421875 0.01328125
0 0.40859375 0.69609375 0.0234375 0.015625
0 0.06171875 0.76015625 0.06640625 0.0640625
0 0.784375 0.1296875 0.02734375 0.0984375
0 0.75546875 0.13203125 0.02578125 0.0953125
0 0.409375 0.6765625 0.0203125 0.0203125
0 0.04375 0.64921875 0.07890625 0.05078125
0 0.040625 0.59765625 0.08125 0.0421875
0 0.6390625 0.16015625 0.03828125 0.01640625
0 0.715625 0.1390625 0.0484375 0.10703125
0 0.06953125 0.69140625 0.06171875 0.01171875
0 0.140625 0.7484375 0.08046875 0.06953125
0 0.584375 0.78359375 0.01484375 0.09609375
0 0.20703125 0.71953125 0.02265625 0.08046875
0 0.8453125 0.1234375 0.02265625 0.06640625
0 0.25390625 0.2046875 0.03046875 0.08359375
0 0.215625 0.19296875 0.03984375 0.0984375
0 0.16640625 0.19375 0.0484375 0.0953125
0 0.12109375 0.1953125 0.04609375 0.0875
0 0.07421875 0.1875 0.04609375 0.10546875
0 0.03671875 0.1953125 0.02890625 0.07890625
0 0.97109375 0.97265625 0.0578125 0.0546875
0 0.90859375 0.940625 0.03515625 0.115625
0 0.86953125 0.91015625 0.034375 0.11328125
0 0.7703125 0.91953125 0.040625 0.11796875
0 0.72890625 0.88515625 0.0390625 0.140625
0 0.15234375 0.69140625 0.07890625 0.01796875
0 0.6921875 0.8484375 0.03125 0.12578125
0 0.6140625 0.81796875 0.03359375 0.13515625
0 0.2875 0.2015625 0.028125 0.0796875
0 0.553125 0.78828125 0.04140625 0.0984375
0 0.5203125 0.775 0.01328125 0.10234375
0 0.48828125 0.77265625 0.02265625 0.05859375
0 0.459375 0.76796875 0.01796875 0.0578125
0 0.44375 0.76171875 0.0109375 0.05546875
0 0.42265625 0.76328125 0.01875 0.05859375
0 0.37421875 0.7578125 0.04765625 0.05859375
0 0.31640625 0.7390625 0.05 0.0625
0 0.25703125 0.68828125 0.0578125 0.01484375
0 0.25390625 0.746875 0.05546875 0.065625
0 0.65078125 0.8421875 0.03359375 0.10703125
0 0.97265625 0.10625 0.04375 0.04765625
0 0.4390625 0.6875 0.02734375 0.0109375
0 0.05078125 0.31640625 0.04375 0.0640625
0 0.26328125 0.43359375 0.03671875 0.04609375
0 0.2265625 0.44296875 0.0328125 0.0234375
0 0.18046875 0.446875 0.046875 0.01953125
0 0.1796875 0.42578125 0.04140625 0.01796875
0 0.13828125 0.434375 0.03203125 0.04140625
0 0.56015625 0.31484375 0.03125 0.06953125
0 0.83203125 0.2546875 0.0609375 0.1390625
0 0.90078125 0.259375 0.05703125 0.12109375
0 0.96796875 0.23828125 0.0640625 0.15546875
0 0.2203125 0.54296875 0.028125 0.04921875
0 0.25390625 0.540625 0.02734375 0.046875
0 0.2984375 0.5390625 0.05859375 0.05390625
0 0.3 0.48828125 0.05703125 0.0421875
0 0.3453125 0.53359375 0.02265625 0.06484375
0 0.3859375 0.56015625 0.05078125 0.0109375
0 0.38984375 0.55078125 0.04296875 0.00859375
0 0.38828125 0.53359375 0.05546875 0.0125
0 0.38984375 0.54296875 0.05078125 0.00703125
0 0.5234375 0.4421875 0.0265625 0.06484375
0 0.43984375 0.534375 0.0203125 0.065625
0 0.46171875 0.540625 0.01796875 0.059375
0 0.47890625 0.55078125 0.01640625 0.04140625
0 0.50390625 0.53515625 0.025 0.0828125
0 0.259375 0.39140625 0.03671875 0.03671875
0 0.29453125 0.42421875 0.021875 0.06171875
0 0.6078125 0.29140625 0.04140625 0.1078125
0 0.64375 0.2890625 0.03125 0.10703125
0 0.559375 0.4125 0.0375 0.1078125
0 0.5921875 0.41328125 0.021875 0.1078125
0 0.61953125 0.41796875 0.02890625 0.10625
0 0.659375 0.4203125 0.034375 0.115625
0 0.01484375 0.31171875 0.02578125 0.0703125
0 0.4953125 0.44296875 0.0234375 0.065625
0 0.47109375 0.4375 0.01640625 0.07734375
0 0.446875 0.434375 0.025 0.07890625
0 0.4140625 0.43515625 0.02578125 0.07578125
0 0.38125 0.39765625 0.0375 0.04296875
0 0.37734375 0.43828125 0.03671875 0.034375
0 0.5328125 0.546875 0.02109375 0.065625
0 0.34296875 0.4234375 0.0296875 0.06015625
0 0.73515625 0.4109375 0.05546875 0.13671875
0 0.815625 0.41171875 0.0625 0.14765625
0 0.890625 0.4421875 0.06484375 0.090625
0 0.97109375 0.41875 0.05703125 0.14921875
0 0.0828125 0.49765625 0.04296875 0.05078125
0 0.0828125 0.54921875 0.06796875 0.04296875
0 0.14140625 0.53984375 0.03828125 0.05234375
0 0.18203125 0.54140625 0.0390625 0.0515625
0 0.48671875 0.26796875 0.0296875 0.0078125
0 0.48515625 0.2859375 0.0328125 0.0265625
0 0.44921875 0.284375 0.0375 0.03046875
0 0.315625 0.4296875 0.01875 0.05078125
0 0.56328125 0.53359375 0.02890625 0.0984375
0 0.42265625 0.53203125 0.0140625 0.06640625
0 0.6359375 0.54140625 0.0203125 0.0984375
0 0.778125 0.74609375 0.05234375 0.1125
0 0.72734375 0.709375 0.03828125 0.128125
0 0.68828125 0.69921875 0.03359375 0.13359375
0 0.60078125 0.5375 0.03984375 0.09375
0 0.63125 0.671875 0.0140625 0.096875
0 0.60390625 0.67109375 0.03125 0.1
0 0.5734375 0.6609375 0.0234375 0.10078125
0 0.53203125 0.628125 0.0296875 0.0453125
0 0.5015625 0.625 0.02890625 0.0484375
0 0.4765625 0.6234375 0.01796875 0.04375
0 0.4578125 0.61640625 0.01484375 0.05859375
0 0.334375 0.31484375 0.03203125 0.0765625
0 0.41015625 0.61640625 0.02734375 0.04921875
0 0.26640625 0.6390625 0.05859375 0.0515625
0 0.19921875 0.625 0.0328125 0.0703125
0 0.140625 0.64140625 0.08125 0.03515625
0 0.29921875 0.315625 0.03515625 0.06953125
0 0.25546875 0.33046875 0.0375 0.04296875
0 0.21953125 0.3296875 0.0234375 0.0421875
0 0.23671875 0.278125 0.02890625 0.05546875
0 0.19296875 0.31796875 0.0234375 0.06796875
0 0.16015625 0.3140625 0.0359375 0.07421875
0 0.11953125 0.31484375 0.03046875 0.0734375
0 0.0890625 0.3109375 0.02734375 0.078125
0 0.340625 0.640625 0.08125 0.05234375
0 0.36875 0.328125 0.028125 0.05078125
0 0.6578125 0.684375 0.03046875 0.115625
0 0.43203125 0.34765625 0.02890625 0.059375
0 0.659375 0.55390625 0.01796875 0.10859375
0 0.68828125 0.56015625 0.03515625 0.103125
0 0.7328125 0.571875 0.03359375 0.12578125
0 0.7765625 0.5796875 0.03984375 0.121875
0 0.821875 0.58671875 0.03828125 0.13671875
0 0.86953125 0.5921875 0.05078125 0.13984375
0 0.40390625 0.34921875 0.02109375 0.05078125
0 0.95078125 0.784375 0.0765625 0.13203125
0 0.89140625 0.7765625 0.04296875 0.146875
0 0.83671875 0.75234375 0.059375 0.115625
0 0.72890625 0.30078125 0.046875 0.06875
0 0.746875 0.2265625 0.08359375 0.06796875
0 0.9515625 0.6 0.0640625 0.1421875
0 0.52265625 0.290625 0.03359375 0.009375
0 0.525 0.28046875 0.03828125 0.01015625
0 0.52890625 0.26796875 0.05078125 0.01015625
0 0.04140625 0.4203125 0.02890625 0.0703125
0 0.071875 0.425 0.0296875 0.0609375
0 0.46875 0.3453125 0.0359375 0.071875
0 0.49765625 0.34765625 0.02109375 0.06171875
0 0.52265625 0.34296875 0.03046875 0.07265625
0 0.109375 0.43125 0.02578125 0.0484375
0 0.68046875 0.2796875 0.0375 0.11796875