0 0.7421875 0.23828125 0.08984375 0.0390625
0 0.73828125 0.284375 0.09765625 0.04296875
0 0.646875 0.2859375 0.07890625 0.040625
0 0.56171875 0.28515625 0.07890625 0.04375
0 0.4734375 0.28125 0.07734375 0.03984375
0 0.3890625 0.28203125 0.08515625 0.0390625
0 0.303125 0.28203125 0.08359375 0.03125
0 0.2234375 0.278125 0.0546875 0.03671875
0 0.05859375 0.2765625 0.0765625 0.034375
0 0.14921875 0.278125 0.08671875 0.03671875
0 0.89609375 0.1765625 0.0921875 0.0390625
0 0.81875 0.13359375 0.08359375 0.0375
0 0.72578125 0.13203125 0.09765625 0.0375
0 0.72734375 0.08984375 0.08671875 0.0390625
0 0.465625 0.140625 0.07578125 0.015625
0 0.29296875 0.128125 0.090625 0.0421875
0 0.15859375 0.2421875 0.08984375 0.0296875
0 0.80546875 0.1765625 0.07734375 0.040625
0 0.0625 0.23671875 0.0890625 0.0453125
0 0.3875 0.13203125 0.08203125 0.0328125
0 0.64921875 0.246875 0.08828125 0.0375
0 0.38046875 0.675 0.075 0.034375
0 0.30078125 0.6875 0.08046875 0.040625
0 0.3015625 0.7265625 0.08046875 0.0328125
0 0.21875 0.72578125 0.07890625 0.04140625
0 0.14140625 0.684375 0.07265625 0.040625
0 0.1328125 0.72734375 0.0859375 0.0375
0 0.04609375 0.73046875 0.075 0.0359375
0 0.5546875 0.56875 0.09765625 0.03125
0 0.72265625 0.1765625 0.084375 0.0390625
0 0.02265625 0.14296875 0.040625 0.09296875
0 0.13203125 0.15 0.05078125 0.0921875
0 0.2015625 0.171875 0.08046875 0.04453125
0 0.28515625 0.171875 0.0765625 0.04375
0 0.37265625 0.17265625 0.09296875 0.040625
0 0.4578125 0.175 0.07578125 0.04375
0 0.3671875 0.4 0.07421875 0.04140625
0 0.54296875 0.178125 0.08671875 0.034375
0 0.6359375 0.1734375 0.08515625 0.040625
0 0.07578125 0.14453125 0.05703125 0.08984375
0 0.559375 0.24609375 0.0765625 0.03046875
0 0.47734375 0.2453125 0.08046875 0.028125
0 0.63125 0.87109375 0.08046875 0.040625
0 0.63125 0.496875 0.08046875 0.0453125
0 0.55234375 0.5 0.0734375 0.040625
0 0.48359375 0.465625 0.06171875 0.0328125
0 0.4078125 0.471875 0.08125 0.034375
0 0.47109375 0.51953125 0.078125 0.028125
0 0.39453125 0.51171875 0.06796875 0.0390625
0 0.31640625 0.51328125 0.0828125 0.0375
0 0.234375 0.5125 0.08515625 0.03515625
0 0.14765625 0.5140625 0.0828125 0.0390625
0 0.06015625 0.515625 0.0875 0.0375
0 0.23125 0.47109375 0.07890625 0.03984375
0 0.153125 0.4703125 0.06640625 0.04140625
0 0.2890625 0.35859375 0.090625 0.034375
0 0.38046875 0.36171875 0.06796875 0.0328125
0 0.459375 0.359375 0.0890625 0.0359375
0 0.54453125 0.3625 0.08046875 0.034375
0 0.6171875 0.36171875 0.06171875 0.0328125
0 0.7125 0.36171875 0.0828125 0.034375
0 0.77734375 0.36484375 0.046875 0.0296875
0 0.78515625 0.403125 0.078125 0.03359375
0 0.7 0.40078125 0.07890625 0.0390625
0 0.621875 0.40234375 0.0765625 0.0421875
0 0.53828125 0.40234375 0.08203125 0.04375
0 0.3953125 0.24296875 0.08203125 0.03125
0 0.1125 0.37421875 0.05078125 0.059375
0 0.0421875 0.359375 0.08203125 0.03984375
0 0.04375 0.3984375 0.08359375 0.034375
0 0.21015625 0.4 0.0734375 0.0421875
0 0.28984375 0.40078125 0.075 0.0390625
0 0.753125 0.475 0.1515625 0.03359375
0 0.75390625 0.51953125 0.16484375 0.0390625
0 0.87578125 0.4734375 0.06796875 0.053125
0 0.95390625 0.47265625 0.07734375 0.0578125
0 0.71015625 0.86953125 0.075 0.0421875
0 0.79375 0.86953125 0.075 0.0375
0 0.796875 0.828125 0.08203125 0.034375
0 0.79375 0.7875 0.075 0.03671875
0 0.68984375 0.79609375 0.071875 0.0328125
0 0.61484375 0.796875 0.07578125 0.0296875
0 0.54921875 0.79765625 0.06015625 0.0359375
0 0.47109375 0.83203125 0.07734375 0.0390625
0 0.38984375 0.7890625 0.071875 0.0328125
0 0.98359375 0.31953125 0.0328125 0.0609375
0 0.93515625 0.3203125 0.06171875 0.05625
0 0.87734375 0.3171875 0.05 0.0625
0 0.95703125 0.846875 0.0828125 0.07890625
0 0.8765625 0.8453125 0.0734375 0.08125
0 0.4609375 0.678125 0.07421875 0.034375
0 0.6453125 0.57421875 0.0796875 0.034375
0 0.94921875 0.5828125 0.071875 0.06015625
0 0.94140625 0.6359375 0.08515625 0.0421875
0 0.86796875 0.6265625 0.05546875 0.0578125
0 0.79765625 0.615625 0.08359375 0.040625
0 0.7140625 0.61171875 0.0703125 0.0375
0 0.63671875 0.61640625 0.078125 0.0390625
0 0.55546875 0.615625 0.07109375 0.0390625
0 0.4703125 0.61484375 0.08359375 0.0359375
0 0.3859375 0.6140625 0.07421875 0.0328125
0 0.30078125 0.61640625 0.09140625 0.04375
0 0.296875 0.571875 0.1 0.040625
0 0.13125 0.575 0.09609375 0.03984375
0 0.13203125 0.6171875 0.084375 0.0375
0 0.046875 0.61328125 0.0765625 0.040625
0 0.85234375 0.56484375 0.06484375 0.046875
0 0.534375 0.6828125 0.0703125 0.040625
0 0.45234375 0.4015625 0.08515625 0.03828125
0 0.6890625 0.675 0.06640625 0.028125
0 0.3875 0.87265625 0.07421875 0.0390625
0 0.46875 0.8734375 0.08046875 0.0359375
0 0.55078125 0.871875 0.07734375 0.0375
0 0.30703125 0.87109375 0.07890625 0.0421875
0 0.31328125 0.8 0.06796875 0.025
0 0.2421875 0.77265625 0.10078125 0.02265625
0 0.225 0.8734375 0.08515625 0.040625
0 0.2265625 0.8296875 0.08203125 0.0390625
0 0.61171875 0.6828125 0.08203125 0.0375
0 0.034375 0.8484375 0.0609375 0.1
0 0.76484375 0.6703125 0.078125 0.0203125
0 0.76953125 0.70703125 0.07109375 0.04375
0 0.12421875 0.85625 0.11015625 0.0859375
0 0.69765625 0.71328125 0.06328125 0.0296875
0 0.3828125 0.72890625 0.06640625 0.040625
0 0.5453125 0.72421875 0.0671875 0.0328125
0 0.4671875 0.72734375 0.0765625 0.0390625
0 0.6203125 0.7203125 0.0765625 0.0390625