0 0.24140625 0.28984375 0.09453125 0.03984375
0 0.7203125 0.6921875 0.0578125 0.0359375
0 0.78203125 0.69140625 0.05703125 0.03671875
0 0.85234375 0.69375 0.078125 0.0390625
0 0.934375 0.69375 0.0765625 0.0328125
0 0.03359375 0.7625 0.04921875 0.0453125
0 0.08671875 0.7640625 0.04453125 0.04609375
0 0.1453125 0.34921875 0.0890625 0.0421875
0 0.93046875 0.6546875 0.078125 0.03359375
0 0.06640625 0.3953125 0.06640625 0.0328125
0 0.83984375 0.29296875 0.0359375 0.03046875
0 0.09140625 0.8078125 0.0453125 0.040625
0 0.03828125 0.80859375 0.06171875 0.040625
0 0.1734375 0.75859375 0.109375 0.0375
0 0.17421875 0.8015625 0.10078125 0.03203125
0 0.275 0.8015625 0.09375 0.03984375
0 0.27890625 0.74921875 0.090625 0.03984375
0 0.065625 0.36875 0.0671875 0.01953125
0 0.8484375 0.65078125 0.0765625 0.040625
0 0.77890625 0.65 0.05859375 0.04453125
0 0.7140625 0.65078125 0.06484375 0.0421875
0 0.9703125 0.59375 0.059375 0.0359375
0 0.01171875 0.64296875 0.0234375 0.05
0 0.0484375 0.690625 0.0484375 0.0421875
0 0.0953125 0.68671875 0.04765625 0.0484375
0 0.16875 0.65 0.08984375 0.04140625
0 0.17109375 0.690625 0.09609375 0.03828125
0 0.26953125 0.68828125 0.09375 0.040625
0 0.35390625 0.6921875 0.0625 0.0359375
0 0.35078125 0.65625 0.0625 0.03125
0 0.4125 0.65703125 0.05703125 0.0328125
0 0.41171875 0.69375 0.05078125 0.0375
0 0.4765625 0.69609375 0.0640625 0.03671875
0 0.47734375 0.6578125 0.0671875 0.034375
0 0.55390625 0.65625 0.0765625 0.03984375
0 0.634375 0.6546875 0.0828125 0.0421875
0 0.6359375 0.69453125 0.08515625 0.03359375
0 0.5515625 0.69375 0.08359375 0.0328125
0 0.353125 0.75546875 0.05234375 0.04140625
0 0.3515625 0.80234375 0.0515625 0.0453125
0 0.4140625 0.803125 0.06015625 0.0421875
0 0.41640625 0.75546875 0.06015625 0.0515625
0 0.88671875 0.24453125 0.0578125 0.02734375
0 0.8359375 0.24375 0.0390625 0.02578125
0 0.78515625 0.29375 0.06328125 0.0359375
0 0.721875 0.29375 0.05859375 0.0359375
0 0.78125 0.253125 0.0640625 0.04140625
0 0.7140625 0.253125 0.0640625 0.04453125
0 0.62421875 0.29609375 0.05234375 0.0296875
0 0.57109375 0.2953125 0.04765625 0.03125
0 0.5265625 0.2953125 0.03828125 0.0390625
0 0.47890625 0.29609375 0.04921875 0.03515625
0 0.47890625 0.26171875 0.053125 0.03203125
0 0.42890625 0.26171875 0.04375 0.0328125
0 0.42734375 0.29453125 0.04765625 0.034375
0 0.37578125 0.2953125 0.05234375 0.0359375
0 0.37734375 0.26015625 0.0546875 0.03046875
0 0.31953125 0.2953125 0.0546875 0.03359375
0 0.321875 0.26171875 0.053125 0.0328125
0 0.94609375 0.24296875 0.053125 0.02265625
0 0.90625 0.59453125 0.06328125 0.0359375
0 0.83828125 0.26796875 0.03359375 0.01953125
0 0.94765625 0.27109375 0.05703125 0.02421875
0 0.484375 0.74765625 0.0578125 0.04296875
0 0.46953125 0.80078125 0.04609375 0.03984375
0 0.5265625 0.8 0.05625 0.04609375
0 0.53828125 0.7515625 0.04375 0.04375
0 0.59375 0.75390625 0.0625 0.04375
0 0.60390625 0.79921875 0.09140625 0.034375
0 0.6890625 0.8 0.07265625 0.03828125
0 0.696875 0.759375 0.0859375 0.040625
0 0.76484375 0.759375 0.046875 0.0359375
0 0.76875 0.8015625 0.07578125 0.0390625
0 0.83203125 0.7671875 0.053125 0.0390625
0 0.8953125 0.765625 0.065625 0.04375
0 0.83671875 0.80703125 0.05234375 0.0359375
0 0.890625 0.29765625 0.05546875 0.02890625
0 0.94921875 0.29921875 0.06015625 0.0296875
0 0.990625 0.30078125 0.01796875 0.028125
0 0.9890625 0.271875 0.02109375 0.02578125
0 0.88515625 0.27109375 0.0578125 0.02421875
0 0.84453125 0.59375 0.059375 0.0359375
0 0.97109375 0.55546875 0.0578125 0.0359375
0 0.9078125 0.55859375 0.065625 0.0296875
0 0.365625 0.45703125 0.05859375 0.03828125
0 0.42109375 0.45859375 0.05078125 0.03828125
0 0.47890625 0.4578125 0.05546875 0.040625
0 0.31015625 0.4953125 0.0515625 0.0359375
0 0.365625 0.49453125 0.0515625 0.03828125
0 0.41796875 0.4953125 0.04765625 0.034375
0 0.4765625 0.496875 0.06015625 0.03515625
0 0.5421875 0.45234375 0.065625 0.04453125
0 0.6140625 0.44921875 0.071875 0.04609375
0 0.6890625 0.4546875 0.07265625 0.0421875
0 0.69140625 0.428125 0.0734375 0.01015625
0 0.7703125 0.453125 0.078125 0.03984375
0 0.70078125 0.49609375 0.0828125 0.03984375
0 0.78046875 0.49453125 0.071875 0.040625
0 0.615625 0.49375 0.06953125 0.0390625
0 0.54453125 0.49453125 0.0703125 0.0359375
0 0.853125 0.49453125 0.06640625 0.03984375
0 0.3078125 0.4578125 0.053125 0.03671875
0 0.91484375 0.49453125 0.05625 0.03984375
0 0.14140625 0.49140625 0.096875 0.0375
0 0.23515625 0.45234375 0.09140625 0.040625
0 0.70625 0.3390625 0.0734375 0.028125
0 0.70546875 0.36640625 0.0703125 0.0265625
0 0.709375 0.39609375 0.0765625 0.03125
0 0.7828125 0.33515625 0.0734375 0.03046875
0 0.78359375 0.3671875 0.071875 0.02734375
0 0.78203125 0.396875 0.0625 0.0296875
0 0.8453125 0.35 0.0421875 0.04453125
0 0.89140625 0.35390625 0.04765625 0.03828125
0 0.9359375 0.35859375 0.03359375 0.03125
0 0.97734375 0.3515625 0.04375 0.04765625
0 0.84296875 0.3953125 0.040625 0.040625
0 0.88984375 0.39375 0.04921875 0.040625
0 0.93515625 0.39453125 0.0359375 0.04140625
0 0.978125 0.39609375 0.04375 0.0359375
0 0.06015625 0.4453125 0.05703125 0.05078125
0 0.0484375 0.49375 0.08125 0.04296875
0 0.13671875 0.4515625 0.08671875 0.040625
0 0.2359375 0.4921875 0.090625 0.0375
0 0.24921875 0.2484375 0.08828125 0.04453125
0 0.97265625 0.4953125 0.0546875 0.03828125
0 0.9140625 0.45703125 0.0671875 0.03515625
0 0.640625 0.36015625 0.0578125 0.034375
0 0.578125 0.35859375 0.06484375 0.03203125
0 0.51796875 0.35859375 0.05703125 0.03359375
0 0.46328125 0.3953125 0.05078125 0.0328125
0 0.40625 0.39609375 0.0546875 0.0328125
0 0.3515625 0.3953125 0.05234375 0.03046875
0 0.3 0.3953125 0.0484375 0.03203125
0 0.46015625 0.36171875 0.05390625 0.0296875
0 0.4046875 0.36171875 0.0484375 0.03125
0 0.353125 0.3640625 0.0515625 0.03203125
0 0.30234375 0.36171875 0.04453125 0.0328125
0 0.23125 0.390625 0.08515625 0.0375
0 0.2359375 0.34921875 0.0890625 0.03984375
0 0.14453125 0.390625 0.08984375 0.03828125
0 0.72265625 0.55703125 0.059375 0.0296875
0 0.7828125 0.55625 0.05859375 0.0296875
0 0.8421875 0.55625 0.0578125 0.0359375
0 0.51640625 0.39453125 0.0578125 0.03515625
0 0.8484375 0.45546875 0.0609375 0.0375
0 0.7828125 0.5921875 0.05859375 0.0375
0 0.64765625 0.59140625 0.0953125 0.0359375
0 0.97578125 0.4578125 0.0484375 0.03671875
0 0.03984375 0.54765625 0.046875 0.04453125
0 0.09453125 0.5453125 0.0578125 0.04921875
0 0.17578125 0.55234375 0.09765625 0.03515625
0 0.16796875 0.5921875 0.09765625 0.040625
0 0.0921875 0.59140625 0.053125 0.040625
0 0.03984375 0.590625 0.0484375 0.0390625
0 0.2796875 0.55078125 0.0984375 0.0375
0 0.35859375 0.5546875 0.0546875 0.03828125
0 0.41953125 0.5546875 0.05859375 0.03984375
0 0.46875 0.55 0.04453125 0.0359375
0 0.5328125 0.54609375 0.05546875 0.03515625
0 0.359375 0.59453125 0.05859375 0.03203125
0 0.415625 0.5921875 0.04921875 0.0359375
0 0.46640625 0.59375 0.04609375 0.0359375
0 0.54375 0.58984375 0.10625 0.04296875
0 0.6328125 0.546875 0.09765625 0.0390625
0 0.725 0.5921875 0.05859375 0.0375
0 0.640625 0.3953125 0.0578125 0.034375
0 0.578125 0.39453125 0.0609375 0.03671875
0 0.15234375 0.246875 0.0875 0.03203125
0 0.74609375 0.09921875 0.05859375 0.03515625
0 0.8640625 0.0578125 0.05859375 0.04375
0 0.92734375 0.0609375 0.06328125 0.0359375
0 0.98125 0.06015625 0.0375 0.0359375
0 0.021875 0.13984375 0.04375 0.0421875
0 0.0734375 0.13984375 0.05546875 0.040625
0 0.1703125 0.153125 0.11640625 0.04609375
0 0.2921875 0.15859375 0.0921875 0.0375
0 0.28828125 0.2015625 0.10859375 0.04375
0 0.175 0.2015625 0.10859375 0.03984375
0 0.37421875 0.16015625 0.06875 0.0390625
0 0.44375 0.1609375 0.065625 0.03828125
0 0.57109375 0.18828125 0.05078125 0.06640625
0 0.62578125 0.175 0.0421875 0.090625
0 0.67578125 0.17578125 0.0546875 0.0890625
0 0.7328125 0.2 0.04921875 0.0359375
0 0.7875 0.2 0.0515625 0.03828125
0 0.80078125 0.1609375 0.02578125 0.0375
0 0.74765625 0.16015625 0.07734375 0.0359375
0 0.85546875 0.15 0.065625 0.0390625
0 0.9203125 0.15078125 0.0609375 0.040625
0 0.8015625 0.1 0.05234375 0.03671875
0 0.81484375 0.0578125 0.03125 0.0421875
0 0.75625 0.05703125 0.078125 0.0453125
0 0.6375 0.06015625 0.08203125 0.0359375
0 0.50234375 0.0984375 0.05703125 0.034375
0 0.5609375 0.09921875 0.0609375 0.03359375
0 0.5703125 0.065625 0.03046875 0.03203125
0 0.51484375 0.05859375 0.07265625 0.0421875
0 0.378125 0.09609375 0.05703125 0.0375
0 0.43828125 0.09921875 0.059375 0.034375
0 0.45 0.05859375 0.034375 0.04140625
0 0.33671875 0.05390625 0.03046875 0.040625
0 0.20859375 0.05703125 0.0328125 0.04296875
0 0.39375 0.05703125 0.071875 0.040625
0 0.9765625 0.15 0.046875 0.0375
0 0.3171875 0.0953125 0.0625 0.0390625
0 0.275 0.0515625 0.08828125 0.04375
0 0.15234375 0.05703125 0.078125 0.0390625
0 0.19765625 0.09609375 0.05546875 0.03359375
0 0.1421875 0.09609375 0.0515625 0.03359375
0 0.0734375 0.09375 0.0609375 0.03125
0 0.1515625 0.2875 0.07734375 0.04296875
0 0.07578125 0.05546875 0.06015625 0.03828125
0 0.61953125 0.1 0.05234375 0.0390625
0 0.678125 0.1 0.0625 0.0359375
0 0.69296875 0.0625 0.02578125 0.03828125
0 0.2578125 0.09375 0.0515625 0.0390625
0 0.8609375 0.190625 0.0546875 0.0390625
0 0.5109375 0.15859375 0.0671875 0.0359375
0 0.4390625 0.20234375 0.05078125 0.03828125
0 0.36328125 0.8359375 0.090625 0.01796875
0 0.253125 0.84921875 0.090625 0.0171875
0 0.40234375 0.9078125 0.02578125 0.0375
0 0.346875 0.9078125 0.08203125 0.0375
0 0.21640625 0.94296875 0.053125 0.040625
0 0.27265625 0.9453125 0.06171875 0.0375
0 0.2859375 0.9015625 0.03046875 0.04375
0 0.23125 0.9015625 0.07734375 0.04296875
0 0.50625 0.203125 0.0765625 0.0390625
0 0.1609375 0.94140625 0.053125 0.0390625
0 0.45390625 0.83828125 0.0765625 0.01875
0 0.1578125 0.89609375 0.05 0.0421875
0 0.0625 0.85703125 0.03359375 0.0515625
0 0.9609375 0.80703125 0.04609375 0.040625
0 0.9546875 0.7625 0.046875 0.03828125
0 0.89921875 0.8078125 0.06796875 0.0375
0 0.9765625 0.190625 0.046875 0.040625
0 0.8640625 0.09921875 0.06171875 0.03359375
0 0.928125 0.09921875 0.0609375 0.0328125
0 0.98046875 0.0984375 0.03828125 0.03359375
0 0.05859375 0.26015625 0.07578125 0.03125
0 0.06171875 0.29140625 0.07734375 0.03046875
0 0.10625 0.8859375 0.05078125 0.0234375
0 0.55 0.83828125 0.10390625 0.01875
0 0.11015625 0.93203125 0.046875 0.0625
0 0.46171875 0.90234375 0.07890625 0.0390625
0 0.68359375 0.85078125 0.0890625 0.0203125
0 0.92265625 0.19140625 0.05703125 0.03984375
0 0.8953125 0.9453125 0.11484375 0.03984375
0 0.89921875 0.9078125 0.121875 0.03125
0 0.8890625 0.8671875 0.11640625 0.04609375
0 0.01328125 0.925 0.0265625 0.0703125
0 0.05234375 0.92734375 0.05 0.071875
0 0.0171875 0.86015625 0.03046875 0.04765625
0 0.3328125 0.94453125 0.05546875 0.03515625
0 0.39140625 0.94453125 0.05625 0.034375
0 0.38125 0.203125 0.05625 0.04140625
0 0.50390625 0.94453125 0.0578125 0.0359375
0 0.4484375 0.94296875 0.0578125 0.03515625
0 0.5734375 0.903125 0.08203125 0.04453125
0 0.63046875 0.90390625 0.03125 0.04375
0 0.690625 0.8984375 0.0859375 0.04453125
0 0.68515625 0.86953125 0.0859375 0.01328125
0 0.515625 0.903125 0.02578125 0.03984375
0 0.6921875 0.94375 0.084375 0.0390625
0 0.5625 0.94609375 0.0515625 0.03984375
0 0.6140625 0.946875 0.05078125 0.040625
0 0.7859375 0.925 0.096875 0.04921875