0 0.81484375 0.159375 0.06640625 0.06015625
0 0.88515625 0.1625 0.059375 0.065625
0 0.1125 0.27890625 0.03359375 0.0671875
0 0.9625 0.090625 0.06484375 0.0703125
0 0.9515625 0.1640625 0.0703125 0.0625
0 0.74296875 0.1578125 0.06796875 0.065625
0 0.0421875 0.2703125 0.0609375 0.07890625
0 0.603125 0.1515625 0.05703125 0.065625
0 0.5375 0.1515625 0.06484375 0.0640625
0 0.471875 0.1484375 0.06640625 0.0625
0 0.40546875 0.14921875 0.0625 0.0609375
0 0.89296875 0.09140625 0.065625 0.0734375
0 0.66953125 0.1546875 0.071875 0.06171875
0 0.825 0.0890625 0.0609375 0.071875
0 0.5 0.89609375 0.05859375 0.06015625
0 0.6734375 0.084375 0.06796875 0.071875
0 0.60703125 0.08125 0.06328125 0.071875
0 0.5390625 0.08125 0.06484375 0.0734375
0 0.47578125 0.0796875 0.06328125 0.071875
0 0.40859375 0.08203125 0.059375 0.0703125
0 0.2671875 0.07109375 0.06484375 0.07109375
0 0.334375 0.071875 0.06484375 0.0734375
0 0.33515625 0.14296875 0.06484375 0.06875
0 0.26796875 0.140625 0.06328125 0.0671875
0 0.20859375 0.1484375 0.04921875 0.05
0 0.21171875 0.08828125 0.04609375 0.0671875
0 0.12734375 0.12109375 0.075 0.1
0 0.05546875 0.11640625 0.06953125 0.11015625
0 0.15703125 0.275 0.053125 0.0828125
0 0.75234375 0.0875 0.07578125 0.0703125
0 0.21640625 0.27578125 0.05625 0.08125
0 0.7984375 0.2734375 0.07265625 0.0375
0 0.33984375 0.28671875 0.06328125 0.0640625
0 0.975 0.9734375 0.04609375 0.053125
0 0.97421875 0.9109375 0.04765625 0.06328125
0 0.9203125 0.90859375 0.05390625 0.0671875
0 0.8625 0.90703125 0.05703125 0.065625
0 0.7984375 0.9046875 0.05703125 0.06875
0 0.7390625 0.9015625 0.05703125 0.0625
0 0.6765625 0.96953125 0.05859375 0.0609375
0 0.61640625 0.96796875 0.05625 0.0640625
0 0.559375 0.89765625 0.05546875 0.0640625
0 0.3921875 0.80234375 0.05234375 0.071875
0 0.4359375 0.9640625 0.06328125 0.06875
0 0.3765625 0.9578125 0.05703125 0.0796875
0 0.31796875 0.89140625 0.0515625 0.06640625
0 0.2046875 0.93515625 0.0421875 0.0609375
0 0.2609375 0.8953125 0.05703125 0.07109375
0 0.0234375 0.79296875 0.0453125 0.06875
0 0.028125 0.72265625 0.05625 0.0671875
0 0.02890625 0.625 0.05390625 0.08046875
0 0.03203125 0.5484375 0.0375 0.06875
0 0.0265625 0.453125 0.05078125 0.07578125
0 0.0265625 0.37734375 0.04921875 0.07421875
0 0.025 0.9578125 0.0484375 0.06875
0 0.93125 0.653125 0.06640625 0.06875
0 0.45390625 0.803125 0.0625 0.0703125
0 0.45546875 0.73125 0.05390625 0.07109375
0 0.3953125 0.73125 0.0625 0.06640625
0 0.3328125 0.79765625 0.06328125 0.06796875
0 0.26953125 0.80078125 0.053125 0.07109375
0 0.0796875 0.796875 0.06484375 0.06484375
0 0.91953125 0.971875 0.06015625 0.05625
0 0.146875 0.7265625 0.06640625 0.06953125
0 0.85625 0.96953125 0.0578125 0.0609375
0 0.73828125 0.96796875 0.0578125 0.0640625
0 0.51328125 0.7359375 0.05703125 0.071875
0 0.57421875 0.8078125 0.05390625 0.07109375
0 0.63828125 0.8078125 0.06171875 0.0625
0 0.70546875 0.7390625 0.0703125 0.06796875
0 0.77265625 0.7421875 0.06171875 0.0734375
0 0.83828125 0.81640625 0.06015625 0.07421875
0 0.9109375 0.81640625 0.0703125 0.0609375
0 0.97109375 0.746875 0.05546875 0.071875
0 0.975 0.8203125 0.04921875 0.06953125
0 0.9109375 0.7484375 0.06015625 0.075
0 0.84140625 0.746875 0.06953125 0.0625
0 0.76953125 0.815625 0.06953125 0.0703125
0 0.70078125 0.8109375 0.0609375 0.0765625
0 0.6375 0.7375 0.05859375 0.07421875
0 0.575 0.73515625 0.0609375 0.06953125
0 0.51484375 0.809375 0.05546875 0.065625
0 0.07890625 0.88515625 0.05546875 0.0671875
0 0.140625 0.95234375 0.05625 0.078125
0 0.07734375 0.95625 0.05546875 0.0671875
0 0.02421875 0.88671875 0.04609375 0.06875
0 0.20703125 0.87734375 0.04296875 0.05078125
0 0.2578125 0.96640625 0.06015625 0.0671875
0 0.3203125 0.959375 0.0546875 0.065625
0 0.38203125 0.88828125 0.0625 0.0546875
0 0.43984375 0.89375 0.05390625 0.0671875
0 0.496875 0.9640625 0.05546875 0.0703125
0 0.55625 0.96484375 0.05859375 0.0671875
0 0.62109375 0.90078125 0.06171875 0.06796875
0 0.68046875 0.9015625 0.05234375 0.0703125
0 0.79765625 0.9703125 0.0578125 0.059375
0 0.2109375 0.7265625 0.0609375 0.06875
0 0.21015625 0.79765625 0.06328125 0.0671875
0 0.1453125 0.79609375 0.059375 0.06875
0 0.3359375 0.4609375 0.05234375 0.06953125
0 0.275 0.459375 0.0609375 0.0703125
0 0.21171875 0.4578125 0.06328125 0.0734375
0 0.1453125 0.45546875 0.0625 0.0703125
0 0.08359375 0.4546875 0.059375 0.07109375
0 0.084375 0.38125 0.05859375 0.07109375
0 0.14453125 0.3828125 0.05859375 0.071875
0 0.209375 0.38359375 0.0609375 0.075
0 0.275 0.38671875 0.06484375 0.071875
0 0.3328125 0.3875 0.04453125 0.075
0 0.459375 0.39140625 0.06484375 0.07109375
0 0.52421875 0.39375 0.06015625 0.075
0 0.58828125 0.39375 0.06171875 0.07109375
0 0.6515625 0.3953125 0.06484375 0.06875
0 0.71953125 0.396875 0.0609375 0.06875
0 0.80078125 0.3984375 0.08671875 0.0671875
0 0.878125 0.40078125 0.0640625 0.0734375
0 0.93515625 0.40234375 0.04921875 0.06484375
0 0.72265625 0.309375 0.06875 0.0328125
0 0.7984375 0.309375 0.0734375 0.0328125
0 0.8703125 0.31328125 0.06875 0.034375
0 0.9453125 0.3140625 0.07578125 0.03203125
0 0.9453125 0.27734375 0.07109375 0.03671875
0 0.8734375 0.2765625 0.06953125 0.0359375
0 0.725 0.2734375 0.07265625 0.03671875
0 0.65 0.29609375 0.06796875 0.0609375
0 0.57421875 0.29296875 0.0765625 0.0640625
0 0.49609375 0.2921875 0.07421875 0.0671875
0 0.43046875 0.290625 0.053125 0.06484375
0 0.459375 0.4640625 0.06484375 0.06875
0 0.52421875 0.4671875 0.05859375 0.0703125
0 0.58828125 0.4671875 0.06015625 0.071875
0 0.653125 0.46796875 0.0609375 0.0765625
0 0.0859375 0.7265625 0.05546875 0.0703125
0 0.21328125 0.55859375 0.05546875 0.06875
0 0.1515625 0.63046875 0.06171875 0.071875
0 0.08828125 0.628125 0.06015625 0.07265625
0 0.08671875 0.55625 0.05390625 0.06875
0 0.15078125 0.559375 0.0625 0.0671875
0 0.21328125 0.6296875 0.05703125 0.071875
0 0.58046875 0.63984375 0.059375 0.0671875
0 0.51953125 0.63984375 0.05625 0.06796875
0 0.45859375 0.5640625 0.05390625 0.075
0 0.4 0.559375 0.05859375 0.06484375
0 0.334375 0.6328125 0.05625 0.071875
0 0.27578125 0.63203125 0.05859375 0.0703125
0 0.27421875 0.5609375 0.06015625 0.06640625
0 0.27734375 0.278125 0.05859375 0.08125
0 0.33671875 0.56015625 0.05546875 0.065625
0 0.45625 0.6375 0.0640625 0.06953125
0 0.51953125 0.565625 0.06015625 0.075
0 0.58203125 0.565625 0.0609375 0.078125
0 0.70234375 0.5609375 0.05078125 0.06015625
0 0.64375 0.56875 0.06015625 0.07265625
0 0.64296875 0.63984375 0.0609375 0.0703125
0 0.7078125 0.628125 0.05703125 0.0671875
0 0.78125 0.6421875 0.07421875 0.0828125
0 0.85625 0.6484375 0.07265625 0.06875
0 0.9328125 0.578125 0.08046875 0.0703125
0 0.9265625 0.475 0.04140625 0.071875
0 0.86796875 0.47421875 0.07265625 0.0703125
0 0.79453125 0.471875 0.065625 0.075
0 0.721875 0.4703125 0.0734375 0.071875
0 0.39375 0.63203125 0.05859375 0.0703125
0 0.27421875 0.7296875 0.06015625 0.06796875
0 0.334375 0.72890625 0.059375 0.0671875