0 0.98828125 0.8515625 0.0234375 0.046875
0 0.9890625 0.8015625 0.021875 0.053125
0 0.39453125 0.5421875 0.04921875 0.0375
0 0.6171875 0.33046875 0.08203125 0.01484375
0 0.6171875 0.3578125 0.08515625 0.03515625
0 0.0515625 0.01640625 0.09609375 0.03125
0 0.16484375 0.0171875 0.1171875 0.02890625
0 0.28671875 0.015625 0.11171875 0.0296875
0 0.38359375 0.01640625 0.0734375 0.03046875
0 0.4578125 0.015625 0.06015625 0.02890625
0 0.5234375 0.0140625 0.0640625 0.0265625
0 0.596875 0.01796875 0.0625 0.03125
0 0.68671875 0.0140625 0.09921875 0.02578125
0 0.8 0.01484375 0.10546875 0.0296875
0 0.89140625 0.015625 0.05703125 0.0296875
0 0.95703125 0.0140625 0.05859375 0.028125
0 0.0546875 0.07578125 0.10703125 0.0390625
0 0.05625 0.11171875 0.10625 0.0328125
0 0.0546875 0.1484375 0.096875 0.0390625
0 0.15703125 0.090625 0.0875 0.0734375
0 0.24765625 0.08984375 0.096875 0.075
0 0.15390625 0.14921875 0.09453125 0.0375
0 0.25 0.15 0.10078125 0.03671875
0 0.340625 0.096875 0.0578125 0.04609375
0 0.3984375 0.09609375 0.05703125 0.04765625
0 0.4609375 0.0953125 0.05703125 0.0484375
0 0.34296875 0.146875 0.06015625 0.04140625
0 0.4046875 0.146875 0.06328125 0.04375
0 0.70625 0.328125 0.0859375 0.01796875
0 0.79765625 0.32890625 0.084375 0.01640625
0 0.40078125 0.4984375 0.05546875 0.04453125
0 0.70703125 0.35703125 0.08828125 0.03515625
0 0.34453125 0.45078125 0.04609375 0.0359375
0 0.390625 0.4125 0.06015625 0.0359375
0 0.340625 0.41171875 0.03203125 0.034375
0 0.28828125 0.4109375 0.06875 0.0359375
0 0.28828125 0.4484375 0.0640625 0.03359375
0 0.2234375 0.45 0.0625 0.03828125
0 0.21640625 0.41015625 0.06953125 0.0359375
0 0.11015625 0.45 0.10546875 0.0390625
0 0.11484375 0.40859375 0.121875 0.03984375
0 0.01796875 0.40703125 0.0328125 0.03828125
0 0.02890625 0.4484375 0.0515625 0.04140625
0 0.9828125 0.3578125 0.03359375 0.0421875
0 0.46796875 0.146875 0.0609375 0.04375
0 0.45546875 0.5421875 0.06171875 0.03984375
0 0.58984375 0.50703125 0.08515625 0.0390625
0 0.525 0.546875 0.0734375 0.03203125
0 0.59765625 0.54765625 0.065625 0.03359375
0 0.66640625 0.5296875 0.0578125 0.034375
0 0.73515625 0.50390625 0.06875 0.03671875
0 0.73203125 0.53828125 0.06875 0.03203125
0 0.98671875 0.3078125 0.0265625 0.053125
0 0.94375 0.30625 0.05625 0.04765625
0 0.93046875 0.35390625 0.065625 0.0359375
0 0.86953125 0.353125 0.0546875 0.03984375
0 0.8828125 0.3078125 0.06484375 0.04375
0 0.78984375 0.35703125 0.0765625 0.03515625
0 0.515625 0.503125 0.06171875 0.03828125
0 0.3953125 0.4515625 0.05078125 0.0375
0 0.53984375 0.09765625 0.084375 0.0453125
0 0.7140625 0.0921875 0.08203125 0.04921875
0 0.65546875 0.259375 0.06328125 0.0375
0 0.734375 0.22578125 0.08359375 0.0171875
0 0.8140625 0.22578125 0.075 0.01640625
0 0.73359375 0.25703125 0.08125 0.03984375
0 0.815625 0.2578125 0.084375 0.03984375
0 0.8890625 0.20859375 0.06171875 0.053125
0 0.94765625 0.20703125 0.05390625 0.05078125
0 0.88984375 0.25546875 0.05625 0.0390625
0 0.94453125 0.25546875 0.0546875 0.03671875
0 0.9859375 0.253125 0.028125 0.0375
0 0.98671875 0.20625 0.0265625 0.046875
0 0.0328125 0.3359375 0.059375 0.06328125
0 0.09375 0.35 0.0625 0.03671875
0 0.1546875 0.35 0.06015625 0.0375
0 0.221875 0.3515625 0.07421875 0.03671875
0 0.29140625 0.35078125 0.065625 0.03671875
0 0.134375 0.3140625 0.0390625 0.03125
0 0.171875 0.3125 0.0390625 0.0359375
0 0.2203125 0.3125 0.05703125 0.03515625
0 0.28828125 0.31328125 0.07890625 0.03203125
0 0.353125 0.30859375 0.0515625 0.04296875
0 0.40859375 0.309375 0.05703125 0.04140625
0 0.35703125 0.353125 0.0484375 0.04296875
0 0.41015625 0.35390625 0.05625 0.0421875
0 0.46484375 0.35390625 0.05234375 0.04296875
0 0.5890625 0.26015625 0.0609375 0.0390625
0 0.5296875 0.25859375 0.05625 0.04140625
0 0.65703125 0.21875 0.06328125 0.03828125
0 0.5921875 0.21875 0.06015625 0.0359375
0 0.81640625 0.0875 0.10703125 0.05625
0 0.54609375 0.1453125 0.08203125 0.0453125
0 0.628125 0.14453125 0.08359375 0.04765625
0 0.71484375 0.14375 0.08671875 0.05
0 0.8109375 0.14296875 0.1015625 0.053125
0 0.9015625 0.09609375 0.05625 0.046875
0 0.9609375 0.0953125 0.05859375 0.04609375
0 0.89609375 0.14453125 0.0625 0.04375
0 0.9609375 0.14375 0.0671875 0.04453125
0 0.025 0.2234375 0.04765625 0.03125
0 0.0234375 0.25703125 0.04296875 0.03671875
0 0.07421875 0.2546875 0.06015625 0.04140625
0 0.62578125 0.0953125 0.0859375 0.05078125
0 0.140625 0.25546875 0.071875 0.040625
0 0.13828125 0.21328125 0.0578125 0.0375
0 0.20703125 0.215625 0.0734375 0.0359375
0 0.2078125 0.25703125 0.0578125 0.03671875
0 0.27265625 0.2578125 0.0734375 0.03515625
0 0.28046875 0.215625 0.0703125 0.0359375
0 0.3515625 0.21640625 0.05078125 0.0328125
0 0.3515625 0.25703125 0.06015625 0.03984375
0 0.41015625 0.25625 0.05625 0.03984375
0 0.46796875 0.25625 0.05859375 0.040625
0 0.409375 0.21328125 0.05546875 0.0375
0 0.46953125 0.2125 0.06328125 0.0390625
0 0.53203125 0.21796875 0.0578125 0.03828125
0 0.08125 0.2109375 0.0578125 0.04140625
0 0.44921875 0.45078125 0.05390625 0.0375
0 0.453125 0.40859375 0.0515625 0.0390625
0 0.52265625 0.4125 0.08203125 0.03828125
0 0.228125 0.8015625 0.13515625 0.05078125
0 0.2359375 0.85234375 0.13046875 0.0421875
0 0.36640625 0.8 0.13671875 0.046875
0 0.3734375 0.85234375 0.13515625 0.04375
0 0.48671875 0.80234375 0.08203125 0.05703125
0 0.4953125 0.85234375 0.08046875 0.03671875
0 0.56484375 0.7875 0.06875 0.0546875
0 0.659375 0.7984375 0.1140625 0.04921875
0 0.58125 0.85234375 0.08359375 0.0421875
0 0.6796875 0.85 0.1015625 0.04921875
0 0.76796875 0.79609375 0.09765625 0.053125
0 0.784375 0.8515625 0.090625 0.05390625
0 0.84609375 0.8015625 0.05703125 0.0421875
0 0.86875 0.8515625 0.0734375 0.0453125
0 0.94375 0.83359375 0.06171875 0.053125
0 0.91328125 0.78828125 0.06796875 0.03125
0 0.3203125 0.5421875 0.0890625 0.034375
0 0.16875 0.72578125 0.04296875 0.028125
0 0.12265625 0.72578125 0.0453125 0.03359375
0 0.078125 0.725 0.0421875 0.034375
0 0.11875 0.6875 0.04453125 0.03046875
0 0.07578125 0.68828125 0.03671875 0.03515625
0 0.028125 0.72421875 0.053125 0.03515625
0 0.0265625 0.6875 0.04921875 0.02734375
0 0.98359375 0.6359375 0.03203125 0.03828125
0 0.128125 0.8484375 0.059375 0.04375
0 0.1328125 0.7953125 0.053125 0.03984375
0 0.0625 0.815625 0.06875 0.04453125
0 0.0609375 0.85625 0.05625 0.0296875
0 0.17265625 0.68828125 0.04296875 0.03359375
0 0.2359375 0.70390625 0.0734375 0.0703125
0 0.31875 0.70625 0.084375 0.075
0 0.3921875 0.67734375 0.05078125 0.04453125
0 0.45 0.678125 0.0578125 0.04375
0 0.5078125 0.67890625 0.04765625 0.0421875
0 0.39375 0.72265625 0.053125 0.03984375
0 0.44921875 0.72265625 0.05390625 0.0375
0 0.50390625 0.721875 0.0546875 0.0390625
0 0.5625 0.67890625 0.06015625 0.04765625
0 0.565625 0.72421875 0.05625 0.0390625
0 0.634375 0.68203125 0.0734375 0.0421875
0 0.93671875 0.63671875 0.05859375 0.0359375
0 0.6296875 0.725 0.06953125 0.03984375
0 0.70703125 0.728125 0.07734375 0.0359375
0 0.79609375 0.69296875 0.07890625 0.03515625
0 0.7890625 0.73125 0.0796875 0.0328125
0 0.796875 0.66484375 0.0796875 0.0203125
0 0.87578125 0.6859375 0.0703125 0.04296875
0 0.87265625 0.72890625 0.065625 0.0375
0 0.9390625 0.68515625 0.05625 0.04375
0 0.984375 0.684375 0.03125 0.04375
0 0.93671875 0.72734375 0.05859375 0.03515625
0 0.98515625 0.7296875 0.0296875 0.034375
0 0.0140625 0.815625 0.025 0.04609375
0 0.015625 0.85703125 0.028125 0.03046875
0 0.71328125 0.68828125 0.08359375 0.03984375
0 0.88203125 0.6359375 0.05 0.0375
0 0.984375 0.59296875 0.03125 0.0453125
0 0.94140625 0.59140625 0.05546875 0.04375
0 0.93984375 0.54609375 0.0515625 0.03828125
0 0.88125 0.54296875 0.05234375 0.03984375
0 0.88046875 0.4984375 0.05 0.04140625
0 0.80625 0.5453125 0.06875 0.034375
0 0.2234375 0.54296875 0.09921875 0.03671875
0 0.8171875 0.51171875 0.0671875 0.0265625
0 0.34453125 0.49140625 0.053125 0.02734375
0 0.23671875 0.5 0.1 0.0375
0 0.11875 0.50625 0.10625 0.03515625
0 0.1171875 0.54375 0.11015625 0.03515625
0 0.034375 0.54140625 0.0453125 0.0359375
0 0.03515625 0.50078125 0.05078125 0.0390625
0 0.953125 0.4515625 0.05546875 0.03515625
0 0.896875 0.45078125 0.0578125 0.03828125
0 0.95234375 0.40546875 0.053125 0.04140625
0 0.896875 0.40625 0.0578125 0.040625
0 0.80859375 0.4515625 0.07734375 0.0328125
0 0.7359375 0.453125 0.0671875 0.03359375
0 0.7734375 0.41953125 0.1015625 0.0265625
0 0.68046875 0.41875 0.0765625 0.0265625
0 0.60078125 0.4015625 0.07109375 0.0140625
0 0.60234375 0.42109375 0.07421875 0.02421875
0 0.66875 0.45234375 0.0671875 0.03515625
0 0.59453125 0.453125 0.07578125 0.034375
0 0.51796875 0.4515625 0.0765625 0.0375
0 0.534375 0.3296875 0.0796875 0.01328125
0 0.984375 0.50078125 0.03125 0.0421875
0 0.94140625 0.50078125 0.0546875 0.04296875
0 0.0203125 0.60546875 0.03828125 0.02109375
0 0.8859375 0.5921875 0.05546875 0.04140625
0 0.82109375 0.63984375 0.0625 0.03359375
0 0.75703125 0.6359375 0.05625 0.03515625
0 0.821875 0.59296875 0.0671875 0.0484375
0 0.753125 0.58984375 0.06484375 0.04453125
0 0.7015625 0.5875 0.03671875 0.0375
0 0.69609375 0.6375 0.0625 0.03671875
0 0.63203125 0.634375 0.06171875 0.03046875
0 0.65078125 0.59296875 0.06015625 0.0453125
0 0.56484375 0.584375 0.05390625 0.0375
0 0.5671875 0.63203125 0.05859375 0.04296875
0 0.50078125 0.6359375 0.0640625 0.03359375
0 0.50234375 0.59296875 0.05546875 0.04375
0 0.43671875 0.6359375 0.04765625 0.034375
0 0.38828125 0.6359375 0.04921875 0.0359375
0 0.43359375 0.596875 0.0484375 0.0359375
0 0.38046875 0.596875 0.05390625 0.0359375
0 0.31484375 0.61171875 0.0734375 0.0609375
0 0.228125 0.61640625 0.0875 0.06640625
0 0.1609375 0.63359375 0.04609375 0.034375
0 0.1125 0.634375 0.05078125 0.03359375
0 0.04375 0.6359375 0.084375 0.03046875
0 0.15703125 0.603125 0.0453125 0.0203125
0 0.10859375 0.60390625 0.05 0.01796875
0 0.0609375 0.6046875 0.04296875 0.02265625
0 0.98359375 0.5453125 0.03203125 0.0359375
0 0.5328125 0.35546875 0.07578125 0.034375