0 0.6171875 0.5828125 0.02890625 0.0734375
0 0.54375 0.68359375 0.0296875 0.06328125
0 0.50625 0.68671875 0.03046875 0.065625
0 0.43671875 0.69609375 0.02734375 0.0609375
0 0.40234375 0.69921875 0.03359375 0.0671875
0 0.36796875 0.6984375 0.02265625 0.06796875
0 0.51484375 0.59140625 0.03203125 0.075
0 0.5515625 0.58671875 0.02890625 0.07421875
0 0.465625 0.66640625 0.01640625 0.03828125
0 0.58359375 0.584375 0.03203125 0.06875
0 0.67890625 0.5765625 0.03125 0.06953125
0 0.440625 0.59765625 0.03046875 0.0703125
0 0.403125 0.60390625 0.03515625 0.07734375
0 0.3671875 0.60390625 0.02734375 0.0765625
0 0.6875 0.49296875 0.02578125 0.0640625
0 0.64609375 0.5796875 0.02578125 0.0703125
0 0.47578125 0.59453125 0.03359375 0.0765625
0 0.384375 0.51953125 0.03046875 0.05546875
0 0.61875 0.496875 0.0296875 0.0625
0 0.8203125 0.44140625 0.0359375 0.08515625
0 0.98515625 0.221875 0.0296875 0.08984375
0 0.81953125 0.3359375 0.04296875 0.0921875
0 0.69296875 0.31640625 0.0390625 0.06484375
0 0.65859375 0.31484375 0.025 0.0703125
0 0.625 0.315625 0.03203125 0.07109375
0 0.59375 0.3140625 0.02578125 0.07421875
0 0.5609375 0.315625 0.03203125 0.07421875
0 0.859375 0.3359375 0.03125 0.08671875
0 0.89296875 0.33203125 0.0265625 0.08359375
0 0.928125 0.33203125 0.034375 0.08515625
0 0.96328125 0.33203125 0.03125 0.090625
0 0.38046875 0.4015625 0.0359375 0.03515625
0 0.4203125 0.40859375 0.028125 0.05234375
0 0.4578125 0.41875 0.02734375 0.0734375
0 0.49375 0.41640625 0.03125 0.06953125
0 0.52734375 0.4140625 0.028125 0.0734375
0 0.55859375 0.41328125 0.02109375 0.07109375
0 0.58828125 0.41484375 0.02890625 0.065625
0 0.61875 0.4140625 0.0296875 0.065625
0 0.6484375 0.409375 0.0265625 0.06796875
0 0.68125 0.41015625 0.0328125 0.06875
0 0.578125 0.67890625 0.03359375 0.05703125
0 0.41953125 0.5140625 0.03046875 0.06796875
0 0.45859375 0.51015625 0.028125 0.06953125
0 0.48984375 0.5078125 0.0265625 0.06640625
0 0.5234375 0.503125 0.0296875 0.06640625
0 0.5578125 0.5015625 0.028125 0.06796875
0 0.58828125 0.50234375 0.02578125 0.0640625
0 0.6546875 0.49609375 0.03125 0.06796875
0 0.6125 0.67578125 0.0296875 0.059375
0 0.78984375 0.43984375 0.02265625 0.08828125
0 0.68125 0.66640625 0.021875 0.06484375
0 0.0171875 0.740625 0.03046875 0.07109375
0 0.27890625 0.62265625 0.0328125 0.06953125
0 0.24765625 0.62734375 0.01875 0.07265625
0 0.0140625 0.64453125 0.028125 0.075
0 0.21171875 0.6546875 0.0421875 0.07890625
0 0.1703125 0.665625 0.03046875 0.09140625
0 0.06171875 0.75 0.040625 0.03515625
0 0.13203125 0.67265625 0.03125 0.08359375
0 0.053125 0.6828125 0.0359375 0.08984375
0 0.64765625 0.671875 0.0359375 0.0640625
0 0.209375 0.5296875 0.0421875 0.0765625
0 0.16640625 0.5328125 0.03203125 0.07890625
0 0.1203125 0.53828125 0.0484375 0.0765625
0 0.0703125 0.540625 0.0359375 0.08203125
0 0.09609375 0.68046875 0.03203125 0.0921875
0 0.02890625 0.5421875 0.04140625 0.08203125
0 0.11796875 0.7453125 0.046875 0.034375
0 0.209375 0.72578125 0.034375 0.0515625
0 0.2953125 0.88125 0.03125 0.06640625
0 0.25546875 0.88828125 0.03828125 0.06796875
0 0.15859375 0.90390625 0.03984375 0.0546875
0 0.11640625 0.9109375 0.040625 0.065625
0 0.07265625 0.9109375 0.0328125 0.06953125
0 0.2859375 0.796875 0.03515625 0.05703125
0 0.1625 0.7375 0.03359375 0.04140625
0 0.24921875 0.8015625 0.03515625 0.0609375
0 0.171875 0.81015625 0.03984375 0.05703125
0 0.12890625 0.81796875 0.03828125 0.05859375
0 0.08515625 0.821875 0.0359375 0.0640625
0 0.03984375 0.8265625 0.040625 0.06015625
0 0.2828125 0.71015625 0.03125 0.06640625
0 0.2484375 0.7125 0.0265625 0.06328125
0 0.21171875 0.803125 0.034375 0.06015625
0 0.3390625 0.2125 0.0296875 0.0734375
0 0.24921875 0.42421875 0.040625 0.07890625
0 0.1515625 0.43046875 0.04140625 0.084375
0 0.9125 0.61484375 0.02890625 0.06875
0 0.88046875 0.61875 0.03203125 0.065625
0 0.790625 0.6421875 0.0328125 0.046875
0 0.83984375 0.62421875 0.03515625 0.0734375
0 0.9828125 0.51953125 0.02421875 0.0671875
0 0.95234375 0.53203125 0.03125 0.07265625
0 0.94375 0.6140625 0.02578125 0.06875
0 0.915625 0.52890625 0.03125 0.07890625
0 0.8390625 0.53515625 0.03125 0.08203125
0 0.9859375 0.42265625 0.028125 0.0640625
0 0.95546875 0.42421875 0.025 0.06640625
0 0.921875 0.4328125 0.03125 0.071875
0 0.88828125 0.43359375 0.03125 0.07734375
0 0.85625 0.43359375 0.025 0.078125
0 0.8796875 0.53515625 0.03671875 0.078125
0 0.20234375 0.42734375 0.04375 0.0796875
0 0.97734375 0.6078125 0.0328125 0.07109375
0 0.79140625 0.715625 0.02578125 0.07890625
0 0.10625 0.43203125 0.04609375 0.08671875
0 0.0609375 0.43046875 0.04140625 0.090625
0 0.01640625 0.434375 0.0328125 0.08671875
0 0.24375 0.321875 0.03984375 0.0859375
0 0.1921875 0.321875 0.0484375 0.08515625
0 0.14140625 0.32265625 0.04296875 0.08671875
0 0.7671875 0.71640625 0.01875 0.08125
0 0.09609375 0.321875 0.0421875 0.08671875
0 0.1609375 0.19609375 0.053125 0.1265625
0 0.10703125 0.1921875 0.0453125 0.11875
0 0.0515625 0.18984375 0.04765625 0.1234375
0 0.89140625 0.7046875 0.03125 0.07890625
0 0.859375 0.70703125 0.025 0.07421875
0 0.82734375 0.7125 0.03046875 0.08046875
0 0.21796875 0.19765625 0.0484375 0.121875
0 0.3734375 0.215625 0.0296875 0.0625
0 0.2578125 0.53046875 0.04921875 0.075
0 0.43671875 0.21484375 0.02890625 0.06328125
0 0.91640625 0.225 0.0296875 0.09296875
0 0.87734375 0.221875 0.03984375 0.096875
0 0.8390625 0.23046875 0.03125 0.08125
0 0.809375 0.221875 0.0171875 0.1046875
0 0.66953125 0.82421875 0.034375 0.06640625
0 0.6375 0.825 0.025 0.0625
0 0.60546875 0.84609375 0.03046875 0.04140625
0 0.53671875 0.84296875 0.034375 0.06640625
0 0.5 0.84609375 0.03125 0.0609375
0 0.46484375 0.84921875 0.028125 0.06796875
0 0.43359375 0.85703125 0.02734375 0.065625
0 0.3984375 0.86171875 0.0296875 0.07109375
0 0.6734375 0.74609375 0.03203125 0.06015625
0 0.63203125 0.75234375 0.03984375 0.065625
0 0.59296875 0.75546875 0.025 0.06328125
0 0.55703125 0.76171875 0.0328125 0.06171875
0 0.4046875 0.21484375 0.0296875 0.06484375
0 0.478125 0.77578125 0.0328125 0.06328125
0 0.43984375 0.77734375 0.03203125 0.0640625
0 0.39921875 0.7875 0.034375 0.065625
0 0.3703125 0.78828125 0.01875 0.065625
0 0.95078125 0.22109375 0.02890625 0.0953125
0 0.99296875 0.3328125 0.01328125 0.084375
0 0.51484375 0.7703125 0.03515625 0.06015625
0 0.95234375 0.7703125 0.025 0.0640625
0 0.95703125 0.69453125 0.03046875 0.078125
0 0.52578125 0.315625 0.0296875 0.0796875
0 0.49296875 0.315625 0.03046875 0.0765625
0 0.45859375 0.31640625 0.034375 0.07578125
0 0.41875 0.31640625 0.02890625 0.0765625
0 0.38359375 0.31640625 0.03125 0.0734375
0 0.3484375 0.31640625 0.028125 0.08125
0 0.6796875 0.21875 0.04375 0.0703125
0 0.6375 0.21875 0.02265625 0.06796875
0 0.60625 0.2203125 0.0359375 0.0609375
0 0.57109375 0.21484375 0.0296875 0.06953125
0 0.5390625 0.21484375 0.03203125 0.06484375
0 0.46953125 0.2171875 0.02734375 0.0703125
0 0.98203125 0.76953125 0.02578125 0.06328125
0 0.50546875 0.2171875 0.02890625 0.06015625
0 0.98828125 0.68515625 0.0234375 0.065625
0 0.7703125 0.80234375 0.03125 0.065625
0 0.9234375 0.69921875 0.02734375 0.07265625
0 0.8328125 0.79140625 0.028125 0.059375
0 0.8921875 0.78203125 0.02265625 0.06015625
0 0.80234375 0.79765625 0.02890625 0.06796875
0 0.9234375 0.7796875 0.028125 0.0640625
0 0.865625 0.78828125 0.02421875 0.06875