0 0.5 0.2859375 0.02265625 0.08515625
0 0.8046875 0.565625 0.03046875 0.0890625
0 0.73046875 0.290625 0.0296875 0.11953125
0 0.89140625 0.59140625 0.0296875 0.08671875
0 0.86015625 0.584375 0.02421875 0.09453125
0 0.921875 0.59921875 0.02578125 0.10234375
0 0.95546875 0.60546875 0.03515625 0.09375
0 0.7015625 0.29375 0.025 0.11015625
0 0.83515625 0.57578125 0.02421875 0.07734375
0 0.98828125 0.61796875 0.02265625 0.10234375
0 0.54140625 0.3890625 0.01953125 0.08984375
0 0.753125 0.546875 0.0234375 0.07265625
0 0.73671875 0.4234375 0.028125 0.0984375
0 0.70390625 0.42109375 0.0328125 0.10234375
0 0.61484375 0.4046875 0.02421875 0.08984375
0 0.58984375 0.39921875 0.01953125 0.1
0 0.56484375 0.39375 0.02421875 0.08203125
0 0.52265625 0.38359375 0.01796875 0.07890625
0 0.5015625 0.38046875 0.01875 0.08203125
0 0.91796875 0.48515625 0.02421875 0.07734375
0 0.94453125 0.490625 0.02890625 0.08984375
0 0.52265625 0.28515625 0.01875 0.0875
0 0.47890625 0.37890625 0.02421875 0.08671875
0 0.98046875 0.49140625 0.03828125 0.08984375
0 0.7765625 0.55390625 0.0171875 0.065625
0 0.54375 0.28515625 0.0203125 0.09296875
0 0.41171875 0.28046875 0.01796875 0.07265625
0 0.59296875 0.290625 0.01953125 0.09609375
0 0.4296875 0.18671875 0.01796875 0.078125
0 0.39375 0.196875 0.01796875 0.07109375
0 0.37578125 0.1953125 0.01328125 0.071875
0 0.35859375 0.19765625 0.015625 0.06953125
0 0.34375 0.2 0.01484375 0.0640625
0 0.32734375 0.19921875 0.0140625 0.06015625
0 0.4796875 0.2828125 0.0109375 0.0859375
0 0.184375 0.215625 0.01015625 0.0421875
0 0.4515625 0.18515625 0.021875 0.08359375
0 0.1953125 0.215625 0.0109375 0.04375
0 0.21953125 0.21328125 0.009375 0.04609375
0 0.23046875 0.21171875 0.009375 0.04375
0 0.2421875 0.2109375 0.01171875 0.05078125
0 0.25390625 0.20859375 0.01015625 0.053125
0 0.26640625 0.2078125 0.01328125 0.05078125
0 0.2828125 0.20625 0.0140625 0.05390625
0 0.296875 0.20546875 0.0140625 0.05703125
0 0.3140625 0.203125 0.01171875 0.0578125
0 0.20859375 0.21484375 0.01015625 0.0453125
0 0.56796875 0.2875 0.02734375 0.090625
0 0.47421875 0.1796875 0.021875 0.096875
0 0.51953125 0.175 0.01875 0.09296875
0 0.61640625 0.28828125 0.0265625 0.10234375
0 0.64296875 0.2890625 0.021875 0.11328125
0 0.34453125 0.35078125 0.01484375 0.06015625
0 0.359375 0.3515625 0.0140625 0.059375
0 0.3734375 0.3578125 0.00859375 0.06328125
0 0.33671875 0.275 0.0109375 0.06640625
0 0.603125 0.1625 0.025 0.10625
0 0.5796875 0.16328125 0.02109375 0.09765625
0 0.496875 0.17734375 0.0203125 0.096875
0 0.3859375 0.3578125 0.0171875 0.06015625
0 0.41875 0.3625 0.0171875 0.06953125
0 0.43515625 0.3671875 0.01171875 0.07421875
0 0.45390625 0.36953125 0.0171875 0.071875
0 0.4296875 0.28125 0.0171875 0.0703125
0 0.446875 0.2828125 0.0125 0.075
0 0.46328125 0.28125 0.01796875 0.078125
0 0.55703125 0.16875 0.01953125 0.09921875
0 0.53828125 0.17109375 0.01640625 0.09375
0 0.4015625 0.3609375 0.0125 0.0671875
0 0.41171875 0.19296875 0.01484375 0.078125
0 0.8125 0.46484375 0.02109375 0.071875
0 0.36328125 0.27734375 0.01171875 0.06796875
0 0.85 0.69140625 0.03828125 0.03828125
0 0.803125 0.67421875 0.03046875 0.040625
0 0.759375 0.65078125 0.03359375 0.02890625
0 0.865625 0.384375 0.02421875 0.0875
0 0.83984375 0.38359375 0.02578125 0.08671875
0 0.81484375 0.37890625 0.021875 0.08984375
0 0.790625 0.378125 0.02421875 0.08359375
0 0.765625 0.37421875 0.02421875 0.09140625
0 0.98515625 0.2734375 0.0296875 0.10625
0 0.7125 0.63125 0.0296875 0.03671875
0 0.95390625 0.27421875 0.03203125 0.1046875
0 0.91875 0.27265625 0.03359375 0.09765625
0 0.88671875 0.27109375 0.0296875 0.09609375
0 0.85078125 0.271875 0.03828125 0.0984375
0 0.81953125 0.26796875 0.025 0.0921875
0 0.7921875 0.26796875 0.03125 0.09453125
0 0.7625 0.27109375 0.02578125 0.090625
0 0.965625 0.13828125 0.0375 0.1078125
0 0.92734375 0.13984375 0.03359375 0.10234375
0 0.89453125 0.14453125 0.03125 0.10546875
0 0.86328125 0.14609375 0.02578125 0.09921875
0 0.83515625 0.15 0.02734375 0.1
0 0.3515625 0.275 0.0125 0.06484375
0 0.90078125 0.71328125 0.046875 0.0328125
0 0.78359375 0.15859375 0.03046875 0.096875
0 0.5421875 0.5875 0.02109375 0.0203125
0 0.54609375 0.61796875 0.01875 0.0328125
0 0.94765625 0.8203125 0.0375 0.04375
0 0.95625 0.77578125 0.0328125 0.03515625
0 0.971875 0.7375 0.046875 0.03671875
0 0.96953125 0.6921875 0.0453125 0.034375
0 0.89375 0.7953125 0.04375 0.04375
0 0.89453125 0.75 0.0390625 0.0375
0 0.8421875 0.77265625 0.03125 0.0421875
0 0.8453125 0.73125 0.0296875 0.034375
0 0.79609375 0.7515625 0.04296875 0.03984375
0 0.75390625 0.7265625 0.0296875 0.03125
0 0.803125 0.71328125 0.0390625 0.0296875
0 0.7578125 0.68828125 0.0265625 0.0390625
0 0.71953125 0.703125 0.03203125 0.03203125
0 0.71796875 0.66875 0.02890625 0.03046875
0 0.675 0.68359375 0.028125 0.0328125
0 0.678125 0.65234375 0.02109375 0.02421875
0 0.64609375 0.66875 0.01875 0.0359375
0 0.6203125 0.65078125 0.02734375 0.02734375
0 0.646875 0.6375 0.0203125 0.0234375
0 0.61875 0.621875 0.0203125 0.025
0 0.59140625 0.63984375 0.01640625 0.03125
0 0.59296875 0.6125 0.01484375 0.02109375
0 0.5703125 0.62578125 0.0203125 0.028125
0 0.56796875 0.60078125 0.01640625 0.01953125
0 0.75234375 0.159375 0.02734375 0.09375
0 0.809375 0.15859375 0.01875 0.096875
0 0.6640625 0.50546875 0.01171875 0.03125
0 0.8359375 0.4703125 0.01796875 0.07890625
0 0.7875 0.4578125 0.021875 0.06640625
0 0.76484375 0.45703125 0.01953125 0.06640625
0 0.91015625 0.3890625 0.03515625 0.0828125
0 0.94453125 0.39296875 0.03515625 0.09375
0 0.98203125 0.39765625 0.03515625 0.08515625
0 0.67578125 0.6203125 0.0265625 0.03203125
0 0.64609375 0.60625 0.02421875 0.02890625
0 0.61796875 0.5921875 0.02265625 0.028125
0 0.58828125 0.58359375 0.02421875 0.02734375
0 0.5640625 0.57109375 0.01484375 0.03046875
0 0.678125 0.50859375 0.01328125 0.0390625
0 0.540625 0.56015625 0.021875 0.028125
0 0.9015625 0.675 0.04921875 0.03828125
0 0.84921875 0.65234375 0.03828125 0.03515625
0 0.80234375 0.6328125 0.040625 0.0328125
0 0.753125 0.61328125 0.03984375 0.04140625
0 0.8640625 0.47265625 0.03046875 0.0765625
0 0.71015625 0.59765625 0.02890625 0.02421875
0 0.89375 0.478125 0.0203125 0.08203125
0 0.39453125 0.27734375 0.015625 0.0765625
0 0.69609375 0.5125 0.01796875 0.0359375
0 0.71484375 0.521875 0.01484375 0.0390625
0 0.73125 0.52578125 0.0125 0.0390625
0 0.628125 0.525 0.0140625 0.028125
0 0.6421875 0.5265625 0.01015625 0.0296875
0 0.65703125 0.53671875 0.0109375 0.02890625
0 0.68125 0.5421875 0.01640625 0.02734375
0 0.696875 0.55078125 0.0125 0.0328125
0 0.71328125 0.5578125 0.01328125 0.02578125
0 0.37890625 0.27578125 0.01328125 0.07109375
0 0.7296875 0.56171875 0.01328125 0.028125
0 0.56328125 0.5390625 0.0171875 0.021875
0 0.58515625 0.54921875 0.021875 0.0328125
0 0.61328125 0.5625 0.01640625 0.02734375
0 0.64453125 0.57109375 0.0296875 0.034375
0 0.65390625 0.5015625 0.009375 0.03828125
0 0.64140625 0.496875 0.0125 0.02890625
0 0.62890625 0.49453125 0.01171875 0.03359375
0 0.540625 0.5296875 0.02109375 0.0265625
0 0.67734375 0.58515625 0.03125 0.034375