0 0.37109375 0.5109375 0.04609375 0.07421875
0 0.92890625 0.51171875 0.05 0.0734375
0 0.8703125 0.521875 0.053125 0.06171875
0 0.80078125 0.51953125 0.04921875 0.06328125
0 0.74609375 0.51328125 0.028125 0.06875
0 0.70546875 0.52265625 0.03515625 0.05859375
0 0.484375 0.90625 0.07890625 0.090625
0 0.54296875 0.52265625 0.04296875 0.05625
0 0.49140625 0.5171875 0.04765625 0.06328125
0 0.42890625 0.51640625 0.0515625 0.06484375
0 0.01484375 0.61171875 0.0296875 0.07890625
0 0.275 0.52421875 0.08828125 0.0453125
0 0.6546875 0.515625 0.05078125 0.06796875
0 0.065625 0.61484375 0.05078125 0.06796875
0 0.76171875 0.6203125 0.0375 0.06484375
0 0.203125 0.6109375 0.05703125 0.07578125
0 0.26875 0.62109375 0.05078125 0.06015625
0 0.32734375 0.61796875 0.04765625 0.06484375
0 0.378125 0.6171875 0.0421875 0.0640625
0 0.4359375 0.61484375 0.053125 0.06328125
0 0.4921875 0.6109375 0.04375 0.06484375
0 0.55 0.61015625 0.05078125 0.06796875
0 0.59296875 0.6203125 0.03359375 0.05234375
0 0.62578125 0.61328125 0.0296875 0.071875
0 0.6625 0.6140625 0.03359375 0.071875
0 0.7125 0.61328125 0.04375 0.071875
0 0.1359375 0.50703125 0.1671875 0.07890625
0 0.81875 0.61953125 0.05546875 0.05234375
0 0.87890625 0.62109375 0.0546875 0.0546875
0 0.12578125 0.61484375 0.05546875 0.06328125
0 0.02421875 0.51015625 0.04453125 0.06640625
0 0.946875 0.41875 0.03515625 0.0578125
0 0.1796875 0.396875 0.103125 0.0140625
0 0.43515625 0.3015625 0.03515625 0.06796875
0 0.3890625 0.3 0.0453125 0.0703125
0 0.334375 0.2953125 0.0484375 0.06796875
0 0.28046875 0.296875 0.04375 0.0734375
0 0.228125 0.2921875 0.04140625 0.0828125
0 0.178125 0.2984375 0.05390625 0.071875
0 0.48515625 0.30078125 0.05078125 0.0734375
0 0.11875 0.2953125 0.0453125 0.0734375
0 0.9078125 0.1046875 0.184375 0.10390625
0 0.72734375 0.0875 0.140625 0.134375
0 0.59296875 0.1265625 0.10390625 0.05234375
0 0.6015625 0.06796875 0.10859375 0.0515625
0 0.59453125 0.01796875 0.12109375 0.0359375
0 0.08671875 0.08515625 0.165625 0.13515625
0 0.03828125 0.29375 0.04765625 0.07421875
0 0.5421875 0.30234375 0.053125 0.06875
0 0.60078125 0.3 0.0515625 0.07265625
0 0.68671875 0.30859375 0.0953125 0.053125
0 0.18125 0.425 0.1109375 0.0359375
0 0.07265625 0.40703125 0.0828125 0.07421875
0 0.27734375 0.4078125 0.05546875 0.075
0 0.34609375 0.41015625 0.0453125 0.07578125
0 0.39765625 0.4109375 0.04921875 0.0703125
0 0.465625 0.409375 0.046875 0.071875
0 0.515625 0.41328125 0.0421875 0.06640625
0 0.66171875 0.4125 0.06015625 0.07265625
0 0.73515625 0.4125 0.05234375 0.07265625
0 0.78359375 0.41015625 0.03671875 0.0703125
0 0.83203125 0.4109375 0.04765625 0.0734375
0 0.94765625 0.309375 0.08046875 0.0546875
0 0.884375 0.30625 0.0359375 0.0578125
0 0.828125 0.30390625 0.0484375 0.0703125
0 0.77109375 0.30078125 0.05234375 0.06875
0 0.18984375 0.37734375 0.1078125 0.01953125
0 0.07734375 0.296875 0.02109375 0.0640625
0 0.06015625 0.88046875 0.07890625 0.02421875
0 0.59765625 0.51640625 0.0453125 0.06484375
0 0.3296875 0.7796875 0.071875 0.02890625
0 0.228125 0.81171875 0.06171875 0.03515625
0 0.31171875 0.8140625 0.08203125 0.0296875
0 0.41484375 0.7796875 0.0875 0.02734375
0 0.51015625 0.778125 0.0796875 0.025
0 0.415625 0.81640625 0.08125 0.0328125
0 0.50625 0.8140625 0.08203125 0.040625
0 0.61015625 0.7796875 0.075 0.025
0 0.69765625 0.778125 0.08203125 0.02890625
0 0.60390625 0.8125 0.07421875 0.03515625
0 0.690625 0.81328125 0.0796875 0.03671875
0 0.7890625 0.78046875 0.0765625 0.03203125
0 0.875 0.78125 0.071875 0.0328125
0 0.88359375 0.81875 0.06875 0.03828125
0 0.97578125 0.68671875 0.0484375 0.0234375
0 0.86796875 0.92890625 0.09140625 0.02109375
0 0.87109375 0.88984375 0.0859375 0.04296875
0 0.57734375 0.90546875 0.08984375 0.090625
0 0.98515625 0.63828125 0.0296875 0.0265625
0 0.2375 0.77890625 0.08125 0.02265625
0 0.975 0.7265625 0.05 0.0390625
0 0.1359375 0.8171875 0.07890625 0.03359375
0 0.14609375 0.78046875 0.0828125 0.025
0 0.01328125 0.71015625 0.02578125 0.0703125
0 0.0546875 0.70859375 0.04296875 0.059375
0 0.09453125 0.71171875 0.0296875 0.0640625
0 0.12734375 0.7140625 0.025 0.05859375
0 0.17109375 0.71875 0.0234375 0.053125
0 0.2421875 0.725 0.0984375 0.03828125
0 0.23984375 0.6875 0.08828125 0.03046875
0 0.43828125 0.721875 0.08828125 0.053125
0 0.52421875 0.715625 0.0703125 0.06171875
0 0.609375 0.7234375 0.07265625 0.0453125
0 0.66640625 0.71015625 0.0328125 0.06328125
0 0.709375 0.70625 0.0390625 0.065625
0 0.76484375 0.7328125 0.04375 0.01796875
0 0.7640625 0.709375 0.04296875 0.02421875
0 0.8140625 0.709375 0.0484375 0.021875
0 0.81640625 0.73359375 0.04921875 0.0171875
0 0.86328125 0.71015625 0.04609375 0.0625
0 0.91875 0.70859375 0.0421875 0.0625
0 0.0515625 0.7828125 0.090625 0.02734375
0 0.046875 0.81875 0.08125 0.0328125
0 0.94921875 0.8203125 0.0328125 0.05859375
0 0.79140625 0.81953125 0.0765625 0.0390625
0 0.96484375 0.8890625 0.0703125 0.034375
0 0.96015625 0.92734375 0.07890625 0.03359375
0 0.775 0.88671875 0.08203125 0.0390625
0 0.775 0.925 0.0734375 0.03203125
0 0.98515625 0.82109375 0.0296875 0.0609375
0 0.12109375 0.93671875 0.07890625 0.0421875
0 0.04140625 0.93671875 0.07421875 0.04140625