0 0.87890625 0.22890625 0.13125 0.08203125
0 0.92109375 0.3703125 0.04921875 0.04375
0 0.9796875 0.31796875 0.040625 0.0546875
0 0.97890625 0.16875 0.0421875 0.04296875
0 0.9765625 0.25 0.04609375 0.0390625
0 0.73046875 0.22734375 0.15078125 0.08671875
0 0.875 0.3671875 0.0265625 0.0453125
0 0.40546875 0.2203125 0.12421875 0.096875
0 0.278125 0.25625 0.11953125 0.028125
0 0.14453125 0.24609375 0.14140625 0.0515625
0 0.1375 0.21015625 0.12734375 0.0171875
0 0.02890625 0.22734375 0.0578125 0.0921875
0 0.565625 0.228125 0.15859375 0.0875
0 0.84765625 0.3640625 0.0203125 0.05234375
0 0.75859375 0.72265625 0.0546875 0.01484375
0 0.79453125 0.3671875 0.02109375 0.03828125
0 0.8890625 0.72578125 0.05078125 0.0078125
0 0.8796875 0.71484375 0.04375 0.0109375
0 0.81875 0.371875 0.025 0.04609375
0 0.82890625 0.73515625 0.0609375 0.01171875
0 0.82421875 0.72109375 0.0546875 0.01171875
0 0.825 0.703125 0.05703125 0.01796875
0 0.95859375 0.72265625 0.0828125 0.040625
0 0.971875 0.609375 0.05625 0.06171875
0 0.896875 0.66015625 0.0625 0.01015625
0 0.88671875 0.6484375 0.07109375 0.0109375
0 0.8890625 0.63515625 0.0828125 0.01171875
0 0.8890625 0.7359375 0.0421875 0.01015625
0 0.903125 0.62265625 0.07421875 0.01015625
0 0.825 0.66015625 0.05625 0.01171875
0 0.8140625 0.64375 0.05546875 0.01484375
0 0.8109375 0.628125 0.0578125 0.0140625
0 0.8078125 0.609375 0.0640625 0.0140625
0 0.80703125 0.590625 0.05859375 0.0140625
0 0.70625 0.63046875 0.11796875 0.06640625
0 0.6046875 0.62890625 0.05703125 0.07890625
0 0.5453125 0.64921875 0.05234375 0.040625
0 0.4953125 0.62734375 0.04296875 0.0296875
0 0.4921875 0.659375 0.03671875 0.0234375
0 0.4453125 0.6578125 0.0453125 0.0265625
0 0.9078125 0.603125 0.07109375 0.0140625
0 0.39921875 0.64140625 0.034375 0.06796875
0 0.77421875 0.6890625 0.0375 0.01328125
0 0.75703125 0.73671875 0.04765625 0.00625
0 0.09609375 0.73046875 0.0375 0.05703125
0 0.053125 0.7328125 0.03671875 0.0546875
0 0.015625 0.73125 0.03046875 0.05390625
0 0.184375 0.73046875 0.09453125 0.0484375
0 0.29375 0.7484375 0.06953125 0.01484375
0 0.2890625 0.7328125 0.075 0.01328125
0 0.2875 0.71328125 0.07265625 0.0203125
0 0.3671875 0.74375 0.05625 0.0140625
0 0.36875 0.72890625 0.06796875 0.0078125
0 0.36640625 0.7109375 0.06328125 0.021875
0 0.4390625 0.7453125 0.07265625 0.009375
0 0.76640625 0.70703125 0.05390625 0.0125
0 0.44765625 0.73046875 0.0703125 0.015625
0 0.578125 0.74375 0.0609375 0.0109375
0 0.5796875 0.72890625 0.06015625 0.0125
0 0.58828125 0.715625 0.053125 0.0140625
0 0.6453125 0.74140625 0.04921875 0.0109375
0 0.6421875 0.72890625 0.05078125 0.009375
0 0.6484375 0.7171875 0.0625 0.01015625
0 0.65625 0.69921875 0.07109375 0.01953125
0 0.71640625 0.68984375 0.04765625 0.0109375
0 0.71015625 0.70390625 0.0484375 0.01171875
0 0.7015625 0.7203125 0.0390625 0.00859375
0 0.70078125 0.7359375 0.04609375 0.009375
0 0.51484375 0.73203125 0.0578125 0.0234375
0 0.36171875 0.64140625 0.02890625 0.06640625
0 0.890625 0.7 0.05390625 0.01796875
0 0.2796875 0.640625 0.0453125 0.07421875
0 0.8203125 0.45625 0.04765625 0.053125
0 0.7671875 0.4703125 0.0515625 0.02421875
0 0.7625 0.43359375 0.0421875 0.0390625
0 0.70703125 0.44765625 0.05 0.07265625
0 0.6484375 0.4484375 0.05859375 0.0734375
0 0.5875 0.4453125 0.06015625 0.08203125
0 0.525 0.44453125 0.05703125 0.08046875
0 0.46640625 0.44765625 0.05390625 0.07421875
0 0.40703125 0.446875 0.05546875 0.078125
0 0.34921875 0.4484375 0.05703125 0.078125
0 0.29140625 0.44921875 0.05546875 0.0765625
0 0.86796875 0.45546875 0.040625 0.0546875
0 0.23515625 0.45078125 0.053125 0.075
0 0.12109375 0.45 0.0546875 0.07734375
0 0.06796875 0.4625 0.040625 0.0546875
0 0.021875 0.45859375 0.04375 0.06953125
0 0.03359375 0.35 0.0671875 0.0390625
0 0.15546875 0.3484375 0.159375 0.096875
0 0.29765625 0.346875 0.11328125 0.0921875
0 0.4203125 0.3484375 0.11328125 0.0890625
0 0.325 0.6375 0.03671875 0.07578125
0 0.64609375 0.346875 0.1 0.08671875
0 0.72109375 0.37578125 0.0453125 0.0359375
0 0.76640625 0.3625 0.02578125 0.0609375
0 0.1796875 0.45 0.053125 0.0765625
0 0.9234375 0.44921875 0.05703125 0.06875
0 0.53359375 0.3484375 0.10390625 0.0890625
0 0.978125 0.4796875 0.04375 0.0453125
0 0.97421875 0.39296875 0.04140625 0.04453125
0 0.23359375 0.64609375 0.04296875 0.0671875
0 0.18828125 0.646875 0.04140625 0.06640625
0 0.0453125 0.646875 0.03671875 0.0390625
0 0.01328125 0.64375 0.0265625 0.03125
0 0.05 0.55546875 0.06796875 0.05546875
0 0.13515625 0.5390625 0.04140625 0.0734375
0 0.190625 0.5390625 0.05390625 0.075
0 0.246875 0.5390625 0.04765625 0.0703125
0 0.29140625 0.53984375 0.03515625 0.07109375
0 0.3671875 0.54609375 0.03203125 0.05
0 0.33046875 0.54921875 0.03515625 0.0484375
0 0.403125 0.5421875 0.02734375 0.0578125
0 0.1390625 0.64296875 0.04921875 0.071875
0 0.46171875 0.546875 0.025 0.0484375
0 0.43515625 0.54296875 0.02421875 0.06015625
0 0.9125 0.534375 0.05703125 0.07109375
0 0.8203125 0.53359375 0.04765625 0.0640625
0 0.7625 0.534375 0.05078125 0.06875
0 0.71171875 0.5359375 0.0390625 0.065625
0 0.8625 0.53203125 0.03046875 0.06640625
0 0.6296875 0.54296875 0.03359375 0.0515625
0 0.565625 0.540625 0.03046875 0.0609375
0 0.52578125 0.53828125 0.03046875 0.06328125
0 0.48984375 0.54921875 0.02734375 0.04765625
0 0.66953125 0.53359375 0.040625 0.065625