0 0.81640625 0.5734375 0.0515625 0.03125
0 0.0859375 0.1609375 0.04453125 0.090625
0 0.5578125 0.65703125 0.04140625 0.05546875
0 0.5203125 0.659375 0.03046875 0.06015625
0 0.4765625 0.64921875 0.03046875 0.0640625
0 0.44140625 0.64765625 0.0328125 0.06171875
0 0.40703125 0.646875 0.03359375 0.05859375
0 0.2984375 0.65859375 0.06875 0.0625
0 0.2125 0.659375 0.07578125 0.0625
0 0.13671875 0.65625 0.0375 0.065625
0 0.1 0.6546875 0.0328125 0.0640625
0 0.06328125 0.65625 0.034375 0.065625
0 0.028125 0.65625 0.03359375 0.06640625
0 0.05390625 0.77578125 0.034375 0.065625
0 0.0953125 0.771875 0.03359375 0.065625
0 0.13125 0.771875 0.0359375 0.065625
0 0.253125 0.77109375 0.040625 0.06796875
0 0.5984375 0.6625 0.03203125 0.05390625
0 0.63125 0.6609375 0.028125 0.0546875
0 0.6640625 0.66171875 0.03046875 0.05546875
0 0.6953125 0.6609375 0.028125 0.0546875
0 0.5015625 0.5625 0.03359375 0.05078125
0 0.4703125 0.56015625 0.02734375 0.0609375
0 0.4171875 0.5484375 0.03359375 0.05546875
0 0.3828125 0.54921875 0.03125 0.0546875
0 0.346875 0.54921875 0.03828125 0.05390625
0 0.30546875 0.56171875 0.03984375 0.05703125
0 0.265625 0.5625 0.034375 0.05859375
0 0.31796875 0.76875 0.040625 0.065625
0 0.22109375 0.55859375 0.0328125 0.06171875
0 0.09765625 0.55078125 0.03828125 0.08203125
0 0.06171875 0.5515625 0.03125 0.0796875
0 0.02578125 0.55234375 0.0328125 0.08046875
0 0.9828125 0.6765625 0.03359375 0.05546875
0 0.928125 0.6765625 0.071875 0.05703125
0 0.8359375 0.6546875 0.07890625 0.0703125
0 0.7546875 0.65390625 0.0796875 0.06875
0 0.18046875 0.55859375 0.04609375 0.06171875
0 0.37734375 0.7671875 0.03984375 0.06875
0 0.434375 0.77265625 0.03984375 0.0578125
0 0.4765625 0.771875 0.04296875 0.05859375
0 0.58359375 0.88359375 0.040625 0.0765625
0 0.5015625 0.8859375 0.0375 0.065625
0 0.4640625 0.88359375 0.03671875 0.071875
0 0.41640625 0.90859375 0.04609375 0.03046875
0 0.36953125 0.909375 0.04140625 0.03125
0 0.32578125 0.90859375 0.040625 0.03046875
0 0.41796875 0.87421875 0.0421875 0.034375
0 0.54296875 0.88046875 0.03828125 0.08125
0 0.37421875 0.8765625 0.04140625 0.0328125
0 0.28203125 0.88828125 0.03828125 0.071875
0 0.2390625 0.88828125 0.03671875 0.07421875
0 0.19609375 0.89296875 0.0375 0.06796875
0 0.11875 0.91015625 0.03359375 0.0421875
0 0.0859375 0.90859375 0.03046875 0.04375
0 0.0546875 0.9078125 0.03046875 0.0421875
0 0.01484375 0.8953125 0.0296875 0.07421875
0 0.33046875 0.8765625 0.04375 0.03359375
0 0.534375 0.55234375 0.02578125 0.075
0 0.6328125 0.8875 0.040625 0.06328125
0 0.73125 0.8875 0.04296875 0.0625
0 0.521875 0.7671875 0.0421875 0.06796875
0 0.56484375 0.76484375 0.03828125 0.07265625
0 0.6 0.7640625 0.02890625 0.0671875
0 0.63125 0.7640625 0.028125 0.06640625
0 0.6703125 0.7671875 0.0421875 0.0640625
0 0.04140625 0.1609375 0.04453125 0.0890625
0 0.746875 0.76484375 0.03203125 0.0640625
0 0.68203125 0.8859375 0.04453125 0.06484375
0 0.80859375 0.76484375 0.04609375 0.0640625
0 0.9234375 0.77578125 0.0515625 0.0546875
0 0.975 0.77421875 0.05 0.0546875
0 0.9828125 0.87109375 0.034375 0.0765625
0 0.925 0.875 0.07109375 0.06171875
0 0.8640625 0.8828125 0.03828125 0.065625
0 0.82265625 0.8828125 0.0390625 0.0625
0 0.7796875 0.88203125 0.04296875 0.059375
0 0.86015625 0.7671875 0.03828125 0.0671875
0 0.56484375 0.55234375 0.03203125 0.07578125
0 0.7125 0.76640625 0.03359375 0.0625
0 0.62421875 0.553125 0.03359375 0.07109375
0 0.925 0.4 0.0328125 0.05078125
0 0.9671875 0.30234375 0.0453125 0.05234375
0 0.92265625 0.30234375 0.040625 0.04765625
0 0.87578125 0.31171875 0.03515625 0.075
0 0.83671875 0.3109375 0.0390625 0.0734375
0 0.7984375 0.31328125 0.02890625 0.071875
0 0.76484375 0.31015625 0.034375 0.078125
0 0.96640625 0.40078125 0.04375 0.0515625
0 0.72578125 0.31015625 0.03828125 0.078125
0 0.65078125 0.3109375 0.0421875 0.0796875
0 0.6109375 0.3234375 0.03515625 0.05390625
0 0.57421875 0.32265625 0.03671875 0.053125
0 0.53203125 0.315625 0.040625 0.07109375
0 0.49375 0.31484375 0.0328125 0.06953125
0 0.46015625 0.31640625 0.02890625 0.06796875
0 0.41796875 0.3125 0.03671875 0.07265625
0 0.68984375 0.31015625 0.03203125 0.078125
0 0.37890625 0.3109375 0.034375 0.0796875
0 0.93125 0.1984375 0.02734375 0.06171875
0 0.99296875 0.1953125 0.0140625 0.0625
0 0.59453125 0.55078125 0.0234375 0.075
0 0.13125 0.16171875 0.04375 0.08828125
0 0.18125 0.16015625 0.0484375 0.08984375
0 0.234375 0.16015625 0.05 0.0890625
0 0.28828125 0.16171875 0.04921875 0.0890625
0 0.3375 0.1640625 0.04609375 0.08828125
0 0.38203125 0.165625 0.040625 0.0859375
0 0.96953125 0.19453125 0.03125 0.06640625
0 0.42265625 0.16484375 0.03359375 0.090625
0 0.525 0.16640625 0.04296875 0.08515625
0 0.56953125 0.1671875 0.04296875 0.0859375
0 0.621875 0.171875 0.040625 0.08125
0 0.67421875 0.15859375 0.0484375 0.10390625
0 0.728125 0.1578125 0.0484375 0.10546875
0 0.78125 0.15859375 0.05078125 0.10234375
0 0.8296875 0.16015625 0.03828125 0.1
0 0.4796875 0.16640625 0.04375 0.08671875
0 0.3375 0.3125 0.0421875 0.0703125
0 0.87578125 0.1609375 0.04765625 0.09921875
0 0.26953125 0.31171875 0.04140625 0.06875
0 0.63125 0.44453125 0.028125 0.053125
0 0.68515625 0.4296875 0.0765625 0.0828125
0 0.7734375 0.4296875 0.0828125 0.08515625
0 0.8578125 0.42890625 0.08203125 0.08515625
0 0.946875 0.48671875 0.07890625 0.071875
0 0.98671875 0.5828125 0.025 0.05859375
0 0.95078125 0.57890625 0.03828125 0.05390625
0 0.87109375 0.53984375 0.05078125 0.0296875
0 0.86796875 0.571875 0.0515625 0.0296875
0 0.8140625 0.5421875 0.0421875 0.02421875
0 0.765625 0.5546875 0.03828125 0.06875
0 0.7234375 0.55703125 0.04375 0.065625
0 0.68671875 0.5546875 0.02265625 0.06796875
0 0.303125 0.309375 0.02109375 0.07265625
0 0.6578125 0.55234375 0.03046875 0.07109375
0 0.59765625 0.43046875 0.03125 0.0609375
0 0.5640625 0.43125 0.0328125 0.059375
0 0.91328125 0.5796875 0.03203125 0.0546875
0 0.48359375 0.43203125 0.03828125 0.05546875
0 0.128125 0.32109375 0.03828125 0.04453125
0 0.09140625 0.31953125 0.03125 0.04609375
0 0.0546875 0.3203125 0.03359375 0.0453125
0 0.0171875 0.31953125 0.03359375 0.04453125
0 0.22265625 0.31484375 0.04609375 0.0609375
0 0.01015625 0.43203125 0.0203125 0.08203125
0 0.0390625 0.440625 0.034375 0.06484375
0 0.528125 0.4328125 0.03671875 0.0578125
0 0.17890625 0.30859375 0.0375 0.06953125
0 0.12109375 0.4328125 0.0375 0.0796875
0 0.18515625 0.440625 0.04296875 0.0625
0 0.2234375 0.43984375 0.02578125 0.0609375
0 0.25546875 0.44140625 0.03984375 0.06171875
0 0.34375 0.4375 0.0921875 0.0671875
0 0.415625 0.43125 0.03046875 0.05703125
0 0.44765625 0.43046875 0.0296875 0.06484375
0 0.07578125 0.43125 0.034375 0.08125