0 0.1109375 0.35703125 0.0578125 0.07109375
0 0.03515625 0.35703125 0.06484375 0.06328125
0 0.9375 0.25078125 0.04765625 0.06328125
0 0.5171875 0.24765625 0.04375 0.06875
0 0.88515625 0.25078125 0.04140625 0.0609375
0 0.8390625 0.25 0.04609375 0.06484375
0 0.775 0.24296875 0.071875 0.07734375
0 0.63046875 0.26328125 0.02890625 0.0421875
0 0.56953125 0.2640625 0.0359375 0.03828125
0 0.4296875 0.2640625 0.0796875 0.03203125
0 0.21328125 0.25625 0.05703125 0.04296875
0 0.32421875 0.23828125 0.0375 0.07890625
0 0.28828125 0.25078125 0.0234375 0.05234375
0 0.26328125 0.25078125 0.02421875 0.0546875
0 0.140625 0.26328125 0.0453125 0.03046875
0 0.084375 0.26171875 0.0515625 0.03046875
0 0.0234375 0.2421875 0.04140625 0.06328125
0 0.23046875 0.35859375 0.0609375 0.07421875
0 0.75390625 0.81640625 0.06015625 0.05625
0 0.75703125 0.8578125 0.07265625 0.0171875
0 0.68203125 0.76953125 0.0546875 0.0265625
0 0.36171875 0.23984375 0.03046875 0.0734375
0 0.28828125 0.35390625 0.0484375 0.0828125
0 0.85390625 0.36484375 0.0390625 0.0640625
0 0.403125 0.35625 0.0625 0.08046875
0 0.61875 0.8 0.071875 0.0328125
0 0.53828125 0.79921875 0.0609375 0.03359375
0 0.53984375 0.83515625 0.06015625 0.0359375
0 0.46484375 0.83828125 0.06640625 0.02890625
0 0.46796875 0.803125 0.06953125 0.03671875
0 0.39609375 0.82734375 0.05234375 0.08984375
0 0.896875 0.36484375 0.03359375 0.06640625
0 0.94765625 0.6578125 0.09453125 0.01640625
0 0.95625 0.67578125 0.08515625 0.01640625
0 0.96328125 0.7078125 0.0734375 0.04453125
0 0.9671875 0.5953125 0.065625 0.0265625
0 0.34609375 0.3578125 0.04609375 0.078125
0 0.93984375 0.56328125 0.0734375 0.0140625
0 0.95234375 0.5296875 0.07734375 0.01328125
0 0.9578125 0.48515625 0.08359375 0.03046875
0 0.959375 0.4546875 0.08125 0.01953125
0 0.9609375 0.5140625 0.07421875 0.0140625
0 0.8296875 0.834375 0.059375 0.05703125
0 0.690625 0.8328125 0.046875 0.040625
0 0.8 0.3609375 0.05546875 0.0734375
0 0.73671875 0.359375 0.0625 0.06953125
0 0.671875 0.36640625 0.05078125 0.05859375
0 0.63125 0.36953125 0.02578125 0.05625
0 0.46953125 0.3546875 0.0609375 0.08203125
0 0.95625 0.54453125 0.0859375 0.0140625
0 0.5796875 0.7578125 0.05546875 0.03515625
0 0.11015625 0.46484375 0.07578125 0.0828125
0 0.60390625 0.8359375 0.06328125 0.03515625
0 0.85 0.57890625 0.03046875 0.06015625
0 0.24375 0.684375 0.0421875 0.0640625
0 0.2859375 0.6859375 0.03359375 0.0609375
0 0.3296875 0.6890625 0.04453125 0.05859375
0 0.45859375 0.703125 0.06171875 0.03203125
0 0.5296875 0.70625 0.06328125 0.03203125
0 0.5953125 0.70546875 0.05546875 0.03125
0 0.45390625 0.66171875 0.05546875 0.04140625
0 0.51796875 0.66640625 0.05 0.0421875
0 0.5796875 0.6625 0.05546875 0.04296875
0 0.66484375 0.70390625 0.05703125 0.0296875
0 0.72109375 0.70078125 0.0515625 0.0296875
0 0.7796875 0.7 0.06015625 0.03203125
0 0.83515625 0.6984375 0.0484375 0.028125
0 0.66171875 0.66640625 0.05546875 0.0390625
0 0.72109375 0.665625 0.05234375 0.0328125
0 0.77734375 0.665625 0.04609375 0.034375
0 0.834375 0.6640625 0.046875 0.03515625
0 0.05390625 0.83203125 0.09765625 0.0671875
0 0.1609375 0.82578125 0.04921875 0.08984375
0 0.19765625 0.759375 0.08203125 0.034375
0 0.28828125 0.828125 0.05859375 0.09609375
0 0.34453125 0.82734375 0.04296875 0.09296875
0 0.8140625 0.58125 0.0328125 0.0609375
0 0.76171875 0.57890625 0.0296875 0.065625
0 0.7265625 0.57890625 0.03671875 0.065625
0 0.67421875 0.5703125 0.0546875 0.078125
0 0.87890625 0.578125 0.02265625 0.05859375
0 0.78515625 0.57734375 0.0171875 0.06015625
0 0.0546875 0.71796875 0.04296875 0.04921875
0 0.1171875 0.67890625 0.059375 0.07578125
0 0.18359375 0.678125 0.06484375 0.0765625
0 0.9578125 0.40546875 0.084375 0.0734375
0 0.184375 0.46484375 0.0609375 0.07734375
0 0.25 0.465625 0.06328125 0.07578125
0 0.34453125 0.4671875 0.05859375 0.07734375
0 0.4109375 0.4671875 0.05234375 0.08359375
0 0.47265625 0.46484375 0.05703125 0.0796875
0 0.515625 0.75546875 0.065625 0.0421875
0 0.55078125 0.46640625 0.0546875 0.08203125
0 0.675 0.46953125 0.04140625 0.07265625
0 0.73359375 0.465625 0.059375 0.08671875
0 0.8 0.4625 0.06015625 0.0875
0 0.87421875 0.46796875 0.05546875 0.0734375
0 0.115625 0.571875 0.06171875 0.0796875
0 0.1765625 0.56953125 0.05703125 0.08125
0 0.2375 0.56875 0.053125 0.0828125
0 0.35859375 0.5671875 0.05234375 0.08046875
0 0.41640625 0.56875 0.05234375 0.08046875
0 0.490625 0.5703125 0.06171875 0.0828125
0 0.55078125 0.56953125 0.05390625 0.08671875
0 0.60625 0.46484375 0.04765625 0.0796875
0 0.21953125 0.828125 0.0640625 0.08515625