0 0.9140625 0.18515625 0.03828125 0.071875
0 0.95390625 0.18515625 0.03828125 0.07109375
0 0.86953125 0.39921875 0.0421875 0.08515625
0 0.91640625 0.4 0.0421875 0.08515625
0 0.959375 0.4 0.0421875 0.08515625
0 0.990625 0.3984375 0.01796875 0.0859375
0 0.70546875 0.49921875 0.021875 0.07734375
0 0.73515625 0.49921875 0.03203125 0.0796875
0 0.7765625 0.49765625 0.040625 0.08359375
0 0.85390625 0.50078125 0.03828125 0.07734375
0 0.8984375 0.5015625 0.04375 0.07734375
0 0.9453125 0.5015625 0.04375 0.07734375
0 0.37734375 0.6015625 0.034375 0.078125
0 0.41484375 0.6046875 0.034375 0.078125
0 0.45078125 0.60390625 0.03359375 0.07578125
0 0.4859375 0.60390625 0.03359375 0.07578125
0 0.52265625 0.6046875 0.03359375 0.07578125
0 0.8296875 0.40078125 0.03671875 0.084375
0 0.559375 0.60625 0.03359375 0.07578125
0 0.78828125 0.4 0.0375 0.084375
0 0.7140625 0.4 0.02265625 0.08203125
0 0.36171875 0.41484375 0.0140625 0.08515625
0 0.446875 0.4140625 0.040625 0.08203125
0 0.48828125 0.4046875 0.02890625 0.078125
0 0.52109375 0.41328125 0.03359375 0.08203125
0 0.559375 0.41484375 0.03359375 0.08203125
0 0.5984375 0.4125 0.03359375 0.08203125
0 0.6375 0.4125 0.03359375 0.08203125
0 0.37421875 0.51015625 0.03515625 0.0765625
0 0.4125 0.51015625 0.03515625 0.078125
0 0.44765625 0.5109375 0.03046875 0.0734375
0 0.48359375 0.5109375 0.034375 0.0765625
0 0.52109375 0.5125 0.034375 0.0765625
0 0.5578125 0.51171875 0.034375 0.0765625
0 0.59453125 0.51328125 0.034375 0.0765625
0 0.63203125 0.5140625 0.034375 0.0765625
0 0.74609375 0.4 0.03671875 0.084375
0 0.5953125 0.6078125 0.03359375 0.07578125
0 0.63125 0.6125 0.03359375 0.07578125
0 0.69921875 0.59609375 0.015625 0.08125
0 0.91328125 0.70390625 0.0484375 0.09375
0 0.9625 0.7078125 0.04140625 0.09140625
0 0.384375 0.7796875 0.0390625 0.06875
0 0.42734375 0.784375 0.03828125 0.06875
0 0.47421875 0.78671875 0.03828125 0.06953125
0 0.5171875 0.790625 0.040625 0.06953125
0 0.565625 0.79296875 0.040625 0.06953125
0 0.6140625 0.79609375 0.040625 0.06953125
0 0.69375 0.796875 0.01953125 0.0734375
0 0.72265625 0.79921875 0.034375 0.0765625
0 0.76171875 0.80078125 0.0375 0.07734375
0 0.79921875 0.80234375 0.03203125 0.07734375
0 0.83671875 0.80546875 0.03828125 0.078125
0 0.87734375 0.809375 0.0375 0.078125
0 0.92890625 0.809375 0.021875 0.0140625
0 0.86640625 0.70390625 0.0421875 0.0921875
0 0.821875 0.7015625 0.0421875 0.0921875
0 0.778125 0.70078125 0.0421875 0.0921875
0 0.734375 0.70078125 0.03828125 0.08828125
0 0.72890625 0.596875 0.03359375 0.08046875
0 0.76875 0.59765625 0.03359375 0.08046875
0 0.8078125 0.6015625 0.03515625 0.08046875
0 0.83984375 0.58515625 0.02578125 0.0671875
0 0.8890625 0.6 0.03984375 0.08359375
0 0.93203125 0.6046875 0.0390625 0.08359375
0 0.97578125 0.60546875 0.03984375 0.08359375
0 0.39609375 0.43671875 0.0421875 0.046875
0 0.37578125 0.69140625 0.03515625 0.07109375
0 0.44765625 0.6921875 0.02890625 0.07109375
0 0.48125 0.69296875 0.03125 0.071875
0 0.51640625 0.696875 0.03671875 0.071875
0 0.5546875 0.6984375 0.03671875 0.07109375
0 0.59296875 0.70078125 0.03671875 0.07109375
0 0.628125 0.70390625 0.03125 0.06953125
0 0.6984375 0.6984375 0.02578125 0.08828125
0 0.41328125 0.6921875 0.03515625 0.07109375
0 0.9125 0.78828125 0.0203125 0.01328125
0 0.38828125 0.38515625 0.03515625 0.05234375
0 0.9296875 0.29140625 0.04296875 0.0859375
0 0.28671875 0.68125 0.0328125 0.07890625
0 0.25234375 0.6796875 0.0328125 0.07890625
0 0.18828125 0.6765625 0.0328125 0.07890625
0 0.153125 0.67578125 0.0328125 0.07890625
0 0.11875 0.675 0.0328125 0.07890625
0 0.08359375 0.67265625 0.0328125 0.07890625
0 0.28125 0.5828125 0.03125 0.07109375
0 0.24921875 0.58359375 0.03125 0.071875
0 0.21484375 0.58359375 0.03046875 0.07265625
0 0.18203125 0.58359375 0.03125 0.071875
0 0.1484375 0.58203125 0.03125 0.071875
0 0.1140625 0.58046875 0.03359375 0.07109375
0 0.07890625 0.578125 0.03359375 0.07109375
0 0.28046875 0.49375 0.03125 0.07734375
0 0.24765625 0.49375 0.03125 0.07734375
0 0.08984375 0.76484375 0.03203125 0.0671875
0 0.12421875 0.76640625 0.03203125 0.0671875
0 0.15859375 0.78125 0.03125 0.046875
0 0.19140625 0.7703125 0.03046875 0.065625
0 0.87265625 0.18671875 0.03828125 0.07109375
0 0.82890625 0.1875 0.03828125 0.071875
0 0.7875 0.1890625 0.0421875 0.07109375
0 0.7265625 0.19140625 0.02421875 0.06953125
0 0.65078125 0.18984375 0.0296875 0.10625
0 0.61640625 0.18984375 0.03515625 0.10859375
0 0.578125 0.18828125 0.0375 0.1125
0 0.21640625 0.484375 0.02890625 0.0734375
0 0.540625 0.190625 0.0375 0.1125
0 0.4671875 0.20234375 0.02890625 0.0953125
0 0.4359375 0.2015625 0.02890625 0.0953125
0 0.403125 0.20234375 0.03359375 0.09609375
0 0.365625 0.2046875 0.034375 0.09453125
0 0.2875 0.7765625 0.03046875 0.06953125
0 0.25625 0.775 0.03046875 0.06953125
0 0.2234375 0.77265625 0.03046875 0.06953125
0 0.5015625 0.1953125 0.0328125 0.10390625
0 0.1765625 0.48984375 0.0328125 0.0734375
0 0.140625 0.48984375 0.0328125 0.0734375
0 0.10625 0.4890625 0.0328125 0.0734375
0 0.103125 0.20546875 0.03046875 0.06171875
0 0.06953125 0.20546875 0.03125 0.0609375
0 0.03359375 0.203125 0.03125 0.0609375
0 0.37109375 0.3125 0.03828125 0.0921875
0 0.4109375 0.3109375 0.034375 0.0921875
0 0.446875 0.3125 0.034375 0.0921875
0 0.48359375 0.31171875 0.034375 0.0921875
0 0.13671875 0.203125 0.03046875 0.0609375
0 0.521875 0.3109375 0.03515625 0.0921875
0 0.6015625 0.303125 0.03046875 0.08046875
0 0.63828125 0.30703125 0.0359375 0.08828125
0 0.72265625 0.2953125 0.0234375 0.08671875
0 0.75625 0.29375 0.0390625 0.08515625
0 0.7984375 0.29375 0.03828125 0.08515625
0 0.8390625 0.29453125 0.0390625 0.084375
0 0.8828125 0.29296875 0.03828125 0.08515625
0 0.56171875 0.3109375 0.03671875 0.09140625
0 0.975 0.290625 0.04296875 0.0859375
0 0.16875 0.203125 0.03046875 0.06171875
0 0.23984375 0.1953125 0.03125 0.075
0 0.0703125 0.490625 0.0328125 0.0734375
0 0.2765625 0.3984375 0.0328125 0.0796875
0 0.2390625 0.396875 0.0328125 0.08046875
0 0.1703125 0.396875 0.03359375 0.0796875
0 0.13515625 0.3953125 0.03359375 0.0796875
0 0.09921875 0.39453125 0.03359375 0.08046875
0 0.20390625 0.20390625 0.03359375 0.0625
0 0.0640625 0.39453125 0.03359375 0.0796875
0 0.2375 0.296875 0.03359375 0.08359375
0 0.20234375 0.2984375 0.03359375 0.08359375
0 0.16484375 0.296875 0.03359375 0.08359375
0 0.12890625 0.296875 0.03359375 0.08359375
0 0.09140625 0.296875 0.03359375 0.08359375
0 0.0546875 0.296875 0.03359375 0.08359375
0 0.27109375 0.19609375 0.02890625 0.078125
0 0.2734375 0.29765625 0.034375 0.08359375
0 0.959375 0.8109375 0.0328125 0.078125