0 0.884375 0.35 0.04375 0.025
0 0.49609375 0.565625 0.0921875 0.0328125
0 0.4109375 0.56171875 0.07890625 0.040625
0 0.19140625 0.5671875 0.11015625 0.0375
0 0.1125 0.52421875 0.0859375 0.03046875
0 0.08515625 0.57109375 0.065625 0.034375
0 0.96875 0.4515625 0.0484375 0.07265625
0 0.76484375 0.45 0.05 0.0828125
0 0.8390625 0.4609375 0.0421875 0.05703125
0 0.496875 0.53046875 0.09453125 0.028125
0 0.70625 0.4484375 0.0515625 0.084375
0 0.6578125 0.4546875 0.04453125 0.0796875
0 0.6078125 0.46640625 0.0421875 0.0484375
0 0.5703125 0.471875 0.02890625 0.05625
0 0.6359375 0.2421875 0.03125 0.03125
0 0.88828125 0.45546875 0.05546875 0.07265625
0 0.5953125 0.53046875 0.09296875 0.03046875
0 0.58125 0.27421875 0.04140625 0.02578125
0 0.70234375 0.54921875 0.0921875 0.06875
0 0.3328125 0.24375 0.046875 0.01796875
0 0.32734375 0.27578125 0.04921875 0.02578125
0 0.3984375 0.2609375 0.02578125 0.0640625
0 0.43203125 0.25625 0.0296875 0.0671875
0 0.471875 0.2234375 0.0484375 0.0265625
0 0.47578125 0.253125 0.04609375 0.02109375
0 0.47421875 0.275 0.04765625 0.021875
0 0.0609375 0.2640625 0.05 0.0453125
0 0.175 0.26328125 0.03359375 0.0625
0 0.2109375 0.26015625 0.034375 0.0625
0 0.2578125 0.246875 0.04609375 0.03046875
0 0.26015625 0.275 0.03984375 0.0234375
0 0.5234375 0.24375 0.0484375 0.0296875
0 0.528125 0.27421875 0.0546875 0.02265625
0 0.63359375 0.26953125 0.0359375 0.021875
0 0.6046875 0.56953125 0.0984375 0.0265625
0 0.68046875 0.25546875 0.028125 0.0609375
0 0.71171875 0.2515625 0.03359375 0.06875
0 0.753125 0.24765625 0.04375 0.06484375
0 0.70546875 0.36484375 0.040625 0.05
0 0.746875 0.35703125 0.0421875 0.06484375
0 0.78359375 0.36328125 0.025 0.06953125
0 0.8296875 0.3796875 0.0453125 0.02734375
0 0.490625 0.4625 0.028125 0.06015625
0 0.45 0.45703125 0.0375 0.06171875
0 0.40625 0.46171875 0.03984375 0.06171875
0 0.3671875 0.45703125 0.0296875 0.05390625
0 0.33046875 0.46015625 0.0328125 0.05234375
0 0.2734375 0.46796875 0.034375 0.053125
0 0.23515625 0.4671875 0.0390625 0.0609375
0 0.1875 0.4671875 0.040625 0.0578125
0 0.13984375 0.46796875 0.04375 0.0546875
0 0.0671875 0.44375 0.04296875 0.03671875
0 0.071875 0.478125 0.0390625 0.02421875
0 0.02890625 0.46640625 0.025 0.059375
0 0.88046875 0.37890625 0.04609375 0.0265625
0 0.6546875 0.36484375 0.034375 0.0578125
0 0.82890625 0.34765625 0.0546875 0.0296875
0 0.62109375 0.36484375 0.0296875 0.0546875
0 0.546875 0.3640625 0.03046875 0.0578125
0 0.8 0.26953125 0.0515625 0.0296875
0 0.853125 0.271875 0.04765625 0.0234375
0 0.84921875 0.2375 0.0546875 0.03125
0 0.92265625 0.2375 0.06171875 0.1078125
0 0.97890625 0.24296875 0.04140625 0.0859375
0 0.04921875 0.35234375 0.04609375 0.0734375
0 0.10703125 0.35078125 0.04609375 0.075
0 0.1671875 0.36875 0.0328125 0.053125
0 0.52890625 0.4609375 0.0421875 0.0609375
0 0.20390625 0.36328125 0.03359375 0.06328125
0 0.25625 0.3796875 0.04765625 0.0203125
0 0.30078125 0.3640625 0.03046875 0.05078125
0 0.34765625 0.3796875 0.0484375 0.03125
0 0.39609375 0.365625 0.028125 0.05546875
0 0.4359375 0.3671875 0.02890625 0.0546875
0 0.46796875 0.3671875 0.034375 0.05546875
0 0.50625 0.36796875 0.0390625 0.05625
0 0.58515625 0.36328125 0.0390625 0.05859375
0 0.253125 0.35 0.05078125 0.03359375
0 0.8953125 0.86796875 0.08984375 0.0234375
0 0.8546875 0.65546875 0.0265625 0.0546875
0 0.68125 0.75625 0.03515625 0.0515625
0 0.64140625 0.75234375 0.028125 0.05546875
0 0.60703125 0.75546875 0.03515625 0.0609375
0 0.553125 0.7375 0.046875 0.07421875
0 0.50546875 0.740625 0.02890625 0.07421875
0 0.4703125 0.74140625 0.034375 0.07578125
0 0.4140625 0.74921875 0.046875 0.06171875
0 0.36015625 0.74765625 0.04375 0.06015625
0 0.296875 0.77109375 0.0671875 0.03046875
0 0.29140625 0.7296875 0.06015625 0.04140625
0 0.20703125 0.73359375 0.06015625 0.04453125
0 0.21171875 0.771875 0.059375 0.0203125
0 0.13984375 0.7703125 0.04453125 0.028125
0 0.14140625 0.73671875 0.0328125 0.03359375
0 0.09921875 0.74453125 0.03046875 0.0609375
0 0.05078125 0.7453125 0.03515625 0.06484375
0 0.9484375 0.6734375 0.053125 0.02265625
0 0.94609375 0.6515625 0.0578125 0.0171875
0 0.93984375 0.6296875 0.0453125 0.021875
0 0.7203125 0.753125 0.03125 0.04609375
0 0.75625 0.75 0.0265625 0.05859375
0 0.7828125 0.74609375 0.0234375 0.05703125
0 0.81171875 0.7484375 0.0328125 0.0625
0 0.80859375 0.86484375 0.065625 0.03515625
0 0.79609375 0.8234375 0.06875 0.040625
0 0.70078125 0.8109375 0.084375 0.02578125
0 0.72265625 0.86640625 0.09375 0.04609375
0 0.61796875 0.87109375 0.0859375 0.03359375
0 0.61328125 0.83203125 0.0765625 0.03359375
0 0.52578125 0.88125 0.0734375 0.0265625
0 0.52890625 0.85234375 0.078125 0.02578125
0 0.525 0.821875 0.0859375 0.03125
0 0.90078125 0.6625 0.0234375 0.04453125
0 0.425 0.8140625 0.06875 0.021875
0 0.42578125 0.8796875 0.103125 0.0390625
0 0.34453125 0.88046875 0.04765625 0.0375
0 0.35078125 0.8390625 0.05078125 0.04140625
0 0.2625 0.853125 0.05234375 0.0859375
0 0.20390625 0.8546875 0.05859375 0.09140625
0 0.0921875 0.8546875 0.14140625 0.084375
0 0.9484375 0.74765625 0.05625 0.065625
0 0.89609375 0.74921875 0.04296875 0.0671875
0 0.85234375 0.7453125 0.0421875 0.06015625
0 0.4296875 0.8453125 0.09453125 0.02890625
0 0.878125 0.65859375 0.02109375 0.0578125
0 0.31171875 0.5671875 0.0875 0.040625
0 0.81875 0.6546875 0.03125 0.05625
0 0.89375 0.828125 0.09140625 0.04140625
0 0.7921875 0.55859375 0.075 0.0390625
0 0.81484375 0.52890625 0.0796875 0.0171875
0 0.89140625 0.5625 0.0765625 0.0421875
0 0.95 0.53046875 0.084375 0.01796875
0 0.0421875 0.67421875 0.0421875 0.0359375
0 0.09140625 0.6765625 0.04296875 0.03203125
0 0.0890625 0.64609375 0.03828125 0.02890625
0 0.1390625 0.6453125 0.0546875 0.025
0 0.146875 0.675 0.04375 0.0265625
0 0.2015625 0.65390625 0.03359375 0.059375
0 0.2515625 0.64609375 0.03828125 0.0734375
0 0.32421875 0.65625 0.03515625 0.05703125
0 0.96953125 0.56328125 0.0609375 0.040625
0 0.39609375 0.64453125 0.025 0.0765625
0 0.36484375 0.646875 0.0296875 0.08125
0 0.76953125 0.6484375 0.0515625 0.021875
0 0.77265625 0.67265625 0.04453125 0.0265625
0 0.6609375 0.67578125 0.03828125 0.021875
0 0.6640625 0.6546875 0.03359375 0.01875
0 0.715625 0.671875 0.04609375 0.03125
0 0.6140625 0.63671875 0.040625 0.0609375
0 0.57578125 0.6359375 0.034375 0.0609375
0 0.53359375 0.6453125 0.0421875 0.0796875
0 0.49375 0.65078125 0.0296875 0.06953125
0 0.43359375 0.64921875 0.046875 0.07734375
0 0.6640625 0.625 0.0484375 0.02578125