0 0.803125 0.425 0.1015625 0.03828125
0 0.16953125 0.521875 0.09453125 0.04140625
0 0.0734375 0.4765625 0.096875 0.04453125
0 0.9046875 0.42578125 0.0953125 0.03984375
0 0.91171875 0.38359375 0.109375 0.03828125
0 0.4859375 0.4203125 0.06640625 0.0375
0 0.8046875 0.38125 0.096875 0.03828125
0 0.71484375 0.38359375 0.07734375 0.04140625
0 0.59609375 0.4203125 0.15078125 0.03984375
0 0.60078125 0.37890625 0.14609375 0.03984375
0 0.06875 0.5203125 0.0875 0.04140625
0 0.7109375 0.42421875 0.07578125 0.03828125
0 0.2921875 0.525 0.06640625 0.0375
0 0.6828125 0.5265625 0.08515625 0.0390625
0 0.46640625 0.49140625 0.0671875 0.03515625
0 0.534375 0.4921875 0.05703125 0.03671875
0 0.60078125 0.49296875 0.06796875 0.03359375
0 0.3890625 0.528125 0.08203125 0.03671875
0 0.46640625 0.528125 0.0671875 0.03671875
0 0.5375 0.53046875 0.06953125 0.034375
0 0.6046875 0.53203125 0.06484375 0.03359375
0 0.77890625 0.490625 0.1046875 0.0375
0 0.784375 0.53046875 0.10546875 0.0390625
0 0.8890625 0.490625 0.09921875 0.03828125
0 0.890625 0.53203125 0.096875 0.0390625
0 0.9703125 0.4921875 0.059375 0.03828125
0 0.38359375 0.48984375 0.0609375 0.034375
0 0.41484375 0.41953125 0.06640625 0.03828125
0 0.88359375 0.7546875 0.07265625 0.0375
0 0.24296875 0.4171875 0.09140625 0.040625
0 0.73984375 0.93203125 0.1 0.03359375
0 0.78203125 0.89921875 0.05234375 0.02421875
0 0.72265625 0.9015625 0.05625 0.02421875
0 0.77421875 0.871875 0.05234375 0.01796875
0 0.71484375 0.87734375 0.059375 0.02109375
0 0.73984375 0.846875 0.1 0.0171875
0 0.6078125 0.92890625 0.1484375 0.0421875
0 0.6046875 0.87890625 0.1453125 0.0484375
0 0.44921875 0.9265625 0.15234375 0.0453125
0 0.45234375 0.875 0.1515625 0.0515625
0 0.309375 0.9046875 0.10234375 0.08671875
0 0.175 0.87890625 0.14453125 0.09375
0 0.04140625 0.846875 0.07421875 0.03984375
0 0.0296875 0.91328125 0.05703125 0.046875
0 0.971875 0.5328125 0.05625 0.03515625
0 0.4515625 0.7890625 0.06015625 0.03828125
0 0.51953125 0.79140625 0.06796875 0.03984375
0 0.725 0.70625 0.0703125 0.0390625
0 0.5171875 0.7484375 0.06328125 0.0359375
0 0.453125 0.7484375 0.0578125 0.0375
0 0.65234375 0.75390625 0.06484375 0.0328125
0 0.58359375 0.75 0.05859375 0.0390625
0 0.64921875 0.71328125 0.071875 0.03828125
0 0.83984375 0.93359375 0.09375 0.03828125
0 0.58046875 0.70234375 0.053125 0.03671875
0 0.4515625 0.70859375 0.06328125 0.034375
0 0.39609375 0.690625 0.04296875 0.02265625
0 0.38984375 0.72578125 0.05625 0.02578125
0 0.38515625 0.75390625 0.0671875 0.02265625
0 0.65859375 0.790625 0.05703125 0.03671875
0 0.334375 0.41953125 0.08515625 0.04296875
0 0.5171875 0.7078125 0.059375 0.034375
0 0.940625 0.9328125 0.1 0.03671875
0 0.83359375 0.87421875 0.05234375 0.021875
0 0.89453125 0.87734375 0.0515625 0.02265625
0 0.60546875 0.6078125 0.053125 0.0296875
0 0.60859375 0.6421875 0.05703125 0.03046875
0 0.68125 0.6 0.0921875 0.03828125
0 0.7796875 0.5984375 0.09296875 0.03671875
0 0.77890625 0.6390625 0.09765625 0.0390625
0 0.68359375 0.6421875 0.090625 0.0375
0 0.48046875 0.6375 0.06171875 0.034375
0 0.8734375 0.603125 0.0921875 0.02890625
0 0.87734375 0.640625 0.09609375 0.04140625
0 0.9671875 0.64375 0.065625 0.0375
0 0.0390625 0.7609375 0.075 0.08828125
0 0.14296875 0.76640625 0.1234375 0.08828125
0 0.27890625 0.76796875 0.12890625 0.08515625
0 0.3859375 0.7875 0.059375 0.040625
0 0.9625 0.6015625 0.075 0.04140625
0 0.72421875 0.7453125 0.06796875 0.03984375
0 0.54609375 0.6390625 0.0578125 0.0359375
0 0.4828125 0.60234375 0.0640625 0.03515625
0 0.90390625 0.90078125 0.05546875 0.0203125
0 0.8421875 0.90078125 0.059375 0.01953125
0 0.9640625 0.8703125 0.071875 0.01953125
0 0.9671875 0.8984375 0.065625 0.021875
0 0.03125 0.58046875 0.06015625 0.03671875
0 0.02265625 0.61953125 0.04375 0.0421875
0 0.5484375 0.5984375 0.05859375 0.0375
0 0.09140625 0.62421875 0.06953125 0.0453125
0 0.26796875 0.58828125 0.0875 0.04296875
0 0.33671875 0.59296875 0.04375 0.04140625
0 0.3390625 0.6390625 0.0453125 0.046875
0 0.26640625 0.6328125 0.0828125 0.04140625
0 0.40703125 0.5953125 0.07421875 0.03515625
0 0.40625 0.6375 0.0828125 0.04140625
0 0.17734375 0.62890625 0.07890625 0.04375
0 0.72890625 0.790625 0.07734375 0.04140625
0 0.58828125 0.78984375 0.06484375 0.04140625
0 0.8859375 0.79375 0.07421875 0.03828125
0 0.41328125 0.28125 0.0640625 0.025
0 0.575 0.3140625 0.10859375 0.0359375
0 0.5734375 0.27421875 0.1015625 0.03671875
0 0.67265625 0.3046875 0.07109375 0.05703125
0 0.74921875 0.3046875 0.071875 0.059375
0 0.75078125 0.25546875 0.071875 0.03359375
0 0.67265625 0.2578125 0.06484375 0.03359375
0 0.58046875 0.2453125 0.1 0.02109375
0 0.4890625 0.2546875 0.059375 0.03671875
0 0.421875 0.25234375 0.0640625 0.03203125
0 0.02578125 0.25625 0.0484375 0.05234375
0 0.02578125 0.303125 0.0484375 0.03515625
0 0.11015625 0.3046875 0.10703125 0.0375
0 0.2203125 0.30625 0.109375 0.040625
0 0.3265625 0.309375 0.1 0.03828125
0 0.8078125 0.79296875 0.0765625 0.0390625
0 0.22109375 0.2625 0.11015625 0.04296875
0 0.10859375 0.2609375 0.1078125 0.04609375
0 0.06875 0.190625 0.07421875 0.0421875
0 0.48046875 0.28671875 0.065625 0.0234375
0 0.14609375 0.19140625 0.06953125 0.04140625
0 0.4796875 0.31484375 0.06015625 0.03359375
0 0.81875 0.3046875 0.065625 0.05703125
0 0.15625 0.4140625 0.08046875 0.03984375
0 0.06640625 0.4109375 0.07734375 0.040625
0 0.490625 0.3796875 0.06171875 0.040625
0 0.41875 0.37734375 0.071875 0.0390625
0 0.33359375 0.37421875 0.0828125 0.0453125
0 0.2421875 0.371875 0.08671875 0.04765625
0 0.15078125 0.371875 0.0828125 0.0390625
0 0.06328125 0.36328125 0.0765625 0.04453125
0 0.9546875 0.2046875 0.090625 0.034375
0 0.95390625 0.165625 0.0921875 0.040625
0 0.95625 0.12421875 0.0875 0.04140625
0 0.67578125 0.20078125 0.15390625 0.03515625
0 0.67578125 0.16015625 0.15625 0.0328125
0 0.83125 0.20390625 0.140625 0.0359375
0 0.8328125 0.16015625 0.140625 0.03359375
0 0.8328125 0.11875 0.14453125 0.040625
0 0.678125 0.11796875 0.14921875 0.046875
0 0.95703125 0.30703125 0.0671875 0.0546875
0 0.8859375 0.3046875 0.0640625 0.059375
0 0.4125 0.3125 0.06484375 0.0359375
0 0.14609375 0.1453125 0.0703125 0.0390625
0 0.33984375 0.26953125 0.07578125 0.02734375
0 0.42265625 0.19921875 0.059375 0.03515625
0 0.8046875 0.7546875 0.07734375 0.03515625
0 0.803125 0.71484375 0.08046875 0.03671875
0 0.88203125 0.715625 0.06953125 0.03828125
0 0.95625 0.71171875 0.07421875 0.0375
0 0.9609375 0.753125 0.075 0.03828125
0 0.9625 0.7953125 0.075 0.0390625
0 0.06484375 0.0984375 0.0734375 0.0484375
0 0.1453125 0.0984375 0.07890625 0.046875
0 0.21953125 0.159375 0.05703125 0.03984375
0 0.28203125 0.12265625 0.05625 0.034375
0 0.35078125 0.12265625 0.065625 0.04140625
0 0.4203125 0.11640625 0.06015625 0.03671875
0 0.4984375 0.11484375 0.06796875 0.0359375
0 0.0671875 0.146875 0.07421875 0.03984375
0 0.56796875 0.1203125 0.065625 0.034375
0 0.49609375 0.19921875 0.06015625 0.03984375
0 0.4203125 0.159375 0.06171875 0.0375
0 0.5640625 0.159375 0.06328125 0.03671875
0 0.56171875 0.2015625 0.0625 0.03671875
0 0.49453125 0.15703125 0.06015625 0.03515625