0 0.1109375 0.58046875 0.04765625 0.078125
0 0.896875 0.3875 0.028125 0.06875
0 0.43984375 0.53515625 0.05546875 0.09921875
0 0.3828125 0.54453125 0.05546875 0.08046875
0 0.3296875 0.5765625 0.03359375 0.05234375
0 0.27578125 0.59296875 0.0703125 0.03203125
0 0.2625 0.55078125 0.0484375 0.01796875
0 0.21640625 0.571875 0.03125 0.071875
0 0.18125 0.57265625 0.034375 0.071875
0 0.146875 0.5734375 0.025 0.08046875
0 0.06640625 0.59140625 0.028125 0.08046875
0 0.02734375 0.59296875 0.05078125 0.08359375
0 0.51484375 0.5296875 0.07890625 0.0921875
0 0.98125 0.38671875 0.0375 0.0578125
0 0.85859375 0.39140625 0.0390625 0.0765625
0 0.828125 0.3984375 0.02265625 0.07265625
0 0.79609375 0.40390625 0.02890625 0.0765625
0 0.76796875 0.4015625 0.028125 0.078125
0 0.7171875 0.39765625 0.02890625 0.09609375
0 0.67734375 0.40859375 0.04921875 0.08046875
0 0.62578125 0.41484375 0.053125 0.06640625
0 0.56796875 0.415625 0.04609375 0.07578125
0 0.51484375 0.41484375 0.06015625 0.0921875
0 0.4359375 0.415625 0.053125 0.08984375
0 0.93984375 0.39140625 0.05078125 0.06484375
0 0.384375 0.42265625 0.05078125 0.09921875
0 0.57421875 0.5234375 0.0390625 0.09453125
0 0.66875 0.52578125 0.03984375 0.07421875
0 0.52890625 0.66953125 0.06953125 0.05390625
0 0.47421875 0.65546875 0.040625 0.08125
0 0.43203125 0.6609375 0.03984375 0.08828125
0 0.3921875 0.6671875 0.0421875 0.08828125
0 0.34609375 0.70234375 0.03828125 0.034375
0 0.303125 0.70390625 0.04140625 0.034375
0 0.2546875 0.6890625 0.0328125 0.07421875
0 0.221875 0.69140625 0.03046875 0.07421875
0 0.17890625 0.69921875 0.0453125 0.0625
0 0.14296875 0.70546875 0.02421875 0.06796875
0 0.6265625 0.53359375 0.0421875 0.05859375
0 0.1078125 0.71640625 0.03515625 0.0671875
0 0.0234375 0.725 0.040625 0.0734375
0 0.98125 0.490625 0.0359375 0.078125
0 0.94921875 0.49453125 0.03046875 0.06953125
0 0.91484375 0.49609375 0.03203125 0.0765625
0 0.8796875 0.503125 0.03203125 0.0625
0 0.84765625 0.509375 0.03671875 0.07421875
0 0.8125 0.4984375 0.0328125 0.0953125
0 0.7796875 0.5 0.03359375 0.0953125
0 0.75 0.521875 0.02421875 0.053125
0 0.7109375 0.515625 0.034375 0.08046875
0 0.07109375 0.7203125 0.0375 0.07578125
0 0.58828125 0.61875 0.0484375 0.04140625
0 0.33203125 0.42265625 0.05390625 0.09453125
0 0.24140625 0.43125 0.046875 0.0921875
0 0.053125 0.30234375 0.04765625 0.09375
0 0.975 0.15078125 0.034375 0.07734375
0 0.9296875 0.14765625 0.05546875 0.090625
0 0.88359375 0.14765625 0.03671875 0.090625
0 0.825 0.13515625 0.04296875 0.08515625
0 0.7875 0.1484375 0.04609375 0.10078125
0 0.7421875 0.16171875 0.04453125 0.0796875
0 0.696875 0.1546875 0.04140625 0.06953125
0 0.65859375 0.16875 0.034375 0.04140625
0 0.60546875 0.1546875 0.05546875 0.08203125
0 0.0984375 0.30078125 0.04296875 0.096875
0 0.55234375 0.153125 0.04296875 0.0796875
0 0.48203125 0.13828125 0.034375 0.11015625
0 0.44296875 0.13359375 0.05546875 0.13046875
0 0.3796875 0.153125 0.07109375 0.09140625
0 0.31875 0.1515625 0.05078125 0.0828125
0 0.28046875 0.175 0.0265625 0.03515625
0 0.23203125 0.13828125 0.06015625 0.10859375
0 0.175 0.14296875 0.04765625 0.09375
0 0.1234375 0.1515625 0.04765625 0.0953125
0 0.0765625 0.16171875 0.04609375 0.0796875
0 0.025 0.16796875 0.04765625 0.06171875
0 0.51484375 0.1578125 0.03125 0.07109375
0 0.28359375 0.4265625 0.0390625 0.09921875
0 0.134375 0.30234375 0.034375 0.0953125
0 0.20859375 0.296875 0.028125 0.06953125
0 0.18984375 0.43828125 0.05546875 0.0875
0 0.1171875 0.4453125 0.0671875 0.0734375
0 0.0578125 0.45625 0.03046875 0.07578125
0 0.02265625 0.45390625 0.0421875 0.08046875
0 0.96640625 0.26328125 0.06015625 0.06171875
0 0.91796875 0.27734375 0.03828125 0.0734375
0 0.87421875 0.27578125 0.0484375 0.07734375
0 0.82734375 0.278125 0.0484375 0.09140625
0 0.76796875 0.2859375 0.053125 0.0671875
0 0.68515625 0.31171875 0.03984375 0.01640625
0 0.17265625 0.30546875 0.04296875 0.0875
0 0.68359375 0.27421875 0.04296875 0.04375
0 0.60390625 0.28203125 0.0421875 0.09453125
0 0.5703125 0.31015625 0.03203125 0.02734375
0 0.5703125 0.27734375 0.03203125 0.02109375
0 0.5265625 0.28359375 0.05546875 0.09140625
0 0.47109375 0.28359375 0.04609375 0.08515625
0 0.428125 0.3 0.04765625 0.0890625
0 0.3890625 0.30546875 0.03125 0.0875
0 0.34921875 0.3 0.04765625 0.07578125
0 0.29765625 0.2875 0.04609375 0.09453125
0 0.25390625 0.290625 0.04140625 0.10078125
0 0.64140625 0.28046875 0.03203125 0.096875
0 0.58515625 0.6578125 0.0328125 0.0390625
0 0.52890625 0.62421875 0.05703125 0.03828125
0 0.65703125 0.63359375 0.040625 0.08984375
0 0.40078125 0.81640625 0.06953125 0.08046875
0 0.47578125 0.809375 0.0421875 0.0953125
0 0.5796875 0.778125 0.03828125 0.08984375
0 0.64140625 0.77734375 0.0546875 0.0796875
0 0.68984375 0.76640625 0.0390625 0.06875
0 0.7234375 0.7546875 0.03046875 0.08515625
0 0.3125 0.8390625 0.053125 0.0859375
0 0.7578125 0.7546875 0.02890625 0.0828125
0 0.8359375 0.7390625 0.04375 0.0734375
0 0.8890625 0.7390625 0.05234375 0.06875
0 0.92578125 0.72890625 0.025 0.0640625
0 0.95625 0.72109375 0.0328125 0.065625
0 0.62109375 0.65234375 0.01875 0.06015625
0 0.9875 0.71953125 0.025 0.08125
0 0.7953125 0.74921875 0.0390625 0.0796875
0 0.1984375 0.83671875 0.0796875 0.0140625
0 0.53203125 0.77890625 0.04375 0.09375
0 0.17734375 0.88671875 0.10546875 0.0203125
0 0.8484375 0.6046875 0.03125 0.06953125
0 0.734375 0.62265625 0.03125 0.0765625
0 0.69921875 0.62578125 0.03671875 0.0796875
0 0.24921875 0.87109375 0.015625 0.03515625
0 0.8859375 0.59921875 0.04296875 0.06953125
0 0.81015625 0.61640625 0.0375 0.07109375
0 0.96328125 0.59609375 0.0328125 0.0640625
0 0.92421875 0.5984375 0.03125 0.06953125
0 0.0296875 0.81875 0.028125 0.03671875
0 0.06953125 0.8265625 0.034375 0.034375
0 0.0390625 0.86171875 0.028125 0.03203125
0 0.08203125 0.86171875 0.034375 0.02578125
0 0.0703125 0.90546875 0.078125 0.0171875
0 0.9921875 0.59921875 0.015625 0.05625
0 0.77109375 0.61796875 0.03515625 0.0765625