0 0.509375 0.8765625 0.06328125 0.12265625
0 0.3046875 0.9375 0.05234375 0.03671875
0 0.45 0.88203125 0.04765625 0.1109375
0 0.40546875 0.88984375 0.04296875 0.1203125
0 0.3546875 0.9359375 0.04375 0.04375
0 0.23515625 0.9125 0.05078125 0.1234375
0 0.921875 0.5703125 0.0359375 0.0953125
0 0.11875 0.9296875 0.04140625 0.11875
0 0.88203125 0.5734375 0.04296875 0.090625
0 0.8390625 0.575 0.0390625 0.09375
0 0.03359375 0.775 0.05390625 0.10625
0 0.7546875 0.57890625 0.04453125 0.0921875
0 0.690625 0.5796875 0.06171875 0.0984375
0 0.63203125 0.5828125 0.05 0.10546875
0 0.58203125 0.5828125 0.04453125 0.1078125
0 0.52578125 0.58828125 0.05859375 0.1078125
0 0.08203125 0.77421875 0.04375 0.1140625
0 0.15078125 0.7921875 0.053125 0.046875
0 0.21328125 0.76015625 0.06328125 0.096875
0 0.27734375 0.7546875 0.06015625 0.1046875
0 0.33359375 0.7515625 0.0515625 0.0984375
0 0.1734375 0.921875 0.06640625 0.1078125
0 0.384375 0.74609375 0.046875 0.1046875
0 0.46953125 0.73125 0.04609375 0.121875
0 0.528125 0.725 0.06640625 0.1109375
0 0.58671875 0.72109375 0.04765625 0.103125
0 0.63984375 0.71640625 0.06015625 0.1
0 0.690625 0.7171875 0.040625 0.1015625
0 0.72890625 0.7140625 0.0359375 0.09453125
0 0.76796875 0.71015625 0.0421875 0.09375
0 0.8109375 0.7078125 0.04453125 0.09765625
0 0.8828125 0.7 0.0515625 0.08671875
0 0.9609375 0.565625 0.03671875 0.090625
0 0.9265625 0.69453125 0.03515625 0.09765625
0 0.96328125 0.6890625 0.03828125 0.090625
0 0.071875 0.928125 0.0453125 0.128125
0 0.428125 0.75234375 0.03671875 0.06953125
0 0.79453125 0.578125 0.03046875 0.084375
0 0.69921875 0.446875 0.05859375 0.09375
0 0.41953125 0.60234375 0.03671875 0.09375
0 0.80859375 0.16484375 0.02734375 0.0953125
0 0.83359375 0.1625 0.02109375 0.1
0 0.8609375 0.16484375 0.03515625 0.1046875
0 0.88984375 0.1640625 0.02421875 0.10703125
0 0.91796875 0.1640625 0.02734375 0.1078125
0 0.95078125 0.16484375 0.03828125 0.109375
0 0.78359375 0.1640625 0.0234375 0.09296875
0 0.05546875 0.309375 0.0671875 0.1296875
0 0.1875 0.30546875 0.0578125 0.11171875
0 0.2765625 0.3390625 0.07421875 0.040625
0 0.3453125 0.30625 0.06015625 0.1078125
0 0.40078125 0.30625 0.05078125 0.109375
0 0.44375 0.3046875 0.03515625 0.11015625
0 0.4828125 0.30703125 0.04453125 0.10703125
0 0.125 0.3125 0.0703125 0.1234375
0 0.5234375 0.303125 0.03515625 0.109375
0 0.75078125 0.15234375 0.0328125 0.1203125
0 0.67578125 0.1484375 0.0375 0.12890625
0 0.090625 0.1453125 0.05703125 0.115625
0 0.16328125 0.15703125 0.03984375 0.09375
0 0.20234375 0.16171875 0.0375 0.084375
0 0.24453125 0.1390625 0.046875 0.12734375
0 0.28359375 0.14609375 0.03125 0.1140625
0 0.31171875 0.13984375 0.02578125 0.1234375
0 0.715625 0.153125 0.0375 0.1203125
0 0.3453125 0.14140625 0.03984375 0.11875
0 0.48359375 0.15 0.040625 0.11484375
0 0.521875 0.15234375 0.03515625 0.1203125
0 0.55703125 0.153125 0.03671875 0.1140625
0 0.56875 0.875 0.04765625 0.1046875
0 0.5953125 0.15 0.03984375 0.1171875
0 0.63359375 0.1515625 0.03515625 0.11484375
0 0.44296875 0.1578125 0.03984375 0.1
0 0.46640625 0.59296875 0.05859375 0.1140625
0 0.5640625 0.3046875 0.0453125 0.1078125
0 0.67421875 0.3046875 0.053125 0.1078125
0 0.64140625 0.4484375 0.04375 0.09375
0 0.75234375 0.4421875 0.0484375 0.10234375
0 0.79609375 0.440625 0.03828125 0.1
0 0.83828125 0.44296875 0.04609375 0.096875
0 0.88203125 0.44375 0.03984375 0.09453125
0 0.94140625 0.43984375 0.046875 0.09296875
0 0.60234375 0.4515625 0.02890625 0.09375
0 0.98203125 0.4390625 0.03515625 0.09375
0 0.0984375 0.6171875 0.0515625 0.11953125
0 0.1578125 0.6109375 0.0640625 0.115625
0 0.2140625 0.60859375 0.0484375 0.11875
0 0.275 0.62578125 0.0515625 0.0828125
0 0.328125 0.60703125 0.0515625 0.09375
0 0.3765625 0.60546875 0.046875 0.096875
0 0.03984375 0.625 0.0640625 0.103125
0 0.61015625 0.30625 0.04765625 0.11015625
0 0.56484375 0.45 0.04296875 0.096875
0 0.46015625 0.45390625 0.04921875 0.1015625
0 0.73125 0.303125 0.05625 0.1046875
0 0.78828125 0.303125 0.05703125 0.10546875
0 0.83203125 0.30546875 0.03359375 0.1
0 0.871875 0.3046875 0.04453125 0.0984375
0 0.91328125 0.3078125 0.040625 0.0890625
0 0.9546875 0.3109375 0.03984375 0.09375
0 0.5109375 0.45078125 0.0515625 0.109375
0 0.98515625 0.31171875 0.02265625 0.090625
0 0.10234375 0.471875 0.05546875 0.11328125
0 0.153125 0.46484375 0.0421875 0.1015625
0 0.20078125 0.4625 0.053125 0.10703125
0 0.2625 0.46171875 0.0609375 0.10625
0 0.36640625 0.4578125 0.0546875 0.1015625
0 0.41328125 0.465625 0.03515625 0.0859375
0 0.0453125 0.46953125 0.05234375 0.1078125
0 0.61640625 0.8671875 0.04453125 0.11875
0 0.03359375 0.14375 0.05390625 0.115625
0 0.70859375 0.85390625 0.03515625 0.1125
0 0.74921875 0.85078125 0.0421875 0.0921875
0 0.79453125 0.8453125 0.03828125 0.10390625
0 0.8390625 0.840625 0.05078125 0.09765625
0 0.92109375 0.8234375 0.04921875 0.0984375
0 0.9703125 0.8265625 0.0453125 0.0921875
0 0.6671875 0.859375 0.04921875 0.1046875