0 0.1890625 0.60859375 0.04453125 0.02265625
0 0.2421875 0.60703125 0.04375 0.02421875
0 0.29140625 0.6078125 0.0453125 0.0234375
0 0.340625 0.60859375 0.0453125 0.02265625
0 0.515625 0.68203125 0.04453125 0.02421875
0 0.38828125 0.6078125 0.04140625 0.0234375
0 0.46640625 0.6828125 0.040625 0.02265625
0 0.1390625 0.60703125 0.046875 0.025
0 0.60859375 0.6828125 0.0421875 0.02265625
0 0.43828125 0.61015625 0.04296875 0.0234375
0 0.51015625 0.76015625 0.03828125 0.0234375
0 0.58671875 0.6375 0.0375 0.0203125
0 0.2734375 0.7578125 0.0421875 0.0234375
0 0.3203125 0.75859375 0.0390625 0.0234375
0 0.3671875 0.76015625 0.046875 0.02109375
0 0.415625 0.76015625 0.04140625 0.0203125
0 0.4640625 0.75859375 0.04765625 0.0234375
0 0.55546875 0.7609375 0.04375 0.0234375
0 0.60703125 0.7625 0.03984375 0.0234375
0 0.0796875 0.78515625 0.04296875 0.0234375
0 0.17734375 0.78203125 0.04375 0.02265625
0 0.12890625 0.78203125 0.0453125 0.0203125
0 0.08671875 0.609375 0.0453125 0.021875
0 0.371875 0.68125 0.0390625 0.02265625
0 0.17578125 0.75859375 0.04453125 0.025
0 0.48828125 0.609375 0.04609375 0.02421875
0 0.3640625 0.78203125 0.040625 0.0203125
0 0.32109375 0.7828125 0.03671875 0.021875
0 0.278125 0.78203125 0.04375 0.01953125
0 0.41875 0.68046875 0.04296875 0.02265625
0 0.4703125 0.70625 0.040625 0.01953125
0 0.5125 0.70625 0.03828125 0.01953125
0 0.41015625 0.78125 0.0390625 0.02109375
0 0.5609375 0.7078125 0.0453125 0.01953125
0 0.0796875 0.6796875 0.04296875 0.0234375
0 0.12578125 0.6796875 0.046875 0.021875
0 0.1765625 0.67890625 0.0453125 0.025
0 0.2265625 0.68046875 0.04765625 0.0234375
0 0.275 0.6796875 0.0421875 0.0234375
0 0.3234375 0.68046875 0.04453125 0.02265625
0 0.609375 0.70859375 0.03984375 0.021875
0 0.22890625 0.78125 0.04296875 0.02109375
0 0.46015625 0.7828125 0.04375 0.0234375
0 0.50703125 0.78203125 0.0359375 0.0203125
0 0.5375 0.61015625 0.046875 0.0265625
0 0.58828125 0.6109375 0.0453125 0.02578125
0 0.0828125 0.7046875 0.04609375 0.0234375
0 0.13125 0.703125 0.04140625 0.02109375
0 0.17890625 0.70234375 0.0421875 0.0203125
0 0.225 0.7046875 0.04375 0.02109375
0 0.421875 0.70703125 0.0453125 0.0234375
0 0.2734375 0.70625 0.03828125 0.021875
0 0.3734375 0.70546875 0.04140625 0.01953125
0 0.22421875 0.7578125 0.0421875 0.02109375
0 0.12734375 0.759375 0.0453125 0.02265625
0 0.07890625 0.759375 0.0421875 0.02265625
0 0.60390625 0.7859375 0.04140625 0.0203125
0 0.553125 0.78359375 0.04296875 0.0203125
0 0.3234375 0.70546875 0.0484375 0.02421875
0 0.5625 0.68359375 0.040625 0.02265625
0 0.47421875 0.446875 0.0515625 0.028125
0 0.4875 0.63515625 0.040625 0.02109375
0 0.5265625 0.446875 0.05 0.028125
0 0.421875 0.4453125 0.05 0.02734375
0 0.36953125 0.4453125 0.04765625 0.0265625
0 0.31875 0.44375 0.0484375 0.02734375
0 0.2671875 0.4421875 0.05078125 0.02734375
0 0.21484375 0.44296875 0.05 0.0265625
0 0.21875 0.34921875 0.04921875 0.0265625
0 0.26875 0.35 0.04609375 0.0265625
0 0.31953125 0.3515625 0.05078125 0.02890625
0 0.75078125 0.3625 0.0328125 0.065625
0 0.1640625 0.44375 0.046875 0.0265625
0 0.11328125 0.44296875 0.0484375 0.02734375
0 0.06015625 0.44140625 0.04765625 0.0265625
0 0.62421875 0.47578125 0.04453125 0.02578125
0 0.57890625 0.446875 0.046875 0.028125
0 0.5765625 0.47578125 0.04609375 0.02421875
0 0.421875 0.47265625 0.0453125 0.025
0 0.37109375 0.4734375 0.05 0.0265625
0 0.32109375 0.47265625 0.04453125 0.0265625
0 0.271875 0.471875 0.04765625 0.028125
0 0.2171875 0.47109375 0.04921875 0.0265625
0 0.165625 0.471875 0.04609375 0.02578125
0 0.11484375 0.4703125 0.05078125 0.025
0 0.06171875 0.46875 0.05078125 0.0265625
0 0.62734375 0.35625 0.04609375 0.02421875
0 0.57578125 0.35546875 0.0453125 0.02734375
0 0.52578125 0.35546875 0.04765625 0.0265625
0 0.475 0.35625 0.0453125 0.02578125
0 0.4234375 0.353125 0.04765625 0.0265625
0 0.37265625 0.35234375 0.05 0.028125
0 0.475 0.47421875 0.0453125 0.02578125
0 0.53671875 0.63515625 0.040625 0.02109375
0 0.63203125 0.4484375 0.046875 0.02421875
0 0.1125 0.546875 0.04609375 0.02265625
0 0.43984375 0.6359375 0.046875 0.02421875
0 0.3890625 0.6328125 0.04375 0.0234375
0 0.340625 0.63359375 0.04140625 0.02421875
0 0.2921875 0.63359375 0.0421875 0.021875
0 0.24296875 0.63203125 0.04609375 0.02265625
0 0.1921875 0.6328125 0.04765625 0.0234375
0 0.140625 0.6328125 0.04609375 0.02109375
0 0.08984375 0.63359375 0.046875 0.01953125
0 0.615625 0.52734375 0.04296875 0.02578125
0 0.5640625 0.525 0.04296875 0.0234375
0 0.51171875 0.525 0.04609375 0.0234375
0 0.465625 0.52421875 0.04296875 0.02265625
0 0.4140625 0.5234375 0.04296875 0.02265625
0 0.3640625 0.5234375 0.04453125 0.02265625
0 0.06015625 0.54609375 0.04765625 0.025
0 0.31328125 0.52265625 0.0453125 0.0234375
0 0.21171875 0.5234375 0.04765625 0.02421875
0 0.1609375 0.521875 0.04453125 0.02265625
0 0.1109375 0.521875 0.046875 0.02421875
0 0.0578125 0.51875 0.0515625 0.0234375
0 0.6125 0.553125 0.0453125 0.02265625
0 0.56328125 0.55234375 0.04140625 0.02578125
0 0.51328125 0.55 0.0453125 0.02109375
0 0.465625 0.55 0.0421875 0.0234375
0 0.4171875 0.5484375 0.04375 0.02265625
0 0.36640625 0.54921875 0.04609375 0.02421875
0 0.3171875 0.5484375 0.04921875 0.025
0 0.26640625 0.54765625 0.04609375 0.01875
0 0.21484375 0.55 0.05 0.02265625
0 0.16328125 0.54765625 0.0453125 0.0234375
0 0.26328125 0.5234375 0.04375 0.02421875
0 0.8046875 0.3671875 0.0421875 0.075
0 0.525 0.475 0.046875 0.025
0 0.52578125 0.3828125 0.04453125 0.02734375
0 0.83125 0.6640625 0.0234375 0.06171875
0 0.80859375 0.67109375 0.01875 0.0515625
0 0.77890625 0.66484375 0.03359375 0.06328125
0 0.80859375 0.57109375 0.028125 0.0609375
0 0.7171875 0.66953125 0.01640625 0.04921875
0 0.696875 0.66171875 0.02265625 0.0640625
0 0.92578125 0.57109375 0.028125 0.06484375
0 0.878125 0.57421875 0.03203125 0.0640625
0 0.85078125 0.571875 0.01953125 0.06484375
0 0.5765625 0.38359375 0.0421875 0.0265625
0 0.85390625 0.3703125 0.0296875 0.06875
0 0.88828125 0.36875 0.0296875 0.0703125
0 0.91953125 0.36796875 0.028125 0.06953125
0 0.9484375 0.36953125 0.021875 0.0671875
0 0.9828125 0.37109375 0.021875 0.0703125
0 0.709375 0.471875 0.021875 0.0703125
0 0.759375 0.46875 0.02890625 0.06484375
0 0.7890625 0.471875 0.028125 0.0640625
0 0.84140625 0.47109375 0.03046875 0.0671875
0 0.87578125 0.4734375 0.03359375 0.06484375
0 0.92109375 0.47265625 0.02734375 0.065625
0 0.95390625 0.4703125 0.0234375 0.06796875
0 0.72109375 0.56953125 0.03671875 0.06484375
0 0.74921875 0.57734375 0.01640625 0.05
0 0.775 0.57109375 0.02890625 0.0609375
0 0.86484375 0.665625 0.0390625 0.06640625
0 0.896875 0.66953125 0.02109375 0.05078125
0 0.74453125 0.66484375 0.025 0.06328125
0 0.6953125 0.75546875 0.025 0.0640625
0 0.165625 0.378125 0.0484375 0.02890625
0 0.1125 0.3765625 0.046875 0.0265625
0 0.11171875 0.3484375 0.05234375 0.02734375
0 0.32109375 0.38046875 0.053125 0.02734375
0 0.37421875 0.38125 0.04765625 0.028125
0 0.921875 0.66015625 0.02421875 0.06640625
0 0.4234375 0.38203125 0.04765625 0.028125
0 0.475 0.38203125 0.05 0.0265625
0 0.2171875 0.37734375 0.05 0.025
0 0.165625 0.34921875 0.0484375 0.02421875
0 0.27109375 0.38046875 0.04609375 0.02890625
0 0.059375 0.3765625 0.0546875 0.0265625
0 0.83125 0.57578125 0.01484375 0.0515625
0 0.903125 0.75390625 0.03046875 0.0609375
0 0.8609375 0.75625 0.02734375 0.06328125
0 0.625 0.38515625 0.04609375 0.0265625
0 0.82890625 0.75703125 0.02734375 0.05625
0 0.8046875 0.76015625 0.015625 0.0453125
0 0.77734375 0.75625 0.02890625 0.05859375
0 0.7484375 0.75703125 0.0234375 0.06015625
0 0.721875 0.76328125 0.02421875 0.04765625
0 0.0546875 0.346875 0.053125 0.02890625