0 0.053125 0.71875 0.05078125 0.0375
0 0.15078125 0.68203125 0.08515625 0.03359375
0 0.975 0.5875 0.05 0.075
0 0.4015625 0.721875 0.04765625 0.040625
0 0.29609375 0.721875 0.05078125 0.0375
0 0.2453125 0.68125 0.08671875 0.03359375
0 0.23203125 0.715625 0.07578125 0.0328125
0 0.3484375 0.72265625 0.05390625 0.0390625
0 0.3515625 0.68125 0.0484375 0.0375
0 0.91328125 0.61796875 0.06796875 0.01484375
0 0.14765625 0.71875 0.08671875 0.034375
0 0.915625 0.60234375 0.06640625 0.01640625
0 0.60546875 0.5875 0.07578125 0.0125
0 0.7640625 0.61171875 0.0734375 0.034375
0 0.75859375 0.8328125 0.07734375 0.040625
0 0.68125 0.834375 0.07890625 0.0375
0 0.53984375 0.8359375 0.05 0.04375
0 0.60703125 0.5640625 0.06953125 0.009375
0 0.60546875 0.5765625 0.07109375 0.015625
0 0.46796875 0.71875 0.0796875 0.0375
0 0.5265625 0.60390625 0.06328125 0.00859375
0 0.52734375 0.5953125 0.0640625 0.00859375
0 0.52578125 0.5828125 0.06484375 0.0140625
0 0.5265625 0.5703125 0.06328125 0.01015625
0 0.53203125 0.559375 0.0609375 0.0125
0 0.684375 0.57265625 0.08125 0.0140625
0 0.68671875 0.5875 0.07890625 0.0140625
0 0.68828125 0.60390625 0.07578125 0.0171875
0 0.6875 0.6203125 0.07734375 0.015625
0 0.76171875 0.575 0.07109375 0.0359375
0 0.8375 0.57421875 0.07890625 0.0375
0 0.83984375 0.61015625 0.07734375 0.0359375
0 0.46875 0.68984375 0.07734375 0.0203125
0 0.7890625 0.71796875 0.03984375 0.03515625
0 0.46875 0.6546875 0.06953125 0.0140625
0 0.053125 0.8328125 0.0703125 0.040625
0 0.13203125 0.8328125 0.084375 0.0421875
0 0.13515625 0.79140625 0.07890625 0.040625
0 0.48984375 0.834375 0.04921875 0.0390625
0 0.22265625 0.79296875 0.084375 0.0375
0 0.22109375 0.83203125 0.090625 0.040625
0 0.2875 0.81953125 0.02734375 0.0796875
0 0.06640625 0.7921875 0.05 0.0359375
0 0.3796875 0.796875 0.0703125 0.0359375
0 0.32265625 0.7953125 0.03671875 0.03984375
0 0.32109375 0.834375 0.03984375 0.03828125
0 0.440625 0.7953125 0.0484375 0.0421875
0 0.4390625 0.8359375 0.0515625 0.0390625
0 0.49140625 0.79375 0.05078125 0.03984375
0 0.540625 0.79296875 0.04765625 0.0421875
0 0.746875 0.78984375 0.084375 0.0234375
0 0.37734375 0.83203125 0.071875 0.0359375
0 0.90859375 0.66875 0.0484375 0.0109375
0 0.940625 0.68125 0.05078125 0.0140625
0 0.95234375 0.6953125 0.07421875 0.0140625
0 0.40859375 0.67734375 0.0375 0.03359375
0 0.309375 0.68125 0.03046875 0.03359375
0 0.53671875 0.665625 0.04921875 0.0171875
0 0.553125 0.68515625 0.07578125 0.01875
0 0.553125 0.7171875 0.084375 0.0421875
0 0.6140625 0.6546875 0.06640625 0.009375
0 0.61640625 0.66640625 0.06015625 0.0140625
0 0.621875 0.68203125 0.05703125 0.01328125
0 0.62421875 0.69453125 0.06015625 0.0109375
0 0.625 0.71953125 0.06015625 0.0375
0 0.66875 0.7 0.02890625 0.075
0 0.7265625 0.71875 0.0859375 0.03984375
0 0.7203125 0.67265625 0.07265625 0.028125
0 0.87265625 0.68203125 0.08515625 0.0125
0 0.8734375 0.6953125 0.08203125 0.015625
0 0.88359375 0.71875 0.08515625 0.03125
0 0.9578125 0.71875 0.06328125 0.0328125
0 0.46796875 0.6703125 0.06015625 0.0171875
0 0.828125 0.790625 0.07734375 0.021875
0 0.821875 0.71796875 0.02265625 0.034375
0 0.91796875 0.7734375 0.08046875 0.0203125
0 0.05234375 0.9515625 0.08515625 0.03984375
0 0.05234375 0.90859375 0.08828125 0.0453125
0 0.0609375 0.1578125 0.0765625 0.03125
0 0.06015625 0.1890625 0.078125 0.0296875
0 0.059375 0.2203125 0.0765625 0.03203125
0 0.134375 0.2109375 0.0640625 0.05234375
0 0.1328125 0.1625 0.0671875 0.0453125
0 0.2015625 0.1640625 0.0671875 0.0484375
0 0.271875 0.16328125 0.06953125 0.04921875
0 0.3421875 0.16328125 0.07265625 0.05
0 0.4109375 0.16484375 0.06328125 0.0453125
0 0.47109375 0.1671875 0.05859375 0.04921875
0 0.53046875 0.1703125 0.05703125 0.04453125
0 0.59140625 0.1703125 0.0640625 0.05234375
0 0.6515625 0.171875 0.0578125 0.0484375
0 0.1359375 0.8984375 0.07578125 0.0375
0 0.7109375 0.17265625 0.06171875 0.0484375
0 0.13515625 0.94609375 0.078125 0.05703125
0 0.21953125 0.95234375 0.08671875 0.0421875
0 0.971875 0.9375 0.05625 0.0625
0 0.96953125 0.890625 0.05625 0.03125
0 0.90234375 0.94140625 0.08203125 0.04609375
0 0.8203125 0.9421875 0.08125 0.0453125
0 0.89375 0.8984375 0.09375 0.040625
0 0.80078125 0.8984375 0.090625 0.040625
0 0.74140625 0.9453125 0.078125 0.046875
0 0.66171875 0.9484375 0.08125 0.04296875
0 0.5703125 0.95078125 0.08828125 0.04375
0 0.48046875 0.9515625 0.08984375 0.0421875
0 0.56796875 0.90390625 0.090625 0.05
0 0.4796875 0.90859375 0.08515625 0.0421875
0 0.39375 0.9 0.078125 0.03828125
0 0.39609375 0.9453125 0.07578125 0.05078125
0 0.31484375 0.946875 0.08515625 0.04765625
0 0.2234375 0.9078125 0.08359375 0.0453125
0 0.76875 0.171875 0.05390625 0.0515625
0 0.83359375 0.17265625 0.07421875 0.03828125
0 0.9078125 0.17890625 0.07578125 0.028125
0 0.15 0.3625 0.07109375 0.0546875
0 0.153125 0.31015625 0.06953125 0.053125
0 0.22421875 0.30859375 0.06875 0.053125
0 0.29453125 0.30859375 0.071875 0.0546875
0 0.3625 0.30859375 0.0671875 0.0546875
0 0.43203125 0.309375 0.06953125 0.053125
0 0.4984375 0.315625 0.05859375 0.0484375
0 0.5578125 0.3140625 0.05390625 0.053125
0 0.61875 0.315625 0.06015625 0.05078125
0 0.68046875 0.315625 0.0640625 0.05234375
0 0.61015625 0.59921875 0.0734375 0.0109375
0 0.92890625 0.8359375 0.07421875 0.0328125
0 0.928125 0.8125 0.07265625 0.015625
0 0.9203125 0.8 0.08203125 0.009375
0 0.92109375 0.7890625 0.07578125 0.0125
0 0.07421875 0.37421875 0.08046875 0.0328125
0 0.0734375 0.3390625 0.08203125 0.0375
0 0.075 0.303125 0.0796875 0.03359375
0 0.97734375 0.2296875 0.0453125 0.021875
0 0.97265625 0.17734375 0.0546875 0.0265625
0 0.20390625 0.21328125 0.06796875 0.0515625
0 0.275 0.2140625 0.07265625 0.05078125
0 0.346875 0.21484375 0.07265625 0.0515625
0 0.41171875 0.21484375 0.05625 0.05
0 0.4765625 0.21796875 0.06015625 0.0515625
0 0.53203125 0.2171875 0.05234375 0.05
0 0.84609375 0.83125 0.084375 0.040625
0 0.59375 0.21953125 0.06171875 0.04453125
0 0.7125 0.2203125 0.06171875 0.04609375
0 0.77265625 0.2203125 0.059375 0.0453125
0 0.83984375 0.203125 0.07109375 0.0234375
0 0.91484375 0.203125 0.07421875 0.021875
0 0.975 0.20625 0.05 0.028125
0 0.8453125 0.2296875 0.07265625 0.0265625
0 0.91875 0.23125 0.0734375 0.02421875
0 0.65234375 0.21796875 0.05703125 0.046875
0 0.60859375 0.6109375 0.07890625 0.0109375
0 0.21640625 0.57421875 0.07109375 0.0359375
0 0.44375 0.5484375 0.08046875 0.01796875
0 0.22109375 0.3640625 0.06875 0.05546875
0 0.8 0.3171875 0.05859375 0.0515625
0 0.7421875 0.315625 0.05859375 0.053125
0 0.74375 0.36640625 0.06015625 0.04921875
0 0.80390625 0.365625 0.05546875 0.05078125
0 0.87109375 0.315625 0.07890625 0.03515625
0 0.98046875 0.4734375 0.03828125 0.0328125
0 0.98046875 0.503125 0.0390625 0.0328125
0 0.29375 0.3640625 0.07109375 0.053125
0 0.94921875 0.3140625 0.075 0.03671875
0 0.95078125 0.346875 0.07890625 0.0296875
0 0.875 0.37734375 0.0828125 0.0296875
0 0.95546875 0.37734375 0.07734375 0.0296875
0 0.071875 0.428125 0.07890625 0.03671875
0 0.0625 0.465625 0.08671875 0.0375
0 0.13515625 0.4890625 0.06484375 0.05625
0 0.14453125 0.4359375 0.06328125 0.0546875
0 0.2125 0.4421875 0.0609375 0.0484375
0 0.87109375 0.34609375 0.07890625 0.0296875
0 0.20703125 0.49375 0.071875 0.053125
0 0.36328125 0.36484375 0.06875 0.05625
0 0.6828125 0.36875 0.06328125 0.0546875
0 0.60703125 0.621875 0.0765625 0.0109375
0 0.53046875 0.61875 0.07578125 0.01796875
0 0.44609375 0.5734375 0.08359375 0.03203125
0 0.44609375 0.61015625 0.08203125 0.04140625
0 0.3734375 0.61484375 0.0578125 0.03046875
0 0.37421875 0.58671875 0.059375 0.0265625
0 0.378125 0.559375 0.05 0.02734375
0 0.3 0.6203125 0.08203125 0.01796875
0 0.43203125 0.365625 0.06875 0.05625
0 0.30390625 0.59453125 0.07578125 0.0328125
0 0.2140625 0.6109375 0.07890625 0.034375
0 0.13046875 0.609375 0.08125 0.03515625
0 0.0421875 0.61171875 0.0828125 0.0375
0 0.03984375 0.57421875 0.07265625 0.034375
0 0.97890625 0.43984375 0.03984375 0.03125
0 0.4984375 0.3671875 0.05859375 0.05
0 0.559375 0.36640625 0.06015625 0.053125
0 0.62109375 0.36875 0.06171875 0.053125
0 0.30546875 0.56953125 0.07734375 0.0140625
0 0.2765625 0.4375 0.06328125 0.053125
0 0.06328125 0.5015625 0.08046875 0.03046875
0 0.41015625 0.43828125 0.06484375 0.0484375
0 0.340625 0.4359375 0.06640625 0.05625
0 0.91796875 0.50234375 0.08046875 0.03203125
0 0.91953125 0.4703125 0.08203125 0.03203125
0 0.91640625 0.43671875 0.08359375 0.034375
0 0.85078125 0.4921875 0.05859375 0.0515625
0 0.72578125 0.4921875 0.06015625 0.05703125
0 0.66328125 0.49140625 0.06484375 0.05625
0 0.59921875 0.4921875 0.06171875 0.0546875
0 0.5375 0.4921875 0.06328125 0.05234375
0 0.47421875 0.49375 0.0625 0.05703125
0 0.78828125 0.490625 0.06328125 0.0546875
0 0.3421875 0.49296875 0.06640625 0.05546875
0 0.2765625 0.49296875 0.06015625 0.0546875
0 0.8453125 0.4390625 0.06015625 0.053125
0 0.78203125 0.43671875 0.06328125 0.0546875
0 0.72109375 0.4359375 0.06015625 0.053125
0 0.6625 0.4359375 0.05859375 0.053125
0 0.5984375 0.43828125 0.06484375 0.053125
0 0.5359375 0.43671875 0.06015625 0.0546875
0 0.41171875 0.4953125 0.0625 0.05390625
0 0.47421875 0.4390625 0.06171875 0.053125