0 0.59765625 0.5984375 0.065625 0.07890625
0 0.6671875 0.6 0.06484375 0.0765625
0 0.18984375 0.1375 0.0625 0.0890625
0 0.83046875 0.484375 0.0375 0.0640625
0 0.86640625 0.52734375 0.0671875 0.01484375
0 0.93203125 0.49375 0.0578125 0.08125
0 0.9828125 0.4859375 0.034375 0.075
0 0.16328125 0.59921875 0.0703125 0.07578125
0 0.25546875 0.59609375 0.06875 0.0703125
0 0.3296875 0.5921875 0.07109375 0.06796875
0 0.4234375 0.596875 0.0640625 0.0703125
0 0.75 0.96484375 0.0921875 0.0671875
0 0.81640625 0.97265625 0.0390625 0.0546875
0 0.6265625 0.9890625 0.04453125 0.021875
0 0.6375 0.9421875 0.05078125 0.028125
0 0.6765625 0.9765625 0.05234375 0.03359375
0 0.92109375 0.9625 0.15703125 0.06875
0 0.55703125 0.94921875 0.046875 0.0390625
0 0.4859375 0.978125 0.04765625 0.04296875
0 0.87265625 0.484375 0.03203125 0.06484375
0 0.2125 0.96796875 0.09140625 0.0640625
0 0.2953125 0.96015625 0.03125 0.06875
0 0.3296875 0.95546875 0.03203125 0.059375
0 0.36875 0.95546875 0.04453125 0.0546875
0 0.775 0.4953125 0.0734375 0.084375
0 0.69921875 0.4890625 0.06796875 0.08203125
0 0.61484375 0.4921875 0.06953125 0.084375
0 0.53671875 0.4921875 0.075 0.08359375
0 0.52421875 0.28203125 0.0609375 0.053125
0 0.4609375 0.28125 0.0640625 0.0546875
0 0.39453125 0.28125 0.06328125 0.0546875
0 0.3296875 0.28046875 0.06171875 0.05703125
0 0.2640625 0.278125 0.0640625 0.05546875
0 0.19609375 0.27734375 0.06640625 0.05625
0 0.1296875 0.27578125 0.06171875 0.05625
0 0.15703125 0.359375 0.08359375 0.0640625
0 0.24453125 0.36328125 0.07890625 0.06015625
0 0.3390625 0.365625 0.0671875 0.06171875
0 0.415625 0.9625 0.04453125 0.0703125
0 0.39296875 0.365625 0.0375 0.05625
0 0.54921875 0.365625 0.07578125 0.0625
0 0.6421875 0.3671875 0.0734375 0.0609375
0 0.71796875 0.36640625 0.07734375 0.059375
0 0.8078125 0.36640625 0.07734375 0.05625
0 0.88203125 0.36640625 0.06953125 0.05859375
0 0.9578125 0.3671875 0.07421875 0.05625
0 0.15859375 0.4875 0.07734375 0.0875
0 0.25859375 0.4875 0.06875 0.0875
0 0.36328125 0.48828125 0.06875 0.084375
0 0.434375 0.50625 0.06953125 0.0453125
0 0.45703125 0.36875 0.08359375 0.06640625
0 0.8890625 0.88359375 0.0828125 0.04375
0 0.6796875 0.8796875 0.01640625 0.0375
0 0.8015625 0.87421875 0.01796875 0.0328125
0 0.328125 0.796875 0.03984375 0.04765625
0 0.28671875 0.79609375 0.04296875 0.046875
0 0.23828125 0.79453125 0.03828125 0.04375
0 0.19765625 0.79375 0.04296875 0.0453125
0 0.159375 0.7859375 0.02578125 0.0453125
0 0.98203125 0.7078125 0.0359375 0.05
0 0.92421875 0.70625 0.07734375 0.05
0 0.8375 0.7046875 0.07578125 0.04765625
0 0.765625 0.703125 0.06328125 0.04375
0 0.696875 0.703125 0.07109375 0.04765625
0 0.37890625 0.78359375 0.04140625 0.0375
0 0.6203125 0.70390625 0.07734375 0.0484375
0 0.48203125 0.6859375 0.040625 0.03828125
0 0.42421875 0.70078125 0.07109375 0.04609375
0 0.34609375 0.70078125 0.075 0.046875
0 0.2609375 0.6859375 0.05859375 0.03671875
0 0.18359375 0.7 0.0765625 0.05
0 0.9640625 0.603125 0.07109375 0.07890625
0 0.90078125 0.6 0.04921875 0.071875
0 0.83828125 0.5984375 0.07109375 0.071875
0 0.73515625 0.6 0.06328125 0.071875
0 0.11953125 0.1359375 0.07265625 0.0875
0 0.53984375 0.6859375 0.06328125 0.03828125
0 0.58984375 0.28203125 0.06328125 0.0546875
0 0.4359375 0.7953125 0.04375 0.046875
0 0.5703125 0.7765625 0.0375 0.0421875
0 0.74375 0.86953125 0.09140625 0.05
0 0.628125 0.88515625 0.08046875 0.03515625
0 0.54140625 0.87734375 0.084375 0.046875
0 0.47890625 0.88515625 0.03046875 0.028125
0 0.44453125 0.884375 0.03203125 0.0234375
0 0.4765625 0.85625 0.02578125 0.02578125
0 0.44453125 0.85703125 0.03515625 0.0296875
0 0.4078125 0.88125 0.02890625 0.0390625
0 0.37421875 0.88046875 0.03203125 0.0375
0 0.31484375 0.8625 0.03046875 0.0359375
0 0.53046875 0.79296875 0.04140625 0.04375
0 0.2640625 0.865625 0.06484375 0.0375
0 0.1890625 0.88203125 0.02890625 0.0328125
0 0.9796875 0.784375 0.03359375 0.040625
0 0.940625 0.796875 0.0390625 0.0421875
0 0.89765625 0.79765625 0.04609375 0.0421875
0 0.82890625 0.79375 0.04921875 0.04453125
0 0.7859375 0.78671875 0.03359375 0.040625
0 0.74609375 0.79296875 0.04296875 0.046875
0 0.7015625 0.7921875 0.04140625 0.04765625
0 0.65859375 0.79453125 0.04140625 0.04375
0 0.61640625 0.7890625 0.04296875 0.046875
0 0.2453125 0.8953125 0.06640625 0.0203125
0 0.65703125 0.2828125 0.06171875 0.05390625
0 0.51640625 0.596875 0.07578125 0.07890625
0 0.72109375 0.28203125 0.0609375 0.05546875
0 0.25390625 0.13984375 0.05859375 0.0890625
0 0.31875 0.140625 0.06484375 0.0890625
0 0.40625 0.1515625 0.0453125 0.0671875
0 0.4609375 0.14140625 0.05625 0.0890625
0 0.52265625 0.1421875 0.06328125 0.08984375
0 0.58984375 0.1421875 0.06015625 0.0859375
0 0.65234375 0.14296875 0.05703125 0.08515625
0 0.78203125 0.28125 0.05703125 0.0546875
0 0.7890625 0.14375 0.06484375 0.0890625
0 0.85546875 0.14375 0.06328125 0.0890625
0 0.92265625 0.14375 0.06640625 0.090625
0 0.97421875 0.28046875 0.0515625 0.0546875
0 0.9140625 0.28203125 0.06640625 0.053125
0 0.71640625 0.14375 0.06171875 0.08515625
0 0.84453125 0.2828125 0.06640625 0.0515625