0 0.3203125 0.85 0.11015625 0.046875
0 0.30625 0.67109375 0.07578125 0.02734375
0 0.525 0.59609375 0.06015625 0.00859375
0 0.5203125 0.60625 0.06171875 0.009375
0 0.453125 0.60625 0.06015625 0.00703125
0 0.45234375 0.61796875 0.06328125 0.0078125
0 0.45546875 0.628125 0.059375 0.0078125
0 0.45078125 0.6375 0.06171875 0.009375
0 0.453125 0.6484375 0.06328125 0.009375
0 0.45390625 0.66796875 0.0625 0.02578125
0 0.52265625 0.61796875 0.0640625 0.0078125
0 0.51953125 0.62734375 0.0640625 0.0078125
0 0.52109375 0.63671875 0.0640625 0.009375
0 0.521875 0.64765625 0.06484375 0.0078125
0 0.3890625 0.6109375 0.05546875 0.01015625
0 0.06796875 0.88046875 0.1078125 0.0171875
0 0.05234375 0.9140625 0.1046875 0.03046875
0 0.328125 0.5984375 0.06875 0.01171875
0 0.52109375 0.66796875 0.06328125 0.02734375
0 0.315625 0.6171875 0.06015625 0.009375
0 0.4953125 0.87109375 0.06796875 0.01015625
0 0.31171875 0.6421875 0.0671875 0.0265625
0 0.49296875 0.88359375 0.06953125 0.0078125
0 0.209375 0.903125 0.11328125 0.03828125
0 0.49375 0.90625 0.06796875 0.02578125
0 0.4171875 0.8921875 0.0734375 0.01015625
0 0.41875 0.9125 0.075 0.01640625
0 0.321875 0.8984375 0.1109375 0.04296875
0 0.19921875 0.8578125 0.12265625 0.040625
0 0.39375 0.5984375 0.0546875 0.01328125
0 0.74609375 0.540625 0.08671875 0.0296875
0 0.3828125 0.6375 0.065625 0.0265625
0 0.490625 0.546875 0.07578125 0.03203125
0 0.40625 0.51484375 0.078125 0.028125
0 0.40390625 0.54765625 0.0765625 0.03203125
0 0.321875 0.51796875 0.07421875 0.0296875
0 0.32421875 0.5484375 0.07734375 0.03125
0 0.028125 0.49296875 0.05625 0.0515625
0 0.03203125 0.54609375 0.0640625 0.05078125
0 0.15390625 0.52109375 0.0796875 0.03203125
0 0.15546875 0.553125 0.071875 0.03046875
0 0.23828125 0.52109375 0.0765625 0.03125
0 0.2390625 0.55234375 0.078125 0.0265625
0 0.75 0.471875 0.08671875 0.0328125
0 0.74375 0.50703125 0.08359375 0.03125
0 0.234375 0.61953125 0.07421875 0.01328125
0 0.38125 0.66796875 0.07109375 0.028125
0 0.8296875 0.4703125 0.06875 0.03203125
0 0.9078125 0.50625 0.07890625 0.0265625
0 0.90234375 0.5375 0.07578125 0.03125
0 0.8265625 0.50546875 0.07578125 0.03203125
0 0.828125 0.540625 0.0671875 0.0296875
0 0.88671875 0.60234375 0.07734375 0.0421875
0 0.80703125 0.603125 0.075 0.03984375
0 0.73125 0.60390625 0.06875 0.04140625
0 0.65859375 0.60703125 0.06796875 0.04765625
0 0.58984375 0.60859375 0.0671875 0.04453125
0 0.5921875 0.6546875 0.0640625 0.04375
0 0.65859375 0.6515625 0.0609375 0.03828125
0 0.73515625 0.6484375 0.0765625 0.0375
0 0.8140625 0.646875 0.0734375 0.04140625
0 0.8890625 0.64609375 0.0734375 0.04140625
0 0.91015625 0.47421875 0.08671875 0.03359375
0 0.2375 0.63671875 0.0796875 0.01171875
0 0.5640625 0.84375 0.06484375 0.01328125
0 0.2328125 0.67109375 0.065625 0.03046875
0 0.56953125 0.88359375 0.06171875 0.009375
0 0.5671875 0.87109375 0.0671875 0.01171875
0 0.56484375 0.8578125 0.06875 0.00859375
0 0.48671875 0.51171875 0.07734375 0.0328125
0 0.63203125 0.9015625 0.06640625 0.01953125
0 0.63515625 0.88125 0.0625 0.009375
0 0.634375 0.8703125 0.0625 0.009375
0 0.6328125 0.85703125 0.065625 0.01171875
0 0.62890625 0.84140625 0.05859375 0.01171875
0 0.63125 0.8296875 0.0625 0.0109375
0 0.7078125 0.9 0.07109375 0.00703125
0 0.70625 0.90859375 0.0703125 0.009375
0 0.70703125 0.88984375 0.0734375 0.01015625
0 0.70859375 0.88125 0.07265625 0.00625
0 0.5640625 0.90390625 0.0671875 0.02421875
0 0.70859375 0.87109375 0.078125 0.01015625
0 0.70390625 0.84921875 0.07265625 0.00859375
0 0.70234375 0.8375 0.0640625 0.01171875
0 0.7 0.82265625 0.0671875 0.0140625
0 0.81328125 0.884375 0.12890625 0.0515625
0 0.81015625 0.834375 0.13046875 0.04296875
0 0.946875 0.8625 0.10546875 0.1015625
0 0.96484375 0.67890625 0.0703125 0.0984375
0 0.85546875 0.75625 0.128125 0.05390625
0 0.85234375 0.71640625 0.1265625 0.02421875
0 0.7234375 0.7625 0.13046875 0.053125
0 0.72421875 0.72109375 0.13203125 0.02265625
0 0.61953125 0.7765625 0.0671875 0.02578125
0 0.6203125 0.75703125 0.071875 0.009375
0 0.6203125 0.7359375 0.07421875 0.02734375
0 0.7046875 0.859375 0.07421875 0.00859375
0 0.234375 0.64921875 0.06015625 0.009375
0 0.4953125 0.8421875 0.0640625 0.0125
0 0.41796875 0.84453125 0.0671875 0.0125
0 0.1546875 0.61953125 0.0546875 0.01015625
0 0.159375 0.63203125 0.06015625 0.01171875
0 0.16171875 0.64375 0.065625 0.00859375
0 0.16171875 0.67109375 0.06328125 0.03515625
0 0.0875 0.66953125 0.0671875 0.0375
0 0.0421875 0.6265625 0.0671875 0.03359375
0 0.02578125 0.66953125 0.0515625 0.0375
0 0.0765625 0.73828125 0.07890625 0.04140625
0 0.0796875 0.7796875 0.075 0.0375
0 0.17578125 0.75625 0.07890625 0.03203125
0 0.18046875 0.7875 0.0796875 0.02421875
0 0.1796875 0.725 0.08203125 0.02421875
0 0.25546875 0.7234375 0.0625 0.02578125
0 0.253125 0.753125 0.071875 0.028125
0 0.49453125 0.85859375 0.06484375 0.01015625
0 0.25703125 0.78359375 0.075 0.02734375
0 0.328125 0.73984375 0.07421875 0.0296875
0 0.33203125 0.78203125 0.06875 0.03203125
0 0.403125 0.721875 0.071875 0.0140625
0 0.4046875 0.74296875 0.075 0.025
0 0.40546875 0.77890625 0.0703125 0.03046875
0 0.4875 0.71328125 0.0640625 0.01015625
0 0.48671875 0.734375 0.065625 0.0203125
0 0.47578125 0.75390625 0.05703125 0.009375
0 0.4765625 0.775 0.0703125 0.03125
0 0.5484375 0.7765625 0.0703125 0.03125
0 0.5640625 0.715625 0.0390625 0.01171875
0 0.5625 0.73515625 0.03671875 0.0234375
0 0.4171875 0.88125 0.07421875 0.0078125
0 0.4171875 0.8703125 0.07421875 0.0125
0 0.32734375 0.71953125 0.0703125 0.01015625
0 0.57265625 0.54296875 0.07265625 0.02734375
0 0.86875 0.20859375 0.084375 0.0171875
0 0.6578125 0.5390625 0.08359375 0.02109375
0 0.20234375 0.15 0.078125 0.025
0 0.57109375 0.5109375 0.07890625 0.0328125
0 0.2 0.125 0.07578125 0.015625
0 0.19921875 0.10625 0.08359375 0.0171875
0 0.1234375 0.12265625 0.06796875 0.0171875
0 0.03671875 0.1 0.0734375 0.04453125
0 0.03359375 0.1453125 0.0671875 0.04375
0 0.12578125 0.21796875 0.0875 0.03515625
0 0.21796875 0.21640625 0.0890625 0.03046875
0 0.22421875 0.2515625 0.08828125 0.03515625
0 0.22109375 0.28828125 0.08828125 0.034375
0 0.1296875 0.2890625 0.08984375 0.0359375
0 0.1359375 0.253125 0.084375 0.03203125
0 0.30703125 0.21640625 0.075 0.06328125
0 0.31171875 0.2765625 0.07265625 0.05390625
0 0.38671875 0.27890625 0.07265625 0.0578125
0 0.38046875 0.21796875 0.06953125 0.05859375
0 0.46171875 0.215625 0.075 0.05703125
0 0.4578125 0.2765625 0.0671875 0.05703125
0 0.534375 0.27734375 0.06796875 0.06328125
0 0.60859375 0.2265625 0.0765625 0.0125
0 0.11796875 0.14765625 0.078125 0.0296875
0 0.6140625 0.24453125 0.07578125 0.0140625
0 0.29375 0.146875 0.0796875 0.02734375
0 0.290625 0.10546875 0.078125 0.0140625
0 0.621875 0.71484375 0.06796875 0.01171875
0 0.653125 0.08046875 0.0890625 0.0203125
0 0.65234375 0.10390625 0.0890625 0.0203125
0 0.65078125 0.125 0.0890625 0.0203125
0 0.746875 0.0796875 0.08984375 0.0203125
0 0.746875 0.1015625 0.08671875 0.01875
0 0.74296875 0.1234375 0.08671875 0.0234375
0 0.8484375 0.078125 0.0890625 0.01953125
0 0.85078125 0.1 0.08984375 0.01953125
0 0.85546875 0.12265625 0.09296875 0.02421875
0 0.93046875 0.07421875 0.05234375 0.02109375
0 0.92734375 0.0984375 0.05234375 0.02109375
0 0.93125 0.121875 0.053125 0.021875
0 0.46640625 0.10625 0.084375 0.01875
0 0.46484375 0.14453125 0.0796875 0.02421875
0 0.55703125 0.12734375 0.0875 0.02109375
0 0.37109375 0.08984375 0.078125 0.0125
0 0.38046875 0.10390625 0.0796875 0.0140625
0 0.37890625 0.11875 0.0796875 0.01328125
0 0.37890625 0.14453125 0.07890625 0.0296875
0 0.284375 0.08828125 0.08359375 0.01875
0 0.2921875 0.12109375 0.0765625 0.01328125
0 0.6125 0.28515625 0.078125 0.03125
0 0.54453125 0.75390625 0.0671875 0.01171875
0 0.6953125 0.22578125 0.071875 0.0109375
0 0.46171875 0.3796875 0.08125 0.034375
0 0.4625 0.4171875 0.0796875 0.03359375
0 0.3671875 0.3546875 0.08125 0.03359375
0 0.3703125 0.3890625 0.08203125 0.03203125
0 0.37578125 0.421875 0.08203125 0.03125
0 0.2671875 0.35546875 0.08984375 0.03359375
0 0.69375 0.24921875 0.07421875 0.0296875
0 0.28046875 0.4234375 0.08125 0.03125
0 0.1640625 0.3578125 0.08203125 0.034375
0 0.1765625 0.39140625 0.08359375 0.03125
0 0.1828125 0.4234375 0.084375 0.02734375
0 0.31328125 0.48515625 0.07578125 0.03203125
0 0.403125 0.4828125 0.0765625 0.02890625
0 0.484375 0.4765625 0.07890625 0.0296875
0 0.571875 0.4765625 0.0796875 0.03203125
0 0.6578125 0.475 0.084375 0.03125
0 0.6578125 0.509375 0.08671875 0.03359375
0 0.45234375 0.34453125 0.084375 0.03125
0 0.5484375 0.4125 0.08203125 0.02890625
0 0.27421875 0.38984375 0.09140625 0.0328125
0 0.54765625 0.37890625 0.08203125 0.034375
0 0.7796875 0.24140625 0.08671875 0.0375
0 0.7 0.28125 0.08125 0.028125
0 0.87578125 0.26953125 0.08828125 0.021875
0 0.871875 0.23671875 0.08671875 0.03671875
0 0.8828125 0.34140625 0.08125 0.03203125
0 0.88046875 0.37734375 0.075 0.0328125
0 0.8734375 0.4078125 0.07109375 0.02578125
0 0.796875 0.340625 0.078125 0.034375
0 0.7953125 0.37734375 0.078125 0.0328125
0 0.79609375 0.40859375 0.07734375 0.02109375
0 0.7171875 0.340625 0.07578125 0.034375
0 0.715625 0.37890625 0.075 0.03359375
0 0.71484375 0.41015625 0.07890625 0.02421875
0 0.63515625 0.34296875 0.08203125 0.034375
0 0.7859375 0.27109375 0.0796875 0.01875
0 0.6328125 0.3796875 0.08125 0.03359375
0 0.63203125 0.409375 0.08203125 0.021875
0 0.54296875 0.34453125 0.084375 0.03125