0 0.77265625 0.546875 0.0640625 0.03515625
0 0.73203125 0.65390625 0.04765625 0.03515625
0 0.62109375 0.57265625 0.0609375 0.0328125
0 0.6953125 0.57890625 0.0609375 0.0296875
0 0.75234375 0.5796875 0.03515625 0.028125
0 0.7015625 0.54296875 0.07421875 0.0375
0 0.95625 0.64296875 0.0875 0.0875
0 0.86328125 0.65234375 0.0703125 0.0578125
0 0.74140625 0.68671875 0.05546875 0.03203125
0 0.52421875 0.65703125 0.07265625 0.0296875
0 0.67265625 0.68828125 0.06484375 0.02890625
0 0.5203125 0.6265625 0.071875 0.0296875
0 0.59296875 0.6265625 0.06484375 0.02578125
0 0.596875 0.65703125 0.0609375 0.02890625
0 0.51484375 0.6890625 0.0703125 0.03046875
0 0.59296875 0.68828125 0.06953125 0.0296875
0 0.6265625 0.5390625 0.071875 0.03515625
0 0.38515625 0.65234375 0.06171875 0.0328125
0 0.66796875 0.65546875 0.071875 0.0328125
0 0.54921875 0.55234375 0.06953125 0.0796875
0 0.19765625 0.5203125 0.06328125 0.0234375
0 0.54765625 0.4671875 0.0390625 0.059375
0 0.45 0.65234375 0.05625 0.0328125
0 0.38828125 0.575 0.06796875 0.034375
0 0.39140625 0.53828125 0.06953125 0.03671875
0 0.31875 0.53671875 0.065625 0.0375
0 0.24765625 0.565625 0.059375 0.06171875
0 0.315625 0.57578125 0.06484375 0.0359375
0 0.184375 0.5671875 0.06328125 0.0578125
0 0.090625 0.653125 0.05625 0.01875
0 0.46484375 0.5546875 0.07421875 0.0734375
0 0.09375 0.63125 0.05703125 0.02421875
0 0.09296875 0.58203125 0.0609375 0.0234375
0 0.09375 0.55546875 0.05625 0.025
0 0.09296875 0.52421875 0.0609375 0.02421875
0 0.95625 0.50703125 0.0875 0.09921875
0 0.72734375 0.47421875 0.02734375 0.046875
0 0.68671875 0.4765625 0.0390625 0.0203125
0 0.6859375 0.45546875 0.04375 0.0234375
0 0.64140625 0.4734375 0.03046875 0.0453125
0 0.09453125 0.6078125 0.05859375 0.02265625
0 0.3890625 0.68984375 0.05390625 0.03203125
0 0.5921875 0.471875 0.04609375 0.05078125
0 0.303125 0.64140625 0.0734375 0.0328125
0 0.64609375 0.26953125 0.02890625 0.0453125
0 0.61875 0.26640625 0.02890625 0.05
0 0.58359375 0.26640625 0.034375 0.04453125
0 0.55078125 0.2640625 0.03359375 0.0515625
0 0.51328125 0.2484375 0.04140625 0.07421875
0 0.47578125 0.25078125 0.0359375 0.07265625
0 0.440625 0.24921875 0.03203125 0.0703125
0 0.41015625 0.2484375 0.03046875 0.071875
0 0.50703125 0.46953125 0.03359375 0.0546875
0 0.37265625 0.23203125 0.0375 0.103125
0 0.2953125 0.2296875 0.04140625 0.10234375
0 0.259375 0.22890625 0.03359375 0.10859375
0 0.21875 0.228125 0.03984375 0.10390625
0 0.17890625 0.22890625 0.04140625 0.103125
0 0.14375 0.24140625 0.02578125 0.0703125
0 0.1125 0.2390625 0.02890625 0.071875
0 0.08125 0.21953125 0.034375 0.10703125
0 0.0421875 0.21953125 0.040625 0.1078125
0 0.33359375 0.23203125 0.03515625 0.10625
0 0.02109375 0.5546875 0.040625 0.078125
0 0.95 0.728125 0.1 0.05625
0 0.83125 0.74609375 0.1 0.09453125
0 0.3171875 0.6875 0.0625 0.03828125
0 0.246875 0.6921875 0.06875 0.03515625
0 0.16953125 0.65546875 0.078125 0.02109375
0 0.16796875 0.67890625 0.06953125 0.01875
0 0.171875 0.70078125 0.0765625 0.02265625
0 0.08515625 0.67890625 0.08984375 0.01796875
0 0.0875 0.70234375 0.0828125 0.0203125
0 0.0203125 0.675 0.0359375 0.08046875
0 0.0140625 0.7796875 0.02734375 0.0640625
0 0.0546875 0.7828125 0.05 0.0671875
0 0.11640625 0.7765625 0.05859375 0.07265625
0 0.17890625 0.7734375 0.06875 0.07421875
0 0.33125 0.765625 0.0859375 0.07265625
0 0.45859375 0.76640625 0.128125 0.075
0 0.553125 0.7515625 0.05546875 0.03828125
0 0.55 0.7875 0.05546875 0.03359375
0 0.61171875 0.76875 0.05859375 0.0640625
0 0.67890625 0.75859375 0.05078125 0.0609375
0 0.74609375 0.7546875 0.05390625 0.06953125
0 0.44765625 0.68828125 0.05703125 0.0328125
0 0.46875 0.46171875 0.03828125 0.0703125
0 0.93515625 0.7734375 0.0890625 0.0296875
0 0.37890625 0.4625 0.0453125 0.06953125
0 0.653125 0.365625 0.0265625 0.0609375
0 0.61796875 0.36953125 0.0328125 0.0546875
0 0.58203125 0.3640625 0.03046875 0.06171875
0 0.5515625 0.3703125 0.025 0.04921875
0 0.784375 0.2578125 0.0390625 0.07265625
0 0.8203125 0.20703125 0.02421875 0.0921875
0 0.85234375 0.2109375 0.0328125 0.08359375
0 0.88828125 0.21015625 0.02265625 0.0875
0 0.915625 0.2125 0.028125 0.0890625
0 0.94375 0.21484375 0.0203125 0.084375
0 0.9671875 0.21796875 0.0234375 0.08671875
0 0.6890625 0.24921875 0.04375 0.0890625
0 0.0453125 0.35703125 0.0578125 0.05703125
0 0.1515625 0.30703125 0.090625 0.0234375
0 0.13984375 0.3296875 0.078125 0.02265625
0 0.13125 0.36328125 0.09453125 0.040625
0 0.2953125 0.34765625 0.040625 0.0859375
0 0.33671875 0.34921875 0.03671875 0.08671875
0 0.378125 0.35 0.04296875 0.0859375
0 0.41640625 0.35234375 0.02734375 0.0875
0 0.471875 0.34140625 0.0390625 0.02265625
0 0.4921875 0.365625 0.0375 0.02109375
0 0.45 0.36484375 0.034375 0.01953125
0 0.46640625 0.384375 0.05078125 0.01640625
0 0.525 0.3703125 0.0265625 0.0484375
0 0.6796875 0.3671875 0.0203125 0.06171875
0 0.425 0.46171875 0.040625 0.06796875
0 0.72421875 0.353125 0.04296875 0.0828125
0 0.85 0.3734375 0.090625 0.0359375
0 0.33359375 0.4625 0.04140625 0.06796875
0 0.2859375 0.4625 0.0546875 0.06640625
0 0.74609375 0.25859375 0.040625 0.075
0 0.23359375 0.45859375 0.04765625 0.07265625
0 0.184375 0.45625 0.0484375 0.071875
0 0.14140625 0.45625 0.03828125 0.07265625
0 0.04296875 0.48671875 0.06484375 0.01015625
0 0.04296875 0.4765625 0.0640625 0.0109375
0 0.04296875 0.4640625 0.059375 0.01328125
0 0.040625 0.446875 0.0703125 0.01875
0 0.9734375 0.4140625 0.053125 0.015625
0 0.81796875 0.33203125 0.08828125 0.04375
0 0.971875 0.39921875 0.05625 0.0140625
0 0.9 0.43125 0.06796875 0.01484375
0 0.90078125 0.4140625 0.0765625 0.01171875
0 0.9015625 0.40078125 0.07734375 0.01484375
0 0.8984375 0.34609375 0.065625 0.01328125
0 0.9 0.3265625 0.0671875 0.0234375
0 0.896875 0.30625 0.06796875 0.01875
0 0.7921875 0.6515625 0.07109375 0.0390625
0 0.8125 0.59765625 0.06796875 0.04453125
0 0.846875 0.54453125 0.08203125 0.05234375
0 0.8625 0.4828125 0.075 0.0515625
0 0.7796875 0.46875 0.07734375 0.0359375
0 0.8125 0.425 0.10078125 0.04609375
0 0.9546875 0.3828125 0.090625 0.015625