0 0.6890625 0.67734375 0.03828125 0.06328125
0 0.72890625 0.68203125 0.03828125 0.06328125
0 0.78671875 0.68359375 0.071875 0.0640625
0 0.6140625 0.6796875 0.03828125 0.06328125
0 0.50625 0.8125 0.05 0.06640625
0 0.60625 0.78203125 0.034375 0.040625
0 0.64375 0.784375 0.03515625 0.04140625
0 0.68203125 0.83515625 0.0359375 0.02890625
0 0.7203125 0.83125 0.0359375 0.02890625
0 0.7578125 0.8375 0.0359375 0.02890625
0 0.68359375 0.80546875 0.0359375 0.02890625
0 0.72109375 0.8015625 0.0359375 0.02890625
0 0.759375 0.8078125 0.0359375 0.02890625
0 0.75390625 0.75546875 0.0359375 0.02890625
0 0.84140625 0.80078125 0.06015625 0.11171875
0 0.6421875 0.82734375 0.034375 0.040625
0 0.859375 0.68203125 0.06953125 0.06796875
0 0.6046875 0.8234375 0.034375 0.040625
0 0.96015625 0.68125 0.03828125 0.06875
0 0.56015625 0.8171875 0.05078125 0.0671875
0 0.25078125 0.8203125 0.05234375 0.0640625
0 0.19765625 0.815625 0.05078125 0.0640625
0 0.1453125 0.81171875 0.04921875 0.059375
0 0.07109375 0.025 0.0734375 0.05
0 0.45703125 0.6984375 0.05234375 0.06484375
0 0.9171875 0.6828125 0.04375 0.07265625
0 0.89609375 0.80234375 0.0453125 0.1078125
0 0.35 0.6953125 0.05234375 0.06484375
0 0.296875 0.696875 0.05234375 0.06484375
0 0.24296875 0.696875 0.05234375 0.06484375
0 0.18046875 0.69921875 0.05703125 0.06328125
0 0.371875 0.8125 0.05234375 0.0703125
0 0.990625 0.67734375 0.01875 0.06875
0 0.40390625 0.6953125 0.05234375 0.06484375
0 0.93984375 0.8015625 0.0375 0.10625
0 0.13828125 0.025 0.03125 0.05
0 0.44140625 0.25390625 0.02890625 0.05078125
0 0.32734375 0.13828125 0.0796875 0.115625
0 0.39765625 0.171875 0.0578125 0.05
0 0.39765625 0.1171875 0.05859375 0.05390625
0 0.475 0.15 0.0921875 0.0984375
0 0.56171875 0.17265625 0.059375 0.05234375
0 0.6078125 0.1671875 0.02734375 0.06640625
0 0.66484375 0.16171875 0.0375 0.07578125
0 0.70625 0.15546875 0.03984375 0.08515625
0 0.6671875 0.10234375 0.03671875 0.03671875
0 0.75234375 0.13828125 0.04765625 0.12421875
0 0.80390625 0.171875 0.03359375 0.06328125
0 0.88046875 0.1546875 0.04765625 0.09296875
0 0.96328125 0.15546875 0.04140625 0.08984375
0 0.03828125 0.28671875 0.07578125 0.07890625
0 0.1140625 0.28515625 0.07578125 0.07890625
0 0.24609375 0.140625 0.075 0.1078125
0 0.9796875 0.79921875 0.0390625 0.1078125
0 0.18671875 0.15546875 0.04140625 0.07421875
0 0.0578125 0.15078125 0.059375 0.0796875
0 0.44140625 0.30625 0.03359375 0.05
0 0.35078125 0.27890625 0.05390625 0.103125
0 0.2828125 0.278125 0.078125 0.10390625
0 0.1921875 0.2890625 0.07578125 0.07890625
0 0.6328125 0.0296875 0.0359375 0.0578125
0 0.66953125 0.0296875 0.03515625 0.0578125
0 0.71171875 0.02890625 0.04140625 0.0578125
0 0.7546875 0.02890625 0.03984375 0.0578125
0 0.7953125 0.02890625 0.03515625 0.0578125
0 0.84375 0.02890625 0.0453125 0.05703125
0 0.88828125 0.028125 0.03828125 0.05625
0 0.92734375 0.028125 0.03671875 0.05625
0 0.5671875 0.60546875 0.05234375 0.0640625
0 0.96796875 0.028125 0.0375 0.05625
0 0.01328125 0.14921875 0.0265625 0.08125
0 0.11953125 0.15234375 0.059375 0.0796875
0 0.51328125 0.60390625 0.05234375 0.0640625
0 0.1015625 0.815625 0.0359375 0.06328125
0 0.33984375 0.6046875 0.0578125 0.06875
0 0.5765625 0.30625 0.05703125 0.05546875
0 0.65390625 0.27890625 0.05234375 0.1125
0 0.73828125 0.27890625 0.03515625 0.10625
0 0.78125 0.29765625 0.04296875 0.0765625
0 0.78359375 0.2390625 0.0453125 0.0390625
0 0.82265625 0.29375 0.028125 0.07734375
0 0.86796875 0.29296875 0.04296875 0.0796875
0 0.9109375 0.29375 0.03828125 0.08203125
0 0.1765625 0.50234375 0.0515625 0.0703125
0 0.98359375 0.42109375 0.03203125 0.115625
0 0.9421875 0.4328125 0.04140625 0.09375
0 0.896875 0.41796875 0.046875 0.1265625
0 0.8484375 0.421875 0.04375 0.10546875
0 0.7953125 0.415625 0.05703125 0.1140625
0 0.74921875 0.4234375 0.03125 0.10234375
0 0.71328125 0.42890625 0.0359375 0.09609375
0 0.62734375 0.41171875 0.05234375 0.10390625
0 0.57265625 0.425 0.0546875 0.05
0 0.50234375 0.403125 0.08515625 0.0875
0 0.41484375 0.40234375 0.0875 0.09140625
0 0.34375 0.421875 0.05390625 0.046875
0 0.28828125 0.40703125 0.05546875 0.075
0 0.459375 0.6046875 0.0515625 0.0640625
0 0.85234375 0.240625 0.0421875 0.02265625
0 0.903125 0.23515625 0.03984375 0.02890625
0 0.0375 0.40078125 0.065625 0.07890625
0 0.109375 0.40234375 0.0765625 0.075
0 0.175 0.40546875 0.05 0.07265625
0 0.2296875 0.40859375 0.05546875 0.075
0 0.50234375 0.28515625 0.08828125 0.09375
0 0.22734375 0.50390625 0.046875 0.06953125
0 0.69921875 0.29375 0.03671875 0.08046875
0 0.65 0.54765625 0.03203125 0.090625
0 0.98828125 0.55390625 0.0234375 0.096875
0 0.86796875 0.546875 0.0515625 0.1078125
0 0.81796875 0.55 0.04140625 0.09375
0 0.76875 0.5484375 0.05234375 0.09921875
0 0.72421875 0.54921875 0.03359375 0.09296875
0 0.6859375 0.54765625 0.03203125 0.090625
0 0.28125 0.51171875 0.05546875 0.0703125
0 0.61484375 0.546875 0.03203125 0.090625
0 0.57109375 0.5125 0.053125 0.0703125
0 0.5078125 0.51484375 0.053125 0.0703125
0 0.453125 0.50859375 0.0546875 0.07421875
0 0.39609375 0.50859375 0.05546875 0.071875
0 0.33984375 0.5078125 0.05390625 0.06484375
0 0.20546875 0.02578125 0.09921875 0.05078125
0 0.2875 0.02734375 0.059375 0.05390625
0 0.34921875 0.02734375 0.059375 0.05390625
0 0.4109375 0.02734375 0.059375 0.05390625
0 0.4890625 0.0296875 0.0921875 0.059375
0 0.571875 0.0296875 0.065625 0.059375
0 0.109375 0.60078125 0.0609375 0.065625
0 0.17890625 0.60078125 0.053125 0.06875
0 0.23515625 0.60234375 0.053125 0.06875
0 0.95546875 0.55546875 0.0390625 0.09296875
0 0.91484375 0.5546875 0.0390625 0.09296875