0 0.55234375 0.2859375 0.05390625 0.034375
0 0.440625 0.2375 0.04765625 0.0328125
0 0.49765625 0.2859375 0.046875 0.03828125
0 0.38203125 0.240625 0.0484375 0.0265625
0 0.32890625 0.23671875 0.04453125 0.03125
0 0.2796875 0.24140625 0.04921875 0.0234375
0 0.1625 0.23828125 0.05859375 0.02421875
0 0.22109375 0.2359375 0.04296875 0.03125
0 0.2171875 0.28203125 0.0515625 0.034375
0 0.06484375 0.5046875 0.04140625 0.11640625
0 0.0234375 0.5046875 0.02890625 0.1203125
0 0.059375 0.38125 0.04609375 0.11328125
0 0.0171875 0.378125 0.03359375 0.1203125
0 0.61328125 0.2421875 0.05234375 0.0296875
0 0.275 0.284375 0.05546875 0.03359375
0 0.33359375 0.28203125 0.05078125 0.034375
0 0.384375 0.284375 0.046875 0.0390625
0 0.43671875 0.284375 0.05 0.03515625
0 0.60859375 0.2859375 0.05390625 0.034375
0 0.665625 0.2859375 0.04921875 0.0328125
0 0.96015625 0.3671875 0.03828125 0.0546875
0 0.66484375 0.2390625 0.046875 0.0328125
0 0.84375 0.771875 0.02578125 0.0390625
0 0.8875 0.778125 0.04453125 0.03671875
0 0.925 0.7765625 0.03046875 0.0390625
0 0.96171875 0.7765625 0.03828125 0.0375
0 0.41015625 0.69921875 0.0453125 0.0421875
0 0.36484375 0.7 0.04140625 0.040625
0 0.32734375 0.70078125 0.02890625 0.0421875
0 0.30234375 0.7 0.021875 0.040625
0 0.2703125 0.69921875 0.03359375 0.046875
0 0.23984375 0.69765625 0.02421875 0.04375
0 0.20625 0.703125 0.03984375 0.0390625
0 0.97421875 0.6375 0.0515625 0.040625
0 0.92421875 0.6390625 0.0453125 0.04375
0 0.83046875 0.64375 0.04296875 0.034375
0 0.8125 0.7765625 0.03359375 0.0390625
0 0.77890625 0.64921875 0.05234375 0.0265625
0 0.61484375 0.63671875 0.03984375 0.0375
0 0.5703125 0.640625 0.04609375 0.03125
0 0.52265625 0.634375 0.034375 0.03359375
0 0.49375 0.64453125 0.01640625 0.0171875
0 0.4671875 0.6375 0.0375 0.03125
0 0.42109375 0.6359375 0.04765625 0.03359375
0 0.2734375 0.634375 0.0421875 0.04609375
0 0.2203125 0.6328125 0.0515625 0.04453125
0 0.17421875 0.6328125 0.028125 0.04296875
0 0.95859375 0.58125 0.02578125 0.025
0 0.9203125 0.58515625 0.04375 0.0296875
0 0.8703125 0.58359375 0.05078125 0.0328125
0 0.8171875 0.5828125 0.04296875 0.025
0 0.715625 0.2859375 0.04765625 0.03359375
0 0.67890625 0.6421875 0.05546875 0.0265625
0 0.7203125 0.584375 0.04296875 0.02265625
0 0.784375 0.7703125 0.01640625 0.0484375
0 0.4953125 0.2390625 0.0375 0.034375
0 0.46171875 0.7015625 0.04609375 0.03671875
0 0.5109375 0.703125 0.04296875 0.040625
0 0.55703125 0.703125 0.04375 0.03671875
0 0.63046875 0.7046875 0.028125 0.0421875
0 0.67109375 0.7046875 0.04296875 0.0359375
0 0.71640625 0.70703125 0.04609375 0.03984375
0 0.765625 0.70625 0.04453125 0.03125
0 0.81484375 0.7078125 0.04765625 0.03359375
0 0.86328125 0.7078125 0.04296875 0.0359375
0 0.91015625 0.7078125 0.04296875 0.0359375
0 0.95625 0.70546875 0.04609375 0.0375
0 0.17890625 0.76875 0.05078125 0.03984375
0 0.2203125 0.76484375 0.03203125 0.0453125
0 0.25625 0.765625 0.02734375 0.0484375
0 0.76796875 0.778125 0.015625 0.04140625
0 0.28359375 0.76640625 0.02734375 0.04375
0 0.73046875 0.771875 0.0234375 0.04375
0 0.67890625 0.76953125 0.02578125 0.0453125
0 0.65 0.7703125 0.02890625 0.05
0 0.62265625 0.7703125 0.025 0.05078125
0 0.59375 0.7703125 0.02734375 0.0515625
0 0.53671875 0.7703125 0.02890625 0.04765625
0 0.51171875 0.76875 0.02109375 0.0453125
0 0.4890625 0.7671875 0.02265625 0.05
0 0.4625 0.765625 0.025 0.046875
0 0.75 0.775 0.0171875 0.03671875
0 0.43671875 0.7671875 0.0234375 0.0484375
0 0.4125 0.7640625 0.02421875 0.046875
0 0.390625 0.76640625 0.0203125 0.046875
0 0.3640625 0.76328125 0.02265625 0.0453125
0 0.33515625 0.77109375 0.02734375 0.04375
0 0.66328125 0.584375 0.05 0.0234375
0 0.76796875 0.584375 0.03984375 0.0265625
0 0.5140625 0.5765625 0.0265625 0.03671875
0 0.3453125 0.4375 0.05078125 0.0453125
0 0.25703125 0.43828125 0.03828125 0.0453125
0 0.16015625 0.4375 0.03359375 0.04921875
0 0.91640625 0.365625 0.05 0.0515625
0 0.86484375 0.36875 0.0421875 0.04609375
0 0.815625 0.36953125 0.03515625 0.04921875
0 0.771875 0.365625 0.04296875 0.04453125
0 0.7046875 0.36953125 0.06484375 0.046875
0 0.64921875 0.36015625 0.03671875 0.025
0 0.6484375 0.384375 0.03515625 0.01875
0 0.603125 0.37109375 0.03203125 0.0515625
0 0.5578125 0.365625 0.0515625 0.05
0 0.51015625 0.36953125 0.0375 0.0515625
0 0.47578125 0.36640625 0.03203125 0.0484375
0 0.55 0.57734375 0.03515625 0.0328125
0 0.43359375 0.3671875 0.03984375 0.0578125
0 0.31796875 0.36640625 0.06171875 0.0453125
0 0.24921875 0.3625 0.065625 0.040625
0 0.17578125 0.3515625 0.06484375 0.0609375
0 0.98515625 0.28828125 0.02890625 0.034375
0 0.94140625 0.2875 0.05390625 0.028125
0 0.8890625 0.2859375 0.05390625 0.03046875
0 0.8265625 0.28828125 0.05703125 0.034375
0 0.77421875 0.2890625 0.04140625 0.03359375
0 0.98203125 0.24296875 0.02890625 0.040625
0 0.93671875 0.24296875 0.04375 0.040625
0 0.8859375 0.24453125 0.04765625 0.0375
0 0.8296875 0.2390625 0.0578125 0.03359375
0 0.7734375 0.23984375 0.05 0.034375
0 0.7140625 0.23828125 0.04453125 0.0328125
0 0.38125 0.3640625 0.06015625 0.05
0 0.44765625 0.4390625 0.05546875 0.05234375
0 0.39453125 0.440625 0.046875 0.0390625
0 0.5546875 0.43828125 0.05078125 0.0546875
0 0.66171875 0.51875 0.04765625 0.03203125
0 0.71484375 0.5234375 0.04140625 0.028125
0 0.76015625 0.5171875 0.040625 0.0375
0 0.80859375 0.50078125 0.04453125 0.01484375
0 0.80703125 0.52578125 0.0421875 0.028125
0 0.85390625 0.51953125 0.05 0.0359375
0 0.90703125 0.52265625 0.05 0.0421875
0 0.95546875 0.5234375 0.04296875 0.0328125
0 0.18984375 0.575 0.04609375 0.0296875
0 0.2421875 0.571875 0.05234375 0.034375
0 0.29296875 0.5734375 0.0421875 0.0375
0 0.340625 0.5703125 0.0390625 0.0390625
0 0.38046875 0.575 0.0359375 0.0484375
0 0.42578125 0.57578125 0.046875 0.0390625
0 0.47421875 0.57578125 0.0453125 0.0390625
0 0.6125 0.51640625 0.0421875 0.0375
0 0.50390625 0.43671875 0.04765625 0.05078125
0 0.559375 0.5140625 0.05390625 0.034375
0 0.88515625 0.440625 0.0328125 0.0421875
0 0.6125 0.43671875 0.05859375 0.05078125
0 0.6703125 0.4390625 0.0515625 0.0546875
0 0.72109375 0.4390625 0.04453125 0.0515625
0 0.765625 0.4453125 0.03828125 0.04453125
0 0.80546875 0.44375 0.03984375 0.0453125
0 0.846875 0.44375 0.0359375 0.0453125
0 0.546875 0.23828125 0.04921875 0.03125
0 0.9765625 0.446875 0.04140625 0.03515625
0 0.26953125 0.5125 0.05546875 0.03203125
0 0.41796875 0.5171875 0.02578125 0.04453125
0 0.45859375 0.5140625 0.04296875 0.04765625
0 0.50234375 0.5109375 0.04140625 0.04296875
0 0.9296875 0.453125 0.04921875 0.028125