0 0.48359375 0.3625 0.034375 0.0609375
0 0.40703125 0.35703125 0.02265625 0.06953125
0 0.52578125 0.36953125 0.04140625 0.046875
0 0.56171875 0.36484375 0.03359375 0.0515625
0 0.60078125 0.36640625 0.03828125 0.0625
0 0.63671875 0.36875 0.03359375 0.05859375
0 0.67578125 0.36796875 0.04140625 0.0640625
0 0.378125 0.36015625 0.03671875 0.0640625
0 0.71328125 0.37109375 0.03359375 0.05859375
0 0.74921875 0.37890625 0.034375 0.04609375
0 0.78984375 0.37734375 0.0484375 0.0484375
0 0.4390625 0.35859375 0.04140625 0.07265625
0 0.5703125 0.48046875 0.04453125 0.05625
0 0.8421875 0.37890625 0.0515625 0.05234375
0 0.25703125 0.36015625 0.04140625 0.0515625
0 0.1984375 0.35859375 0.0390625 0.04921875
0 0.14765625 0.34765625 0.0390625 0.084375
0 0.10703125 0.34921875 0.0390625 0.08203125
0 0.0625 0.3453125 0.05078125 0.07421875
0 0.01796875 0.34609375 0.0359375 0.0734375
0 0.959375 0.24765625 0.05546875 0.06953125
0 0.88828125 0.25078125 0.0578125 0.05390625
0 0.7578125 0.7828125 0.03984375 0.0421875
0 0.84140625 0.78984375 0.04375 0.04609375
0 0.89375 0.7796875 0.0390625 0.0703125
0 0.33203125 0.36015625 0.04453125 0.0640625
0 0.88984375 0.38046875 0.0375 0.0453125
0 0.33515625 0.47265625 0.0375 0.06875
0 0.15703125 0.4609375 0.0390625 0.08046875
0 0.07421875 0.5625 0.04921875 0.06953125
0 0.14296875 0.56640625 0.0875 0.07578125
0 0.22109375 0.57578125 0.059375 0.06875
0 0.2953125 0.5796875 0.06640625 0.06640625
0 0.36171875 0.578125 0.0515625 0.06640625
0 0.40703125 0.58046875 0.03984375 0.0625
0 0.44765625 0.58203125 0.0390625 0.0671875
0 0.4953125 0.58046875 0.0484375 0.06484375
0 0.5375 0.58046875 0.03359375 0.06484375
0 0.57109375 0.58125 0.03046875 0.05859375
0 0.6046875 0.58046875 0.0328125 0.0578125
0 0.6578125 0.58046875 0.0625 0.065625
0 0.71171875 0.5859375 0.04609375 0.05390625
0 0.9671875 0.47734375 0.06484375 0.0828125
0 0.92265625 0.478125 0.0234375 0.08203125
0 0.85703125 0.4796875 0.1 0.078125
0 0.74453125 0.4765625 0.10234375 0.0734375
0 0.671875 0.48203125 0.040625 0.0609375
0 0.62421875 0.48671875 0.040625 0.059375
0 0.628125 0.7734375 0.0578125 0.05703125
0 0.5265625 0.47734375 0.04296875 0.06171875
0 0.45234375 0.471875 0.090625 0.07421875
0 0.3796875 0.47421875 0.04921875 0.06796875
0 0.93515625 0.78046875 0.0421875 0.06953125
0 0.28046875 0.4703125 0.046875 0.06875
0 0.20703125 0.4703125 0.0375 0.06796875
0 0.1 0.48359375 0.07265625 0.0203125
0 0.01328125 0.45703125 0.0265625 0.0734375
0 0.9765625 0.7796875 0.0390625 0.06875
0 0.69921875 0.23203125 0.05546875 0.0859375
0 0.75625 0.12578125 0.115625 0.065625
0 0.6109375 0.69140625 0.03203125 0.0515625
0 0.6390625 0.125 0.09921875 0.07890625
0 0.4921875 0.684375 0.0390625 0.0625
0 0.44921875 0.68125 0.0421875 0.06640625
0 0.39765625 0.68046875 0.0375 0.06328125
0 0.35546875 0.67890625 0.04375 0.0640625
0 0.30859375 0.678125 0.0390625 0.06328125
0 0.26171875 0.67890625 0.046875 0.0640625
0 0.21953125 0.68046875 0.0359375 0.06015625
0 0.14375 0.67109375 0.0890625 0.07265625
0 0.6625 0.68984375 0.03359375 0.05
0 0.04921875 0.6671875 0.0984375 0.07890625
0 0.90703125 0.575 0.03984375 0.06640625
0 0.840625 0.58515625 0.03125 0.071875
0 0.8015625 0.5890625 0.04453125 0.06484375
0 0.75234375 0.58984375 0.0375 0.06328125
0 0.315625 0.2234375 0.04296875 0.09140625
0 0.2671875 0.23515625 0.0515625 0.0671875
0 0.21875 0.23203125 0.04453125 0.06171875
0 0.1734375 0.23203125 0.04609375 0.0625
0 0.1203125 0.2203125 0.04609375 0.08515625
0 0.07109375 0.21875 0.05 0.08671875
0 0.959375 0.57890625 0.03359375 0.06328125
0 0.71171875 0.6921875 0.03359375 0.05078125
0 0.5421875 0.6890625 0.03359375 0.053125
0 0.815625 0.6984375 0.03359375 0.05078125
0 0.92890625 0.15703125 0.1390625 0.0359375
0 0.84296875 0.25 0.03359375 0.05546875
0 0.7953125 0.2359375 0.05078125 0.0796875
0 0.74921875 0.23359375 0.04140625 0.08515625
0 0.71484375 0.78046875 0.04609375 0.04921875
0 0.646875 0.23203125 0.04765625 0.0875
0 0.58984375 0.22734375 0.06171875 0.08984375
0 0.53828125 0.22578125 0.0421875 0.0921875
0 0.77109375 0.696875 0.03671875 0.0484375
0 0.42421875 0.2265625 0.04609375 0.090625
0 0.365625 0.23046875 0.05703125 0.07734375
0 0.528125 0.77109375 0.03671875 0.0640625
0 0.4765625 0.2265625 0.05859375 0.090625
0 0.90703125 0.68515625 0.0375 0.071875
0 0.8609375 0.69921875 0.03125 0.05
0 0.48828125 0.771875 0.0390625 0.065625
0 0.9546875 0.6875 0.04921875 0.071875
0 0.1140625 0.7640625 0.1640625 0.07109375
0 0.2234375 0.76640625 0.03828125 0.0609375
0 0.03046875 0.56484375 0.034375 0.06484375
0 0.31015625 0.76875 0.0359375 0.05390625
0 0.359375 0.7671875 0.0375 0.06953125
0 0.40078125 0.76953125 0.040625 0.06484375
0 0.446875 0.77109375 0.04296875 0.06640625
0 0.26953125 0.76640625 0.04375 0.059375