0 0.34765625 0.88125 0.06328125 0.03828125
0 0.4046875 0.8796875 0.04921875 0.04296875
0 0.41171875 0.7828125 0.03671875 0.04765625
0 0.36953125 0.8171875 0.04609375 0.05390625
0 0.1421875 0.35078125 0.04765625 0.034375
0 0.03359375 0.890625 0.0671875 0.025
0 0.19296875 0.3484375 0.0484375 0.03203125
0 0.45625 0.83125 0.05 0.12421875
0 0.1484375 0.31328125 0.0484375 0.0328125
0 0.096875 0.31484375 0.0484375 0.0328125
0 0.0921875 0.35 0.04921875 0.0328125
0 0.03359375 0.34140625 0.0640625 0.046875
0 0.60859375 0.32890625 0.05625 0.0734375
0 0.6703125 0.33203125 0.05078125 0.06015625
0 0.7265625 0.33046875 0.06015625 0.06015625
0 0.78203125 0.34375 0.0328125 0.03046875
0 0.13515625 0.88359375 0.1046875 0.02890625
0 0.82734375 0.32578125 0.03984375 0.06953125
0 0.94609375 0.19921875 0.1078125 0.0359375
0 0.94765625 0.1609375 0.1046875 0.040625
0 0.92109375 0.1109375 0.1578125 0.04296875
0 0.9484375 0.23984375 0.10234375 0.04140625
0 0.9296875 0.28671875 0.13828125 0.0390625
0 0.9765625 0.3828125 0.046875 0.090625
0 0.36171875 0.77421875 0.0421875 0.034375
0 0.2515625 0.81484375 0.14375 0.0859375
0 0.0390625 0.8375 0.078125 0.0296875
0 0.0390625 0.86640625 0.078125 0.0203125
0 0.02578125 0.46484375 0.0328125 0.065625
0 0.51640625 0.85234375 0.059375 0.0734375
0 0.628125 0.55703125 0.053125 0.06875
0 0.6984375 0.828125 0.04609375 0.115625
0 0.2265625 0.5546875 0.0203125 0.025
0 0.3265625 0.59296875 0.0515625 0.03828125
0 0.2640625 0.5984375 0.05625 0.0234375
0 0.1703125 0.5859375 0.0578125 0.009375
0 0.16640625 0.5734375 0.05625 0.0140625
0 0.1625 0.60078125 0.0609375 0.0140625
0 0.10546875 0.5859375 0.02734375 0.034375
0 0.03828125 0.5984375 0.0578125 0.01640625
0 0.05703125 0.57109375 0.05625 0.01015625
0 0.0625 0.559375 0.0578125 0.01328125
0 0.1484375 0.52578125 0.04453125 0.01328125
0 0.08046875 0.5375 0.05703125 0.0140625
0 0.90859375 0.3859375 0.08828125 0.0921875
0 0.84921875 0.4796875 0.05703125 0.01015625
0 0.85 0.46953125 0.05625 0.0078125
0 0.8140625 0.43359375 0.0546875 0.05
0 0.7546875 0.43828125 0.04921875 0.07109375
0 0.703125 0.4390625 0.02890625 0.08203125
0 0.6484375 0.44765625 0.06015625 0.0703125
0 0.56640625 0.45703125 0.06484375 0.05625
0 0.50546875 0.4515625 0.053125 0.0671875
0 0.45 0.459375 0.05546875 0.05859375
0 0.3921875 0.459375 0.05703125 0.05703125
0 0.32109375 0.46953125 0.065625 0.03828125
0 0.253125 0.4546875 0.05234375 0.07109375
0 0.19375 0.4390625 0.046875 0.1046875
0 0.14140625 0.46171875 0.03828125 0.07265625
0 0.11015625 0.45703125 0.02109375 0.0640625
0 0.19765625 0.31328125 0.0359375 0.0328125
0 0.39921875 0.5953125 0.06875 0.02734375
0 0.453125 0.56953125 0.03984375 0.07578125
0 0.51171875 0.553125 0.07421875 0.08671875
0 0.578125 0.58203125 0.0453125 0.04765625
0 0.6484375 0.8515625 0.0421875 0.06953125
0 0.825 0.8234375 0.034375 0.0890625
0 0.78359375 0.82109375 0.0484375 0.1109375
0 0.93203125 0.8703125 0.134375 0.03828125
0 0.9390625 0.83046875 0.1203125 0.03828125
0 0.9578125 0.7828125 0.08359375 0.053125
0 0.93203125 0.7046875 0.1359375 0.090625
0 0.82421875 0.68671875 0.04921875 0.046875
0 0.77109375 0.6859375 0.04375 0.0484375
0 0.65703125 0.6671875 0.04765625 0.01953125
0 0.66171875 0.69375 0.05 0.0328125
0 0.60546875 0.671875 0.05078125 0.0875
0 0.54609375 0.6734375 0.0578125 0.0828125
0 0.49375 0.675 0.04140625 0.08671875
0 0.58359375 0.85078125 0.06953125 0.06953125
0 0.44609375 0.67578125 0.0484375 0.08828125
0 0.33984375 0.68203125 0.05703125 0.08359375
0 0.28515625 0.68125 0.04921875 0.084375
0 0.240625 0.67578125 0.028125 0.09296875
0 0.2109375 0.6765625 0.03046875 0.0875
0 0.0828125 0.709375 0.07109375 0.0484375
0 0.165625 0.70234375 0.05546875 0.02109375
0 0.17109375 0.66640625 0.03203125 0.01796875
0 0.11328125 0.65703125 0.05546875 0.01796875
0 0.04453125 0.65859375 0.06796875 0.00703125
0 0.93984375 0.5296875 0.11953125 0.13828125
0 0.7921875 0.521875 0.04921875 0.040625
0 0.8046875 0.5765625 0.06171875 0.053125
0 0.7296875 0.55078125 0.053125 0.06796875
0 0.6796875 0.55703125 0.0453125 0.06875
0 0.396875 0.6890625 0.05078125 0.06484375
0 0.2453125 0.3296875 0.04609375 0.065625
0 0.0671875 0.4625 0.0421875 0.06875
0 0.43671875 0.34375 0.04609375 0.03515625
0 0.31015625 0.3265625 0.06796875 0.07421875
0 0.02109375 0.175 0.0421875 0.11875
0 0.0984375 0.18515625 0.028125 0.090625
0 0.1265625 0.178125 0.02890625 0.10625
0 0.16328125 0.1734375 0.046875 0.11484375
0 0.24453125 0.17265625 0.0390625 0.1171875
0 0.2828125 0.17421875 0.03828125 0.1140625
0 0.3234375 0.1703125 0.03671875 0.12265625
0 0.359375 0.1828125 0.03359375 0.09921875
0 0.40703125 0.20234375 0.05625 0.05078125
0 0.45390625 0.2125 0.0265625 0.03671875
0 0.45234375 0.17578125 0.028125 0.0359375
0 0.20546875 0.17109375 0.03046875 0.11953125
0 0.521875 0.16953125 0.03359375 0.11953125
0 0.48515625 0.171875 0.0375 0.1171875
0 0.446875 0.2890625 0.08125 0.06328125
0 0.85390625 0.19921875 0.071875 0.0578125
0 0.378125 0.3328125 0.0578125 0.05859375
0 0.71796875 0.20546875 0.0609375 0.05
0 0.78046875 0.203125 0.06328125 0.04765625
0 0.70625 0.15625 0.0625 0.0453125
0 0.61484375 0.16796875 0.06640625 0.040625
0 0.6671875 0.2078125 0.0328125 0.0390625
0 0.61484375 0.20859375 0.06953125 0.04140625
0 0.56015625 0.171875 0.03984375 0.115625
0 0.76953125 0.15625 0.06328125 0.04453125