0 0.0671875 0.21015625 0.07265625 0.07109375
0 0.140625 0.209375 0.06953125 0.0734375
0 0.20546875 0.2078125 0.059375 0.071875
0 0.04609375 0.7671875 0.0828125 0.01875
0 0.403125 0.2078125 0.065625 0.0703125
0 0.27109375 0.20703125 0.0671875 0.07578125
0 0.3359375 0.20625 0.0640625 0.075
0 0.94140625 0.10625 0.1171875 0.02734375
0 0.478125 0.20703125 0.065625 0.07265625
0 0.5453125 0.20625 0.06875 0.06953125
0 0.121875 0.7390625 0.059375 0.0625
0 0.93984375 0.08046875 0.1203125 0.0171875
0 0.65703125 0.08828125 0.06875 0.06875
0 0.79765625 0.08828125 0.071875 0.06796875
0 0.61328125 0.20703125 0.06328125 0.06953125
0 0.725 0.08828125 0.06640625 0.0703125
0 0.5890625 0.08828125 0.06015625 0.06796875
0 0.52421875 0.0890625 0.06640625 0.0671875
0 0.4546875 0.090625 0.0640625 0.06484375
0 0.3796875 0.09296875 0.059375 0.06953125
0 0.31015625 0.09453125 0.0734375 0.0703125
0 0.1734375 0.09453125 0.0734375 0.065625
0 0.10859375 0.09375 0.05390625 0.0640625
0 0.04140625 0.09453125 0.0703125 0.065625
0 0.94140625 0.05859375 0.1171875 0.01640625
0 0.240625 0.09375 0.05859375 0.06796875
0 0.5546875 0.4234375 0.11484375 0.06328125
0 0.74921875 0.20234375 0.06796875 0.065625
0 0.36484375 0.63203125 0.06484375 0.0578125
0 0.29765625 0.63046875 0.06328125 0.0578125
0 0.234375 0.634375 0.06015625 0.059375
0 0.17109375 0.634375 0.06015625 0.059375
0 0.1046875 0.63828125 0.06796875 0.0609375
0 0.9390625 0.5359375 0.121875 0.03125
0 0.3453125 0.4234375 0.10078125 0.0609375
0 0.8375 0.52109375 0.0328125 0.06015625
0 0.8015625 0.521875 0.0359375 0.059375
0 0.728125 0.52421875 0.1046875 0.0578125
0 0.628125 0.525 0.09765625 0.0609375
0 0.42734375 0.63125 0.0578125 0.0609375
0 0.5484375 0.52578125 0.0578125 0.0671875
0 0.4125 0.53046875 0.059375 0.06171875
0 0.346875 0.53046875 0.06796875 0.0640625
0 0.28046875 0.53203125 0.0546875 0.065625
0 0.21640625 0.534375 0.06328125 0.06640625
0 0.153125 0.53515625 0.06328125 0.06953125
0 0.08125 0.5359375 0.065625 0.06796875
0 0.93125 0.39375 0.13671875 0.0328125
0 0.93046875 0.43046875 0.13046875 0.0296875
0 0.83828125 0.41875 0.04765625 0.06015625
0 0.76640625 0.41875 0.09453125 0.05703125
0 0.665625 0.41953125 0.09765625 0.0625
0 0.4796875 0.52890625 0.065625 0.06171875
0 0.4875 0.628125 0.06484375 0.0578125
0 0.553125 0.6265625 0.053125 0.05703125
0 0.609375 0.62890625 0.06171875 0.0609375
0 0.81796875 0.2015625 0.065625 0.06484375
0 0.925 0.1765625 0.14609375 0.04140625
0 0.9265625 0.21640625 0.146875 0.0296875
0 0.06484375 0.3234375 0.0640625 0.0625
0 0.134375 0.31953125 0.06171875 0.0703125
0 0.2015625 0.3203125 0.06796875 0.07109375
0 0.2671875 0.31875 0.05546875 0.0671875
0 0.33828125 0.31953125 0.078125 0.06796875
0 0.41015625 0.3203125 0.0640625 0.0671875
0 0.47890625 0.31953125 0.07265625 0.06484375
0 0.54609375 0.31796875 0.053125 0.0609375
0 0.6078125 0.31640625 0.06640625 0.0625
0 0.678125 0.3140625 0.05859375 0.0640625
0 0.7421875 0.315625 0.06640625 0.06796875
0 0.81015625 0.3125 0.06171875 0.06484375
0 0.9234375 0.2875 0.14375 0.03828125
0 0.925 0.3265625 0.15 0.02734375
0 0.13359375 0.42578125 0.10859375 0.06328125
0 0.24375 0.425 0.09921875 0.0640625
0 0.040625 0.74765625 0.0765625 0.015625
0 0.04140625 0.73125 0.0796875 0.01796875
0 0.04296875 0.709375 0.08203125 0.015625
0 0.86796875 0.6234375 0.04140625 0.05625
0 0.79765625 0.62265625 0.09375 0.059375
0 0.69453125 0.62265625 0.09921875 0.0640625
0 0.44921875 0.421875 0.0921875 0.06015625
0 0.934375 0.496875 0.13046875 0.0421875
0 0.6796875 0.20390625 0.06953125 0.0640625
0 0.503125 0.72890625 0.0640625 0.0640625
0 0.93828125 0.71484375 0.1234375 0.01328125
0 0.9453125 0.64921875 0.109375 0.0140625
0 0.94375 0.63125 0.09609375 0.01640625
0 0.94765625 0.59453125 0.10390625 0.01484375
0 0.93671875 0.69609375 0.12109375 0.0203125
0 0.8265625 0.72421875 0.078125 0.06484375
0 0.75234375 0.72890625 0.065625 0.065625
0 0.69140625 0.72734375 0.053125 0.06640625
0 0.63125 0.7296875 0.06015625 0.0671875
0 0.56875 0.728125 0.06640625 0.06640625
0 0.43671875 0.7296875 0.06796875 0.065625
0 0.371875 0.7328125 0.05625 0.0609375
0 0.31015625 0.73515625 0.06171875 0.06484375
0 0.24921875 0.7359375 0.06640625 0.06484375
0 0.18046875 0.7375 0.05703125 0.06328125
0 0.93671875 0.73046875 0.1265625 0.015625
0 0.9390625 0.75078125 0.121875 0.01796875
0 0.9453125 0.61171875 0.109375 0.0140625
0 0.04375 0.8421875 0.08515625 0.015625
0 0.93203125 0.7921875 0.1359375 0.01875
0 0.93125 0.8125 0.13671875 0.015625
0 0.928125 0.8296875 0.14375 0.01484375
0 0.05078125 0.8234375 0.10078125 0.01953125
0 0.9296875 0.86640625 0.13828125 0.01796875
0 0.8265625 0.84375 0.04609375 0.07578125
0 0.75234375 0.8421875 0.10078125 0.0703125
0 0.665625 0.84453125 0.06328125 0.065625
0 0.93046875 0.846875 0.1390625 0.0140625
0 0.53515625 0.846875 0.09765625 0.0671875
0 0.4328125 0.84609375 0.10390625 0.0703125
0 0.3296875 0.84921875 0.096875 0.0671875
0 0.22421875 0.85234375 0.0921875 0.0703125
0 0.13984375 0.85625 0.0640625 0.065625
0 0.04140625 0.8828125 0.0796875 0.02109375
0 0.04375 0.86640625 0.08515625 0.015625
0 0.61171875 0.84296875 0.03984375 0.06640625