0 0.721875 0.67578125 0.0453125 0.06796875
0 0.77109375 0.675 0.04296875 0.071875
0 0.9140625 0.67578125 0.04375 0.07265625
0 0.8140625 0.6765625 0.03984375 0.06953125
0 0.8578125 0.67109375 0.04140625 0.0734375
0 0.67109375 0.6734375 0.03984375 0.06640625
0 0.959375 0.6734375 0.0421875 0.075
0 0.2109375 0.56640625 0.0390625 0.07109375
0 0.915625 0.5453125 0.0453125 0.08359375
0 0.87421875 0.54296875 0.0328125 0.08359375
0 0.83125 0.54453125 0.04375 0.084375
0 0.78671875 0.54140625 0.03984375 0.08046875
0 0.74609375 0.54453125 0.0328125 0.08515625
0 0.70390625 0.54609375 0.0375 0.08359375
0 0.65703125 0.54765625 0.03828125 0.0796875
0 0.61328125 0.54609375 0.040625 0.08046875
0 0.4328125 0.56328125 0.03359375 0.07109375
0 0.38984375 0.5625 0.0421875 0.07265625
0 0.34453125 0.5625 0.03671875 0.07109375
0 0.3046875 0.56171875 0.03828125 0.06796875
0 0.25546875 0.5625 0.0375 0.07421875
0 0.6265625 0.6578125 0.03125 0.075
0 0.95859375 0.540625 0.040625 0.078125
0 0.5859375 0.66328125 0.034375 0.096875
0 0.31875 0.7765625 0.0328125 0.071875
0 0.3953125 0.67421875 0.0453125 0.0796875
0 0.69921875 0.7734375 0.03984375 0.0671875
0 0.7359375 0.775 0.0359375 0.06796875
0 0.8234375 0.775 0.040625 0.07421875
0 0.86875 0.7734375 0.04140625 0.0734375
0 0.95234375 0.775 0.040625 0.06484375
0 0.9625 0.86640625 0.05234375 0.06953125
0 0.65625 0.77578125 0.04375 0.06953125
0 0.8953125 0.85859375 0.0453125 0.0625
0 0.8125 0.859375 0.0421875 0.06171875
0 0.7734375 0.85703125 0.03984375 0.05703125
0 0.7265625 0.8609375 0.0390625 0.05859375
0 0.690625 0.85625 0.03359375 0.0578125
0 0.64453125 0.8625 0.0359375 0.05859375
0 0.16484375 0.56484375 0.03203125 0.06875
0 0.85625 0.85703125 0.03203125 0.06328125
0 0.434375 0.67109375 0.02421875 0.07578125
0 0.609375 0.775 0.03984375 0.071875
0 0.40234375 0.77890625 0.0375 0.07421875
0 0.35078125 0.66875 0.04453125 0.08984375
0 0.29921875 0.66875 0.0421875 0.09453125
0 0.25546875 0.66640625 0.0390625 0.09375
0 0.21015625 0.675 0.0453125 0.075
0 0.15703125 0.67265625 0.04921875 0.06953125
0 0.0953125 0.66875 0.0578125 0.08671875
0 0.446875 0.7765625 0.0453125 0.0796875
0 0.04375 0.66953125 0.034375 0.09765625
0 0.0984375 0.7796875 0.0375 0.07421875
0 0.146875 0.77890625 0.04140625 0.07109375
0 0.18828125 0.78046875 0.03828125 0.07109375
0 0.23046875 0.778125 0.0375 0.06640625
0 0.27578125 0.7765625 0.0421875 0.07421875
0 0.35625 0.77734375 0.03671875 0.07265625
0 0.05625 0.77890625 0.0390625 0.07109375
0 0.11796875 0.5640625 0.04765625 0.0640625
0 0.66875 0.33671875 0.03359375 0.08125
0 0.025 0.56171875 0.0421875 0.07109375
0 0.3984375 0.340625 0.03046875 0.08125
0 0.35078125 0.3421875 0.04921875 0.0859375
0 0.30234375 0.3453125 0.034375 0.07890625
0 0.25625 0.34609375 0.03984375 0.075
0 0.20859375 0.34296875 0.0421875 0.08046875
0 0.13203125 0.3453125 0.084375 0.07734375
0 0.0453125 0.34375 0.078125 0.07578125
0 0.04140625 0.2234375 0.03515625 0.08515625
0 0.09765625 0.21875 0.04453125 0.08828125
0 0.14453125 0.22109375 0.0375 0.084375
0 0.18828125 0.22421875 0.04375 0.0828125
0 0.24609375 0.22109375 0.04609375 0.08515625
0 0.2984375 0.22109375 0.05234375 0.084375
0 0.43671875 0.34375 0.03828125 0.08671875
0 0.35 0.21796875 0.0375 0.078125
0 0.5796875 0.221875 0.03515625 0.0828125
0 0.6140625 0.225 0.03515625 0.08203125
0 0.65703125 0.22109375 0.03984375 0.08828125
0 0.69453125 0.2234375 0.03046875 0.090625
0 0.7359375 0.22265625 0.04140625 0.09375
0 0.78046875 0.2203125 0.04140625 0.08515625
0 0.8234375 0.2203125 0.04140625 0.0859375
0 0.8625 0.22109375 0.0359375 0.08359375
0 0.903125 0.21875 0.03671875 0.0796875
0 0.94375 0.21796875 0.03671875 0.0828125
0 0.984375 0.21796875 0.0296875 0.08203125
0 0.96953125 0.1 0.034375 0.07109375
0 0.93515625 0.10546875 0.028125 0.0796875
0 0.4203125 0.225 0.028125 0.0875
0 0.06796875 0.56484375 0.0375 0.06640625
0 0.59296875 0.33828125 0.02421875 0.07734375
0 0.603125 0.86015625 0.03671875 0.06328125
0 0.01953125 0.45703125 0.03828125 0.0765625
0 0.0625 0.45625 0.0421875 0.075
0 0.10390625 0.4546875 0.040625 0.06953125
0 0.15546875 0.453125 0.04375 0.06875
0 0.2 0.45546875 0.04375 0.0734375
0 0.2484375 0.45625 0.0453125 0.07421875
0 0.29609375 0.45859375 0.04375 0.07109375
0 0.34140625 0.45546875 0.0421875 0.07578125
0 0.3828125 0.4578125 0.03671875 0.075
0 0.421875 0.45546875 0.03671875 0.0765625
0 0.58828125 0.4453125 0.034375 0.084375
0 0.6296875 0.44140625 0.03671875 0.084375
0 0.671875 0.4421875 0.034375 0.0875
0 0.628125 0.3375 0.0328125 0.08046875
0 0.71484375 0.43984375 0.0390625 0.08984375
0 0.80625 0.43984375 0.04765625 0.08203125
0 0.85234375 0.44296875 0.0328125 0.08359375
0 0.890625 0.440625 0.0453125 0.08515625
0 0.9359375 0.44140625 0.03671875 0.08125
0 0.9796875 0.4390625 0.040625 0.0796875
0 0.98515625 0.334375 0.0296875 0.07890625
0 0.94765625 0.33515625 0.0359375 0.078125
0 0.90390625 0.334375 0.0296875 0.075
0 0.8671875 0.3359375 0.034375 0.07734375
0 0.828125 0.33671875 0.03359375 0.08046875
0 0.7859375 0.33515625 0.034375 0.07578125
0 0.746875 0.3375 0.03359375 0.078125
0 0.70546875 0.33671875 0.0328125 0.078125
0 0.75859375 0.4390625 0.03984375 0.08828125
0 0.43515625 0.859375 0.01796875 0.05859375
0 0.77578125 0.77265625 0.03359375 0.07109375
0 0.7359375 0.10234375 0.0328125 0.07578125
0 0.06171875 0.8609375 0.0484375 0.0640625
0 0.0671875 0.096875 0.0453125 0.09375
0 0.9 0.1015625 0.034375 0.078125
0 0.85859375 0.1015625 0.0453125 0.07265625
0 0.8171875 0.09921875 0.0328125 0.07265625
0 0.77578125 0.1 0.03828125 0.07578125
0 0.10703125 0.859375 0.0390625 0.06796875
0 0.61640625 0.1 0.07109375 0.08125
0 0.36796875 0.096875 0.0421875 0.096875
0 0.31328125 0.0953125 0.04375 0.09921875
0 0.26875 0.09453125 0.0484375 0.09765625
0 0.2171875 0.09296875 0.04296875 0.10078125
0 0.1703125 0.09453125 0.04296875 0.0984375
0 0.12109375 0.0921875 0.04609375 0.0984375
0 0.4171875 0.0984375 0.05234375 0.10546875
0 0.1484375 0.8609375 0.040625 0.0671875
0 0.02265625 0.096875 0.04140625 0.09296875
0 0.2296875 0.8625 0.05390625 0.0609375
0 0.278125 0.859375 0.03125 0.0671875
0 0.31953125 0.85859375 0.0453125 0.05625
0 0.3609375 0.85859375 0.028125 0.06015625
0 0.39765625 0.8625 0.03984375 0.06640625
0 0.18984375 0.8609375 0.028125 0.06640625