0 0.4828125 0.29296875 0.0953125 0.0171875
0 0.6921875 0.28203125 0.06796875 0.01640625
0 0.82421875 0.2828125 0.05234375 0.04140625
0 0.76484375 0.28828125 0.06328125 0.04296875
0 0.909375 0.296875 0.03984375 0.025
0 0.8734375 0.29765625 0.028125 0.0234375
0 0.87109375 0.26875 0.0328125 0.028125
0 0.68984375 0.2953125 0.071875 0.01015625
0 0.48125 0.25 0.09375 0.02109375
0 0.965625 0.27421875 0.06796875 0.06953125
0 0.48515625 0.27265625 0.09453125 0.02109375
0 0.61484375 0.271875 0.0515625 0.0859375
0 0.56171875 0.2546875 0.04765625 0.10546875
0 0.903125 0.26796875 0.03125 0.028125
0 0.6953125 0.30546875 0.084375 0.0109375
0 0.48359375 0.42890625 0.08828125 0.01953125
0 0.21796875 0.39765625 0.0328125 0.06796875
0 0.80390625 0.42421875 0.065625 0.04765625
0 0.4125 0.2859375 0.034375 0.03046875
0 0.7484375 0.4109375 0.0421875 0.07265625
0 0.690625 0.44140625 0.071875 0.0109375
0 0.690625 0.42890625 0.06796875 0.01015625
0 0.69140625 0.4171875 0.06328125 0.01015625
0 0.621875 0.41015625 0.06640625 0.08125
0 0.55390625 0.3953125 0.046875 0.1109375
0 0.48515625 0.40703125 0.09140625 0.01875
0 0.421875 0.42421875 0.03125 0.03125
0 0.3828125 0.42578125 0.046875 0.02734375
0 0.41484375 0.39140625 0.0328125 0.0359375
0 0.38125 0.39375 0.0328125 0.03125
0 0.334375 0.4140625 0.0453125 0.0484375
0 0.27578125 0.4140625 0.06875 0.046875
0 0.17265625 0.38046875 0.05625 0.10234375
0 0.3765625 0.2875 0.03515625 0.02734375
0 0.38203125 0.109375 0.04375 0.02734375
0 0.33125 0.2796875 0.0453125 0.046875
0 0.378125 0.1375 0.0390625 0.0296875
0 0.33125 0.1203125 0.0484375 0.06484375
0 0.2671875 0.13046875 0.06953125 0.04296875
0 0.20625 0.103125 0.034375 0.0875
0 0.15078125 0.0875 0.04375 0.11640625
0 0.10078125 0.084375 0.05 0.09765625
0 0.4203125 0.1390625 0.034375 0.0328125
0 0.053125 0.08984375 0.04375 0.0859375
0 0.29765625 0.90234375 0.06640625 0.07109375
0 0.22265625 0.90546875 0.0734375 0.07265625
0 0.16015625 0.91015625 0.04765625 0.08984375
0 0.05859375 0.9046875 0.046875 0.09296875
0 0.01875 0.9 0.0359375 0.08671875
0 0.871875 0.421875 0.04765625 0.04296875
0 0.3734375 0.89765625 0.0640625 0.090625
0 0.48828125 0.0984375 0.10078125 0.109375
0 0.56640625 0.1046875 0.05703125 0.1171875
0 0.6390625 0.12421875 0.07578125 0.06640625
0 0.26953125 0.22109375 0.07421875 0.0875
0 0.2078125 0.26640625 0.040625 0.0625
0 0.159375 0.2453125 0.0484375 0.10859375
0 0.1171875 0.35 0.0515625 0.06328125
0 0.071875 0.3546875 0.0421875 0.053125
0 0.02421875 0.334375 0.04609375 0.0984375
0 0.91796875 0.1546875 0.03828125 0.0328125
0 0.87890625 0.15546875 0.0390625 0.03125
0 0.971875 0.13203125 0.05546875 0.06328125
0 0.9234375 0.11796875 0.03984375 0.0328125
0 0.8796875 0.1203125 0.046875 0.028125
0 0.90390625 0.07265625 0.0609375 0.06328125
0 0.8296875 0.13828125 0.04375 0.046875
0 0.7734375 0.1359375 0.0671875 0.053125
0 0.70859375 0.1390625 0.059375 0.03984375
0 0.3859375 0.26171875 0.03125 0.0296875
0 0.928125 0.40234375 0.03359375 0.028125
0 0.11015625 0.909375 0.053125 0.0875
0 0.775 0.8875 0.0578125 0.09921875
0 0.96875 0.76953125 0.0625 0.0703125
0 0.90859375 0.76953125 0.06328125 0.06953125
0 0.84609375 0.7671875 0.0609375 0.07109375
0 0.78359375 0.76875 0.05859375 0.07109375
0 0.71796875 0.76875 0.06328125 0.07109375
0 0.96875 0.63046875 0.0421875 0.07421875
0 0.92265625 0.63359375 0.0546875 0.07578125
0 0.87734375 0.6359375 0.03671875 0.07109375
0 0.83046875 0.63828125 0.05625 0.0765625
0 0.78046875 0.63828125 0.04140625 0.0796875
0 0.7328125 0.6328125 0.0484375 0.08203125
0 0.6796875 0.63203125 0.05234375 0.07734375
0 0.62734375 0.6328125 0.04609375 0.075
0 0.58203125 0.63203125 0.04609375 0.07890625
0 0.53203125 0.63203125 0.05625 0.07734375
0 0.48046875 0.62890625 0.04140625 0.08984375
0 0.4328125 0.628125 0.053125 0.0859375
0 0.384375 0.62734375 0.04453125 0.0859375
0 0.3328125 0.62578125 0.0546875 0.0796875
0 0.2828125 0.62890625 0.046875 0.0796875
0 0.2328125 0.62734375 0.05 0.07421875
0 0.1859375 0.628125 0.04375 0.075
0 0.1265625 0.64765625 0.05703125 0.0453125
0 0.83984375 0.8984375 0.0609375 0.08203125
0 0.06796875 0.6484375 0.0546875 0.04375
0 0.92734375 0.890625 0.11328125 0.08828125
0 0.4734375 0.921875 0.0375 0.0421875
0 0.10625 0.46484375 0.0703125 0.07265625
0 0.4921875 0.5421875 0.04296875 0.05703125
0 0.4515625 0.54140625 0.03671875 0.059375
0 0.409375 0.53828125 0.04375 0.0515625
0 0.36015625 0.5359375 0.046875 0.0515625
0 0.315625 0.53515625 0.0421875 0.04921875
0 0.26640625 0.534375 0.0546875 0.05078125
0 0.21796875 0.5140625 0.0421875 0.10078125
0 0.17421875 0.51875 0.04609375 0.09921875
0 0.65078125 0.7671875 0.0671875 0.08125
0 0.5875 0.76640625 0.06015625 0.0828125
0 0.5296875 0.7546875 0.0515625 0.10390625
0 0.4703125 0.75625 0.06328125 0.0984375
0 0.33046875 0.7625 0.06953125 0.065625
0 0.25703125 0.76796875 0.0671875 0.06796875
0 0.18984375 0.76640625 0.0671875 0.06953125
0 0.12734375 0.75625 0.040625 0.065625
0 0.0859375 0.75625 0.0390625 0.0625
0 0.04609375 0.759375 0.0421875 0.0625
0 0.703125 0.92421875 0.071875 0.0328125
0 0.61875 0.93125 0.07890625 0.01640625
0 0.61640625 0.9015625 0.07734375 0.03828125
0 0.53515625 0.915625 0.071875 0.0484375
0 0.428125 0.915625 0.03515625 0.03671875
0 0.12109375 0.60078125 0.05625 0.0453125
0 0.4015625 0.75390625 0.07265625 0.08671875
0 0.9734375 0.56640625 0.0515625 0.0203125
0 0.06484375 0.6 0.05078125 0.04375
0 0.915625 0.43125 0.0328125 0.0234375
0 0.9546875 0.42890625 0.046875 0.028125
0 0.734375 0.540625 0.0421875 0.075
0 0.84453125 0.540625 0.0421875 0.040625
0 0.78984375 0.5515625 0.059375 0.0453125
0 0.54296875 0.52265625 0.05 0.09765625
0 0.603125 0.5484375 0.06328125 0.02421875
0 0.67734375 0.55546875 0.06953125 0.034375
0 0.97421875 0.525 0.0515625 0.021875
0 0.9765625 0.5453125 0.04609375 0.0140625
0 0.90859375 0.5546875 0.06953125 0.034375