0 0.8796875 0.59453125 0.04609375 0.0734375
0 0.8515625 0.496875 0.03203125 0.09296875
0 0.790625 0.61796875 0.0421875 0.0859375
0 0.834375 0.60703125 0.0390625 0.0859375
0 0.88828125 0.4890625 0.03515625 0.0890625
0 0.93671875 0.553125 0.04140625 0.0828125
0 0.97734375 0.63671875 0.0453125 0.0765625
0 0.92734375 0.6515625 0.04609375 0.0828125
0 0.94453125 0.46484375 0.02421875 0.0765625
0 0.96953125 0.4640625 0.025 0.0671875
0 0.809375 0.50078125 0.04609375 0.0984375
0 0.91875 0.47265625 0.02421875 0.0703125
0 0.44921875 0.5859375 0.08359375 0.084375
0 0.71484375 0.52265625 0.04140625 0.1
0 0.74375 0.62890625 0.05078125 0.090625
0 0.63828125 0.28515625 0.0359375 0.125
0 0.5953125 0.2859375 0.04375 0.12578125
0 0.21484375 0.225 0.025 0.021875
0 0.2171875 0.2484375 0.0359375 0.01875
0 0.1703125 0.428125 0.07734375 0.15390625
0 0.075 0.43515625 0.10703125 0.1625
0 0.04609375 0.6125 0.08671875 0.15859375
0 0.13671875 0.6 0.08515625 0.153125
0 0.21640625 0.59140625 0.06328125 0.140625
0 0.2859375 0.6 0.06328125 0.1328125
0 0.359375 0.58359375 0.07734375 0.13046875
0 0.53359375 0.56953125 0.07890625 0.0828125
0 0.60546875 0.53984375 0.05390625 0.1078125
0 0.66328125 0.52890625 0.05546875 0.103125
0 0.7609375 0.5125 0.04296875 0.0921875
0 0.68671875 0.6234375 0.0546875 0.046875
0 0.509375 0.7890625 0.06015625 0.0375
0 0.62421875 0.64140625 0.06328125 0.046875
0 0.54921875 0.28515625 0.04609375 0.1296875
0 0.815625 0.7125 0.05390625 0.078125
0 0.871875 0.69609375 0.04921875 0.075
0 0.76484375 0.7234375 0.028125 0.0859375
0 0.7375 0.7359375 0.02578125 0.078125
0 0.690625 0.72890625 0.0484375 0.0328125
0 0.696875 0.7734375 0.053125 0.0359375
0 0.63515625 0.7953125 0.06015625 0.0375
0 0.63046875 0.746875 0.0609375 0.0296875
0 0.5765625 0.821875 0.05078125 0.0390625
0 0.5078125 0.8453125 0.05 0.046875
0 0.4609375 0.8421875 0.02890625 0.1
0 0.43203125 0.8484375 0.02109375 0.09921875
0 0.40703125 0.85625 0.021875 0.0984375
0 0.68828125 0.67421875 0.05 0.04375
0 0.3796875 0.8640625 0.02890625 0.11640625
0 0.3078125 0.890625 0.0421875 0.1171875
0 0.23671875 0.90703125 0.09140625 0.13671875
0 0.1296875 0.93671875 0.103125 0.1265625
0 0.09765625 0.78203125 0.0765625 0.1640625
0 0.1765625 0.7609375 0.06796875 0.1609375
0 0.24765625 0.74296875 0.06484375 0.15
0 0.3234375 0.746875 0.06796875 0.13125
0 0.39375 0.73125 0.0609375 0.1234375
0 0.478125 0.74375 0.08125 0.0375
0 0.4703125 0.70390625 0.09296875 0.0359375
0 0.559375 0.72109375 0.06796875 0.03125
0 0.5546875 0.68984375 0.0671875 0.028125
0 0.546875 0.65546875 0.0703125 0.03671875
0 0.628125 0.69375 0.06171875 0.046875
0 0.34921875 0.8765625 0.03046875 0.1171875
0 0.50625 0.303125 0.03203125 0.09609375
0 0.30546875 0.1140625 0.0453125 0.134375
0 0.42265625 0.32109375 0.08203125 0.059375
0 0.56796875 0.1625 0.040625 0.0765625
0 0.609375 0.165625 0.0375 0.078125
0 0.65859375 0.15078125 0.05546875 0.0984375
0 0.70625 0.15 0.03671875 0.0890625
0 0.74140625 0.153125 0.02890625 0.084375
0 0.77578125 0.1609375 0.03203125 0.0875
0 0.8078125 0.16875 0.0265625 0.08046875
0 0.8359375 0.16875 0.02265625 0.078125
0 0.8625 0.1734375 0.02890625 0.0859375
0 0.8953125 0.178125 0.0328125 0.0875
0 0.9421875 0.1640625 0.05234375 0.0421875
0 0.94375 0.20546875 0.05078125 0.0375
0 0.9640625 0.284375 0.0484375 0.0484375
0 0.97109375 0.371875 0.0578125 0.01953125
0 0.96953125 0.39375 0.05859375 0.0203125
0 0.45 0.1234375 0.05546875 0.1390625
0 0.37890625 0.1171875 0.08046875 0.1421875
0 0.88671875 0.2625 0.04609375 0.03203125
0 0.2453125 0.09765625 0.065625 0.1484375
0 0.16015625 0.0796875 0.090625 0.159375
0 0.05546875 0.075 0.0984375 0.15
0 0.81015625 0.325 0.05078125 0.23203125
0 0.97109375 0.41484375 0.05234375 0.0203125
0 0.47734375 0.30390625 0.02109375 0.096875
0 0.91484375 0.296875 0.03671875 0.0359375
0 0.51328125 0.1265625 0.06015625 0.14296875
0 0.9703125 0.3484375 0.059375 0.015625
0 0.359375 0.25078125 0.08203125 0.0265625
0 0.34375 0.31015625 0.065625 0.090625
0 0.2703125 0.3078125 0.07421875 0.0921875
0 0.06953125 0.24921875 0.08515625 0.17734375
0 0.1578125 0.25625 0.08046875 0.16875
0 0.296875 0.46328125 0.028125 0.1015625
0 0.259375 0.465625 0.03984375 0.1
0 0.3359375 0.43984375 0.04921875 0.1484375
0 0.3859375 0.43515625 0.0484375 0.140625
0 0.440625 0.43125 0.0484375 0.13828125
0 0.9828125 0.5390625 0.03359375 0.071875
0 0.54453125 0.4328125 0.03828125 0.08984375
0 0.5875 0.42890625 0.03359375 0.090625
0 0.6265625 0.42421875 0.03359375 0.090625
0 0.496875 0.425 0.05390625 0.128125
0 0.72421875 0.41640625 0.04921875 0.0734375
0 0.76796875 0.4078125 0.028125 0.0796875
0 0.684375 0.2984375 0.05078125 0.0875
0 0.7453125 0.296875 0.06328125 0.0890625
0 0.8578125 0.3984375 0.03515625 0.0828125
0 0.8953125 0.39453125 0.03671875 0.0796875
0 0.92578125 0.3703125 0.021875 0.06953125
0 0.96484375 0.3171875 0.05546875 0.0140625
0 0.96640625 0.3328125 0.05546875 0.0125
0 0.671875 0.4203125 0.0515625 0.0765625