0 0.74296875 0.7765625 0.02265625 0.0546875
0 0.7140625 0.77734375 0.02109375 0.05390625
0 0.671875 0.840625 0.0234375 0.06640625
0 0.6453125 0.8421875 0.01875 0.06953125
0 0.65390625 0.50078125 0.02578125 0.071875
0 0.61796875 0.84453125 0.01875 0.06015625
0 0.58671875 0.84765625 0.0234375 0.065625
0 0.5609375 0.84765625 0.021875 0.071875
0 0.5359375 0.85 0.02421875 0.07578125
0 0.50546875 0.884375 0.0234375 0.07890625
0 0.47578125 0.88203125 0.02421875 0.0859375
0 0.44453125 0.884375 0.0234375 0.084375
0 0.76953125 0.778125 0.01953125 0.0578125
0 0.4140625 0.87890625 0.02265625 0.08046875
0 0.3578125 0.8859375 0.01953125 0.078125
0 0.31796875 0.871875 0.01953125 0.075
0 0.28671875 0.875 0.0234375 0.071875
0 0.25703125 0.87421875 0.0203125 0.0734375
0 0.2265625 0.88203125 0.021875 0.071875
0 0.19921875 0.909375 0.02265625 0.0796875
0 0.16875 0.909375 0.028125 0.07578125
0 0.13203125 0.9109375 0.02734375 0.075
0 0.11171875 0.7375 0.05703125 0.1125
0 0.034375 0.74453125 0.06875 0.1046875
0 0.1296875 0.6125 0.05625 0.11484375
0 0.0546875 0.61328125 0.0625 0.1125
0 0.384375 0.884375 0.021875 0.07890625
0 0.5328125 0.7765625 0.01484375 0.03515625
0 0.559375 0.77578125 0.01875 0.03359375
0 0.58828125 0.77421875 0.01953125 0.040625
0 0.74296875 0.503125 0.0234375 0.0703125
0 0.76953125 0.50078125 0.021875 0.07421875
0 0.80234375 0.4953125 0.02578125 0.06953125
0 0.8328125 0.49609375 0.025 0.065625
0 0.6046875 0.4265625 0.02421875 0.06796875
0 0.6328125 0.425 0.01875 0.0640625
0 0.65859375 0.42421875 0.0234375 0.0640625
0 0.68515625 0.425 0.02265625 0.06171875
0 0.71328125 0.42578125 0.02890625 0.06484375
0 0.7375 0.4265625 0.01875 0.0609375
0 0.76171875 0.42421875 0.0234375 0.06640625
0 0.97734375 0.8328125 0.03203125 0.0984375
0 0.9390625 0.83359375 0.028125 0.09453125
0 0.9 0.84140625 0.03125 0.09453125
0 0.85390625 0.7734375 0.0203125 0.05703125
0 0.825 0.77578125 0.01875 0.05546875
0 0.79921875 0.775 0.025 0.059375
0 0.86796875 0.85703125 0.02265625 0.0671875
0 0.8421875 0.8578125 0.02421875 0.06875
0 0.81328125 0.86171875 0.015625 0.06796875
0 0.78828125 0.85625 0.021875 0.07109375
0 0.8359375 0.62734375 0.0234375 0.07265625
0 0.7625 0.86328125 0.02109375 0.0703125
0 0.73203125 0.86640625 0.02265625 0.071875
0 0.66640625 0.76953125 0.01953125 0.03203125
0 0.640625 0.771875 0.02421875 0.0359375
0 0.61328125 0.76953125 0.0203125 0.0359375
0 0.7875 0.42421875 0.0203125 0.06640625
0 0.815625 0.42578125 0.02734375 0.06171875
0 0.7390625 0.22578125 0.03359375 0.06640625
0 0.275 0.528125 0.02734375 0.08515625
0 0.63125 0.33515625 0.03671875 0.08046875
0 0.5921875 0.334375 0.03671875 0.08046875
0 0.5484375 0.33515625 0.03671875 0.08046875
0 0.50859375 0.33203125 0.03671875 0.08046875
0 0.4671875 0.33203125 0.03671875 0.08046875
0 0.425 0.33125 0.03671875 0.08046875
0 0.85625 0.3359375 0.0375 0.0765625
0 0.8171875 0.3359375 0.0375 0.07421875
0 0.7796875 0.334375 0.03359375 0.07734375
0 0.73671875 0.33125 0.04140625 0.0765625
0 0.69375 0.33515625 0.03671875 0.075
0 0.896875 0.33515625 0.034375 0.07265625
0 0.98671875 0.275 0.02578125 0.09453125
0 0.9390625 0.28046875 0.03984375 0.090625
0 0.890625 0.22890625 0.0375 0.06796875
0 0.8390625 0.22734375 0.03203125 0.06484375
0 0.803125 0.22421875 0.03046875 0.0640625
0 0.3515625 0.2171875 0.03359375 0.07109375
0 0.38984375 0.21640625 0.03359375 0.07109375
0 0.42578125 0.21484375 0.03359375 0.07109375
0 0.53828125 0.21953125 0.03203125 0.0703125
0 0.571875 0.22265625 0.03125 0.0703125
0 0.68125 0.5015625 0.01875 0.07265625
0 0.7140625 0.503125 0.02734375 0.0703125
0 0.60859375 0.2203125 0.03125 0.0703125
0 0.6640625 0.22734375 0.03046875 0.05859375
0 0.7046875 0.22578125 0.03359375 0.06640625
0 0.0546875 0.35 0.04609375 0.115625
0 0.77109375 0.225 0.021875 0.065625
0 0.1078125 0.353125 0.04609375 0.115625
0 0.24453125 0.31953125 0.04375 0.10546875
0 0.2390625 0.5296875 0.03359375 0.0796875
0 0.20546875 0.53125 0.0296875 0.084375
0 0.1765625 0.53125 0.02734375 0.08125
0 0.48515625 0.596875 0.0265625 0.02109375
0 0.46015625 0.59609375 0.0203125 0.025
0 0.434375 0.596875 0.01875 0.0265625
0 0.97265625 0.41953125 0.02890625 0.096875
0 0.40859375 0.5984375 0.0203125 0.02578125
0 0.3828125 0.59921875 0.021875 0.02734375
0 0.359375 0.59921875 0.01484375 0.02265625
0 0.48515625 0.64140625 0.02578125 0.06171875
0 0.459375 0.640625 0.01484375 0.06015625
0 0.425 0.6546875 0.021875 0.06640625
0 0.39765625 0.6546875 0.0203125 0.0671875
0 0.36953125 0.65625 0.02109375 0.065625
0 0.33125 0.6078125 0.0265625 0.04140625
0 0.30546875 0.60625 0.0234375 0.03984375
0 0.2796875 0.60625 0.02109375 0.03671875
0 0.25390625 0.6078125 0.02265625 0.040625
0 0.2234375 0.61015625 0.028125 0.03671875
0 0.190625 0.6078125 0.025 0.04140625
0 0.11875 0.48046875 0.040625 0.10234375
0 0.0640625 0.48359375 0.03984375 0.10703125
0 0.01953125 0.48515625 0.0390625 0.10078125
0 0.38515625 0.3203125 0.03828125 0.1
0 0.34375 0.32109375 0.03984375 0.10234375
0 0.29765625 0.31953125 0.04375 0.10546875
0 0.19296875 0.31640625 0.0421875 0.10625
0 0.9328125 0.42109375 0.03984375 0.1
0 0.86328125 0.62578125 0.0234375 0.07578125
0 0.38203125 0.09765625 0.04375 0.0890625
0 0.0265625 0.09296875 0.04453125 0.06796875
0 0.315625 0.215625 0.03359375 0.07109375
0 0.3328125 0.09453125 0.04375 0.0890625
0 0.234375 0.21328125 0.03359375 0.07109375
0 0.19140625 0.2125 0.03359375 0.07109375
0 0.153125 0.209375 0.03359375 0.07109375
0 0.9875 0.12421875 0.02421875 0.0796875
0 0.9484375 0.115625 0.04375 0.08984375
0 0.9015625 0.1140625 0.034375 0.0796875
0 0.85859375 0.1140625 0.034375 0.0796875
0 0.81640625 0.11484375 0.034375 0.0796875
0 0.775 0.11015625 0.034375 0.0796875
0 0.734375 0.11015625 0.034375 0.0796875
0 0.69375 0.11015625 0.04140625 0.08125
0 0.08046875 0.0984375 0.04375 0.06796875
0 0.65234375 0.10546875 0.040625 0.08125
0 0.5546875 0.10234375 0.040625 0.08125
0 0.51171875 0.10234375 0.040625 0.08125
0 0.478125 0.11171875 0.01796875 0.065625
0 0.45390625 0.1078125 0.02265625 0.06875
0 0.42421875 0.10625 0.0296875 0.07109375
0 0.30625 0.5265625 0.025 0.08359375
0 0.34453125 0.525 0.03203125 0.0796875
0 0.37890625 0.52421875 0.02734375 0.08203125
0 0.40859375 0.52421875 0.02734375 0.08203125
0 0.4390625 0.52421875 0.02734375 0.08203125
0 0.47890625 0.50390625 0.02578125 0.07109375
0 0.51171875 0.5046875 0.0296875 0.06953125
0 0.5640625 0.51640625 0.03046875 0.07109375
0 0.59609375 0.51328125 0.02890625 0.07421875
0 0.59609375 0.10078125 0.040625 0.08125
0 0.62265625 0.51328125 0.01953125 0.07421875
0 0.725 0.6953125 0.02734375 0.0703125
0 0.66328125 0.69375 0.02578125 0.0796875
0 0.8921875 0.6234375 0.02421875 0.0734375
0 0.75390625 0.6953125 0.021875 0.07265625
0 0.78046875 0.69609375 0.02578125 0.071875
0 0.8078125 0.69609375 0.02734375 0.06640625
0 0.84140625 0.7 0.02578125 0.06640625
0 0.8734375 0.696875 0.025 0.06640625
0 0.896875 0.69375 0.015625 0.06796875
0 0.17890625 0.69375 0.02578125 0.078125
0 0.209375 0.68828125 0.02578125 0.08828125
0 0.24140625 0.6859375 0.02890625 0.08671875
0 0.27265625 0.675 0.02265625 0.07421875
0 0.3046875 0.67109375 0.028125 0.07109375
0 0.80546875 0.62109375 0.025 0.07265625
0 0.77578125 0.621875 0.02578125 0.07421875
0 0.69453125 0.69453125 0.0203125 0.07578125
0 0.7421875 0.62265625 0.02109375 0.0703125
0 0.234375 0.09140625 0.04375 0.0890625
0 0.3328125 0.6703125 0.02109375 0.07578125
0 0.1828125 0.08828125 0.04375 0.08984375
0 0.13125 0.0875 0.04375 0.0890625
0 0.92265625 0.66953125 0.0234375 0.0984375
0 0.9875 0.69140625 0.0234375 0.0953125
0 0.559375 0.621875 0.028125 0.07109375
0 0.58828125 0.62265625 0.01953125 0.071875
0 0.61953125 0.62109375 0.0296875 0.07578125
0 0.56171875 0.6984375 0.02578125 0.07578125
0 0.58984375 0.69921875 0.02578125 0.07421875
0 0.61875 0.69921875 0.021875 0.06953125
0 0.665625 0.61171875 0.02109375 0.06796875
0 0.69453125 0.6109375 0.0296875 0.06796875
0 0.28203125 0.08984375 0.04375 0.08984375
0 0.27421875 0.2125 0.03359375 0.07109375