0 0.98046875 0.55625 0.0390625 0.10078125
0 0.01640625 0.07109375 0.02578125 0.10234375
0 0.05234375 0.06796875 0.03359375 0.10078125
0 0.08671875 0.06328125 0.03671875 0.10390625
0 0.12109375 0.06484375 0.03203125 0.10078125
0 0.1578125 0.06171875 0.03515625 0.07734375
0 0.93359375 0.5546875 0.0578125 0.096875
0 0.79765625 0.8 0.0734375 0.15390625
0 0.82421875 0.61640625 0.046875 0.05
0 0.7671875 0.61484375 0.0390625 0.04296875
0 0.715625 0.61640625 0.06015625 0.0609375
0 0.6375 0.6078125 0.0703125 0.0609375
0 0.57890625 0.59375 0.04921875 0.046875
0 0.509375 0.596875 0.0640625 0.06953125
0 0.37734375 0.5921875 0.0640625 0.0828125
0 0.3140625 0.5859375 0.04453125 0.0546875
0 0.259375 0.58125 0.0640625 0.06640625
0 0.18125 0.71484375 0.05546875 0.14765625
0 0.19140625 0.58828125 0.04609375 0.08046875
0 0.15078125 0.58203125 0.02109375 0.04453125
0 0.8828125 0.55234375 0.0390625 0.08984375
0 0.24921875 0.7390625 0.06796875 0.17265625
0 0.60546875 0.76015625 0.053125 0.14453125
0 0.47421875 0.75234375 0.0671875 0.15234375
0 0.4171875 0.91171875 0.05703125 0.01640625
0 0.41640625 0.8921875 0.0609375 0.01953125
0 0.42578125 0.87109375 0.0546875 0.01640625
0 0.35546875 0.8953125 0.04375 0.0609375
0 0.3109375 0.8984375 0.0375 0.0421875
0 0.26953125 0.89453125 0.0390625 0.03984375
0 0.18203125 0.8515625 0.05390625 0.0484375
0 0.09140625 0.8640625 0.05234375 0.015625
0 0.021875 0.84453125 0.03125 0.0125
0 0.0234375 0.82890625 0.0375 0.01484375
0 0.06640625 0.84296875 0.05546875 0.01953125
0 0.040625 0.8078125 0.0546875 0.02421875
0 0.13515625 0.68203125 0.0328125 0.04921875
0 0.08828125 0.68046875 0.046875 0.08671875
0 0.03203125 0.67890625 0.06328125 0.084375
0 0.9890625 0.8671875 0.021875 0.11875
0 0.959375 0.865625 0.0359375 0.11953125
0 0.91015625 0.85625 0.0578125 0.11640625
0 0.86015625 0.84453125 0.03203125 0.12734375
0 0.41328125 0.9296875 0.06171875 0.0140625
0 0.39609375 0.74765625 0.08125 0.16328125
0 0.49453125 0.86875 0.071875 0.01796875
0 0.4875 0.909375 0.0671875 0.0171875
0 0.5421875 0.75546875 0.059375 0.1609375
0 0.6765625 0.7609375 0.03828125 0.14765625
0 0.7265625 0.771875 0.06171875 0.1265625
0 0.8890625 0.69765625 0.04765625 0.1375
0 0.9375 0.70546875 0.0484375 0.121875
0 0.63984375 0.9625 0.0703125 0.0703125
0 0.93046875 0.96640625 0.13828125 0.03671875
0 0.8046875 0.99375 0.075 0.0125
0 0.809375 0.97890625 0.07734375 0.015625
0 0.8140625 0.96171875 0.084375 0.01484375
0 0.81953125 0.94453125 0.08046875 0.01875
0 0.8125 0.92265625 0.07265625 0.02109375
0 0.721875 0.9796875 0.071875 0.02578125
0 0.55625 0.95390625 0.06796875 0.02109375
0 0.56484375 0.93359375 0.06796875 0.0171875
0 0.56875 0.91640625 0.07265625 0.01796875
0 0.5703125 0.89375 0.07265625 0.0171875
0 0.5671875 0.871875 0.06953125 0.02109375
0 0.48515625 0.93125 0.06953125 0.0171875
0 0.4921875 0.88984375 0.06640625 0.0171875
0 0.11875 0.58046875 0.0375 0.05078125
0 0.44453125 0.590625 0.0609375 0.07265625
0 0.0265625 0.55859375 0.04296875 0.090625
0 0.41953125 0.05390625 0.0609375 0.02890625
0 0.41015625 0.08515625 0.06015625 0.03203125
0 0.36484375 0.05859375 0.03203125 0.08515625
0 0.27890625 0.05859375 0.02734375 0.0828125
0 0.23671875 0.05859375 0.03359375 0.08671875
0 0.52734375 0.2 0.0421875 0.0953125
0 0.578125 0.19765625 0.04921875 0.10390625
0 0.6265625 0.19765625 0.04765625 0.10390625
0 0.68359375 0.22734375 0.06640625 0.04375
0 0.68359375 0.16953125 0.06796875 0.071875
0 0.74296875 0.18671875 0.04375 0.11328125
0 0.7921875 0.18046875 0.03984375 0.12421875
0 0.83125 0.17890625 0.0328125 0.12265625
0 0.871875 0.178125 0.0484375 0.12421875
0 0.9234375 0.17734375 0.05078125 0.125
0 0.97421875 0.178125 0.0515625 0.121875
0 0.015625 0.41171875 0.025 0.07265625
0 0.03828125 0.41484375 0.02109375 0.065625
0 0.0765625 0.4140625 0.0515625 0.06171875
0 0.14765625 0.340625 0.05234375 0.08515625
0 0.19921875 0.33984375 0.0453125 0.07109375
0 0.47265625 0.04765625 0.04375 0.0953125
0 0.26640625 0.3453125 0.05234375 0.0875
0 0.51953125 0.04765625 0.0453125 0.0921875
0 0.62265625 0.0453125 0.04296875 0.0828125
0 0.478125 0.203125 0.0453125 0.0984375
0 0.440625 0.20703125 0.02578125 0.08671875
0 0.409375 0.2078125 0.034375 0.0859375
0 0.37578125 0.2078125 0.034375 0.08671875
0 0.3328125 0.20078125 0.04453125 0.1015625
0 0.29140625 0.21015625 0.0359375 0.084375
0 0.2515625 0.209375 0.0421875 0.084375
0 0.21328125 0.21171875 0.03515625 0.0828125
0 0.18125 0.2171875 0.028125 0.0734375
0 0.20625 0.15625 0.0453125 0.02421875
0 0.14921875 0.20234375 0.03125 0.10078125
0 0.103125 0.21171875 0.0453125 0.08046875
0 0.06171875 0.25078125 0.0375 0.06953125
0 0.02578125 0.24921875 0.034375 0.0734375
0 0.95234375 0.0578125 0.09296875 0.02109375
0 0.97734375 0.021875 0.0453125 0.03671875
0 0.86796875 0.03828125 0.04765625 0.07109375
0 0.81796875 0.04140625 0.0515625 0.07734375
0 0.765625 0.040625 0.04296875 0.07890625
0 0.72109375 0.040625 0.04375 0.07890625
0 0.67109375 0.040625 0.04375 0.07890625
0 0.5703125 0.046875 0.05 0.090625
0 0.0859375 0.571875 0.021875 0.06953125
0 0.325 0.34453125 0.05625 0.0984375
0 0.98125 0.71015625 0.0375 0.13125
0 0.384375 0.3359375 0.04765625 0.08125
0 0.58359375 0.353125 0.06640625 0.096875
0 0.6671875 0.34609375 0.08203125 0.0890625
0 0.8171875 0.3515625 0.06328125 0.10546875
0 0.8921875 0.3078125 0.05859375 0.08984375
0 0.94765625 0.31015625 0.05 0.0859375
0 0.8890625 0.415625 0.04609375 0.0875
0 0.50703125 0.33515625 0.06328125 0.08515625
0 0.98828125 0.41953125 0.0234375 0.08515625
0 0.15390625 0.44765625 0.04140625 0.08125
0 0.946875 0.41796875 0.06015625 0.0828125
0 0.2671875 0.4515625 0.0671875 0.084375
0 0.33828125 0.45625 0.0515625 0.084375
0 0.3921875 0.45703125 0.05625 0.0859375
0 0.46875 0.45703125 0.0734375 0.08359375
0 0.55234375 0.45703125 0.0734375 0.075
0 0.64453125 0.45625 0.03828125 0.065625
0 0.69453125 0.46796875 0.05078125 0.07265625
0 0.82265625 0.47265625 0.0796875 0.08046875
0 0.20390625 0.4484375 0.05703125 0.0796875
0 0.19296875 0.06171875 0.0359375 0.0796875
0 0.75078125 0.47109375 0.059375 0.08203125