0 0.01484375 0.3890625 0.028125 0.08671875
0 0.34375 0.38359375 0.0375 0.03359375
0 0.34375 0.41796875 0.0359375 0.03125
0 0.31171875 0.3921875 0.0265625 0.08515625
0 0.2859375 0.39140625 0.025 0.084375
0 0.20625 0.3890625 0.02265625 0.0859375
0 0.2328125 0.38984375 0.028125 0.08828125
0 0.1765625 0.37890625 0.03671875 0.10546875
0 0.146875 0.38828125 0.025 0.0875
0 0.04140625 0.3890625 0.025 0.08515625
0 0.26015625 0.38984375 0.02578125 0.08828125
0 0.0671875 0.38828125 0.0265625 0.0875
0 0.3796875 0.38671875 0.034375 0.03203125
0 0.121875 0.38984375 0.0265625 0.084375
0 0.6484375 0.35859375 0.046875 0.02734375
0 0.38046875 0.41953125 0.03359375 0.03359375
0 0.4125 0.40234375 0.028125 0.07109375
0 0.43984375 0.39375 0.0265625 0.08359375
0 0.4890625 0.396875 0.03359375 0.0828125
0 0.56015625 0.4171875 0.0328125 0.04296875
0 0.09453125 0.3890625 0.0265625 0.0859375
0 0.52578125 0.41640625 0.034375 0.04375
0 0.5609375 0.38359375 0.034375 0.02109375
0 0.6015625 0.4234375 0.0453125 0.0296875
0 0.603125 0.39296875 0.04921875 0.02578125
0 0.6015625 0.35703125 0.04375 0.03203125
0 0.65078125 0.425 0.0484375 0.02890625
0 0.6515625 0.39375 0.046875 0.0296875
0 0.525 0.38359375 0.034375 0.01953125
0 0.05234375 0.528125 0.025 0.08515625
0 0.021875 0.5203125 0.03203125 0.10859375
0 0.159375 0.5453125 0.059375 0.04765625
0 0.7921875 0.396875 0.02578125 0.0953125
0 0.765625 0.40859375 0.021875 0.06953125
0 0.74140625 0.409375 0.021875 0.07265625
0 0.759375 0.3484375 0.02578125 0.03671875
0 0.73359375 0.34921875 0.021875 0.0328125
0 0.703125 0.409375 0.053125 0.06796875
0 0.2140625 0.74609375 0.046875 0.04375
0 0.353125 0.90234375 0.04453125 0.07734375
0 0.42421875 0.89921875 0.0421875 0.07421875
0 0.4703125 0.89921875 0.040625 0.07265625
0 0.59609375 0.878125 0.0609375 0.1078125
0 0.65546875 0.87578125 0.0578125 0.11171875
0 0.8234375 0.39453125 0.025 0.09453125
0 0.71171875 0.87421875 0.0515625 0.10859375
0 0.89296875 0.87421875 0.059375 0.1046875
0 0.25546875 0.74765625 0.0375 0.04296875
0 0.296875 0.7484375 0.0421875 0.04140625
0 0.35234375 0.73828125 0.05 0.06015625
0 0.4078125 0.74296875 0.0515625 0.05546875
0 0.46328125 0.74609375 0.025 0.07109375
0 0.49921875 0.74453125 0.0390625 0.0734375
0 0.5390625 0.7453125 0.040625 0.07109375
0 0.575 0.746875 0.03125 0.05234375
0 0.64296875 0.7484375 0.03359375 0.06171875
0 0.6765625 0.75546875 0.0328125 0.053125
0 0.7109375 0.753125 0.0359375 0.06015625
0 0.83046875 0.878125 0.0578125 0.09921875
0 0.75390625 0.75703125 0.04921875 0.04765625
0 0.84921875 0.38984375 0.021875 0.08828125
0 0.96171875 0.3890625 0.03125 0.1
0 0.209375 0.24140625 0.03828125 0.08515625
0 0.246875 0.24296875 0.03671875 0.08046875
0 0.28828125 0.25078125 0.0390625 0.065625
0 0.33125 0.25390625 0.04453125 0.06328125
0 0.3765625 0.24296875 0.03984375 0.090625
0 0.41796875 0.253125 0.03984375 0.0671875
0 0.46015625 0.24609375 0.0390625 0.08046875
0 0.5 0.253125 0.0390625 0.07109375
0 0.53828125 0.25546875 0.0359375 0.0734375
0 0.5796875 0.25546875 0.0359375 0.07578125
0 0.6171875 0.25625 0.034375 0.07734375
0 0.65546875 0.25390625 0.0375 0.07890625
0 0.878125 0.39140625 0.02890625 0.09296875
0 0.69453125 0.2578125 0.034375 0.07421875
0 0.77578125 0.240625 0.0484375 0.1203125
0 0.8375 0.2421875 0.0671875 0.1234375
0 0.88515625 0.24140625 0.021875 0.1125
0 0.91171875 0.25625 0.02109375 0.07890625
0 0.93984375 0.240625 0.0265625 0.11171875
0 0.1640625 0.7453125 0.05 0.04609375
0 0.11171875 0.746875 0.05 0.04765625
0 0.02578125 0.746875 0.0234375 0.07109375
0 0.0140625 0.9 0.02421875 0.08671875
0 0.09921875 0.88984375 0.13125 0.10234375
0 0.96875 0.24609375 0.01875 0.11484375
0 0.9921875 0.2609375 0.015625 0.07421875
0 0.73125 0.2578125 0.03359375 0.0765625
0 0.80234375 0.7578125 0.046875 0.04921875
0 0.84140625 0.746875 0.0296875 0.06640625
0 0.87734375 0.74609375 0.0390625 0.06640625
0 0.97890625 0.540625 0.0421875 0.078125
0 0.934375 0.53828125 0.04375 0.07421875
0 0.88828125 0.559375 0.04375 0.03359375
0 0.8890625 0.52578125 0.04453125 0.03203125
0 0.8453125 0.5375 0.03984375 0.08046875
0 0.803125 0.5359375 0.0421875 0.07734375
0 0.69609375 0.5109375 0.028125 0.0765625
0 0.7296875 0.51171875 0.03046875 0.07265625
0 0.76484375 0.5109375 0.0296875 0.07890625
0 0.7640625 0.5640625 0.03046875 0.02265625
0 0.73125 0.56484375 0.03203125 0.02265625
0 0.69609375 0.56328125 0.03203125 0.025
0 0.03359375 0.6515625 0.03125 0.06953125
0 0.628125 0.553125 0.03046875 0.03203125
0 0.5609375 0.5609375 0.03125 0.02109375
0 0.56171875 0.5296875 0.0328125 0.03203125
0 0.528125 0.5375 0.03125 0.075
0 0.49375 0.53671875 0.0359375 0.075
0 0.4640625 0.53671875 0.02421875 0.06796875
0 0.4328125 0.53359375 0.0328125 0.07890625
0 0.3984375 0.52265625 0.02734375 0.10078125
0 0.3484375 0.525 0.0390625 0.1
0 0.32109375 0.5328125 0.015625 0.0796875
0 0.2984375 0.5296875 0.0265625 0.0828125
0 0.2609375 0.546875 0.0453125 0.04921875
0 0.2140625 0.54609375 0.04453125 0.0484375
0 0.5953125 0.53671875 0.028125 0.07265625
0 0.0671875 0.65234375 0.0328125 0.06875
0 0.13046875 0.6640625 0.0265625 0.04375
0 0.15859375 0.64609375 0.0203125 0.08671875
0 0.91640625 0.7453125 0.0296875 0.0703125
0 0.97109375 0.76171875 0.0515625 0.04140625
0 0.9765625 0.65703125 0.0328125 0.06171875
0 0.94609375 0.6453125 0.0265625 0.08125
0 0.90859375 0.65625 0.0484375 0.06640625
0 0.85625 0.65703125 0.0546875 0.06640625
0 0.75859375 0.671875 0.03125 0.03046875
0 0.76171875 0.63515625 0.03203125 0.0375
0 0.715625 0.6609375 0.0546875 0.04765625
0 0.66015625 0.66484375 0.053125 0.04296875
0 0.6171875 0.61953125 0.03359375 0.02109375
0 0.61484375 0.6609375 0.034375 0.05390625
0 0.58046875 0.65234375 0.03359375 0.0671875
0 0.55 0.65 0.0234375 0.07109375
0 0.525 0.65 0.021875 0.06171875
0 0.4984375 0.6578125 0.02890625 0.05859375
0 0.4390625 0.6484375 0.02421875 0.08125
0 0.41484375 0.65 0.021875 0.07421875
0 0.3921875 0.65234375 0.01875 0.06953125
0 0.36953125 0.6484375 0.021875 0.07421875
0 0.346875 0.6484375 0.01875 0.0796875
0 0.325 0.6484375 0.021875 0.07265625
0 0.3 0.65078125 0.0234375 0.07734375
0 0.2765625 0.6453125 0.0203125 0.08203125
0 0.25390625 0.64609375 0.021875 0.08203125
0 0.228125 0.646875 0.02265625 0.08515625
0 0.1828125 0.65078125 0.021875 0.0765625
0 0.09765625 0.54375 0.0609375 0.0515625
0 0.46640625 0.65859375 0.03046875 0.05859375