0 0.3265625 0.675 0.04453125 0.10546875
0 0.371875 0.671875 0.04140625 0.10625
0 0.54140625 0.6640625 0.04140625 0.1046875
0 0.6296875 0.6609375 0.03828125 0.103125
0 0.58515625 0.6625 0.04609375 0.1046875
0 0.50078125 0.665625 0.04140625 0.10078125
0 0.45859375 0.66875 0.04375 0.1046875
0 0.4140625 0.6703125 0.04375 0.1046875
0 0.28515625 0.6765625 0.03984375 0.1046875
0 0.0859375 0.721875 0.071875 0.0359375
0 0.1953125 0.68125 0.04296875 0.10625
0 0.3859375 0.890625 0.07734375 0.0765625
0 0.46484375 0.88671875 0.07734375 0.0765625
0 0.54453125 0.8828125 0.0828125 0.075
0 0.628125 0.87734375 0.08203125 0.0796875
0 0.70625 0.87265625 0.07421875 0.08125
0 0.784375 0.86875 0.0765625 0.07578125
0 0.8625 0.865625 0.07890625 0.078125
0 0.93203125 0.8671875 0.06015625 0.06796875
0 0.03515625 0.7828125 0.0671875 0.0328125
0 0.109375 0.7796875 0.07578125 0.0328125
0 0.1125 0.8125 0.0703125 0.03125
0 0.03828125 0.8171875 0.0734375 0.03515625
0 0.18984375 0.79375 0.08671875 0.084375
0 0.67421875 0.6609375 0.04453125 0.10234375
0 0.27734375 0.7890625 0.08671875 0.08515625
0 0.36328125 0.784375 0.08671875 0.08671875
0 0.45234375 0.78046875 0.08515625 0.0875
0 0.53828125 0.775 0.084375 0.0859375
0 0.6234375 0.771875 0.08046875 0.08671875
0 0.703125 0.76796875 0.07578125 0.08125
0 0.7875 0.7640625 0.0859375 0.08046875
0 0.87265625 0.7609375 0.08125 0.08046875
0 0.95 0.775 0.0609375 0.06796875
0 0.08359375 0.68046875 0.07734375 0.0453125
0 0.146875 0.68359375 0.05 0.103125
0 0.240625 0.678125 0.04453125 0.1015625
0 0.71953125 0.6609375 0.04375 0.10234375
0 0.18828125 0.56328125 0.04375 0.090625
0 0.8109375 0.6609375 0.046875 0.0984375
0 0.12109375 0.45625 0.03828125 0.071875
0 0.15703125 0.45546875 0.03203125 0.0734375
0 0.19140625 0.45546875 0.03671875 0.0734375
0 0.23046875 0.4546875 0.03828125 0.07265625
0 0.26875 0.45546875 0.0359375 0.0734375
0 0.30703125 0.453125 0.03828125 0.0734375
0 0.8328125 0.3328125 0.04765625 0.10234375
0 0.87890625 0.33203125 0.04609375 0.10546875
0 0.0328125 0.215625 0.0640625 0.125
0 0.0953125 0.21015625 0.05390625 0.1
0 0.15078125 0.209375 0.0546875 0.0984375
0 0.20546875 0.20859375 0.05234375 0.09765625
0 0.27265625 0.20703125 0.05859375 0.09765625
0 0.32890625 0.20625 0.05 0.0984375
0 0.38125 0.20703125 0.04921875 0.09765625
0 0.43125 0.20625 0.05 0.0984375
0 0.4828125 0.20546875 0.04921875 0.096875
0 0.0625 0.4890625 0.0703125 0.10625
0 0.9234375 0.540625 0.04765625 0.0875
0 0.8734375 0.54296875 0.05078125 0.0875
0 0.81640625 0.54296875 0.046875 0.0890625
0 0.8578125 0.6578125 0.04375 0.096875
0 0.90234375 0.65859375 0.03984375 0.10390625
0 0.9625 0.62734375 0.07421875 0.053125
0 0.96171875 0.6765625 0.07578125 0.0453125
0 0.0796875 0.603125 0.0765625 0.084375
0 0.13984375 0.5625 0.04375 0.1
0 0.78046875 0.33359375 0.05390625 0.103125
0 0.23203125 0.5625 0.04296875 0.0921875
0 0.7640625 0.6640625 0.04296875 0.10078125
0 0.28203125 0.55859375 0.05234375 0.0921875
0 0.3953125 0.559375 0.0453125 0.0875
0 0.44140625 0.55625 0.04140625 0.0859375
0 0.4859375 0.55546875 0.0484375 0.0875
0 0.578125 0.5484375 0.05 0.0953125
0 0.6265625 0.54609375 0.04453125 0.090625
0 0.6734375 0.54609375 0.04765625 0.09375
0 0.72265625 0.54375 0.04609375 0.0890625
0 0.7671875 0.54453125 0.04609375 0.090625
0 0.346875 0.559375 0.0484375 0.084375
0 0.303125 0.89453125 0.08359375 0.08203125
0 0.6203125 0.2046875 0.0484375 0.0953125
0 0.15859375 0.9015625 0.0375 0.08515625
0 0.66796875 0.203125 0.04453125 0.09375
0 0.71796875 0.20390625 0.046875 0.09609375
0 0.765625 0.2 0.0453125 0.0890625
0 0.83125 0.20234375 0.084375 0.09375
0 0.921875 0.2 0.08984375 0.09140625
0 0.078125 0.0703125 0.07109375 0.13125
0 0.15546875 0.071875 0.07421875 0.12265625
0 0.23359375 0.071875 0.06953125 0.12265625
0 0.30546875 0.071875 0.06953125 0.12265625
0 0.346875 0.453125 0.0390625 0.07421875
0 0.378125 0.071875 0.0734375 0.121875
0 0.5015625 0.075 0.05078125 0.11484375
0 0.5515625 0.075 0.04296875 0.109375
0 0.59765625 0.0765625 0.05 0.10703125
0 0.6453125 0.07265625 0.0453125 0.11328125
0 0.69453125 0.07109375 0.05078125 0.1125
0 0.2203125 0.8984375 0.08203125 0.08125
0 0.796875 0.071875 0.05078125 0.1109375
0 0.90390625 0.084375 0.1609375 0.08984375
0 0.5296875 0.2046875 0.03984375 0.0921875
0 0.446875 0.075 0.05546875 0.11171875
0 0.384375 0.4515625 0.03515625 0.0734375
0 0.7453125 0.07265625 0.0453125 0.1140625
0 0.52421875 0.44921875 0.078125 0.0734375
0 0.44375 0.45078125 0.078125 0.071875
0 0.1203125 0.90390625 0.0359375 0.0859375
0 0.07890625 0.90625 0.04296875 0.0859375
0 0.0375 0.89921875 0.03984375 0.1046875
0 0.68203125 0.33515625 0.04609375 0.103125
0 0.63203125 0.3375 0.04765625 0.103125
0 0.58671875 0.3375 0.04140625 0.103125
0 0.54140625 0.33828125 0.04453125 0.1078125
0 0.4953125 0.3375 0.04609375 0.10625
0 0.4484375 0.33828125 0.0453125 0.1078125
0 0.5734375 0.2046875 0.04453125 0.09375
0 0.35390625 0.34296875 0.04453125 0.10859375
0 0.6546875 0.45546875 0.03125 0.04921875
0 0.40078125 0.34140625 0.046875 0.10546875
0 0.68984375 0.4546875 0.03671875 0.05078125
0 0.0421875 0.35859375 0.0703125 0.11875
0 0.6 0.4453125 0.07265625 0.06875
0 0.15703125 0.346875 0.04921875 0.1109375
0 0.20625 0.34609375 0.0484375 0.109375
0 0.25625 0.3453125 0.04609375 0.1109375
0 0.30546875 0.34296875 0.04609375 0.11171875
0 0.10390625 0.3453125 0.05078125 0.1140625