0 0.92890625 0.35546875 0.06484375 0.071875
0 0.9828125 0.34765625 0.0328125 0.0921875
0 0.03671875 0.44296875 0.06953125 0.065625
0 0.11640625 0.446875 0.07109375 0.0609375
0 0.22421875 0.446875 0.08046875 0.06171875
0 0.31875 0.459375 0.08203125 0.04140625
0 0.58359375 0.46484375 0.06015625 0.0609375
0 0.45859375 0.4703125 0.06875 0.053125
0 0.52734375 0.46328125 0.04140625 0.065625
0 0.78828125 0.70234375 0.04140625 0.07578125
0 0.63984375 0.465625 0.03828125 0.0625
0 0.68828125 0.465625 0.04609375 0.0625
0 0.73671875 0.46875 0.03984375 0.0609375
0 0.39609375 0.46484375 0.04609375 0.0671875
0 0.74609375 0.7171875 0.03359375 0.0484375
0 0.5875 0.7125 0.03828125 0.0546875
0 0.67109375 0.709375 0.040625 0.0546875
0 0.2625 0.63046875 0.05859375 0.0515625
0 0.3265625 0.63125 0.06328125 0.053125
0 0.0578125 0.715625 0.08671875 0.0375
0 0.2265625 0.7171875 0.0671875 0.0359375
0 0.321875 0.7109375 0.08046875 0.04921875
0 0.075 0.803125 0.0828125 0.04921875
0 0.7078125 0.71640625 0.0296875 0.04296875
0 0.159375 0.8046875 0.08203125 0.0484375
0 0.3203125 0.8046875 0.07734375 0.0453125
0 0.390625 0.70390625 0.04453125 0.0625
0 0.44453125 0.69609375 0.04921875 0.071875
0 0.54296875 0.69375 0.04765625 0.08359375
0 0.86875 0.7015625 0.04609375 0.0734375
0 0.62734375 0.7125 0.03828125 0.0546875
0 0.240625 0.80390625 0.07421875 0.046875
0 0.91796875 0.7078125 0.03828125 0.0640625
0 0.0375 0.89921875 0.04140625 0.078125
0 0.9890625 0.70234375 0.021875 0.0671875
0 0.575 0.803125 0.04453125 0.07265625
0 0.63125 0.80390625 0.04609375 0.071875
0 0.6765625 0.81484375 0.03515625 0.05546875
0 0.7140625 0.81484375 0.03359375 0.053125
0 0.78125 0.81953125 0.028125 0.04921875
0 0.8140625 0.8234375 0.03046875 0.046875
0 0.5234375 0.8046875 0.04609375 0.07109375
0 0.86171875 0.81484375 0.053125 0.05859375
0 0.9421875 0.821875 0.0359375 0.0421875
0 0.98046875 0.8109375 0.0359375 0.06640625
0 0.8546875 0.92265625 0.02578125 0.0515625
0 0.8875 0.92734375 0.03203125 0.0515625
0 0.925 0.9234375 0.0390625 0.05703125
0 0.9734375 0.915625 0.05234375 0.0734375
0 0.90625 0.8171875 0.03203125 0.0515625
0 0.95859375 0.709375 0.03828125 0.06328125
0 0.47421875 0.80546875 0.04140625 0.065625
0 0.73359375 0.9125 0.05546875 0.0734375
0 0.196875 0.63046875 0.06796875 0.05234375
0 0.08203125 0.8953125 0.040625 0.08203125
0 0.128125 0.8984375 0.03984375 0.0765625
0 0.17421875 0.8984375 0.04296875 0.08203125
0 0.2265625 0.8984375 0.05078125 0.07734375
0 0.3046875 0.896875 0.09140625 0.0859375
0 0.8140625 0.9203125 0.03984375 0.065625
0 0.3859375 0.815625 0.03515625 0.0484375
0 0.4546875 0.9140625 0.03671875 0.065625
0 0.49453125 0.9171875 0.034375 0.06328125
0 0.5328125 0.9171875 0.0390625 0.0640625
0 0.58125 0.91875 0.04296875 0.06875
0 0.63046875 0.9109375 0.04453125 0.0828125
0 0.67890625 0.92421875 0.04296875 0.059375
0 0.384375 0.9203125 0.0390625 0.0640625
0 0.12265625 0.6296875 0.07109375 0.0515625
0 0.14765625 0.715625 0.084375 0.03828125
0 0.9703125 0.5828125 0.0375 0.0484375
0 0.24140625 0.2484375 0.071875 0.0703125
0 0.3234375 0.2484375 0.0796875 0.06875
0 0.415625 0.240625 0.08984375 0.0625
0 0.4890625 0.2375 0.05390625 0.07109375
0 0.56328125 0.24296875 0.08828125 0.06328125
0 0.65234375 0.2453125 0.084375 0.0578125
0 0.73984375 0.24765625 0.084375 0.053125
0 0.828125 0.24921875 0.08359375 0.05
0 0.89765625 0.24140625 0.04375 0.0671875
0 0.96484375 0.246875 0.0703125 0.053125
0 0.0734375 0.3453125 0.0703125 0.0609375
0 0.15390625 0.34765625 0.0875 0.0625
0 0.240625 0.34921875 0.065625 0.065625
0 0.3171875 0.35 0.07578125 0.06328125
0 0.41796875 0.32265625 0.08125 0.05078125
0 0.15078125 0.24375 0.08515625 0.0734375
0 0.0578125 0.2421875 0.08203125 0.0703125
0 0.9875 0.13359375 0.025 0.0890625
0 0.94140625 0.134375 0.05625 0.08828125
0 0.03671875 0.1234375 0.03828125 0.07734375
0 0.09609375 0.1171875 0.078125 0.0890625
0 0.16328125 0.11875 0.05 0.090625
0 0.21328125 0.11953125 0.04140625 0.0921875
0 0.25546875 0.1328125 0.040625 0.06953125
0 0.29296875 0.13125 0.03125 0.075
0 0.34453125 0.1328125 0.053125 0.075
0 0.41796875 0.3671875 0.08203125 0.03515625
0 0.40234375 0.13046875 0.05390625 0.0828125
0 0.52578125 0.1265625 0.05546875 0.0875
0 0.5859375 0.1328125 0.05703125 0.07734375
0 0.64453125 0.13125 0.06015625 0.078125
0 0.70625 0.1296875 0.0515625 0.090625
0 0.7625 0.13046875 0.0625 0.0890625
0 0.8234375 0.13828125 0.04921875 0.0765625
0 0.87890625 0.13203125 0.0578125 0.0890625
0 0.46328125 0.12421875 0.05703125 0.090625
0 0.0515625 0.62734375 0.06796875 0.05
0 0.77734375 0.9234375 0.02890625 0.0578125
0 0.82578125 0.46328125 0.04453125 0.07734375
0 0.165625 0.54609375 0.06015625 0.05234375
0 0.1 0.54765625 0.06796875 0.05546875
0 0.03046875 0.5453125 0.0609375 0.04765625
0 0.4140625 0.57109375 0.078125 0.0671875
0 0.9796875 0.4640625 0.040625 0.078125
0 0.93359375 0.4640625 0.05234375 0.0828125
0 0.87890625 0.4625 0.053125 0.07578125
0 0.5 0.54921875 0.0796875 0.03671875
0 0.7796875 0.4703125 0.0421875 0.05625
0 0.84921875 0.3625 0.0828125 0.0578125
0 0.77890625 0.36015625 0.0359375 0.05546875
0 0.73671875 0.36015625 0.0359375 0.05859375
0 0.67265625 0.37421875 0.08125 0.0296875
0 0.67421875 0.33203125 0.08046875 0.05
0 0.246875 0.5515625 0.08671875 0.05
0 0.58828125 0.3703125 0.07890625 0.034375
0 0.503125 0.36875 0.08203125 0.0359375
0 0.50234375 0.34140625 0.08046875 0.0171875
0 0.503125 0.31953125 0.07734375 0.025
0 0.49921875 0.58828125 0.08359375 0.03125
0 0.58671875 0.57265625 0.08046875 0.0640625
0 0.65 0.571875 0.03984375 0.071875
0 0.70234375 0.5671875 0.06015625 0.078125
0 0.7640625 0.5484375 0.05390625 0.0390625
0 0.76171875 0.58828125 0.04765625 0.03515625
0 0.815625 0.5890625 0.05 0.0375
0 0.86171875 0.5765625 0.03203125 0.0625
0 0.89609375 0.58671875 0.03203125 0.04375
0 0.93046875 0.5875 0.034375 0.04375
0 0.58984375 0.33125 0.078125 0.0359375
0 0.33359375 0.54375 0.07265625 0.07578125