0 0.4578125 0.603125 0.04609375 0.028125
0 0.409375 0.609375 0.0453125 0.02734375
0 0.58828125 0.64375 0.03984375 0.028125
0 0.546875 0.65234375 0.0375 0.028125
0 0.5875 0.60703125 0.03203125 0.03125
0 0.65234375 0.62578125 0.08828125 0.028125
0 0.7578125 0.534375 0.0875 0.028125
0 0.5015625 0.5890625 0.040625 0.0453125
0 0.65703125 0.5609375 0.07578125 0.0359375
0 0.6546875 0.59453125 0.08125 0.02421875
0 0.5484375 0.61875 0.03828125 0.03125
0 0.5015625 0.628125 0.03828125 0.021875
0 0.3046875 0.63203125 0.053125 0.040625
0 0.4578125 0.63671875 0.04453125 0.0265625
0 0.3109375 0.67421875 0.04765625 0.03359375
0 0.31328125 0.7125 0.0453125 0.03671875
0 0.24609375 0.64609375 0.05 0.03828125
0 0.2515625 0.68515625 0.0453125 0.03125
0 0.26015625 0.728125 0.046875 0.040625
0 0.75703125 0.59921875 0.10078125 0.0390625
0 0.84609375 0.51171875 0.08125 0.02109375
0 0.84921875 0.54375 0.0671875 0.03359375
0 0.85 0.5765625 0.075 0.03125
0 0.23828125 0.5640625 0.0546875 0.03828125
0 0.296875 0.5578125 0.05 0.0453125
0 0.36015625 0.61953125 0.04765625 0.0375
0 0.36640625 0.6578125 0.04765625 0.03203125
0 0.36875 0.70078125 0.0421875 0.034375
0 0.41640625 0.6859375 0.03984375 0.0328125
0 0.76015625 0.5640625 0.09609375 0.02421875
0 0.46015625 0.67109375 0.04140625 0.034375
0 0.50546875 0.66328125 0.040625 0.034375
0 0.35078125 0.5484375 0.05 0.040625
0 0.409375 0.64765625 0.0390625 0.02734375
0 0.0625 0.37109375 0.0296875 0.06796875
0 0.609375 0.3484375 0.015625 0.02734375
0 0.7015625 0.3140625 0.02109375 0.028125
0 0.7203125 0.31328125 0.0125 0.02890625
0 0.73359375 0.3140625 0.01484375 0.02890625
0 0.64765625 0.34453125 0.01875 0.0265625
0 0.6640625 0.34375 0.0140625 0.02890625
0 0.62578125 0.34765625 0.015625 0.0296875
0 0.68125 0.34296875 0.01796875 0.02734375
0 0.71640625 0.34296875 0.0109375 0.02734375
0 0.73046875 0.34296875 0.01796875 0.02734375
0 0.753125 0.31484375 0.0140625 0.02265625
0 0.76640625 0.3125 0.01484375 0.0265625
0 0.74765625 0.3421875 0.0125 0.02265625
0 0.7578125 0.34140625 0.0109375 0.02265625
0 0.7 0.34296875 0.02109375 0.028125
0 0.578125 0.32109375 0.01875 0.028125
0 0.59609375 0.321875 0.0171875 0.02734375
0 0.6109375 0.32109375 0.01171875 0.02578125
0 0.04921875 0.4359375 0.04375 0.06015625
0 0.0890625 0.43203125 0.0328125 0.05078125
0 0.12265625 0.4296875 0.0328125 0.05390625
0 0.19921875 0.3890625 0.03203125 0.09609375
0 0.23515625 0.3859375 0.04140625 0.09296875
0 0.2703125 0.3859375 0.028125 0.0921875
0 0.3 0.38125 0.03125 0.08203125
0 0.32734375 0.37890625 0.021875 0.08515625
0 0.41171875 0.38984375 0.12421875 0.06875
0 0.5796875 0.37265625 0.034375 0.05859375
0 0.678125 0.315625 0.0171875 0.02734375
0 0.6640625 0.31640625 0.0109375 0.0265625
0 0.65078125 0.31875 0.015625 0.03125
0 0.63671875 0.31875 0.01328125 0.02890625
0 0.62265625 0.31953125 0.0140625 0.02890625
0 0.77109375 0.33984375 0.015625 0.02578125
0 0.653125 0.37890625 0.02421875 0.02890625
0 0.671875 0.37734375 0.0140625 0.03203125
0 0.68671875 0.375 0.01328125 0.0265625
0 0.328125 0.196875 0.04765625 0.13359375
0 0.378125 0.2 0.04921875 0.125
0 0.43984375 0.240625 0.05625 0.03125
0 0.51171875 0.20234375 0.0453125 0.10859375
0 0.55546875 0.203125 0.0421875 0.10859375
0 0.59609375 0.203125 0.03359375 0.10546875
0 0.63046875 0.203125 0.034375 0.10078125
0 0.66484375 0.20390625 0.0328125 0.1015625
0 0.6953125 0.20625 0.02734375 0.09765625
0 0.725 0.2078125 0.02578125 0.09296875
0 0.75234375 0.21171875 0.02890625 0.08671875
0 0.7859375 0.2109375 0.03046875 0.0890625
0 0.81171875 0.2125 0.0234375 0.0859375
0 0.8375 0.21171875 0.021875 0.08359375
0 0.8625 0.2125 0.028125 0.08203125
0 0.27734375 0.1984375 0.0421875 0.1296875
0 0.0140625 0.43828125 0.02578125 0.05546875
0 0.225 0.19375 0.05859375 0.13671875
0 0.05078125 0.19375 0.05546875 0.1390625
0 0.7015625 0.3734375 0.01875 0.0296875
0 0.71640625 0.37265625 0.0140625 0.02734375
0 0.73046875 0.37109375 0.0140625 0.028125
0 0.74609375 0.36875 0.015625 0.025
0 0.7578125 0.36875 0.0109375 0.02578125
0 0.7703125 0.36796875 0.0109375 0.0265625
0 0.78515625 0.36640625 0.01875 0.0296875
0 0.80234375 0.3640625 0.01328125 0.02578125
0 0.81640625 0.3640625 0.015625 0.02421875
0 0.78828125 0.3375 0.01640625 0.02265625
0 0.80390625 0.33671875 0.015625 0.02265625
0 0.8203125 0.33671875 0.0171875 0.02578125
0 0.78828125 0.30859375 0.015625 0.0265625
0 0.80546875 0.30859375 0.0140625 0.025
0 0.82265625 0.3078125 0.0203125 0.02578125
0 0.16484375 0.19375 0.05546875 0.13671875
0 0.025 0.371875 0.04296875 0.06796875
0 0.54453125 0.5828125 0.03671875 0.028125
0 0.4984375 0.51875 0.03984375 0.0328125
0 0.79140625 0.46953125 0.028125 0.02578125
0 0.7625 0.47265625 0.03046875 0.01875
0 0.7265625 0.48046875 0.02890625 0.02578125
0 0.69453125 0.48515625 0.03515625 0.01875
0 0.6578125 0.49296875 0.0296875 0.0296875
0 0.584375 0.5078125 0.03828125 0.0328125
0 0.54453125 0.51015625 0.0390625 0.02734375
0 0.23203125 0.51953125 0.05625 0.03828125
0 0.2921875 0.5109375 0.053125 0.03125
0 0.34453125 0.50546875 0.04765625 0.04140625
0 0.3984375 0.49296875 0.0390625 0.03515625
0 0.4484375 0.48515625 0.046875 0.04375
0 0.49375 0.478125 0.03359375 0.03203125
0 0.09921875 0.36875 0.04609375 0.0625
0 0.4484375 0.52734375 0.0421875 0.034375
0 0.4015625 0.534375 0.04140625 0.03828125
0 0.58515625 0.57265625 0.02578125 0.0265625
0 0.8234375 0.46015625 0.02890625 0.02734375
0 0.85078125 0.45703125 0.02421875 0.021875
0 0.625 0.49453125 0.0328125 0.02734375
0 0.53828125 0.471875 0.0453125 0.0296875
0 0.08515625 0.53671875 0.06953125 0.04453125
0 0.09296875 0.58984375 0.07265625 0.03984375
0 0.875 0.45703125 0.02578125 0.02109375
0 0.1390625 0.671875 0.06875 0.0375
0 0.14609375 0.71484375 0.071875 0.0390625
0 0.06875 0.734375 0.07734375 0.034375
0 0.1484375 0.7609375 0.04921875 0.03515625
0 0.07734375 0.78203125 0.065625 0.04296875
0 0.87734375 0.42109375 0.02421875 0.02265625
0 0.06171875 0.6875 0.0703125 0.03671875
0 0.821875 0.42578125 0.03046875 0.02421875
0 0.7921875 0.4359375 0.03046875 0.03125
0 0.7625 0.440625 0.02578125 0.02109375
0 0.73359375 0.44609375 0.0328125 0.03125
0 0.6984375 0.45078125 0.03828125 0.02265625
0 0.66328125 0.45546875 0.0328125 0.034375
0 0.62578125 0.4609375 0.040625 0.0234375
0 0.5828125 0.46796875 0.04375 0.0375
0 0.85234375 0.42265625 0.02734375 0.01953125