0 0.20078125 0.52109375 0.02265625 0.10546875
0 0.26328125 0.925 0.02421875 0.07421875
0 0.23515625 0.92578125 0.0265625 0.065625
0 0.19453125 0.9234375 0.02265625 0.06953125
0 0.16875 0.92578125 0.02109375 0.065625
0 0.1453125 0.9265625 0.021875 0.06875
0 0.31640625 0.76484375 0.02578125 0.08671875
0 0.28671875 0.76875 0.025 0.0890625
0 0.2546875 0.76640625 0.02421875 0.08203125
0 0.225 0.76875 0.025 0.09140625
0 0.30234375 0.51875 0.025 0.11015625
0 0.27109375 0.5203125 0.0234375 0.10078125
0 0.11484375 0.6578125 0.028125 0.1046875
0 0.14453125 0.6515625 0.0265625 0.09765625
0 0.175 0.6515625 0.02734375 0.09765625
0 0.240625 0.64453125 0.02734375 0.09375
0 0.2703125 0.64921875 0.02734375 0.09375
0 0.30078125 0.64921875 0.03046875 0.09921875
0 0.13125 0.77109375 0.02578125 0.08828125
0 0.1625 0.76953125 0.028125 0.0890625
0 0.19375 0.77109375 0.0296875 0.09375
0 0.2328125 0.52265625 0.02890625 0.10546875
0 0.20859375 0.65 0.02734375 0.09453125
0 0.325 0.9203125 0.02890625 0.07265625
0 0.65390625 0.72890625 0.01953125 0.0953125
0 0.40703125 0.90859375 0.03125 0.09453125
0 0.44296875 0.90703125 0.034375 0.0953125
0 0.4765625 0.90625 0.0328125 0.09296875
0 0.51171875 0.9046875 0.03515625 0.1
0 0.55 0.90625 0.0328125 0.1
0 0.5859375 0.90859375 0.034375 0.0984375
0 0.646875 0.8765625 0.02421875 0.11875
0 0.67578125 0.865625 0.0234375 0.09921875
0 0.70625 0.86484375 0.02578125 0.10234375
0 0.73359375 0.8734375 0.02578125 0.09375
0 0.76328125 0.878125 0.02734375 0.0734375
0 0.79375 0.87890625 0.02734375 0.0765625
0 0.17109375 0.51875 0.02421875 0.10234375
0 0.29140625 0.92265625 0.03203125 0.06875
0 0.8265625 0.87578125 0.03203125 0.08984375
0 0.86015625 0.875 0.03046875 0.0890625
0 0.8703125 0.74453125 0.03125 0.0703125
0 0.83671875 0.73828125 0.0296875 0.0875
0 0.8078125 0.73203125 0.028125 0.09296875
0 0.778125 0.73046875 0.02734375 0.08984375
0 0.74609375 0.73359375 0.025 0.0859375
0 0.715625 0.73359375 0.03125 0.08828125
0 0.68203125 0.73515625 0.028125 0.08671875
0 0.565625 0.7640625 0.03515625 0.07578125
0 0.13671875 0.5171875 0.02421875 0.10078125
0 0.6046875 0.63203125 0.02734375 0.10234375
0 0.5421875 0.3703125 0.02890625 0.11484375
0 0.47890625 0.503125 0.02734375 0.08671875
0 0.50703125 0.50625 0.02734375 0.08671875
0 0.53828125 0.5078125 0.02421875 0.090625
0 0.57421875 0.509375 0.03046875 0.0921875
0 0.60859375 0.5109375 0.02734375 0.1
0 0.6953125 0.41015625 0.053125 0.1421875
0 0.82734375 0.403125 0.0421875 0.1171875
0 0.87578125 0.4125 0.03671875 0.14296875
0 0.86875 0.575 0.0328125 0.1046875
0 0.83515625 0.57734375 0.02890625 0.09375
0 0.8046875 0.5828125 0.021875 0.09609375
0 0.77578125 0.58359375 0.03046875 0.0921875
0 0.7421875 0.58671875 0.025 0.09296875
0 0.71171875 0.58984375 0.03359375 0.090625
0 0.67890625 0.5953125 0.02421875 0.07578125
0 0.5265625 0.75859375 0.034375 0.0859375
0 0.5703125 0.63046875 0.02734375 0.10625
0 0.5421875 0.62890625 0.02421875 0.10234375
0 0.509375 0.63125 0.02578125 0.10859375
0 0.44609375 0.5046875 0.0265625 0.09375
0 0.4796875 0.6296875 0.0296875 0.1125
0 0.415625 0.5015625 0.0296875 0.09296875
0 0.69765625 0.24296875 0.0359375 0.1265625
0 0.96015625 0.88515625 0.0359375 0.1015625
0 0.925 0.89140625 0.03046875 0.0921875
0 0.96953125 0.74609375 0.0328125 0.1015625
0 0.9359375 0.74921875 0.0265625 0.09609375
0 0.9890625 0.61171875 0.021875 0.10703125
0 0.9625 0.61328125 0.02890625 0.09921875
0 0.97578125 0.484375 0.03515625 0.1
0 0.93984375 0.078125 0.03046875 0.1171875
0 0.90859375 0.0765625 0.028125 0.12421875
0 0.875 0.0671875 0.03359375 0.1296875
0 0.83984375 0.0703125 0.03203125 0.1265625
0 0.8046875 0.0671875 0.02890625 0.125
0 0.771875 0.071875 0.028125 0.125
0 0.7375 0.06875 0.0296875 0.12578125
0 0.70234375 0.06796875 0.028125 0.12578125
0 0.84453125 0.2390625 0.04296875 0.13515625
0 0.80390625 0.2484375 0.03125 0.12421875
0 0.771875 0.24375 0.02578125 0.12734375
0 0.73828125 0.23828125 0.03203125 0.1421875
0 0.378125 0.503125 0.02578125 0.09921875
0 0.10546875 0.51875 0.0234375 0.10703125
0 0.4453125 0.634375 0.02578125 0.10625
0 0.3828125 0.63046875 0.0265625 0.10625
0 0.37734375 0.2203125 0.02890625 0.109375
0 0.25390625 0.21328125 0.03046875 0.13046875
0 0.2140625 0.2109375 0.02890625 0.11796875
0 0.17734375 0.21328125 0.0296875 0.1125
0 0.1453125 0.2125 0.0296875 0.1109375
0 0.1109375 0.2125 0.040625 0.11875
0 0.07265625 0.21328125 0.021875 0.115625
0 0.08828125 0.36796875 0.0296875 0.115625
0 0.12265625 0.371875 0.0265625 0.115625
0 0.15546875 0.36875 0.03125 0.115625
0 0.19296875 0.3734375 0.02734375 0.109375
0 0.225 0.371875 0.02890625 0.11953125
0 0.26171875 0.36796875 0.028125 0.121875
0 0.29765625 0.36796875 0.028125 0.1203125
0 0.3796875 0.3921875 0.02578125 0.07578125
0 0.41484375 0.390625 0.025 0.07421875
0 0.44296875 0.378125 0.02734375 0.09609375
0 0.475 0.37578125 0.028125 0.09921875
0 0.50859375 0.371875 0.03203125 0.1140625
0 0.4125 0.2171875 0.03359375 0.1015625
0 0.415625 0.63203125 0.02578125 0.1109375
0 0.446875 0.21875 0.0296875 0.11328125
0 0.5140625 0.21796875 0.02890625 0.09765625
0 0.39140625 0.75703125 0.02890625 0.090625
0 0.4296875 0.7609375 0.03046875 0.08125
0 0.0625 0.0640625 0.0296875 0.08828125
0 0.09765625 0.06015625 0.028125 0.08203125
0 0.134375 0.06015625 0.02734375 0.08828125
0 0.175 0.05859375 0.028125 0.09140625
0 0.20859375 0.0640625 0.028125 0.0921875
0 0.24296875 0.059375 0.02578125 0.09765625
0 0.27734375 0.0625 0.02421875 0.090625
0 0.37421875 0.05859375 0.034375 0.09375
0 0.41015625 0.05859375 0.0265625 0.0953125
0 0.44765625 0.06015625 0.028125 0.084375
0 0.4828125 0.0546875 0.03203125 0.10390625
0 0.5171875 0.06640625 0.02421875 0.08828125
0 0.553125 0.06640625 0.02734375 0.0875
0 0.58203125 0.06171875 0.0265625 0.08984375
0 0.61796875 0.2203125 0.03671875 0.1078125
0 0.57734375 0.2109375 0.0234375 0.1125
0 0.546875 0.22109375 0.02578125 0.10390625
0 0.4828125 0.21796875 0.028125 0.1140625