0 0.6140625 0.56484375 0.0203125 0.03828125
0 0.51875 0.71796875 0.115625 0.0734375
0 0.6140625 0.60390625 0.01953125 0.0328125
0 0.01171875 0.709375 0.0234375 0.040625
0 0.05859375 0.70546875 0.05546875 0.03984375
0 0.06796875 0.74765625 0.05625 0.0359375
0 0.01953125 0.7875 0.0390625 0.034375
0 0.07421875 0.78671875 0.059375 0.03828125
0 0.1234375 0.66328125 0.06328125 0.0453125
0 0.64921875 0.68125 0.1375 0.08046875
0 0.12578125 0.7078125 0.05859375 0.03359375
0 0.13671875 0.7890625 0.05234375 0.03828125
0 0.19296875 0.70625 0.05859375 0.034375
0 0.26640625 0.70078125 0.0671875 0.03828125
0 0.19609375 0.74765625 0.05546875 0.034375
0 0.26953125 0.74453125 0.059375 0.03828125
0 0.2734375 0.7859375 0.05703125 0.0359375
0 0.37734375 0.7609375 0.11875 0.0765625
0 0.13046875 0.74609375 0.04921875 0.03515625
0 0.42265625 0.4046875 0.04140625 0.06953125
0 0.3859375 0.4046875 0.03203125 0.07421875
0 0.34921875 0.40625 0.03203125 0.0703125
0 0.96328125 0.68359375 0.07109375 0.04296875
0 0.88046875 0.746875 0.06015625 0.04296875
0 0.95703125 0.75390625 0.0734375 0.0421875
0 0.88125 0.79296875 0.06171875 0.03515625
0 0.94765625 0.79765625 0.0640625 0.0359375
0 0.7421875 0.3 0.034375 0.078125
0 0.784375 0.3015625 0.03984375 0.078125
0 0.8296875 0.29921875 0.0390625 0.07578125
0 0.86953125 0.3 0.03984375 0.078125
0 0.96328125 0.09375 0.06640625 0.16484375
0 0.8890625 0.68125 0.06875 0.0453125
0 0.82265625 0.15 0.0515625 0.1125
0 0.69453125 0.1375 0.05234375 0.140625
0 0.64375 0.13984375 0.04609375 0.140625
0 0.59609375 0.14140625 0.04765625 0.1375
0 0.528125 0.20078125 0.078125 0.025
0 0.4328125 0.140625 0.0515625 0.1546875
0 0.3796875 0.140625 0.04296875 0.1484375
0 0.28046875 0.20859375 0.03828125 0.02265625
0 0.325 0.14375 0.04453125 0.14765625
0 0.234375 0.1640625 0.04921875 0.109375
0 0.18984375 0.165625 0.03046875 0.109375
0 0.7546875 0.13828125 0.05078125 0.13125
0 0.965625 0.63671875 0.06875 0.04375
0 0.89296875 0.6359375 0.06484375 0.04296875
0 0.77734375 0.76484375 0.1359375 0.08125
0 0.3109375 0.40703125 0.02890625 0.07109375
0 0.271875 0.4078125 0.0265625 0.07265625
0 0.23359375 0.409375 0.03046875 0.078125
0 0.17109375 0.4140625 0.03359375 0.0796875
0 0.13515625 0.41796875 0.028125 0.07109375
0 0.0984375 0.4171875 0.03515625 0.07109375
0 0.06328125 0.4171875 0.02265625 0.0671875
0 0.03203125 0.415625 0.03046875 0.06640625
0 0.02421875 0.2953125 0.0328125 0.1
0 0.06484375 0.2953125 0.03203125 0.09921875
0 0.09765625 0.29921875 0.034375 0.10625
0 0.13828125 0.29609375 0.034375 0.1078125
0 0.17578125 0.29765625 0.03046875 0.1015625
0 0.2359375 0.29375 0.07109375 0.10703125
0 0.31171875 0.29375 0.07578125 0.1078125
0 0.40546875 0.29296875 0.06484375 0.08359375
0 0.4625 0.290625 0.0265625 0.08359375
0 0.5109375 0.29296875 0.071875 0.090625
0 0.60546875 0.29140625 0.0734375 0.1
0 0.6671875 0.30234375 0.034375 0.08046875
0 0.70234375 0.3015625 0.034375 0.07578125
0 0.64375 0.76328125 0.12890625 0.07890625
0 0.77421875 0.6640625 0.1015625 0.04609375
0 0.58359375 0.56640625 0.02734375 0.0359375
0 0.553125 0.565625 0.02421875 0.03828125
0 0.2015625 0.78828125 0.06484375 0.0375
0 0.49296875 0.5671875 0.02890625 0.03828125
0 0.73984375 0.4953125 0.03359375 0.07421875
0 0.69765625 0.4953125 0.03203125 0.0734375
0 0.61875 0.49609375 0.0296875 0.06953125
0 0.58203125 0.49765625 0.0296875 0.06640625
0 0.54765625 0.49765625 0.02890625 0.06796875
0 0.50859375 0.49765625 0.0328125 0.07109375
0 0.77734375 0.49453125 0.034375 0.07265625
0 0.46875 0.49765625 0.03203125 0.07109375
0 0.39296875 0.49765625 0.03671875 0.07109375
0 0.3546875 0.49921875 0.0265625 0.06640625
0 0.31640625 0.49921875 0.028125 0.06796875
0 0.2828125 0.49921875 0.03515625 0.07265625
0 0.2421875 0.5 0.034375 0.07109375
0 0.1890625 0.60703125 0.059375 0.03984375
0 0.4296875 0.49921875 0.03125 0.07265625
0 0.52421875 0.5671875 0.02421875 0.03984375
0 0.81484375 0.4953125 0.03984375 0.07421875
0 0.85546875 0.49609375 0.03828125 0.0765625
0 0.64140625 0.56640625 0.028125 0.03984375
0 0.68203125 0.5953125 0.028125 0.04375
0 0.7125 0.596875 0.0328125 0.04140625
0 0.74609375 0.6046875 0.02734375 0.0359375
0 0.7453125 0.565625 0.025 0.0359375
0 0.77734375 0.60625 0.02890625 0.03359375
0 0.778125 0.5671875 0.0296875 0.03984375
0 0.80859375 0.60625 0.0234375 0.034375
0 0.81015625 0.5671875 0.02734375 0.03984375
0 0.8375 0.60546875 0.0296875 0.03515625
0 0.840625 0.56640625 0.0265625 0.0375
0 0.96875 0.5734375 0.0625 0.04609375
0 0.89609375 0.57578125 0.071875 0.04296875
0 0.97421875 0.525 0.0515625 0.0484375
0 0.9109375 0.5234375 0.06640625 0.04921875
0 0.12109375 0.6078125 0.05859375 0.0390625
0 0.05234375 0.60703125 0.06171875 0.03984375
0 0.6578125 0.49609375 0.03203125 0.075
0 0.171875 0.51328125 0.05703125 0.0453125
0 0.4328125 0.56640625 0.02421875 0.0390625
0 0.40390625 0.56640625 0.02578125 0.040625
0 0.3734375 0.56640625 0.02578125 0.03984375
0 0.5875 0.60546875 0.02734375 0.034375
0 0.55546875 0.60703125 0.025 0.03515625
0 0.525 0.60703125 0.02265625 0.03515625
0 0.49453125 0.60546875 0.02265625 0.0328125
0 0.40546875 0.60546875 0.028125 0.034375
0 0.1796875 0.56171875 0.06015625 0.04375
0 0.46484375 0.60546875 0.02734375 0.03671875
0 0.43515625 0.60546875 0.02890625 0.03671875
0 0.01640625 0.7484375 0.0328125 0.03515625
0 0.2484375 0.60078125 0.02578125 0.04375
0 0.2796875 0.6 0.02421875 0.04296875
0 0.31171875 0.59921875 0.02421875 0.0421875
0 0.46328125 0.5671875 0.021875 0.03828125
0 0.34140625 0.5984375 0.02421875 0.04140625
0 0.37421875 0.6046875 0.02734375 0.03359375
0 0.70859375 0.40859375 0.03828125 0.07265625
0 0.8640625 0.4046875 0.03359375 0.06640625
0 0.825 0.4046875 0.03828125 0.06640625
0 0.7703125 0.39921875 0.03984375 0.06796875
0 0.03359375 0.5140625 0.06328125 0.04921875
0 0.66328125 0.4078125 0.03984375 0.06953125
0 0.61875 0.4 0.03515625 0.07421875
0 0.93125 0.3984375 0.07734375 0.05546875
0 0.58125 0.40546875 0.03046875 0.06484375
0 0.03984375 0.56484375 0.06171875 0.0421875
0 0.503125 0.403125 0.0390625 0.0703125
0 0.465625 0.40390625 0.034375 0.071875
0 0.109375 0.56171875 0.05390625 0.04375
0 0.6421875 0.60546875 0.03046875 0.03671875
0 0.54453125 0.403125 0.03125 0.071875
0 0.921875 0.45390625 0.07421875 0.04921875