0 0.20546875 0.5546875 0.03359375 0.04765625
0 0.64375 0.484375 0.04609375 0.04140625
0 0.6421875 0.525 0.0421875 0.03984375
0 0.70078125 0.484375 0.05390625 0.040625
0 0.696875 0.5296875 0.05078125 0.0453125
0 0.79921875 0.4765625 0.071875 0.08125
0 0.8734375 0.4734375 0.071875 0.10390625
0 0.07265625 0.5421875 0.01796875 0.0453125
0 0.04765625 0.534375 0.03203125 0.04140625
0 0.953125 0.3484375 0.07890625 0.08515625
0 0.0921875 0.54296875 0.0234375 0.0421875
0 0.11484375 0.54453125 0.01796875 0.046875
0 0.1328125 0.54921875 0.01484375 0.04296875
0 0.15 0.55234375 0.01953125 0.04921875
0 0.175 0.553125 0.02734375 0.046875
0 0.01640625 0.5359375 0.03203125 0.03828125
0 0.00703125 0.46640625 0.0140625 0.0546875
0 0.1953125 0.484375 0.0296875 0.046875
0 0.11328125 0.471875 0.03203125 0.05625
0 0.59453125 0.48125 0.040625 0.0375
0 0.59296875 0.51953125 0.04453125 0.0359375
0 0.54609375 0.51640625 0.04609375 0.040625
0 0.5046875 0.515625 0.03828125 0.0375
0 0.51328125 0.4765625 0.0515625 0.0359375
0 0.4703125 0.475 0.03359375 0.0375
0 0.44375 0.4890625 0.01953125 0.059375
0 0.02890625 0.46796875 0.02265625 0.053125
0 0.428125 0.48515625 0.01640625 0.0671875
0 0.3875 0.4859375 0.02109375 0.06171875
0 0.3328125 0.50078125 0.0546875 0.0328125
0 0.33359375 0.46875 0.05703125 0.02578125
0 0.27578125 0.4984375 0.05546875 0.03046875
0 0.2734375 0.4640625 0.05390625 0.02734375
0 0.2296875 0.4859375 0.03125 0.04453125
0 0.14375 0.47109375 0.0296875 0.059375
0 0.40859375 0.48515625 0.01953125 0.0625
0 0.4703125 0.515625 0.0296875 0.0390625
0 0.62265625 0.36796875 0.04609375 0.0421875
0 0.34765625 0.4078125 0.03828125 0.03671875
0 0.07265625 0.3140625 0.03515625 0.053125
0 0.03828125 0.315625 0.03046875 0.05625
0 0.01171875 0.3171875 0.0234375 0.053125
0 0.87734375 0.3515625 0.07109375 0.0796875
0 0.8046875 0.35234375 0.07109375 0.075
0 0.62578125 0.41328125 0.03125 0.04140625
0 0.58828125 0.41328125 0.040625 0.0390625
0 0.54453125 0.4125 0.04609375 0.0390625
0 0.21171875 0.3078125 0.04609375 0.0421875
0 0.4953125 0.4125 0.0328125 0.0390625
0 0.42265625 0.4109375 0.03125 0.03671875
0 0.58046875 0.36875 0.0375 0.040625
0 0.54140625 0.3703125 0.03984375 0.04140625
0 0.5078125 0.3703125 0.03203125 0.0390625
0 0.46640625 0.371875 0.04296875 0.0375
0 0.425 0.371875 0.040625 0.0375
0 0.38515625 0.371875 0.0375 0.034375
0 0.25859375 0.56796875 0.02578125 0.0484375
0 0.45859375 0.41015625 0.03984375 0.0390625
0 0.384375 0.4078125 0.03515625 0.0359375
0 0.265625 0.29765625 0.05234375 0.06640625
0 0.3640625 0.290625 0.05390625 0.0640625
0 0.3140625 0.4078125 0.0296875 0.034375
0 0.2828125 0.40703125 0.03203125 0.034375
0 0.25078125 0.40703125 0.03046875 0.03125
0 0.21875 0.4078125 0.034375 0.03125
0 0.28359375 0.37109375 0.0328125 0.0328125
0 0.25078125 0.375 0.03046875 0.0328125
0 0.21640625 0.37578125 0.03359375 0.0296875
0 0.04453125 0.3875 0.0375 0.0640625
0 0.31484375 0.2921875 0.04453125 0.059375
0 0.01328125 0.39453125 0.02578125 0.0515625
0 0.93046875 0.2453125 0.06328125 0.06796875
0 0.85625 0.2546875 0.06328125 0.06328125
0 0.7984375 0.25859375 0.04921875 0.05625
0 0.72265625 0.2671875 0.06328125 0.07890625
0 0.61875 0.2765625 0.06796875 0.07734375
0 0.5453125 0.28046875 0.0765625 0.06875
0 0.4796875 0.28125 0.05546875 0.0703125
0 0.42578125 0.290625 0.05078125 0.05
0 0.98203125 0.2421875 0.03515625 0.06875
0 0.2890625 0.565625 0.03515625 0.0515625
0 0.94609375 0.478125 0.06875 0.103125
0 0.36953125 0.57421875 0.03125 0.05
0 0.9765625 0.1484375 0.04609375 0.05859375
0 0.8609375 0.953125 0.0390625 0.08359375
0 0.825 0.94296875 0.0265625 0.0828125
0 0.79140625 0.94921875 0.03515625 0.046875
0 0.940625 0.88359375 0.07578125 0.06640625
0 0.87109375 0.859375 0.05859375 0.06875
0 0.7984375 0.84453125 0.0671875 0.0703125
0 0.725 0.903125 0.059375 0.1171875
0 0.6671875 0.8875 0.05390625 0.109375
0 0.6109375 0.8734375 0.04765625 0.10859375
0 0.56328125 0.85703125 0.040625 0.10625
0 0.521875 0.8453125 0.03515625 0.10390625
0 0.48671875 0.8359375 0.03203125 0.10390625
0 0.3421875 0.575 0.0234375 0.05
0 0.91953125 0.15234375 0.0625 0.0703125
0 0.42265625 0.8171875 0.02734375 0.08828125
0 0.36953125 0.8 0.02265625 0.071875
0 0.34375 0.790625 0.0265625 0.08984375
0 0.31953125 0.7859375 0.02421875 0.078125
0 0.29140625 0.77890625 0.028125 0.0921875
0 0.26875 0.771875 0.01953125 0.07890625
0 0.24453125 0.76640625 0.02578125 0.0890625
0 0.22265625 0.7625 0.02109375 0.08125
0 0.19375 0.753125 0.0234375 0.0796875
0 0.17578125 0.75 0.01171875 0.071875
0 0.16484375 0.7484375 0.01171875 0.075
0 0.15078125 0.74375 0.01328125 0.0671875
0 0.13828125 0.734375 0.01484375 0.0890625
0 0.1203125 0.73046875 0.0203125 0.078125
0 0.103125 0.725 0.015625 0.0859375
0 0.39296875 0.809375 0.02578125 0.0890625
0 0.08828125 0.72265625 0.01484375 0.078125
0 0.79765625 0.165625 0.06484375 0.06796875
0 0.6109375 0.1703125 0.0609375 0.0796875
0 0.021875 0.171875 0.02265625 0.05390625
0 0.04453125 0.1671875 0.01640625 0.0515625
0 0.059375 0.16328125 0.0171875 0.0578125
0 0.0796875 0.1609375 0.01953125 0.05390625
0 0.096875 0.15546875 0.01640625 0.0640625
0 0.115625 0.15390625 0.02421875 0.059375
0 0.15 0.146875 0.04140625 0.071875
0 0.184375 0.1421875 0.01640625 0.0515625
0 0.20703125 0.12890625 0.02421875 0.0765625
0 0.22890625 0.1234375 0.021875 0.07109375
0 0.2546875 0.11875 0.0265625 0.08046875
0 0.28203125 0.11171875 0.03046875 0.07109375
0 0.3203125 0.11015625 0.046875 0.07578125
0 0.3875 0.08125 0.0796875 0.09609375
0 0.71015625 0.15390625 0.06328125 0.0734375
0 0.55546875 0.0609375 0.04140625 0.075
0 0.6390625 0.040625 0.06640625 0.07890625
0 0.7234375 0.04140625 0.09453125 0.0796875
0 0.80546875 0.0453125 0.06328125 0.078125
0 0.87265625 0.04375 0.07109375 0.084375
0 0.959375 0.0328125 0.08125 0.05625
0 0.01796875 0.24609375 0.03515625 0.046875
0 0.05625 0.2421875 0.04140625 0.05703125
0 0.09765625 0.2375 0.03359375 0.0515625
0 0.2265625 0.21875 0.04609375 0.05234375
0 0.28359375 0.21015625 0.0546875 0.06875
0 0.34765625 0.20234375 0.06796875 0.0578125
0 0.41171875 0.19375 0.06328125 0.0734375
0 0.4765625 0.1875 0.05859375 0.065625
0 0.54453125 0.178125 0.06328125 0.0640625
0 0.59375 0.05625 0.02578125 0.078125
0 0.07421875 0.71796875 0.01328125 0.084375
0 0.4546875 0.82421875 0.0265625 0.09375
0 0.53359375 0.71640625 0.025 0.1015625
0 0.3734375 0.68359375 0.02265625 0.0890625
0 0.396875 0.68671875 0.02265625 0.0828125
0 0.415625 0.690625 0.01796875 0.090625
0 0.440625 0.69375 0.0296875 0.08359375
0 0.47265625 0.7 0.034375 0.0953125
0 0.58984375 0.728125 0.02265625 0.1078125
0 0.06015625 0.71171875 0.01328125 0.0703125
0 0.04375 0.709375 0.0203125 0.07734375
0 0.02265625 0.703125 0.02109375 0.06796875
0 0.00625 0.70078125 0.0125 0.0765625
0 0.9828125 0.796875 0.034375 0.05625
0 0.94765625 0.7859375 0.03828125 0.05859375
0 0.9046875 0.78046875 0.03828125 0.05
0 0.8625 0.775 0.0421875 0.0578125
0 0.8234375 0.7625 0.03125 0.053125
0 0.778125 0.75703125 0.04296875 0.0515625
0 0.9578125 0.70625 0.08046875 0.0640625
0 0.8765625 0.69375 0.06640625 0.0640625
0 0.79765625 0.6796875 0.06953125 0.053125
0 0.7140625 0.74921875 0.0328125 0.1125
0 0.6796875 0.74296875 0.03671875 0.10078125
0 0.64921875 0.73671875 0.02578125 0.1125
0 0.6171875 0.73125 0.03515625 0.1015625
0 0.3296875 0.67109375 0.03203125 0.0890625
0 0.30234375 0.6671875 0.01953125 0.0828125
0 0.56171875 0.7203125 0.03046875 0.0921875
0 0.2671875 0.66171875 0.01640625 0.0796875
0 0.11953125 0.6296875 0.01328125 0.075
0 0.03515625 0.61484375 0.01484375 0.0765625
0 0.021875 0.61171875 0.01484375 0.0703125
0 0.284375 0.665625 0.01796875 0.0890625
0 0.00625 0.61015625 0.0125 0.0734375
0 0.93984375 0.6171875 0.0734375 0.06015625
0 0.86328125 0.6 0.06953125 0.078125
0 0.78671875 0.5984375 0.06015625 0.0609375
0 0.7234375 0.61796875 0.03515625 0.078125
0 0.68671875 0.60546875 0.021875 0.075
0 0.62109375 0.60390625 0.04609375 0.0640625
0 0.58125 0.6 0.03046875 0.0734375
0 0.5234375 0.59453125 0.084375 0.0546875
0 0.46484375 0.5875 0.03046875 0.065625
0 0.43203125 0.58203125 0.03671875 0.053125
0 0.3984375 0.578125 0.02890625 0.059375
0 0.13515625 0.63515625 0.015625 0.084375
0 0.1515625 0.6375 0.01796875 0.07734375
0 0.16953125 0.6421875 0.01796875 0.0859375
0 0.18984375 0.6421875 0.01953125 0.0828125
0 0.21015625 0.6484375 0.021875 0.090625
0 0.2296875 0.65 0.01953125 0.08515625
0 0.24921875 0.6546875 0.01953125 0.09375
0 0.1 0.628125 0.02265625 0.08203125
0 0.05703125 0.6125 0.02890625 0.078125