0 0.85859375 0.36953125 0.02421875 0.0515625
0 0.9875 0.60390625 0.025 0.03984375
0 0.60390625 0.6671875 0.025 0.05546875
0 0.63046875 0.67265625 0.02578125 0.04609375
0 0.6578125 0.66953125 0.028125 0.04921875
0 0.6828125 0.67109375 0.02421875 0.046875
0 0.709375 0.67109375 0.0234375 0.0515625
0 0.7328125 0.6734375 0.02109375 0.046875
0 0.7578125 0.66796875 0.02734375 0.04765625
0 0.82734375 0.6765625 0.01953125 0.046875
0 0.853125 0.67890625 0.03125 0.0421875
0 0.9546875 0.4484375 0.025 0.05546875
0 0.928125 0.44921875 0.021875 0.05234375
0 0.87890625 0.45234375 0.02890625 0.04609375
0 0.85 0.45078125 0.028125 0.04921875
0 0.99140625 0.37265625 0.0171875 0.059375
0 0.96640625 0.36953125 0.03203125 0.06640625
0 0.9390625 0.36796875 0.02578125 0.05703125
0 0.91328125 0.36484375 0.0234375 0.0609375
0 0.8859375 0.36796875 0.03046875 0.05703125
0 0.9609375 0.60703125 0.02578125 0.0453125
0 0.8796875 0.67734375 0.02265625 0.04296875
0 0.90390625 0.678125 0.02578125 0.04140625
0 0.934375 0.6765625 0.03359375 0.03828125
0 0.96484375 0.66953125 0.025 0.05234375
0 0.98828125 0.66796875 0.0234375 0.04921875
0 0.9046875 0.45078125 0.0234375 0.04921875
0 0.9359375 0.60546875 0.02109375 0.04921875
0 0.6671875 0.584375 0.02578125 0.04921875
0 0.89453125 0.60234375 0.0234375 0.04296875
0 0.36953125 0.23046875 0.034375 0.06875
0 0.70234375 0.49609375 0.02734375 0.053125
0 0.675 0.49609375 0.025 0.053125
0 0.65 0.49609375 0.02421875 0.05546875
0 0.6203125 0.496875 0.03359375 0.0578125
0 0.5890625 0.4984375 0.02890625 0.05546875
0 0.78046875 0.4 0.03515625 0.0625
0 0.74375 0.3953125 0.03515625 0.06953125
0 0.71171875 0.39375 0.0296875 0.0625
0 0.6828125 0.3953125 0.028125 0.0625
0 0.64921875 0.4015625 0.03828125 0.075
0 0.61875 0.40078125 0.02734375 0.0734375
0 0.78671875 0.2984375 0.03125 0.065625
0 0.753125 0.3 0.02578125 0.06328125
0 0.721875 0.2984375 0.03359375 0.06796875
0 0.690625 0.3015625 0.02734375 0.06640625
0 0.73125 0.496875 0.03203125 0.0515625
0 0.7609375 0.4984375 0.02421875 0.0546875
0 0.61015625 0.584375 0.02578125 0.0484375
0 0.63828125 0.58203125 0.0328125 0.05234375
0 0.984375 0.4484375 0.03125 0.0578125
0 0.68984375 0.58515625 0.021875 0.046875
0 0.7171875 0.58515625 0.028125 0.04453125
0 0.74453125 0.58359375 0.0296875 0.04609375
0 0.77109375 0.57734375 0.02109375 0.0328125
0 0.8453125 0.60234375 0.0234375 0.0453125
0 0.87109375 0.6046875 0.02578125 0.04140625
0 0.91640625 0.60390625 0.021875 0.04296875
0 0.83671875 0.53046875 0.03125 0.0453125
0 0.33359375 0.23203125 0.034375 0.07421875
0 0.88671875 0.528125 0.01953125 0.046875
0 0.41328125 0.57578125 0.0390625 0.065625
0 0.665625 0.3 0.02578125 0.07109375
0 0.63203125 0.30625 0.0328125 0.05703125
0 0.596875 0.30703125 0.03203125 0.0578125
0 0.79296875 0.20703125 0.040625 0.06953125
0 0.22421875 0.66796875 0.0328125 0.04921875
0 0.25390625 0.66796875 0.02578125 0.05
0 0.28203125 0.66875 0.025 0.05234375
0 0.3125 0.66875 0.0296875 0.05390625
0 0.3421875 0.6671875 0.028125 0.05
0 0.37265625 0.6703125 0.03203125 0.04140625
0 0.40625 0.671875 0.03046875 0.046875
0 0.75859375 0.203125 0.02890625 0.07578125
0 0.728125 0.20859375 0.0328125 0.08203125
0 0.69765625 0.203125 0.02421875 0.09140625
0 0.665625 0.19765625 0.0390625 0.07578125
0 0.6296875 0.20078125 0.0328125 0.07109375
0 0.30078125 0.23203125 0.03125 0.07578125
0 0.26953125 0.2328125 0.0296875 0.075
0 0.2390625 0.22890625 0.034375 0.07578125
0 0.20625 0.23046875 0.02890625 0.07734375
0 0.175 0.22421875 0.0328125 0.0875
0 0.40546875 0.23046875 0.03671875 0.07109375
0 0.37578125 0.57734375 0.0375 0.065625
0 0.18359375 0.31953125 0.0328125 0.0703125
0 0.24921875 0.315625 0.03359375 0.075
0 0.2828125 0.32109375 0.03125 0.06796875
0 0.3140625 0.31796875 0.028125 0.07109375
0 0.34296875 0.32109375 0.02890625 0.0671875
0 0.86640625 0.5296875 0.02421875 0.0484375
0 0.4078125 0.32421875 0.04140625 0.06796875
0 0.215625 0.31640625 0.03203125 0.07578125
0 0.34296875 0.578125 0.025 0.0671875
0 0.37265625 0.32109375 0.028125 0.07265625
0 0.2859375 0.5796875 0.0296875 0.06328125
0 0.94375 0.27421875 0.02421875 0.05703125
0 0.25234375 0.4015625 0.028125 0.06328125
0 0.315625 0.5765625 0.028125 0.0703125
0 0.93125 0.5234375 0.01953125 0.046875
0 0.9515625 0.525 0.01875 0.0453125
0 0.975 0.52265625 0.02890625 0.0453125
0 0.88046875 0.19921875 0.0328125 0.05546875
0 0.9109375 0.2 0.028125 0.05234375
0 0.22421875 0.40703125 0.028125 0.06953125
0 0.1859375 0.403125 0.02578125 0.071875
0 0.94140625 0.2 0.03125 0.05859375
0 0.9734375 0.1984375 0.034375 0.06171875
0 0.8625 0.2703125 0.025 0.06328125
0 0.88984375 0.27421875 0.03125 0.05703125
0 0.9203125 0.271875 0.025 0.0609375
0 0.90859375 0.525 0.0234375 0.05078125
0 0.2828125 0.40625 0.02734375 0.06796875
0 0.9765625 0.271875 0.03984375 0.05703125
0 0.3515625 0.41015625 0.03515625 0.0796875
0 0.18515625 0.4859375 0.0359375 0.06328125
0 0.22421875 0.484375 0.03671875 0.0640625
0 0.25703125 0.484375 0.02890625 0.06171875
0 0.28515625 0.48359375 0.03203125 0.06484375
0 0.31796875 0.48671875 0.02890625 0.0640625
0 0.3953125 0.4828125 0.03203125 0.0609375
0 0.36328125 0.4828125 0.02578125 0.06015625
0 0.43125 0.4875 0.0390625 0.06953125
0 0.19140625 0.5734375 0.0328125 0.06953125
0 0.221875 0.57421875 0.028125 0.06796875
0 0.253125 0.5734375 0.03359375 0.06796875
0 0.38203125 0.403125 0.021875 0.071875
0 0.41015625 0.40859375 0.0375 0.0640625
0 0.3171875 0.41171875 0.034375 0.08359375