0 0.8921875 0.8078125 0.025 0.08046875
0 0.11953125 0.846875 0.03828125 0.078125
0 0.15703125 0.84765625 0.0375 0.0671875
0 0.08046875 0.8359375 0.03828125 0.10078125
0 0.0375 0.83828125 0.04296875 0.10078125
0 0.74453125 0.69140625 0.03203125 0.06796875
0 0.78203125 0.69140625 0.03203125 0.06640625
0 0.7078125 0.69140625 0.03671875 0.06953125
0 0.571875 0.6953125 0.06015625 0.0640625
0 0.6265625 0.69296875 0.0484375 0.06640625
0 0.51484375 0.69375 0.0484375 0.0640625
0 0.42734375 0.7234375 0.05234375 0.01796875
0 0.12578125 0.78125 0.04140625 0.01875
0 0.4265625 0.69375 0.0546875 0.0390625
0 0.27265625 0.70234375 0.02109375 0.07421875
0 0.07734375 0.70234375 0.03828125 0.071875
0 0.2046875 0.7046875 0.03203125 0.065625
0 0.24140625 0.703125 0.03984375 0.06953125
0 0.32578125 0.6984375 0.03359375 0.0671875
0 0.3828125 0.6984375 0.03125 0.06796875
0 0.11328125 0.7015625 0.02734375 0.0703125
0 0.15859375 0.70234375 0.05703125 0.06796875
0 0.03984375 0.7046875 0.03203125 0.075
0 0.73359375 0.60390625 0.03046875 0.07421875
0 0.703125 0.60390625 0.0296875 0.075
0 0.29609375 0.7 0.0234375 0.071875
0 0.95859375 0.803125 0.04296875 0.07890625
0 0.83515625 0.8234375 0.021875 0.05703125
0 0.80859375 0.8234375 0.0234375 0.05546875
0 0.275 0.875 0.0609375 0.0109375
0 0.27421875 0.85859375 0.059375 0.015625
0 0.3390625 0.8734375 0.05703125 0.0109375
0 0.3375 0.859375 0.0578125 0.0125
0 0.3359375 0.84375 0.06171875 0.0140625
0 0.3984375 0.86875 0.05703125 0.0109375
0 0.4 0.85625 0.06015625 0.00859375
0 0.4 0.840625 0.0609375 0.01796875
0 0.33515625 0.82578125 0.05703125 0.01640625
0 0.2734375 0.803125 0.06015625 0.09375
0 0.33515625 0.78203125 0.05546875 0.0640625
0 0.39609375 0.78203125 0.05859375 0.0734375
0 0.30234375 0.1875 0.0703125 0.15078125
0 0.16171875 0.8046875 0.0375 0.01484375
0 0.12109375 0.8 0.0390625 0.01484375
0 0.16875 0.78359375 0.0359375 0.02265625
0 0.93984375 0.59296875 0.02734375 0.0609375
0 0.96875 0.59296875 0.02890625 0.0625
0 0.8609375 0.675 0.0421875 0.08515625
0 0.81953125 0.68125 0.0390625 0.0765625
0 0.940625 0.678125 0.040625 0.0796875
0 0.9796875 0.678125 0.0328125 0.0828125
0 0.9015625 0.67890625 0.03515625 0.0796875
0 0.92109375 0.80390625 0.02578125 0.07265625
0 0.85859375 0.8203125 0.021875 0.053125
0 0.66875 0.60390625 0.0296875 0.07265625
0 0.21015625 0.86328125 0.06328125 0.01171875
0 0.628125 0.61328125 0.04765625 0.05859375
0 0.79609375 0.60390625 0.03203125 0.0734375
0 0.37421875 0.50625 0.02734375 0.0890625
0 0.284375 0.50625 0.02734375 0.0890625
0 0.25625 0.50625 0.028125 0.0890625
0 0.225 0.50546875 0.02734375 0.0890625
0 0.1953125 0.50390625 0.028125 0.0890625
0 0.08671875 0.50703125 0.0578125 0.0828125
0 0.1484375 0.51328125 0.059375 0.06953125
0 0.02890625 0.50703125 0.0546875 0.08203125
0 0.82890625 0.38515625 0.06484375 0.0984375
0 0.7578125 0.38359375 0.06875 0.09765625
0 0.68828125 0.3828125 0.06875 0.09765625
0 0.34375 0.50703125 0.02734375 0.0890625
0 0.62265625 0.3890625 0.05703125 0.0765625
0 0.503125 0.3765625 0.0578125 0.10078125
0 0.44765625 0.3828125 0.04921875 0.09765625
0 0.32890625 0.37890625 0.06484375 0.0859375
0 0.23125 0.3640625 0.10546875 0.10859375
0 0.79140625 0.1828125 0.0703125 0.19296875
0 0.71484375 0.17734375 0.07734375 0.19609375
0 0.8640625 0.1921875 0.06796875 0.17578125
0 0.6265625 0.1859375 0.0796875 0.178125
0 0.53984375 0.16640625 0.0828125 0.209375
0 0.45625 0.17265625 0.078125 0.18828125
0 0.37734375 0.18671875 0.071875 0.1546875
0 0.5625 0.37890625 0.05859375 0.0953125
0 0.3140625 0.5078125 0.028125 0.0890625
0 0.51640625 0.5140625 0.0453125 0.07265625
0 0.47421875 0.5078125 0.03359375 0.08125
0 0.38515625 0.60859375 0.034375 0.08359375
0 0.421875 0.60859375 0.03515625 0.08046875
0 0.4609375 0.60546875 0.03359375 0.078125
0 0.49921875 0.60546875 0.0375 0.075
0 0.53828125 0.60546875 0.03671875 0.07890625
0 0.58125 0.60546875 0.03984375 0.0765625
0 0.20625 0.6078125 0.02890625 0.0796875
0 0.24375 0.60859375 0.03984375 0.07734375
0 0.065625 0.16015625 0.07890625 0.1828125
0 0.14375 0.19140625 0.071875 0.125
0 0.2828125 0.60625 0.0328125 0.08203125
0 0.31796875 0.6078125 0.0296875 0.07734375
0 0.3515625 0.6078125 0.028125 0.0765625
0 0.13359375 0.60625 0.03203125 0.0796875
0 0.17109375 0.60546875 0.034375 0.07734375
0 0.01796875 0.6140625 0.03046875 0.06640625
0 0.05625 0.609375 0.0375 0.0734375
0 0.09609375 0.609375 0.040625 0.071875
0 0.73515625 0.5046875 0.065625 0.08671875
0 0.66875 0.50390625 0.065625 0.09453125
0 0.80234375 0.50625 0.06484375 0.0875
0 0.56171875 0.50703125 0.0421875 0.09375
0 0.6109375 0.50703125 0.04765625 0.09375
0 0.4046875 0.51015625 0.028125 0.07578125
0 0.4390625 0.5109375 0.03203125 0.075
0 0.76484375 0.603125 0.028125 0.07421875
0 0.2109375 0.87578125 0.0578125 0.0109375
0 0.2140625 0.8078125 0.04765625 0.096875
0 0.575 0.81875 0.06171875 0.01015625
0 0.9234375 0.31015625 0.09609375 0.05703125
0 0.91171875 0.36953125 0.084375 0.053125
0 0.90546875 0.42578125 0.07890625 0.0546875
0 0.97265625 0.42734375 0.05234375 0.059375
0 0.96640625 0.5 0.0234375 0.03359375
0 0.8671875 0.5 0.02421875 0.03828125
0 0.84453125 0.50078125 0.01796875 0.0375
0 0.940625 0.5 0.02109375 0.0359375
0 0.91484375 0.5 0.02734375 0.03671875
0 0.890625 0.50078125 0.01953125 0.03828125
0 0.8296875 0.59140625 0.02734375 0.059375
0 0.85859375 0.5921875 0.02421875 0.059375
0 0.88515625 0.590625 0.02578125 0.06015625
0 0.91171875 0.5921875 0.02421875 0.06015625
0 0.57421875 0.77890625 0.059375 0.0671875
0 0.934375 0.228125 0.05859375 0.0953125
0 0.7515625 0.853125 0.0578125 0.01015625
0 0.22265625 0.16953125 0.08515625 0.1734375
0 0.75 0.8328125 0.05078125 0.009375
0 0.57578125 0.8625 0.05390625 0.009375
0 0.5734375 0.85 0.05859375 0.009375
0 0.5765625 0.840625 0.05859375 0.00703125
0 0.74921875 0.84296875 0.0546875 0.00703125
0 0.57578125 0.83046875 0.05703125 0.01015625
0 0.75078125 0.77890625 0.05625 0.075
0 0.69140625 0.775 0.0578125 0.059375
0 0.63515625 0.81328125 0.053125 0.009375
0 0.634375 0.77578125 0.053125 0.0640625
0 0.63515625 0.8375 0.053125 0.01015625
0 0.6890625 0.85546875 0.05625 0.00703125
0 0.68984375 0.84609375 0.05625 0.00703125
0 0.69375 0.8359375 0.05703125 0.0109375
0 0.63515625 0.825 0.053125 0.009375
0 0.6953125 0.825 0.05703125 0.01015625
0 0.69375 0.8140625 0.05703125 0.01015625
0 0.63203125 0.85234375 0.05234375 0.01875