0 0.26796875 0.66328125 0.09375 0.02421875
0 0.26875 0.63984375 0.10078125 0.021875
0 0.36015625 0.65390625 0.078125 0.04453125
0 0.44296875 0.659375 0.06875 0.0390625
0 0.77734375 0.66328125 0.065625 0.02890625
0 0.57109375 0.76171875 0.0546875 0.021875
0 0.93046875 0.6640625 0.07421875 0.0265625
0 0.42578125 0.78203125 0.065625 0.0421875
0 0.98359375 0.66953125 0.0328125 0.0390625
0 0.5171875 0.77109375 0.0390625 0.02890625
0 0.084375 0.64765625 0.05546875 0.05
0 0.84296875 0.66484375 0.065625 0.0265625
0 0.03046875 0.6453125 0.053125 0.05625
0 0.7609375 0.5 0.08984375 0.08828125
0 0.01875 0.55 0.0375 0.04921875
0 0.13984375 0.5359375 0.0484375 0.0375
0 0.13828125 0.56484375 0.071875 0.0171875
0 0.19375 0.5546875 0.0515625 0.0390625
0 0.42421875 0.56015625 0.05390625 0.0546875
0 0.53984375 0.56953125 0.1015625 0.03828125
0 0.62421875 0.565625 0.0515625 0.04921875
0 0.6875 0.5609375 0.05703125 0.05625
0 0.828125 0.565625 0.08359375 0.04453125
0 0.896875 0.565625 0.05546875 0.0515625
0 0.82734375 0.4828125 0.04296875 0.04921875
0 0.36640625 0.78828125 0.0515625 0.03125
0 0.8796875 0.48125 0.06015625 0.04453125
0 0.071875 0.54921875 0.065625 0.0484375
0 0.20859375 0.76328125 0.0625 0.046875
0 0.8609375 0.85 0.05 0.02890625
0 0.0296875 0.8578125 0.05859375 0.07578125
0 0.9375 0.48359375 0.05859375 0.0484375
0 0.9765625 0.89453125 0.046875 0.0328125
0 0.92421875 0.896875 0.06171875 0.03203125
0 0.865625 0.8984375 0.05859375 0.028125
0 0.9484375 0.86015625 0.0671875 0.03203125
0 0.80546875 0.8984375 0.06015625 0.028125
0 0.7515625 0.896875 0.04765625 0.03046875
0 0.80078125 0.8703125 0.059375 0.03046875
0 0.73828125 0.8671875 0.0609375 0.03046875
0 0.68125 0.8953125 0.06484375 0.0265625
0 0.62109375 0.89375 0.05859375 0.02734375
0 0.67734375 0.865625 0.06171875 0.02890625
0 0.61484375 0.86484375 0.059375 0.0296875
0 0.55625 0.8921875 0.0640625 0.0234375
0 0.4984375 0.8890625 0.065625 0.02890625
0 0.5515625 0.86171875 0.059375 0.0296875
0 0.49375 0.86171875 0.065625 0.02578125
0 0.434375 0.890625 0.05625 0.0265625
0 0.378125 0.88984375 0.06171875 0.0234375
0 0.43046875 0.8640625 0.053125 0.02265625
0 0.378125 0.86484375 0.065625 0.0265625
0 0.31484375 0.89140625 0.0578125 0.02890625
0 0.259375 0.8875 0.05546875 0.028125
0 0.31875 0.84921875 0.05625 0.03203125
0 0.2609375 0.8453125 0.05546875 0.028125
0 0.13203125 0.859375 0.05859375 0.07734375
0 0.08046875 0.85546875 0.04375 0.075
0 0.109375 0.7515625 0.0609375 0.0703125
0 0.98359375 0.48515625 0.0328125 0.0453125
0 0.54921875 0.103125 0.05078125 0.0828125
0 0.634375 0.47890625 0.059375 0.0390625
0 0.40625 0.24140625 0.03828125 0.07578125
0 0.44453125 0.24140625 0.0421875 0.07734375
0 0.67421875 0.23671875 0.1078125 0.075
0 0.68984375 0.4765625 0.053125 0.046875
0 0.909375 0.17890625 0.10703125 0.0203125
0 0.9734375 0.23359375 0.053125 0.0828125
0 0.96875 0.0890625 0.04609375 0.096875
0 0.92734375 0.10234375 0.0453125 0.06953125
0 0.88828125 0.0984375 0.03671875 0.078125
0 0.840625 0.1 0.0578125 0.0828125
0 0.79296875 0.1078125 0.034375 0.06953125
0 0.746875 0.1 0.05234375 0.084375
0 0.69453125 0.10078125 0.0515625 0.08359375
0 0.64609375 0.0953125 0.04453125 0.0921875
0 0.596875 0.09140625 0.04609375 0.09765625
0 0.5 0.10078125 0.04375 0.084375
0 0.44921875 0.08515625 0.0484375 0.12109375
0 0.3984375 0.0953125 0.04921875 0.10234375
0 0.35625 0.09375 0.03515625 0.09921875
0 0.3140625 0.10625 0.04140625 0.075
0 0.26875 0.0640625 0.0484375 0.03046875
0 0.26484375 0.0953125 0.05546875 0.03125
0 0.2640625 0.12734375 0.05703125 0.03046875
0 0.2109375 0.09375 0.04921875 0.09765625
0 0.17109375 0.0890625 0.03828125 0.11875
0 0.1109375 0.0953125 0.06953125 0.1015625
0 0.04375 0.0984375 0.06171875 0.0984375
0 0.36953125 0.2375 0.0390625 0.08359375
0 0.3265625 0.2359375 0.04609375 0.084375
0 0.88984375 0.2328125 0.1109375 0.090625
0 0.23828125 0.2375 0.04765625 0.08359375
0 0.509375 0.47890625 0.06953125 0.0484375
0 0.3875 0.47421875 0.05859375 0.04921875
0 0.32421875 0.478125 0.05390625 0.046875
0 0.2671875 0.48046875 0.06015625 0.04609375
0 0.18671875 0.43984375 0.05078125 0.06953125
0 0.14296875 0.44140625 0.0375 0.065625
0 0.08515625 0.44140625 0.078125 0.06484375
0 0.08125 0.39921875 0.08828125 0.01953125
0 0.27578125 0.41640625 0.1015625 0.0328125
0 0.28046875 0.2375 0.02890625 0.084375
0 0.371875 0.3921875 0.0984375 0.0265625
0 0.65859375 0.4140625 0.0984375 0.0328125
0 0.85546875 0.41328125 0.084375 0.03359375
0 0.371875 0.41875 0.09375 0.028125
0 0.77734375 0.32734375 0.07890625 0.03515625
0 0.1734375 0.23203125 0.04140625 0.0671875
0 0.78359375 0.27109375 0.10390625 0.0828125
0 0.05703125 0.34765625 0.11328125 0.0390625
0 0.27890625 0.3375 0.1125 0.03203125
0 0.6890625 0.340625 0.0625 0.03203125
0 0.38203125 0.33828125 0.10078125 0.0328125
0 0.1234375 0.22890625 0.05859375 0.07265625
0 0.6046875 0.33828125 0.10859375 0.0375
0 0.9171875 0.340625 0.09921875 0.02734375
0 0.76796875 0.4359375 0.08515625 0.03671875
0 0.759375 0.3984375 0.09140625 0.0359375
0 0.76484375 0.3625 0.08828125 0.0359375
0 0.48984375 0.3375 0.10703125 0.03671875