0 0.1796875 0.203125 0.0328125 0.12421875
0 0.3921875 0.61328125 0.115625 0.01796875
0 0.28203125 0.63828125 0.09921875 0.0265625
0 0.2828125 0.609375 0.0984375 0.02421875
0 0.17578125 0.64453125 0.11015625 0.01640625
0 0.17734375 0.62578125 0.10390625 0.01796875
0 0.17890625 0.60546875 0.109375 0.01796875
0 0.0984375 0.62421875 0.0171875 0.07734375
0 0.08125 0.62578125 0.01796875 0.07421875
0 0.19609375 0.3546875 0.0296875 0.10390625
0 0.14375 0.35390625 0.03984375 0.10625
0 0.08515625 0.35 0.04375 0.09375
0 0.91484375 0.19765625 0.06484375 0.12109375
0 0.84609375 0.2 0.0609375 0.115625
0 0.390625 0.6375 0.11640625 0.03046875
0 0.72265625 0.2 0.034375 0.1234375
0 0.6828125 0.20390625 0.025 0.12109375
0 0.640625 0.20546875 0.0296875 0.1125
0 0.58125 0.19296875 0.046875 0.12421875
0 0.51171875 0.20078125 0.046875 0.1234375
0 0.45859375 0.20234375 0.0359375 0.13515625
0 0.415625 0.2 0.04375 0.1265625
0 0.35859375 0.20078125 0.04296875 0.1203125
0 0.309375 0.21015625 0.03203125 0.115625
0 0.26328125 0.20546875 0.025 0.12109375
0 0.22578125 0.20078125 0.03125 0.12265625
0 0.13359375 0.19921875 0.0328125 0.1171875
0 0.78828125 0.20078125 0.04609375 0.1140625
0 0.49921875 0.6234375 0.0890625 0.01875
0 0.60078125 0.6125 0.0984375 0.015625
0 0.2296875 0.3609375 0.025 0.09140625
0 0.17578125 0.684375 0.10078125 0.01875
0 0.04453125 0.796875 0.02734375 0.0890625
0 0.0125 0.79765625 0.025 0.0859375
0 0.9625 0.665625 0.075 0.0359375
0 0.9015625 0.6484375 0.01875 0.02109375
0 0.8765625 0.64921875 0.02578125 0.025
0 0.9046875 0.62265625 0.02421875 0.028125
0 0.80859375 0.64765625 0.10625 0.021875
0 0.81015625 0.621875 0.10625 0.0234375
0 0.7015625 0.634375 0.1 0.0484375
0 0.59453125 0.6484375 0.096875 0.01953125
0 0.175 0.70625 0.10078125 0.01875
0 0.28203125 0.70390625 0.1 0.03125
0 0.39140625 0.70390625 0.11171875 0.0296875
0 0.50078125 0.69765625 0.0921875 0.02578125
0 0.596875 0.690625 0.09453125 0.0171875
0 0.596875 0.7078125 0.0953125 0.0140625
0 0.6984375 0.7 0.10078125 0.03203125
0 0.81953125 0.70234375 0.12890625 0.0375
0 0.15703125 0.75625 0.053125 0.0125
0 0.17890625 0.7734375 0.10234375 0.01953125
0 0.28046875 0.7484375 0.09609375 0.01875
0 0.2796875 0.7734375 0.09140625 0.0265625
0 0.3796875 0.778125 0.10078125 0.02734375
0 0.48203125 0.76875 0.09296875 0.04375
0 0.59921875 0.6296875 0.096875 0.01640625
0 0.5 0.64453125 0.08984375 0.01953125
0 0.1765625 0.5234375 0.03046875 0.1
0 0.02578125 0.19140625 0.03046875 0.11171875
0 0.42265625 0.50546875 0.04765625 0.103125
0 0.50703125 0.503125 0.0375 0.09765625
0 0.54765625 0.5 0.0328125 0.09375
0 0.60390625 0.478125 0.034375 0.09140625
0 0.66328125 0.48359375 0.04375 0.08203125
0 0.74765625 0.50234375 0.02578125 0.0734375
0 0.7703125 0.503125 0.0171875 0.07578125
0 0.82265625 0.5046875 0.05703125 0.09296875
0 0.8875 0.48671875 0.0546875 0.08828125
0 0.95546875 0.4421875 0.04765625 0.096875
0 0.00859375 0.62265625 0.0171875 0.09765625
0 0.49375 0.928125 0.07109375 0.05703125
0 0.571875 0.928125 0.078125 0.05859375
0 0.65 0.92734375 0.071875 0.0609375
0 0.73203125 0.93125 0.08359375 0.05703125
0 0.7359375 0.8921875 0.0765625 0.01796875
0 0.65078125 0.88828125 0.08671875 0.0125
0 0.7796875 0.35625 0.0359375 0.10390625
0 0.36875 0.35078125 0.0421875 0.10859375
0 0.31875 0.36015625 0.03671875 0.11796875
0 0.27109375 0.36328125 0.0359375 0.10546875
0 0.8265625 0.8984375 0.09296875 0.01484375
0 0.83046875 0.9359375 0.0765625 0.05546875
0 0.884375 0.9578125 0.02109375 0.02109375
0 0.4671875 0.49921875 0.03515625 0.0984375
0 0.9453125 0.9109375 0.09921875 0.02265625
0 0.52421875 0.35625 0.04375 0.10078125
0 0.60390625 0.34140625 0.01953125 0.0890625
0 0.94453125 0.95390625 0.09453125 0.02265625
0 0.634375 0.3640625 0.01953125 0.1046875
0 0.66796875 0.359375 0.0234375 0.11953125
0 0.70625 0.35859375 0.03125 0.1234375
0 0.9484375 0.93203125 0.09921875 0.0171875
0 0.41875 0.35546875 0.03984375 0.10390625
0 0.4734375 0.3578125 0.04453125 0.1125
0 0.315625 0.51640625 0.03046875 0.10078125
0 0.590625 0.75625 0.1015625 0.01875
0 0.5921875 0.77734375 0.09921875 0.0203125
0 0.70546875 0.775 0.1015625 0.0359375
0 0.82890625 0.771875 0.13828125 0.04140625
0 0.965625 0.75 0.06875 0.02578125
0 0.0859375 0.19765625 0.0328125 0.103125
0 0.1796875 0.8375 0.0984375 0.021875
0 0.2828125 0.82421875 0.096875 0.0203125
0 0.27890625 0.84375 0.09296875 0.01796875
0 0.39140625 0.83828125 0.10390625 0.0234375
0 0.49921875 0.8375 0.103125 0.02734375
0 0.60390625 0.8453125 0.09765625 0.0203125
0 0.70546875 0.83984375 0.09375 0.03203125
0 0.80859375 0.8296875 0.0984375 0.01875
0 0.80390625 0.84921875 0.09453125 0.01484375
0 0.871875 0.84921875 0.0234375 0.0203125
0 0.9390625 0.81328125 0.0625 0.03359375
0 0.28515625 0.51640625 0.0265625 0.10234375
0 0.2484375 0.525 0.03203125 0.09921875
0 0.2125 0.52421875 0.02890625 0.1
0 0.3859375 0.9453125 0.10703125 0.01796875
0 0.14453125 0.52578125 0.028125 0.09765625
0 0.090625 0.490625 0.03515625 0.11875
0 0.365625 0.50625 0.04296875 0.09609375
0 0.04453125 0.4953125 0.03828125 0.11015625
0 0.83046875 0.35234375 0.0484375 0.1
0 0.39453125 0.9234375 0.1171875 0.0203125
0 0.2984375 0.9171875 0.05390625 0.06796875
0 0.23359375 0.91640625 0.05234375 0.07421875
0 0.17109375 0.91484375 0.05390625 0.078125
0 0.9375 0.84921875 0.06640625 0.03203125
0 0.87578125 0.35078125 0.03828125 0.0984375