0 0.24296875 0.83828125 0.04375 0.0921875
0 0.18359375 0.86171875 0.0703125 0.04765625
0 0.109375 0.87578125 0.075 0.03046875
0 0.1078125 0.84296875 0.075 0.028125
0 0.9359375 0.728125 0.03203125 0.0484375
0 0.9734375 0.73203125 0.03203125 0.05078125
0 0.903125 0.7296875 0.028125 0.0484375
0 0.8953125 0.81171875 0.02890625 0.06484375
0 0.83984375 0.73359375 0.02265625 0.03671875
0 0.034375 0.86875 0.06875 0.0484375
0 0.86015625 0.81328125 0.03359375 0.06484375
0 0.45078125 0.825 0.04375 0.078125
0 0.29609375 0.1296875 0.05859375 0.0265625
0 0.71875 0.821875 0.03359375 0.06640625
0 0.68125 0.821875 0.03203125 0.06640625
0 0.6484375 0.82421875 0.03046875 0.071875
0 0.6140625 0.82734375 0.03359375 0.0671875
0 0.5625 0.8234375 0.040625 0.0671875
0 0.49453125 0.82109375 0.040625 0.0765625
0 0.35 0.82265625 0.0390625 0.08359375
0 0.30078125 0.8296875 0.040625 0.08828125
0 0.8109375 0.7359375 0.02265625 0.03828125
0 0.78671875 0.81640625 0.0328125 0.06640625
0 0.77890625 0.73515625 0.02734375 0.04765625
0 0.753125 0.81875 0.0296875 0.06953125
0 0.69140625 0.73359375 0.05 0.0484375
0 0.35625 0.2640625 0.07265625 0.05546875
0 0.41796875 0.26328125 0.04375 0.0578125
0 0.465625 0.2640625 0.0421875 0.0640625
0 0.51015625 0.26484375 0.04375 0.06015625
0 0.5609375 0.26171875 0.046875 0.06796875
0 0.609375 0.26171875 0.04609375 0.06875
0 0.6546875 0.26328125 0.04140625 0.06328125
0 0.74453125 0.26640625 0.05078125 0.06171875
0 0.796875 0.2 0.04921875 0.01953125
0 0.79140625 0.221875 0.0484375 0.0171875
0 0.79453125 0.26484375 0.04140625 0.065625
0 0.840625 0.2640625 0.04921875 0.06640625
0 0.8875 0.26171875 0.03984375 0.0734375
0 0.97265625 0.2546875 0.0546875 0.08046875
0 0.1109375 0.35390625 0.0890625 0.05703125
0 0.19609375 0.35390625 0.0796875 0.0546875
0 0.34765625 0.35546875 0.07890625 0.0546875
0 0.278125 0.43125 0.07578125 0.053125
0 0.2015625 0.43046875 0.0765625 0.05703125
0 0.121875 0.42890625 0.07734375 0.05546875
0 0.03828125 0.42890625 0.0765625 0.05546875
0 0.9734375 0.36171875 0.05234375 0.05703125
0 0.921875 0.3625 0.0484375 0.05703125
0 0.2609375 0.26328125 0.07734375 0.05859375
0 0.87109375 0.34921875 0.05234375 0.08359375
0 0.74921875 0.3640625 0.04921875 0.06015625
0 0.69375 0.34921875 0.06015625 0.0828125
0 0.62578125 0.35078125 0.0578125 0.08203125
0 0.5703125 0.3671875 0.04453125 0.05
0 0.5171875 0.3484375 0.05546875 0.084375
0 0.425 0.35 0.0640625 0.0859375
0 0.809375 0.34921875 0.0609375 0.084375
0 0.165625 0.50078125 0.07265625 0.05
0 0.17734375 0.2609375 0.0796875 0.05703125
0 0.92421875 0.128125 0.03515625 0.06328125
0 0.29375 0.1 0.0578125 0.0296875
0 0.2375 0.11328125 0.05 0.05625
0 0.171875 0.09453125 0.075 0.08984375
0 0.121875 0.11875 0.02578125 0.0484375
0 0.0921875 0.09765625 0.028125 0.08515625
0 0.05703125 0.10859375 0.0328125 0.05859375
0 0.025 0.1078125 0.03203125 0.0578125
0 0.35078125 0.134375 0.04375 0.02578125
0 0.40078125 0.13359375 0.05 0.025
0 0.396875 0.10859375 0.04609375 0.0234375
0 0.38984375 0.08671875 0.04140625 0.015625
0 0.43984375 0.065625 0.053125 0.02109375
0 0.44609375 0.08828125 0.04921875 0.02265625
0 0.44765625 0.11328125 0.04453125 0.025
0 0.4484375 0.13828125 0.04296875 0.02109375
0 0.4953125 0.12265625 0.0484375 0.05234375
0 0.5390625 0.11640625 0.034375 0.06953125
0 0.88828125 0.1171875 0.034375 0.08203125
0 0.84453125 0.14765625 0.0421875 0.01953125
0 0.8421875 0.12421875 0.04296875 0.01953125
0 0.80546875 0.109375 0.0296875 0.08984375
0 0.75078125 0.103125 0.04296875 0.0140625
0 0.75078125 0.1171875 0.0453125 0.01328125
0 0.09375 0.2578125 0.0828125 0.06171875
0 0.76171875 0.140625 0.04765625 0.028125
0 0.70390625 0.121875 0.03984375 0.01953125
0 0.7015625 0.0984375 0.04296875 0.02578125
0 0.6609375 0.1109375 0.0390625 0.08515625
0 0.6125 0.13984375 0.04375 0.021875
0 0.61171875 0.11328125 0.046875 0.02734375
0 0.57109375 0.11796875 0.02578125 0.06484375
0 0.70625 0.14296875 0.04375 0.0234375
0 0.2421875 0.50390625 0.06875 0.05390625
0 0.3125 0.5046875 0.0671875 0.05234375
0 0.425 0.46015625 0.053125 0.07109375
0 0.2171875 0.6671875 0.046875 0.05546875
0 0.26796875 0.6671875 0.05 0.05078125
0 0.31171875 0.665625 0.02421875 0.04296875
0 0.34296875 0.6609375 0.03359375 0.05
0 0.378125 0.66328125 0.02890625 0.05
0 0.40859375 0.65390625 0.025 0.046875
0 0.43828125 0.6375 0.02578125 0.07421875
0 0.4671875 0.6375 0.01953125 0.07265625
0 0.49765625 0.63671875 0.02890625 0.07421875
0 0.52890625 0.6359375 0.02734375 0.075
0 0.55703125 0.63671875 0.02578125 0.06796875
0 0.60078125 0.6375 0.03125 0.065625
0 0.634375 0.63515625 0.03046875 0.06640625
0 0.66640625 0.634375 0.02890625 0.06640625
0 0.69453125 0.634375 0.025 0.06796875
0 0.7234375 0.63203125 0.028125 0.06328125
0 0.75390625 0.62890625 0.03515625 0.0703125
0 0.63828125 0.73515625 0.05546875 0.05
0 0.58046875 0.73046875 0.0484375 0.0453125
0 0.52890625 0.73828125 0.05390625 0.05078125
0 0.465625 0.734375 0.040625 0.05
0 0.41484375 0.72578125 0.03359375 0.05078125
0 0.26953125 0.74375 0.075 0.05625
0 0.16796875 0.66796875 0.04765625 0.05625
0 0.18515625 0.75078125 0.07265625 0.0546875
0 0.98046875 0.6328125 0.0390625 0.05078125
0 0.93828125 0.62734375 0.0359375 0.0703125
0 0.90078125 0.6265625 0.03203125 0.071875
0 0.86875 0.6296875 0.0296875 0.065625
0 0.82265625 0.62890625 0.0375 0.06875
0 0.78828125 0.628125 0.03203125 0.0703125
0 0.109375 0.7515625 0.075 0.05078125
0 0.11875 0.671875 0.04140625 0.05859375
0 0.0703125 0.6734375 0.05234375 0.05546875
0 0.946875 0.53984375 0.0640625 0.07265625
0 0.1328125 0.58671875 0.03046875 0.0734375
0 0.0953125 0.5921875 0.03359375 0.06171875
0 0.05703125 0.59296875 0.03828125 0.065625
0 0.01953125 0.59453125 0.03515625 0.0640625
0 0.98046875 0.45078125 0.0390625 0.0703125
0 0.9296875 0.4515625 0.04296875 0.07421875
0 0.16953125 0.58515625 0.0359375 0.0734375
0 0.8703125 0.4484375 0.0703125 0.0859375
0 0.74296875 0.45703125 0.046875 0.059375
0 0.67578125 0.45234375 0.05625 0.078125
0 0.628125 0.46171875 0.04140625 0.0640625
0 0.58203125 0.46484375 0.04140625 0.0546875
0 0.53125 0.45078125 0.05625 0.0875
0 0.478125 0.471875 0.04375 0.0484375
0 0.80625 0.45703125 0.0484375 0.065625
0 0.7390625 0.73671875 0.03984375 0.0421875
0 0.20390625 0.584375 0.0296875 0.07109375
0 0.265625 0.5828125 0.03046875 0.07109375
0 0.89296875 0.54140625 0.04453125 0.0703125
0 0.84140625 0.54140625 0.05 0.071875
0 0.79609375 0.54296875 0.0375 0.0671875
0 0.7484375 0.54375 0.0515625 0.0703125
0 0.6953125 0.54375 0.040625 0.0734375
0 0.63984375 0.5453125 0.06328125 0.075
0 0.23515625 0.5828125 0.02890625 0.071875
0 0.58203125 0.546875 0.04765625 0.07265625
0 0.53046875 0.54609375 0.03828125 0.0734375
0 0.48828125 0.54609375 0.04375 0.075
0 0.4296875 0.55703125 0.0328125 0.0578125
0 0.36484375 0.58125 0.0296875 0.06796875
0 0.33203125 0.58203125 0.028125 0.0703125
0 0.30078125 0.58203125 0.0296875 0.0703125
0 0.95078125 0.80078125 0.04375 0.06875
0 0.3734375 0.4734375 0.0765625 0.1046875
0 0.34921875 0.10546875 0.0453125 0.02734375