0 0.42734375 0.77890625 0.01484375 0.1
0 0.1421875 0.89609375 0.03203125 0.12578125
0 0.10390625 0.9125 0.040625 0.1078125
0 0.44609375 0.76953125 0.01875 0.09296875
0 0.4015625 0.79296875 0.0328125 0.10078125
0 0.34296875 0.83984375 0.028125 0.10703125
0 0.0703125 0.3921875 0.03203125 0.1171875
0 0.290625 0.38359375 0.01875 0.09296875
0 0.3125 0.38515625 0.0203125 0.090625
0 0.33203125 0.384375 0.0171875 0.08828125
0 0.35078125 0.38203125 0.0171875 0.08203125
0 0.36953125 0.3828125 0.0171875 0.07734375
0 0.3765625 0.2140625 0.01640625 0.11015625
0 0.3921875 0.37578125 0.025 0.09140625
0 0.4140625 0.37734375 0.015625 0.0859375
0 0.43359375 0.37109375 0.01796875 0.08203125
0 0.4140625 0.22109375 0.0140625 0.10390625
0 0.43125 0.2234375 0.015625 0.10703125
0 0.009375 0.72578125 0.01796875 0.11796875
0 0.0375 0.71796875 0.03203125 0.12421875
0 0.07265625 0.70859375 0.034375 0.10546875
0 0.1078125 0.69765625 0.025 0.11875
0 0.2703125 0.38203125 0.01953125 0.09765625
0 0.1375 0.68671875 0.02890625 0.09921875
0 0.24765625 0.38203125 0.02109375 0.1078125
0 0.1953125 0.38203125 0.02578125 0.11640625
0 0.03984375 0.1203125 0.05625 0.21953125
0 0.09453125 0.11796875 0.0453125 0.23515625
0 0.1390625 0.14609375 0.03984375 0.19921875
0 0.18203125 0.14140625 0.040625 0.21328125
0 0.22109375 0.14921875 0.0296875 0.20703125
0 0.2515625 0.190625 0.02734375 0.13359375
0 0.28125 0.1984375 0.0296875 0.134375
0 0.3109375 0.20078125 0.025 0.13203125
0 0.33515625 0.20703125 0.02265625 0.128125
0 0.35625 0.21015625 0.01875 0.1265625
0 0.03125 0.3921875 0.040625 0.12265625
0 0.30390625 0.715625 0.0328125 0.1078125
0 0.10390625 0.3921875 0.0296875 0.1125
0 0.13359375 0.38828125 0.021875 0.115625
0 0.16328125 0.38671875 0.0328125 0.10625
0 0.22109375 0.38203125 0.025 0.11015625
0 0.009375 0.603125 0.01875 0.11484375
0 0.39453125 0.2171875 0.0203125 0.10625
0 0.07109375 0.58828125 0.0328125 0.125
0 0.3859375 0.59921875 0.0265625 0.078125
0 0.41015625 0.58984375 0.0171875 0.07265625
0 0.42578125 0.584375 0.0125 0.07734375
0 0.43828125 0.58203125 0.0109375 0.07578125
0 0.41875 0.5078125 0.01953125 0.07421875
0 0.4390625 0.50703125 0.01484375 0.06796875
0 0.39765625 0.50703125 0.0203125 0.07265625
0 0.3578125 0.59921875 0.01953125 0.08359375
0 0.04609375 0.50546875 0.0390625 0.0390625
0 0.0359375 0.59140625 0.028125 0.1203125
0 0.20859375 0.47421875 0.025 0.0359375
0 0.246875 0.47109375 0.0375 0.03828125
0 0.1421875 0.296875 0.0890625 0.04609375
0 0.0515625 0.30078125 0.08203125 0.04609375
0 0.225 0.8484375 0.034375 0.10234375
0 0.3 0.853125 0.02890625 0.11171875
0 0.08671875 0.49453125 0.028125 0.03671875
0 0.375 0.50625 0.0140625 0.075
0 0.1796875 0.47890625 0.0234375 0.03046875
0 0.34140625 0.5125 0.0171875 0.07890625
0 0.3578125 0.50859375 0.0171875 0.07265625
0 0.103125 0.5765625 0.03203125 0.11796875
0 0.1375 0.575 0.02890625 0.11328125
0 0.17890625 0.6453125 0.0390625 0.13203125
0 0.240625 0.55 0.0203125 0.09453125
0 0.2640625 0.54296875 0.021875 0.09140625
0 0.2890625 0.5421875 0.0203125 0.09140625
0 0.21328125 0.6546875 0.021875 0.0953125
0 0.2125 0.55625 0.025 0.09453125
0 0.2625 0.63671875 0.0203125 0.0875
0 0.2859375 0.625 0.0234375 0.07109375
0 0.3078125 0.61484375 0.009375 0.078125
0 0.325 0.60859375 0.01875 0.084375
0 0.34375 0.60234375 0.0109375 0.0890625
0 0.2375 0.64375 0.02265625 0.08984375
0 0.3203125 0.51171875 0.021875 0.08203125