0 0.2234375 0.50390625 0.065625 0.03515625
0 0.221875 0.5390625 0.06796875 0.0359375
0 0.15234375 0.50390625 0.07109375 0.03671875
0 0.153125 0.53984375 0.06875 0.03515625
0 0.690625 0.521875 0.0578125 0.0703125
0 0.63515625 0.52109375 0.05390625 0.071875
0 0.36796875 0.4421875 0.0484375 0.05
0 0.29296875 0.53828125 0.06953125 0.034375
0 0.7609375 0.52109375 0.05546875 0.07265625
0 0.0578125 0.5265625 0.10703125 0.06171875
0 0.29375 0.5046875 0.07109375 0.034375
0 0.50078125 0.50390625 0.06640625 0.0359375
0 0.36328125 0.5390625 0.06484375 0.0328125
0 0.43203125 0.53828125 0.06484375 0.034375
0 0.43203125 0.5046875 0.06640625 0.03359375
0 0.31953125 0.44296875 0.05 0.04921875
0 0.26796875 0.44375 0.0515625 0.0515625
0 0.2171875 0.44375 0.05078125 0.0515625
0 0.16171875 0.4453125 0.04140625 0.0515625
0 0.57265625 0.503125 0.06640625 0.0390625
0 0.571875 0.5390625 0.06796875 0.0328125
0 0.5 0.53984375 0.06953125 0.034375
0 0.81875 0.5203125 0.059375 0.07265625
0 0.3640625 0.5046875 0.06484375 0.034375
0 0.878125 0.521875 0.0609375 0.07421875
0 0.234375 0.225 0.04375 0.13125
0 0.959375 0.49375 0.0765625 0.06875
0 0.65546875 0.10078125 0.0765625 0.065625
0 0.36015625 0.22734375 0.04453125 0.125
0 0.4 0.22734375 0.0359375 0.1234375
0 0.440625 0.22734375 0.04140625 0.1234375
0 0.225 0.6234375 0.06953125 0.03359375
0 0.2953125 0.62265625 0.06953125 0.0328125
0 0.2953125 0.58828125 0.0703125 0.0359375
0 0.365625 0.6234375 0.0640625 0.03359375
0 0.44375 0.44921875 0.10078125 0.04140625
0 0.365625 0.58828125 0.06484375 0.03671875
0 0.4359375 0.62265625 0.07109375 0.03515625
0 0.43515625 0.5875 0.071875 0.0375
0 0.50625 0.62421875 0.0625 0.034375
0 0.5046875 0.5890625 0.06484375 0.03515625
0 0.575 0.6234375 0.06796875 0.0359375
0 0.5734375 0.5890625 0.06953125 0.034375
0 0.64765625 0.62578125 0.06796875 0.034375
0 0.64765625 0.590625 0.07109375 0.0359375
0 0.71796875 0.59140625 0.065625 0.0328125
0 0.71796875 0.62421875 0.06796875 0.0328125
0 0.80546875 0.6265625 0.07265625 0.03515625
0 0.80703125 0.5921875 0.0703125 0.03359375
0 0.878125 0.6265625 0.0640625 0.03359375
0 0.8765625 0.59296875 0.0671875 0.03515625
0 0.959375 0.56171875 0.08125 0.065625
0 0.96484375 0.41875 0.06953125 0.06171875
0 0.54453125 0.4484375 0.10234375 0.0421875
0 0.6546875 0.034375 0.07578125 0.065625
0 0.71015625 0.4390625 0.06171875 0.0578125
0 0.3640625 0.09921875 0.07578125 0.075
0 0.28515625 0.10234375 0.06953125 0.0765625
0 0.2171875 0.10703125 0.06796875 0.06640625
0 0.12734375 0.1046875 0.075 0.0796875
0 0.05859375 0.1546875 0.06171875 0.08984375
0 0.015625 0.1609375 0.02890625 0.0703125
0 0.7421875 0.22734375 0.03671875 0.11640625
0 0.7828125 0.22734375 0.04453125 0.115625
0 0.82890625 0.22578125 0.046875 0.1171875
0 0.8703125 0.2265625 0.03671875 0.1203125
0 0.91015625 0.22265625 0.03828125 0.0984375
0 0.43671875 0.03671875 0.06640625 0.0671875
0 0.965625 0.1453125 0.05703125 0.1109375
0 0.88125 0.040625 0.07734375 0.06171875
0 0.80546875 0.0984375 0.071875 0.065625
0 0.80625 0.0328125 0.0734375 0.0640625
0 0.2765625 0.225 0.03984375 0.13359375
0 0.940625 0.3578125 0.07578125 0.05
0 0.93203125 0.30234375 0.07734375 0.0578125
0 0.98671875 0.25390625 0.0265625 0.08046875
0 0.0453125 0.25859375 0.08984375 0.0671875
0 0.11328125 0.2453125 0.04296875 0.09296875
0 0.153125 0.2453125 0.03671875 0.0921875
0 0.1921875 0.23984375 0.03984375 0.103125
0 0.88046875 0.1 0.075 0.05859375
0 0.65 0.440625 0.05859375 0.059375
0 0.43828125 0.103125 0.06875 0.065625
0 0.50703125 0.103125 0.06953125 0.0671875
0 0.7703125 0.4390625 0.05859375 0.0578125
0 0.8296875 0.43984375 0.06171875 0.059375
0 0.48359375 0.23125 0.04140625 0.11875
0 0.5265625 0.2296875 0.04375 0.1171875
0 0.56640625 0.2296875 0.0375 0.11796875
0 0.60859375 0.2296875 0.04453125 0.11796875
0 0.6515625 0.22734375 0.04140625 0.12265625
0 0.696875 0.22734375 0.04921875 0.12265625
0 0.890625 0.43984375 0.059375 0.0609375
0 0.4421875 0.4015625 0.09453125 0.0390625
0 0.02578125 0.35703125 0.05 0.05390625
0 0.50703125 0.0375 0.06875 0.06484375
0 0.08671875 0.353125 0.06484375 0.06875
0 0.2265625 0.3484375 0.06796875 0.0671875
0 0.29609375 0.3484375 0.07265625 0.065625
0 0.3765625 0.3484375 0.06171875 0.06640625
0 0.45078125 0.3578125 0.08046875 0.0484375
0 0.5328125 0.35625 0.08359375 0.05078125
0 0.61484375 0.35546875 0.07890625 0.046875
0 0.6984375 0.35 0.06953125 0.059375
0 0.775 0.346875 0.0796875 0.0546875
0 0.846875 0.34453125 0.0640625 0.0578125
0 0.5796875 0.10234375 0.06953125 0.0640625
0 0.57890625 0.03515625 0.0671875 0.06875
0 0.15546875 0.35 0.07421875 0.0640625
0 0.3171875 0.228125 0.040625 0.12734375
0 0.7328125 0.10078125 0.07578125 0.0671875
0 0.95390625 0.65546875 0.08671875 0.084375
0 0.30390625 0.8921875 0.04765625 0.0765625
0 0.35546875 0.8921875 0.05546875 0.0765625
0 0.4109375 0.89375 0.05546875 0.07890625
0 0.22421875 0.78828125 0.05859375 0.0859375
0 0.46875 0.8875 0.059375 0.0921875
0 0.525 0.88828125 0.053125 0.09375
0 0.58203125 0.896875 0.0609375 0.0765625
0 0.63984375 0.89453125 0.05546875 0.078125
0 0.69765625 0.896875 0.059375 0.0828125
0 0.75703125 0.896875 0.059375 0.08125
0 0.82265625 0.8953125 0.07265625 0.078125
0 0.93828125 0.91875 0.11875 0.059375
0 0.9484375 0.85234375 0.09921875 0.071875
0 0.86875 0.7984375 0.05078125 0.084375
0 0.8125 0.79921875 0.06171875 0.0859375
0 0.7515625 0.796875 0.0609375 0.090625
0 0.6390625 0.7953125 0.0578125 0.0921875
0 0.57890625 0.79296875 0.06171875 0.0875
0 0.5171875 0.79296875 0.06171875 0.0875
0 0.45703125 0.79296875 0.0578125 0.0875
0 0.40078125 0.790625 0.0546875 0.0921875
0 0.28125 0.790625 0.05546875 0.0921875
0 0.34140625 0.790625 0.0640625 0.0921875
0 0.22421875 0.5890625 0.07265625 0.03515625
0 0.73203125 0.03515625 0.07265625 0.065625
0 0.25859375 0.89375 0.0421875 0.08046875
0 0.21640625 0.9 0.0421875 0.06875
0 0.69453125 0.796875 0.053125 0.08984375
0 0.12734375 0.8890625 0.05703125 0.08125
0 0.15390625 0.6234375 0.06953125 0.034375
0 0.17578125 0.89765625 0.03984375 0.0640625
0 0.1515625 0.5890625 0.07265625 0.034375
0 0.0453125 0.60625 0.08984375 0.06484375
0 0.9484375 0.7375 0.09609375 0.07890625
0 0.86484375 0.69765625 0.046875 0.0765625
0 0.76796875 0.69765625 0.04921875 0.07421875
0 0.71875 0.69921875 0.04921875 0.071875
0 0.66875 0.6984375 0.05078125 0.0703125
0 0.6140625 0.69453125 0.05078125 0.0765625
0 0.56328125 0.696875 0.05078125 0.08125
0 0.51484375 0.69921875 0.04609375 0.0765625
0 0.8171875 0.6984375 0.0484375 0.075
0 0.40546875 0.69375 0.05703125 0.0796875
0 0.06953125 0.890625 0.059375 0.084375
0 0.46640625 0.6984375 0.05234375 0.0734375
0 0.1671875 0.79140625 0.05703125 0.0796875
0 0.10703125 0.7984375 0.0609375 0.071875
0 0.01875 0.8875 0.0359375 0.0765625
0 0.0359375 0.6953125 0.06953125 0.07421875
0 0.04296875 0.796875 0.06796875 0.07578125
0 0.103125 0.6921875 0.065625 0.0828125
0 0.1671875 0.6921875 0.06328125 0.0828125
0 0.23515625 0.69453125 0.07265625 0.078125
0 0.29765625 0.6953125 0.05234375 0.07890625
0 0.35078125 0.69453125 0.053125 0.08125