0 0.48203125 0.82578125 0.0296875 0.12890625
0 0.4484375 0.853125 0.0171875 0.07578125
0 0.48203125 0.6984375 0.0515625 0.06171875
0 0.53125 0.69609375 0.04140625 0.065625
0 0.565625 0.68984375 0.0265625 0.06953125
0 0.61171875 0.69765625 0.0515625 0.059375
0 0.6515625 0.696875 0.0203125 0.06328125
0 0.68203125 0.6984375 0.03125 0.06640625
0 0.79296875 0.69140625 0.0578125 0.06328125
0 0.05 0.83828125 0.025 0.11953125
0 0.1359375 0.85625 0.0515625 0.11015625
0 0.1890625 0.85625 0.0484375 0.11015625
0 0.28125 0.84296875 0.0421875 0.11875
0 0.325 0.84296875 0.0390625 0.12109375
0 0.3625 0.8375 0.02578125 0.10703125
0 0.39609375 0.8421875 0.0265625 0.10390625
0 0.425 0.83984375 0.0296875 0.10234375
0 0.73125 0.690625 0.0578125 0.06484375
0 0.08828125 0.84921875 0.0359375 0.12109375
0 0.1 0.69296875 0.046875 0.10625
0 0.146875 0.69140625 0.0421875 0.10625
0 0.0125 0.69375 0.02421875 0.1171875
0 0.8921875 0.5140625 0.0453125 0.04921875
0 0.84921875 0.51484375 0.028125 0.06328125
0 0.8203125 0.5125 0.025 0.0703125
0 0.7765625 0.51875 0.0484375 0.0640625
0 0.190625 0.69375 0.0421875 0.11015625
0 0.23125 0.6890625 0.03515625 0.1
0 0.51953125 0.83046875 0.03046875 0.10546875
0 0.27734375 0.68984375 0.05 0.1015625
0 0.33125 0.68359375 0.0515625 0.10625
0 0.4015625 0.60234375 0.0328125 0.04453125
0 0.4515625 0.61640625 0.0609375 0.03828125
0 0.521875 0.6109375 0.078125 0.02734375
0 0.58828125 0.6140625 0.05078125 0.02109375
0 0.39609375 0.50703125 0.0328125 0.08828125
0 0.5875 0.58828125 0.0578125 0.02265625
0 0.72890625 0.5140625 0.04375 0.06171875
0 0.69453125 0.503125 0.0171875 0.06484375
0 0.66171875 0.50703125 0.0359375 0.08046875
0 0.621875 0.5078125 0.0375 0.08359375
0 0.54140625 0.50546875 0.03515625 0.09453125
0 0.48515625 0.50234375 0.0265625 0.07578125
0 0.4578125 0.50078125 0.0265625 0.08515625
0 0.71953125 0.609375 0.06875 0.01953125
0 0.43046875 0.50078125 0.025 0.08515625
0 0.715625 0.57890625 0.06953125 0.01875
0 0.79609375 0.57890625 0.0671875 0.01875
0 0.7984375 0.61015625 0.07421875 0.02109375
0 0.871875 0.59609375 0.05390625 0.04453125
0 0.421875 0.69609375 0.0609375 0.07421875
0 0.65625 0.6109375 0.05859375 0.0171875
0 0.55546875 0.8359375 0.0328125 0.11484375
0 0.9234375 0.29609375 0.0234375 0.05078125
0 0.6125 0.83828125 0.02421875 0.11640625
0 0.62734375 0.2859375 0.0234375 0.0625
0 0.5921875 0.3078125 0.0375 0.02734375
0 0.59140625 0.27890625 0.0375 0.0265625
0 0.56015625 0.29140625 0.0234375 0.05078125
0 0.521875 0.29765625 0.0375 0.05390625
0 0.48203125 0.29609375 0.0390625 0.05078125
0 0.4390625 0.2953125 0.04453125 0.05390625
0 0.39609375 0.28984375 0.03125 0.05078125
0 0.35625 0.28515625 0.0359375 0.053125
0 0.2625 0.28046875 0.04375 0.08359375
0 0.21484375 0.2796875 0.046875 0.09609375
0 0.16796875 0.27421875 0.0375 0.08671875
0 0.125 0.28359375 0.040625 0.08046875
0 0.05703125 0.27890625 0.07890625 0.078125
0 0.92421875 0.16328125 0.0515625 0.071875
0 0.66171875 0.3046875 0.0359375 0.028125
0 0.6609375 0.27421875 0.0390625 0.02890625
0 0.74375 0.29140625 0.03125 0.0640625
0 0.771875 0.2875 0.02265625 0.0671875
0 0.0359375 0.41875 0.034375 0.08671875
0 0.0703125 0.4171875 0.03046875 0.08671875
0 0.1046875 0.4140625 0.0296875 0.09765625
0 0.14375 0.403125 0.04375 0.11328125
0 0.1921875 0.40234375 0.04296875 0.11015625
0 0.234375 0.40234375 0.0328125 0.11015625
0 0.26953125 0.4015625 0.034375 0.10703125
0 0.83671875 0.1578125 0.04375 0.1015625
0 0.3109375 0.34765625 0.0421875 0.1390625
0 0.39453125 0.39765625 0.0328125 0.0640625
0 0.4265625 0.39375 0.0234375 0.06328125
0 0.45 0.39375 0.01875 0.06171875
0 0.8734375 0.29609375 0.02421875 0.05234375
0 0.846875 0.2921875 0.02421875 0.0609375
0 0.821875 0.29140625 0.01875 0.06015625
0 0.80078125 0.2921875 0.021875 0.06015625
0 0.35546875 0.4078125 0.0359375 0.09296875
0 0.7953125 0.16171875 0.03828125 0.10546875
0 0.75078125 0.05390625 0.040625 0.08984375
0 0.7546875 0.1546875 0.03984375 0.09921875
0 0.2140625 0.54765625 0.03984375 0.10625
0 0.25234375 0.546875 0.0328125 0.10703125
0 0.3 0.55546875 0.053125 0.08515625
0 0.3515625 0.55625 0.04921875 0.08671875
0 0.48359375 0.14296875 0.0453125 0.1296875
0 0.42265625 0.13203125 0.05390625 0.09921875
0 0.3703125 0.14609375 0.04609375 0.10625
0 0.17265625 0.559375 0.0359375 0.11484375
0 0.325 0.14453125 0.0375 0.10625
0 0.175 0.146875 0.059375 0.11796875
0 0.1171875 0.14140625 0.05078125 0.10625
0 0.0140625 0.15234375 0.0265625 0.09921875
0 0.896875 0.29296875 0.0234375 0.059375
0 0.821875 0.82421875 0.04921875 0.11953125
0 0.7203125 0.8296875 0.0359375 0.1078125
0 0.64921875 0.83203125 0.0484375 0.1234375
0 0.2765625 0.1421875 0.0484375 0.10625
0 0.58828125 0.83515625 0.025 0.11015625
0 0.90546875 0.3984375 0.03671875 0.05625
0 0.8703125 0.38671875 0.0296875 0.03125
0 0.7015625 0.1484375 0.03984375 0.11875
0 0.653125 0.14765625 0.0484375 0.13203125
0 0.59765625 0.146875 0.046875 0.1296875
0 0.5453125 0.1515625 0.04375 0.12734375
0 0.48125 0.034375 0.0609375 0.06796875
0 0.48515625 0.40859375 0.04296875 0.04140625
0 0.525 0.39609375 0.034375 0.06328125
0 0.86796875 0.41953125 0.0265625 0.0203125
0 0.5640625 0.39296875 0.034375 0.071875
0 0.05234375 0.56015625 0.04140625 0.10078125
0 0.09296875 0.55546875 0.0328125 0.10546875
0 0.13125 0.56953125 0.0359375 0.04609375
0 0.71640625 0.40234375 0.0375 0.05
0 0.75703125 0.39921875 0.0375 0.05234375
0 0.7953125 0.40078125 0.03359375 0.05390625
0 0.8359375 0.4 0.03125 0.05859375
0 0.603125 0.39453125 0.0390625 0.06640625
0 0.0625 0.14140625 0.04921875 0.1125