0 0.66875 0.15 0.06953125 0.09375
0 0.0625 0.04296875 0.12421875 0.084375
0 0.23125 0.03828125 0.18984375 0.075
0 0.43046875 0.03671875 0.20625 0.07109375
0 0.64453125 0.0328125 0.215625 0.065625
0 0.8625 0.028125 0.21328125 0.05625
0 0.98359375 0.14609375 0.0328125 0.0890625
0 0.9390625 0.15 0.05 0.08828125
0 0.74375 0.15 0.078125 0.0953125
0 0.8734375 0.14921875 0.0609375 0.09375
0 0.2 0.17109375 0.05390625 0.08671875
0 0.25703125 0.1671875 0.06328125 0.084375
0 0.3375 0.159375 0.0625 0.09921875
0 0.4046875 0.16484375 0.06015625 0.0859375
0 0.81015625 0.146875 0.05390625 0.09765625
0 0.54296875 0.15234375 0.065625 0.1015625
0 0.60859375 0.1546875 0.0578125 0.09765625
0 0.14296875 0.17109375 0.0578125 0.08984375
0 0.46796875 0.15625 0.065625 0.10390625
0 0.0703125 0.1671875 0.05703125 0.09453125
0 0.48515625 0.79609375 0.0734375 0.0390625
0 0.7375 0.87734375 0.07578125 0.0375
0 0.7390625 0.9140625 0.07421875 0.03125
0 0.7390625 0.94921875 0.0734375 0.0359375
0 0.6546875 0.90625 0.07109375 0.04921875
0 0.653125 0.94609375 0.07265625 0.02890625
0 0.5796875 0.90078125 0.06953125 0.0453125
0 0.81875 0.9546875 0.071875 0.0328125
0 0.5796875 0.9421875 0.06875 0.03125
0 0.5 0.9296875 0.07265625 0.04296875
0 0.4078125 0.9140625 0.0796875 0.07421875
0 0.31953125 0.91484375 0.08359375 0.07109375
0 0.2296875 0.9109375 0.0875 0.0671875
0 0.13828125 0.9109375 0.08359375 0.06328125
0 0.05625 0.90546875 0.0765625 0.07109375
0 0.49765625 0.87734375 0.0765625 0.05703125
0 0.01953125 0.1703125 0.0390625 0.0921875
0 0.81796875 0.92109375 0.06953125 0.0359375
0 0.89375 0.9578125 0.07265625 0.034375
0 0.56171875 0.7578125 0.07890625 0.04375
0 0.5640625 0.8 0.0734375 0.0375
0 0.64765625 0.759375 0.0828125 0.04296875
0 0.64765625 0.80234375 0.08359375 0.03984375
0 0.72890625 0.77109375 0.07109375 0.04375
0 0.728125 0.80859375 0.0734375 0.03046875
0 0.81953125 0.8796875 0.071875 0.04296875
0 0.803125 0.77421875 0.07421875 0.04453125
0 0.8859375 0.775 0.07890625 0.04453125
0 0.88359375 0.81484375 0.078125 0.03515625
0 0.965625 0.7890625 0.05 0.0921875
0 0.96875 0.91796875 0.06171875 0.1109375
0 0.8984375 0.88203125 0.07265625 0.04375
0 0.8953125 0.92265625 0.07578125 0.034375
0 0.80234375 0.8125 0.0734375 0.0328125
0 0.0171875 0.29765625 0.034375 0.0921875
0 0.03203125 0.78984375 0.059375 0.034375
0 0.12890625 0.29453125 0.0484375 0.0921875
0 0.57734375 0.6921875 0.075 0.0296875
0 0.5765625 0.65546875 0.07265625 0.04296875
0 0.65546875 0.6953125 0.07265625 0.0296875
0 0.6546875 0.6578125 0.07109375 0.0453125
0 0.73359375 0.696875 0.0796875 0.03046875
0 0.73125 0.6578125 0.075 0.0453125
0 0.81953125 0.684375 0.0796875 0.0546875
0 0.90390625 0.68515625 0.07890625 0.05546875
0 0.965625 0.675 0.03984375 0.06953125
0 0.9796875 0.575 0.03359375 0.0296875
0 0.91796875 0.55 0.05078125 0.06875
0 0.853125 0.5515625 0.07421875 0.071875
0 0.78828125 0.55234375 0.0546875 0.0703125
0 0.7390625 0.54375 0.034375 0.078125
0 0.69140625 0.55 0.05625 0.06875
0 0.6359375 0.5421875 0.0421875 0.0828125
0 0.59375 0.5453125 0.04140625 0.0828125
0 0.06875 0.29765625 0.0640625 0.0890625
0 0.503125 0.565625 0.06875 0.0375
0 0.50234375 0.65390625 0.071875 0.0453125
0 0.43125 0.565625 0.07421875 0.0390625
0 0.503125 0.6921875 0.0703125 0.02890625
0 0.4296875 0.68828125 0.06484375 0.0359375
0 0.48203125 0.7546875 0.0765625 0.0421875
0 0.4078125 0.79609375 0.0765625 0.03671875
0 0.40703125 0.75546875 0.07421875 0.04375
0 0.33671875 0.79453125 0.0609375 0.04296875
0 0.33828125 0.75 0.059375 0.04140625
0 0.2640625 0.7921875 0.0734375 0.03671875
0 0.26875 0.75 0.0734375 0.0453125
0 0.1859375 0.79296875 0.0703125 0.03046875
0 0.1890625 0.75625 0.075 0.04140625
0 0.10703125 0.790625 0.078125 0.02890625
0 0.1078125 0.75625 0.0796875 0.040625
0 0.0296875 0.75 0.059375 0.03984375
0 0.02109375 0.665625 0.040625 0.059375
0 0.07578125 0.66953125 0.06015625 0.059375
0 0.14453125 0.6703125 0.0609375 0.0609375
0 0.21328125 0.6703125 0.05859375 0.05859375
0 0.2671875 0.6609375 0.04453125 0.08125
0 0.31640625 0.66171875 0.05 0.08046875
0 0.36796875 0.66328125 0.04921875 0.08125
0 0.4296875 0.64453125 0.07109375 0.05
0 0.5 0.5234375 0.07265625 0.04609375
0 0.55390625 0.54296875 0.03203125 0.0859375
0 0.3671875 0.55234375 0.05234375 0.0625
0 0.88125 0.4265625 0.0828125 0.0671875
0 0.4265625 0.5234375 0.065625 0.046875
0 0.98046875 0.2890625 0.034375 0.0765625
0 0.92890625 0.29921875 0.0640625 0.0578125
0 0.859375 0.3015625 0.06015625 0.05234375
0 0.79765625 0.30234375 0.0515625 0.05625
0 0.74765625 0.30390625 0.0515625 0.05703125
0 0.7015625 0.30546875 0.0421875 0.05234375
0 0.79609375 0.42734375 0.0734375 0.06640625
0 0.6515625 0.28515625 0.0421875 0.09375
0 0.5703125 0.2890625 0.03359375 0.0921875
0 0.52734375 0.29375 0.0484375 0.08828125
0 0.48125 0.29453125 0.04375 0.08515625
0 0.4359375 0.309375 0.03671875 0.06328125
0 0.39453125 0.30625 0.04140625 0.06484375
0 0.33359375 0.290625 0.05859375 0.0921875
0 0.27109375 0.29375 0.0609375 0.09140625
0 0.209375 0.29609375 0.0640625 0.090625
0 0.60703125 0.2875 0.04140625 0.09296875
0 0.725 0.42734375 0.06640625 0.065625
0 0.97734375 0.42734375 0.04296875 0.06640625
0 0.02265625 0.5421875 0.0453125 0.08125
0 0.07265625 0.540625 0.05390625 0.0796875
0 0.675 0.42421875 0.0296875 0.07421875
0 0.0265625 0.41953125 0.05234375 0.08671875
0 0.0875 0.41796875 0.0703125 0.0890625
0 0.16171875 0.42109375 0.0640625 0.08515625
0 0.2625 0.54375 0.0515625 0.078125
0 0.225 0.425 0.05625 0.0765625
0 0.29765625 0.42578125 0.0703125 0.07734375
0 0.3703125 0.4265625 0.06171875 0.0765625
0 0.4296875 0.425 0.0546875 0.07421875
0 0.4828125 0.425 0.0515625 0.07578125
0 0.52890625 0.4265625 0.03359375 0.0734375
0 0.56875 0.425 0.03828125 0.0734375
0 0.60625 0.42421875 0.03515625 0.07421875
0 0.64140625 0.4234375 0.03515625 0.0734375
0 0.315625 0.5453125 0.053125 0.07890625
0 0.134375 0.54296875 0.06640625 0.078125
0 0.20390625 0.5375 0.06171875 0.08828125