0 0.98125 0.5203125 0.01953125 0.19921875
0 0.95546875 0.52109375 0.03046875 0.196875
0 0.9109375 0.5171875 0.021875 0.1875
0 0.8875 0.51640625 0.02421875 0.18828125
0 0.85234375 0.51328125 0.0234375 0.18515625
0 0.746875 0.4578125 0.053125 0.078125
0 0.68125 0.43125 0.0640625 0.1234375
0 0.61328125 0.43828125 0.06953125 0.1078125
0 0.54140625 0.4421875 0.07265625 0.10078125
0 0.48203125 0.44765625 0.0453125 0.08671875
0 0.9953125 0.51953125 0.00859375 0.1953125
0 0.80546875 0.453125 0.06015625 0.078125
0 0.0109375 0.60234375 0.02109375 0.13671875
0 0.7578125 0.60859375 0.05390625 0.0734375
0 0.0921875 0.596875 0.0296875 0.13359375
0 0.115625 0.59765625 0.0125 0.15
0 0.225 0.5921875 0.04296875 0.09453125
0 0.26640625 0.596875 0.03984375 0.0953125
0 0.303125 0.58671875 0.0296875 0.11640625
0 0.33515625 0.58828125 0.0328125 0.11875
0 0.36953125 0.5921875 0.034375 0.1109375
0 0.4046875 0.5890625 0.0359375 0.10625
0 0.45390625 0.590625 0.05703125 0.1046875
0 0.49921875 0.58828125 0.03203125 0.103125
0 0.53046875 0.590625 0.02890625 0.1046875
0 0.571875 0.59140625 0.05390625 0.0984375
0 0.621875 0.5953125 0.04609375 0.109375
0 0.69140625 0.590625 0.04921875 0.1078125
0 0.046875 0.61875 0.0359375 0.10703125
0 0.43359375 0.446875 0.04140625 0.0875
0 0.10078125 0.271875 0.05 0.06953125
0 0.35390625 0.43828125 0.03828125 0.103125
0 0.8078125 0.5953125 0.0421875 0.09921875
0 0.1609375 0.26796875 0.03515625 0.08046875
0 0.2 0.22578125 0.025 0.0734375
0 0.2265625 0.23046875 0.02734375 0.0671875
0 0.25703125 0.221875 0.0328125 0.10859375
0 0.29296875 0.2234375 0.0328125 0.10546875
0 0.32890625 0.22265625 0.0375 0.10625
0 0.36484375 0.221875 0.03359375 0.103125
0 0.40234375 0.22265625 0.03828125 0.10625
0 0.44140625 0.1265625 0.03359375 0.0984375
0 0.440625 0.228125 0.034375 0.1015625
0 0.48125 0.23828125 0.04296875 0.07890625
0 0.52109375 0.23828125 0.03515625 0.08671875
0 0.5609375 0.23828125 0.0421875 0.09375
0 0.603125 0.2375 0.04140625 0.0890625
0 0.6484375 0.240625 0.046875 0.10234375
0 0.6984375 0.22421875 0.046875 0.1265625
0 0.78046875 0.22734375 0.0609375 0.11328125
0 0.8984375 0.08515625 0.0734375 0.05546875
0 0.8984375 0.1234375 0.0671875 0.0234375
0 0.85625 0.26796875 0.034375 0.19375
0 0.8875 0.26015625 0.0234375 0.2078125
0 0.91640625 0.25078125 0.03359375 0.2265625
0 0.98828125 0.2625 0.0234375 0.21171875
0 0.0265625 0.4328125 0.04375 0.121875
0 0.075 0.43203125 0.053125 0.12109375
0 0.1125 0.43671875 0.01953125 0.103125
0 0.2171875 0.4375 0.0671875 0.09921875
0 0.29609375 0.43828125 0.0734375 0.10390625
0 0.39296875 0.43984375 0.0390625 0.103125
0 0.0328125 0.78046875 0.04375 0.140625
0 0.9625 0.7765625 0.01796875 0.17890625
0 0.0984375 0.79375 0.03046875 0.11953125
0 0.10703125 0.94921875 0.02265625 0.10078125
0 0.225 0.93515625 0.0640625 0.07890625
0 0.365625 0.9203125 0.02734375 0.11171875
0 0.39296875 0.921875 0.02109375 0.10703125
0 0.4203125 0.9203125 0.028125 0.1046875
0 0.44921875 0.91640625 0.025 0.10546875
0 0.490625 0.89296875 0.05703125 0.04921875
0 0.490625 0.94765625 0.05546875 0.05859375
0 0.53359375 0.91953125 0.0265625 0.1046875
0 0.559375 0.915625 0.0234375 0.1109375
0 0.5828125 0.903125 0.01796875 0.08125
0 0.6171875 0.91328125 0.028125 0.1109375
0 0.64609375 0.88515625 0.025 0.06640625
0 0.67890625 0.915625 0.02265625 0.1125
0 0.70390625 0.91328125 0.0265625 0.11796875
0 0.7234375 0.903125 0.01328125 0.0859375
0 0.7515625 0.91328125 0.02578125 0.11484375
0 0.78203125 0.915625 0.0265625 0.10859375
0 0.81171875 0.903125 0.0265625 0.09921875
0 0.15546875 0.58203125 0.06171875 0.06328125
0 0.15546875 0.63828125 0.06015625 0.04453125
0 0.15546875 0.68671875 0.06015625 0.0484375
0 0.15234375 0.74140625 0.06015625 0.04921875
0 0.1515625 0.79453125 0.0578125 0.04921875
0 0.15234375 0.84921875 0.059375 0.05390625
0 0.1515625 0.8984375 0.059375 0.03671875
0 0.15 0.94140625 0.06015625 0.05078125
0 0.15078125 0.98359375 0.05859375 0.03203125
0 0.04765625 0.24296875 0.046875 0.11953125
0 0.0765625 0.95078125 0.0390625 0.0984375
0 0.0703125 0.7921875 0.025 0.1234375
0 0.0359375 0.94921875 0.040625 0.10078125
0 0.99375 0.75 0.0125 0.16171875
0 0.19765625 0.765625 0.015625 0.11953125
0 0.22109375 0.76796875 0.0328125 0.115625
0 0.25390625 0.76640625 0.02734375 0.11328125
0 0.284375 0.76328125 0.0328125 0.1203125
0 0.325 0.7171875 0.0484375 0.0671875
0 0.3265625 0.7875 0.05234375 0.06953125
0 0.37578125 0.715625 0.04765625 0.065625
0 0.3765625 0.7859375 0.04609375 0.0703125
0 0.41640625 0.759375 0.0296875 0.121875
0 0.4453125 0.7453125 0.025 0.10234375
0 0.47265625 0.76328125 0.02734375 0.11171875
0 0.50234375 0.7640625 0.03125 0.109375
0 0.540625 0.73203125 0.0421875 0.0296875
0 0.540625 0.78046875 0.04609375 0.06015625
0 0.5890625 0.75546875 0.0296875 0.11484375
0 0.59921875 0.68125 0.0578125 0.0171875
0 0.62734375 0.7609375 0.03046875 0.11171875
0 0.65078125 0.765625 0.015625 0.1015625
0 0.66796875 0.765625 0.01796875 0.10078125
0 0.6859375 0.76953125 0.0171875 0.09453125
0 0.7125 0.76796875 0.034375 0.09296875
0 0.746875 0.7703125 0.034375 0.08828125
0 0.7796875 0.76796875 0.0328125 0.084375
0 0.81484375 0.775 0.03359375 0.096875
0 0.85390625 0.77734375 0.03046875 0.196875
0 0.8875 0.78515625 0.034375 0.17890625
0 0.9140625 0.7765625 0.0078125 0.19375
0 0.925 0.7765625 0.01328125 0.19140625
0 0.94296875 0.771875 0.01796875 0.1859375
0 0.98828125 0.85546875 0.0234375 0.05078125
0 0.0109375 0.22578125 0.021875 0.1484375
0 0.9546875 0.25 0.04140625 0.228125