0 0.00625 0.15390625 0.0125 0.1203125
0 0.02109375 0.15390625 0.01484375 0.1234375
0 0.1703125 0.17578125 0.015625 0.11328125
0 0.07890625 0.1671875 0.03828125 0.1296875
0 0.12890625 0.16640625 0.01484375 0.11484375
0 0.146875 0.16796875 0.015625 0.11328125
0 0.18515625 0.1765625 0.015625 0.11328125
0 0.121875 0.52421875 0.0484375 0.11015625
0 0.309375 0.1625 0.04921875 0.134375
0 0.35625 0.184375 0.01484375 0.10703125
0 0.37265625 0.18359375 0.01484375 0.10703125
0 0.425 0.178125 0.02734375 0.11953125
0 0.4640625 0.17421875 0.03203125 0.128125
0 0.49921875 0.1703125 0.02421875 0.1234375
0 0.53046875 0.17890625 0.0296875 0.11875
0 0.575 0.1875 0.028125 0.11328125
0 0.621875 0.18515625 0.0296875 0.1203125
0 0.6796875 0.1796875 0.03125 0.11953125
0 0.23828125 0.17890625 0.0546875 0.1328125
0 0.16796875 0.89453125 0.0265625 0.109375
0 0.55390625 0.8171875 0.02109375 0.06953125
0 0.2265625 0.88984375 0.03359375 0.10390625
0 0.77734375 0.78671875 0.0171875 0.06484375
0 0.75859375 0.784375 0.015625 0.06171875
0 0.73359375 0.8 0.01953125 0.07890625
0 0.69609375 0.8046875 0.0484375 0.0828125
0 0.6546875 0.7984375 0.0203125 0.053125
0 0.628125 0.8015625 0.0296875 0.05
0 0.6015625 0.81484375 0.02421875 0.0625
0 0.5765625 0.81796875 0.01953125 0.06796875
0 0.19609375 0.8921875 0.02421875 0.1125
0 0.73203125 0.19609375 0.03125 0.11953125
0 0.4859375 0.81015625 0.03984375 0.065625
0 0.446875 0.84296875 0.03125 0.059375
0 0.41015625 0.82265625 0.0296875 0.0953125
0 0.09375 0.89453125 0.0609375 0.10703125
0 0.365625 0.8265625 0.03203125 0.08046875
0 0.3109375 0.8203125 0.028125 0.0765625
0 0.27265625 0.83671875 0.02109375 0.03515625
0 0.25390625 0.82109375 0.0125 0.06953125
0 0.521875 0.8171875 0.02890625 0.07109375
0 0.7734375 0.1953125 0.03671875 0.11640625
0 0.8125 0.18671875 0.0359375 0.10703125
0 0.81484375 0.32421875 0.03671875 0.1015625
0 0.7578125 0.63515625 0.03125 0.08125
0 0.02734375 0.51640625 0.03828125 0.1046875
0 0.7015625 0.6484375 0.03046875 0.08515625
0 0.67265625 0.64453125 0.025 0.08828125
0 0.634375 0.640625 0.034375 0.0828125
0 0.615625 0.60078125 0.0203125 0.0078125
0 0.78515625 0.48671875 0.04140625 0.08203125
0 0.5796875 0.65859375 0.0109375 0.05546875
0 0.5546875 0.646875 0.025 0.09765625
0 0.51328125 0.6484375 0.046875 0.0921875
0 0.46328125 0.6671875 0.04765625 0.08828125
0 0.42109375 0.66171875 0.0234375 0.090625
0 0.3734375 0.65546875 0.0296875 0.09765625
0 0.33359375 0.66328125 0.04296875 0.10078125
0 0.5953125 0.6515625 0.01640625 0.06796875
0 0.74921875 0.48671875 0.0265625 0.08671875
0 0.71875 0.4890625 0.01640625 0.08125
0 0.69609375 0.4984375 0.02421875 0.0828125
0 0.16328125 0.5140625 0.01953125 0.09375
0 0.1828125 0.5140625 0.01875 0.09453125
0 0.2125 0.51796875 0.01953125 0.09453125
0 0.2328125 0.51875 0.01953125 0.096875
0 0.26484375 0.50703125 0.0171875 0.0953125
0 0.2828125 0.50546875 0.0171875 0.0953125
0 0.3265625 0.50234375 0.03046875 0.0953125
0 0.371875 0.49921875 0.03203125 0.10078125
0 0.41875 0.49140625 0.04140625 0.103125
0 0.47734375 0.503125 0.02578125 0.0953125
0 0.52890625 0.48984375 0.0515625 0.08515625
0 0.5859375 0.4859375 0.03203125 0.0796875
0 0.62890625 0.51796875 0.0140625 0.05625
0 0.64375 0.5125 0.01484375 0.07265625
0 0.6703125 0.49765625 0.0234375 0.08203125
0 0.3125 0.5921875 0.14921875 0.0296875
0 0.0703125 0.51328125 0.0390625 0.0984375
0 0.2859375 0.6703125 0.0296875 0.0953125
0 0.19375 0.68671875 0.0140625 0.084375
0 0.32265625 0.340625 0.015625 0.1015625
0 0.36171875 0.33671875 0.0125 0.09609375
0 0.375 0.33046875 0.0125 0.08203125
0 0.38671875 0.34140625 0.0125 0.1015625
0 0.42578125 0.33125 0.0125 0.09609375
0 0.43671875 0.33046875 0.0125 0.09609375
0 0.30703125 0.340625 0.015625 0.1015625
0 0.46953125 0.32578125 0.04296875 0.109375
0 0.55625 0.325 0.0578125 0.09765625
0 0.6078125 0.33046875 0.0359375 0.1078125
0 0.6421875 0.32734375 0.0296875 0.1046875
0 0.6765625 0.325 0.0375 0.1015625
0 0.72421875 0.328125 0.0390625 0.10625
0 0.78125 0.325 0.0296875 0.10625
0 0.50859375 0.33515625 0.034375 0.11171875
0 0.27890625 0.33359375 0.015625 0.1015625
0 0.26171875 0.3328125 0.015625 0.1015625
0 0.21953125 0.35546875 0.0140625 0.10546875
0 0.1796875 0.68671875 0.01484375 0.0859375
0 0.146875 0.69140625 0.0140625 0.0890625
0 0.1328125 0.690625 0.01484375 0.08984375
0 0.0859375 0.6921875 0.0171875 0.0921875
0 0.06796875 0.69140625 0.015625 0.09296875
0 0.00546875 0.6953125 0.01015625 0.09296875
0 0.02109375 0.69453125 0.021875 0.090625
0 0.0234375 0.8390625 0.015625 0.084375
0 0.0078125 0.84375 0.015625 0.084375
0 0.040625 0.33984375 0.0203125 0.10625
0 0.01953125 0.340625 0.0203125 0.109375
0 0.07890625 0.33671875 0.03828125 0.1109375
0 0.1296875 0.34453125 0.01484375 0.10859375
0 0.14609375 0.34453125 0.01484375 0.10625
0 0.203125 0.353125 0.0140625 0.1046875
0 0.23671875 0.690625 0.059375 0.07265625
0 0.7265625 0.64375 0.01796875 0.07578125
0 0.1390625 0.8453125 0.02421875 0.0765625