0 0.9671875 0.7390625 0.065625 0.04375
0 0.43515625 0.678125 0.09140625 0.03828125
0 0.53359375 0.67578125 0.08828125 0.0375
0 0.61953125 0.65234375 0.075 0.02578125
0 0.6234375 0.68125 0.0875 0.03203125
0 0.83125 0.65859375 0.03984375 0.025
0 0.7078125 0.67890625 0.0796875 0.028125
0 0.7796875 0.67109375 0.0515625 0.04140625
0 0.903125 0.6734375 0.05390625 0.03359375
0 0.95703125 0.671875 0.0484375 0.0390625
0 0.709375 0.653125 0.078125 0.021875
0 0.35390625 0.675 0.0640625 0.04765625
0 0.78515625 0.58984375 0.0359375 0.03671875
0 0.1859375 0.64140625 0.04921875 0.05234375
0 0.13046875 0.63515625 0.04375 0.07265625
0 0.06953125 0.640625 0.0671875 0.06484375
0 0.96640625 0.58984375 0.05625 0.0484375
0 0.9015625 0.59375 0.046875 0.05
0 0.8484375 0.5953125 0.053125 0.04375
0 0.71875 0.59453125 0.07578125 0.02109375
0 0.63515625 0.60078125 0.08515625 0.0296875
0 0.54609375 0.60234375 0.07890625 0.02265625
0 0.453125 0.60390625 0.08984375 0.0203125
0 0.8953125 0.73046875 0.075 0.03828125
0 0.3609375 0.60390625 0.08359375 0.0296875
0 0.28203125 0.67578125 0.075 0.04296875
0 0.7625 0.734375 0.05390625 0.03671875
0 0.13515625 0.82109375 0.07265625 0.059375
0 0.57265625 0.71953125 0.06484375 0.0140625
0 0.265625 0.6078125 0.09453125 0.028125
0 0.77890625 0.84453125 0.09140625 0.0328125
0 0.68046875 0.8140625 0.07734375 0.06484375
0 0.6125 0.83515625 0.0453125 0.04921875
0 0.5625 0.83671875 0.04921875 0.04609375
0 0.4859375 0.840625 0.08828125 0.034375
0 0.3890625 0.84765625 0.1015625 0.0328125
0 0.29375 0.8546875 0.08828125 0.0328125
0 0.209375 0.83359375 0.0703125 0.046875
0 0.2109375 0.8671875 0.0734375 0.0203125
0 0.1296875 0.86796875 0.07265625 0.0265625
0 0.05390625 0.85546875 0.0703125 0.0546875
0 0.50078125 0.7390625 0.0703125 0.0484375
0 0.0578125 0.7421875 0.03203125 0.04453125
0 0.13359375 0.74921875 0.028125 0.03359375
0 0.0984375 0.73515625 0.04140625 0.05390625
0 0.1578125 0.74609375 0.01953125 0.03671875
0 0.20234375 0.74140625 0.05703125 0.05
0 0.28203125 0.74296875 0.075 0.05546875
0 0.36015625 0.73046875 0.0703125 0.03046875
0 0.43046875 0.72578125 0.05546875 0.03046875
0 0.6421875 0.74921875 0.06328125 0.03046875
0 0.5734375 0.74609375 0.06640625 0.03671875
0 0.82109375 0.72109375 0.05703125 0.02578125
0 0.70390625 0.7453125 0.05625 0.0265625
0 0.64765625 0.7265625 0.06875 0.0109375
0 0.025 0.7484375 0.02421875 0.04140625
0 0.9453125 0.5125 0.05546875 0.05390625
0 0.675 0.3 0.05625 0.0203125
0 0.8234375 0.51015625 0.05078125 0.053125
0 0.8015625 0.3 0.04296875 0.0765625
0 0.73984375 0.3015625 0.07109375 0.075
0 0.67421875 0.328125 0.04921875 0.02734375
0 0.95390625 0.84296875 0.0828125 0.028125
0 0.590625 0.29609375 0.05234375 0.0828125
0 0.50703125 0.296875 0.1046875 0.084375
0 0.428125 0.30234375 0.03984375 0.08046875
0 0.37734375 0.3046875 0.04765625 0.06875
0 0.33125 0.296875 0.0390625 0.08203125
0 0.2828125 0.29921875 0.04609375 0.08203125
0 0.240625 0.30546875 0.034375 0.05859375
0 0.16328125 0.3109375 0.0875 0.01953125
0 0.84921875 0.29609375 0.04453125 0.0859375
0 0.16328125 0.2828125 0.0828125 0.02578125
0 0.97265625 0.18828125 0.0546875 0.0796875
0 0.91953125 0.17890625 0.0359375 0.08984375
0 0.8625 0.1859375 0.046875 0.07421875
0 0.81171875 0.2015625 0.0375 0.05
0 0.76953125 0.1890625 0.02578125 0.0765625
0 0.72734375 0.175 0.05078125 0.10078125
0 0.675 0.16953125 0.0453125 0.09375
0 0.59140625 0.17265625 0.11171875 0.103125
0 0.49921875 0.175 0.05703125 0.10078125
0 0.41640625 0.1859375 0.0359375 0.0796875
0 0.15859375 0.1765625 0.09375 0.08203125
0 0.06328125 0.17265625 0.09609375 0.0859375
0 0.0609375 0.290625 0.11171875 0.0375
0 0.884375 0.51171875 0.05390625 0.04609375
0 0.9 0.2953125 0.04765625 0.08984375
0 0.9828125 0.30703125 0.034375 0.0640625
0 0.76796875 0.5125 0.06015625 0.0515625
0 0.68828125 0.52578125 0.08828125 0.03046875
0 0.4921875 0.52734375 0.09609375 0.0359375
0 0.3921875 0.52890625 0.0984375 0.0390625
0 0.2875 0.5296875 0.1078125 0.03828125
0 0.2 0.54375 0.0515625 0.06953125
0 0.14140625 0.546875 0.0375 0.05859375
0 0.05703125 0.55859375 0.103125 0.04765625
0 0.17734375 0.46171875 0.04296875 0.06171875
0 0.121875 0.46875 0.05625 0.053125
0 0.0609375 0.46875 0.05546875 0.0484375
0 0.9703125 0.409375 0.05859375 0.1015625
0 0.9453125 0.2984375 0.0359375 0.084375
0 0.88203125 0.4234375 0.115625 0.0765625
0 0.67265625 0.4265625 0.0875 0.07109375
0 0.60234375 0.425 0.04609375 0.071875
0 0.6109375 0.378125 0.05234375 0.0171875
0 0.56484375 0.42265625 0.028125 0.07890625
0 0.4953125 0.45078125 0.0953125 0.0234375
0 0.4984375 0.4234375 0.0921875 0.0265625
0 0.39375 0.44296875 0.10078125 0.03828125
0 0.2859375 0.44921875 0.1046875 0.0296875
0 0.28203125 0.4140625 0.10703125 0.02734375
0 0.17890625 0.38359375 0.05625 0.05625
0 0.1125 0.38125 0.05859375 0.05859375
0 0.0421875 0.38203125 0.06875 0.059375
0 0.76953125 0.425 0.1015625 0.07421875
0 0.86875 0.84296875 0.07890625 0.02265625