0 0.8015625 0.1984375 0.04375 0.09609375
0 0.975 0.16328125 0.05 0.153125
0 0.89375 0.19375 0.04921875 0.096875
0 0.84765625 0.1921875 0.04375 0.1046875
0 0.65859375 0.2203125 0.02890625 0.053125
0 0.6875 0.2046875 0.0265625 0.0859375
0 0.71640625 0.20234375 0.03125 0.08359375
0 0.975 0.33125 0.05 0.1453125
0 0.75546875 0.19140625 0.04453125 0.11015625
0 0.37578125 0.18984375 0.0578125 0.0390625
0 0.6234375 0.12265625 0.021875 0.075
0 0.91328125 0.3328125 0.07421875 0.14140625
0 0.28671875 0.9671875 0.08671875 0.06328125
0 0.3484375 0.96796875 0.03671875 0.0609375
0 0.3984375 0.95546875 0.053125 0.0890625
0 0.4515625 0.9546875 0.05078125 0.090625
0 0.54765625 0.9609375 0.03671875 0.07265625
0 0.5828125 0.93828125 0.034375 0.1203125
0 0.03359375 0.2109375 0.0671875 0.090625
0 0.10703125 0.2125 0.0765625 0.08828125
0 0.17890625 0.15390625 0.05546875 0.03515625
0 0.1796875 0.18984375 0.0484375 0.03359375
0 0.18125 0.23125 0.05390625 0.04921875
0 0.2390625 0.23046875 0.0609375 0.05
0 0.23828125 0.184375 0.06171875 0.04375
0 0.246875 0.121875 0.04375 0.04453125
0 0.29921875 0.07734375 0.06171875 0.04453125
0 0.30390625 0.11796875 0.0640625 0.03671875
0 0.30625 0.15390625 0.06953125 0.0328125
0 0.309375 0.1859375 0.0640625 0.03046875
0 0.3125 0.2296875 0.065625 0.0515625
0 0.3765625 0.23359375 0.0578125 0.046875
0 0.3734375 0.15078125 0.05234375 0.040625
0 0.490625 0.19765625 0.09140625 0.1109375
0 0.575 0.19765625 0.07265625 0.103125
0 0.62890625 0.2046875 0.028125 0.084375
0 0.6578125 0.171875 0.02890625 0.04375
0 0.84921875 0.34140625 0.05 0.1234375
0 0.790625 0.6484375 0.05 0.103125
0 0.72734375 0.33359375 0.05703125 0.1359375
0 0.71640625 0.94453125 0.0296875 0.10859375
0 0.7453125 0.94140625 0.02734375 0.109375
0 0.77421875 0.928125 0.0296875 0.1015625
0 0.81171875 0.9453125 0.0328125 0.1046875
0 0.84453125 0.94296875 0.0328125 0.10234375
0 0.87578125 0.93984375 0.028125 0.10859375
0 0.90859375 0.93828125 0.034375 0.103125
0 0.94375 0.9390625 0.0359375 0.09921875
0 0.965625 0.78828125 0.046875 0.08515625
0 0.91640625 0.7890625 0.05234375 0.08515625
0 0.86796875 0.78203125 0.04140625 0.0984375
0 0.82265625 0.78359375 0.04921875 0.103125
0 0.74609375 0.77890625 0.05859375 0.11171875
0 0.78984375 0.3375 0.06875 0.13203125
0 0.11328125 0.415625 0.075 0.08984375
0 0.0375 0.41640625 0.07421875 0.084375
0 0.2359375 0.478125 0.05390625 0.09296875
0 0.684375 0.946875 0.03125 0.10625
0 0.88359375 0.63984375 0.04296875 0.10234375
0 0.9265625 0.63203125 0.04140625 0.1109375
0 0.96875 0.63359375 0.04140625 0.1109375
0 0.2953125 0.50625 0.04140625 0.103125
0 0.3375 0.5046875 0.0421875 0.10078125
0 0.3796875 0.50859375 0.04140625 0.09296875
0 0.42890625 0.490625 0.0578125 0.11953125
0 0.47890625 0.5109375 0.0421875 0.09140625
0 0.5171875 0.44453125 0.03828125 0.03671875
0 0.559375 0.44921875 0.04609375 0.04296875
0 0.56328125 0.5125 0.040625 0.08359375
0 0.2359375 0.365625 0.05234375 0.1140625
0 0.521875 0.51171875 0.03984375 0.08125
0 0.6625 0.503125 0.0453125 0.096875
0 0.7078125 0.5015625 0.0453125 0.09453125
0 0.75859375 0.49140625 0.046875 0.115625
0 0.803125 0.49296875 0.04296875 0.1171875
0 0.84921875 0.48984375 0.0453125 0.11796875
0 0.896875 0.4890625 0.046875 0.12109375
0 0.9421875 0.48984375 0.04296875 0.115625
0 0.98203125 0.48984375 0.0359375 0.12109375
0 0.6125 0.4890625 0.05546875 0.12890625
0 0.25 0.79140625 0.02265625 0.12109375
0 0.23984375 0.56484375 0.05625 0.075
0 0.653125 0.77734375 0.03125 0.1140625
0 0.17109375 0.5953125 0.05234375 0.08515625
0 0.05703125 0.6859375 0.07109375 0.1296875
0 0.12734375 0.715625 0.06953125 0.11015625
0 0.19140625 0.71953125 0.0609375 0.1
0 0.24453125 0.653125 0.05234375 0.096875
0 0.3203125 0.6484375 0.04453125 0.11328125
0 0.7 0.7953125 0.0296875 0.06796875
0 0.42890625 0.64375 0.04921875 0.11640625
0 0.4796875 0.63515625 0.05390625 0.1171875
0 0.528125 0.64140625 0.0390625 0.1046875
0 0.5796875 0.6390625 0.06328125 0.121875
0 0.6359375 0.63515625 0.04765625 0.11484375
0 0.69140625 0.63203125 0.0625 0.12109375
0 0.74453125 0.640625 0.0421875 0.1171875
0 0.8390625 0.6390625 0.04765625 0.1046875
0 0.6515625 0.93359375 0.034375 0.1234375
0 0.6171875 0.9359375 0.034375 0.12578125
0 0.29375 0.34140625 0.0609375 0.13671875
0 0.3421875 0.36328125 0.0375 0.09296875
0 0.39375 0.34296875 0.06171875 0.13046875
0 0.440625 0.3625 0.03359375 0.09140625
0 0.48671875 0.34296875 0.05859375 0.13984375
0 0.5484375 0.33515625 0.059375 0.13984375
0 0.6234375 0.3375 0.06015625 0.1328125
0 0.67421875 0.35 0.03984375 0.10390625
0 0.03359375 0.878125 0.059375 0.0984375
0 0.275 0.79140625 0.02734375 0.1203125
0 0.37265625 0.64296875 0.059375 0.1234375
0 0.3296875 0.78671875 0.02578125 0.11484375
0 0.303125 0.790625 0.02578125 0.11953125
0 0.6234375 0.77734375 0.02734375 0.11171875
0 0.1546875 0.9046875 0.065625 0.06328125
0 0.20703125 0.83125 0.05390625 0.07109375
0 0.14609375 0.82734375 0.06640625 0.07734375
0 0.0875 0.878125 0.04453125 0.09609375
0 0.58359375 0.79140625 0.05234375 0.08984375
0 0.21640625 0.90703125 0.05625 0.05703125
0 0.53359375 0.7921875 0.0484375 0.0859375
0 0.44765625 0.78515625 0.028125 0.11171875
0 0.38359375 0.78515625 0.03125 0.11171875
0 0.35625 0.7875 0.02421875 0.12109375