0 0.73203125 0.328125 0.0546875 0.134375
0 0.5484375 0.81484375 0.05859375 0.028125
0 0.2515625 0.03515625 0.07421875 0.0671875
0 0.17890625 0.034375 0.06796875 0.0640625
0 0.12109375 0.11171875 0.06328125 0.08046875
0 0.18984375 0.11171875 0.06796875 0.08203125
0 0.3203125 0.03359375 0.0625 0.0625
0 0.38515625 0.03359375 0.065625 0.0625
0 0.3265625 0.10703125 0.06328125 0.0796875
0 0.38984375 0.10859375 0.0609375 0.078125
0 0.259375 0.1109375 0.06953125 0.0828125
0 0.453125 0.03203125 0.0671875 0.05625
0 0.45625 0.10625 0.06640625 0.07734375
0 0.51796875 0.03125 0.05859375 0.05859375
0 0.52890625 0.10546875 0.06875 0.0859375
0 0.11171875 0.03515625 0.0671875 0.0671875
0 0.59140625 0.0296875 0.07109375 0.05703125
0 0.66328125 0.10546875 0.06640625 0.08984375
0 0.11640625 0.225 0.04921875 0.07265625
0 0.17109375 0.22578125 0.05703125 0.078125
0 0.1890625 0.30390625 0.0546875 0.07265625
0 0.1265625 0.3046875 0.06328125 0.0796875
0 0.23671875 0.2234375 0.06484375 0.075
0 0.24375 0.303125 0.05234375 0.075
0 0.309375 0.2171875 0.0640625 0.075
0 0.31328125 0.28671875 0.0640625 0.05625
0 0.37890625 0.21328125 0.071875 0.0671875
0 0.38125 0.2953125 0.065625 0.0859375
0 0.45 0.2125 0.06953125 0.07109375
0 0.4484375 0.29375 0.0640625 0.08671875
0 0.665625 0.028125 0.065625 0.053125
0 0.525 0.2140625 0.078125 0.08046875
0 0.0453125 0.0765625 0.0640625 0.15078125
0 0.04765625 0.3078125 0.090625 0.07890625
0 0.47890625 0.81015625 0.0703125 0.24921875
0 0.85859375 0.325 0.0578125 0.12890625
0 0.79453125 0.325 0.0625 0.1359375
0 0.984375 0.15390625 0.03046875 0.12265625
0 0.91953125 0.32265625 0.0484375 0.1296875
0 0.978125 0.325 0.04296875 0.11953125
0 0.7046875 0.4734375 0.05703125 0.11953125
0 0.77734375 0.48125 0.05859375 0.12578125
0 0.84453125 0.4765625 0.05390625 0.1234375
0 0.91328125 0.48046875 0.05625 0.12109375
0 0.97109375 0.475 0.04921875 0.115625
0 0.9609375 0.615625 0.05703125 0.10234375
0 0.8890625 0.61328125 0.05234375 0.11171875
0 0.47109375 0.61640625 0.06640625 0.0640625
0 0.83125 0.609375 0.05546875 0.11484375
0 0.67890625 0.60703125 0.06015625 0.13671875
0 0.6859375 0.725 0.0515625 0.0921875
0 0.7453125 0.740625 0.05625 0.10703125
0 0.8046875 0.73828125 0.05625 0.11953125
0 0.93359375 0.15234375 0.05 0.12890625
0 0.87265625 0.15625 0.05546875 0.11796875
0 0.8015625 0.1484375 0.05625 0.12890625
0 0.73671875 0.15625 0.05625 0.13046875
0 0.60703125 0.87890625 0.06015625 0.03203125
0 0.61015625 0.8328125 0.05859375 0.05390625
0 0.54296875 0.87890625 0.0546875 0.03125
0 0.54765625 0.84609375 0.06015625 0.02890625
0 0.04296875 0.228125 0.0859375 0.075
0 0.76875 0.6140625 0.05703125 0.11953125
0 0.52421875 0.29921875 0.08359375 0.0875
0 0.59765625 0.10234375 0.06328125 0.07734375
0 0.61171875 0.29609375 0.08125 0.08671875
0 0.40234375 0.74296875 0.07890625 0.0640625
0 0.26484375 0.73359375 0.06875 0.08046875
0 0.19375 0.73203125 0.0671875 0.08125
0 0.1140625 0.725 0.0890625 0.10234375
0 0.03359375 0.72265625 0.0671875 0.0984375
0 0.0125 0.8703125 0.025 0.07421875
0 0.08203125 0.8515625 0.0921875 0.09921875
0 0.1609375 0.84765625 0.04453125 0.10859375
0 0.221875 0.8296875 0.078125 0.0546875
0 0.23203125 0.88828125 0.07265625 0.05703125
0 0.30546875 0.82734375 0.0796875 0.05
0 0.30625 0.88125 0.071875 0.05234375
0 0.6125 0.2125 0.090625 0.07578125
0 0.328125 0.74453125 0.059375 0.059375
0 0.38984375 0.85078125 0.0671875 0.01796875
0 0.93359375 0.72890625 0.05234375 0.1171875
0 0.65390625 0.8296875 0.0265625 0.11484375
0 0.6875 0.8625 0.03984375 0.10625
0 0.73828125 0.859375 0.05625 0.10234375
0 0.79765625 0.85859375 0.05390625 0.1078125
0 0.91640625 0.8578125 0.04296875 0.10859375
0 0.85703125 0.8578125 0.0609375 0.11328125
0 0.9 0.9578125 0.04765625 0.08125
0 0.84375 0.959375 0.053125 0.08125
0 0.7875 0.953125 0.0421875 0.0796875
0 0.7375 0.9578125 0.0515625 0.08359375
0 0.6765625 0.959375 0.06328125 0.08125
0 0.38828125 0.890625 0.06875 0.05
0 0.87109375 0.740625 0.0546875 0.1140625
0 0.4015625 0.690625 0.0734375 0.0375
0 0.38359375 0.82109375 0.07109375 0.0390625
0 0.61640625 0.73671875 0.0640625 0.059375
0 0.0265625 0.45 0.053125 0.10546875
0 0.33203125 0.69296875 0.06171875 0.0421875
0 0.0890625 0.44609375 0.06875 0.1203125
0 0.18359375 0.4484375 0.07890625 0.1015625
0 0.38046875 0.38125 0.04921875 0.03046875
0 0.3703125 0.41796875 0.05078125 0.0328125
0 0.36875 0.46796875 0.05546875 0.065625
0 0.30625 0.41484375 0.065625 0.2
0 0.4140625 0.46015625 0.03046875 0.0765625
0 0.48046875 0.4625 0.1015625 0.08125
0 0.5921875 0.390625 0.10859375 0.059375
0 0.58828125 0.46328125 0.10078125 0.08046875
0 0.028125 0.59609375 0.05546875 0.1328125
0 0.084375 0.59453125 0.05546875 0.1171875
0 0.48046875 0.39140625 0.10625 0.05546875
0 0.53515625 0.54609375 0.05390625 0.04375
0 0.61953125 0.68203125 0.05234375 0.03359375
0 0.1515625 0.55 0.06875 0.0453125
0 0.5546875 0.684375 0.07734375 0.03515625
0 0.60859375 0.5953125 0.07265625 0.0859375
0 0.5375 0.60546875 0.0640625 0.071875
0 0.4625 0.5515625 0.0796875 0.0578125
0 0.5515625 0.7390625 0.05625 0.06484375
0 0.37734375 0.546875 0.0734375 0.04140625
0 0.30625 0.609375 0.07421875 0.06015625
0 0.3125 0.5515625 0.0546875 0.05234375
0 0.22578125 0.6140625 0.07265625 0.0765625
0 0.15078125 0.61484375 0.07265625 0.0828125
0 0.38046875 0.60859375 0.07265625 0.07265625