0 0.8234375 0.56875 0.06484375 0.0640625
0 0.30625 0.1328125 0.0453125 0.10234375
0 0.265625 0.13828125 0.02890625 0.08984375
0 0.22734375 0.13125 0.04296875 0.1015625
0 0.175 0.13203125 0.04921875 0.09609375
0 0.1046875 0.06640625 0.06328125 0.02265625
0 0.10703125 0.090625 0.0703125 0.0140625
0 0.1296875 0.140625 0.0359375 0.08046875
0 0.0890625 0.140625 0.03671875 0.0796875
0 0.053125 0.14140625 0.025 0.084375
0 0.01796875 0.14140625 0.03515625 0.08125
0 0.90546875 0.82265625 0.04375 0.01875
0 0.928125 0.8921875 0.0375 0.02109375
0 0.890625 0.88359375 0.028125 0.0328125
0 0.79609375 0.88515625 0.04609375 0.02265625
0 0.74921875 0.88671875 0.0390625 0.0203125
0 0.3484375 0.14296875 0.03671875 0.08125
0 0.3921875 0.13828125 0.0421875 0.09375
0 0.43359375 0.14375 0.03515625 0.08203125
0 0.47109375 0.14453125 0.0296875 0.08125
0 0.26015625 0.259375 0.12890625 0.09296875
0 0.75546875 0.56640625 0.0546875 0.065625
0 0.11875 0.25625 0.04609375 0.0953125
0 0.06875 0.26171875 0.04296875 0.08828125
0 0.94765625 0.1359375 0.04375 0.0984375
0 0.88984375 0.15078125 0.02734375 0.075
0 0.8453125 0.14375 0.05 0.08203125
0 0.76015625 0.83125 0.04375 0.0234375
0 0.79296875 0.13515625 0.03984375 0.096875
0 0.70546875 0.1375 0.040625 0.09765625
0 0.66328125 0.14609375 0.03046875 0.078125
0 0.6296875 0.14765625 0.0328125 0.08046875
0 0.2 0.77109375 0.06953125 0.01953125
0 0.56640625 0.1421875 0.0234375 0.08046875
0 0.534375 0.1453125 0.0328125 0.0828125
0 0.5 0.1421875 0.025 0.0828125
0 0.74921875 0.1359375 0.0390625 0.10078125
0 0.36171875 0.25859375 0.05078125 0.0953125
0 0.7109375 0.82734375 0.03984375 0.02734375
0 0.6984375 0.89609375 0.0515625 0.025
0 0.140625 0.8859375 0.0484375 0.02578125
0 0.06953125 0.8484375 0.04921875 0.02421875
0 0.06953125 0.87734375 0.04921875 0.01953125
0 0.06875 0.90234375 0.0484375 0.02421875
0 0.021875 0.8984375 0.04296875 0.0390625
0 0.9375 0.7296875 0.05234375 0.05859375
0 0.78359375 0.72578125 0.0296875 0.05
0 0.7375 0.7375 0.05078125 0.06484375
0 0.11484375 0.73359375 0.053125 0.0359375
0 0.646875 0.7375 0.04609375 0.0625
0 0.59140625 0.73515625 0.0453125 0.06328125
0 0.5390625 0.73203125 0.05078125 0.05234375
0 0.4828125 0.7390625 0.0515625 0.06484375
0 0.43515625 0.7328125 0.03828125 0.0484375
0 0.39140625 0.73671875 0.040625 0.05078125
0 0.1640625 0.828125 0.0515625 0.0203125
0 0.2078125 0.82265625 0.02421875 0.01796875
0 0.2484375 0.81484375 0.04453125 0.01875
0 0.29921875 0.82421875 0.04765625 0.01875
0 0.6375 0.896875 0.0484375 0.02265625
0 0.5875 0.87421875 0.03046875 0.06328125
0 0.54765625 0.87109375 0.03046875 0.02890625
0 0.5078125 0.88125 0.0328125 0.0375
0 0.46171875 0.89375 0.0390625 0.034375
0 0.45703125 0.86015625 0.0453125 0.02578125
0 0.3375 0.85 0.05078125 0.02109375
0 0.5140625 0.83359375 0.065625 0.01953125
0 0.38046875 0.84609375 0.0265625 0.03515625
0 0.33828125 0.9015625 0.05234375 0.0234375
0 0.28046875 0.903125 0.046875 0.02578125
0 0.25859375 0.7484375 0.03203125 0.06796875
0 0.22734375 0.90546875 0.0515625 0.02109375
0 0.19765625 0.86640625 0.0484375 0.0203125
0 0.2390625 0.8515625 0.02734375 0.02109375
0 0.27578125 0.86953125 0.05234375 0.02265625
0 0.3953125 0.88671875 0.0453125 0.0234375
0 0.40625 0.2609375 0.03046875 0.09296875
0 0.16796875 0.25625 0.04609375 0.09375
0 0.60234375 0.259375 0.03828125 0.09375
0 0.54609375 0.571875 0.0484375 0.08515625
0 0.4984375 0.56953125 0.03515625 0.08046875
0 0.45078125 0.571875 0.04140625 0.0828125
0 0.40078125 0.57421875 0.0484375 0.08671875
0 0.3546875 0.575 0.040625 0.0765625
0 0.3125 0.57890625 0.03828125 0.08125
0 0.26875 0.5765625 0.04296875 0.08671875
0 0.22734375 0.578125 0.03828125 0.0890625
0 0.1859375 0.578125 0.034375 0.0890625
0 0.14765625 0.58125 0.0390625 0.08515625
0 0.3453125 0.746875 0.04140625 0.05625
0 0.08828125 0.5796875 0.03359375 0.0859375
0 0.0515625 0.58125 0.0328125 0.078125
0 0.015625 0.58046875 0.03125 0.0875
0 0.94765625 0.4671875 0.04296875 0.084375
0 0.890625 0.46953125 0.0484375 0.08671875
0 0.846875 0.46875 0.03359375 0.08828125
0 0.6 0.57265625 0.046875 0.08359375
0 0.6734375 0.4703125 0.03046875 0.08125
0 0.6484375 0.571875 0.03671875 0.07890625
0 0.10078125 0.77890625 0.0875 0.02578125
0 0.88515625 0.56875 0.04921875 0.06640625
0 0.93828125 0.565625 0.040625 0.075
0 0.9796875 0.5640625 0.040625 0.075
0 0.03125 0.66953125 0.0625 0.06328125
0 0.1125 0.6703125 0.08671875 0.0625
0 0.190625 0.6671875 0.059375 0.06171875
0 0.24921875 0.6671875 0.0453125 0.06328125
0 0.30703125 0.66484375 0.0640625 0.0640625
0 0.37421875 0.665625 0.06328125 0.06328125
0 0.43671875 0.66171875 0.06171875 0.05703125
0 0.5046875 0.659375 0.0640625 0.06015625
0 0.5703125 0.65625 0.06015625 0.05546875
0 0.6390625 0.65625 0.06328125 0.05546875
0 0.70390625 0.653125 0.05859375 0.05234375
0 0.78515625 0.66796875 0.05703125 0.03984375
0 0.85078125 0.64375 0.0703125 0.02734375
0 0.9578125 0.665625 0.084375 0.01875
0 0.68984375 0.5703125 0.034375 0.0828125
0 0.44140625 0.26171875 0.03515625 0.08828125
0 0.63671875 0.4734375 0.03359375 0.08671875
0 0.5203125 0.47109375 0.0375 0.090625
0 0.6890625 0.36796875 0.040625 0.0875
0 0.57421875 0.36875 0.0515625 0.08671875
0 0.521875 0.3703125 0.0484375 0.08515625
0 0.40078125 0.375 0.18515625 0.07421875
0 0.25859375 0.3734375 0.04375 0.0875
0 0.21015625 0.36953125 0.04921875 0.09375
0 0.084375 0.36953125 0.0421875 0.08984375
0 0.0359375 0.3671875 0.04296875 0.0921875
0 0.93515625 0.25859375 0.034375 0.0859375
0 0.8953125 0.259375 0.03359375 0.08671875
0 0.85625 0.26015625 0.0328125 0.08828125
0 0.81953125 0.26328125 0.02890625 0.08203125
0 0.784375 0.265625 0.03515625 0.08359375
0 0.74453125 0.26328125 0.03671875 0.0921875
0 0.7015625 0.26171875 0.03359375 0.08828125
0 0.671875 0.26171875 0.02578125 0.0859375
0 0.6421875 0.2640625 0.03203125 0.08359375
0 0.81328125 0.36796875 0.03671875 0.08828125
0 0.5609375 0.47109375 0.03359375 0.0921875
0 0.8578125 0.3703125 0.04453125 0.0859375
0 0.95859375 0.3671875 0.04609375 0.09609375
0 0.4796875 0.471875 0.0375 0.08671875
0 0.43828125 0.47265625 0.040625 0.08515625
0 0.90859375 0.36640625 0.03984375 0.08828125
0 0.35546875 0.47578125 0.03828125 0.0921875
0 0.31640625 0.46953125 0.03359375 0.08515625
0 0.3984375 0.47265625 0.03828125 0.08515625
0 0.228125 0.4734375 0.040625 0.090625
0 0.18203125 0.47578125 0.0390625 0.090625
0 0.13515625 0.475 0.0421875 0.090625
0 0.0859375 0.475 0.04140625 0.0890625
0 0.03203125 0.4765625 0.04765625 0.090625
0 0.27265625 0.4734375 0.04375 0.0890625
0 0.303125 0.74453125 0.0390625 0.0609375