0 0.63359375 0.69765625 0.03984375 0.0359375
0 0.81796875 0.61171875 0.02109375 0.03203125
0 0.21796875 0.79453125 0.03359375 0.06484375
0 0.2515625 0.7953125 0.03359375 0.06171875
0 0.2859375 0.7859375 0.034375 0.05625
0 0.31953125 0.7875 0.0296875 0.059375
0 0.37265625 0.77734375 0.05 0.02421875
0 0.3765625 0.80078125 0.04296875 0.0203125
0 0.41171875 0.78828125 0.0234375 0.04296875
0 0.43828125 0.78515625 0.02421875 0.046875
0 0.471875 0.78671875 0.0421875 0.028125
0 0.5109375 0.77578125 0.0296875 0.053125
0 0.53671875 0.77578125 0.02421875 0.04765625
0 0.58125 0.77734375 0.05078125 0.0265625
0 0.1828125 0.8015625 0.03515625 0.0640625
0 0.62421875 0.75859375 0.03671875 0.059375
0 0.684375 0.76171875 0.0171875 0.04609375
0 0.70859375 0.746875 0.03359375 0.021875
0 0.70625 0.7703125 0.03046875 0.0203125
0 0.7359375 0.74921875 0.01953125 0.05390625
0 0.753125 0.74921875 0.01640625 0.05859375
0 0.7796875 0.7640625 0.03046875 0.01953125
0 0.784375 0.73984375 0.03125 0.021875
0 0.81796875 0.75 0.034375 0.05
0 0.86953125 0.73515625 0.0375 0.0578125
0 0.90625 0.73046875 0.034375 0.0625
0 0.93671875 0.72578125 0.01953125 0.05625
0 0.9640625 0.7234375 0.03515625 0.065625
0 0.6578125 0.76015625 0.03046875 0.05390625
0 0.15234375 0.8 0.0265625 0.0578125
0 0.12109375 0.8046875 0.03046875 0.06171875
0 0.0765625 0.8078125 0.04296875 0.0234375
0 0.84609375 0.6140625 0.034375 0.03203125
0 0.884375 0.6453125 0.0390625 0.06796875
0 0.93203125 0.646875 0.0328125 0.06640625
0 0.96015625 0.64765625 0.02109375 0.0640625
0 0.9859375 0.646875 0.02734375 0.06484375
0 0.021875 0.734375 0.03359375 0.0453125
0 0.06640625 0.73203125 0.0421875 0.04765625
0 0.14296875 0.71875 0.0890625 0.0578125
0 0.23984375 0.70859375 0.078125 0.06015625
0 0.33359375 0.690625 0.059375 0.02734375
0 0.3359375 0.7234375 0.05625 0.0265625
0 0.4015625 0.68515625 0.0515625 0.02734375
0 0.40234375 0.715625 0.05703125 0.0265625
0 0.45234375 0.7 0.0328125 0.0546875
0 0.49296875 0.7 0.0375 0.04921875
0 0.53046875 0.69765625 0.03046875 0.04453125
0 0.56171875 0.70078125 0.02578125 0.0265625
0 0.5921875 0.7015625 0.034375 0.0265625
0 0.75859375 0.621875 0.0265625 0.01484375
0 0.6703125 0.68359375 0.03125 0.0515625
0 0.7140625 0.68515625 0.03828125 0.05
0 0.75390625 0.68046875 0.0359375 0.0484375
0 0.80234375 0.67734375 0.046875 0.04921875
0 0.83984375 0.68203125 0.0265625 0.040625
0 0.0234375 0.80625 0.0421875 0.02265625
0 0.02109375 0.8328125 0.034375 0.0265625
0 0.07265625 0.8328125 0.05 0.021875
0 0.7875 0.60390625 0.02734375 0.0484375
0 0.70703125 0.34921875 0.03828125 0.021875
0 0.74140625 0.353125 0.03046875 0.02734375
0 0.9171875 0.40859375 0.028125 0.040625
0 0.5984375 0.43984375 0.0328125 0.06640625
0 0.559375 0.4390625 0.05 0.06484375
0 0.509375 0.4359375 0.03671875 0.07421875
0 0.4703125 0.43359375 0.03984375 0.06796875
0 0.52109375 0.5484375 0.03515625 0.01875
0 0.50625 0.5265625 0.0515625 0.0234375
0 0.55390625 0.5265625 0.04375 0.01796875
0 0.55859375 0.546875 0.04296875 0.01875
0 0.63984375 0.53984375 0.0859375 0.028125
0 0.72109375 0.53046875 0.05703125 0.040625
0 0.76796875 0.52421875 0.0265625 0.0625
0 0.80078125 0.521875 0.03515625 0.0640625
0 0.878125 0.56484375 0.03046875 0.059375
0 0.9125 0.56484375 0.03828125 0.06484375
0 0.95625 0.5640625 0.03359375 0.06328125
0 0.9859375 0.565625 0.02734375 0.0546875
0 0.0359375 0.64375 0.04296875 0.0375
0 0.08515625 0.63828125 0.05078125 0.04921875
0 0.1359375 0.6265625 0.04140625 0.0234375
0 0.140625 0.65390625 0.03515625 0.01875
0 0.1875 0.6265625 0.04375 0.021875
0 0.1890625 0.64921875 0.03828125 0.0203125
0 0.23046875 0.646875 0.03125 0.01953125
0 0.6328125 0.440625 0.02890625 0.06484375
0 0.65859375 0.4421875 0.02421875 0.0703125
0 0.77890625 0.42890625 0.03828125 0.03046875
0 0.98515625 0.35078125 0.0296875 0.03046875
0 0.8609375 0.375 0.03984375 0.034375
0 0.89921875 0.3484375 0.03515625 0.02578125
0 0.94921875 0.34609375 0.03984375 0.021875
0 0.4765625 0.54921875 0.04296875 0.0203125
0 0.446875 0.52265625 0.03125 0.021875
0 0.38203125 0.55 0.02578125 0.02109375
0 0.378125 0.52421875 0.02890625 0.0234375
0 0.3453125 0.53671875 0.034375 0.04765625
0 0.30625 0.53984375 0.0375 0.04296875
0 0.27109375 0.540625 0.034375 0.0453125
0 0.23125 0.5453125 0.04140625 0.04453125
0 0.26328125 0.6234375 0.028125 0.0609375
0 0.1921875 0.54375 0.0296875 0.0421875
0 0.13046875 0.54296875 0.03359375 0.0515625
0 0.09453125 0.54375 0.0265625 0.05546875
0 0.05 0.5390625 0.046875 0.06484375
0 0.9734375 0.48515625 0.034375 0.07265625
0 0.9234375 0.48359375 0.05078125 0.0703125
0 0.8765625 0.49375 0.03359375 0.05234375
0 0.88671875 0.4203125 0.03359375 0.01796875
0 0.82890625 0.4609375 0.0328125 0.02890625
0 0.78984375 0.459375 0.0421875 0.0265625
0 0.74921875 0.46015625 0.0375 0.02734375
0 0.828125 0.43203125 0.0515625 0.025
0 0.16171875 0.5390625 0.0265625 0.059375
0 0.30625 0.62578125 0.03828125 0.04765625
0 0.23046875 0.6234375 0.034375 0.02109375
0 0.3859375 0.628125 0.04375 0.040625
0 0.259375 0.36171875 0.0421875 0.0203125
0 0.34375 0.63125 0.03515625 0.0390625
0 0.18125 0.328125 0.05390625 0.0234375
0 0.21171875 0.35703125 0.05 0.02890625
0 0.15390625 0.35703125 0.0578125 0.02890625
0 0.07265625 0.33828125 0.04453125 0.06484375
0 0.025 0.340625 0.04453125 0.06484375
0 0.403125 0.45390625 0.0734375 0.04765625
0 0.32421875 0.45 0.08203125 0.04140625
0 0.24140625 0.45078125 0.0703125 0.04453125
0 0.16875 0.43671875 0.0265625 0.0671875
0 0.30390625 0.3609375 0.03359375 0.0265625
0 0.13828125 0.43828125 0.0265625 0.065625
0 0.06875 0.43671875 0.0359375 0.07734375
0 0.021875 0.4390625 0.0421875 0.07578125
0 0.98515625 0.4046875 0.0296875 0.046875
0 0.94921875 0.40546875 0.03984375 0.046875
0 0.8234375 0.38125 0.0328125 0.0234375
0 0.821875 0.3546875 0.02421875 0.025
0 0.7875 0.353125 0.03046875 0.0234375
0 0.7828125 0.37890625 0.0421875 0.0203125
0 0.73671875 0.37890625 0.0359375 0.0203125
0 0.7 0.378125 0.034375 0.01796875
0 0.6609375 0.3765625 0.04296875 0.021875
0 0.10546875 0.440625 0.03359375 0.06484375
0 0.34140625 0.34296875 0.03984375 0.06328125
0 0.259375 0.3296875 0.053125 0.02578125
0 0.440625 0.36796875 0.046875 0.02734375
0 0.43359375 0.62890625 0.03359375 0.0390625
0 0.4703125 0.62734375 0.0296875 0.0390625
0 0.49765625 0.6140625 0.0171875 0.05078125
0 0.51953125 0.61796875 0.02265625 0.04453125
0 0.54375 0.61328125 0.02265625 0.0515625
0 0.57578125 0.628125 0.03984375 0.01796875
0 0.5734375 0.60859375 0.0328125 0.0171875
0 0.396875 0.35078125 0.0421875 0.06171875
0 0.61484375 0.60859375 0.03125 0.01484375
0 0.61640625 0.628125 0.03125 0.01953125
0 0.65625 0.6046875 0.0234375 0.0140625
0 0.65390625 0.62265625 0.0296875 0.01953125
0 0.62265625 0.5890625 0.0421875 0.02109375
0 0.7078125 0.60625 0.0171875 0.05703125
0 0.44375 0.33984375 0.04296875 0.02578125
0 0.6859375 0.6125 0.02109375 0.046875
0 0.4890625 0.36953125 0.03828125 0.02265625
0 0.52890625 0.35859375 0.028125 0.05625
0 0.565625 0.35859375 0.0390625 0.05390625
0 0.4890625 0.3421875 0.0390625 0.02890625
0 0.61953125 0.37421875 0.03515625 0.02109375
0 0.66015625 0.3484375 0.03984375 0.025
0 0.7609375 0.60546875 0.028125 0.01484375
0 0.73125 0.615625 0.025 0.03671875
0 0.61796875 0.346875 0.03828125 0.03046875