0 0.77890625 0.84453125 0.04375 0.04375
0 0.728125 0.853125 0.05390625 0.0390625
0 0.6703125 0.8484375 0.0484375 0.0328125
0 0.61875 0.84375 0.05234375 0.034375
0 0.56640625 0.84375 0.05234375 0.03671875
0 0.509375 0.82578125 0.05234375 0.03515625
0 0.4546875 0.821875 0.05078125 0.0328125
0 0.2390625 0.82421875 0.04140625 0.04140625
0 0.35078125 0.81640625 0.05078125 0.0390625
0 0.29296875 0.828125 0.06015625 0.040625
0 0.196875 0.8234375 0.03984375 0.04140625
0 0.1578125 0.8203125 0.03984375 0.040625
0 0.11875 0.821875 0.0375 0.04453125
0 0.83046875 0.82890625 0.05 0.05234375
0 0.403125 0.8296875 0.046875 0.04296875
0 0.903125 0.81640625 0.06171875 0.028125
0 0.03984375 0.81875 0.03671875 0.040625
0 0.94453125 0.8484375 0.046875 0.0328125
0 0.9109375 0.7390625 0.0640625 0.084375
0 0.84921875 0.74375 0.0515625 0.071875
0 0.79296875 0.73046875 0.05703125 0.07265625
0 0.71953125 0.7359375 0.05703125 0.03515625
0 0.653125 0.72890625 0.0640625 0.08828125
0 0.5890625 0.7265625 0.0609375 0.08671875
0 0.52734375 0.72265625 0.05546875 0.08359375
0 0.46484375 0.72265625 0.0640625 0.08671875
0 0.403125 0.7203125 0.05859375 0.08125
0 0.34921875 0.7078125 0.046875 0.059375
0 0.278125 0.71875 0.065625 0.084375
0 0.21171875 0.71875 0.06171875 0.08671875
0 0.15234375 0.71640625 0.0578125 0.08515625
0 0.0921875 0.7140625 0.0625 0.0828125
0 0.03046875 0.71640625 0.05859375 0.0796875
0 0.89140625 0.8515625 0.0578125 0.0390625
0 0.0796875 0.81953125 0.040625 0.03671875
0 0.97890625 0.134375 0.0421875 0.1109375
0 0.3109375 0.51171875 0.04921875 0.103125
0 0.3640625 0.5140625 0.0546875 0.1046875
0 0.184375 0.2703125 0.04296875 0.11171875
0 0.2640625 0.51328125 0.0453125 0.10546875
0 0.21640625 0.5109375 0.04609375 0.10390625
0 0.1703125 0.509375 0.046875 0.10078125
0 0.1265625 0.5078125 0.03515625 0.09765625
0 0.08515625 0.51015625 0.0484375 0.09921875
0 0.0296875 0.51015625 0.05859375 0.1015625
0 0.96015625 0.640625 0.0796875 0.0921875
0 0.93359375 0.13828125 0.04140625 0.11328125
0 0.8765625 0.6359375 0.08125 0.09609375
0 0.41640625 0.5140625 0.0453125 0.10390625
0 0.8015625 0.62734375 0.06484375 0.08125
0 0.65 0.6296875 0.07265625 0.084375
0 0.2328125 0.26796875 0.05078125 0.1171875
0 0.2828125 0.26953125 0.04296875 0.11953125
0 0.328125 0.2703125 0.04375 0.11953125
0 0.384375 0.26953125 0.0671875 0.121875
0 0.440625 0.271875 0.04375 0.109375
0 0.49375 0.27109375 0.05703125 0.1078125
0 0.55625 0.26953125 0.06796875 0.11640625
0 0.61796875 0.27109375 0.05546875 0.11015625
0 0.68046875 0.271875 0.06484375 0.11640625
0 0.734375 0.2671875 0.040625 0.11640625
0 0.728125 0.634375 0.08125 0.08671875
0 0.784375 0.2703125 0.0546875 0.11171875
0 0.46328125 0.51484375 0.04296875 0.10625
0 0.571875 0.5140625 0.05234375 0.10546875
0 0.81328125 0.39765625 0.04765625 0.11328125
0 0.7640625 0.3984375 0.05 0.1125
0 0.71328125 0.39765625 0.0484375 0.1125
0 0.97421875 0.40234375 0.0515625 0.11484375
0 0.04375 0.26640625 0.059375 0.11328125
0 0.66328125 0.396875 0.0484375 0.1125
0 0.61015625 0.396875 0.05 0.1140625
0 0.56171875 0.39609375 0.0453125 0.1125
0 0.5125 0.39453125 0.0484375 0.1109375
0 0.459375 0.3953125 0.05703125 0.1078125
0 0.4 0.39375 0.0515625 0.109375
0 0.51640625 0.51640625 0.05859375 0.10546875
0 0.3484375 0.39453125 0.0484375 0.10625
0 0.25 0.3921875 0.0421875 0.10859375
0 0.2109375 0.39140625 0.034375 0.10625
0 0.16484375 0.3921875 0.0546875 0.10859375
0 0.0875 0.390625 0.1 0.1078125
0 0.97578125 0.5234375 0.04765625 0.10390625
0 0.92734375 0.521875 0.04609375 0.10546875
0 0.82421875 0.51953125 0.153125 0.1046875
0 0.71796875 0.51953125 0.05078125 0.1109375
0 0.66796875 0.51875 0.040625 0.10390625
0 0.62421875 0.5171875 0.0484375 0.10234375
0 0.121875 0.26953125 0.07890625 0.1078125
0 0.2984375 0.39375 0.05 0.10546875
0 0.8359375 0.27578125 0.04375 0.10234375
0 0.91875 0.4 0.05859375 0.115625
0 0.146875 0.61796875 0.0578125 0.08359375
0 0.575 0.62265625 0.07265625 0.08125
0 0.49921875 0.628125 0.075 0.08203125
0 0.4234375 0.62421875 0.06953125 0.08359375
0 0.33828125 0.62109375 0.1 0.08515625
0 0.23203125 0.62265625 0.109375 0.08828125
0 0.08515625 0.61640625 0.0640625 0.084375
0 0.02578125 0.61875 0.0515625 0.08046875
0 0.97109375 0.7421875 0.0578125 0.08125
0 0.7078125 0.1390625 0.04375 0.1046875
0 0.8640625 0.39921875 0.04921875 0.1140625
0 0.6046875 0.1359375 0.04609375 0.1140625
0 0.65546875 0.13671875 0.0546875 0.1171875
0 0.35625 0.1359375 0.046875 0.11328125
0 0.3078125 0.1390625 0.04609375 0.10859375
0 0.20390625 0.1421875 0.0578125 0.1015625
0 0.14921875 0.13828125 0.0484375 0.11015625
0 0.09765625 0.1375 0.0515625 0.10859375
0 0.02734375 0.1390625 0.053125 0.109375
0 0.890625 0.271875 0.06328125 0.1171875
0 0.8140625 0.13203125 0.0671875 0.125
0 0.8796875 0.12890625 0.06328125 0.121875
0 0.7546875 0.13984375 0.04609375 0.1078125
0 0.48125 0.128125 0.2 0.13046875