0 0.2234375 0.2796875 0.08359375 0.0625
0 0.040625 0.27890625 0.08125 0.0640625
0 0.96796875 0.1875 0.03984375 0.05390625
0 0.91484375 0.175 0.05625 0.07890625
0 0.44609375 0.11328125 0.04140625 0.0359375
0 0.69609375 0.10625 0.05546875 0.02109375
0 0.83203125 0.17265625 0.05 0.08203125
0 0.40546875 0.27421875 0.07421875 0.10078125
0 0.3140625 0.2796875 0.08984375 0.0625
0 0.08984375 0.803125 0.075 0.03515625
0 0.7109375 0.18125 0.04609375 0.06875
0 0.6578125 0.17265625 0.05546875 0.0859375
0 0.5640625 0.1734375 0.0515625 0.07890625
0 0.5078125 0.175 0.053125 0.07421875
0 0.45 0.17109375 0.05 0.0765625
0 0.3984375 0.17265625 0.05078125 0.07265625
0 0.3078125 0.17265625 0.08984375 0.06953125
0 0.21171875 0.1703125 0.09296875 0.065625
0 0.11171875 0.16875 0.0921875 0.07265625
0 0.109375 0.109375 0.09375 0.04140625
0 0.03203125 0.16875 0.0640625 0.06875
0 0.03046875 0.1109375 0.06015625 0.0453125
0 0.5421875 0.275 0.07265625 0.10078125
0 0.77578125 0.175 0.053125 0.07734375
0 0.61015625 0.29453125 0.05859375 0.0640625
0 0.7109375 0.2765625 0.0640625 0.10078125
0 0.7765625 0.290625 0.059375 0.0734375
0 0.578125 0.71640625 0.05859375 0.05390625
0 0.51640625 0.71484375 0.0578125 0.05625
0 0.46171875 0.70546875 0.046875 0.07578125
0 0.4078125 0.71640625 0.0578125 0.05625
0 0.35390625 0.71015625 0.0453125 0.05859375
0 0.30546875 0.7140625 0.04765625 0.05390625
0 0.23984375 0.70625 0.07578125 0.07109375
0 0.159375 0.71796875 0.0796875 0.059375
0 0.078125 0.71796875 0.0765625 0.0578125
0 0.97421875 0.59375 0.0515625 0.08203125
0 0.92890625 0.59296875 0.02265625 0.07421875
0 0.89765625 0.59375 0.03359375 0.0765625
0 0.86015625 0.5875 0.0328125 0.06640625
0 0.8125 0.59296875 0.040625 0.07734375
0 0.76953125 0.59453125 0.03828125 0.0765625
0 0.71875 0.6 0.03359375 0.071875
0 0.6859375 0.6 0.0296875 0.07109375
0 0.6546875 0.59921875 0.028125 0.07265625
0 0.6234375 0.60078125 0.0296875 0.0703125
0 0.57890625 0.62265625 0.0515625 0.040625
0 0.53671875 0.6015625 0.03046875 0.07890625
0 0.640625 0.71484375 0.0578125 0.05390625
0 0.5046875 0.60078125 0.03046875 0.08203125
0 0.6390625 0.675 0.0609375 0.02421875
0 0.73984375 0.69375 0.0421875 0.04375
0 0.090625 0.8390625 0.075 0.03125
0 0.171875 0.82890625 0.0796875 0.05234375
0 0.2609375 0.803125 0.05390625 0.090625
0 0.3296875 0.77265625 0.0421875 0.0359375
0 0.40234375 0.8046875 0.0390625 0.08671875
0 0.446875 0.80390625 0.04375 0.084375
0 0.490625 0.80078125 0.0390625 0.0828125
0 0.6046875 0.80625 0.040625 0.07421875
0 0.63984375 0.7765625 0.02890625 0.04140625
0 0.69140625 0.80546875 0.04453125 0.0671875
0 0.73359375 0.8015625 0.0359375 0.07109375
0 0.78125 0.76953125 0.0359375 0.03671875
0 0.83125 0.796875 0.03828125 0.06875
0 0.8703125 0.79453125 0.03359375 0.06953125
0 0.9078125 0.79296875 0.03515625 0.06796875
0 0.9484375 0.76484375 0.0375 0.028125
0 0.975 0.703125 0.04765625 0.06328125
0 0.928125 0.71328125 0.028125 0.046875
0 0.89375 0.71484375 0.0296875 0.04375
0 0.86171875 0.7140625 0.02578125 0.0484375
0 0.79375 0.7109375 0.03984375 0.053125
0 0.69453125 0.6859375 0.04296875 0.05078125
0 0.47265625 0.60078125 0.03125 0.08203125
0 0.43515625 0.6015625 0.03515625 0.08203125
0 0.39140625 0.6109375 0.03671875 0.0703125
0 0.31875 0.4546875 0.084375 0.0609375
0 0.23671875 0.45546875 0.075 0.06484375
0 0.1578125 0.45625 0.0765625 0.05859375
0 0.0734375 0.45546875 0.0859375 0.06015625
0 0.9671875 0.3921875 0.065625 0.09375
0 0.875 0.40546875 0.05546875 0.0765625
0 0.821875 0.409375 0.04296875 0.06796875
0 0.76796875 0.40625 0.05546875 0.0671875
0 0.71171875 0.409375 0.05390625 0.06484375
0 0.6390625 0.4078125 0.0546875 0.07265625
0 0.58515625 0.41015625 0.04765625 0.065625
0 0.5234375 0.39296875 0.065625 0.1015625
0 0.46328125 0.4125 0.05078125 0.065625
0 0.39921875 0.3953125 0.06484375 0.09609375
0 0.31953125 0.3703125 0.08515625 0.05859375
0 0.2296875 0.3671875 0.08515625 0.06484375
0 0.1390625 0.36796875 0.08828125 0.06484375
0 0.04609375 0.36796875 0.0921875 0.0640625
0 0.9703125 0.27578125 0.059375 0.09609375
0 0.90703125 0.27421875 0.06484375 0.0984375
0 0.840625 0.27265625 0.059375 0.103125
0 0.3984375 0.51171875 0.0390625 0.0671875
0 0.49296875 0.50390625 0.046875 0.08359375
0 0.5390625 0.503125 0.0421875 0.0859375
0 0.590625 0.50078125 0.05546875 0.08203125
0 0.35625 0.628125 0.0296875 0.0609375
0 0.3203125 0.62890625 0.0296875 0.05859375
0 0.28515625 0.628125 0.0296875 0.05546875
0 0.23828125 0.62734375 0.05390625 0.06484375
0 0.18515625 0.6296875 0.0484375 0.06015625
0 0.13125 0.63046875 0.05390625 0.06171875
0 0.07734375 0.63125 0.05 0.06328125
0 0.02734375 0.63125 0.0453125 0.065625
0 0.36015625 0.52734375 0.02890625 0.05
0 0.30078125 0.53828125 0.03671875 0.0796875
0 0.025 0.8265625 0.05 0.05703125
0 0.2625 0.5390625 0.0328125 0.07421875
0 0.19296875 0.540625 0.034375 0.078125
0 0.1546875 0.5421875 0.034375 0.08125
0 0.115625 0.540625 0.0359375 0.08046875
0 0.078125 0.53984375 0.0328125 0.0828125
0 0.04140625 0.5453125 0.03671875 0.0703125
0 0.9484375 0.496875 0.04609375 0.0875
0 0.89375 0.49765625 0.05625 0.08828125
0 0.83359375 0.49921875 0.059375 0.08203125
0 0.72890625 0.5015625 0.0578125 0.08671875
0 0.659375 0.50234375 0.0765625 0.08515625
0 0.22734375 0.54140625 0.03203125 0.078125
0 0.44375 0.5046875 0.04375 0.08515625
0 0.13125 0.2796875 0.096875 0.0640625