0 0.4765625 0.80078125 0.03515625 0.05
0 0.51171875 0.778125 0.02890625 0.0328125
0 0.334375 0.603125 0.0453125 0.04921875
0 0.28515625 0.6203125 0.05703125 0.05703125
0 0.22734375 0.63671875 0.06328125 0.05546875
0 0.159375 0.6546875 0.0703125 0.053125
0 0.08359375 0.678125 0.08125 0.05390625
0 0.53203125 0.45546875 0.03671875 0.06640625
0 0.578125 0.44609375 0.059375 0.06328125
0 0.440625 0.8125 0.0375 0.03515625
0 0.48984375 0.4671875 0.0421875 0.078125
0 0.44140625 0.475 0.05546875 0.08203125
0 0.375 0.4875 0.06953125 0.0828125
0 0.296875 0.50546875 0.08828125 0.09609375
0 0.071875 0.53046875 0.040625 0.08984375
0 0.63046875 0.43515625 0.046875 0.05703125
0 0.20625 0.48515625 0.053125 0.075
0 0.509375 0.6546875 0.028125 0.03828125
0 0.53828125 0.7203125 0.028125 0.03359375
0 0.3984375 0.8375 0.0421875 0.0421875
0 0.43125 0.68828125 0.0421875 0.040625
0 0.47265625 0.67734375 0.04375 0.05546875
0 0.028125 0.56640625 0.0546875 0.115625
0 0.5375 0.6453125 0.02734375 0.05234375
0 0.565625 0.6296875 0.0296875 0.0359375
0 0.43515625 0.73125 0.03828125 0.040625
0 0.47578125 0.71640625 0.03359375 0.0234375
0 0.509375 0.69296875 0.028125 0.03515625
0 0.5390625 0.68515625 0.02578125 0.03046875
0 0.56875 0.66640625 0.02734375 0.0296875
0 0.6015625 0.65546875 0.02421875 0.03515625
0 0.43515625 0.77265625 0.034375 0.03828125
0 0.47578125 0.75546875 0.034375 0.04296875
0 0.50703125 0.7328125 0.028125 0.03671875
0 0.56640625 0.7046875 0.02421875 0.03359375
0 0.58125 0.3421875 0.025 0.096875
0 0.5453125 0.2171875 0.03046875 0.11640625
0 0.52734375 0.34375 0.0421875 0.10078125
0 0.21875 0.18671875 0.0578125 0.15078125
0 0.15859375 0.1875 0.06015625 0.15078125
0 0.53984375 0.765625 0.02734375 0.05
0 0.571875 0.74296875 0.03359375 0.0265625
0 0.6046875 0.72578125 0.0234375 0.0296875
0 0.6 0.690625 0.0296875 0.03515625
0 0.4625 0.56875 0.0359375 0.0453125
0 0.49765625 0.56015625 0.03359375 0.053125
0 0.5328125 0.54375 0.034375 0.0390625
0 0.56328125 0.53671875 0.025 0.046875
0 0.465625 0.60859375 0.03359375 0.0375
0 0.503125 0.6046875 0.0359375 0.04140625
0 0.540625 0.584375 0.0328125 0.03046875
0 0.57421875 0.57578125 0.03125 0.03671875
0 0.096875 0.1796875 0.059375 0.16640625
0 0.27421875 0.1953125 0.0546875 0.1390625
0 0.56015625 0.34609375 0.01953125 0.096875
0 0.3265625 0.196875 0.04921875 0.14375
0 0.44609375 0.2078125 0.04375 0.11875
0 0.48984375 0.34921875 0.03359375 0.109375
0 0.44921875 0.34921875 0.0421875 0.1125
0 0.4078125 0.35390625 0.03359375 0.11796875
0 0.36796875 0.3578125 0.03828125 0.13203125
0 0.328125 0.36015625 0.03515625 0.1359375
0 0.28515625 0.3625 0.0484375 0.1375
0 0.2421875 0.3640625 0.04296875 0.1375
0 0.18984375 0.36796875 0.05703125 0.15234375
0 0.12890625 0.37265625 0.06171875 0.16015625
0 0.071875 0.37421875 0.053125 0.1546875
0 0.02265625 0.3796875 0.04375 0.16640625
0 0.57578125 0.215625 0.03046875 0.11328125
0 0.35546875 0.86796875 0.0421875 0.0484375
0 0.51484375 0.21640625 0.03125 0.11171875
0 0.484375 0.209375 0.03125 0.12265625
0 0.40625 0.20390625 0.034375 0.1265625
0 0.309375 0.890625 0.04765625 0.04375
0 0.3703125 0.203125 0.03515625 0.12265625
0 0.19453125 0.95859375 0.06328125 0.0515625
0 0.34140625 0.65546875 0.05078125 0.04453125
0 0.2890625 0.67578125 0.0484375 0.0484375
0 0.23046875 0.69453125 0.0609375 0.05625
0 0.1640625 0.71640625 0.06328125 0.05625
0 0.0921875 0.74140625 0.07421875 0.0515625
0 0.425 0.578125 0.03828125 0.04609375
0 0.3796875 0.5890625 0.05 0.0515625
0 0.38984375 0.63671875 0.04140625 0.040625
0 0.2578125 0.9265625 0.0640625 0.04609375
0 0.43125 0.62421875 0.0421875 0.04375
0 0.10703125 0.825 0.0796875 0.05078125
0 0.18046875 0.79765625 0.071875 0.05390625
0 0.2484375 0.77578125 0.0609375 0.05078125
0 0.03359375 0.85234375 0.0640625 0.0578125
0 0.040625 0.91328125 0.0765625 0.05234375
0 0.03359375 0.17265625 0.0640625 0.175
0 0.1890625 0.85703125 0.07265625 0.04453125
0 0.390625 0.709375 0.03515625 0.0453125
0 0.35625 0.771875 0.04765625 0.0484375
0 0.39453125 0.75234375 0.0390625 0.0453125
0 0.12265625 0.93671875 0.0734375 0.04453125
0 0.1921875 0.909375 0.06171875 0.03828125
0 0.25078125 0.878125 0.053125 0.04375
0 0.1171875 0.88984375 0.075 0.0421875
0 0.3546875 0.82421875 0.040625 0.0328125
0 0.4 0.7984375 0.03828125 0.0375
0 0.3453125 0.7265625 0.04609375 0.040625
0 0.29765625 0.74375 0.0453125 0.04296875
0 0.3109375 0.796875 0.05078125 0.040625
0 0.24921875 0.8296875 0.0546875 0.046875
0 0.3015625 0.84453125 0.04921875 0.04140625