0 0.7828125 0.4625 0.04375 0.0875
0 0.72734375 0.478125 0.04765625 0.059375
0 0.67421875 0.4796875 0.028125 0.059375
0 0.634375 0.4765625 0.040625 0.0625
0 0.58203125 0.4640625 0.03671875 0.08984375
0 0.54375 0.46015625 0.03671875 0.08203125
0 0.10546875 0.578125 0.04296875 0.06953125
0 0.49375 0.48671875 0.03671875 0.0578125
0 0.684375 0.5640625 0.134375 0.0234375
0 0.57421875 0.5703125 0.078125 0.04453125
0 0.48046875 0.5734375 0.0828125 0.0515625
0 0.3625 0.57578125 0.0921875 0.040625
0 0.275 0.5875 0.06015625 0.0375
0 0.2109375 0.58984375 0.06171875 0.03671875
0 0.1515625 0.575 0.04296875 0.071875
0 0.83359375 0.4625 0.04921875 0.0828125
0 0.4515625 0.4828125 0.03359375 0.05390625
0 0.3828125 0.3875 0.0546875 0.03671875
0 0.35703125 0.4984375 0.046875 0.0328125
0 0.22734375 0.3734375 0.065625 0.05703125
0 0.14453125 0.3453125 0.0453125 0.115625
0 0.1015625 0.3453125 0.03515625 0.1109375
0 0.05625 0.3921875 0.040625 0.021875
0 0.05546875 0.3703125 0.04453125 0.0234375
0 0.85703125 0.24609375 0.0765625 0.0546875
0 0.7859375 0.234375 0.0546875 0.0859375
0 0.72578125 0.22890625 0.0546875 0.078125
0 0.66328125 0.22734375 0.06875 0.08203125
0 0.59453125 0.21171875 0.03671875 0.10703125
0 0.5515625 0.21328125 0.0375 0.10859375
0 0.50625 0.209375 0.046875 0.1015625
0 0.44765625 0.2109375 0.0546875 0.103125
0 0.34609375 0.2125 0.04921875 0.1015625
0 0.296875 0.20546875 0.0375 0.1125
0 0.2484375 0.203125 0.05 0.1109375
0 0.1984375 0.21015625 0.05078125 0.1125
0 0.14609375 0.20390625 0.046875 0.09921875
0 0.096875 0.20703125 0.053125 0.109375
0 0.28671875 0.3453125 0.040625 0.1046875
0 0.4015625 0.496875 0.040625 0.02890625
0 0.33046875 0.3515625 0.0421875 0.11015625
0 0.475 0.32109375 0.0421875 0.01640625
0 0.2875 0.4765625 0.06640625 0.07734375
0 0.1953125 0.465625 0.07421875 0.09609375
0 0.109375 0.4734375 0.08984375 0.084375
0 0.83046875 0.35703125 0.10078125 0.01640625
0 0.8234375 0.371875 0.09140625 0.0140625
0 0.825 0.38984375 0.0953125 0.0125
0 0.75078125 0.3515625 0.0234375 0.08046875
0 0.73046875 0.35234375 0.0203125 0.0828125
0 0.70078125 0.35390625 0.03359375 0.0828125
0 0.64921875 0.346875 0.06953125 0.10703125
0 0.553125 0.37109375 0.084375 0.0578125
0 0.4875 0.39296875 0.03828125 0.0140625
0 0.44140625 0.39453125 0.0328125 0.01484375
0 0.4875 0.375 0.0390625 0.01640625
0 0.44140625 0.37578125 0.03828125 0.01015625
0 0.47890625 0.359375 0.03046875 0.01171875
0 0.43984375 0.35859375 0.0390625 0.0140625
0 0.4828125 0.340625 0.034375 0.0140625
0 0.446875 0.340625 0.03828125 0.01640625
0 0.43359375 0.31796875 0.03671875 0.0265625
0 0.68203125 0.5359375 0.13828125 0.01953125
0 0.8171875 0.64765625 0.03046875 0.08203125
0 0.03671875 0.68359375 0.06328125 0.16015625
0 0.60859375 0.76328125 0.0515625 0.0703125
0 0.68203125 0.75703125 0.05859375 0.07890625
0 0.73359375 0.75078125 0.0375 0.06796875
0 0.78671875 0.75234375 0.05625 0.0703125
0 0.0390625 0.86796875 0.06796875 0.1234375
0 0.11796875 0.91484375 0.08671875 0.0296875
0 0.128125 0.8875 0.06640625 0.01640625
0 0.13203125 0.86640625 0.04765625 0.021875
0 0.209375 0.884375 0.08359375 0.021875
0 0.55625 0.75078125 0.04140625 0.0453125
0 0.2125 0.9078125 0.08359375 0.0171875
0 0.30234375 0.8828125 0.08203125 0.01796875
0 0.30703125 0.903125 0.09140625 0.021875
0 0.390625 0.89765625 0.06640625 0.02734375
0 0.38671875 0.8609375 0.06171875 0.028125
0 0.45546875 0.8796875 0.06171875 0.0390625
0 0.55546875 0.8703125 0.08359375 0.0484375
0 0.81875 0.55859375 0.07734375 0.06640625
0 0.72109375 0.8546875 0.07421875 0.0546875
0 0.78671875 0.85234375 0.05546875 0.05859375
0 0.30546875 0.8640625 0.078125 0.01875
0 0.49921875 0.77578125 0.06328125 0.05234375
0 0.65 0.85625 0.0625 0.06015625
0 0.3890625 0.7765625 0.04375 0.08125
0 0.78515625 0.64609375 0.0296875 0.08203125
0 0.73828125 0.67109375 0.0421875 0.04296875
0 0.696875 0.64921875 0.034375 0.08125
0 0.66015625 0.65234375 0.03828125 0.08125
0 0.58515625 0.66796875 0.0234375 0.075
0 0.54375 0.665625 0.04140625 0.07578125
0 0.50078125 0.66875 0.03671875 0.0796875
0 0.4515625 0.6640625 0.053125 0.08359375
0 0.39609375 0.6640625 0.04296875 0.084375
0 0.35 0.66328125 0.0421875 0.0859375
0 0.29453125 0.66953125 0.05703125 0.090625
0 0.23359375 0.67109375 0.0453125 0.0890625
0 0.1765625 0.6765625 0.0515625 0.09375
0 0.11640625 0.6734375 0.05625 0.0875
0 0.43828125 0.7765625 0.04609375 0.06953125
0 0.12890625 0.79609375 0.0515625 0.06328125
0 0.203125 0.79296875 0.05078125 0.0609375
0 0.61796875 0.6625 0.03046875 0.06484375
0 0.25546875 0.80078125 0.03046875 0.0515625
0 0.33046875 0.7875 0.05859375 0.0703125
0 0.28671875 0.79765625 0.021875 0.04921875