0 0.30546875 0.1953125 0.03515625 0.0796875
0 0.271875 0.190625 0.0296875 0.0859375
0 0.23984375 0.18359375 0.03203125 0.1
0 0.19375 0.18125 0.04921875 0.109375
0 0.015625 0.17734375 0.02890625 0.11015625
0 0.09453125 0.221875 0.03828125 0.02421875
0 0.05234375 0.1796875 0.04140625 0.1140625
0 0.34296875 0.178125 0.03359375 0.1109375
0 0.140625 0.18046875 0.04765625 0.1015625
0 0.37421875 0.1828125 0.02578125 0.1
0 0.61328125 0.18046875 0.03046875 0.1109375
0 0.4421875 0.17578125 0.0265625 0.11640625
0 0.228125 0.3296875 0.04453125 0.1078125
0 0.17109375 0.33125 0.06171875 0.11328125
0 0.0515625 0.3359375 0.03671875 0.0921875
0 0.01640625 0.334375 0.03046875 0.0984375
0 0.98203125 0.1828125 0.02265625 0.11171875
0 0.953125 0.1796875 0.03203125 0.1109375
0 0.91953125 0.18515625 0.02734375 0.1015625
0 0.890625 0.184375 0.03203125 0.1
0 0.40703125 0.178125 0.03671875 0.115625
0 0.853125 0.1765625 0.03515625 0.11640625
0 0.7671875 0.165625 0.03359375 0.1390625
0 0.725 0.17734375 0.0390625 0.1203125
0 0.68359375 0.17734375 0.03671875 0.1171875
0 0.64609375 0.1765625 0.03359375 0.11640625
0 0.57265625 0.1828125 0.0421875 0.10390625
0 0.534375 0.18828125 0.02890625 0.0984375
0 0.50390625 0.17734375 0.03046875 0.1109375
0 0.4703125 0.1765625 0.02890625 0.1140625
0 0.81015625 0.178125 0.046875 0.1171875
0 0.10625 0.3265625 0.06015625 0.1046875
0 0.0625 0.47578125 0.03515625 0.0984375
0 0.33515625 0.33046875 0.046875 0.1046875
0 0.87421875 0.7390625 0.03828125 0.0921875
0 0.83203125 0.7421875 0.04296875 0.0921875
0 0.78828125 0.73984375 0.03984375 0.0984375
0 0.7453125 0.73984375 0.04375 0.0984375
0 0.69921875 0.740625 0.046875 0.1
0 0.65 0.7375 0.04765625 0.10703125
0 0.59609375 0.734375 0.05625 0.10546875
0 0.5421875 0.7375 0.04765625 0.0984375
0 0.48984375 0.7390625 0.04375 0.10390625
0 0.396875 0.740625 0.03984375 0.103125
0 0.34765625 0.7375 0.05 0.10625
0 0.29609375 0.7390625 0.04765625 0.10234375
0 0.24453125 0.7640625 0.04140625 0.046875
0 0.1796875 0.74765625 0.0390625 0.09453125
0 0.134375 0.7484375 0.04453125 0.09296875
0 0.08984375 0.746875 0.03828125 0.0921875
0 0.04375 0.74765625 0.0421875 0.0890625
0 0.96328125 0.60234375 0.04609375 0.0953125
0 0.91953125 0.6015625 0.03671875 0.09765625
0 0.86640625 0.603125 0.040625 0.090625
0 0.828125 0.6046875 0.02890625 0.08984375
0 0.9140625 0.73671875 0.034375 0.0953125
0 0.95078125 0.740625 0.034375 0.0875
0 0.9859375 0.740625 0.028125 0.096875
0 0.01328125 0.8859375 0.0265625 0.0953125
0 0.284375 0.33203125 0.04765625 0.103125
0 0.971875 0.86484375 0.0546875 0.0953125
0 0.9203125 0.86875 0.04140625 0.09140625
0 0.87578125 0.86796875 0.04375 0.090625
0 0.83203125 0.8703125 0.034375 0.090625
0 0.73671875 0.87109375 0.040625 0.09375
0 0.69140625 0.8703125 0.04296875 0.09765625
0 0.63984375 0.8703125 0.04921875 0.0984375
0 0.58828125 0.871875 0.04765625 0.0984375
0 0.53515625 0.8703125 0.04453125 0.1
0 0.79140625 0.596875 0.04140625 0.1015625
0 0.49140625 0.8671875 0.0390625 0.1078125
0 0.35234375 0.91171875 0.04609375 0.025
0 0.40234375 0.9015625 0.040625 0.03984375
0 0.35546875 0.87421875 0.04921875 0.04375
0 0.30390625 0.878125 0.04296875 0.0953125
0 0.25546875 0.8796875 0.04453125 0.0890625
0 0.221875 0.88125 0.021875 0.08515625
0 0.19609375 0.88203125 0.02734375 0.0828125
0 0.146875 0.87890625 0.04765625 0.103125
0 0.0953125 0.88359375 0.046875 0.0984375
0 0.05078125 0.88125 0.03515625 0.0984375
0 0.4484375 0.86796875 0.03984375 0.1078125
0 0.74375 0.5984375 0.04609375 0.096875
0 0.44296875 0.7421875 0.04609375 0.1
0 0.821875 0.32734375 0.05859375 0.1078125
0 0.34375 0.46875 0.05390625 0.0984375
0 0.68515625 0.6 0.046875 0.096875
0 0.634375 0.6 0.04765625 0.09921875
0 0.5796875 0.59765625 0.05546875 0.10078125
0 0.50390625 0.6 0.05546875 0.10390625
0 0.446875 0.61640625 0.02734375 0.071875
0 0.4171875 0.603125 0.0265625 0.096875
0 0.38046875 0.60390625 0.04453125 0.0984375
0 0.32890625 0.628125 0.04765625 0.046875
0 0.2765625 0.60625 0.04765625 0.0953125
0 0.22890625 0.60546875 0.0421875 0.09375
0 0.17890625 0.603125 0.04375 0.0984375
0 0.28984375 0.471875 0.04609375 0.096875
0 0.1234375 0.603125 0.0578125 0.10234375
0 0.0234375 0.609375 0.028125 0.0890625
0 0.4 0.46875 0.05546875 0.0953125
0 0.971875 0.47578125 0.04140625 0.090625
0 0.9265625 0.47109375 0.04921875 0.0984375
0 0.8796875 0.46875 0.0390625 0.103125
0 0.83046875 0.465625 0.05234375 0.1046875
0 0.76953125 0.4703125 0.05234375 0.1
0 0.7171875 0.4703125 0.04765625 0.09765625
0 0.67265625 0.4703125 0.03828125 0.09765625
0 0.63046875 0.47109375 0.04375 0.0984375
0 0.5828125 0.4671875 0.04609375 0.1046875
0 0.534375 0.4671875 0.0453125 0.10625
0 0.06640625 0.603125 0.05 0.103125
0 0.44921875 0.46015625 0.034375 0.0859375
0 0.24765625 0.47421875 0.03203125 0.09453125
0 0.15 0.471875 0.0484375 0.09296875
0 0.390625 0.36484375 0.0578125 0.0359375
0 0.43984375 0.3328125 0.04296875 0.1
0 0.20234375 0.47265625 0.04609375 0.0984375
0 0.53515625 0.33046875 0.040625 0.10703125
0 0.575 0.3296875 0.03046875 0.10390625
0 0.609375 0.33046875 0.03203125 0.10234375
0 0.65078125 0.33125 0.03828125 0.1
0 0.6890625 0.3328125 0.03203125 0.10078125
0 0.4875 0.32734375 0.04765625 0.1125
0 0.76640625 0.33203125 0.04609375 0.103125
0 0.10390625 0.47421875 0.0375 0.0984375
0 0.72578125 0.3328125 0.03203125 0.1015625
0 0.02734375 0.475 0.034375 0.0953125
0 0.4890625 0.4765625 0.03515625 0.0796875
0 0.878125 0.3296875 0.05078125 0.10859375
0 0.96953125 0.33046875 0.0609375 0.0984375