0 0.0796875 0.16171875 0.13515625 0.0859375
0 0.08359375 0.25390625 0.12578125 0.08984375
0 0.79296875 0.55078125 0.1125 0.06875
0 0.20625 0.5546875 0.1265625 0.0703125
0 0.3265625 0.5546875 0.11796875 0.071875
0 0.43984375 0.5515625 0.10859375 0.0671875
0 0.553125 0.5515625 0.1140625 0.0671875
0 0.6765625 0.5515625 0.125 0.0671875
0 0.90546875 0.55 0.11171875 0.06875
0 0.98046875 0.5484375 0.0390625 0.07734375
0 0.04921875 0.4171875 0.05859375 0.0921875
0 0.03359375 0.5390625 0.0671875 0.08125
0 0.05625 0.6265625 0.11171875 0.0859375
0 0.08046875 0.7453125 0.16015625 0.053125
0 0.0796875 0.79609375 0.159375 0.0515625
0 0.24609375 0.66484375 0.17734375 0.0453125
0 0.421875 0.66875 0.17265625 0.0703125
0 0.246875 0.7296875 0.17265625 0.08828125
0 0.4234375 0.73828125 0.17109375 0.0703125
0 0.5953125 0.66875 0.17265625 0.065625
0 0.753125 0.6640625 0.14296875 0.0765625
0 0.56328125 0.7390625 0.11328125 0.06875
0 0.96953125 0.4765625 0.0609375 0.06640625
0 0.68046875 0.73828125 0.10390625 0.07109375
0 0.89375 0.47890625 0.08828125 0.07265625
0 0.6625 0.47734375 0.1015625 0.0578125
0 0.82421875 0.11640625 0.09921875 0.0265625
0 0.9609375 0.096875 0.078125 0.059375
0 0.96796875 0.16171875 0.0640625 0.0703125
0 0.3046875 0.28828125 0.1203125 0.0703125
0 0.42578125 0.2859375 0.11640625 0.078125
0 0.5484375 0.28671875 0.11875 0.0765625
0 0.6671875 0.2875 0.11640625 0.07734375
0 0.790625 0.284375 0.12734375 0.08203125
0 0.9046875 0.284375 0.09921875 0.078125
0 0.1921875 0.359375 0.1234375 0.0703125
0 0.31796875 0.36015625 0.12265625 0.06875
0 0.44921875 0.359375 0.11953125 0.06953125
0 0.5640625 0.36015625 0.11015625 0.0703125
0 0.67734375 0.36171875 0.11796875 0.07109375
0 0.79609375 0.359375 0.11796875 0.07109375
0 0.9109375 0.36015625 0.11015625 0.071875
0 0.3421875 0.47421875 0.09140625 0.05
0 0.43359375 0.478125 0.08203125 0.0515625
0 0.5421875 0.48515625 0.1140625 0.0625
0 0.79296875 0.48125 0.115625 0.071875
0 0.89453125 0.734375 0.10625 0.06640625
0 0.7859375 0.734375 0.10625 0.06640625
0 0.39375 0.08984375 0.121875 0.078125
0 0.8765625 0.1640625 0.1140625 0.0734375
0 0.76328125 0.1640625 0.115625 0.06875
0 0.64765625 0.16640625 0.11484375 0.0734375
0 0.53046875 0.1609375 0.12265625 0.0734375
0 0.396875 0.1640625 0.1234375 0.07109375
0 0.246875 0.1453125 0.1765625 0.10234375
0 0.971875 0.90703125 0.05546875 0.08125
0 0.88828125 0.90625 0.11015625 0.08203125
0 0.7796875 0.9078125 0.1109375 0.08203125
0 0.55859375 0.91015625 0.11171875 0.075
0 0.41953125 0.92109375 0.16171875 0.0671875
0 0.25078125 0.915625 0.17734375 0.08046875
0 0.42109375 0.853125 0.16640625 0.06875
0 0.24921875 0.85078125 0.178125 0.0453125
0 0.07578125 0.9296875 0.1515625 0.07890625
0 0.97421875 0.725 0.0515625 0.0875
0 0.6671875 0.9140625 0.1109375 0.08203125
0 0.9546875 0.65703125 0.090625 0.0453125