0 0.7734375 0.590625 0.14921875 0.021875
0 0.9328125 0.51015625 0.1234375 0.02265625
0 0.77734375 0.56640625 0.1546875 0.02265625
0 0.8609375 0.90703125 0.13515625 0.02734375
0 0.92734375 0.5890625 0.1453125 0.034375
0 0.25859375 0.83125 0.14765625 0.0234375
0 0.25703125 0.80546875 0.13984375 0.0234375
0 0.259375 0.78046875 0.1421875 0.01953125
0 0.26640625 0.7578125 0.1546875 0.021875
0 0.10625 0.834375 0.1421875 0.0265625
0 0.1078125 0.80859375 0.1484375 0.02265625
0 0.10078125 0.7828125 0.16171875 0.0265625
0 0.40078125 0.78359375 0.128125 0.021875
0 0.09765625 0.75625 0.1671875 0.02265625
0 0.9203125 0.69921875 0.13515625 0.02421875
0 0.9171875 0.671875 0.134375 0.028125
0 0.1453125 0.87890625 0.13203125 0.02890625
0 0.1421875 0.90625 0.13828125 0.0203125
0 0.1421875 0.92890625 0.13828125 0.02265625
0 0.140625 0.95390625 0.1375 0.0234375
0 0.28203125 0.8875 0.12734375 0.02265625
0 0.9234375 0.725 0.140625 0.02734375
0 0.4 0.80703125 0.12890625 0.025
0 0.396875 0.83203125 0.128125 0.021875
0 0.53984375 0.765625 0.13671875 0.02578125
0 0.03515625 0.9515625 0.06640625 0.0234375
0 0.03515625 0.9265625 0.06796875 0.0265625
0 0.03828125 0.89765625 0.06796875 0.02421875
0 0.9359375 0.84296875 0.12734375 0.02734375
0 0.93828125 0.81953125 0.12265625 0.01953125
0 0.940625 0.7921875 0.11796875 0.028125
0 0.93828125 0.765625 0.12265625 0.02109375
0 0.80703125 0.8453125 0.12734375 0.02890625
0 0.80625 0.81953125 0.1296875 0.01953125
0 0.80859375 0.796875 0.13671875 0.02578125
0 0.8078125 0.76953125 0.1359375 0.025
0 0.6703125 0.83671875 0.1390625 0.028125
0 0.66953125 0.80859375 0.13046875 0.021875
0 0.67109375 0.784375 0.12421875 0.021875
0 0.5328125 0.8359375 0.12578125 0.025
0 0.53359375 0.81171875 0.1359375 0.02421875
0 0.53828125 0.78984375 0.13125 0.01953125
0 0.28046875 0.9109375 0.13125 0.01875
0 0.93125 0.5453125 0.1375 0.034375
0 0.28046875 0.93046875 0.128125 0.02109375
0 0.421875 0.87890625 0.14140625 0.02265625
0 0.475 0.7078125 0.13828125 0.02265625
0 0.47734375 0.684375 0.13125 0.02109375
0 0.4734375 0.66015625 0.12890625 0.02265625
0 0.475 0.63671875 0.13203125 0.0234375
0 0.33359375 0.7125 0.14453125 0.0234375
0 0.3359375 0.684375 0.146875 0.02578125
0 0.3328125 0.6578125 0.140625 0.02265625
0 0.6078125 0.64296875 0.12890625 0.028125
0 0.3328125 0.63046875 0.134375 0.02421875
0 0.190625 0.68671875 0.140625 0.01953125
0 0.18984375 0.6640625 0.13515625 0.01953125
0 0.19296875 0.640625 0.1359375 0.021875
0 0.0609375 0.70546875 0.115625 0.028125
0 0.05859375 0.6796875 0.1140625 0.02265625
0 0.059375 0.65703125 0.11328125 0.0234375
0 0.0609375 0.63125 0.115625 0.025
0 0.190625 0.7109375 0.140625 0.02578125
0 0.6109375 0.67109375 0.13359375 0.02265625
0 0.6140625 0.70546875 0.13046875 0.03671875
0 0.77734375 0.6328125 0.16640625 0.01953125
0 0.41875 0.915625 0.1359375 0.04453125
0 0.41171875 0.95703125 0.13984375 0.0328125
0 0.55703125 0.9078125 0.134375 0.02421875
0 0.559375 0.9328125 0.13515625 0.0234375
0 0.55234375 0.95859375 0.1375 0.02578125
0 0.70234375 0.9 0.1546875 0.028125
0 0.71171875 0.92890625 0.15390625 0.02734375
0 0.7078125 0.9578125 0.153125 0.02734375
0 0.78828125 0.53671875 0.14609375 0.03046875
0 0.8625 0.93203125 0.13828125 0.0234375
0 0.86328125 0.9515625 0.14609375 0.01875
0 0.86015625 0.9734375 0.1421875 0.02109375
0 0.9671875 0.91796875 0.06484375 0.02109375
0 0.96875 0.9390625 0.0625 0.021875
0 0.96875 0.96328125 0.0625 0.0234375
0 0.765625 0.71171875 0.16171875 0.04375
0 0.7671875 0.66796875 0.16171875 0.040625
0 0.27578125 0.95234375 0.121875 0.0234375
0 0.78828125 0.51171875 0.15546875 0.02109375
0 0.93828125 0.4671875 0.12265625 0.025
0 0.62578125 0.56171875 0.14609375 0.02421875
0 0.26796875 0.2765625 0.14609375 0.02578125
0 0.27421875 0.25078125 0.1390625 0.0234375
0 0.17109375 0.28828125 0.0375 0.11171875
0 0.1359375 0.2859375 0.03125 0.1078125
0 0.10546875 0.2859375 0.03359375 0.11015625
0 0.0703125 0.2859375 0.03671875 0.11015625
0 0.0296875 0.28984375 0.04375 0.10078125
0 0.890625 0.19921875 0.16640625 0.034375
0 0.8875 0.16640625 0.16015625 0.028125
0 0.621875 0.58828125 0.14609375 0.0234375
0 0.89140625 0.13515625 0.15390625 0.03046875
0 0.89453125 0.10390625 0.15625 0.02890625
0 0.7359375 0.19765625 0.1234375 0.025
0 0.734375 0.171875 0.1234375 0.025
0 0.73046875 0.14375 0.11875 0.02734375
0 0.64921875 0.1546875 0.04375 0.11328125
0 0.55078125 0.196875 0.15 0.02578125
0 0.54609375 0.16953125 0.15234375 0.02578125
0 0.54921875 0.14140625 0.15234375 0.0265625
0 0.55 0.1125 0.15234375 0.03046875
0 0.1984375 0.58515625 0.13828125 0.021875
0 0.39140625 0.16953125 0.1484375 0.02578125
0 0.39375 0.14296875 0.15234375 0.02265625
0 0.26640625 0.30390625 0.14296875 0.02734375
0 0.26640625 0.3328125 0.15078125 0.02421875
0 0.36171875 0.29140625 0.03359375 0.10234375
0 0.1984375 0.54296875 0.13984375 0.02109375
0 0.3375 0.49765625 0.13828125 0.025
0 0.34140625 0.51875 0.1328125 0.01640625
0 0.340625 0.53984375 0.13515625 0.021875
0 0.340625 0.5609375 0.13203125 0.02109375
0 0.33671875 0.5859375 0.1328125 0.02265625
0 0.4796875 0.5078125 0.1421875 0.02265625
0 0.4796875 0.534375 0.140625 0.025
0 0.478125 0.5609375 0.14140625 0.02578125
0 0.3984375 0.290625 0.040625 0.103125
0 0.4390625 0.29140625 0.03359375 0.109375
0 0.4796875 0.29140625 0.05 0.1078125
0 0.39296875 0.11328125 0.1546875 0.03203125
0 0.565625 0.2484375 0.11796875 0.01796875
0 0.584375 0.3 0.15546875 0.028125
0 0.58203125 0.3296875 0.1546875 0.0296875
0 0.74765625 0.24609375 0.159375 0.02578125
0 0.74921875 0.27265625 0.15546875 0.028125
0 0.7484375 0.3015625 0.1609375 0.02734375
0 0.7484375 0.33203125 0.16328125 0.03125
0 0.91015625 0.25390625 0.15390625 0.028125
0 0.90859375 0.28046875 0.15390625 0.02265625
0 0.9140625 0.30703125 0.16171875 0.02734375
0 0.91640625 0.3328125 0.16328125 0.025
0 0.20234375 0.51640625 0.13046875 0.02421875
0 0.5875 0.27265625 0.15859375 0.028125
0 0.23125 0.1921875 0.17265625 0.0296875
0 0.4 0.19921875 0.146875 0.0296875
0 0.228125 0.13359375 0.16328125 0.03125
0 0.06171875 0.42421875 0.11796875 0.02890625
0 0.0625 0.453125 0.11953125 0.03046875
0 0.2 0.3796875 0.14375 0.02421875
0 0.20078125 0.40546875 0.1453125 0.021875
0 0.19765625 0.42890625 0.15078125 0.02578125
0 0.19765625 0.45546875 0.14765625 0.02734375
0 0.34921875 0.37421875 0.1546875 0.028125
0 0.3546875 0.40234375 0.153125 0.02421875
0 0.35390625 0.4296875 0.15546875 0.03046875
0 0.353125 0.45703125 0.15078125 0.02734375
0 0.51015625 0.40078125 0.153125 0.0296875
0 0.509375 0.43046875 0.14921875 0.0296875
0 0.51015625 0.4609375 0.153125 0.025
0 0.65703125 0.39140625 0.13359375 0.02578125
0 0.6578125 0.41796875 0.1375 0.02109375
0 0.65859375 0.4421875 0.13671875 0.021875
0 0.65703125 0.4671875 0.13671875 0.02578125
0 0.80390625 0.3859375 0.1546875 0.02578125
0 0.80390625 0.4125 0.153125 0.02421875
0 0.8046875 0.4375 0.1515625 0.025
0 0.80546875 0.46796875 0.140625 0.0296875
0 0.940625 0.41484375 0.11796875 0.0234375
0 0.9421875 0.4390625 0.11484375 0.02265625
0 0.89453125 0.39140625 0.02265625 0.02109375
0 0.47578125 0.5890625 0.1421875 0.02421875
0 0.62890625 0.5078125 0.13828125 0.025
0 0.62578125 0.534375 0.140625 0.02578125
0 0.059375 0.39453125 0.11328125 0.02578125
0 0.06171875 0.503125 0.11875 0.021875
0 0.06171875 0.53046875 0.1203125 0.03125
0 0.06171875 0.55859375 0.11953125 0.02109375
0 0.23359375 0.10703125 0.15546875 0.01953125
0 0.07421875 0.1921875 0.13984375 0.0296875
0 0.071875 0.1625 0.13828125 0.025
0 0.0734375 0.134375 0.140625 0.03046875
0 0.86953125 0.0578125 0.1640625 0.03046875
0 0.86875 0.02890625 0.1578125 0.0234375
0 0.87109375 0.0078125 0.16171875 0.0140625
0 0.70546875 0.0578125 0.15703125 0.025
0 0.70625 0.03203125 0.153125 0.0234375
0 0.70703125 0.01171875 0.15703125 0.01953125
0 0.5390625 0.05546875 0.165625 0.02890625
0 0.54140625 0.02421875 0.16015625 0.028125
0 0.37109375 0.05859375 0.15390625 0.03046875
0 0.228125 0.16328125 0.165625 0.025
0 0.1984375 0.56328125 0.13515625 0.01875
0 0.37109375 0.03125 0.15390625 0.01953125
0 0.375 0.0109375 0.146875 0.01875
0 0.20703125 0.05625 0.1578125 0.0296875
0 0.21328125 0.02421875 0.1640625 0.028125
0 0.0625 0.05546875 0.11953125 0.03359375
0 0.06484375 0.025 0.12109375 0.02890625
0 0.065625 0.5859375 0.12578125 0.028125