0 0.4578125 0.24140625 0.03984375 0.12421875
0 0.81328125 0.240625 0.040625 0.1234375
0 0.778125 0.24453125 0.02890625 0.128125
0 0.7421875 0.24453125 0.0421875 0.12734375
0 0.7046875 0.24140625 0.0296875 0.13203125
0 0.503125 0.24140625 0.0484375 0.12421875
0 0.621875 0.2421875 0.0359375 0.1296875
0 0.58203125 0.24453125 0.040625 0.13046875
0 0.54453125 0.2453125 0.03125 0.1296875
0 0.853125 0.23984375 0.0375 0.1296875
0 0.66328125 0.23984375 0.0453125 0.13359375
0 0.890625 0.23984375 0.0296875 0.12421875
0 0.825 0.70546875 0.0265625 0.084375
0 0.97421875 0.25234375 0.0421875 0.1109375
0 0.0203125 0.4234375 0.040625 0.109375
0 0.06171875 0.428125 0.034375 0.103125
0 0.10390625 0.425 0.0453125 0.10625
0 0.15 0.4234375 0.0390625 0.1109375
0 0.1890625 0.4234375 0.03828125 0.1125
0 0.228125 0.425 0.03515625 0.11484375
0 0.2703125 0.42578125 0.046875 0.1171875
0 0.3171875 0.42109375 0.04140625 0.1125
0 0.36015625 0.4234375 0.03984375 0.1109375
0 0.40078125 0.425 0.040625 0.11328125
0 0.4140625 0.240625 0.0453125 0.12265625
0 0.93046875 0.24921875 0.0453125 0.1125
0 0.36875 0.24375 0.04375 0.11953125
0 0.2359375 0.05078125 0.04609375 0.09609375
0 0.27734375 0.24296875 0.04609375 0.12421875
0 0.0296875 0.0484375 0.04921875 0.09609375
0 0.078125 0.04921875 0.04375 0.096875
0 0.13125 0.05234375 0.05703125 0.10234375
0 0.1859375 0.053125 0.05 0.10078125
0 0.44375 0.41953125 0.0421875 0.12421875
0 0.28359375 0.05 0.0453125 0.09921875
0 0.33203125 0.05 0.0453125 0.0984375
0 0.37734375 0.05234375 0.0453125 0.10390625
0 0.4234375 0.053125 0.0453125 0.10390625
0 0.47109375 0.05234375 0.0453125 0.10390625
0 0.51796875 0.05234375 0.0453125 0.10390625
0 0.565625 0.053125 0.0453125 0.10390625
0 0.6125 0.053125 0.0453125 0.10390625
0 0.66171875 0.05234375 0.0453125 0.10390625
0 0.709375 0.05234375 0.0453125 0.10390625
0 0.7578125 0.05234375 0.0453125 0.10390625
0 0.80546875 0.053125 0.0453125 0.10390625
0 0.85078125 0.05234375 0.0453125 0.10390625
0 0.89765625 0.05234375 0.0453125 0.10390625
0 0.0171875 0.23828125 0.03359375 0.11875
0 0.0546875 0.2390625 0.0375 0.11796875
0 0.1 0.2421875 0.0515625 0.12265625
0 0.14453125 0.2421875 0.03671875 0.1203125
0 0.18828125 0.2421875 0.0484375 0.11953125
0 0.2328125 0.2421875 0.034375 0.121875
0 0.32265625 0.24296875 0.0421875 0.125
0 0.48984375 0.425 0.03984375 0.12734375
0 0.5265625 0.42578125 0.03125 0.11484375
0 0.559375 0.42578125 0.034375 0.115625
0 0.9 0.5765625 0.02734375 0.1015625
0 0.86796875 0.57578125 0.03828125 0.10078125
0 0.83359375 0.57421875 0.02890625 0.10625
0 0.8 0.575 0.0296875 0.09921875
0 0.7640625 0.575 0.0375 0.10078125
0 0.72421875 0.57109375 0.028125 0.1
0 0.690625 0.571875 0.034375 0.1046875
0 0.65625 0.57421875 0.034375 0.1015625
0 0.615625 0.57421875 0.03515625 0.08828125
0 0.5765625 0.578125 0.02890625 0.08984375
0 0.54453125 0.5765625 0.0296875 0.09140625
0 0.51328125 0.57265625 0.0328125 0.09375
0 0.48046875 0.5734375 0.0296875 0.08984375
0 0.44921875 0.5734375 0.03125 0.09296875
0 0.415625 0.571875 0.034375 0.096875
0 0.378125 0.56875 0.03359375 0.1046875
0 0.3390625 0.5703125 0.0421875 0.10234375
0 0.3 0.56953125 0.03359375 0.10234375
0 0.88984375 0.70546875 0.0265625 0.08515625
0 0.921875 0.7 0.03671875 0.0921875
0 0.95390625 0.7015625 0.025 0.09140625
0 0.9359375 0.56953125 0.0390625 0.10234375
0 0.96953125 0.5765625 0.025 0.09609375
0 0.01875 0.696875 0.0375 0.09453125
0 0.05390625 0.69765625 0.0296875 0.09296875
0 0.7921875 0.70078125 0.03671875 0.09140625
0 0.7609375 0.70390625 0.02265625 0.08828125
0 0.72890625 0.7 0.034375 0.08828125
0 0.69453125 0.69921875 0.03125 0.08828125
0 0.6578125 0.7 0.0359375 0.08359375
0 0.6234375 0.7 0.0265625 0.0875
0 0.5875 0.703125 0.03125 0.0859375
0 0.5578125 0.703125 0.02734375 0.08671875
0 0.52578125 0.696875 0.028125 0.0890625
0 0.49453125 0.7015625 0.03125 0.090625
0 0.984375 0.70390625 0.03125 0.0875
0 0.46171875 0.703125 0.03125 0.0765625
0 0.3890625 0.6984375 0.0328125 0.09375
0 0.35625 0.69921875 0.0296875 0.09453125
0 0.3265625 0.7 0.0296875 0.0921875
0 0.2984375 0.69921875 0.0234375 0.08515625
0 0.271875 0.70078125 0.025 0.08359375
0 0.23984375 0.696875 0.03515625 0.08515625
0 0.20625 0.696875 0.03125 0.08984375
0 0.16875 0.70234375 0.0375 0.08515625
0 0.1328125 0.71015625 0.034375 0.06796875
0 0.0921875 0.69765625 0.0421875 0.0921875
0 0.428125 0.6953125 0.0328125 0.0921875
0 0.85625 0.7015625 0.0359375 0.09140625
0 0.015625 0.8953125 0.03046875 0.08046875
0 0.0796875 0.89375 0.03125 0.0828125
0 0.940625 0.87890625 0.0328125 0.13125
0 0.9765625 0.8765625 0.034375 0.134375
0 0.2625 0.57109375 0.040625 0.09765625
0 0.221875 0.5671875 0.0359375 0.10703125
0 0.1796875 0.5703125 0.0421875 0.103125
0 0.1390625 0.5671875 0.034375 0.10703125
0 0.10078125 0.5703125 0.03984375 0.103125
0 0.0609375 0.5765625 0.0359375 0.08671875
0 0.01953125 0.57265625 0.0390625 0.090625
0 0.98828125 0.425 0.0234375 0.11328125
0 0.959375 0.42265625 0.03125 0.1109375
0 0.9203125 0.42421875 0.040625 0.11875
0 0.88359375 0.42578125 0.028125 0.1171875
0 0.84765625 0.421875 0.0375 0.10859375
0 0.8109375 0.4234375 0.03046875 0.1125
0 0.775 0.42421875 0.0390625 0.11640625
0 0.73828125 0.42734375 0.0296875 0.11484375
0 0.7015625 0.42734375 0.03046875 0.115625
0 0.66796875 0.4234375 0.03515625 0.11015625
0 0.63203125 0.42890625 0.034375 0.11328125
0 0.5953125 0.42734375 0.0328125 0.10625
0 0.90859375 0.90078125 0.025 0.09140625
0 0.8796875 0.90078125 0.02890625 0.08671875
0 0.85234375 0.875 0.0234375 0.13984375
0 0.81953125 0.87421875 0.040625 0.1359375
0 0.11171875 0.8984375 0.0296875 0.07578125
0 0.14921875 0.9046875 0.0390625 0.0765625
0 0.184375 0.8984375 0.028125 0.084375
0 0.2203125 0.89609375 0.0390625 0.08515625
0 0.25546875 0.89609375 0.03125 0.08671875
0 0.2859375 0.89140625 0.02890625 0.1
0 0.3140625 0.89140625 0.02421875 0.0984375
0 0.340625 0.88984375 0.0234375 0.1
0 0.36484375 0.88828125 0.02578125 0.09921875
0 0.3953125 0.9 0.0296875 0.08515625
0 0.046875 0.89453125 0.02890625 0.08046875
0 0.4296875 0.89453125 0.0328125 0.090625
0 0.5015625 0.90078125 0.03203125 0.0859375
0 0.5359375 0.89765625 0.03125 0.08203125
0 0.5703125 0.9 0.034375 0.07890625
0 0.60390625 0.90234375 0.0296875 0.08359375
0 0.6328125 0.8859375 0.02890625 0.1203125
0 0.65859375 0.8859375 0.01875 0.11953125
0 0.684375 0.90390625 0.034375 0.0828125
0 0.71875 0.903125 0.02734375 0.08125
0 0.75078125 0.90234375 0.03515625 0.08203125
0 0.7828125 0.903125 0.02890625 0.08046875
0 0.4671875 0.89609375 0.03515625 0.08671875
0 0.946875 0.05234375 0.0453125 0.10390625