0 0.27265625 0.74296875 0.0203125 0.0328125
0 0.2453125 0.775 0.01796875 0.028125
0 0.2265625 0.7421875 0.01953125 0.0328125
0 0.25 0.7421875 0.01796875 0.03203125
0 0.31640625 0.7546875 0.05625 0.0265625
0 0.3765625 0.6453125 0.06328125 0.084375
0 0.3140625 0.78671875 0.0515625 0.028125
0 0.375 0.7859375 0.05703125 0.02890625
0 0.43671875 0.7546875 0.059375 0.090625
0 0.50390625 0.75390625 0.06171875 0.084375
0 0.57109375 0.75390625 0.05859375 0.08125
0 0.375 0.753125 0.05703125 0.0296875
0 0.225 0.77421875 0.01640625 0.028125
0 0.07265625 0.75546875 0.05859375 0.028125
0 0.26953125 0.8046875 0.0203125 0.028125
0 0.2453125 0.8046875 0.01796875 0.02578125
0 0.2234375 0.80703125 0.01953125 0.0234375
0 0.184375 0.7515625 0.05703125 0.07890625
0 0.12734375 0.77890625 0.04140625 0.04140625
0 0.07265625 0.7890625 0.06015625 0.0265625
0 0.6734375 0.66640625 0.08671875 0.0421875
0 0.68125 0.6171875 0.0984375 0.04609375
0 0.58671875 0.6203125 0.08359375 0.04609375
0 0.5828125 0.6671875 0.08828125 0.040625
0 0.503125 0.653125 0.06015625 0.0515625
0 0.634375 0.753125 0.0546875 0.0875
0 0.440625 0.665625 0.05390625 0.0546875
0 0.271875 0.775 0.01953125 0.02578125
0 0.6796875 0.73046875 0.0203125 0.028125
0 0.884375 0.8859375 0.0640625 0.0390625
0 0.725 0.73125 0.01953125 0.03046875
0 0.309375 0.6453125 0.06015625 0.0890625
0 0.87421875 0.75546875 0.05 0.078125
0 0.33515625 0.91875 0.08828125 0.0203125
0 0.23828125 0.92109375 0.08828125 0.0203125
0 0.3359375 0.896875 0.0921875 0.01875
0 0.23828125 0.8953125 0.0890625 0.01875
0 0.43515625 0.8703125 0.08203125 0.090625
0 0.33515625 0.86875 0.08984375 0.02265625
0 0.23828125 0.8703125 0.08828125 0.025
0 0.14375 0.8734375 0.08671875 0.0796875
0 0.0609375 0.878125 0.0671875 0.0828125
0 0.52265625 0.85625 0.08359375 0.06484375
0 0.61328125 0.87421875 0.08515625 0.075
0 0.690625 0.871875 0.05078125 0.0328125
0 0.75625 0.88671875 0.0578125 0.03671875
0 0.82109375 0.8828125 0.06171875 0.0328125
0 0.953125 0.8828125 0.06015625 0.04609375
0 0.80234375 0.75546875 0.078125 0.08125
0 0.72109375 0.7875 0.01796875 0.021875
0 0.6984375 0.7859375 0.01484375 0.0265625
0 0.67734375 0.7859375 0.01796875 0.0265625
0 0.74296875 0.7859375 0.0171875 0.02421875
0 0.74453125 0.76015625 0.01875 0.021875
0 0.72265625 0.76171875 0.01875 0.021875
0 0.70078125 0.759375 0.01796875 0.021875
0 0.68046875 0.759375 0.01796875 0.021875
0 0.74765625 0.73046875 0.015625 0.0265625
0 0.70390625 0.73125 0.01640625 0.02734375
0 0.2484375 0.66796875 0.05078125 0.0484375
0 0.7203125 0.28125 0.03984375 0.0921875
0 0.13671875 0.66796875 0.05 0.0515625
0 0.33203125 0.26875 0.053125 0.0953125
0 0.3953125 0.2703125 0.05546875 0.096875
0 0.46015625 0.27109375 0.05703125 0.0984375
0 0.5203125 0.271875 0.04921875 0.1015625
0 0.57421875 0.278125 0.04140625 0.0875
0 0.625 0.278125 0.03828125 0.09140625
0 0.67265625 0.2765625 0.04140625 0.090625
0 0.9703125 0.76484375 0.04296875 0.0421875
0 0.76640625 0.2828125 0.0375 0.090625
0 0.8109375 0.284375 0.04140625 0.09375
0 0.85859375 0.284375 0.04140625 0.08984375
0 0.04921875 0.396875 0.046875 0.0921875
0 0.10703125 0.39609375 0.05859375 0.0953125
0 0.165625 0.39296875 0.05234375 0.0953125
0 0.221875 0.39453125 0.03984375 0.096875
0 0.27265625 0.26875 0.05390625 0.09453125
0 0.290625 0.40625 0.053125 0.0890625
0 0.21171875 0.26484375 0.059375 0.096875
0 0.078125 0.26953125 0.05234375 0.0859375
0 0.021875 0.1046875 0.04375 0.1359375
0 0.103125 0.109375 0.09609375 0.1328125
0 0.2 0.115625 0.0765625 0.1265625
0 0.284375 0.115625 0.07734375 0.1296875
0 0.37421875 0.12421875 0.075 0.1203125
0 0.45390625 0.11953125 0.07421875 0.1265625
0 0.53671875 0.12421875 0.078125 0.12890625
0 0.63203125 0.12421875 0.09296875 0.13125
0 0.725 0.128125 0.07421875 0.1328125
0 0.821875 0.13203125 0.08359375 0.121875
0 0.91640625 0.13671875 0.09296875 0.128125
0 0.884375 0.034375 0.06953125 0.06640625
0 0.959375 0.2875 0.03984375 0.08984375
0 0.90703125 0.28828125 0.04453125 0.09375
0 0.0265625 0.2703125 0.04296875 0.0828125
0 0.19453125 0.6671875 0.05 0.0515625
0 0.3421875 0.41015625 0.04609375 0.084375
0 0.15234375 0.2625 0.05078125 0.096875
0 0.4953125 0.403125 0.0671875 0.1046875
0 0.53984375 0.540625 0.04765625 0.0140625
0 0.59765625 0.528125 0.06328125 0.0875
0 0.6671875 0.53046875 0.06796875 0.0875
0 0.7359375 0.52890625 0.06015625 0.08828125
0 0.8 0.5296875 0.05859375 0.0859375
0 0.86328125 0.5296875 0.05859375 0.090625
0 0.93125 0.5296875 0.071875 0.09453125
0 0.98125 0.53125 0.02734375 0.0890625
0 0.98046875 0.646875 0.03828125 0.08671875
0 0.9171875 0.64609375 0.08046875 0.090625
0 0.83203125 0.64296875 0.08359375 0.0890625
0 0.75546875 0.665625 0.05859375 0.0515625
0 0.025 0.64453125 0.05 0.0890625
0 0.0828125 0.66796875 0.04921875 0.046875
0 0.415625 0.40234375 0.0671875 0.1046875
0 0.5390625 0.55390625 0.04765625 0.009375
0 0.53671875 0.56640625 0.04921875 0.0109375
0 0.92421875 0.765625 0.0390625 0.0453125
0 0.44140625 0.55 0.04453125 0.046875
0 0.4890625 0.55 0.04140625 0.05390625
0 0.56796875 0.403125 0.06640625 0.1046875
0 0.64296875 0.39921875 0.0625 0.1171875
0 0.72265625 0.4046875 0.078125 0.1078125
0 0.20234375 0.5109375 0.05078125 0.03203125
0 0.109375 0.5015625 0.07890625 0.03203125
0 0.01640625 0.55546875 0.03203125 0.0359375
0 0.07734375 0.55234375 0.06328125 0.03125
0 0.0203125 0.5109375 0.0359375 0.0296875
0 0.20625 0.55234375 0.0671875 0.0421875
0 0.30234375 0.53359375 0.1125 0.0796875
0 0.3875 0.553125 0.04921875 0.0515625
0 0.3875 0.4984375 0.0515625 0.04453125
0 0.44609375 0.49453125 0.04140625 0.04375
0 0.4890625 0.4875 0.0296875 0.034375
0 0.5296875 0.48984375 0.034375 0.03828125
0 0.14296875 0.5484375 0.0484375 0.02265625