0 0.06328125 0.61328125 0.109375 0.0125
0 0.05234375 0.5484375 0.103125 0.02265625
0 0.9609375 0.76171875 0.0484375 0.05625
0 0.79921875 0.75859375 0.04609375 0.065625
0 0.059375 0.59453125 0.11328125 0.01796875
0 0.0640625 0.62890625 0.11796875 0.0140625
0 0.1921875 0.0421875 0.04140625 0.07421875
0 0.7984375 0.578125 0.0609375 0.0734375
0 0.02578125 0.0359375 0.03515625 0.06953125
0 0.09140625 0.04375 0.05234375 0.08359375
0 0.1453125 0.0390625 0.040625 0.07109375
0 0.72578125 0.73359375 0.04609375 0.0359375
0 0.25546875 0.04921875 0.05859375 0.06484375
0 0.31796875 0.046875 0.0359375 0.06328125
0 0.36953125 0.046875 0.046875 0.06640625
0 0.4203125 0.03984375 0.05546875 0.0765625
0 0.48359375 0.04609375 0.05234375 0.06796875
0 0.865625 0.57578125 0.05859375 0.06875
0 0.67578125 0.746875 0.0390625 0.05078125
0 0.33828125 0.6625 0.05 0.05625
0 0.5625 0.75234375 0.0296875 0.0671875
0 0.54453125 0.0421875 0.04375 0.07421875
0 0.61796875 0.6609375 0.03828125 0.05859375
0 0.57265625 0.659375 0.0390625 0.05234375
0 0.4546875 0.653125 0.04921875 0.04375
0 0.66328125 0.6578125 0.04609375 0.05234375
0 0.7171875 0.65625 0.04609375 0.05234375
0 0.7859375 0.6609375 0.05234375 0.05703125
0 0.8390625 0.6609375 0.0453125 0.05625
0 0.06484375 0.66328125 0.1015625 0.0171875
0 0.06640625 0.684375 0.10078125 0.0171875
0 0.06953125 0.7 0.11171875 0.01171875
0 0.02734375 0.7546875 0.05 0.0546875
0 0.084375 0.75703125 0.053125 0.053125
0 0.39453125 0.66171875 0.04921875 0.0546875
0 0.15078125 0.7515625 0.0453125 0.06875
0 0.203125 0.7515625 0.04140625 0.065625
0 0.25625 0.74609375 0.03984375 0.06328125
0 0.30625 0.75390625 0.034375 0.06796875
0 0.35703125 0.75703125 0.03828125 0.0640625
0 0.4546875 0.746875 0.0484375 0.06640625
0 0.50703125 0.7515625 0.0453125 0.0625
0 0.62109375 0.753125 0.03828125 0.06640625
0 0.60390625 0.04140625 0.053125 0.0671875
0 0.14296875 0.37109375 0.06171875 0.08828125
0 0.76171875 0.0578125 0.12890625 0.02109375
0 0.51875 0.4796875 0.040625 0.06640625
0 0.4515625 0.4765625 0.04765625 0.071875
0 0.39609375 0.47265625 0.0515625 0.07421875
0 0.33359375 0.47734375 0.046875 0.0765625
0 0.275 0.475 0.04921875 0.06640625
0 0.21328125 0.47265625 0.05 0.07109375
0 0.21640625 0.36640625 0.08359375 0.08515625
0 0.04296875 0.4875 0.0828125 0.00859375
0 0.046875 0.47890625 0.09140625 0.01015625
0 0.0484375 0.46171875 0.09375 0.01171875
0 0.04765625 0.421875 0.0953125 0.01484375
0 0.05 0.40390625 0.09609375 0.0125
0 0.0515625 0.38828125 0.09765625 0.01484375
0 0.89609375 0.378125 0.05546875 0.0640625
0 0.828125 0.37734375 0.05546875 0.08203125
0 0.76875 0.371875 0.05078125 0.0828125
0 0.7078125 0.37578125 0.0546875 0.07890625
0 0.6390625 0.37734375 0.05234375 0.06953125
0 0.5859375 0.378125 0.06015625 0.071875
0 0.51484375 0.37109375 0.0609375 0.08203125
0 0.446875 0.3734375 0.0609375 0.07421875
0 0.378125 0.37109375 0.06484375 0.075
0 0.30234375 0.3703125 0.08125 0.09765625
0 0.02578125 0.32421875 0.03515625 0.06640625
0 0.0625 0.3265625 0.0328125 0.06328125
0 0.56875 0.4734375 0.04296875 0.0578125
0 0.6203125 0.471875 0.03671875 0.06953125
0 0.68046875 0.475 0.04765625 0.0671875
0 0.74140625 0.47265625 0.04609375 0.06484375
0 0.76328125 0.078125 0.11015625 0.015625
0 0.8515625 0.053125 0.04765625 0.0609375
0 0.90703125 0.04609375 0.0609375 0.05859375
0 0.02578125 0.23125 0.040625 0.09609375
0 0.0703125 0.228125 0.04375 0.08984375
0 0.13125 0.26875 0.05 0.0546875
0 0.19296875 0.27421875 0.0546875 0.04375
0 0.253125 0.27578125 0.0546875 0.04609375
0 0.31328125 0.27109375 0.04921875 0.05234375
0 0.45078125 0.27578125 0.08515625 0.04140625
0 0.834375 0.2609375 0.06328125 0.06015625
0 0.90234375 0.2625 0.0625 0.0609375
0 0.66640625 0.04453125 0.04765625 0.0828125
0 0.73671875 0.56875 0.046875 0.06328125
0 0.621875 0.56875 0.040625 0.0578125
0 0.56875 0.56875 0.053125 0.0671875
0 0.49921875 0.57734375 0.04609375 0.0546875
0 0.45078125 0.57890625 0.04609375 0.05078125
0 0.3921875 0.5796875 0.04375 0.04921875
0 0.34609375 0.5734375 0.0390625 0.0515625
0 0.284375 0.58203125 0.0359375 0.0546875
0 0.24375 0.57734375 0.034375 0.05390625
0 0.190625 0.57890625 0.03828125 0.06015625
0 0.1453125 0.5828125 0.04609375 0.05625
0 0.87578125 0.47421875 0.0578125 0.05859375
0 0.80078125 0.4703125 0.0484375 0.06328125
0 0.68046875 0.571875 0.053125 0.0546875
0 0.14765625 0.47265625 0.0609375 0.06796875
0 0.240625 0.66171875 0.02890625 0.0578125
0 0.28125 0.6640625 0.0390625 0.05