0 0.2375 0.50078125 0.03828125 0.04453125
0 0.6875 0.21796875 0.06640625 0.1703125
0 0.17890625 0.63515625 0.03515625 0.03203125
0 0.14375 0.6234375 0.02578125 0.0296875
0 0.18125 0.5953125 0.03671875 0.040625
0 0.15 0.58515625 0.03125 0.04140625
0 0.09453125 0.3859375 0.0625 0.10234375
0 0.72421875 0.421875 0.0546875 0.140625
0 0.52890625 0.41484375 0.0515625 0.159375
0 0.46953125 0.409375 0.05390625 0.14140625
0 0.42265625 0.4125 0.03828125 0.13359375
0 0.38125 0.41171875 0.0453125 0.125
0 0.334375 0.40703125 0.0484375 0.13203125
0 0.29140625 0.4 0.0328125 0.1171875
0 0.25625 0.396875 0.0359375 0.12109375
0 0.20078125 0.37890625 0.07578125 0.13125
0 0.33828125 0.24375 0.06015625 0.12421875
0 0.2859375 0.24375 0.03671875 0.11796875
0 0.23828125 0.2421875 0.053125 0.12265625
0 0.1734375 0.2421875 0.04921875 0.1171875
0 0.1328125 0.25 0.0328125 0.11796875
0 0.1 0.253125 0.03203125 0.11171875
0 0.53203125 0.84140625 0.05234375 0.046875
0 0.21875 0.6421875 0.03359375 0.03984375
0 0.14765625 0.66015625 0.03046875 0.0328125
0 0.18125 0.6734375 0.03984375 0.03984375
0 0.22578125 0.6859375 0.0359375 0.0390625
0 0.16171875 0.53984375 0.04296875 0.04375
0 0.2 0.5453125 0.0328125 0.034375
0 0.24140625 0.54765625 0.03828125 0.04375
0 0.11640625 0.48359375 0.03359375 0.04375
0 0.11796875 0.53046875 0.04375 0.04609375
0 0.53203125 0.23125 0.06953125 0.15859375
0 0.15703125 0.49296875 0.0453125 0.04921875
0 0.22890625 0.73515625 0.0375 0.04140625
0 0.353125 0.77578125 0.0375 0.046875
0 0.309375 0.76171875 0.04296875 0.04375
0 0.4734375 0.82109375 0.0578125 0.0515625
0 0.2671875 0.753125 0.0375 0.046875
0 0.31015625 0.71796875 0.03671875 0.0390625
0 0.26640625 0.70703125 0.04375 0.0390625
0 0.3546875 0.68125 0.03984375 0.04140625
0 0.3109375 0.67421875 0.04765625 0.04921875
0 0.26484375 0.665625 0.040625 0.040625
0 0.3484375 0.6375 0.040625 0.04609375
0 0.3078125 0.62578125 0.0453125 0.04921875
0 0.2578125 0.61796875 0.0421875 0.046875
0 0.19140625 0.71640625 0.03671875 0.03515625
0 0.153125 0.70625 0.040625 0.03359375
0 0.35625 0.73125 0.04375 0.0375
0 0.41328125 0.8015625 0.0515625 0.04921875
0 0.52734375 0.7859375 0.0515625 0.04609375
0 0.46796875 0.76953125 0.0625 0.040625
0 0.59375 0.8671875 0.06640625 0.04921875
0 0.84296875 0.76171875 0.0953125 0.0734375
0 0.75234375 0.73828125 0.0734375 0.06953125
0 0.6765625 0.7203125 0.06484375 0.07109375
0 0.60078125 0.70234375 0.0796875 0.06171875
0 0.878125 0.68984375 0.04296875 0.0640625
0 0.83046875 0.6828125 0.04765625 0.05
0 0.7859375 0.6765625 0.0421875 0.06328125
0 0.878125 0.6234375 0.04453125 0.0546875
0 0.83046875 0.61796875 0.04765625 0.06171875
0 0.6640625 0.89453125 0.06484375 0.05546875
0 0.78359375 0.61015625 0.03828125 0.06484375
0 0.61640625 0.56015625 0.0828125 0.0625
0 0.54296875 0.546875 0.0625 0.05703125
0 0.928125 0.44375 0.05859375 0.18046875
0 0.86328125 0.43984375 0.07109375 0.1890625
0 0.77890625 0.43359375 0.05703125 0.15859375
0 0.65859375 0.425 0.06484375 0.14921875
0 0.59296875 0.4234375 0.065625 0.14609375
0 0.9359375 0.2 0.08671875 0.196875
0 0.846875 0.2078125 0.08828125 0.18671875
0 0.7625 0.21015625 0.08203125 0.18515625
0 0.54765625 0.61484375 0.0671875 0.0609375
0 0.19765625 0.4984375 0.03671875 0.0375
0 0.73828125 0.9203125 0.06484375 0.0640625
0 0.925 0.9421875 0.06484375 0.11484375
0 0.409375 0.75234375 0.059375 0.040625
0 0.53046875 0.73671875 0.0578125 0.0484375
0 0.46953125 0.7234375 0.05078125 0.04296875
0 0.40703125 0.709375 0.06015625 0.03984375
0 0.5234375 0.68359375 0.06015625 0.0546875
0 0.45546875 0.66953125 0.0546875 0.05703125
0 0.396875 0.65625 0.05234375 0.05625
0 0.28125 0.56171875 0.03984375 0.046875
0 0.43671875 0.59609375 0.0609375 0.0546875
0 0.3765625 0.58671875 0.05625 0.0375
0 0.81875 0.95546875 0.08046875 0.065625
0 0.3265625 0.57734375 0.04453125 0.05625
0 0.278125 0.51171875 0.0421875 0.05078125
0 0.440625 0.53671875 0.0703125 0.05234375
0 0.84296875 0.83046875 0.0875 0.06171875
0 0.753125 0.80078125 0.078125 0.05703125
0 0.675 0.77890625 0.06640625 0.03828125
0 0.59921875 0.7578125 0.0859375 0.0453125
0 0.8375 0.89296875 0.08046875 0.0609375
0 0.7515625 0.86484375 0.084375 0.06875
0 0.665625 0.834375 0.06796875 0.06953125
0 0.59140625 0.80703125 0.06953125 0.05390625
0 0.3265625 0.51796875 0.04375 0.05234375
0 0.4671875 0.23359375 0.0578125 0.15234375
0 0.628125 0.63359375 0.08203125 0.06171875