0 0.8125 0.453125 0.09375 0.05234375
0 0.70859375 0.5046875 0.08984375 0.04765625
0 0.7109375 0.453125 0.09765625 0.05625
0 0.6078125 0.51953125 0.1 0.0265625
0 0.61015625 0.48828125 0.10390625 0.0296875
0 0.609375 0.45234375 0.10625 0.0390625
0 0.3921875 0.52109375 0.10390625 0.03046875
0 0.49921875 0.4890625 0.09609375 0.0265625
0 0.5 0.45625 0.1078125 0.0390625
0 0.80625 0.50625 0.09375 0.0515625
0 0.39140625 0.490625 0.1015625 0.0265625
0 0.38828125 0.45546875 0.10859375 0.0375
0 0.4375 0.41015625 0.1046875 0.02421875
0 0.5 0.5203125 0.10078125 0.0296875
0 0.91171875 0.45234375 0.09296875 0.05546875
0 0.28984375 0.58984375 0.1078125 0.05234375
0 0.07734375 0.59453125 0.08828125 0.046875
0 0.3953125 0.646875 0.09765625 0.02734375
0 0.49765625 0.646875 0.096875 0.02265625
0 0.60234375 0.58515625 0.0984375 0.02890625
0 0.60078125 0.6171875 0.10234375 0.0265625
0 0.87265625 0.6140625 0.0796875 0.07421875
0 0.7859375 0.6171875 0.08515625 0.07421875
0 0.90703125 0.5046875 0.09296875 0.046875
0 0.278125 0.5109375 0.11953125 0.05546875
0 0.49921875 0.5890625 0.1 0.02265625
0 0.39609375 0.6171875 0.0984375 0.0265625
0 0.29296875 0.63984375 0.10390625 0.0453125
0 0.18828125 0.64296875 0.103125 0.04609375
0 0.18046875 0.5921875 0.109375 0.05
0 0.08515625 0.6421875 0.0859375 0.0421875
0 0.6953125 0.61796875 0.0828125 0.07109375
0 0.271875 0.4578125 0.11875 0.05546875
0 0.69375 0.27890625 0.1 0.06171875
0 0.1546875 0.45625 0.11796875 0.05859375
0 0.821875 0.17421875 0.09609375 0.05625
0 0.8296875 0.11171875 0.09921875 0.06484375
0 0.1421875 0.03984375 0.13046875 0.06953125
0 0.2703125 0.03984375 0.12578125 0.0703125
0 0.15390625 0.1078125 0.125 0.06328125
0 0.2765625 0.109375 0.11796875 0.06015625
0 0.93125 0.11171875 0.0984375 0.06328125
0 0.1609375 0.17421875 0.11796875 0.065625
0 0.3921875 0.109375 0.11015625 0.0625
0 0.3953125 0.1734375 0.109375 0.0609375
0 0.5046875 0.109375 0.1140625 0.06484375
0 0.5046875 0.17265625 0.1109375 0.06015625
0 0.6171875 0.10859375 0.10859375 0.06640625
0 0.6140625 0.17265625 0.10546875 0.06015625
0 0.28046875 0.1765625 0.11640625 0.06796875
0 0.1625 0.51015625 0.11796875 0.04921875
0 0.925 0.1734375 0.0953125 0.05859375
0 0.22734375 0.33671875 0.1859375 0.05703125
0 0.0515625 0.5109375 0.0984375 0.05390625
0 0.0484375 0.45703125 0.096875 0.0546875
0 0.88984375 0.33828125 0.096875 0.0546875
0 0.89921875 0.2828125 0.1015625 0.05546875
0 0.7859375 0.33671875 0.09296875 0.0546875
0 0.796875 0.28046875 0.09765625 0.05546875
0 0.21875 0.27734375 0.19140625 0.0578125
0 0.6890625 0.3359375 0.0921875 0.0515625
0 0.5875 0.33515625 0.10390625 0.05859375
0 0.5890625 0.278125 0.10703125 0.0578125
0 0.4828125 0.3359375 0.10234375 0.05703125
0 0.48203125 0.278125 0.10703125 0.0640625
0 0.3765625 0.33828125 0.10390625 0.05390625
0 0.37265625 0.2796875 0.11171875 0.06171875
0 0.496875 0.6203125 0.10078125 0.02421875
0 0.9625 0.59140625 0.07421875 0.04375
0 0.71953125 0.1734375 0.09609375 0.05859375
0 0.85859375 0.76328125 0.0765625 0.065625
0 0.76953125 0.7625 0.078125 0.0640625
0 0.68515625 0.76796875 0.08203125 0.06328125
0 0.5984375 0.76953125 0.0875 0.0640625
0 0.503125 0.771875 0.09453125 0.03828125
0 0.5046875 0.728125 0.09765625 0.0421875
0 0.60078125 0.6421875 0.09140625 0.02265625
0 0.40546875 0.7734375 0.0953125 0.03828125
0 0.76875 0.70625 0.0859375 0.04140625
0 0.4046875 0.7265625 0.09921875 0.04140625
0 0.30078125 0.7375 0.096875 0.0390625
0 0.20703125 0.77734375 0.090625 0.034375
0 0.2015625 0.73828125 0.09296875 0.0359375
0 0.11328125 0.7796875 0.08046875 0.034375
0 0.725 0.11171875 0.09765625 0.0625
0 0.1046875 0.74140625 0.084375 0.0359375
0 0.9609375 0.63203125 0.07734375 0.034375
0 0.30625 0.77734375 0.0984375 0.0359375
0 0.6609375 0.875 0.078125 0.0953125
0 0.7453125 0.8796875 0.07421875 0.0875
0 0.946875 0.7328125 0.08359375 0.0375
0 0.5765625 0.871875 0.078125 0.0953125
0 0.4921875 0.9015625 0.090625 0.0375
0 0.4890625 0.865625 0.090625 0.0375
0 0.4 0.90234375 0.090625 0.0375
0 0.39765625 0.86484375 0.090625 0.0375
0 0.30546875 0.90859375 0.0984375 0.03828125
0 0.30234375 0.871875 0.09921875 0.0375
0 0.86015625 0.70390625 0.08203125 0.040625
0 0.20859375 0.91328125 0.09921875 0.03671875
0 0.12734375 0.90234375 0.0453125 0.0640625
0 0.8296875 0.875 0.07265625 0.0859375
0 0.9140625 0.89296875 0.0796875 0.05703125
0 0.05390625 0.27421875 0.10703125 0.1609375
0 0.03125 0.09765625 0.059375 0.1421875
0 0.07421875 0.9015625 0.0578125 0.06796875
0 0.9421875 0.77109375 0.08359375 0.0375
0 0.20234375 0.86484375 0.0984375 0.0609375