0 0.69296875 0.1359375 0.053125 0.06796875
0 0.74375 0.140625 0.0453125 0.0609375
0 0.915625 0.89375 0.0390625 0.13203125
0 0.8671875 0.89296875 0.053125 0.12109375
0 0.5359375 0.278125 0.04609375 0.12109375
0 0.74765625 0.884375 0.05703125 0.11640625
0 0.7890625 0.134375 0.0421875 0.06640625
0 0.68984375 0.89375 0.0515625 0.1109375
0 0.6171875 0.9296875 0.07890625 0.028125
0 0.53671875 0.92734375 0.0734375 0.01953125
0 0.8 0.859375 0.0453125 0.06953125
0 0.8375 0.13671875 0.0421875 0.0640625
0 0.3984375 0.27734375 0.040625 0.11328125
0 0.92109375 0.1109375 0.04375 0.12265625
0 0.9734375 0.11171875 0.046875 0.121875
0 0.221875 0.27734375 0.03984375 0.09609375
0 0.265625 0.296875 0.04375 0.08203125
0 0.35234375 0.28359375 0.046875 0.11640625
0 0.4890625 0.28359375 0.040625 0.11640625
0 0.43984375 0.2796875 0.0375 0.1203125
0 0.5390625 0.90390625 0.0765625 0.02109375
0 0.628125 0.28515625 0.04375 0.11953125
0 0.58125 0.27578125 0.03984375 0.11953125
0 0.87890625 0.10625 0.040625 0.1234375
0 0.4609375 0.91953125 0.07421875 0.02421875
0 0.6515625 0.71875 0.0515625 0.06015625
0 0.38046875 0.9140625 0.06953125 0.03203125
0 0.2109375 0.72109375 0.03125 0.08203125
0 0.253125 0.71953125 0.04765625 0.09453125
0 0.3515625 0.7359375 0.03984375 0.05390625
0 0.39609375 0.71640625 0.040625 0.10390625
0 0.4375 0.71640625 0.0453125 0.109375
0 0.475 0.72734375 0.025 0.09375
0 0.503125 0.71953125 0.0265625 0.103125
0 0.5421875 0.73984375 0.0453125 0.07109375
0 0.678125 0.28671875 0.0453125 0.12265625
0 0.7015625 0.725 0.040625 0.06640625
0 0.74921875 0.75234375 0.0453125 0.0703125
0 0.790625 0.7390625 0.021875 0.0984375
0 0.8171875 0.73359375 0.0296875 0.11015625
0 0.84453125 0.734375 0.025 0.11171875
0 0.8734375 0.734375 0.03046875 0.11484375
0 0.90234375 0.73515625 0.028125 0.11953125
0 0.94453125 0.728125 0.04921875 0.13984375
0 0.98515625 0.73046875 0.0296875 0.13203125
0 0.0421875 0.84921875 0.0359375 0.115625
0 0.0765625 0.85078125 0.03046875 0.115625
0 0.1140625 0.87109375 0.0328125 0.08203125
0 0.1546875 0.85859375 0.0421875 0.11171875
0 0.240625 0.896875 0.06640625 0.05078125
0 0.309375 0.90078125 0.06875 0.053125
0 0.384375 0.8796875 0.07421875 0.0265625
0 0.46015625 0.89375 0.0765625 0.0265625
0 0.728125 0.2859375 0.04375 0.11328125
0 0.23671875 0.43125 0.05625 0.12265625
0 0.82265625 0.284375 0.0453125 0.12734375
0 0.62890625 0.5859375 0.04375 0.084375
0 0.671875 0.58671875 0.0421875 0.08359375
0 0.7140625 0.5875 0.040625 0.078125
0 0.7921875 0.59765625 0.03203125 0.07734375
0 0.825 0.60859375 0.0296875 0.075
0 0.8609375 0.59765625 0.04375 0.04453125
0 0.90859375 0.59453125 0.0453125 0.07578125
0 0.9609375 0.5890625 0.0359375 0.078125
0 0.03046875 0.7125 0.0375 0.0796875
0 0.07421875 0.715625 0.0328125 0.07421875
0 0.10859375 0.7171875 0.03125 0.07734375
0 0.14375 0.71796875 0.03125 0.07578125
0 0.17734375 0.7203125 0.0328125 0.07578125
0 0.978125 0.88046875 0.04375 0.084375
0 0.5828125 0.58359375 0.040625 0.08671875
0 0.69140625 0.06875 0.04765625 0.05234375
0 0.6390625 0.078125 0.0484375 0.03515625
0 0.590625 0.09609375 0.0421875 0.1375
0 0.54375 0.10234375 0.046875 0.13125
0 0.4875 0.090625 0.04921875 0.1625
0 0.4390625 0.0875 0.04296875 0.15078125
0 0.38828125 0.0203125 0.04453125 0.03515625
0 0.38671875 0.10078125 0.04375 0.12890625
0 0.3296875 0.0875 0.0671875 0.15703125
0 0.26953125 0.08515625 0.05 0.1453125
0 0.2046875 0.08984375 0.0734375 0.1546875
0 0.15 0.096875 0.0328125 0.12421875
0 0.11640625 0.09296875 0.0328125 0.13203125
0 0.0796875 0.09375 0.0421875 0.13359375
0 0.028125 0.10859375 0.05625 0.1
0 0.6390625 0.1328125 0.0484375 0.06640625
0 0.77265625 0.28046875 0.040625 0.125
0 0.53984375 0.58359375 0.0390625 0.08359375
0 0.3609375 0.57734375 0.05625 0.0921875
0 0.87734375 0.29140625 0.059375 0.11171875
0 0.94375 0.29296875 0.06015625 0.109375
0 0.01953125 0.390625 0.0390625 0.07578125
0 0.07421875 0.39375 0.065625 0.06796875
0 0.14609375 0.3953125 0.075 0.071875
0 0.01875 0.5015625 0.0375 0.07421875
0 0.06875 0.5046875 0.05625 0.07109375
0 0.1234375 0.50625 0.0484375 0.07578125
0 0.1609375 0.51015625 0.025 0.06875
0 0.18984375 0.51015625 0.03125 0.06640625
0 0.29375 0.43515625 0.0578125 0.1140625
0 0.35078125 0.43671875 0.053125 0.11640625
0 0.40546875 0.44296875 0.05 0.11015625
0 0.46015625 0.44453125 0.05625 0.11875
0 0.45234375 0.5828125 0.04609375 0.08359375
0 0.51015625 0.45078125 0.03984375 0.10625
0 0.59140625 0.45625 0.05 0.08828125
0 0.6421875 0.4640625 0.04765625 0.08828125
0 0.69375 0.4578125 0.0390625 0.0921875
0 0.7421875 0.46171875 0.04375 0.09609375
0 0.78125 0.453125 0.0359375 0.10546875
0 0.8265625 0.459375 0.05625 0.10546875
0 0.878125 0.4515625 0.04375 0.1140625
0 0.921875 0.46328125 0.0390625 0.09921875
0 0.9796875 0.42265625 0.040625 0.06015625
0 0.0203125 0.60625 0.040625 0.0703125
0 0.0796875 0.61640625 0.06953125 0.05625
0 0.1484375 0.61796875 0.06640625 0.05625
0 0.24296875 0.5703125 0.059375 0.0921875
0 0.30234375 0.5703125 0.05625 0.0921875
0 0.546875 0.44453125 0.034375 0.103125
0 0.3015625 0.72109375 0.05 0.09453125