0 0.92421875 0.1703125 0.0375 0.10703125
0 0.46015625 0.40078125 0.0296875 0.1296875
0 0.49375 0.40390625 0.021875 0.15078125
0 0.5234375 0.40078125 0.01953125 0.13828125
0 0.559375 0.4 0.0359375 0.13984375
0 0.59765625 0.403125 0.028125 0.13359375
0 0.38359375 0.40078125 0.0171875 0.14140625
0 0.41953125 0.4125 0.0359375 0.1109375
0 0.98671875 0.45234375 0.0265625 0.034375
0 0.6359375 0.40078125 0.02890625 0.1296875
0 0.40625 0.77734375 0.021875 0.12890625
0 0.3828125 0.78515625 0.01875 0.103125
0 0.359375 0.775 0.025 0.12265625
0 0.33046875 0.771875 0.0234375 0.1390625
0 0.30390625 0.775 0.021875 0.14453125
0 0.28046875 0.76484375 0.0203125 0.13828125
0 0.2546875 0.7671875 0.025 0.1375
0 0.225 0.76875 0.02421875 0.1359375
0 0.196875 0.771875 0.0296875 0.14140625
0 0.16640625 0.765625 0.0171875 0.1453125
0 0.1328125 0.76640625 0.025 0.15
0 0.1015625 0.765625 0.0265625 0.14609375
0 0.07109375 0.7703125 0.02578125 0.14296875
0 0.04140625 0.77109375 0.0265625 0.146875
0 0.01328125 0.7703125 0.025 0.134375
0 0.353125 0.38671875 0.034375 0.17109375
0 0.6734375 0.39921875 0.0359375 0.1296875
0 0.92109375 0.40234375 0.0296875 0.14375
0 0.74453125 0.40859375 0.02578125 0.128125
0 0.80078125 0.16171875 0.028125 0.11953125
0 0.75859375 0.21015625 0.0234375 0.04921875
0 0.72890625 0.153125 0.02734375 0.1328125
0 0.69375 0.10625 0.02265625 0.1328125
0 0.65625 0.16015625 0.02265625 0.15859375
0 0.628125 0.1578125 0.025 0.16015625
0 0.5984375 0.15078125 0.0203125 0.18828125
0 0.5703125 0.16640625 0.0296875 0.13046875
0 0.53671875 0.1796875 0.0359375 0.0921875
0 0.509375 0.153125 0.01953125 0.1671875
0 0.48046875 0.14453125 0.025 0.15703125
0 0.44765625 0.16328125 0.0296875 0.1125
0 0.4125 0.153125 0.0328125 0.13984375
0 0.37265625 0.14765625 0.034375 0.15703125
0 0.340625 0.15078125 0.0140625 0.13671875
0 0.3109375 0.16015625 0.021875 0.12109375
0 0.27578125 0.15390625 0.034375 0.14375
0 0.78125 0.39765625 0.02578125 0.1265625
0 0.81328125 0.40234375 0.0359375 0.11953125
0 0.853125 0.390625 0.02578125 0.146875
0 0.8828125 0.41015625 0.02890625 0.128125
0 0.4296875 0.7890625 0.02109375 0.10234375
0 0.9546875 0.44609375 0.0359375 0.04765625
0 0.7125 0.403125 0.0265625 0.12578125
0 0.97734375 0.15625 0.0453125 0.13125
0 0.05546875 0.1546875 0.025 0.13046875
0 0.08984375 0.153125 0.04375 0.14140625
0 0.1328125 0.15703125 0.034375 0.11796875
0 0.18203125 0.19921875 0.0421875 0.03359375
0 0.18359375 0.1484375 0.034375 0.04609375
0 0.23125 0.146875 0.028125 0.14453125
0 0.015625 0.1515625 0.0296875 0.14765625
0 0.45234375 0.78359375 0.01875 0.09453125
0 0.54765625 0.77109375 0.0203125 0.11484375
0 0.5 0.7703125 0.0203125 0.1328125
0 0.04375 0.59375 0.02265625 0.11796875
0 0.08046875 0.58671875 0.02890625 0.15390625
0 0.11875 0.59921875 0.02734375 0.12421875
0 0.14765625 0.60234375 0.03125 0.11015625
0 0.18125 0.5890625 0.028125 0.15859375
0 0.475 0.7796875 0.02109375 0.10859375
0 0.22109375 0.603125 0.0296875 0.14296875
0 0.25703125 0.58828125 0.03671875 0.11640625
0 0.2953125 0.59609375 0.03125 0.11640625
0 0.3375 0.5953125 0.025 0.11796875
0 0.3703125 0.58125 0.03125 0.1453125
0 0.4046875 0.57734375 0.028125 0.13984375
0 0.43359375 0.578125 0.0203125 0.1265625
0 0.46171875 0.58203125 0.0265625 0.1265625
0 0.4890625 0.59375 0.01875 0.1125
0 0.51171875 0.57578125 0.01875 0.12578125
0 0.5390625 0.58203125 0.03125 0.1296875
0 0.57890625 0.609375 0.03125 0.06328125
0 0.6171875 0.57109375 0.021875 0.134375
0 0.64765625 0.58359375 0.0265625 0.13515625
0 0.7234375 0.58046875 0.0375 0.15
0 0.7609375 0.57265625 0.025 0.14296875
0 0.7984375 0.57421875 0.02890625 0.1453125
0 0.8296875 0.57890625 0.025 0.15
0 0.8578125 0.57890625 0.0171875 0.15078125
0 0.015625 0.58671875 0.028125 0.14296875
0 0.01875 0.39609375 0.0359375 0.16171875
0 0.88828125 0.1703125 0.02578125 0.10390625
0 0.0875 0.3921875 0.03125 0.1640625
0 0.84765625 0.821875 0.0546875 0.03046875
0 0.859375 0.75390625 0.0453125 0.04453125
0 0.81484375 0.784375 0.01953125 0.1296875
0 0.78828125 0.7703125 0.02265625 0.11640625
0 0.053125 0.4 0.0296875 0.1515625
0 0.7265625 0.80078125 0.025 0.09765625
0 0.9015625 0.76484375 0.0390625 0.10390625
0 0.7 0.784375 0.025 0.1078125
0 0.64765625 0.77421875 0.0171875 0.11640625
0 0.62890625 0.78515625 0.01875 0.11328125
0 0.59921875 0.76875 0.0296875 0.13984375
0 0.571875 0.775 0.02421875 0.11171875
0 0.84375 0.16484375 0.0390625 0.13359375
0 0.521875 0.78046875 0.021875 0.10859375
0 0.67109375 0.7734375 0.028125 0.1453125
0 0.95625 0.76796875 0.034375 0.15546875
0 0.75625 0.759375 0.034375 0.13828125
0 0.91640625 0.5765625 0.021875 0.1296875
0 0.8859375 0.575 0.0234375 0.13828125
0 0.13046875 0.39921875 0.0296875 0.14140625
0 0.95 0.58359375 0.028125 0.14921875
0 0.15859375 0.42109375 0.0265625 0.09453125
0 0.31796875 0.38046875 0.0296875 0.17265625
0 0.190625 0.38984375 0.025 0.1515625
0 0.22109375 0.43046875 0.0296875 0.06015625
0 0.2859375 0.3921875 0.028125 0.17578125
0 0.2546875 0.4015625 0.02578125 0.13671875