0 0.94765625 0.46953125 0.1046875 0.0140625
0 0.94375 0.4546875 0.1109375 0.01640625
0 0.93828125 0.4390625 0.109375 0.0125
0 0.92265625 0.42578125 0.109375 0.01171875
0 0.796875 0.4703125 0.121875 0.01875
0 0.7953125 0.4515625 0.12734375 0.01796875
0 0.659375 0.4359375 0.1375 0.0203125
0 0.65859375 0.4546875 0.1359375 0.0171875
0 0.66015625 0.47265625 0.13671875 0.01640625
0 0.5078125 0.471875 0.16640625 0.01875
0 0.50546875 0.45 0.16171875 0.02265625
0 0.50703125 0.42890625 0.1609375 0.0203125
0 0.3453125 0.47265625 0.16328125 0.0203125
0 0.34375 0.45078125 0.16484375 0.02109375
0 0.34296875 0.4296875 0.16171875 0.01953125
0 0.1859375 0.43984375 0.1484375 0.03828125
0 0.18828125 0.4640625 0.14921875 0.01171875
0 0.18828125 0.478125 0.14375 0.01328125
0 0.09375 0.45078125 0.03984375 0.06484375
0 0.04921875 0.4515625 0.0453125 0.06484375
0 0.01328125 0.45234375 0.02578125 0.0625
0 0.05703125 0.53515625 0.1140625 0.0234375
0 0.05546875 0.55625 0.1109375 0.01796875
0 0.94921875 0.359375 0.1015625 0.02265625
0 0.1921875 0.53359375 0.15546875 0.02421875
0 0.35546875 0.61640625 0.1390625 0.015625
0 0.35703125 0.63359375 0.1375 0.0171875
0 0.20546875 0.634375 0.153125 0.0140625
0 0.946875 0.1984375 0.10625 0.015625
0 0.0625 0.615625 0.125 0.01875
0 0.06171875 0.5984375 0.1234375 0.01875
0 0.94375 0.54921875 0.0859375 0.01875
0 0.94375 0.53359375 0.0859375 0.0125
0 0.94453125 0.5203125 0.08359375 0.01328125
0 0.94453125 0.50625 0.08359375 0.0140625
0 0.94921875 0.38125 0.10078125 0.02265625
0 0.81640625 0.515625 0.13046875 0.0125
0 0.83046875 0.54921875 0.125 0.01796875
0 0.67109375 0.55078125 0.1453125 0.0140625
0 0.6671875 0.53359375 0.14453125 0.01640625
0 0.66171875 0.51640625 0.15546875 0.0171875
0 0.50546875 0.55078125 0.15859375 0.01953125
0 0.49921875 0.53046875 0.14453125 0.021875
0 0.34609375 0.51328125 0.15703125 0.02109375
0 0.34765625 0.53359375 0.15390625 0.01953125
0 0.34921875 0.5546875 0.1515625 0.02109375
0 0.18828125 0.5546875 0.159375 0.01796875
0 0.8203125 0.53125 0.12734375 0.01796875
0 0.1953125 0.5125 0.14609375 0.01875
0 0.82421875 0.384375 0.12109375 0.01953125
0 0.828125 0.36484375 0.12421875 0.01953125
0 0.3421875 0.30703125 0.16015625 0.0203125
0 0.3375 0.2859375 0.15390625 0.02109375
0 0.3375 0.2640625 0.15546875 0.02265625
0 0.1828125 0.27109375 0.14921875 0.0203125
0 0.18359375 0.290625 0.15234375 0.01953125
0 0.18359375 0.309375 0.15078125 0.0171875
0 0.05390625 0.28515625 0.1078125 0.0703125
0 0.34140625 0.1703125 0.16015625 0.025
0 0.4984375 0.1765625 0.1515625 0.01640625
0 0.63984375 0.17578125 0.12734375 0.0203125
0 0.5 0.30546875 0.1546875 0.0234375
0 0.7734375 0.1765625 0.1375 0.0296875
0 0.6390625 0.215625 0.13203125 0.01796875
0 0.63671875 0.19609375 0.13046875 0.02109375
0 0.18046875 0.19609375 0.16015625 0.02265625
0 0.34140625 0.19453125 0.159375 0.02421875
0 0.49609375 0.19609375 0.15078125 0.01796875
0 0.18359375 0.21875 0.15859375 0.021875
0 0.340625 0.21796875 0.15859375 0.02265625
0 0.4984375 0.215625 0.15078125 0.01796875
0 0.86640625 0.18515625 0.0484375 0.07265625
0 0.94765625 0.1828125 0.103125 0.01484375
0 0.77265625 0.2078125 0.1375 0.03203125
0 0.35546875 0.596875 0.13828125 0.021875
0 0.4984375 0.2828125 0.15859375 0.0203125
0 0.65546875 0.259375 0.16328125 0.02109375
0 0.828125 0.34765625 0.12890625 0.0140625
0 0.68671875 0.3875 0.15625 0.0203125
0 0.6859375 0.36640625 0.1546875 0.02109375
0 0.68671875 0.3453125 0.153125 0.0203125
0 0.528125 0.390625 0.15703125 0.0203125
0 0.52890625 0.36796875 0.15546875 0.0203125
0 0.3671875 0.3484375 0.16171875 0.025
0 0.36875 0.36953125 0.16484375 0.0171875
0 0.36171875 0.3921875 0.16796875 0.021875
0 0.1921875 0.3921875 0.1671875 0.0203125
0 0.496875 0.2609375 0.15234375 0.0234375
0 0.19375 0.36875 0.159375 0.025
0 0.075 0.3703125 0.03515625 0.06640625
0 0.03515625 0.37109375 0.0421875 0.0640625
0 0.93671875 0.3 0.12578125 0.01796875
0 0.9359375 0.28046875 0.128125 0.01953125
0 0.93359375 0.2609375 0.1328125 0.015625
0 0.80625 0.26484375 0.12421875 0.0203125
0 0.8078125 0.28359375 0.128125 0.01796875
0 0.80859375 0.30234375 0.12890625 0.01640625
0 0.6609375 0.30234375 0.165625 0.01953125
0 0.65859375 0.28203125 0.16171875 0.02265625
0 0.18984375 0.34765625 0.1671875 0.01875
0 0.20546875 0.59453125 0.15 0.01953125
0 0.06015625 0.6375 0.1203125 0.0203125
0 0.50078125 0.59296875 0.13671875 0.01875
0 0.80078125 0.075 0.1359375 0.01328125
0 0.88671875 0.09609375 0.0296875 0.075
0 0.6671875 0.09140625 0.13359375 0.01484375
0 0.80234375 0.08984375 0.13046875 0.01640625
0 0.66953125 0.10859375 0.1375 0.015625
0 0.8046875 0.1078125 0.13125 0.01875
0 0.66875 0.125 0.13671875 0.01484375
0 0.80625 0.125 0.12890625 0.01484375
0 0.95234375 0.08125 0.0953125 0.0171875
0 0.953125 0.09453125 0.09375 0.0109375
0 0.953125 0.11015625 0.09296875 0.01875
0 0.665625 0.075 0.13125 0.01328125
0 0.95234375 0.12578125 0.09453125 0.0109375
0 0.040625 0.19375 0.03671875 0.06875
0 0.0796875 0.19375 0.0421875 0.06953125
0 0.18125 0.17265625 0.16171875 0.0203125
0 0.87578125 0.75078125 0.02890625 0.02890625
0 0.80234375 0.7546875 0.11328125 0.02578125
0 0.803125 0.77578125 0.11640625 0.0171875
0 0.803125 0.7921875 0.1171875 0.015625
0 0.66875 0.79140625 0.153125 0.01875
0 0.66796875 0.77109375 0.15078125 0.02109375
0 0.66640625 0.75 0.15234375 0.0203125
0 0.515625 0.7515625 0.15 0.0234375
0 0.01171875 0.19296875 0.0234375 0.0671875
0 0.51484375 0.1296875 0.1578125 0.01484375
0 0.34609375 0.128125 0.1609375 0.01953125
0 0.18359375 0.128125 0.1625 0.0203125
0 0.82265625 0.84296875 0.14140625 0.028125
0 0.821875 0.8640625 0.140625 0.01484375
0 0.821875 0.88359375 0.140625 0.02265625
0 0.678125 0.884375 0.14765625 0.01953125
0 0.67734375 0.86484375 0.14453125 0.01796875
0 0.675 0.84453125 0.1453125 0.021875
0 0.52578125 0.88671875 0.153125 0.01796875
0 0.525 0.86640625 0.146875 0.02109375
0 0.521875 0.840625 0.15 0.0296875
0 0.37109375 0.83984375 0.14921875 0.02890625
0 0.371875 0.8640625 0.15 0.01953125
0 0.37265625 0.88515625 0.1484375 0.02265625
0 0.2171875 0.8859375 0.16015625 0.02109375
0 0.21328125 0.865625 0.153125 0.0171875
0 0.21484375 0.8421875 0.153125 0.0265625
0 0.06328125 0.8734375 0.1265625 0.05078125
0 0.87734375 0.78984375 0.025 0.01640625
0 0.8765625 0.7734375 0.025 0.0171875
0 0.0359375 0.10703125 0.03046875 0.0671875
0 0.0703125 0.10625 0.0390625 0.0671875
0 0.01015625 0.10703125 0.0203125 0.065625
0 0.184375 0.084375 0.1640625 0.0203125
0 0.34765625 0.08359375 0.1609375 0.02265625
0 0.18515625 0.10625 0.1625 0.02265625
0 0.346875 0.10703125 0.1625 0.02265625
0 0.5171875 0.77421875 0.15 0.0203125
0 0.20625 0.61484375 0.1515625 0.0203125
0 0.51484375 0.79375 0.15234375 0.01953125
0 0.36484375 0.77734375 0.140625 0.01875
0 0.0609375 0.69921875 0.121875 0.01953125
0 0.06015625 0.6796875 0.1203125 0.01953125
0 0.96953125 0.8296875 0.03125 0.0765625
0 0.36484375 0.7953125 0.140625 0.01640625
0 0.9609375 0.734375 0.0453125 0.05859375
0 0.91015625 0.74140625 0.02734375 0.08984375
0 0.95234375 0.646875 0.0421875 0.06640625
0 0.915625 0.64140625 0.03046875 0.078125
0 0.884375 0.62890625 0.03359375 0.01640625
0 0.88515625 0.6109375 0.03359375 0.01796875
0 0.884375 0.58984375 0.0359375 0.02109375
0 0.79375 0.628125 0.14609375 0.01796875
0 0.790625 0.61015625 0.15078125 0.01875
0 0.7890625 0.5921875 0.15234375 0.01875
0 0.6453125 0.6296875 0.1421875 0.01640625
0 0.64375 0.61171875 0.1390625 0.0203125
0 0.6421875 0.59296875 0.140625 0.0171875
0 0.50078125 0.63203125 0.14453125 0.01640625
0 0.50078125 0.6125 0.1421875 0.01953125
0 0.0609375 0.71796875 0.121875 0.0171875
0 0.2015625 0.67578125 0.15 0.01953125
0 0.925 0.8296875 0.05703125 0.0765625
0 0.2 0.715625 0.15546875 0.0171875
0 0.3640625 0.75859375 0.14453125 0.01875
0 0.21484375 0.796875 0.13984375 0.01484375
0 0.2171875 0.77890625 0.14140625 0.01953125
0 0.21875 0.759375 0.1421875 0.01953125
0 0.0671875 0.79609375 0.134375 0.0203125
0 0.06640625 0.778125 0.1328125 0.01796875
0 0.06640625 0.759375 0.13203125 0.01875
0 0.8046875 0.7109375 0.12265625 0.01796875
0 0.80625 0.6921875 0.11953125 0.0171875
0 0.8046875 0.671875 0.121875 0.02265625
0 0.2 0.69609375 0.1546875 0.02109375
0 0.946875 0.2140625 0.1046875 0.01484375
0 0.65390625 0.71171875 0.1515625 0.01953125
0 0.3515625 0.67265625 0.146875 0.0203125
0 0.35234375 0.69375 0.14453125 0.021875
0 0.35390625 0.7140625 0.15 0.0171875
0 0.5015625 0.67265625 0.15 0.02109375
0 0.50078125 0.6921875 0.1515625 0.01796875
0 0.503125 0.71171875 0.14765625 0.01953125
0 0.65625 0.6703125 0.15234375 0.01875
0 0.65234375 0.690625 0.14921875 0.02109375