0 0.53984375 0.3765625 0.05703125 0.06015625
0 0.48046875 0.37578125 0.04921875 0.06640625
0 0.428125 0.38828125 0.04296875 0.04609375
0 0.37265625 0.3890625 0.06328125 0.04609375
0 0.31015625 0.3890625 0.0484375 0.04453125
0 0.1546875 0.36796875 0.05859375 0.01484375
0 0.22421875 0.38828125 0.05234375 0.040625
0 0.1578125 0.39921875 0.05546875 0.01640625
0 0.15234375 0.3828125 0.053125 0.01328125
0 0.596875 0.37890625 0.0546875 0.0578125
0 0.09375 0.3828125 0.046875 0.0515625
0 0.27265625 0.3890625 0.025 0.0453125
0 0.65078125 0.3796875 0.0515625 0.059375
0 0.8421875 0.396875 0.065625 0.0328125
0 0.7046875 0.37890625 0.015625 0.06171875
0 0.725 0.378125 0.021875 0.06015625
0 0.78515625 0.3953125 0.0515625 0.0359375
0 0.98203125 0.29296875 0.0359375 0.0625
0 0.8015625 0.365625 0.05546875 0.01953125
0 0.94296875 0.409375 0.0609375 0.06875
0 0.796875 0.6203125 0.0375 0.06015625
0 0.8375 0.61875 0.04296875 0.0625
0 0.0359375 0.453125 0.0671875 0.01640625
0 0.03359375 0.47109375 0.06328125 0.01875
0 0.034375 0.4890625 0.06484375 0.0140625
0 0.12109375 0.4546875 0.05078125 0.053125
0 0.178125 0.4546875 0.05859375 0.05390625
0 0.6875 0.378125 0.01953125 0.0625
0 0.92890625 0.296875 0.0625 0.05859375
0 0.80625 0.29453125 0.01875 0.0515625
0 0.84921875 0.284375 0.0234375 0.071875
0 0.49921875 0.625 0.103125 0.01484375
0 0.4984375 0.640625 0.10234375 0.0171875
0 0.61484375 0.60625 0.1046875 0.0140625
0 0.61640625 0.62578125 0.10625 0.015625
0 0.615625 0.640625 0.10078125 0.0125
0 0.72265625 0.61640625 0.0984375 0.0171875
0 0.25859375 0.2484375 0.09140625 0.01484375
0 0.2578125 0.2625 0.0890625 0.0078125
0 0.25 0.27109375 0.090625 0.0078125
0 0.221875 0.3 0.09453125 0.0265625
0 0.31875 0.3015625 0.1 0.02734375
0 0.42109375 0.2796875 0.10078125 0.015625
0 0.41953125 0.2953125 0.0921875 0.01328125
0 0.4203125 0.3109375 0.09453125 0.01796875
0 0.515625 0.284375 0.08515625 0.00859375
0 0.51640625 0.296875 0.0875 0.01328125
0 0.51796875 0.3109375 0.08984375 0.01484375
0 0.6125 0.30234375 0.0859375 0.0359375
0 0.6734375 0.28203125 0.02109375 0.0703125
0 0.69453125 0.2828125 0.0203125 0.0703125
0 0.71796875 0.2828125 0.025 0.07109375
0 0.74296875 0.284375 0.0234375 0.06875
0 0.72421875 0.63984375 0.096875 0.0171875
0 0.76640625 0.2859375 0.02421875 0.0703125
0 0.78828125 0.2859375 0.01640625 0.0703125
0 0.23671875 0.45078125 0.04296875 0.05234375
0 0.828125 0.28515625 0.01953125 0.0703125
0 0.875 0.28203125 0.02421875 0.0703125
0 0.40078125 0.81171875 0.0421875 0.05078125
0 0.44140625 0.81015625 0.0375 0.05
0 0.4 0.45546875 0.05 0.05
0 0.04375 0.809375 0.02421875 0.06484375
0 0.0765625 0.80546875 0.03828125 0.0734375
0 0.15234375 0.8125 0.0875 0.01796875
0 0.15 0.83046875 0.09609375 0.015625
0 0.22421875 0.80390625 0.03828125 0.07109375
0 0.265625 0.80390625 0.04453125 0.07109375
0 0.3125 0.80234375 0.04140625 0.07109375
0 0.3578125 0.80390625 0.04296875 0.06875
0 0.3078125 0.53984375 0.0359375 0.05234375
0 0.34921875 0.54140625 0.0375 0.05234375
0 0.390625 0.5390625 0.04375 0.0515625
0 0.43046875 0.540625 0.03359375 0.05234375
0 0.46953125 0.53671875 0.04453125 0.0578125
0 0.509375 0.5375 0.03359375 0.0578125
0 0.55625 0.5421875 0.03046875 0.05234375
0 0.5921875 0.53984375 0.0375 0.05234375
0 0.634375 0.540625 0.0359375 0.05234375
0 0.51640625 0.79296875 0.10390625 0.0109375
0 0.35078125 0.61640625 0.05390625 0.0671875
0 0.29609375 0.6140625 0.0546875 0.0640625
0 0.240625 0.61484375 0.05390625 0.0671875
0 0.18359375 0.61484375 0.06015625 0.0671875
0 0.1296875 0.6171875 0.046875 0.0640625
0 0.01953125 0.7984375 0.0171875 0.06171875
0 0.0203125 0.63984375 0.0359375 0.0234375
0 0.9140625 0.503125 0.05 0.075
0 0.84609375 0.53046875 0.046875 0.07109375
0 0.79453125 0.53125 0.04609375 0.0734375
0 0.74921875 0.53984375 0.03984375 0.04921875
0 0.71015625 0.5375 0.03515625 0.05390625
0 0.67265625 0.53828125 0.04140625 0.0546875
0 0.96796875 0.5046875 0.05625 0.07265625
0 0.34453125 0.45390625 0.04609375 0.046875
0 0.98515625 0.7078125 0.0296875 0.07734375
0 0.884375 0.70703125 0.0515625 0.07890625
0 0.44921875 0.45546875 0.04453125 0.05234375
0 0.50859375 0.45625 0.0453125 0.05390625
0 0.565625 0.45546875 0.0484375 0.05234375
0 0.62109375 0.4578125 0.05703125 0.053125
0 0.67109375 0.4546875 0.0421875 0.0515625
0 0.725 0.4546875 0.05546875 0.0515625
0 0.815625 0.465625 0.0875 0.0359375
0 0.0453125 0.5625 0.08125 0.01796875
0 0.109375 0.5390625 0.03203125 0.0546875
0 0.14453125 0.5390625 0.03828125 0.05390625
0 0.18671875 0.53828125 0.04453125 0.05234375
0 0.2265625 0.5375 0.03515625 0.05390625
0 0.2671875 0.53984375 0.0390625 0.0578125
0 0.8890625 0.6015625 0.03046875 0.0765625
0 0.93984375 0.5984375 0.04296875 0.0703125
0 0.12265625 0.69609375 0.09609375 0.01796875
0 0.11484375 0.71796875 0.10625 0.0171875
0 0.8140625 0.7015625 0.0296875 0.06328125
0 0.77421875 0.709375 0.04375 0.0609375
0 0.728125 0.69765625 0.04140625 0.0640625
0 0.6859375 0.6984375 0.03359375 0.06171875
0 0.65 0.7140625 0.0296875 0.065625
0 0.61640625 0.71875 0.03828125 0.0578125
0 0.93984375 0.70625 0.05390625 0.07734375
0 0.5671875 0.71015625 0.046875 0.07109375
0 0.43203125 0.73984375 0.07578125 0.01953125
0 0.434375 0.68828125 0.07578125 0.01953125
0 0.33671875 0.74140625 0.10703125 0.01484375
0 0.33671875 0.728125 0.103125 0.0109375
0 0.33515625 0.71640625 0.09921875 0.0109375
0 0.1140625 0.73984375 0.10390625 0.01953125
0 0.51015625 0.70625 0.0609375 0.0796875
0 0.2921875 0.45546875 0.04765625 0.0484375
0 0.4140625 0.61484375 0.059375 0.065625
0 0.953125 0.803125 0.0640625 0.0734375
0 0.51484375 0.81171875 0.08828125 0.01484375
0 0.5125 0.82890625 0.09140625 0.015625
0 0.8765625 0.8015625 0.06484375 0.075
0 0.6296875 0.80234375 0.04453125 0.06328125
0 0.66796875 0.81015625 0.03125 0.05390625
0 0.021875 0.29921875 0.0265625 0.0609375
0 0.703125 0.80859375 0.0375 0.05625
0 0.73984375 0.81328125 0.03515625 0.053125
0 0.7734375 0.8109375 0.02890625 0.0515625
0 0.815625 0.80078125 0.05390625 0.071875
0 0.09609375 0.29765625 0.04765625 0.03671875
0 0.14609375 0.3 0.05390625 0.03359375
0 0.50234375 0.6078125 0.10078125 0.0171875
0 0.0515625 0.30078125 0.03125 0.0609375