0 0.69921875 0.415625 0.03828125 0.08515625
0 0.61875 0.4109375 0.0359375 0.084375
0 0.65859375 0.4140625 0.03671875 0.084375
0 0.78671875 0.421875 0.03828125 0.08515625
0 0.5453125 0.42421875 0.0265625 0.08984375
0 0.83125 0.69609375 0.04609375 0.08671875
0 0.78984375 0.66953125 0.03203125 0.06796875
0 0.73984375 0.67890625 0.03828125 0.078125
0 0.69765625 0.6703125 0.04140625 0.07890625
0 0.65390625 0.66171875 0.040625 0.0796875
0 0.6109375 0.6546875 0.03671875 0.07734375
0 0.57109375 0.6484375 0.0390625 0.08046875
0 0.534375 0.6390625 0.03515625 0.0734375
0 0.934375 0.58984375 0.0234375 0.084375
0 0.89453125 0.58515625 0.04609375 0.08984375
0 0.74296875 0.41953125 0.03828125 0.08515625
0 0.84453125 0.578125 0.04765625 0.08671875
0 0.746875 0.56640625 0.040625 0.0890625
0 0.5796875 0.40859375 0.0359375 0.08515625
0 0.5890625 0.53125 0.01171875 0.06640625
0 0.70390625 0.559375 0.0375 0.078125
0 0.67109375 0.54296875 0.01953125 0.06796875
0 0.61640625 0.546875 0.0390625 0.078125
0 0.5453125 0.53828125 0.04296875 0.078125
0 0.95 0.4578125 0.034375 0.0921875
0 0.90625 0.4546875 0.04296875 0.090625
0 0.85234375 0.45 0.04296875 0.09140625
0 0.7921875 0.57265625 0.0453125 0.08515625
0 0.959375 0.3359375 0.03828125 0.08125
0 0.21484375 0.46484375 0.028125 0.06953125
0 0.87421875 0.3296875 0.0375 0.08125
0 0.009375 0.575 0.01875 0.07109375
0 0.03359375 0.58125 0.025 0.075
0 0.05703125 0.58359375 0.015625 0.07421875
0 0.0109375 0.68203125 0.01953125 0.06640625
0 0.0328125 0.6875 0.02265625 0.0640625
0 0.05703125 0.6953125 0.02109375 0.06328125
0 0.18359375 0.08203125 0.03046875 0.090625
0 0.21875 0.08046875 0.03515625 0.08828125
0 0.25546875 0.071875 0.03046875 0.10703125
0 0.28671875 0.0671875 0.03046875 0.10703125
0 0.32265625 0.06484375 0.0375 0.1109375
0 0.36328125 0.0625 0.03671875 0.109375
0 0.403125 0.05859375 0.03671875 0.11015625
0 0.209375 0.17890625 0.03359375 0.0671875
0 0.29765625 0.175 0.03671875 0.075
0 0.334375 0.17421875 0.034375 0.0765625
0 0.371875 0.175 0.03359375 0.0765625
0 0.4078125 0.17421875 0.034375 0.07578125
0 0.18046875 0.28203125 0.02734375 0.08125
0 0.21328125 0.28125 0.0296875 0.08203125
0 0.24296875 0.28203125 0.02421875 0.08125
0 0.271875 0.2828125 0.03125 0.08203125
0 0.30546875 0.28359375 0.03046875 0.0828125
0 0.33515625 0.2828125 0.025 0.08359375
0 0.365625 0.28203125 0.02890625 0.08125
0 0.91796875 0.3328125 0.03828125 0.08125
0 0.190625 0.36796875 0.028125 0.07109375
0 0.21953125 0.371875 0.025 0.0671875
0 0.2484375 0.375 0.0296875 0.06796875
0 0.0515625 0.4890625 0.015625 0.075
0 0.28046875 0.37734375 0.02890625 0.06875
0 0.0265625 0.48671875 0.0296875 0.08203125
0 0.02734375 0.39140625 0.0234375 0.08046875
0 0.88671875 0.92265625 0.0265625 0.0609375
0 0.8484375 0.91484375 0.04296875 0.0671875
0 0.8 0.89921875 0.04296875 0.06640625
0 0.753125 0.88671875 0.03828125 0.06484375
0 0.71328125 0.87578125 0.03671875 0.0640625
0 0.67265625 0.86484375 0.03828125 0.06328125
0 0.63203125 0.85390625 0.0390625 0.06484375
0 0.59609375 0.84453125 0.03203125 0.0625
0 0.5578125 0.834375 0.03984375 0.0640625
0 0.51953125 0.8234375 0.034375 0.065625
0 0.8984375 0.828125 0.03046875 0.07734375
0 0.8546875 0.81875 0.0421875 0.07890625
0 0.809375 0.8078125 0.0421875 0.08125
0 0.76484375 0.79609375 0.03828125 0.0765625
0 0.721875 0.7859375 0.0375 0.078125
0 0.68046875 0.77734375 0.03984375 0.078125
0 0.6390625 0.76484375 0.03515625 0.07109375
0 0.5984375 0.75703125 0.0390625 0.07265625
0 0.5609375 0.7484375 0.034375 0.07265625
0 0.5234375 0.7390625 0.03671875 0.07734375
0 0.91875 0.7109375 0.02578125 0.08359375
0 0.88046875 0.70546875 0.04296875 0.08359375
0 0.0296875 0.0796875 0.03359375 0.0859375
0 0.0109375 0.190625 0.021875 0.071875
0 0.0375 0.1890625 0.02734375 0.078125
0 0.00625 0.2921875 0.01171875 0.078125
0 0.0265625 0.29296875 0.02265625 0.08046875
0 0.046875 0.29140625 0.01484375 0.07734375
0 0.00703125 0.38828125 0.0140625 0.0796875
0 0.0484375 0.39296875 0.015625 0.07734375
0 0.309375 0.37890625 0.028125 0.06953125
0 0.40078125 0.28125 0.034375 0.0765625
0 0.37265625 0.3859375 0.0296875 0.06875
0 0.60859375 0.109375 0.028125 0.071875
0 0.6421875 0.10546875 0.03203125 0.071875
0 0.67734375 0.10234375 0.03203125 0.071875
0 0.33984375 0.38125 0.03203125 0.06875
0 0.753125 0.096875 0.03828125 0.07265625
0 0.7984375 0.096875 0.03828125 0.07265625
0 0.84296875 0.09296875 0.03828125 0.07265625
0 0.8890625 0.0890625 0.0390625 0.07578125
0 0.934375 0.08671875 0.03828125 0.07578125
0 0.97890625 0.08359375 0.03828125 0.07578125
0 0.55859375 0.2234375 0.03359375 0.078125
0 0.5984375 0.221875 0.03359375 0.078125
0 0.63515625 0.22109375 0.03359375 0.078125
0 0.6765625 0.22265625 0.03828125 0.08203125
0 0.715625 0.22109375 0.034375 0.08203125
0 0.75703125 0.2234375 0.040625 0.0828125
0 0.803125 0.22265625 0.040625 0.0828125
0 0.84765625 0.21953125 0.040625 0.0828125
0 0.8921875 0.21953125 0.040625 0.0828125
0 0.93828125 0.22109375 0.04296875 0.0875
0 0.98125 0.221875 0.0375 0.0890625
0 0.55390625 0.32265625 0.03203125 0.06953125
0 0.58828125 0.32265625 0.03203125 0.06953125
0 0.6265625 0.32421875 0.03203125 0.07421875
0 0.66328125 0.325 0.0328125 0.075
0 0.7 0.325 0.03203125 0.07421875
0 0.740625 0.328125 0.03828125 0.08125
0 0.7859375 0.32890625 0.0375 0.08125
0 0.82734375 0.33203125 0.0375 0.08125
0 0.5765625 0.1078125 0.03359375 0.06953125
0 0.3296875 0.75703125 0.03125 0.08359375
0 0.7140625 0.1 0.03203125 0.071875
0 0.27109375 0.740625 0.02734375 0.084375
0 0.403125 0.3875 0.028125 0.071875
0 0.184375 0.46171875 0.02578125 0.06796875
0 0.24453125 0.4671875 0.02734375 0.0703125
0 0.271875 0.46875 0.0265625 0.071875
0 0.30234375 0.475 0.02734375 0.0671875
0 0.3328125 0.47890625 0.03125 0.07265625
0 0.3625 0.4828125 0.02890625 0.07109375
0 0.2984375 0.7484375 0.025 0.08046875
0 0.184375 0.54609375 0.0265625 0.0625
0 0.2140625 0.5515625 0.028125 0.06328125
0 0.24296875 0.5578125 0.025 0.065625
0 0.27109375 0.56171875 0.02734375 0.065625
0 0.3015625 0.5640625 0.03125 0.0671875
0 0.33125 0.57109375 0.02578125 0.0671875
0 0.396875 0.484375 0.03203125 0.06640625
0 0.39453125 0.58203125 0.0328125 0.065625
0 0.36171875 0.5765625 0.03046875 0.06640625
0 0.21796875 0.725 0.02265625 0.07421875
0 0.1875 0.715625 0.0296875 0.07109375
0 0.40546875 0.68203125 0.01484375 0.0640625
0 0.38203125 0.67890625 0.02734375 0.06484375
0 0.34921875 0.66796875 0.02890625 0.06328125
0 0.2453125 0.73125 0.02265625 0.08046875
0 0.29296875 0.65703125 0.02578125 0.06171875
0 0.26328125 0.65078125 0.02890625 0.06171875
0 0.2375 0.64453125 0.021875 0.059375
0 0.2109375 0.63984375 0.02578125 0.05703125
0 0.18359375 0.634375 0.025 0.05859375
0 0.3203125 0.6625 0.02421875 0.06171875