0 0.03125 0.5625 0.05859375 0.034375
0 0.78046875 0.29921875 0.053125 0.08125
0 0.2234375 0.30625 0.04609375 0.071875
0 0.171875 0.30703125 0.05234375 0.075
0 0.11484375 0.3109375 0.05078125 0.07265625
0 0.87265625 0.28046875 0.09375 0.03515625
0 0.06015625 0.31015625 0.05625 0.075
0 0.96484375 0.44609375 0.06796875 0.021875
0 0.8234375 0.1796875 0.0765625 0.03125
0 0.82890625 0.14765625 0.08515625 0.03125
0 0.903125 0.1328125 0.05234375 0.025
0 0.89765625 0.1578125 0.06015625 0.025
0 0.90078125 0.1828125 0.0671875 0.0234375
0 0.9609375 0.15546875 0.05078125 0.078125
0 0.95625 0.04609375 0.05078125 0.0640625
0 0.90234375 0.04453125 0.05703125 0.0671875
0 0.8421875 0.04375 0.0546875 0.065625
0 0.27109375 0.309375 0.04765625 0.06796875
0 0.31953125 0.3109375 0.04453125 0.065625
0 0.3640625 0.30859375 0.040625 0.0703125
0 0.4375 0.2875 0.1015625 0.0390625
0 0.2859375 0.1859375 0.08203125 0.03046875
0 0.375 0.18515625 0.08203125 0.0296875
0 0.3734375 0.146875 0.08359375 0.0328125
0 0.453125 0.1828125 0.0609375 0.028125
0 0.51484375 0.18359375 0.059375 0.025
0 0.45078125 0.15078125 0.0625 0.02734375
0 0.5140625 0.15078125 0.05703125 0.0265625
0 0.790625 0.04609375 0.04921875 0.0625
0 0.57265625 0.18203125 0.05625 0.02421875
0 0.63125 0.15703125 0.06171875 0.02265625
0 0.63203125 0.184375 0.05859375 0.02421875
0 0.7234375 0.13515625 0.1171875 0.0328125
0 0.7234375 0.17578125 0.11953125 0.03671875
0 0.7234375 0.29921875 0.05859375 0.08125
0 0.65859375 0.309375 0.05234375 0.0640625
0 0.4375 0.3265625 0.10234375 0.0375
0 0.571875 0.1578125 0.05546875 0.0234375
0 0.7421875 0.046875 0.05 0.0640625
0 0.68984375 0.04609375 0.05 0.0640625
0 0.60703125 0.04765625 0.115625 0.065625
0 0.8640625 0.553125 0.10546875 0.0390625
0 0.959375 0.55234375 0.08125 0.0390625
0 0.06953125 0.4234375 0.07421875 0.0265625
0 0.07109375 0.453125 0.0765625 0.021875
0 0.128125 0.42890625 0.03828125 0.0703125
0 0.16953125 0.43046875 0.0421875 0.06875
0 0.209375 0.43046875 0.03671875 0.06875
0 0.75625 0.5546875 0.09765625 0.0421875
0 0.2609375 0.45078125 0.06328125 0.02265625
0 0.38515625 0.4484375 0.059375 0.0265625
0 0.440625 0.44765625 0.04921875 0.028125
0 0.50078125 0.44609375 0.05703125 0.02734375
0 0.4984375 0.4140625 0.05625 0.03046875
0 0.56328125 0.44609375 0.05625 0.0296875
0 0.62265625 0.44609375 0.059375 0.0296875
0 0.6796875 0.446875 0.05390625 0.0296875
0 0.3234375 0.44765625 0.0609375 0.0265625
0 0.28203125 0.14921875 0.08359375 0.028125
0 0.67890625 0.5609375 0.05859375 0.028125
0 0.55859375 0.5625 0.05859375 0.0296875
0 0.49140625 0.05546875 0.1171875 0.05078125
0 0.40234375 0.046875 0.0546875 0.07265625
0 0.34375 0.046875 0.0484375 0.075
0 0.28828125 0.05234375 0.0671875 0.06484375
0 0.10703125 0.065625 0.11640625 0.046875
0 0.209375 0.05390625 0.0875 0.0703125
0 0.96484375 0.42109375 0.06875 0.025
0 0.6171875 0.56015625 0.06015625 0.02890625
0 0.89375 0.415625 0.07109375 0.028125
0 0.821875 0.4171875 0.0703125 0.0265625
0 0.8203125 0.44609375 0.06640625 0.02421875
0 0.74921875 0.446875 0.07578125 0.0234375
0 0.746875 0.4203125 0.0734375 0.02734375
0 0.678125 0.4140625 0.05234375 0.03046875
0 0.4296875 0.5625 0.071875 0.0265625
0 0.496875 0.5609375 0.06171875 0.0265625
0 0.89140625 0.4453125 0.06484375 0.0234375
0 0.19921875 0.1859375 0.08359375 0.028125
0 0.35546875 0.5625 0.07578125 0.02578125
0 0.67734375 0.5296875 0.05859375 0.0265625
0 0.3875 0.659375 0.06953125 0.0265625
0 0.46015625 0.66015625 0.06484375 0.0265625
0 0.525 0.66171875 0.05234375 0.021875
0 0.58359375 0.6625 0.05390625 0.0203125
0 0.63984375 0.64140625 0.03828125 0.059375
0 0.6875 0.646875 0.04453125 0.05078125
0 0.73125 0.646875 0.04453125 0.05
0 0.3109375 0.65546875 0.07421875 0.03359375
0 0.809375 0.64375 0.03515625 0.046875
0 0.8640625 0.6625 0.065625 0.0203125
0 0.93828125 0.63828125 0.06875 0.03125
0 0.93984375 0.66484375 0.06875 0.021875
0 0.27578125 0.5296875 0.07734375 0.02578125
0 0.19296875 0.53203125 0.07421875 0.0296875
0 0.10546875 0.52578125 0.09296875 0.0296875
0 0.0296875 0.52578125 0.059375 0.0359375
0 0.8640625 0.6359375 0.06640625 0.03125
0 0.11015625 0.56171875 0.08828125 0.0328125
0 0.228125 0.65625 0.07890625 0.0296875
0 0.08359375 0.6671875 0.0625 0.01875
0 0.87109375 0.3203125 0.1046875 0.03671875
0 0.9578125 0.30859375 0.06796875 0.06171875
0 0.0125 0.1765625 0.025 0.05625
0 0.05078125 0.1765625 0.0390625 0.05625
0 0.11171875 0.15703125 0.0765625 0.03359375
0 0.1140625 0.1875 0.08125 0.02734375
0 0.19765625 0.15546875 0.07890625 0.03125
0 0.1515625 0.66796875 0.06640625 0.01875
0 0.87578125 0.72890625 0.05546875 0.021875
0 0.9421875 0.75390625 0.0734375 0.0203125
0 0.58984375 0.63671875 0.0625 0.0203125
0 0.53046875 0.63828125 0.05078125 0.025
0 0.46171875 0.6296875 0.06875 0.025
0 0.3890625 0.628125 0.06953125 0.0296875
0 0.1515625 0.6390625 0.0625 0.0265625
0 0.084375 0.64296875 0.0640625 0.021875
0 0.9421875 0.72421875 0.0640625 0.025
0 0.559375 0.4140625 0.06328125 0.028125
0 0.034375 0.83828125 0.06875 0.0546875
0 0.16171875 0.84140625 0.03359375 0.0546875
0 0.33359375 0.7484375 0.084375 0.028125
0 0.41953125 0.75078125 0.08046875 0.0296875
0 0.50078125 0.75234375 0.0828125 0.0265625
0 0.590625 0.75390625 0.0828125 0.0296875
0 0.66875 0.7546875 0.07109375 0.0265625
0 0.7453125 0.7546875 0.0734375 0.025
0 0.81328125 0.75625 0.05546875 0.021875
0 0.50234375 0.7203125 0.08046875 0.0234375
0 0.875 0.7546875 0.05390625 0.021875
0 0.19140625 0.56640625 0.06953125 0.025
0 0.27578125 0.5625 0.07734375 0.028125
0 0.36171875 0.534375 0.07734375 0.0203125
0 0.4328125 0.5328125 0.06484375 0.0234375
0 0.49921875 0.5328125 0.06171875 0.01875
0 0.55703125 0.528125 0.05078125 0.02890625
0 0.61484375 0.528125 0.06015625 0.0296875
0 0.81640625 0.72734375 0.05234375 0.0234375
0 0.10703125 0.84375 0.07265625 0.05078125
0 0.590625 0.721875 0.08515625 0.0265625
0 0.74921875 0.728125 0.06796875 0.02421875
0 0.19375 0.840625 0.02578125 0.0515625
0 0.2203125 0.84296875 0.02265625 0.05
0 0.26484375 0.84375 0.06328125 0.046875
0 0.33984375 0.8453125 0.07109375 0.04453125
0 0.4171875 0.846875 0.07578125 0.0421875
0 0.48359375 0.85 0.053125 0.0390625
0 0.53828125 0.8390625 0.05546875 0.0578125
0 0.6765625 0.725 0.06953125 0.025
0 0.59921875 0.84375 0.05546875 0.0328125
0 0.74296875 0.8515625 0.06328125 0.03125
0 0.81953125 0.85234375 0.06171875 0.03359375
0 0.89140625 0.8484375 0.06171875 0.03984375
0 0.95546875 0.8484375 0.059375 0.0375
0 0.1015625 0.746875 0.08203125 0.0375
0 0.18125 0.740625 0.07109375 0.046875
0 0.25546875 0.740625 0.06640625 0.05
0 0.66875 0.846875 0.07421875 0.034375
0 0.621875 0.4140625 0.06015625 0.0296875