0 0.025 0.23046875 0.04765625 0.053125
0 0.63125 0.47890625 0.0484375 0.0734375
0 0.3953125 0.3359375 0.0671875 0.090625
0 0.5796875 0.47890625 0.053125 0.071875
0 0.53046875 0.48046875 0.04453125 0.075
0 0.48046875 0.48125 0.0515625 0.071875
0 0.42890625 0.48125 0.04921875 0.071875
0 0.3796875 0.49453125 0.04453125 0.046875
0 0.33671875 0.49375 0.04296875 0.0453125
0 0.29609375 0.49375 0.03359375 0.0484375
0 0.2453125 0.4921875 0.06171875 0.0546875
0 0.18203125 0.50078125 0.06015625 0.0375
0 0.15625 0.38359375 0.0328125 0.1875
0 0.11640625 0.4984375 0.06171875 0.0390625
0 0.0234375 0.49609375 0.04609375 0.046875
0 0.98125 0.353125 0.03671875 0.04375
0 0.93984375 0.3390625 0.03984375 0.07421875
0 0.89609375 0.340625 0.04609375 0.0734375
0 0.8484375 0.33671875 0.04765625 0.075
0 0.80234375 0.33828125 0.046875 0.07265625
0 0.76015625 0.34375 0.0421875 0.06875
0 0.7171875 0.34453125 0.0453125 0.06875
0 0.66953125 0.3375 0.04765625 0.075
0 0.6234375 0.34609375 0.04453125 0.0671875
0 0.5734375 0.3390625 0.0578125 0.0828125
0 0.46484375 0.3515625 0.07421875 0.059375
0 0.3328125 0.3375 0.06015625 0.0921875
0 0.065625 0.49921875 0.0390625 0.040625
0 0.66953125 0.6953125 0.05390625 0.05703125
0 0.7390625 0.4796875 0.046875 0.065625
0 0.7828125 0.796875 0.065625 0.046875
0 0.71953125 0.79921875 0.0609375 0.05234375
0 0.65234375 0.80078125 0.06953125 0.05
0 0.53203125 0.79609375 0.06875 0.053125
0 0.3984375 0.81015625 0.06015625 0.04375
0 0.3359375 0.8109375 0.06640625 0.04375
0 0.27109375 0.8109375 0.05859375 0.05
0 0.2015625 0.80546875 0.07734375 0.06171875
0 0.12421875 0.80625 0.07890625 0.06328125
0 0.0484375 0.8078125 0.07265625 0.0609375
0 0.9859375 0.68359375 0.028125 0.053125
0 0.9265625 0.68828125 0.034375 0.0625
0 0.89296875 0.69375 0.03125 0.05546875
0 0.83984375 0.6921875 0.0625 0.059375
0 0.78203125 0.69453125 0.053125 0.0546875
0 0.85 0.80234375 0.07109375 0.0328125
0 0.853125 0.77578125 0.06640625 0.01875
0 0.91328125 0.7921875 0.05390625 0.04296875
0 0.9703125 0.7921875 0.05859375 0.03984375
0 0.971875 0.89921875 0.05625 0.0859375
0 0.91953125 0.896875 0.0421875 0.075
0 0.86796875 0.9 0.06015625 0.0703125
0 0.8 0.9 0.07421875 0.0734375
0 0.70859375 0.890625 0.10390625 0.0984375
0 0.62109375 0.8953125 0.07109375 0.096875
0 0.5421875 0.90625 0.08515625 0.075
0 0.7265625 0.6828125 0.0578125 0.0296875
0 0.465625 0.91015625 0.06796875 0.0796875
0 0.290625 0.91875 0.0625 0.07578125
0 0.22734375 0.921875 0.06328125 0.0734375
0 0.16640625 0.9359375 0.06015625 0.040625
0 0.10234375 0.925 0.06171875 0.02265625
0 0.040625 0.9265625 0.0640625 0.0265625
0 0.10625 0.95 0.0625 0.025
0 0.04375 0.95078125 0.06484375 0.021875
0 0.39765625 0.8953125 0.06796875 0.071875
0 0.72578125 0.7109375 0.059375 0.025
0 0.2703125 0.33828125 0.06171875 0.0875
0 0.6125 0.6984375 0.05859375 0.06171875
0 0.54765625 0.5796875 0.05625 0.075
0 0.4921875 0.5796875 0.05390625 0.075
0 0.43515625 0.58125 0.0578125 0.0734375
0 0.3109375 0.56328125 0.053125 0.0328125
0 0.37578125 0.571875 0.0609375 0.02421875
0 0.37421875 0.6015625 0.0609375 0.03125
0 0.31171875 0.6015625 0.0625 0.040625
0 0.60234375 0.58359375 0.05546875 0.0640625
0 0.2578125 0.59609375 0.04765625 0.0515625
0 0.17734375 0.59453125 0.03671875 0.05625
0 0.12734375 0.58828125 0.06484375 0.0734375
0 0.0625 0.5890625 0.0640625 0.071875
0 0.95703125 0.453125 0.05703125 0.1046875
0 0.903125 0.4546875 0.04921875 0.1046875
0 0.853125 0.45625 0.05703125 0.109375
0 0.79453125 0.459375 0.05859375 0.103125
0 0.21484375 0.596875 0.0390625 0.05234375
0 0.6828125 0.478125 0.05546875 0.0734375
0 0.66015625 0.58125 0.06015625 0.0609375
0 0.771875 0.57890625 0.05859375 0.065625
0 0.55390625 0.69765625 0.0625 0.0640625
0 0.503125 0.6953125 0.03671875 0.06328125
0 0.45390625 0.71484375 0.05546875 0.028125
0 0.4515625 0.6859375 0.05859375 0.02734375
0 0.40546875 0.7078125 0.034375 0.05078125
0 0.35625 0.72109375 0.0578125 0.02890625
0 0.30703125 0.71328125 0.034375 0.04296875
0 0.7171875 0.58125 0.05234375 0.06171875
0 0.265625 0.69765625 0.04765625 0.07578125
0 0.1890625 0.7109375 0.03828125 0.05546875
0 0.1484375 0.70625 0.04296875 0.0625
0 0.10703125 0.70703125 0.03984375 0.0640625
0 0.0609375 0.70234375 0.046875 0.0734375
0 0.940625 0.57578125 0.05625 0.0671875
0 0.8828125 0.57421875 0.05859375 0.0703125
0 0.8265625 0.5796875 0.05078125 0.06484375
0 0.22421875 0.709375 0.0328125 0.053125
0 0.21328125 0.340625 0.0546875 0.084375
0 0.97421875 0.0984375 0.0515625 0.0484375
0 0.29296875 0.225 0.08125 0.0578125
0 0.78671875 0.22578125 0.06328125 0.05390625
0 0.8578125 0.221875 0.0765625 0.06171875
0 0.03125 0.340625 0.05546875 0.084375
0 0.91953125 0.221875 0.04609375 0.0640625
0 0.97421875 0.2171875 0.0515625 0.053125
0 0.0875 0.3359375 0.05703125 0.09140625
0 0.5375 0.22421875 0.07265625 0.05
0 0.37578125 0.22421875 0.08125 0.0578125
0 0.45859375 0.22421875 0.08203125 0.05625
0 0.1953125 0.23125 0.10390625 0.05859375
0 0.09453125 0.2296875 0.08984375 0.0640625
0 0.05625 0.09609375 0.09765625 0.05625
0 0.15390625 0.0953125 0.10078125 0.05625
0 0.2546875 0.103125 0.09375 0.05625
0 0.3484375 0.1 0.08828125 0.0609375
0 0.45234375 0.09921875 0.12109375 0.059375
0 0.5765625 0.1 0.1265625 0.0609375
0 0.68203125 0.09921875 0.08359375 0.059375
0 0.753125 0.08828125 0.05625 0.071875
0 0.81796875 0.096875 0.07109375 0.05625
0 0.90078125 0.09609375 0.0875 0.05546875
0 0.703125 0.22265625 0.08828125 0.0546875
0 0.61484375 0.225 0.084375 0.05