0 0.0953125 0.20625 0.046875 0.09453125
0 0.04609375 0.20703125 0.04765625 0.0890625
0 0.15234375 0.175 0.05546875 0.14609375
0 0.58203125 0.28828125 0.04765625 0.04140625
0 0.24765625 0.1828125 0.0375 0.13671875
0 0.2125 0.62578125 0.0671875 0.1
0 0.2796875 0.61875 0.05390625 0.09375
0 0.35546875 0.62109375 0.08203125 0.109375
0 0.4546875 0.64453125 0.090625 0.05390625
0 0.55 0.6625 0.06796875 0.0234375
0 0.55546875 0.640625 0.07578125 0.01796875
0 0.54765625 0.61484375 0.08046875 0.0203125
0 0.6546875 0.6328125 0.11953125 0.05859375
0 0.76640625 0.6265625 0.1015625 0.05234375
0 0.86875 0.63515625 0.08984375 0.05859375
0 0.94921875 0.6125 0.0640625 0.04765625
0 0.95625 0.74140625 0.0875 0.10625
0 0.89140625 0.74296875 0.0359375 0.11015625
0 0.85546875 0.74921875 0.021875 0.0859375
0 0.8203125 0.74296875 0.04296875 0.1078125
0 0.74921875 0.77890625 0.07890625 0.05625
0 0.6546875 0.7296875 0.05234375 0.02421875
0 0.66015625 0.7 0.05234375 0.02578125
0 0.5375 0.74453125 0.06171875 0.10390625
0 0.46796875 0.74921875 0.06796875 0.109375
0 0.3984375 0.746875 0.071875 0.10859375
0 0.31484375 0.74921875 0.075 0.1125
0 0.23828125 0.7359375 0.0734375 0.08828125
0 0.16484375 0.76640625 0.04609375 0.07421875
0 0.11953125 0.75546875 0.0328125 0.07890625
0 0.14375 0.653125 0.0390625 0.03828125
0 0.8296875 0.53671875 0.06875 0.06953125
0 0.10078125 0.65703125 0.0390625 0.04375
0 0.04609375 0.6609375 0.04296875 0.03203125
0 0.75546875 0.5140625 0.02578125 0.05234375
0 0.7265625 0.51484375 0.028125 0.053125
0 0.70234375 0.5140625 0.01875 0.04921875
0 0.6765625 0.5140625 0.02109375 0.0453125
0 0.646875 0.5109375 0.01484375 0.05546875
0 0.62265625 0.5203125 0.02265625 0.04765625
0 0.59765625 0.51171875 0.01484375 0.0421875
0 0.571875 0.52109375 0.02578125 0.04609375
0 0.5390625 0.51484375 0.02265625 0.04453125
0 0.5140625 0.51875 0.0203125 0.04765625
0 0.484375 0.5171875 0.03046875 0.05
0 0.45703125 0.5140625 0.0203125 0.04921875
0 0.06484375 0.74921875 0.07109375 0.0921875
0 0.43046875 0.51875 0.0203125 0.05234375
0 0.371875 0.525 0.02265625 0.046875
0 0.34453125 0.52421875 0.02421875 0.04921875
0 0.2015625 0.18359375 0.03671875 0.1328125
0 0.32109375 0.51953125 0.02578125 0.05234375
0 0.2953125 0.5234375 0.021875 0.0515625
0 0.2625 0.52109375 0.025 0.0484375
0 0.23671875 0.52421875 0.0234375 0.046875
0 0.190625 0.52265625 0.034375 0.0609375
0 0.1421875 0.52734375 0.04140625 0.07109375
0 0.0984375 0.5296875 0.034375 0.078125
0 0.05703125 0.53125 0.03359375 0.075
0 0.01875 0.52734375 0.03203125 0.08828125
0 0.40078125 0.52265625 0.02890625 0.04296875
0 0.896875 0.5296875 0.05 0.07421875
0 0.6 0.74609375 0.04375 0.1125
0 0.9890625 0.54296875 0.01953125 0.0453125
0 0.69765625 0.33515625 0.05 0.034375
0 0.6390625 0.33515625 0.0421875 0.04140625
0 0.63359375 0.29453125 0.04375 0.0328125
0 0.58359375 0.3359375 0.04609375 0.03828125
0 0.41796875 0.31484375 0.05390625 0.07890625
0 0.35703125 0.33125 0.05234375 0.046875
0 0.3 0.33359375 0.05390625 0.04296875
0 0.95 0.55 0.03671875 0.03828125
0 0.19296875 0.3296875 0.03984375 0.0515625
0 0.15546875 0.33515625 0.03359375 0.04921875
0 0.103125 0.3265625 0.03359375 0.0609375
0 0.075 0.32734375 0.01953125 0.0609375
0 0.75390625 0.33828125 0.04765625 0.0328125
0 0.03046875 0.3125 0.05625 0.08984375
0 0.9078125 0.184375 0.02578125 0.13828125
0 0.87109375 0.18359375 0.0375 0.13515625
0 0.82265625 0.19921875 0.046875 0.10859375
0 0.771875 0.20390625 0.03984375 0.1015625
0 0.7296875 0.20390625 0.03984375 0.1
0 0.6859375 0.2 0.0421875 0.1
0 0.62421875 0.1796875 0.0671875 0.14921875
0 0.56015625 0.1828125 0.05625 0.14453125
0 0.4875 0.18046875 0.06953125 0.140625
0 0.42109375 0.18671875 0.034375 0.13125
0 0.36015625 0.17890625 0.06328125 0.140625
0 0.29609375 0.19140625 0.05390625 0.11875
0 0.94765625 0.18359375 0.0359375 0.14140625
0 0.80703125 0.33828125 0.05234375 0.034375
0 0.2453125 0.334375 0.05078125 0.046875
0 0.85703125 0.31328125 0.034375 0.0828125
0 0.346875 0.38671875 0.04921875 0.0203125
0 0.16640625 0.39453125 0.03046875 0.03125
0 0.20390625 0.3921875 0.04375 0.03203125
0 0.48671875 0.41640625 0.0890625 0.071875
0 0.4125 0.42890625 0.04609375 0.04375
0 0.6921875 0.41484375 0.06328125 0.07421875
0 0.8046875 0.3 0.06953125 0.0359375
0 0.7609375 0.4171875 0.0703125 0.07109375
0 0.82265625 0.41484375 0.046875 0.07109375
0 0.87734375 0.4171875 0.03828125 0.07734375
0 0.921875 0.415625 0.04921875 0.078125
0 0.97734375 0.41484375 0.0421875 0.078125
0 0.3625 0.4296875 0.04375 0.04296875
0 0.9390625 0.49609375 0.03046875 0.03203125
0 0.5671875 0.41640625 0.0578125 0.06796875
0 0.978125 0.49375 0.028125 0.03359375
0 0.3109375 0.43203125 0.04609375 0.040625
0 0.2609375 0.4328125 0.0453125 0.03984375
0 0.21171875 0.4328125 0.0484375 0.03984375
0 0.1671875 0.434375 0.0328125 0.04296875
0 0.13046875 0.4375 0.025 0.02421875
0 0.0828125 0.42109375 0.0546875 0.06796875
0 0.02890625 0.4234375 0.040625 0.05703125
0 0.9875 0.31796875 0.025 0.08515625
0 0.95078125 0.315625 0.04140625 0.08125
0 0.9046875 0.3140625 0.04765625 0.08125
0 0.62734375 0.41796875 0.05546875 0.06875