0 0.74921875 0.21484375 0.0140625 0.01328125
0 0.73046875 0.21484375 0.015625 0.01640625
0 0.55078125 0.3953125 0.0984375 0.028125
0 0.70078125 0.21875 0.0109375 0.01015625
0 0.87265625 0.2390625 0.02421875 0.02265625
0 0.84140625 0.2375 0.0203125 0.0265625
0 0.8203125 0.23828125 0.01328125 0.03359375
0 0.79921875 0.240625 0.01875 0.03203125
0 0.77890625 0.2421875 0.0171875 0.0265625
0 0.75703125 0.240625 0.015625 0.02890625
0 0.740625 0.2421875 0.01171875 0.025
0 0.721875 0.2421875 0.0171875 0.025
0 0.78125 0.38984375 0.09921875 0.0265625
0 0.78359375 0.4234375 0.1125 0.0296875
0 0.790625 0.45546875 0.10234375 0.0203125
0 0.6640625 0.45546875 0.115625 0.0203125
0 0.76640625 0.2171875 0.0140625 0.0125
0 0.71484375 0.21484375 0.0125 0.01171875
0 0.3421875 0.534375 0.09921875 0.03203125
0 0.496875 0.09921875 0.02109375 0.02109375
0 0.3484375 0.603125 0.09375 0.025
0 0.5203125 0.01328125 0.08515625 0.021875
0 0.51796875 0.03515625 0.08515625 0.01640625
0 0.515625 0.0546875 0.0890625 0.0171875
0 0.515625 0.0734375 0.084375 0.01484375
0 0.47578125 0.09921875 0.0171875 0.0203125
0 0.553125 0.459375 0.103125 0.02109375
0 0.5203125 0.1 0.01953125 0.02265625
0 0.5640625 0.57265625 0.096875 0.0296875
0 0.5671875 0.609375 0.08984375 0.0296875
0 0.565625 0.63828125 0.0921875 0.0234375
0 0.565625 0.66171875 0.09140625 0.0171875
0 0.659375 0.3953125 0.11015625 0.02734375
0 0.35 0.66171875 0.08984375 0.0203125
0 0.34921875 0.634375 0.0921875 0.02578125
0 0.44921875 0.63515625 0.09140625 0.0234375
0 0.44765625 0.571875 0.1015625 0.0375
0 0.45 0.60703125 0.09140625 0.021875
0 0.34609375 0.5703125 0.09296875 0.02890625
0 0.6609375 0.42734375 0.1140625 0.0296875
0 0.4453125 0.6625 0.09140625 0.0234375
0 0.17578125 0.3859375 0.0859375 0.0265625
0 0.56953125 0.79140625 0.0921875 0.025
0 0.56796875 0.81953125 0.0921875 0.02421875
0 0.56953125 0.84921875 0.08828125 0.02421875
0 0.66015625 0.8453125 0.08203125 0.0265625
0 0.4484375 0.84453125 0.08046875 0.025
0 0.36171875 0.84609375 0.0875 0.025
0 0.44765625 0.8171875 0.08125 0.0234375
0 0.35859375 0.81640625 0.090625 0.025
0 0.44609375 0.7921875 0.08203125 0.02109375
0 0.35625 0.78984375 0.0890625 0.02265625
0 0.44765625 0.76328125 0.08671875 0.0234375
0 0.3546875 0.7625 0.090625 0.02265625
0 0.43984375 0.734375 0.0796875 0.0296875
0 0.3515625 0.73359375 0.08828125 0.03203125
0 0.6640625 0.6578125 0.0921875 0.0265625
0 0.6640625 0.6296875 0.08984375 0.02265625
0 0.32421875 0.2515625 0.08359375 0.0265625
0 0.078125 0.32265625 0.0875 0.02890625
0 0.17109375 0.321875 0.08671875 0.02734375
0 0.08046875 0.3546875 0.08359375 0.02890625
0 0.1734375 0.3546875 0.0890625 0.025
0 0.35625 0.2125 0.090625 0.028125
0 0.0828125 0.38515625 0.084375 0.025
0 0.6609375 0.7875 0.08359375 0.0234375
0 0.0859375 0.415625 0.0890625 0.028125
0 0.178125 0.44375 0.08515625 0.0265625
0 0.0875 0.4453125 0.08671875 0.0265625
0 0.09140625 0.46796875 0.08125 0.01796875
0 0.18046875 0.4671875 0.0890625 0.0140625
0 0.23671875 0.421875 0.0203125 0.1015625
0 0.26015625 0.41953125 0.01640625 0.096875
0 0.178125 0.415625 0.0875 0.02421875
0 0.66015625 0.815625 0.08671875 0.025
0 0.66484375 0.7625 0.08359375 0.02265625
0 0.54609375 0.36171875 0.1 0.034375
0 0.3265625 0.28359375 0.0875 0.02890625
0 0.31875 0.31484375 0.0890625 0.0265625
0 0.31640625 0.346875 0.0921875 0.0296875
0 0.3171875 0.38125 0.0890625 0.02890625
0 0.3171875 0.4125 0.08828125 0.02578125
0 0.321875 0.4421875 0.08984375 0.02734375
0 0.56875 0.7625 0.090625 0.025
0 0.31875 0.46484375 0.08828125 0.01640625
0 0.428125 0.43359375 0.1046875 0.02890625
0 0.4296875 0.4 0.09921875 0.0328125
0 0.43046875 0.3625 0.1015625 0.02734375
0 0.425 0.24453125 0.10390625 0.0359375
0 0.428125 0.29296875 0.1015625 0.034375
0 0.43125 0.33046875 0.10234375 0.03046875
0 0.428125 0.465625 0.10234375 0.0234375
0 0.2609375 0.29765625 0.0125 0.12109375
0 0.5671875 0.7359375 0.09453125 0.0265625
0 0.534375 0.25625 0.0984375 0.0296875
0 0.90703125 0.45546875 0.1109375 0.02578125
0 0.90703125 0.42109375 0.10859375 0.034375
0 0.9015625 0.3875 0.11171875 0.0265625
0 0.8921875 0.35078125 0.1140625 0.03671875
0 0.778125 0.35234375 0.10625 0.02734375
0 0.8921875 0.3109375 0.10078125 0.02890625
0 0.66171875 0.73515625 0.08671875 0.025
0 0.88359375 0.27734375 0.06640625 0.03359375
0 0.775 0.3203125 0.1109375 0.02734375
0 0.6578125 0.321875 0.10859375 0.03046875
0 0.54375 0.325 0.10625 0.03046875
0 0.65234375 0.24609375 0.10703125 0.034375
0 0.65 0.2875 0.1015625 0.0328125
0 0.5421875 0.2921875 0.10546875 0.03203125
0 0.7953125 0.27890625 0.10546875 0.02890625
0 0.2375 0.29921875 0.0203125 0.11640625
0 0.540625 0.221875 0.10078125 0.028125
0 0.0796875 0.290625 0.08515625 0.0265625
0 0.659375 0.3546875 0.10859375 0.03359375
0 0.171875 0.2890625 0.084375 0.02734375
0 0.54296875 0.0984375 0.02109375 0.01875
0 0.47421875 0.125 0.01953125 0.01796875
0 0.4984375 0.125 0.01953125 0.01796875
0 0.521875 0.125 0.02109375 0.01796875
0 0.546875 0.125 0.02109375 0.01796875
0 0.475 0.1515625 0.0203125 0.01640625
0 0.496875 0.15 0.01796875 0.0203125
0 0.51796875 0.15078125 0.0203125 0.01875
0 0.54296875 0.15 0.02265625 0.0171875
0 0.47421875 0.175 0.01875 0.01640625
0 0.49765625 0.1734375 0.0203125 0.01875
0 0.5203125 0.17421875 0.01875 0.01796875
0 0.55234375 0.428125 0.1015625 0.02890625
0 0.45 0.20234375 0.08359375 0.0265625
0 0.175 0.25625 0.0921875 0.02890625
0 0.54453125 0.1734375 0.0234375 0.015625
0 0.11875 0.25859375 0.0140625 0.025
0 0.6640625 0.5984375 0.0921875 0.02890625
0 0.66328125 0.53359375 0.08984375 0.028125
0 0.6640625 0.56640625 0.09140625 0.02578125
0 0.09765625 0.25703125 0.01796875 0.025
0 0.07734375 0.25859375 0.01875 0.02734375
0 0.69296875 0.19453125 0.0203125 0.0296875
0 0.65390625 0.2 0.04375 0.02578125
0 0.559375 0.19453125 0.08828125 0.02265625
0 0.559375 0.53984375 0.084375 0.0296875