0 0.67578125 0.62265625 0.04453125 0.034375
0 0.62890625 0.625 0.046875 0.03984375
0 0.57734375 0.62734375 0.0546875 0.0359375
0 0.52265625 0.628125 0.053125 0.0359375
0 0.46875 0.628125 0.0546875 0.03515625
0 0.365625 0.62578125 0.04921875 0.03828125
0 0.31015625 0.6265625 0.0515625 0.0359375
0 0.26171875 0.62890625 0.04375 0.034375
0 0.97421875 0.7921875 0.03515625 0.0703125
0 0.940625 0.7921875 0.03046875 0.07109375
0 0.90390625 0.790625 0.040625 0.07578125
0 0.8625 0.79140625 0.03671875 0.07421875
0 0.415625 0.628125 0.0515625 0.034375
0 0.2109375 0.6265625 0.04140625 0.03828125
0 0.8734375 0.625 0.0453125 0.03984375
0 0.778125 0.61875 0.04921875 0.0484375
0 0.2640625 0.70390625 0.0265625 0.05
0 0.325 0.703125 0.02578125 0.05
0 0.35234375 0.70234375 0.02890625 0.05
0 0.38203125 0.703125 0.028125 0.053125
0 0.415625 0.703125 0.03828125 0.05078125
0 0.45859375 0.7 0.04140625 0.0546875
0 0.5046875 0.7 0.04765625 0.053125
0 0.5515625 0.7046875 0.03828125 0.0453125
0 0.59453125 0.70625 0.046875 0.04296875
0 0.64453125 0.703125 0.04609375 0.0421875
0 0.6875 0.70078125 0.03828125 0.046875
0 0.725 0.6171875 0.053125 0.04609375
0 0.7265625 0.703125 0.03984375 0.0484375
0 0.80625 0.703125 0.03984375 0.04921875
0 0.84765625 0.703125 0.0390625 0.0484375
0 0.8859375 0.703125 0.0390625 0.0484375
0 0.928125 0.70546875 0.0359375 0.0484375
0 0.96484375 0.7046875 0.0375 0.0484375
0 0.2375 0.703125 0.0296875 0.0515625
0 0.209375 0.7046875 0.02578125 0.05
0 0.984375 0.62109375 0.03125 0.04765625
0 0.13203125 0.64765625 0.03671875 0.0171875
0 0.16953125 0.62890625 0.02890625 0.0734375
0 0.8265625 0.62265625 0.0453125 0.04375
0 0.76796875 0.7046875 0.0390625 0.0453125
0 0.2953125 0.703125 0.03359375 0.05078125
0 0.91484375 0.62109375 0.03046875 0.046875
0 0.30859375 0.54296875 0.04765625 0.0359375
0 0.5453125 0.4578125 0.06171875 0.0375
0 0.61171875 0.4453125 0.06640625 0.0515625
0 0.17109375 0.8140625 0.04609375 0.03515625
0 0.12578125 0.80546875 0.040625 0.04765625
0 0.12421875 0.765625 0.04765625 0.025
0 0.07265625 0.80703125 0.06484375 0.04375
0 0.153125 0.7109375 0.08203125 0.040625
0 0.07578125 0.7125 0.07421875 0.0359375
0 0.06640625 0.628125 0.08203125 0.015625
0 0.06171875 0.6484375 0.09453125 0.02265625
0 0.1078125 0.58046875 0.0390625 0.0390625
0 0.07109375 0.5796875 0.03203125 0.0375
0 0.02578125 0.58046875 0.04921875 0.04140625
0 0.978125 0.528125 0.040625 0.05234375
0 0.9390625 0.5296875 0.0359375 0.05
0 0.90546875 0.53515625 0.03046875 0.0390625
0 0.871875 0.53515625 0.02734375 0.04609375
0 0.48125 0.45625 0.05703125 0.0421875
0 0.94609375 0.61796875 0.03203125 0.0515625
0 0.41484375 0.459375 0.06484375 0.03359375
0 0.184375 0.76796875 0.05234375 0.0375
0 0.78984375 0.79375 0.03828125 0.0765625
0 0.75703125 0.79375 0.02734375 0.078125
0 0.72578125 0.79296875 0.034375 0.0765625
0 0.690625 0.79296875 0.0328125 0.0734375
0 0.65390625 0.7921875 0.04140625 0.07265625
0 0.615625 0.7921875 0.03515625 0.0734375
0 0.575 0.79375 0.03828125 0.0734375
0 0.5390625 0.79453125 0.0328125 0.0734375
0 0.8390625 0.5296875 0.025 0.0578125
0 0.5046875 0.79375 0.03671875 0.0734375
0 0.2578125 0.5421875 0.04921875 0.0390625
0 0.43046875 0.796875 0.0390625 0.06875
0 0.39375 0.796875 0.0359375 0.0703125
0 0.3578125 0.796875 0.03515625 0.0703125
0 0.32265625 0.79765625 0.03515625 0.06875
0 0.28671875 0.79765625 0.0328125 0.0671875
0 0.24765625 0.7984375 0.03828125 0.065625
0 0.215625 0.8109375 0.02734375 0.04296875
0 0.46953125 0.79296875 0.03359375 0.0765625
0 0.8265625 0.7921875 0.0328125 0.07265625
0 0.7890625 0.52890625 0.06328125 0.0578125
0 0.69765625 0.5390625 0.03359375 0.04375
0 0.07421875 0.43828125 0.0203125 0.0375
0 0.0484375 0.4390625 0.02265625 0.04140625
0 0.0171875 0.43828125 0.03125 0.03984375
0 0.925 0.35234375 0.05546875 0.05625
0 0.859375 0.353125 0.0625 0.05
0 0.78828125 0.35546875 0.06640625 0.0515625
0 0.659375 0.365625 0.02734375 0.040625
0 0.60546875 0.35625 0.065625 0.059375
0 0.5328125 0.35703125 0.05546875 0.0578125
0 0.47265625 0.3703125 0.053125 0.0390625
0 0.41328125 0.359375 0.06484375 0.0609375
0 0.34296875 0.36875 0.07265625 0.03125
0 0.2734375 0.35703125 0.0640625 0.05703125
0 0.2046875 0.35703125 0.06796875 0.0546875
0 0.1375 0.3625 0.0609375 0.04765625
0 0.0828125 0.36484375 0.04296875 0.0484375
0 0.040625 0.35625 0.0421875 0.06484375
0 0.0984375 0.43828125 0.0265625 0.03671875
0 0.125 0.4375 0.0234375 0.0390625
0 0.15390625 0.440625 0.0296875 0.0359375
0 0.2078125 0.44375 0.0703125 0.0640625
0 0.603125 0.53984375 0.0515625 0.03671875
0 0.5640625 0.5390625 0.025 0.03515625
0 0.51953125 0.53984375 0.0515625 0.03671875
0 0.41171875 0.54140625 0.05234375 0.03515625
0 0.35859375 0.54296875 0.05234375 0.0359375
0 0.684375 0.446875 0.0671875 0.05
0 0.7453125 0.4546875 0.04609375 0.03359375
0 0.80546875 0.44453125 0.06015625 0.05234375
0 0.73125 0.5390625 0.03359375 0.04375
0 0.87578125 0.44296875 0.065625 0.053125
0 0.95390625 0.453125 0.03671875 0.0375
0 0.98671875 0.4515625 0.0265625 0.0375
0 0.02890625 0.50390625 0.04921875 0.0421875
0 0.07421875 0.50546875 0.03984375 0.0390625
0 0.1203125 0.50859375 0.04296875 0.03359375
0 0.2046875 0.54140625 0.04453125 0.0390625
0 0.3484375 0.4578125 0.0640625 0.0359375
0 0.278125 0.44296875 0.0640625 0.0609375
0 0.921875 0.453125 0.02421875 0.03828125