0 0.63984375 0.7671875 0.04765625 0.02890625
0 0.6609375 0.50078125 0.0421875 0.103125
0 0.615625 0.5015625 0.04453125 0.1
0 0.57421875 0.5015625 0.03515625 0.1015625
0 0.87578125 0.1296875 0.03125 0.08359375
0 0.91171875 0.128125 0.03828125 0.0828125
0 0.75859375 0.49921875 0.04609375 0.10234375
0 0.9484375 0.13125 0.025 0.0859375
0 0.70859375 0.5 0.04296875 0.103125
0 0.92421875 0.4984375 0.06328125 0.0984375
0 0.7125 0.12265625 0.04296875 0.08515625
0 0.0203125 0.640625 0.040625 0.0671875
0 0.07578125 0.6390625 0.0625 0.06640625
0 0.1453125 0.63671875 0.06640625 0.065625
0 0.58671875 0.76875 0.05546875 0.0296875
0 0.2078125 0.615625 0.04453125 0.034375
0 0.63984375 0.73125 0.0484375 0.03046875
0 0.83203125 0.1296875 0.04609375 0.08203125
0 0.7609375 0.1234375 0.0421875 0.084375
0 0.6671875 0.11796875 0.04609375 0.0921875
0 0.5359375 0.1140625 0.05234375 0.08671875
0 0.4796875 0.11171875 0.05390625 0.0859375
0 0.5828125 0.7328125 0.04453125 0.03203125
0 0.528125 0.746875 0.04921875 0.08046875
0 0.5359375 0.24140625 0.04453125 0.1109375
0 0.97890625 0.4984375 0.04140625 0.0984375
0 0.5859375 0.24375 0.04296875 0.1109375
0 0.2 0.5015625 0.05234375 0.1109375
0 0.68125 0.24609375 0.04609375 0.10625
0 0.6890625 0.37421875 0.04453125 0.103125
0 0.6875 0.6953125 0.0421875 0.0296875
0 0.6375 0.37578125 0.0484375 0.109375
0 0.57890625 0.37421875 0.05234375 0.1109375
0 0.5265625 0.375 0.0421875 0.1078125
0 0.4796875 0.3734375 0.0453125 0.10703125
0 0.4359375 0.37421875 0.0359375 0.10625
0 0.390625 0.371875 0.04296875 0.10625
0 0.33515625 0.36640625 0.05859375 0.1109375
0 0.2734375 0.36875 0.05390625 0.115625
0 0.22265625 0.371875 0.03828125 0.1015625
0 0.17265625 0.37109375 0.05546875 0.0984375
0 0.11328125 0.3703125 0.05234375 0.1015625
0 0.0578125 0.3703125 0.05078125 0.103125
0 0.01484375 0.36953125 0.02890625 0.1
0 0.76015625 0.37421875 0.06484375 0.1
0 0.6328125 0.24453125 0.04296875 0.109375
0 0.83515625 0.4578125 0.07890625 0.04375
0 0.09609375 0.4984375 0.05390625 0.11015625
0 0.7296875 0.24609375 0.03671875 0.1078125
0 0.775 0.253125 0.04140625 0.096875
0 0.88203125 0.25859375 0.03984375 0.10703125
0 0.9265625 0.25390625 0.03359375 0.09765625
0 0.96953125 0.2515625 0.03828125 0.10625
0 0.87890625 0.37421875 0.0625 0.0515625
0 0.959375 0.38046875 0.07578125 0.1
0 0.5328125 0.5015625 0.03828125 0.10625
0 0.48515625 0.4984375 0.0484375 0.103125
0 0.43828125 0.5 0.0375 0.1078125
0 0.39609375 0.50078125 0.04296875 0.10625
0 0.34765625 0.503125 0.04296875 0.103125
0 0.3015625 0.5015625 0.04140625 0.103125
0 0.25234375 0.5015625 0.04921875 0.1125
0 0.14921875 0.49765625 0.0453125 0.109375
0 0.04375 0.496875 0.05078125 0.109375
0 0.73671875 0.696875 0.04296875 0.0328125
0 0.4375 0.6234375 0.059375 0.08125
0 0.690625 0.765625 0.04296875 0.03046875
0 0.29609375 0.7484375 0.0875 0.08515625
0 0.38671875 0.7484375 0.08046875 0.08671875
0 0.46484375 0.7484375 0.065625 0.08359375
0 0.38671875 0.23828125 0.046875 0.1125
0 0.340625 0.234375 0.04140625 0.11171875
0 0.29296875 0.2359375 0.05078125 0.1171875
0 0.2359375 0.2328125 0.05234375 0.1125
0 0.21015625 0.73125 0.065625 0.0375
0 0.178125 0.2265625 0.05390625 0.115625
0 0.053125 0.23125 0.05234375 0.10625
0 0.0109375 0.22890625 0.02109375 0.109375
0 0.98203125 0.13203125 0.0359375 0.084375
0 0.6859375 0.60859375 0.04609375 0.03125
0 0.63359375 0.609375 0.04375 0.0359375
0 0.58046875 0.64296875 0.03671875 0.0390625
0 0.5390625 0.64296875 0.03828125 0.03828125
0 0.11328125 0.22578125 0.0671875 0.1140625
0 0.74765625 0.6109375 0.0515625 0.03203125
0 0.63125 0.64765625 0.0515625 0.03125
0 0.6859375 0.6484375 0.04609375 0.0296875
0 0.4203125 0.10859375 0.0609375 0.0859375
0 0.13984375 0.73125 0.06640625 0.040625
0 0.21171875 0.77734375 0.06875 0.040625
0 0.1390625 0.77734375 0.06640625 0.04375
0 0.07109375 0.7875 0.05703125 0.01796875
0 0.06796875 0.76328125 0.05546875 0.0171875
0 0.065625 0.73984375 0.05390625 0.01875
0 0.01796875 0.7890625 0.0359375 0.0234375
0 0.01875 0.7640625 0.03671875 0.01953125
0 0.0171875 0.73984375 0.034375 0.01796875
0 0.98828125 0.6421875 0.0234375 0.02421875
0 0.94765625 0.64375 0.0484375 0.028125
0 0.9890625 0.60703125 0.02109375 0.02734375
0 0.9484375 0.60859375 0.05078125 0.0359375
0 0.88671875 0.615625 0.06015625 0.084375
0 0.82109375 0.615625 0.059375 0.08828125
0 0.740625 0.64375 0.04609375 0.028125
0 0.49296875 0.64453125 0.0359375 0.0390625
0 0.58046875 0.5984375 0.03671875 0.03984375
0 0.53515625 0.59921875 0.03828125 0.0390625
0 0.49453125 0.6 0.03828125 0.04140625
0 0.97890625 0.7609375 0.04140625 0.0203125
0 0.93203125 0.76328125 0.04453125 0.021875
0 0.88203125 0.76171875 0.03984375 0.025
0 0.98125 0.73515625 0.03671875 0.02109375
0 0.9328125 0.73671875 0.046875 0.021875
0 0.88203125 0.7359375 0.04375 0.02265625
0 0.9796875 0.7109375 0.040625 0.015625
0 0.92734375 0.709375 0.04453125 0.021875
0 0.8828125 0.709375 0.03671875 0.025
0 0.83203125 0.76484375 0.04140625 0.025
0 0.83515625 0.73671875 0.04296875 0.0234375
0 0.83515625 0.7078125 0.04375 0.02421875
0 0.78203125 0.7640625 0.046875 0.0265625
0 0.78203125 0.7359375 0.04296875 0.0234375
0 0.78515625 0.70625 0.04140625 0.025
0 0.7328125 0.76484375 0.03046875 0.025
0 0.73515625 0.73203125 0.03046875 0.0265625
0 0.05546875 0.89296875 0.09375 0.0828125
0 0.68984375 0.73046875 0.04296875 0.0296875
0 0.15 0.8921875 0.08515625 0.08125
0 0.31953125 0.88984375 0.071875 0.0765625
0 0.37109375 0.6234375 0.06015625 0.08359375
0 0.3125 0.6125 0.04140625 0.034375
0 0.2625 0.6140625 0.04296875 0.0359375
0 0.3109375 0.65078125 0.04296875 0.0328125
0 0.25859375 0.6515625 0.04375 0.034375
0 0.20859375 0.6515625 0.04765625 0.0328125
0 0.72265625 0.8734375 0.05859375 0.078125
0 0.66171875 0.87578125 0.06015625 0.08125
0 0.5953125 0.909375 0.05390625 0.0171875
0 0.6 0.88203125 0.0578125 0.02109375
0 0.540625 0.90859375 0.05078125 0.021875
0 0.53984375 0.884375 0.04921875 0.0203125
0 0.48828125 0.90546875 0.04296875 0.034375
0 0.48828125 0.865625 0.03984375 0.03671875
0 0.4421875 0.9078125 0.03671875 0.0359375
0 0.440625 0.86796875 0.0421875 0.040625
0 0.3859375 0.890625 0.05859375 0.07890625
0 0.23984375 0.890625 0.08359375 0.075
0 0.4875 0.23984375 0.0453125 0.109375
0 0.4375 0.240625 0.04609375 0.10859375
0 0.29609375 0.10546875 0.06171875 0.0859375
0 0.01875 0.08984375 0.0375 0.0921875
0 0.07265625 0.09296875 0.05546875 0.0890625
0 0.12734375 0.09609375 0.03828125 0.0890625
0 0.178125 0.1 0.04921875 0.08984375
0 0.234375 0.1015625 0.05703125 0.084375
0 0.35859375 0.10703125 0.0484375 0.0859375
0 0.9625 0.88828125 0.04921875 0.021875
0 0.9640625 0.8640625 0.04453125 0.02421875
0 0.9640625 0.8375 0.05234375 0.02421875
0 0.9078125 0.865625 0.05 0.07109375
0 0.784375 0.8703125 0.05625 0.07734375
0 0.84609375 0.865625 0.05703125 0.08125