0 0.1375 0.2953125 0.04765625 0.07109375
0 0.76953125 0.3046875 0.03828125 0.05234375
0 0.728125 0.3046875 0.04140625 0.0546875
0 0.68203125 0.3 0.04921875 0.0671875
0 0.6296875 0.2984375 0.04921875 0.06875
0 0.06171875 0.31015625 0.09765625 0.0421875
0 0.1890625 0.29453125 0.04609375 0.0703125
0 0.259375 0.31328125 0.0921875 0.034375
0 0.7234375 0.20390625 0.03828125 0.04921875
0 0.80546875 0.96015625 0.053125 0.021875
0 0.75 0.96171875 0.053125 0.0234375
0 0.6921875 0.9625 0.06015625 0.025
0 0.6234375 0.9640625 0.07578125 0.03125
0 0.54140625 0.96796875 0.078125 0.0234375
0 0.81171875 0.30546875 0.04296875 0.0515625
0 0.44921875 0.96484375 0.08046875 0.0375
0 0.290625 0.97578125 0.05625 0.0296875
0 0.2328125 0.9765625 0.05859375 0.025
0 0.1609375 0.97734375 0.07890625 0.034375
0 0.07734375 0.9796875 0.08203125 0.028125
0 0.9234375 0.84453125 0.04609375 0.06328125
0 0.8765625 0.84375 0.04296875 0.0640625
0 0.82265625 0.865625 0.05625 0.02578125
0 0.7609375 0.86796875 0.06015625 0.0265625
0 0.696875 0.87109375 0.06328125 0.0203125
0 0.62578125 0.84375 0.0640625 0.025
0 0.62734375 0.8765625 0.07109375 0.01875
0 0.5546875 0.8765625 0.06953125 0.02421875
0 0.48203125 0.878125 0.0734375 0.0265625
0 0.36484375 0.96875 0.08203125 0.03203125
0 0.40625 0.87734375 0.07578125 0.028125
0 0.86015625 0.3015625 0.04921875 0.0578125
0 0.97265625 0.31171875 0.0546875 0.0328125
0 0.78984375 0.390625 0.07265625 0.0234375
0 0.86328125 0.3875 0.071875 0.02578125
0 0.78671875 0.4171875 0.06953125 0.0265625
0 0.86171875 0.4171875 0.078125 0.02890625
0 0.92421875 0.3890625 0.04765625 0.0375
0 0.978125 0.38828125 0.04375 0.0359375
0 0.9765625 0.4171875 0.046875 0.01875
0 0.92578125 0.4203125 0.04765625 0.01875
0 0.71015625 0.41796875 0.07734375 0.028125
0 0.63046875 0.4171875 0.07734375 0.0296875
0 0.5671875 0.40625 0.0453125 0.05078125
0 0.52265625 0.40546875 0.040625 0.05
0 0.9546875 0.9578125 0.07734375 0.03359375
0 0.9125 0.303125 0.05234375 0.0578125
0 0.8734375 0.9546875 0.07890625 0.0328125
0 0.1046875 0.21171875 0.07265625 0.028125
0 0.18203125 0.21015625 0.07265625 0.028125
0 0.259375 0.215625 0.0734375 0.028125
0 0.33359375 0.21484375 0.07265625 0.028125
0 0.40546875 0.215625 0.07265625 0.028125
0 0.46796875 0.21796875 0.04765625 0.0296875
0 0.52578125 0.21875 0.06640625 0.025
0 0.6 0.21796875 0.07265625 0.0234375
0 0.6671875 0.21875 0.0546875 0.025
0 0.76328125 0.20625 0.034375 0.05703125
0 0.809375 0.2046875 0.04921875 0.0515625
0 0.8609375 0.20625 0.04921875 0.0515625
0 0.93359375 0.21953125 0.08515625 0.028125
0 0.03203125 0.2078125 0.0640625 0.028125
0 0.328125 0.87890625 0.07421875 0.03046875
0 0.9703125 0.8421875 0.0453125 0.0625
0 0.18984375 0.884375 0.05859375 0.0234375
0 0.18359375 0.671875 0.0796875 0.03203125
0 0.10234375 0.6734375 0.075 0.03046875
0 0.028125 0.6734375 0.05625 0.0296875
0 0.9828125 0.54140625 0.034375 0.0234375
0 0.934375 0.53828125 0.0453125 0.02265625
0 0.8796875 0.54375 0.05390625 0.02265625
0 0.82265625 0.54296875 0.05546875 0.0234375
0 0.25234375 0.8828125 0.05546875 0.025
0 0.68984375 0.54375 0.07109375 0.025
0 0.621875 0.5421875 0.06171875 0.03125
0 0.55625 0.54375 0.0640625 0.028125
0 0.4890625 0.5453125 0.07265625 0.028125
0 0.4140625 0.54453125 0.0734375 0.028125
0 0.340625 0.5453125 0.07265625 0.02890625
0 0.25078125 0.6453125 0.05 0.0734375
0 0.2640625 0.5453125 0.0703125 0.03125
0 0.10078125 0.546875 0.07890625 0.0296875
0 0.03046875 0.546875 0.0609375 0.0296875
0 0.35859375 0.409375 0.09453125 0.04375
0 0.28671875 0.40546875 0.0421875 0.053125
0 0.24375 0.4046875 0.04140625 0.05078125
0 0.1875 0.41796875 0.06328125 0.0234375
0 0.13515625 0.40390625 0.0375 0.05390625
0 0.09453125 0.403125 0.03671875 0.05078125
0 0.03515625 0.4125 0.0703125 0.034375
0 0.57265625 0.31953125 0.06484375 0.0234375
0 0.51171875 0.321875 0.053125 0.02421875
0 0.44140625 0.315625 0.08046875 0.03125
0 0.375 0.303125 0.04921875 0.053125
0 0.32890625 0.30390625 0.04140625 0.05546875
0 0.18515625 0.5453125 0.08203125 0.028125
0 0.3015625 0.6453125 0.04453125 0.0734375
0 0.76015625 0.54375 0.06328125 0.025
0 0.4046875 0.6453125 0.0484375 0.0765625
0 0.1296875 0.884375 0.05703125 0.02265625
0 0.059375 0.884375 0.07109375 0.0265625
0 0.9453125 0.7546875 0.06484375 0.034375
0 0.878125 0.7546875 0.065625 0.0328125
0 0.8046875 0.7609375 0.06875 0.02578125
0 0.734375 0.759375 0.06875 0.02578125
0 0.66171875 0.76171875 0.06640625 0.0265625
0 0.58671875 0.76015625 0.0765625 0.0328125
0 0.50546875 0.7609375 0.06953125 0.034375
0 0.4265625 0.7640625 0.0734375 0.034375
0 0.3515625 0.64453125 0.05234375 0.078125
0 0.30625 0.75 0.04921875 0.0671875
0 0.25625 0.75 0.04453125 0.0640625
0 0.19296875 0.771875 0.07265625 0.028125
0 0.35390625 0.7484375 0.04140625 0.065625
0 0.1203125 0.775 0.0671875 0.0265625
0 0.85546875 0.64609375 0.04609375 0.0625
0 0.7828125 0.66015625 0.08984375 0.0359375
0 0.6875 0.6609375 0.09296875 0.0359375
0 0.903125 0.6453125 0.04765625 0.06328125
0 0.94765625 0.6453125 0.0375 0.059375
0 0.19609375 0.74296875 0.0671875 0.0265625
0 0.9828125 0.6421875 0.02578125 0.0546875
0 0.50859375 0.64765625 0.046875 0.071875
0 0.4578125 0.6453125 0.05 0.0765625
0 0.0546875 0.7734375 0.0625 0.02890625
0 0.56171875 0.64765625 0.05234375 0.0703125