0 0.05625 0.85859375 0.0796875 0.0765625
0 0.9515625 0.68203125 0.02890625 0.09375
0 0.86328125 0.30859375 0.05 0.09375
0 0.371875 0.43515625 0.03515625 0.09296875
0 0.3375 0.43515625 0.034375 0.096875
0 0.303125 0.43515625 0.0296875 0.09921875
0 0.225 0.4328125 0.03359375 0.0984375
0 0.18984375 0.43359375 0.03203125 0.0984375
0 0.14375 0.35 0.04296875 0.07421875
0 0.0984375 0.35 0.040625 0.07578125
0 0.05859375 0.3484375 0.0375 0.07265625
0 0.01875 0.3484375 0.0375 0.075
0 0.409375 0.434375 0.0296875 0.0953125
0 0.971875 0.31015625 0.04609375 0.0921875
0 0.1390625 0.8578125 0.07734375 0.07265625
0 0.80859375 0.30859375 0.0515625 0.09453125
0 0.7515625 0.30703125 0.05390625 0.09453125
0 0.69765625 0.30625 0.053125 0.09296875
0 0.2046875 0.8390625 0.04140625 0.10234375
0 0.24921875 0.83828125 0.034375 0.103125
0 0.290625 0.8375 0.040625 0.09921875
0 0.35390625 0.83828125 0.03984375 0.10625
0 0.41171875 0.834375 0.04609375 0.1078125
0 0.91875 0.31015625 0.05625 0.09140625
0 0.5328125 0.8328125 0.040625 0.10703125
0 0.4421875 0.43359375 0.03515625 0.09609375
0 0.62265625 0.44140625 0.0328125 0.0953125
0 0.3609375 0.56953125 0.03828125 0.06953125
0 0.3171875 0.56796875 0.03359375 0.06875
0 0.28125 0.56875 0.034375 0.071875
0 0.2421875 0.56875 0.03515625 0.06953125
0 0.20546875 0.56875 0.034375 0.06875
0 0.15 0.50625 0.04296875 0.06015625
0 0.075 0.5078125 0.08984375 0.07265625
0 0.15 0.43515625 0.0390625 0.05703125
0 0.08828125 0.43515625 0.06875 0.06015625
0 0.4859375 0.43984375 0.03828125 0.09921875
0 0.0234375 0.4328125 0.046875 0.0640625
0 0.9390625 0.4390625 0.0328125 0.0953125
0 0.90546875 0.43828125 0.02890625 0.0953125
0 0.85390625 0.43828125 0.02578125 0.09609375
0 0.825 0.440625 0.02421875 0.09375
0 0.0625 0.14453125 0.040625 0.0828125
0 0.76171875 0.440625 0.03046875 0.09453125
0 0.72734375 0.43984375 0.0296875 0.096875
0 0.69375 0.44140625 0.03046875 0.0953125
0 0.65859375 0.440625 0.03203125 0.09453125
0 0.97265625 0.4390625 0.03125 0.09765625
0 0.396875 0.56796875 0.02890625 0.0703125
0 0.58671875 0.83671875 0.04375 0.10703125
0 0.67734375 0.825 0.0453125 0.1
0 0.13984375 0.25703125 0.02265625 0.0578125
0 0.10703125 0.24921875 0.03359375 0.06953125
0 0.071875 0.25078125 0.03125 0.06875
0 0.0328125 0.246875 0.0328125 0.0671875
0 0.9734375 0.16171875 0.053125 0.09296875
0 0.925 0.16328125 0.04375 0.08828125
0 0.87578125 0.15859375 0.05 0.09765625
0 0.82265625 0.1578125 0.0515625 0.09296875
0 0.76796875 0.15390625 0.0546875 0.0984375
0 0.16796875 0.25390625 0.028125 0.06171875
0 0.71484375 0.15390625 0.0515625 0.09765625
0 0.603125 0.153125 0.05703125 0.10234375
0 0.54296875 0.14921875 0.05390625 0.09765625
0 0.4875 0.14921875 0.0546875 0.10078125
0 0.43125 0.14609375 0.05390625 0.10390625
0 0.37421875 0.14609375 0.05625 0.10546875
0 0.315625 0.146875 0.0546875 0.090625
0 0.2515625 0.14140625 0.0578125 0.1
0 0.19453125 0.1421875 0.053125 0.09375
0 0.1078125 0.14609375 0.04296875 0.08515625
0 0.659375 0.153125 0.04921875 0.1
0 0.6328125 0.8265625 0.03671875 0.09765625
0 0.2046875 0.29921875 0.04375 0.0890625
0 0.30859375 0.29765625 0.05703125 0.09453125
0 0.7234375 0.83125 0.03359375 0.10390625
0 0.76953125 0.83203125 0.040625 0.10078125
0 0.81484375 0.8328125 0.04453125 0.10390625
0 0.86171875 0.83515625 0.046875 0.09609375
0 0.9078125 0.83984375 0.03359375 0.09375
0 0.95234375 0.8390625 0.05078125 0.084375
0 0.58984375 0.5703125 0.03359375 0.06875
0 0.62578125 0.57109375 0.03671875 0.06796875
0 0.6640625 0.5703125 0.03515625 0.065625
0 0.25390625 0.29765625 0.05078125 0.0921875
0 0.70078125 0.56953125 0.0328125 0.06484375
0 0.7828125 0.565625 0.040625 0.05859375
0 0.83671875 0.56640625 0.04375 0.0609375
0 0.93359375 0.553125 0.0390625 0.08984375
0 0.640625 0.30703125 0.05078125 0.09375
0 0.58984375 0.30546875 0.05 0.09140625
0 0.534375 0.30546875 0.0515625 0.09375
0 0.4796875 0.30390625 0.053125 0.09140625
0 0.4234375 0.3015625 0.05078125 0.09609375
0 0.36796875 0.2984375 0.0546875 0.09609375
0 0.73671875 0.56953125 0.03203125 0.0640625
0 0.43359375 0.56796875 0.03828125 0.0703125
0 0.79609375 0.44140625 0.03046875 0.09375
0 0.51015625 0.56796875 0.03515625 0.06953125
0 0.471875 0.56875 0.034375 0.06953125
0 0.91953125 0.68125 0.02890625 0.0921875
0 0.88671875 0.68125 0.03203125 0.09140625
0 0.85390625 0.68359375 0.03046875 0.0875
0 0.80703125 0.69140625 0.03203125 0.0671875
0 0.771875 0.6921875 0.0296875 0.06875
0 0.71796875 0.703125 0.03125 0.06953125
0 0.68125 0.70703125 0.03359375 0.06875
0 0.6484375 0.7078125 0.02734375 0.06796875
0 0.61328125 0.70859375 0.03671875 0.06640625
0 0.5765625 0.7078125 0.03203125 0.06640625
0 0.515625 0.69140625 0.0390625 0.10390625
0 0.01875 0.14453125 0.0375 0.084375
0 0.4390625 0.6921875 0.03671875 0.10546875
0 0.3984375 0.69296875 0.03828125 0.1
0 0.35703125 0.69453125 0.0421875 0.103125
0 0.30546875 0.6953125 0.0375 0.103125
0 0.26171875 0.675 0.03984375 0.09765625
0 0.221875 0.67890625 0.03515625 0.096875
0 0.1484375 0.7 0.084375 0.0609375
0 0.06171875 0.6984375 0.08515625 0.0625
0 0.13125 0.6296875 0.08671875 0.07578125
0 0.04609375 0.625 0.0796875 0.078125
0 0.54609375 0.5671875 0.03125 0.06953125
0 0.478125 0.690625 0.034375 0.1046875