0 0.17734375 0.4609375 0.046875 0.0984375
0 0.21953125 0.76640625 0.03984375 0.065625
0 0.54921875 0.84375 0.06484375 0.0359375
0 0.484375 0.84296875 0.0609375 0.03203125
0 0.55 0.89296875 0.06484375 0.05546875
0 0.4859375 0.890625 0.06015625 0.0546875
0 0.42578125 0.85390625 0.04765625 0.04921875
0 0.3546875 0.87578125 0.08671875 0.06796875
0 0.60703125 0.33046875 0.03828125 0.08671875
0 0.24609375 0.91328125 0.07890625 0.0671875
0 0.11015625 0.8140625 0.15859375 0.08359375
0 0.96796875 0.6828125 0.04453125 0.07421875
0 0.91796875 0.6828125 0.04453125 0.07421875
0 0.853125 0.6828125 0.04140625 0.0734375
0 0.81015625 0.6828125 0.04140625 0.0734375
0 0.765625 0.68203125 0.04140625 0.0734375
0 0.71953125 0.6796875 0.0421875 0.0734375
0 0.12578125 0.90234375 0.14921875 0.078125
0 0.6734375 0.6796875 0.04140625 0.0734375
0 0.565625 0.33125 0.03828125 0.08671875
0 0.8 0.4703125 0.03359375 0.07109375
0 0.0859375 0.40703125 0.0421875 0.11328125
0 0.68359375 0.46640625 0.0375 0.08125
0 0.64375 0.4671875 0.03828125 0.08125
0 0.603125 0.46796875 0.0375 0.08125
0 0.51171875 0.46796875 0.0375 0.08125
0 0.1265625 0.40859375 0.03125 0.11328125
0 0.47109375 0.4671875 0.03515625 0.08125
0 0.52265625 0.3328125 0.03828125 0.08671875
0 0.16171875 0.34140625 0.0375 0.0859375
0 0.2015625 0.34375 0.0375 0.08671875
0 0.24296875 0.34140625 0.0375 0.08671875
0 0.2828125 0.340625 0.03515625 0.08671875
0 0.321875 0.33984375 0.0359375 0.08671875
0 0.3609375 0.33828125 0.03515625 0.08671875
0 0.4 0.3359375 0.03515625 0.08671875
0 0.43984375 0.3359375 0.03828125 0.08671875
0 0.08828125 0.31640625 0.046875 0.0640625
0 0.2265625 0.4625 0.0453125 0.0984375
0 0.628125 0.6796875 0.0421875 0.0734375
0 0.53046875 0.68203125 0.03515625 0.07265625
0 0.77421875 0.5828125 0.04296875 0.08203125
0 0.72890625 0.58203125 0.04296875 0.08203125
0 0.6828125 0.575 0.04609375 0.09140625
0 0.63515625 0.57578125 0.04609375 0.09140625
0 0.5546875 0.57578125 0.040625 0.0875
0 0.5078125 0.575 0.040625 0.08671875
0 0.4640625 0.57734375 0.0390625 0.08671875
0 0.82109375 0.57890625 0.04296875 0.0828125
0 0.4203125 0.575 0.0390625 0.08671875
0 0.70078125 0.328125 0.04296875 0.08984375
0 0.75078125 0.32890625 0.04375 0.08984375
0 0.8015625 0.32734375 0.0453125 0.08984375
0 0.85625 0.325 0.0453125 0.08984375
0 0.903125 0.32578125 0.0453125 0.08984375
0 0.95234375 0.32265625 0.0453125 0.08984375
0 0.98828125 0.32265625 0.02109375 0.0890625
0 0.65234375 0.32890625 0.04375 0.090625
0 0.5859375 0.68125 0.03515625 0.07265625
0 0.88046875 0.5796875 0.04296875 0.08203125
0 0.97421875 0.58203125 0.04296875 0.0828125
0 0.49140625 0.68203125 0.03515625 0.07265625
0 0.45 0.68046875 0.03984375 0.07265625
0 0.41015625 0.67734375 0.034375 0.07109375
0 0.0375 0.4078125 0.04921875 0.11328125
0 0.43125 0.46953125 0.03515625 0.08125
0 0.3921875 0.4671875 0.0359375 0.08125
0 0.35 0.46796875 0.0359375 0.0890625
0 0.92578125 0.58359375 0.04296875 0.0828125
0 0.3125 0.46484375 0.03515625 0.0890625
0 0.3703125 0.68203125 0.03984375 0.07421875
0 0.3296875 0.678125 0.03671875 0.0703125
0 0.28828125 0.6765625 0.0390625 0.07109375
0 0.2484375 0.678125 0.0390625 0.07109375
0 0.20625 0.6765625 0.0390625 0.07109375
0 0.13125 0.6859375 0.09609375 0.109375
0 0.0375 0.68203125 0.07421875 0.103125
0 0.271875 0.46640625 0.0390625 0.090625
0 0.9609375 0.20234375 0.046875 0.0953125
0 0.48046875 0.33515625 0.03828125 0.08671875
0 0.85625 0.20390625 0.0515625 0.0953125
0 0.809375 0.90546875 0.03125 0.065625
0 0.77421875 0.92265625 0.03515625 0.065625
0 0.734375 0.92734375 0.0375 0.06953125
0 0.690625 0.925 0.0375 0.0703125
0 0.64609375 0.9234375 0.0328125 0.06953125
0 0.60546875 0.92109375 0.03359375 0.06953125
0 0.84140625 0.88359375 0.02421875 0.0625
0 0.94921875 0.77421875 0.04296875 0.06796875
0 0.91015625 0.2046875 0.046875 0.0953125
0 0.83359375 0.77265625 0.03671875 0.06640625
0 0.79140625 0.77109375 0.040625 0.0640625
0 0.75234375 0.76875 0.0328125 0.06171875
0 0.71796875 0.765625 0.03359375 0.0546875
0 0.678125 0.76875 0.0390625 0.06171875
0 0.9078125 0.7734375 0.034375 0.0640625
0 0.63671875 0.7703125 0.0390625 0.06171875
0 0.87265625 0.8796875 0.034375 0.0609375
0 0.75625 0.08046875 0.04765625 0.09765625
0 0.03359375 0.1 0.053125 0.11796875
0 0.08515625 0.09765625 0.04609375 0.1171875
0 0.13515625 0.090625 0.05078125 0.13203125
0 0.190625 0.0890625 0.05078125 0.13125
0 0.24453125 0.084375 0.05078125 0.13203125
0 0.296875 0.10078125 0.04765625 0.09765625
0 0.9125 0.87890625 0.034375 0.0609375
0 0.346875 0.096875 0.04765625 0.09765625
0 0.45 0.0953125 0.04765625 0.09765625
0 0.5015625 0.0953125 0.04765625 0.09765625
0 0.553125 0.08984375 0.04765625 0.09765625
0 0.60390625 0.09140625 0.04765625 0.0984375
0 0.653125 0.08984375 0.04765625 0.09765625
0 0.70234375 0.084375 0.04765625 0.0984375
0 0.39921875 0.09453125 0.04765625 0.09765625
0 0.59453125 0.76875 0.0390625 0.06171875
0 0.87109375 0.7734375 0.034375 0.0640625
0 0.51015625 0.76953125 0.0390625 0.0671875
0 0.33515625 0.57734375 0.0421875 0.08984375
0 0.2890625 0.5765625 0.040625 0.0828125
0 0.24765625 0.5734375 0.034375 0.0765625
0 0.20546875 0.5734375 0.040625 0.0765625
0 0.55234375 0.7703125 0.0390625 0.06640625
0 0.1421875 0.5625 0.0578125 0.10234375
0 0.3796875 0.57578125 0.03828125 0.08671875
0 0.084375 0.55 0.04921875 0.12109375
0 0.9875 0.46875 0.025 0.071875
0 0.95546875 0.46953125 0.034375 0.07109375
0 0.9171875 0.46953125 0.0375 0.07109375
0 0.878125 0.47109375 0.0375 0.07109375
0 0.8375 0.47109375 0.03984375 0.07109375
0 0.72421875 0.47265625 0.03671875 0.075
0 0.02734375 0.5484375 0.0546875 0.115625
0 0.803125 0.20703125 0.0515625 0.0953125
0 0.7625 0.4703125 0.03359375 0.07109375
0 0.55703125 0.21640625 0.046875 0.09453125
0 0.975 0.07265625 0.04921875 0.10234375
0 0.609375 0.215625 0.046875 0.09375
0 0.9203125 0.07421875 0.053125 0.10234375
0 0.86015625 0.07890625 0.04765625 0.10078125
0 0.809375 0.08125 0.04765625 0.10078125
0 0.26484375 0.76640625 0.040625 0.065625
0 0.30703125 0.7671875 0.03671875 0.06328125
0 0.3828125 0.76796875 0.03671875 0.06328125
0 0.46640625 0.7703125 0.0390625 0.06640625
0 0.01875 0.26328125 0.0375 0.11484375
0 0.25703125 0.2265625 0.1015625 0.08984375
0 0.35625 0.22265625 0.046875 0.09375
0 0.40703125 0.2203125 0.046875 0.09453125
0 0.4578125 0.2171875 0.046875 0.09375
0 0.50703125 0.2171875 0.046875 0.09453125
0 0.42421875 0.76875 0.0390625 0.06640625