0 0.76171875 0.80390625 0.10078125 0.04765625
0 0.8734375 0.81875 0.08828125 0.046875
0 0.8640625 0.76328125 0.0953125 0.046875
0 0.94140625 0.79609375 0.0421875 0.08984375
0 0.984375 0.79375 0.03046875 0.1015625
0 0.23828125 0.6859375 0.05625 0.05078125
0 0.0265625 0.803125 0.0515625 0.11015625
0 0.2875 0.7 0.0390625 0.05078125
0 0.34140625 0.6875 0.04765625 0.05859375
0 0.6890625 0.79375 0.03359375 0.10625
0 0.3953125 0.69140625 0.0578125 0.0609375
0 0.08671875 0.8 0.04609375 0.10390625
0 0.64765625 0.80078125 0.03203125 0.1
0 0.34375 0.80703125 0.025 0.08828125
0 0.565625 0.803125 0.04609375 0.08984375
0 0.52109375 0.803125 0.04296875 0.08984375
0 0.47578125 0.81640625 0.03671875 0.07109375
0 0.43984375 0.81328125 0.03125 0.0671875
0 0.39921875 0.8 0.02890625 0.09375
0 0.37421875 0.7984375 0.0234375 0.0921875
0 0.31015625 0.8078125 0.03046875 0.09140625
0 0.28046875 0.80625 0.02578125 0.0890625
0 0.24765625 0.80625 0.02578125 0.09375
0 0.21484375 0.80546875 0.028125 0.0953125
0 0.18203125 0.80625 0.02578125 0.09375
0 0.14453125 0.79765625 0.04375 0.10390625
0 0.4515625 0.68984375 0.04375 0.05078125
0 0.61328125 0.8015625 0.03125 0.09375
0 0.49453125 0.69609375 0.02890625 0.0484375
0 0.0359375 0.12421875 0.06875 0.11328125
0 0.559375 0.69609375 0.0296875 0.04375
0 0.46875 0.296875 0.0421875 0.06484375
0 0.4234375 0.2953125 0.040625 0.0640625
0 0.378125 0.29296875 0.040625 0.06484375
0 0.32421875 0.29375 0.05078125 0.06171875
0 0.24375 0.27421875 0.08984375 0.0953125
0 0.1390625 0.26796875 0.1125 0.0625
0 0.03671875 0.2703125 0.0734375 0.06875
0 0.06484375 0.35078125 0.06640625 0.078125
0 0.15703125 0.375 0.06796875 0.0734375
0 0.09453125 0.50625 0.065625 0.08203125
0 0.515625 0.296875 0.04296875 0.06796875
0 0.15625 0.5078125 0.05078125 0.10078125
0 0.2609375 0.41953125 0.0390625 0.0640625
0 0.30078125 0.41796875 0.03359375 0.06484375
0 0.33828125 0.421875 0.03671875 0.0640625
0 0.3796875 0.4203125 0.03828125 0.0625
0 0.41953125 0.41875 0.03671875 0.065625
0 0.45703125 0.42109375 0.0328125 0.0609375
0 0.496875 0.421875 0.03359375 0.05546875
0 0.55546875 0.41875 0.07265625 0.06484375
0 0.6328125 0.41953125 0.0578125 0.0625
0 0.690625 0.425 0.03671875 0.053125
0 0.21953125 0.41640625 0.03125 0.06328125
0 0.60390625 0.29609375 0.0484375 0.0609375
0 0.66953125 0.2953125 0.08046875 0.07109375
0 0.73515625 0.29609375 0.04375 0.07265625
0 0.22421875 0.1515625 0.053125 0.06953125
0 0.28046875 0.1609375 0.0390625 0.059375
0 0.3296875 0.165625 0.0421875 0.053125
0 0.37890625 0.16015625 0.04921875 0.05859375
0 0.4328125 0.1578125 0.03984375 0.07109375
0 0.47265625 0.17578125 0.03125 0.03671875
0 0.50859375 0.17734375 0.03125 0.04140625
0 0.54609375 0.17265625 0.03203125 0.046875
0 0.584375 0.17578125 0.03046875 0.04296875
0 0.6234375 0.17421875 0.03359375 0.04140625
0 0.6609375 0.178125 0.0328125 0.04296875
0 0.7 0.178125 0.0328125 0.03984375
0 0.73984375 0.17734375 0.03671875 0.04140625
0 0.790625 0.1953125 0.05703125 0.01875
0 0.853125 0.17109375 0.0609375 0.071875
0 0.92109375 0.17890625 0.05625 0.053125
0 0.978125 0.165625 0.04375 0.0875
0 0.98515625 0.290625 0.025 0.059375
0 0.95 0.29140625 0.02421875 0.06171875
0 0.91484375 0.29296875 0.03828125 0.05625
0 0.87265625 0.2921875 0.03203125 0.05546875
0 0.82890625 0.28984375 0.04140625 0.05078125
0 0.7875 0.290625 0.0375 0.05234375
0 0.75 0.3875 0.05390625 0.06015625
0 0.52578125 0.696875 0.028125 0.05
0 0.8046875 0.396875 0.0359375 0.053125
0 0.9203125 0.39296875 0.0484375 0.06328125
0 0.41171875 0.62265625 0.01953125 0.03515625
0 0.4375 0.62265625 0.01640625 0.0375
0 0.4609375 0.62109375 0.0203125 0.034375
0 0.50390625 0.61640625 0.01875 0.03984375
0 0.52890625 0.62109375 0.01640625 0.03515625
0 0.55 0.62109375 0.0203125 0.0359375
0 0.5734375 0.6203125 0.01796875 0.034375
0 0.59296875 0.62109375 0.02109375 0.0328125
0 0.6171875 0.621875 0.0171875 0.03671875
0 0.63828125 0.62265625 0.0171875 0.03203125
0 0.39140625 0.61953125 0.01640625 0.0328125
0 0.6609375 0.62421875 0.01953125 0.03203125
0 0.7046875 0.62109375 0.01875 0.03515625
0 0.72734375 0.621875 0.02109375 0.0328125
0 0.9734375 0.6640625 0.053125 0.1078125
0 0.89453125 0.65078125 0.0390625 0.11328125
0 0.8265625 0.67890625 0.03359375 0.0859375
0 0.78671875 0.6921875 0.04140625 0.059375
0 0.74453125 0.690625 0.03125 0.059375
0 0.66875 0.7015625 0.03125 0.0359375
0 0.6296875 0.69921875 0.0328125 0.0421875
0 0.59375 0.696875 0.0296875 0.05
0 0.6828125 0.62109375 0.0203125 0.03515625
0 0.36953125 0.61484375 0.01953125 0.040625
0 0.3484375 0.61640625 0.0171875 0.0453125
0 0.32109375 0.6171875 0.021875 0.04140625
0 0.98046875 0.37890625 0.0390625 0.0921875
0 0.9765625 0.5421875 0.03046875 0.071875
0 0.934375 0.55625 0.03359375 0.040625
0 0.8890625 0.5390625 0.04375 0.0796875
0 0.83046875 0.5328125 0.05234375 0.08359375
0 0.72578125 0.52890625 0.046875 0.0640625
0 0.66796875 0.52734375 0.04140625 0.0625
0 0.61484375 0.53046875 0.05234375 0.0671875
0 0.55703125 0.5234375 0.06640625 0.06796875
0 0.4921875 0.52421875 0.05625 0.06875
0 0.4453125 0.525 0.0328125 0.06640625
0 0.4046875 0.52265625 0.0359375 0.0640625
0 0.36484375 0.52578125 0.03359375 0.06796875
0 0.134375 0.13359375 0.1046875 0.09765625
0 0.29140625 0.52109375 0.03828125 0.0640625
0 0.23984375 0.5109375 0.0515625 0.0796875
0 0.02578125 0.50078125 0.0515625 0.0734375
0 0.04453125 0.6765625 0.07734375 0.09296875
0 0.1140625 0.6640625 0.05234375 0.109375
0 0.225 0.61484375 0.02265625 0.03984375
0 0.2484375 0.61640625 0.0171875 0.04296875
0 0.27265625 0.6171875 0.02265625 0.0359375
0 0.2984375 0.6203125 0.01875 0.0421875
0 0.8640625 0.396875 0.0625 0.04765625
0 0.3296875 0.52265625 0.0359375 0.0640625