0 0.75625 0.2046875 0.07421875 0.05859375
0 0.65 0.2265625 0.125 0.01640625
0 0.5671875 0.23359375 0.025 0.0078125
0 0.53515625 0.234375 0.02265625 0.00625
0 0.50859375 0.23515625 0.021875 0.00703125
0 0.9296875 0.32265625 0.05546875 0.021875
0 0.83828125 0.20234375 0.078125 0.05859375
0 0.53671875 0.221875 0.025 0.0140625
0 0.509375 0.221875 0.02421875 0.01171875
0 0.478125 0.23359375 0.0234375 0.0078125
0 0.47890625 0.22265625 0.02421875 0.01171875
0 0.56640625 0.21953125 0.028125 0.01171875
0 0.9296875 0.2234375 0.09453125 0.01875
0 0.29140625 0.3234375 0.06796875 0.03203125
0 0.13359375 0.32265625 0.07421875 0.0328125
0 0.2125 0.3234375 0.06796875 0.03125
0 0.934375 0.29296875 0.05390625 0.02421875
0 0.384375 0.3234375 0.1046875 0.04140625
0 0.53046875 0.31796875 0.0828125 0.0328125
0 0.615625 0.32109375 0.0734375 0.03359375
0 0.72890625 0.321875 0.1375 0.03125
0 0.48046875 0.20859375 0.02734375 0.01015625
0 0.815625 0.659375 0.0328125 0.04609375
0 0.74609375 0.675 0.08359375 0.0296875
0 0.0484375 0.41171875 0.06640625 0.01484375
0 0.8484375 0.315625 0.07734375 0.04375
0 0.0546875 0.32265625 0.0734375 0.03046875
0 0.45546875 0.22578125 0.02109375 0.00625
0 0.453125 0.2140625 0.0203125 0.01328125
0 0.44921875 0.23515625 0.02578125 0.01015625
0 0.20625 0.5828125 0.08125 0.0234375
0 0.33671875 0.5890625 0.08359375 0.01875
0 0.4234375 0.58125 0.06875 0.0296875
0 0.4859375 0.58359375 0.034375 0.03515625
0 0.5296875 0.58046875 0.03828125 0.040625
0 0.57890625 0.57734375 0.04375 0.05234375
0 0.6328125 0.590625 0.0546875 0.02421875
0 0.71015625 0.5859375 0.08671875 0.03671875
0 0.80703125 0.59453125 0.0953125 0.02265625
0 0.89921875 0.58125 0.06796875 0.05234375
0 0.040625 0.65625 0.0328125 0.03984375
0 0.13203125 0.65390625 0.04453125 0.0515625
0 0.178125 0.6546875 0.040625 0.05078125
0 0.246875 0.665625 0.084375 0.0234375
0 0.3390625 0.6671875 0.08359375 0.0234375
0 0.42890625 0.6671875 0.07890625 0.0265625
0 0.51640625 0.6703125 0.08125 0.02578125
0 0.12578125 0.578125 0.0578125 0.0390625
0 0.4265625 0.2265625 0.02578125 0.00546875
0 0.06796875 0.56875 0.04765625 0.0625
0 0.91015625 0.48671875 0.0640625 0.06328125
0 0.41953125 0.23515625 0.015625 0.0109375
0 0.96953125 0.5875 0.0609375 0.04375
0 0.42734375 0.21484375 0.01796875 0.01171875
0 0.446875 0.19765625 0.02734375 0.0140625
0 0.3375 0.2140625 0.13828125 0.05234375
0 0.203125 0.215625 0.11953125 0.0515625
0 0.0703125 0.21640625 0.13671875 0.0546875
0 0.36484375 0.48828125 0.03828125 0.0515625
0 0.41484375 0.4890625 0.03671875 0.05625
0 0.4625 0.48828125 0.0390625 0.0515625
0 0.51328125 0.484375 0.04921875 0.0609375
0 0.56796875 0.48671875 0.04375 0.06171875
0 0.61640625 0.48671875 0.053125 0.06171875
0 0.678125 0.4828125 0.05 0.065625
0 0.73125 0.4921875 0.04453125 0.04921875
0 0.78671875 0.4859375 0.059375 0.06015625
0 0.846875 0.4859375 0.04375 0.0640625
0 0.02109375 0.58359375 0.0328125 0.0296875
0 0.9640625 0.48203125 0.03046875 0.06953125
0 0.465625 0.8875 0.02890625 0.0265625
0 0.15 0.87109375 0.0484375 0.03203125
0 0.08125 0.8015625 0.034375 0.0484375
0 0.03828125 0.8109375 0.028125 0.0328125
0 0.8375 0.74375 0.02890625 0.05
0 0.80625 0.74140625 0.02734375 0.05078125
0 0.74609375 0.753125 0.07421875 0.028125
0 0.6609375 0.753125 0.08125 0.02734375
0 0.23359375 0.821875 0.05859375 0.02109375
0 0.571875 0.74921875 0.07890625 0.02734375
0 0.396875 0.75 0.084375 0.02265625
0 0.31171875 0.746875 0.0734375 0.02109375
0 0.2375 0.74375 0.0609375 0.0296875
0 0.16875 0.74140625 0.05546875 0.0265625
0 0.10078125 0.74140625 0.0609375 0.0265625
0 0.03203125 0.7390625 0.05625 0.02890625
0 0.4875 0.7484375 0.08125 0.02890625
0 0.9625 0.6765625 0.05859375 0.0328125
0 0.30390625 0.8203125 0.05703125 0.0265625
0 0.43671875 0.82265625 0.07265625 0.028125
0 0.6546875 0.6703125 0.08125 0.02734375
0 0.61015625 0.89375 0.06328125 0.025
0 0.76796875 0.9015625 0.0296875 0.01796875
0 0.7328125 0.9015625 0.0265625 0.01875
0 0.68515625 0.88984375 0.06640625 0.0421875
0 0.8828125 0.89296875 0.05 0.03984375
0 0.3671875 0.8171875 0.05234375 0.0390625
0 0.82265625 0.88984375 0.0421875 0.034375
0 0.95078125 0.815625 0.0609375 0.02109375
0 0.85078125 0.8265625 0.03359375 0.03671875
0 0.77734375 0.83359375 0.084375 0.02578125
0 0.68984375 0.8265625 0.0765625 0.03203125
0 0.61328125 0.828125 0.06953125 0.0265625
0 0.5125 0.8234375 0.0609375 0.0296875
0 0.96015625 0.89375 0.0796875 0.0453125
0 0.121875 0.409375 0.0765625 0.015625
0 0.05390625 0.425 0.06484375 0.009375
0 0.125 0.42421875 0.06953125 0.01015625
0 0.03359375 0.48203125 0.0484375 0.0640625
0 0.08984375 0.48125 0.04375 0.06484375
0 0.14140625 0.4828125 0.04375 0.0609375
0 0.1828125 0.48359375 0.03515625 0.06484375
0 0.225 0.49140625 0.040625 0.04765625
0 0.2703125 0.4828125 0.034375 0.05625
0 0.8875 0.4203125 0.11953125 0.0203125
0 0.3203125 0.48203125 0.03828125 0.06953125
0 0.49453125 0.8890625 0.02109375 0.0171875
0 0.42578125 0.87890625 0.0328125 0.03671875
0 0.38671875 0.87734375 0.0375 0.0390625
0 0.33671875 0.875 0.040625 0.034375
0 0.2546875 0.8734375 0.04296875 0.0328125
0 0.19921875 0.871875 0.046875 0.03515625
0 0.54296875 0.89140625 0.0609375 0.0234375
0 0.88515625 0.39453125 0.1328125 0.0203125
0 0.79296875 0.41875 0.028125 0.01484375
0 0.76484375 0.41953125 0.02890625 0.01328125
0 0.178125 0.40703125 0.03515625 0.040625
0 0.21015625 0.4125 0.02421875 0.03125
0 0.240625 0.41328125 0.02734375 0.03046875
0 0.27421875 0.41171875 0.03359375 0.03828125
0 0.30859375 0.41328125 0.02734375 0.03515625
0 0.34921875 0.41015625 0.04609375 0.04140625
0 0.40390625 0.41171875 0.0640625 0.034375
0 0.45390625 0.4125 0.0234375 0.034375
0 0.48515625 0.4125 0.028125 0.03359375
0 0.5421875 0.4125 0.07109375 0.0125
0 0.54140625 0.425 0.06953125 0.01015625
0 0.62421875 0.4078125 0.07734375 0.04765625
0 0.62578125 0.371875 0.08125 0.01875
0 0.70703125 0.40625 0.07109375 0.0390625
0 0.7625 0.403125 0.03671875 0.01484375
0 0.0859375 0.87109375 0.075 0.03359375
0 0.584375 0.659375 0.0421875 0.0453125
0 0.8609375 0.665625 0.04375 0.05625
0 0.90546875 0.6640625 0.03359375 0.053125