0 0.921875 0.65546875 0.0703125 0.02734375
0 0.7 0.628125 0.06953125 0.03125
0 0.61953125 0.65546875 0.084375 0.02734375
0 0.92265625 0.62421875 0.0703125 0.02734375
0 0.846875 0.65546875 0.0703125 0.02734375
0 0.8453125 0.62890625 0.06875 0.02421875
0 0.77578125 0.659375 0.06875 0.02109375
0 0.775 0.6296875 0.0703125 0.03671875
0 0.70078125 0.6578125 0.07109375 0.02578125
0 0.7234375 0.54921875 0.08203125 0.025
0 0.8859375 0.54609375 0.07890625 0.02890625
0 0.80390625 0.5453125 0.07890625 0.02890625
0 0.1109375 0.6578125 0.09140625 0.04375
0 0.20234375 0.6359375 0.08125 0.0296875
0 0.203125 0.66484375 0.08203125 0.025
0 0.284375 0.63515625 0.0796875 0.03046875
0 0.284375 0.66484375 0.07734375 0.025
0 0.3671875 0.634375 0.07734375 0.02890625
0 0.365625 0.66171875 0.07734375 0.02421875
0 0.44765625 0.6609375 0.0796875 0.0265625
0 0.5328125 0.62890625 0.0890625 0.02890625
0 0.53359375 0.65703125 0.08828125 0.02578125
0 0.621875 0.62734375 0.084375 0.02734375
0 0.03046875 0.659375 0.0609375 0.04375
0 0.96484375 0.5734375 0.06953125 0.02265625
0 0.96484375 0.54609375 0.0703125 0.0296875
0 0.803125 0.57578125 0.07890625 0.02890625
0 0.7234375 0.57578125 0.07578125 0.02265625
0 0.446875 0.63125 0.08125 0.03046875
0 0.159375 0.11953125 0.08046875 0.01953125
0 0.54609375 0.4984375 0.08359375 0.028125
0 0.96171875 0.38046875 0.0765625 0.0296875
0 0.878125 0.4109375 0.07578125 0.02890625
0 0.88046875 0.38046875 0.0859375 0.0328125
0 0.79921875 0.41015625 0.08203125 0.03046875
0 0.796875 0.3796875 0.07734375 0.03125
0 0.71171875 0.4109375 0.0859375 0.02734375
0 0.71015625 0.38203125 0.08828125 0.03046875
0 0.61796875 0.41171875 0.07734375 0.03046875
0 0.96015625 0.41171875 0.0796875 0.0296875
0 0.5375 0.41171875 0.07734375 0.03046875
0 0.61484375 0.37890625 0.0828125 0.0296875
0 0.53203125 0.38046875 0.0796875 0.0328125
0 0.4484375 0.37734375 0.08125 0.03359375
0 0.36171875 0.37890625 0.08203125 0.03046875
0 0.2796875 0.41015625 0.08125 0.03125
0 0.18828125 0.4109375 0.09375 0.0328125
0 0.09609375 0.40859375 0.09453125 0.03203125
0 0.18828125 0.37578125 0.09453125 0.0328125
0 0.36484375 0.41015625 0.0828125 0.0296875
0 0.0953125 0.37578125 0.0875 0.03203125
0 0.1109375 0.46640625 0.09140625 0.03125
0 0.2046875 0.465625 0.08828125 0.03515625
0 0.03203125 0.46875 0.0609375 0.0328125
0 0.9015625 0.49375 0.08671875 0.0296875
0 0.9078125 0.4640625 0.08671875 0.0296875
0 0.8140625 0.49453125 0.08359375 0.028125
0 0.81328125 0.465625 0.08359375 0.028125
0 0.71796875 0.496875 0.08359375 0.028125
0 0.71953125 0.4671875 0.08359375 0.028125
0 0.63203125 0.4953125 0.08359375 0.028125
0 0.11171875 0.5 0.0875 0.03046875
0 0.63046875 0.46640625 0.08359375 0.028125
0 0.546875 0.46796875 0.0796875 0.03125
0 0.45859375 0.496875 0.0796875 0.03125
0 0.459375 0.46328125 0.08203125 0.034375
0 0.375 0.49765625 0.08203125 0.028125
0 0.37578125 0.46484375 0.08203125 0.034375
0 0.29296875 0.5 0.08125 0.03125
0 0.2921875 0.4640625 0.0796875 0.03515625
0 0.20625 0.50234375 0.08125 0.03203125
0 0.24609375 0.1203125 0.07890625 0.02421875
0 0.034375 0.5015625 0.0671875 0.02734375
0 0.08359375 0.30546875 0.09609375 0.05078125
0 0.178125 0.28125 0.08984375 0.0359375
0 0.96015625 0.32109375 0.0609375 0.03125
0 0.96328125 0.2859375 0.0671875 0.03125
0 0.940625 0.22734375 0.09296875 0.03828125
0 0.82734375 0.196875 0.084375 0.02421875
0 0.83203125 0.2265625 0.08671875 0.03125
0 0.7390625 0.2265625 0.08671875 0.03125
0 0.73828125 0.19140625 0.08515625 0.03125
0 0.64921875 0.225 0.08671875 0.03359375
0 0.88671875 0.2875 0.07734375 0.0328125
0 0.64609375 0.1921875 0.090625 0.03203125
0 0.13359375 0.740625 0.05234375 0.0421875
0 0.08046875 0.74140625 0.05234375 0.0421875
0 0.02578125 0.74453125 0.0515625 0.0421875
0 0.36953125 0.18828125 0.08671875 0.0375
0 0.37109375 0.2234375 0.0890625 0.03046875
0 0.4609375 0.18984375 0.08984375 0.03125
0 0.4625 0.22421875 0.0875 0.02890625
0 0.5515625 0.190625 0.08671875 0.03359375
0 0.553125 0.22578125 0.084375 0.03203125
0 0.18984375 0.31796875 0.0921875 0.0328125
0 0.8859375 0.3203125 0.0765625 0.0296875
0 0.80546875 0.32265625 0.0890625 0.03046875
0 0.27890625 0.31796875 0.090625 0.0328125
0 0.27109375 0.28359375 0.09140625 0.03515625
0 0.36953125 0.31875 0.0859375 0.03125
0 0.3625 0.2828125 0.08828125 0.034375
0 0.45859375 0.31953125 0.08515625 0.03125
0 0.4515625 0.28515625 0.08828125 0.03515625
0 0.5453125 0.3171875 0.08515625 0.03203125
0 0.37421875 0.7421875 0.08046875 0.0265625
0 0.8015625 0.28828125 0.07578125 0.03203125
0 0.37265625 0.7140625 0.0796875 0.0265625
0 0.2921875 0.71640625 0.0796875 0.0265625
0 0.20625 0.746875 0.08671875 0.0265625
0 0.2078125 0.71796875 0.08671875 0.0296875
0 0.5359375 0.284375 0.07734375 0.03125
0 0.63046875 0.31875 0.08046875 0.03125
0 0.62265625 0.28671875 0.09296875 0.03125
0 0.7234375 0.3203125 0.07578125 0.03125
0 0.721875 0.28671875 0.07890625 0.03203125
0 0.29453125 0.74375 0.08046875 0.0265625
0 0.034375 0.5625 0.06640625 0.0265625
0 0.45390625 0.4109375 0.0828125 0.0296875
0 0.2765625 0.190625 0.08515625 0.03515625
0 0.94296875 0.7046875 0.096875 0.03046875
0 0.18359375 0.22265625 0.08984375 0.03203125
0 0.17890625 0.1875 0.09609375 0.03203125
0 0.06328125 0.21484375 0.10546875 0.0296875
0 0.95703125 0.1328125 0.07109375 0.0296875
0 0.8703125 0.1296875 0.0828125 0.03359375
0 0.7796875 0.1265625 0.0859375 0.03828125
0 0.6953125 0.12578125 0.075 0.02890625
0 0.61328125 0.12109375 0.08515625 0.0375
0 0.5203125 0.12109375 0.08984375 0.0375
0 0.42421875 0.11953125 0.09296875 0.03125
0 0.425 0.09453125 0.09453125 0.0171875
0 0.33359375 0.1234375 0.075 0.0234375
0 0.3328125 0.09765625 0.07890625 0.02734375
0 0.25390625 0.09609375 0.07265625 0.02109375
0 0.0703125 0.115625 0.0703125 0.0265625
0 0.16484375 0.09296875 0.084375 0.0265625
0 0.278125 0.22265625 0.07734375 0.02890625
0 0.8359375 0.73515625 0.09453125 0.0234375
0 0.84140625 0.70625 0.1 0.034375
0 0.7296875 0.725 0.1046875 0.04765625
0 0.45859375 0.7125 0.08046875 0.0265625
0 0.45390625 0.73984375 0.078125 0.02578125
0 0.540625 0.7109375 0.078125 0.02578125
0 0.54296875 0.73828125 0.0828125 0.028125
0 0.6296875 0.70859375 0.08984375 0.02734375
0 0.0546875 0.82890625 0.1046875 0.05234375
0 0.9421875 0.7328125 0.09765625 0.02421875
0 0.2203125 0.82734375 0.109375 0.04921875
0 0.95234375 0.796875 0.09453125 0.053125
0 0.8515625 0.8015625 0.0984375 0.05859375
0 0.75078125 0.80625 0.09375 0.05390625
0 0.65390625 0.78671875 0.07421875 0.02578125
0 0.65859375 0.815625 0.07734375 0.03125
0 0.5796875 0.825 0.07265625 0.0234375
0 0.03359375 0.5921875 0.0640625 0.028125
0 0.1140625 0.559375 0.08671875 0.0265625
0 0.11015625 0.5890625 0.090625 0.025
0 0.2015625 0.55234375 0.0828125 0.02890625
0 0.14375 0.8234375 0.03671875 0.0453125
0 0.28671875 0.553125 0.07890625 0.02734375
0 0.20546875 0.58359375 0.08515625 0.02734375
0 0.36640625 0.55234375 0.08046875 0.02890625
0 0.3328125 0.82734375 0.10078125 0.04921875
0 0.43671875 0.8015625 0.075 0.01953125
0 0.4359375 0.83125 0.07890625 0.0203125
0 0.5671875 0.79453125 0.0796875 0.02265625
0 0.62890625 0.58046875 0.08984375 0.02578125
0 0.6265625 0.55078125 0.090625 0.02890625
0 0.28671875 0.5828125 0.07890625 0.025
0 0.5390625 0.5796875 0.08359375 0.025
0 0.53828125 0.5515625 0.08203125 0.0265625
0 0.45546875 0.5796875 0.07890625 0.02578125
0 0.453125 0.553125 0.08671875 0.0265625
0 0.371875 0.5828125 0.08046875 0.02734375
0 0.63359375 0.73515625 0.0859375 0.025