0 0.275 0.39375 0.053125 0.02109375
0 0.15546875 0.3796875 0.05078125 0.08125
0 0.16328125 0.4625 0.065625 0.07578125
0 0.23203125 0.4140625 0.025 0.034375
0 0.20078125 0.36796875 0.02578125 0.06875
0 0.2765625 0.421875 0.05 0.02578125
0 0.49140625 0.39375 0.04609375 0.02109375
0 0.33359375 0.4234375 0.0515625 0.02578125
0 0.38984375 0.421875 0.0484375 0.025
0 0.44140625 0.41875 0.0453125 0.0328125
0 0.4984375 0.4234375 0.0515625 0.028125
0 0.23203125 0.38125 0.02578125 0.01953125
0 0.3359375 0.39765625 0.05703125 0.015625
0 0.20625 0.43359375 0.01875 0.04609375
0 0.52265625 0.5109375 0.04609375 0.0859375
0 0.08984375 0.44765625 0.07421875 0.1
0 0.86875 0.48046875 0.0625 0.01953125
0 0.9703125 0.39453125 0.05859375 0.02734375
0 0.903125 0.4 0.04140625 0.01484375
0 0.84921875 0.40078125 0.05234375 0.01953125
0 0.9421875 0.425 0.11484375 0.0234375
0 0.84609375 0.425 0.0578125 0.02109375
0 0.7796875 0.4234375 0.05078125 0.02578125
0 0.68828125 0.403125 0.0421875 0.01328125
0 0.64375 0.40546875 0.04140625 0.015625
0 0.721875 0.42421875 0.05078125 0.02109375
0 0.665625 0.42421875 0.0515625 0.01875
0 0.5875 0.4484375 0.01171875 0.0625
0 0.61484375 0.4234375 0.04140625 0.01484375
0 0.60234375 0.40546875 0.03828125 0.0125
0 0.59765625 0.38828125 0.0453125 0.0171875
0 0.5953125 0.3703125 0.0390625 0.01171875
0 0.53984375 0.4203125 0.02109375 0.02265625
0 0.5359375 0.39453125 0.03125 0.0203125
0 0.028125 0.4609375 0.046875 0.084375
0 0.87109375 0.534375 0.06015625 0.02109375
0 0.07578125 0.25234375 0.0453125 0.09921875
0 0.06171875 0.853125 0.08984375 0.1046875
0 0.15390625 0.8328125 0.071875 0.10078125
0 0.2640625 0.7484375 0.05546875 0.10234375
0 0.265625 0.8515625 0.053125 0.09765625
0 0.328125 0.859375 0.06640625 0.0875
0 0.38671875 0.846875 0.05 0.09921875
0 0.39765625 0.7203125 0.0390625 0.07734375
0 0.3390625 0.7421875 0.059375 0.0984375
0 0.4484375 0.74375 0.0546875 0.07578125
0 0.87109375 0.509375 0.06015625 0.01796875
0 0.44453125 0.85390625 0.059375 0.1390625
0 0.5125 0.7546875 0.06484375 0.09375
0 0.58046875 0.8484375 0.0671875 0.09296875
0 0.64140625 0.80703125 0.0484375 0.1671875
0 0.69296875 0.83359375 0.046875 0.10625
0 0.6953125 0.73828125 0.05078125 0.0796875
0 0.7453125 0.8265625 0.04453125 0.10859375
0 0.8 0.82890625 0.0515625 0.10625
0 0.859375 0.8359375 0.0515625 0.10234375
0 0.9765625 0.859375 0.04609375 0.0671875
0 0.509375 0.8546875 0.0609375 0.0953125
0 0.05234375 0.1171875 0.03359375 0.115625
0 0.10625 0.12109375 0.0703125 0.1140625
0 0.18203125 0.11796875 0.06640625 0.12734375
0 0.70078125 0.259375 0.0609375 0.03046875
0 0.76953125 0.309375 0.05625 0.06484375
0 0.8921875 0.33046875 0.05625 0.021875
0 0.89140625 0.30546875 0.05234375 0.01640625
0 0.88984375 0.28671875 0.05546875 0.01484375
0 0.9328125 0.23359375 0.05546875 0.034375
0 0.8828125 0.26640625 0.04609375 0.01953125
0 0.828125 0.31328125 0.05078125 0.06796875
0 0.946875 0.3 0.05 0.08203125
0 0.96640625 0.103125 0.06640625 0.175
0 0.89765625 0.11875 0.059375 0.14609375
0 0.79375 0.1390625 0.03359375 0.09140625
0 0.740625 0.12890625 0.07109375 0.1203125
0 0.66640625 0.1640625 0.0515625 0.05234375
0 0.61171875 0.13984375 0.05390625 0.09765625
0 0.55234375 0.1390625 0.05546875 0.09609375
0 0.509375 0.140625 0.02421875 0.0828125
0 0.45703125 0.128125 0.06640625 0.11953125
0 0.3890625 0.11015625 0.059375 0.1515625
0 0.325 0.10859375 0.06171875 0.15
0 0.25625 0.12578125 0.0703125 0.11171875
0 0.921875 0.85625 0.05859375 0.0671875
0 0.0546875 0.37109375 0.0734375 0.03828125
0 0.9765625 0.7859375 0.046875 0.06953125
0 0.93828125 0.621875 0.0640625 0.090625
0 0.9796875 0.51953125 0.0390625 0.01171875
0 0.9796875 0.496875 0.03984375 0.01875
0 0.9328125 0.53515625 0.04609375 0.0234375
0 0.9296875 0.50625 0.05 0.0234375
0 0.93046875 0.48046875 0.05 0.01640625
0 0.703125 0.31171875 0.06953125 0.065625
0 0.57734375 0.265625 0.04921875 0.0296875
0 0.58046875 0.2953125 0.04609375 0.0171875
0 0.59375 0.325 0.0578125 0.03515625
0 0.98046875 0.5375 0.0375 0.0203125
0 0.5234375 0.31328125 0.06328125 0.06484375
0 0.38828125 0.2765625 0.059375 0.03671875
0 0.3875 0.31796875 0.06328125 0.04375
0 0.32734375 0.2828125 0.05390625 0.03125
0 0.32109375 0.3203125 0.0625 0.04296875
0 0.26484375 0.2796875 0.0609375 0.03359375
0 0.2546875 0.31796875 0.0609375 0.040625
0 0.1265625 0.25390625 0.04609375 0.11171875
0 0.18671875 0.25 0.06796875 0.103125
0 0.02421875 0.25390625 0.0484375 0.09453125
0 0.45546875 0.30703125 0.0625 0.06953125
0 0.81015625 0.51484375 0.04921875 0.06015625
0 0.7546875 0.51796875 0.05078125 0.05625
0 0.69921875 0.515625 0.0484375 0.05703125
0 0.86640625 0.62578125 0.06328125 0.0890625
0 0.79921875 0.62578125 0.0578125 0.090625
0 0.734375 0.62109375 0.0578125 0.09921875
0 0.67109375 0.61953125 0.05625 0.09453125
0 0.6140625 0.62109375 0.0484375 0.096875
0 0.5359375 0.6203125 0.05234375 0.0953125
0 0.57421875 0.59921875 0.01953125 0.08125
0 0.47421875 0.63125 0.06484375 0.075
0 0.40546875 0.63125 0.0671875 0.07265625
0 0.33359375 0.62890625 0.06796875 0.084375
0 0.2625 0.63125 0.06796875 0.08359375
0 0.17890625 0.62421875 0.07109375 0.08828125
0 0.1015625 0.61953125 0.07109375 0.10234375
0 0.03203125 0.62734375 0.0640625 0.09765625
0 0.24375 0.50859375 0.03671875 0.08203125
0 0.29140625 0.5078125 0.0484375 0.075
0 0.34609375 0.50703125 0.046875 0.07890625
0 0.3984375 0.5109375 0.04453125 0.07265625
0 0.4484375 0.50703125 0.0484375 0.0703125
0 0.60234375 0.5171875 0.03046875 0.06640625
0 0.64765625 0.515625 0.05 0.06171875
0 0.91796875 0.784375 0.0578125 0.0671875