0 0.58828125 0.55859375 0.05 0.04609375
0 0.6484375 0.559375 0.05703125 0.046875
0 0.01171875 0.58125 0.01875 0.0375
0 0.478125 0.55703125 0.05703125 0.04921875
0 0.41796875 0.55625 0.06484375 0.046875
0 0.3578125 0.55703125 0.05390625 0.04453125
0 0.29765625 0.55546875 0.05390625 0.04453125
0 0.2484375 0.56953125 0.03984375 0.021875
0 0.1859375 0.571875 0.0734375 0.02578125
0 0.109375 0.55546875 0.0609375 0.0484375
0 0.0484375 0.58203125 0.03671875 0.0375
0 0.6671875 0.63359375 0.0765625 0.00703125
0 0.603125 0.6328125 0.046875 0.040625
0 0.671875 0.6234375 0.078125 0.01015625
0 0.53515625 0.55859375 0.05078125 0.04140625
0 0.7109375 0.559375 0.0625 0.046875
0 0.2140625 0.20859375 0.1 0.0625
0 0.81328125 0.5625 0.01953125 0.034375
0 0.66796875 0.640625 0.07890625 0.00859375
0 0.496875 0.6109375 0.0515625 0.01328125
0 0.49375 0.6390625 0.04140625 0.0390625
0 0.45 0.63984375 0.03828125 0.034375
0 0.4 0.615625 0.05390625 0.0125
0 0.4015625 0.6390625 0.04453125 0.028125
0 0.35234375 0.63359375 0.040625 0.04140625
0 0.30703125 0.63828125 0.046875 0.0421875
0 0.2578125 0.63515625 0.03828125 0.0359375
0 0.22421875 0.609375 0.04375 0.01171875
0 0.209375 0.6359375 0.04296875 0.03828125
0 0.16171875 0.6359375 0.04609375 0.0390625
0 0.10625 0.6390625 0.05078125 0.0453125
0 0.94609375 0.55703125 0.07265625 0.0609375
0 0.8625 0.55625 0.05859375 0.059375
0 0.7734375 0.5765625 0.0546875 0.01875
0 0.67734375 0.65234375 0.07578125 0.01171875
0 0.56953125 0.71796875 0.05625 0.0578125
0 0.85 0.6265625 0.07890625 0.01875
0 0.5890625 0.41328125 0.034375 0.0359375
0 0.63515625 0.421875 0.03046875 0.01875
0 0.62265625 0.40625 0.02890625 0.0125
0 0.653125 0.40625 0.02734375 0.01328125
0 0.6890625 0.40078125 0.0359375 0.059375
0 0.7265625 0.4015625 0.03359375 0.05859375
0 0.7625 0.4 0.0375 0.05703125
0 0.83828125 0.39921875 0.10859375 0.01484375
0 0.85078125 0.42109375 0.11640625 0.021875
0 0.809375 0.38046875 0.028125 0.02265625
0 0.84609375 0.378125 0.03359375 0.02265625
0 0.8828125 0.3796875 0.03515625 0.025
0 0.47890625 0.4078125 0.07109375 0.04296875
0 0.92734375 0.39375 0.03828125 0.03671875
0 0.03828125 0.5015625 0.071875 0.05859375
0 0.10390625 0.4859375 0.05 0.03984375
0 0.159375 0.48359375 0.05390625 0.03828125
0 0.21171875 0.48984375 0.04296875 0.0359375
0 0.2625 0.49296875 0.0515625 0.03671875
0 0.34140625 0.4890625 0.07265625 0.040625
0 0.41328125 0.48828125 0.0671875 0.040625
0 0.4859375 0.48828125 0.06484375 0.04375
0 0.55078125 0.48671875 0.06171875 0.04375
0 0.61328125 0.4859375 0.0578125 0.04140625
0 0.66484375 0.47734375 0.03359375 0.01875
0 0.6671875 0.49921875 0.03359375 0.01953125
0 0.96875 0.39609375 0.040625 0.0375
0 0.40546875 0.40859375 0.0734375 0.0453125
0 0.32890625 0.4078125 0.065625 0.0484375
0 0.25625 0.3984375 0.06484375 0.0671875
0 0.31640625 0.2203125 0.07890625 0.05
0 0.40234375 0.2140625 0.08515625 0.06171875
0 0.49453125 0.21875 0.0859375 0.00859375
0 0.49765625 0.22890625 0.09140625 0.009375
0 0.59140625 0.21015625 0.0875 0.07109375
0 0.91015625 0.2171875 0.17890625 0.06796875
0 0.034375 0.3421875 0.04296875 0.0515625
0 0.19609375 0.28046875 0.1109375 0.0125
0 0.13828125 0.3171875 0.02890625 0.06171875
0 0.16796875 0.31796875 0.025 0.06015625
0 0.20703125 0.3171875 0.0453125 0.059375
0 0.25703125 0.31875 0.0453125 0.06015625
0 0.30625 0.31875 0.04609375 0.06015625
0 0.42265625 0.32109375 0.03125 0.05703125
0 0.3765625 0.34140625 0.02890625 0.02265625
0 0.46484375 0.31796875 0.02578125 0.05859375
0 0.490625 0.3203125 0.02890625 0.059375
0 0.525 0.31796875 0.03515625 0.059375
0 0.57265625 0.33046875 0.03671875 0.02109375
0 0.61171875 0.3296875 0.034375 0.0203125
0 0.671875 0.309375 0.046875 0.071875
0 0.72578125 0.31171875 0.0453125 0.06953125
0 0.9203125 0.334375 0.15703125 0.0421875
0 0.0265625 0.43125 0.0453125 0.034375
0 0.115625 0.39375 0.06484375 0.02890625
0 0.096875 0.41953125 0.078125 0.02109375
0 0.18203125 0.39765625 0.06640625 0.0640625
0 0.7 0.47734375 0.02734375 0.02265625
0 0.70625 0.5 0.03515625 0.01796875
0 0.7265625 0.4546875 0.03359375 0.025
0 0.7421875 0.47890625 0.03046875 0.0171875
0 0.153125 0.82734375 0.16171875 0.08359375
0 0.97734375 0.76171875 0.0453125 0.01953125
0 0.98125 0.7359375 0.0375 0.028125
0 0.91953125 0.7375 0.07890625 0.02421875
0 0.83046875 0.71015625 0.05 0.04453125
0 0.771875 0.72109375 0.05234375 0.04375
0 0.72109375 0.7046875 0.040625 0.0640625
0 0.6734375 0.70625 0.03828125 0.06171875
0 0.62265625 0.7109375 0.05234375 0.06875
0 0.11171875 0.20546875 0.09609375 0.06796875
0 0.5109375 0.70078125 0.0375 0.05546875
0 0.46796875 0.71328125 0.03671875 0.0640625
0 0.43125 0.71328125 0.0265625 0.0640625
0 0.40625 0.7078125 0.01875 0.05703125
0 0.3796875 0.709375 0.0265625 0.05390625
0 0.353125 0.71875 0.02421875 0.025
0 0.32109375 0.72734375 0.021875 0.03828125
0 0.28828125 0.71484375 0.03515625 0.059375
0 0.25703125 0.71640625 0.02421875 0.059375
0 0.21640625 0.715625 0.03671875 0.05546875
0 0.175 0.7171875 0.021875 0.04921875
0 0.1109375 0.73359375 0.05234375 0.0328125
0 0.1078125 0.69765625 0.04921875 0.03125
0 0.0375 0.72734375 0.04921875 0.03984375
0 0.978125 0.6375 0.04296875 0.03203125
0 0.92890625 0.62734375 0.04921875 0.04765625
0 0.8578125 0.64765625 0.0859375 0.0125
0 0.32421875 0.83984375 0.11953125 0.06796875
0 0.759375 0.6296875 0.08125 0.0546875
0 0.45078125 0.83671875 0.10859375 0.0671875
0 0.5296875 0.8453125 0.03203125 0.0265625
0 0.47578125 0.38125 0.06171875 0.009375
0 0.4109375 0.38125 0.0625 0.00703125
0 0.7421875 0.49921875 0.03125 0.01875
0 0.78046875 0.4984375 0.034375 0.01953125
0 0.81015625 0.4953125 0.021875 0.01875
0 0.771875 0.47734375 0.0265625 0.01953125
0 0.8828125 0.4890625 0.0265625 0.0328125
0 0.90625 0.4890625 0.021875 0.03359375
0 0.9296875 0.4890625 0.0265625 0.0359375
0 0.96015625 0.46640625 0.02734375 0.03828125
0 0.9890625 0.84765625 0.0203125 0.02578125
0 0.95546875 0.84453125 0.04453125 0.025
0 0.89375 0.84921875 0.07734375 0.02734375
0 0.8859375 0.81328125 0.07578125 0.03125
0 0.87578125 0.7828125 0.0890625 0.01640625
0 0.8421875 0.8515625 0.021875 0.02421875
0 0.8203125 0.85234375 0.0203125 0.02109375
0 0.76953125 0.84921875 0.059375 0.0203125
0 0.76640625 0.82734375 0.06171875 0.0140625
0 0.6984375 0.8609375 0.05390625 0.01015625
0 0.6984375 0.84921875 0.06328125 0.0109375
0 0.70390625 0.83671875 0.0609375 0.0140625
0 0.65078125 0.8375 0.02734375 0.0421875
0 0.625 0.84296875 0.0234375 0.021875
0 0.59375 0.83203125 0.0375 0.06171875
0 0.55703125 0.8234375 0.01796875 0.0203125
0 0.5625 0.853125 0.02421875 0.028125
0 0.49609375 0.89375 0.0546875 0.03984375
0 0.49921875 0.23984375 0.090625 0.0125
0 0.54609375 0.64296875 0.04765625 0.02890625
0 0.54921875 0.61484375 0.0453125 0.02109375