0 0.50234375 0.40546875 0.02109375 0.05625
0 0.50546875 0.21953125 0.04140625 0.0578125
0 0.54921875 0.21640625 0.0421875 0.05390625
0 0.59453125 0.21953125 0.04140625 0.05625
0 0.71875 0.375 0.0453125 0.053125
0 0.63828125 0.165625 0.03671875 0.0828125
0 0.678125 0.165625 0.03828125 0.0859375
0 0.634375 0.25546875 0.0375 0.0921875
0 0.6734375 0.25625 0.0390625 0.08984375
0 0.7171875 0.253125 0.03984375 0.09296875
0 0.75859375 0.24609375 0.0375 0.1046875
0 0.7984375 0.24765625 0.03984375 0.10078125
0 0.83203125 0.24921875 0.02578125 0.09765625
0 0.81171875 0.16640625 0.0296875 0.03828125
0 0.85703125 0.26953125 0.02421875 0.05859375
0 0.86328125 0.35 0.04140625 0.05703125
0 0.90390625 0.34609375 0.03671875 0.06640625
0 0.60078125 0.165625 0.0359375 0.0375
0 0.56015625 0.15859375 0.040625 0.06015625
0 0.5109375 0.159375 0.03984375 0.059375
0 0.5921875 0.2765625 0.040625 0.05078125
0 0.146875 0.2515625 0.0265625 0.1046875
0 0.178125 0.2515625 0.0359375 0.1015625
0 0.21875 0.23984375 0.040625 0.1234375
0 0.278125 0.25390625 0.02265625 0.0515625
0 0.30546875 0.28046875 0.03046875 0.04921875
0 0.33984375 0.28515625 0.03515625 0.05078125
0 0.37421875 0.284375 0.034375 0.05234375
0 0.3734375 0.22890625 0.03671875 0.05546875
0 0.3375 0.2296875 0.0328125 0.05859375
0 0.3109375 0.2015625 0.01953125 0.0546875
0 0.3375 0.16953125 0.03125 0.04609375
0 0.371875 0.16875 0.03203125 0.05703125
0 0.41015625 0.1765625 0.040625 0.03203125
0 0.45390625 0.1609375 0.04453125 0.06328125
0 0.4125 0.14375 0.0390625 0.03046875
0 0.34140625 0.13671875 0.0265625 0.01875
0 0.3078125 0.16171875 0.02578125 0.02421875
0 0.41484375 0.221875 0.04296875 0.0546875
0 0.459375 0.221875 0.04375 0.05546875
0 0.415625 0.27890625 0.0421875 0.053125
0 0.459375 0.27734375 0.0421875 0.05625
0 0.5046875 0.278125 0.0421875 0.0546875
0 0.54765625 0.27421875 0.04140625 0.06328125
0 0.94609375 0.346875 0.04609375 0.0671875
0 0.93671875 0.278125 0.0390625 0.0609375
0 0.97578125 0.27109375 0.0328125 0.06015625
0 0.71875 0.43671875 0.04765625 0.05625
0 0.7609375 0.71875 0.07109375 0.03125
0 0.76171875 0.753125 0.0734375 0.034375
0 0.0171875 0.8796875 0.034375 0.090625
0 0.05546875 0.86953125 0.0328125 0.084375
0 0.0984375 0.8765625 0.05 0.10078125
0 0.14453125 0.8921875 0.03515625 0.0625
0 0.19296875 0.88671875 0.01640625 0.06875
0 0.21328125 0.8875 0.025 0.06796875
0 0.240625 0.89296875 0.0296875 0.0765625
0 0.27421875 0.88671875 0.03125 0.07734375
0 0.31484375 0.896875 0.034375 0.03828125
0 0.35703125 0.840625 0.03828125 0.0453125
0 0.35546875 0.89375 0.03984375 0.05
0 0.39921875 0.85390625 0.03984375 0.040625
0 0.40390625 0.89453125 0.03984375 0.03671875
0 0.44140625 0.84765625 0.03828125 0.03828125
0 0.359375 0.42890625 0.0453125 0.06015625
0 0.40625 0.42265625 0.0375 0.04375
0 0.45546875 0.425 0.03828125 0.0703125
0 0.4546875 0.3640625 0.0390625 0.015625
0 0.4546875 0.346875 0.0390625 0.01953125
0 0.5015625 0.35703125 0.0234375 0.025
0 0.52421875 0.35703125 0.021875 0.02578125
0 0.70859375 0.73671875 0.0296875 0.07734375
0 0.659375 0.75546875 0.06484375 0.040625
0 0.6578125 0.7140625 0.065625 0.03359375
0 0.5984375 0.725 0.04921875 0.03203125
0 0.66953125 0.43515625 0.04765625 0.059375
0 0.66953125 0.37578125 0.0515625 0.05625
0 0.615625 0.4203125 0.04765625 0.078125
0 0.56484375 0.42890625 0.04765625 0.06171875
0 0.98515625 0.346875 0.02890625 0.05703125
0 0.1125 0.25390625 0.0421875 0.1015625
0 0.0140625 0.465625 0.028125 0.078125
0 0.04296875 0.46328125 0.0171875 0.04609375
0 0.06640625 0.4765625 0.0296875 0.05625
0 0.0984375 0.44296875 0.03359375 0.10859375
0 0.13046875 0.43828125 0.03125 0.1109375
0 0.525 0.40546875 0.0234375 0.05703125
0 0.15859375 0.43515625 0.0203125 0.12109375
0 0.190625 0.43203125 0.01484375 0.1171875
0 0.20625 0.4296875 0.0109375 0.12265625
0 0.2203125 0.44375 0.01640625 0.1171875
0 0.2375 0.440625 0.01640625 0.115625
0 0.2515625 0.43828125 0.0109375 0.11953125
0 0.27265625 0.4171875 0.02890625 0.08515625
0 0.3125 0.42890625 0.04375 0.06015625
0 0.5015625 0.73671875 0.028125 0.07109375
0 0.54453125 0.71796875 0.053125 0.0296875
0 0.5453125 0.75234375 0.05625 0.03515625
0 0.59921875 0.759375 0.0484375 0.0328125
0 0.175 0.4296875 0.0140625 0.121875
0 0.06796875 0.25625 0.04296875 0.1046875
0 0.6375 0.0453125 0.0484375 0.06796875
0 0.934375 0.125 0.01640625 0.0921875
0 0.434375 0.73828125 0.04609375 0.0484375
0 0.47265625 0.73125 0.02890625 0.08125
0 0.5546875 0.578125 0.03203125 0.1390625
0 0.5265625 0.6015625 0.02265625 0.09296875
0 0.503125 0.596875 0.01953125 0.09921875
0 0.4828125 0.58359375 0.0203125 0.09296875
0 0.4609375 0.60078125 0.02265625 0.0953125
0 0.43125 0.575 0.03359375 0.13984375
0 0.396875 0.5765625 0.034375 0.1375
0 0.36015625 0.56328125 0.0296875 0.1234375
0 0.321875 0.57890625 0.03203125 0.1328125
0 0.28828125 0.5796875 0.034375 0.1328125
0 0.23984375 0.6140625 0.053125 0.06640625
0 0.18515625 0.62109375 0.05390625 0.06640625
0 0.12421875 0.60859375 0.06171875 0.0796875
0 0.05859375 0.61171875 0.06640625 0.07421875
0 0.99140625 0.4875 0.0171875 0.078125
0 0.9890625 0.55078125 0.02109375 0.04765625
0 0.965625 0.55234375 0.02578125 0.04609375
0 0.9703125 0.50078125 0.02578125 0.053125
0 0.97109375 0.45078125 0.025 0.0453125
0 0.378125 0.728125 0.04453125 0.08203125
0 0.33359375 0.73125 0.025 0.0828125
0 0.30703125 0.73671875 0.02578125 0.06328125
0 0.28203125 0.73515625 0.0234375 0.06953125
0 0.69609375 0.58984375 0.05546875 0.0484375
0 0.64921875 0.59296875 0.02578125 0.11953125
0 0.62265625 0.59296875 0.02578125 0.12109375
0 0.75234375 0.59453125 0.0515625 0.0546875
0 0.6953125 0.6390625 0.05625 0.04765625
0 0.75234375 0.64140625 0.05390625 0.0375
0 0.821875 0.6921875 0.0359375 0.053125
0 0.875 0.703125 0.0375 0.084375
0 0.91171875 0.696875 0.034375 0.0765625
0 0.9109375 0.6375 0.03984375 0.03671875
0 0.92578125 0.51484375 0.03203125 0.1171875
0 0.97734375 0.6609375 0.0453125 0.06171875
0 0.01015625 0.74296875 0.0203125 0.0796875
0 0.03125 0.740625 0.021875 0.08359375
0 0.04921875 0.7453125 0.0125 0.07421875
0 0.5890625 0.5796875 0.0359375 0.134375
0 0.08125 0.74296875 0.025 0.08203125
0 0.109375 0.73515625 0.02890625 0.0703125
0 0.1421875 0.7484375 0.03203125 0.0765625
0 0.17734375 0.7484375 0.03046875 0.06875
0 0.20859375 0.746875 0.0328125 0.06640625
0 0.2515625 0.72734375 0.0359375 0.07890625
0 0.97578125 0.71953125 0.0453125 0.053125
0 0.89765625 0.5046875 0.02421875 0.1265625
0 0.859375 0.51484375 0.025 0.12421875
0 0.83125 0.51953125 0.028125 0.10390625
0 0.07890625 0.0453125 0.046875 0.08359375
0 0.12421875 0.04609375 0.040625 0.084375
0 0.1640625 0.04453125 0.0390625 0.08359375
0 0.20390625 0.0453125 0.040625 0.08515625
0 0.24296875 0.05234375 0.034375 0.06796875
0 0.2796875 0.053125 0.0375 0.0640625
0 0.3203125 0.053125 0.040625 0.065625
0 0.36015625 0.05078125 0.03984375 0.059375
0 0.403125 0.0421875 0.0328125 0.05546875
0 0.4359375 0.040625 0.03125 0.05859375
0 0.03984375 0.04375 0.02890625 0.0859375
0 0.47734375 0.05234375 0.03828125 0.06328125
0 0.54921875 0.0421875 0.0328125 0.08125
0 0.58984375 0.04609375 0.04296875 0.06953125
0 0.68125 0.04140625 0.03984375 0.0796875
0 0.71875 0.040625 0.034375 0.078125
0 0.76796875 0.01796875 0.0578125 0.0328125
0 0.7671875 0.0546875 0.06015625 0.040625
0 0.83046875 0.04765625 0.06171875 0.05859375
0 0.88359375 0.13203125 0.0265625 0.075
0 0.91171875 0.13125 0.02890625 0.078125
0 0.95546875 0.121875 0.028125 0.08984375
0 0.51328125 0.05234375 0.03359375 0.0625
0 0.02265625 0.253125 0.0453125 0.1
0 0.01328125 0.04375 0.0234375 0.08125
0 0.67109375 0.890625 0.02890625 0.06328125
0 0.81640625 0.41171875 0.0375 0.0859375
0 0.76953125 0.42734375 0.05546875 0.059375
0 0.76796875 0.36875 0.05 0.05546875
0 0.96796875 0.89453125 0.040625 0.05
0 0.92578125 0.89609375 0.04375 0.0421875
0 0.88359375 0.8953125 0.040625 0.04375
0 0.809375 0.878125 0.0359375 0.0765625
0 0.7734375 0.87890625 0.0359375 0.075
0 0.7390625 0.88671875 0.03125 0.0671875
0 0.7078125 0.87890625 0.03125 0.08203125
0 0.0625 0.7484375 0.01171875 0.07421875
0 0.61953125 0.87109375 0.0265625 0.0953125
0 0.584375 0.8953125 0.04375 0.046875
0 0.5453125 0.87890625 0.0296875 0.08125
0 0.51484375 0.88515625 0.02734375 0.06640625
0 0.48359375 0.87265625 0.0328125 0.0703125
0 0.4453125 0.88984375 0.03828125 0.040625
0 0.5828125 0.82890625 0.04375 0.03515625