0 0.17578125 0.45 0.0140625 0.04296875
0 0.79609375 0.425 0.0296875 0.06640625
0 0.109375 0.4734375 0.01015625 0.01796875
0 0.121875 0.521875 0.0125 0.02578125
0 0.23828125 0.58984375 0.03046875 0.025
0 0.915625 0.4578125 0.04140625 0.090625
0 0.87265625 0.45078125 0.0390625 0.08828125
0 0.83203125 0.4296875 0.0390625 0.05859375
0 0.1671875 0.5296875 0.0125 0.0453125
0 0.76640625 0.4171875 0.028125 0.05546875
0 0.7390625 0.41171875 0.0265625 0.06015625
0 0.11015625 0.4953125 0.0125 0.02265625
0 0.14140625 0.50546875 0.01875 0.04453125
0 0.4328125 0.7515625 0.0296875 0.04453125
0 0.43671875 0.66875 0.02578125 0.0421875
0 0.48125 0.70625 0.03125 0.04609375
0 0.70859375 0.41484375 0.0296875 0.07265625
0 0.32109375 0.659375 0.03671875 0.04765625
0 0.22109375 0.55078125 0.028125 0.04375
0 0.24140625 0.4265625 0.01875 0.03046875
0 0.265625 0.43984375 0.01875 0.0375
0 0.325 0.46171875 0.028125 0.04140625
0 0.37890625 0.48984375 0.03046875 0.04375
0 0.4765625 0.54453125 0.0375 0.06328125
0 0.21640625 0.359375 0.0078125 0.03671875
0 0.225 0.3625 0.00859375 0.040625
0 0.2390625 0.375 0.015625 0.01953125
0 0.39453125 0.725 0.025 0.06484375
0 0.68046875 0.4109375 0.0234375 0.078125
0 0.91875 0.3109375 0.034375 0.09609375
0 0.62890625 0.4 0.021875 0.0703125
0 0.23828125 0.3484375 0.01640625 0.02578125
0 0.61328125 0.26953125 0.025 0.05703125
0 0.90078125 0.07109375 0.05234375 0.1046875
0 0.5203125 0.21484375 0.0234375 0.07734375
0 0.45625 0.2125 0.01875 0.0734375
0 0.43671875 0.21328125 0.0171875 0.0765625
0 0.41640625 0.2109375 0.0203125 0.0734375
0 0.6578125 0.27421875 0.0375 0.0578125
0 0.696875 0.21171875 0.02734375 0.06328125
0 0.7234375 0.21015625 0.01875 0.06015625
0 0.9578125 0.06796875 0.05625 0.10390625
0 0.7078125 0.27265625 0.0328125 0.05546875
0 0.75390625 0.28671875 0.0296875 0.07890625
0 0.6546875 0.40234375 0.02578125 0.06953125
0 0.7875 0.29453125 0.03125 0.08515625
0 0.8453125 0.21328125 0.03125 0.0921875
0 0.88125 0.2125 0.0328125 0.09453125
0 0.87890625 0.31015625 0.03359375 0.08984375
0 0.92109375 0.2125 0.0375 0.09609375
0 0.96796875 0.2125 0.0515625 0.10078125
0 0.959375 0.315625 0.04375 0.09296875
0 0.30078125 0.28671875 0.01328125 0.03984375
0 0.31875 0.29140625 0.02109375 0.04296875
0 0.44296875 0.32109375 0.01875 0.078125
0 0.46875 0.31484375 0.02578125 0.05546875
0 0.49921875 0.3234375 0.0234375 0.05703125
0 0.55625 0.37734375 0.028125 0.0625
0 0.59609375 0.3765625 0.02890625 0.05078125
0 0.84140625 0.30546875 0.0375 0.084375
0 0.25703125 0.35234375 0.0171875 0.02890625
0 0.71015625 0.59140625 0.0203125 0.07890625
0 0.271875 0.3890625 0.0140625 0.025
0 0.3890625 0.58125 0.0234375 0.053125
0 0.41328125 0.5953125 0.02421875 0.05234375
0 0.4421875 0.60859375 0.0171875 0.05390625
0 0.4625 0.625 0.02109375 0.0515625
0 0.49140625 0.64609375 0.028125 0.06484375
0 0.5234375 0.659375 0.0296875 0.06015625
0 0.5484375 0.6625 0.01484375 0.06484375
0 0.56953125 0.67578125 0.0234375 0.06171875
0 0.59296875 0.6875 0.0203125 0.06015625
0 0.62421875 0.63828125 0.021875 0.04375
0 0.6546875 0.65390625 0.03203125 0.05859375
0 0.61796875 0.70546875 0.0234375 0.06328125
0 0.64296875 0.71953125 0.0265625 0.04609375
0 0.3484375 0.553125 0.02890625 0.05234375
0 0.671875 0.73359375 0.02734375 0.05546875
0 0.7484375 0.7390625 0.03359375 0.0828125
0 0.578125 0.5359375 0.01953125 0.06953125
0 0.60078125 0.54375 0.025 0.065625
0 0.846875 0.07578125 0.04375 0.09609375
0 0.46796875 0.7859375 0.028125 0.04140625
0 0.5015625 0.80859375 0.03203125 0.0515625
0 0.53515625 0.846875 0.0296875 0.0734375
0 0.575 0.87265625 0.04296875 0.06171875
0 0.603125 0.79453125 0.04609375 0.0765625
0 0.6671875 0.8546875 0.025 0.08046875
0 0.69609375 0.89375 0.0265625 0.0578125
0 0.73125 0.91640625 0.03125 0.06796875
0 0.7359375 0.53984375 0.01640625 0.06796875
0 0.7109375 0.76015625 0.034375 0.07265625
0 0.25625 0.38125 0.015625 0.0265625
0 0.3078125 0.5234375 0.028125 0.04140625
0 0.62265625 0.478125 0.028125 0.0515625
0 0.275 0.36015625 0.0171875 0.02890625
0 0.2890625 0.39453125 0.015625 0.0234375
0 0.3046875 0.4 0.0125 0.03046875
0 0.30546875 0.36875 0.015625 0.0265625
0 0.328125 0.3765625 0.025 0.03125
0 0.39375 0.3765625 0.034375 0.0265625
0 0.32421875 0.41171875 0.025 0.02890625
0 0.34921875 0.41875 0.0171875 0.0359375
0 0.36640625 0.42421875 0.0140625 0.03203125
0 0.3859375 0.43203125 0.01796875 0.04140625
0 0.4078125 0.4390625 0.0234375 0.03515625
0 0.434375 0.44453125 0.02578125 0.04296875
0 0.4578125 0.459375 0.01875 0.0390625
0 0.5484375 0.521875 0.0265625 0.06640625
0 0.46171875 0.41640625 0.015625 0.04609375
0 0.4796875 0.4671875 0.021875 0.04140625
0 0.50625 0.43359375 0.028125 0.04140625
0 0.50625 0.47890625 0.0296875 0.04296875
0 0.58515625 0.4703125 0.0328125 0.05859375
0 0.88203125 0.7734375 0.0328125 0.08984375
0 0.79375 0.815625 0.0296875 0.05234375
0 0.828125 0.8375 0.0359375 0.0765625
0 0.8671875 0.853125 0.0390625 0.06640625
0 0.91015625 0.88046875 0.040625 0.06484375
0 0.63984375 0.934375 0.0203125 0.05234375
0 0.66171875 0.95078125 0.021875 0.06328125
0 0.68828125 0.97421875 0.028125 0.04296875
0 0.6125 0.90078125 0.0265625 0.075
0 0.48125 0.428125 0.0203125 0.0359375
0 0.796875 0.08359375 0.05 0.09921875
0 0.9203125 0.796875 0.034375 0.0953125
0 0.67734375 0.10078125 0.0375 0.08671875
0 0.1703125 0.12578125 0.0421875 0.05546875
0 0.49296875 0.10546875 0.0375 0.04453125
0 0.5328125 0.1046875 0.03359375 0.04140625
0 0.6125 0.10078125 0.0171875 0.04296875
0 0.59375 0.1 0.0203125 0.04765625
0 0.5703125 0.1046875 0.025 0.046875
0 0.3875 0.28984375 0.0265625 0.05390625
0 0.3171875 0.20390625 0.01953125 0.03203125
0 0.3421875 0.20625 0.00859375 0.03203125
0 0.3625 0.20703125 0.0109375 0.03125
0 0.3796875 0.20546875 0.01953125 0.02890625
0 0.5625 0.26640625 0.0265625 0.04140625
0 0.20390625 0.20703125 0.0125 0.04140625
0 0.21640625 0.209375 0.0109375 0.0390625
0 0.228125 0.209375 0.0109375 0.04140625
0 0.28046875 0.284375 0.01328125 0.03671875
0 0.29609375 0.20859375 0.0140625 0.05390625
0 0.2046875 0.12421875 0.02421875 0.04921875
0 0.3515625 0.134375 0.04375 0.0484375
0 0.38984375 0.1328125 0.02890625 0.04765625
0 0.421875 0.134375 0.03125 0.04765625
0 0.72890625 0.090625 0.0359375 0.08828125
0 0.84296875 0.759375 0.0421875 0.06875
0 0.978125 0.71640625 0.04375 0.18984375
0 0.92890625 0.6828125 0.03828125 0.09453125
0 0.9359375 0.58671875 0.0359375 0.09609375
0 0.896875 0.578125 0.0421875 0.08359375
0 0.89140625 0.66484375 0.0328125 0.07890625
0 0.859375 0.653125 0.028125 0.09296875
0 0.634375 0.10625 0.021875 0.06484375
0 0.825 0.640625 0.03046875 0.08046875
0 0.83203125 0.55703125 0.0296875 0.078125
0 0.79375 0.54609375 0.03671875 0.08359375
0 0.790625 0.628125 0.03125 0.07890625
0 0.7578125 0.61015625 0.0265625 0.08125
0 0.7328125 0.60859375 0.0203125 0.0625
0 0.6421875 0.546875 0.02421875 0.06640625
0 0.66328125 0.5546875 0.0140625 0.065625
0 0.6859375 0.58203125 0.021875 0.07890625
0 0.86171875 0.56328125 0.025 0.08046875
0 0.634375 0.2015625 0.02890625 0.03828125
0 0.28125 0.20234375 0.015625 0.040625
0 0.69453125 0.034375 0.0203125 0.04765625
0 0.6125 0.040625 0.01796875 0.0671875
0 0.6640625 0.028125 0.0296875 0.05390625
0 0.63515625 0.0375 0.021875 0.06640625