0 0.3421875 0.61953125 0.0453125 0.07109375
0 0.85390625 0.61953125 0.040625 0.0578125
0 0.81171875 0.61875 0.03984375 0.059375
0 0.7671875 0.621875 0.04375 0.05625
0 0.7140625 0.6171875 0.04453125 0.0625
0 0.6703125 0.6171875 0.04140625 0.065625
0 0.53515625 0.61015625 0.04375 0.0859375
0 0.57421875 0.609375 0.0375 0.084375
0 0.39140625 0.61953125 0.04453125 0.065625
0 0.48515625 0.61796875 0.04453125 0.0703125
0 0.4390625 0.6140625 0.04453125 0.07265625
0 0.89765625 0.615625 0.04296875 0.065625
0 0.6234375 0.61484375 0.0421875 0.0703125
0 0.76875 0.140625 0.053125 0.0828125
0 0.05234375 0.378125 0.04296875 0.0828125
0 0.9203125 0.49375 0.05078125 0.07109375
0 0.83203125 0.49609375 0.040625 0.071875
0 0.78203125 0.49375 0.05625 0.07578125
0 0.73125 0.4953125 0.04453125 0.0734375
0 0.6859375 0.4984375 0.046875 0.0703125
0 0.6390625 0.496875 0.0421875 0.07109375
0 0.59453125 0.496875 0.04765625 0.07578125
0 0.81953125 0.1421875 0.05 0.0859375
0 0.86953125 0.14375 0.05078125 0.0828125
0 0.91796875 0.14375 0.04453125 0.08515625
0 0.96875 0.146875 0.05703125 0.08203125
0 0.29296875 0.6203125 0.0421875 0.071875
0 0.54296875 0.49765625 0.046875 0.075
0 0.45 0.49609375 0.0515625 0.075
0 0.9796875 0.6125 0.03984375 0.0640625
0 0.24296875 0.62109375 0.03984375 0.075
0 0.19296875 0.6203125 0.04609375 0.08125
0 0.14453125 0.62109375 0.0453125 0.0828125
0 0.75859375 0.38125 0.04453125 0.075
0 0.8078125 0.37890625 0.04375 0.0734375
0 0.85625 0.3796875 0.04453125 0.075
0 0.903125 0.378125 0.04140625 0.071875
0 0.953125 0.38203125 0.04296875 0.0703125
0 0.96484375 0.26171875 0.04921875 0.0765625
0 0.83359375 0.26171875 0.06484375 0.0734375
0 0.77421875 0.26015625 0.040625 0.08203125
0 0.73359375 0.2609375 0.0359375 0.08125
0 0.67890625 0.259375 0.06484375 0.07734375
0 0.61015625 0.2578125 0.04453125 0.0828125
0 0.56015625 0.2578125 0.0515625 0.08046875
0 0.45703125 0.25546875 0.04921875 0.0859375
0 0.4015625 0.25546875 0.05703125 0.08125
0 0.3453125 0.25625 0.0546875 0.08125
0 0.28515625 0.25234375 0.05703125 0.084375
0 0.1796875 0.25 0.05390625 0.0875
0 0.70703125 0.3796875 0.0375 0.07265625
0 0.1234375 0.25 0.059375 0.0875
0 0.66015625 0.38125 0.04140625 0.0734375
0 0.5609375 0.38125 0.04453125 0.07265625
0 0.0140625 0.37578125 0.028125 0.0859375
0 0.01640625 0.5078125 0.03203125 0.06484375
0 0.0578125 0.509375 0.03828125 0.0609375
0 0.0984375 0.5078125 0.04140625 0.0578125
0 0.1515625 0.5015625 0.04609375 0.07421875
0 0.2015625 0.5 0.0484375 0.07421875
0 0.2515625 0.5 0.05078125 0.07578125
0 0.3015625 0.5 0.04921875 0.07578125
0 0.353125 0.5078125 0.05078125 0.06015625
0 0.40078125 0.50625 0.04296875 0.059375
0 0.18046875 0.3796875 0.05 0.0734375
0 0.2375 0.38046875 0.04296875 0.07421875
0 0.29765625 0.38125 0.04453125 0.0765625
0 0.353125 0.38125 0.04765625 0.0765625
0 0.40390625 0.38203125 0.0484375 0.07265625
0 0.46015625 0.38125 0.046875 0.0734375
0 0.50859375 0.38125 0.04765625 0.071875
0 0.6109375 0.38046875 0.04921875 0.0734375
0 0.1203125 0.378125 0.06171875 0.07890625
0 0.05703125 0.2484375 0.05234375 0.0921875
0 0.09140625 0.11640625 0.04140625 0.10625
0 0.678125 0.7453125 0.04296875 0.059375
0 0.63515625 0.74765625 0.0390625 0.0578125
0 0.59453125 0.75 0.03984375 0.0625
0 0.55546875 0.7484375 0.03984375 0.065625
0 0.51328125 0.75 0.04453125 0.06640625
0 0.4671875 0.75078125 0.04140625 0.0671875
0 0.421875 0.7515625 0.04453125 0.071875
0 0.375 0.753125 0.04453125 0.06875
0 0.32734375 0.7546875 0.046875 0.071875
0 0.27890625 0.7546875 0.04375 0.06953125
0 0.2375 0.746875 0.03359375 0.0875
0 0.19609375 0.76171875 0.04140625 0.0609375
0 0.11640625 0.7671875 0.040625 0.065625
0 0.07421875 0.7671875 0.03828125 0.0625
0 0.03515625 0.76796875 0.0375 0.065625
0 0.0515625 0.63203125 0.04453125 0.059375
0 0.1 0.63125 0.040625 0.0609375
0 0.71484375 0.7453125 0.03125 0.0625
0 0.0484375 0.11640625 0.04609375 0.1046875
0 0.75703125 0.7375 0.03828125 0.0671875
0 0.84375 0.73671875 0.03671875 0.0671875
0 0.1359375 0.13046875 0.0421875 0.08359375
0 0.18046875 0.13125 0.04375 0.0859375
0 0.22421875 0.1203125 0.04609375 0.10625
0 0.2703125 0.12265625 0.0421875 0.10625
0 0.31015625 0.121875 0.03515625 0.10703125
0 0.35625 0.121875 0.04140625 0.10703125
0 0.39765625 0.125 0.040625 0.109375
0 0.4375 0.125 0.03828125 0.10859375
0 0.47421875 0.128125 0.034375 0.10859375
0 0.515625 0.13046875 0.03984375 0.1
0 0.55546875 0.13046875 0.0390625 0.1015625
0 0.60625 0.1453125 0.05546875 0.0765625
0 0.659375 0.14453125 0.05078125 0.078125
0 0.71328125 0.13984375 0.05390625 0.084375
0 0.96484375 0.7359375 0.0375 0.059375
0 0.928125 0.7265625 0.0328125 0.065625
0 0.89140625 0.7359375 0.04296875 0.0703125
0 0.803125 0.7375 0.0484375 0.065625
0 0.93828125 0.6140625 0.03984375 0.0625