0 0.7953125 0.58203125 0.05546875 0.0421875
0 0.84296875 0.5859375 0.03203125 0.0375
0 0.8859375 0.5515625 0.07890625 0.00859375
0 0.9015625 0.57578125 0.07578125 0.0140625
0 0.91328125 0.596875 0.078125 0.015625
0 0.97421875 0.58046875 0.0515625 0.0140625
0 0.98125 0.59765625 0.03515625 0.0140625
0 0.00859375 0.69765625 0.01640625 0.03671875
0 0.05078125 0.69453125 0.0484375 0.0375
0 0.12109375 0.68046875 0.05546875 0.028125
0 0.20234375 0.6671875 0.07265625 0.025
0 0.27578125 0.6734375 0.0359375 0.034375
0 0.3421875 0.6921875 0.0671875 0.0359375
0 0.41640625 0.66796875 0.065625 0.0265625
0 0.41875 0.6953125 0.06953125 0.0265625
0 0.51796875 0.68984375 0.06875 0.02890625
0 0.6109375 0.6859375 0.0828125 0.0296875
0 0.684375 0.6703125 0.04296875 0.05234375
0 0.73671875 0.6703125 0.0453125 0.05
0 0.74609375 0.58046875 0.0375 0.053125
0 0.70390625 0.5953125 0.03125 0.0234375
0 0.7046875 0.5703125 0.0359375 0.025
0 0.67265625 0.57421875 0.0234375 0.05625
0 0.76953125 0.42578125 0.0390625 0.0515625
0 0.8078125 0.425 0.02890625 0.053125
0 0.84453125 0.42421875 0.0390625 0.0515625
0 0.928125 0.43359375 0.078125 0.034375
0 0.98515625 0.421875 0.0296875 0.05390625
0 0.028125 0.55859375 0.0515625 0.028125
0 0.1 0.53515625 0.0796875 0.02421875
0 0.103125 0.5609375 0.0859375 0.0234375
0 0.21015625 0.55546875 0.07890625 0.03671875
0 0.3078125 0.52265625 0.04140625 0.046875
0 0.42109375 0.53046875 0.0609375 0.075
0 0.484375 0.528125 0.06171875 0.0703125
0 0.60390625 0.5234375 0.0515625 0.0609375
0 0.89765625 0.5 0.0515625 0.05078125
0 0.9515625 0.4984375 0.0390625 0.04921875
0 0.9875 0.4984375 0.025 0.0484375
0 0.1578125 0.6078125 0.0859375 0.01953125
0 0.24375 0.60546875 0.07578125 0.03203125
0 0.4125 0.609375 0.08828125 0.03984375
0 0.50859375 0.609375 0.0875 0.0390625
0 0.60078125 0.60859375 0.04921875 0.040625
0 0.78671875 0.66171875 0.04296875 0.05703125
0 0.7265625 0.42578125 0.0421875 0.05234375
0 0.83203125 0.66015625 0.04375 0.065625
0 0.934375 0.66171875 0.03515625 0.059375
0 0.24609375 0.83671875 0.065625 0.03046875
0 0.34375 0.80078125 0.0640625 0.0078125
0 0.3328125 0.8125 0.04609375 0.01015625
0 0.3234375 0.83671875 0.06640625 0.02109375
0 0.3828125 0.840625 0.04921875 0.03359375
0 0.4375 0.8359375 0.05234375 0.0484375
0 0.44140625 0.80546875 0.0515625 0.0109375
0 0.58359375 0.82109375 0.0546875 0.05625
0 0.63125 0.825 0.0296875 0.05
0 0.26171875 0.80859375 0.05859375 0.01796875
0 0.68203125 0.796875 0.0375 0.0234375
0 0.6875 0.8359375 0.06171875 0.01484375
0 0.7671875 0.815625 0.0421875 0.0640625
0 0.81171875 0.8046875 0.03359375 0.04296875
0 0.8515625 0.821875 0.0328125 0.07265625
0 0.90625 0.81171875 0.03515625 0.06640625
0 0.940625 0.81015625 0.02578125 0.05625
0 0.97109375 0.81015625 0.03125 0.05625
0 0.153125 0.440625 0.025 0.05078125
0 0.190625 0.44140625 0.040625 0.05
0 0.6875 0.81875 0.06171875 0.01640625
0 0.17265625 0.84609375 0.06875 0.02109375
0 0.16953125 0.81953125 0.0671875 0.0171875
0 0.0953125 0.84375 0.07109375 0.028125
0 0.97265625 0.66171875 0.03515625 0.0609375
0 0.03671875 0.76171875 0.05703125 0.0390625
0 0.1484375 0.76171875 0.053125 0.0421875
0 0.2125 0.75234375 0.05859375 0.0390625
0 0.27265625 0.73984375 0.03359375 0.0140625
0 0.3203125 0.75234375 0.05703125 0.04140625
0 0.39140625 0.7640625 0.0671875 0.0265625
0 0.46953125 0.7609375 0.078125 0.0296875
0 0.55 0.7359375 0.0765625 0.01640625
0 0.55 0.76171875 0.07890625 0.02890625
0 0.6234375 0.74609375 0.04765625 0.0140625
0 0.625 0.76640625 0.0515625 0.021875
0 0.67265625 0.73046875 0.04921875 0.03359375
0 0.72578125 0.7328125 0.0453125 0.0359375
0 0.784375 0.73984375 0.04609375 0.04140625
0 0.83359375 0.7390625 0.04765625 0.0421875
0 0.8765625 0.73125 0.03125 0.0359375
0 0.9375 0.74609375 0.08046875 0.02421875
0 0.028125 0.83828125 0.05234375 0.02109375
0 0.02734375 0.815625 0.0421875 0.01484375
0 0.0921875 0.81484375 0.0734375 0.02109375
0 0.88828125 0.65859375 0.046875 0.0671875
0 0.68359375 0.42578125 0.03359375 0.05546875
0 0.084375 0.35 0.05390625 0.05703125
0 0.18671875 0.696875 0.0671875 0.02734375
0 0.9484375 0.01640625 0.034375 0.0328125
0 0.90546875 0.015625 0.0484375 0.03125
0 0.85390625 0.015625 0.0484375 0.03125
0 0.80390625 0.01640625 0.04765625 0.03203125
0 0.73359375 0.015625 0.0828125 0.02890625
0 0.590625 0.0140625 0.1171875 0.02734375
0 0.47890625 0.01484375 0.07421875 0.02578125
0 0.38984375 0.01484375 0.08046875 0.02578125
0 0.30390625 0.0140625 0.0828125 0.02578125
0 0.225 0.0140625 0.06640625 0.0265625
0 0.98359375 0.01796875 0.0328125 0.0328125
0 0.14609375 0.01484375 0.075 0.02421875
0 0.4875 0.3484375 0.05703125 0.0609375
0 0.53984375 0.3453125 0.03984375 0.07109375
0 0.58671875 0.34453125 0.03984375 0.07109375
0 0.63125 0.34921875 0.025 0.0578125
0 0.690625 0.3453125 0.0421875 0.040625
0 0.74296875 0.3453125 0.0578125 0.0453125
0 0.83359375 0.3515625 0.0984375 0.02890625
0 0.04140625 0.446875 0.053125 0.05859375
0 0.11328125 0.4484375 0.0515625 0.0578125
0 0.25390625 0.4421875 0.0578125 0.07109375
0 0.065625 0.01171875 0.071875 0.021875
0 0.31171875 0.4421875 0.05390625 0.0703125
0 0.0265625 0.1453125 0.053125 0.084375
0 0.16640625 0.16015625 0.1078125 0.01875
0 0.49921875 0.25625 0.10703125 0.06484375
0 0.41328125 0.25625 0.0546875 0.0609375
0 0.34765625 0.26015625 0.0515625 0.05546875
0 0.284375 0.25546875 0.05234375 0.0625
0 0.2296875 0.25625 0.05078125 0.0609375
0 0.18046875 0.25859375 0.04375 0.05625
0 0.13203125 0.26015625 0.04765625 0.05234375
0 0.0703125 0.25625 0.05546875 0.06015625
0 0.0203125 0.2546875 0.040625 0.05859375
0 0.96875 0.18359375 0.06171875 0.0171875
0 0.08359375 0.13984375 0.05546875 0.09765625
0 0.90625 0.165625 0.05390625 0.0578125
0 0.7875 0.16328125 0.05703125 0.0609375
0 0.73359375 0.17109375 0.0375 0.040625
0 0.6921875 0.17109375 0.0375 0.040625
0 0.63046875 0.16875 0.06640625 0.04921875
0 0.55234375 0.17265625 0.07734375 0.04296875
0 0.4734375 0.1625 0.07265625 0.0609375
0 0.3796875 0.15 0.0515625 0.07890625
0 0.32421875 0.15 0.0515625 0.07734375
0 0.259375 0.15859375 0.07109375 0.06328125
0 0.1671875 0.18046875 0.10390625 0.01875
0 0.84765625 0.16484375 0.05390625 0.0578125
0 0.37265625 0.4359375 0.06328125 0.07578125
0 0.95234375 0.3390625 0.0546875 0.0546875
0 0.4859375 0.446875 0.0375 0.0546875
0 0.56796875 0.440625 0.04453125 0.065625
0 0.1328125 0.35078125 0.03984375 0.05546875
0 0.18125 0.35 0.0515625 0.059375
0 0.246875 0.3515625 0.05546875 0.0578125
0 0.321875 0.3546875 0.0421875 0.0515625
0 0.6140625 0.43984375 0.03828125 0.06640625
0 0.3734375 0.3484375 0.0515625 0.06328125
0 0.43359375 0.4359375 0.05625 0.07890625
0 0.021875 0.3484375 0.04375 0.05625
0 0.98125 0.25625 0.0359375 0.040625
0 0.428125 0.34921875 0.05390625 0.0609375
0 0.84375 0.25625 0.11484375 0.04453125
0 0.71875 0.25625 0.12890625 0.04375
0 0.58125 0.2625 0.04140625 0.0515625
0 0.52578125 0.44765625 0.03671875 0.05546875
0 0.93125 0.25390625 0.05546875 0.046875