0 0.4953125 0.621875 0.04609375 0.08046875
0 0.6234375 0.62578125 0.03828125 0.08203125
0 0.578125 0.6265625 0.05 0.08125
0 0.53671875 0.625 0.03359375 0.08515625
0 0.4515625 0.61953125 0.0390625 0.08515625
0 0.40546875 0.61953125 0.05 0.0875
0 0.359375 0.6203125 0.04140625 0.08671875
0 0.7859375 0.615625 0.05078125 0.0703125
0 0.83203125 0.615625 0.03984375 0.071875
0 0.8734375 0.61796875 0.0421875 0.06796875
0 0.91796875 0.61875 0.04375 0.06796875
0 0.39609375 0.50390625 0.0484375 0.096875
0 0.3515625 0.50234375 0.0421875 0.1015625
0 0.3078125 0.50078125 0.04375 0.09765625
0 0.2625 0.5015625 0.04296875 0.09375
0 0.96796875 0.8734375 0.03359375 0.0671875
0 0.490625 0.50390625 0.04296875 0.09921875
0 0.53515625 0.50625 0.0421875 0.0953125
0 0.5828125 0.51640625 0.04609375 0.08203125
0 0.62734375 0.51640625 0.0375 0.08203125
0 0.95390625 0.50390625 0.040625 0.084375
0 0.90546875 0.50390625 0.053125 0.08515625
0 0.85234375 0.50859375 0.040625 0.0796875
0 0.80703125 0.50703125 0.04609375 0.075
0 0.76328125 0.50390625 0.04140625 0.08046875
0 0.96953125 0.61171875 0.0453125 0.07421875
0 0.3140625 0.61875 0.05078125 0.0859375
0 0.26640625 0.61796875 0.04296875 0.0859375
0 0.85703125 0.7234375 0.0421875 0.06953125
0 0.02109375 0.5546875 0.04140625 0.11015625
0 0.715625 0.79453125 0.0328125 0.06328125
0 0.75 0.79609375 0.034375 0.0578125
0 0.78828125 0.796875 0.03515625 0.05703125
0 0.825 0.796875 0.0359375 0.0578125
0 0.86171875 0.7984375 0.034375 0.0609375
0 0.96953125 0.8 0.046875 0.05703125
0 0.03125 0.69375 0.046875 0.10625
0 0.0828125 0.69453125 0.05078125 0.10078125
0 0.27265625 0.715625 0.04375 0.09140625
0 0.31484375 0.715625 0.0390625 0.09140625
0 0.35390625 0.7171875 0.0390625 0.08984375
0 0.39609375 0.72109375 0.0453125 0.08125
0 0.06953125 0.55625 0.05234375 0.10546875
0 0.4375 0.72109375 0.03671875 0.08203125
0 0.52734375 0.7234375 0.040625 0.08359375
0 0.5703125 0.725 0.046875 0.0796875
0 0.61328125 0.725 0.03671875 0.08203125
0 0.73203125 0.71640625 0.040625 0.07578125
0 0.8890625 0.86875 0.04296875 0.06484375
0 0.8109375 0.871875 0.03125 0.0625
0 0.77578125 0.71875 0.040625 0.07109375
0 0.81484375 0.72109375 0.03984375 0.075
0 0.44375 0.50546875 0.04609375 0.10078125
0 0.89921875 0.72109375 0.040625 0.065625
0 0.94453125 0.721875 0.046875 0.0640625
0 0.98359375 0.72421875 0.0328125 0.0625
0 0.48046875 0.721875 0.05 0.08203125
0 0.04140625 0.4265625 0.0515625 0.10703125
0 0.93125 0.87109375 0.0375 0.06328125
0 0.14140625 0.42734375 0.04296875 0.10859375
0 0.4671875 0.1328125 0.04609375 0.10859375
0 0.42109375 0.1328125 0.04609375 0.10859375
0 0.31875 0.13046875 0.05234375 0.103125
0 0.09765625 0.1390625 0.0421875 0.10390625
0 0.0453125 0.1328125 0.0625 0.11796875
0 0.65234375 0.26640625 0.0484375 0.1125
0 0.60390625 0.2671875 0.04296875 0.11328125
0 0.55546875 0.2640625 0.04921875 0.1078125
0 0.503125 0.26796875 0.05078125 0.10703125
0 0.4578125 0.27734375 0.03984375 0.0890625
0 0.41171875 0.27421875 0.04375 0.08671875
0 0.36484375 0.259375 0.05078125 0.115625
0 0.309375 0.25703125 0.05546875 0.11171875
0 0.25625 0.25703125 0.04921875 0.109375
0 0.11796875 0.290625 0.0515625 0.10625
0 0.06796875 0.28984375 0.046875 0.10390625
0 0.09296875 0.4265625 0.05234375 0.1078125
0 0.96484375 0.390625 0.05703125 0.0890625
0 0.91171875 0.390625 0.04609375 0.0875
0 0.5171875 0.1359375 0.04921875 0.11328125
0 0.5671875 0.13984375 0.04765625 0.1078125
0 0.61328125 0.14140625 0.0453125 0.1109375
0 0.66328125 0.14453125 0.05234375 0.10078125
0 0.04296875 0.83125 0.0515625 0.09921875
0 0.090625 0.83203125 0.046875 0.09296875
0 0.14375 0.828125 0.05 0.10546875
0 0.2703125 0.83828125 0.046875 0.09453125
0 0.31484375 0.8390625 0.0453125 0.09375
0 0.4171875 0.84921875 0.04296875 0.075
0 0.46640625 0.84921875 0.04375 0.07578125
0 0.5109375 0.85078125 0.0359375 0.0734375
0 0.5546875 0.8515625 0.04765625 0.075
0 0.865625 0.3859375 0.04296875 0.08984375
0 0.596875 0.8515625 0.0375 0.078125
0 0.778125 0.86796875 0.03203125 0.0640625
0 0.7828125 0.25546875 0.03515625 0.07421875
0 0.98046875 0.14296875 0.03828125 0.121875
0 0.940625 0.13359375 0.0421875 0.1390625
0 0.8828125 0.13671875 0.06640625 0.12734375
0 0.97578125 0.2625 0.0484375 0.096875
0 0.925 0.2640625 0.05234375 0.0984375
0 0.87578125 0.2625 0.0484375 0.1046875
0 0.8265625 0.259375 0.05 0.09921875
0 0.709375 0.86640625 0.0375 0.06328125
0 0.60390625 0.39453125 0.04921875 0.09921875
0 0.021875 0.2875 0.04296875 0.10859375
0 0.27421875 0.3828125 0.0484375 0.109375
0 0.32265625 0.384375 0.04609375 0.10546875
0 0.36875 0.38515625 0.04375 0.10625
0 0.4171875 0.3859375 0.0515625 0.10625
0 0.46640625 0.41640625 0.04375 0.04921875
0 0.55546875 0.39375 0.04609375 0.09921875