0 0.22421875 0.59296875 0.03515625 0.05703125
0 0.8484375 0.51796875 0.04921875 0.04765625
0 0.18984375 0.59296875 0.0328125 0.05625
0 0.153125 0.59140625 0.034375 0.0546875
0 0.94140625 0.5609375 0.03828125 0.0296875
0 0.9765625 0.5484375 0.028125 0.04609375
0 0.7984375 0.51640625 0.05234375 0.04453125
0 0.409375 0.6765625 0.03046875 0.05078125
0 0.7015625 0.515625 0.04453125 0.0484375
0 0.66015625 0.50859375 0.0421875 0.06328125
0 0.61953125 0.50703125 0.03671875 0.06328125
0 0.2234375 0.66640625 0.0390625 0.04765625
0 0.053125 0.64375 0.07890625 0.05546875
0 0.25625 0.596875 0.02890625 0.0484375
0 0.7515625 0.51484375 0.040625 0.04765625
0 0.3125 0.59453125 0.04296875 0.0515625
0 0.35625 0.59921875 0.03828125 0.04609375
0 0.41171875 0.5953125 0.0453125 0.05625
0 0.04609375 0.746875 0.0875 0.1140625
0 0.25546875 0.75390625 0.0484375 0.0671875
0 0.21640625 0.75546875 0.0296875 0.0671875
0 0.17890625 0.75625 0.04296875 0.065625
0 0.82421875 0.68828125 0.028125 0.04375
0 0.76953125 0.67890625 0.04375 0.03671875
0 0.71953125 0.66953125 0.03125 0.05390625
0 0.68515625 0.67578125 0.0390625 0.0453125
0 0.64765625 0.66796875 0.02890625 0.0578125
0 0.61484375 0.67265625 0.034375 0.0515625
0 0.58203125 0.68046875 0.021875 0.04296875
0 0.5625 0.6796875 0.015625 0.04453125
0 0.5359375 0.6703125 0.03359375 0.05390625
0 0.4984375 0.6671875 0.03984375 0.05546875
0 0.44296875 0.675 0.0375 0.05390625
0 0.56171875 0.75546875 0.046875 0.0578125
0 0.6625 0.76171875 0.1234375 0.0734375
0 0.7984375 0.7640625 0.12890625 0.071875
0 0.434375 0.759375 0.1109375 0.06953125
0 0.45625 0.59765625 0.02578125 0.046875
0 0.49140625 0.596875 0.04375 0.04765625
0 0.54765625 0.59375 0.0453125 0.05078125
0 0.58359375 0.60234375 0.02109375 0.0453125
0 0.6453125 0.5796875 0.0890625 0.02109375
0 0.6421875 0.6078125 0.0828125 0.02890625
0 0.709375 0.5921875 0.0375 0.0578125
0 0.37265625 0.671875 0.0375 0.05078125
0 0.7625 0.59765625 0.04296875 0.05078125
0 0.97265625 0.64609375 0.0546875 0.0390625
0 0.26953125 0.65625 0.03359375 0.03828125
0 0.29921875 0.65625 0.0234375 0.0359375
0 0.3328125 0.6765625 0.03515625 0.04765625
0 0.959375 0.7546875 0.0375 0.0875
0 0.92578125 0.7515625 0.03203125 0.09296875
0 0.3296875 0.74453125 0.09375 0.0421875
0 0.8359375 0.59921875 0.0578125 0.05234375
0 0.9890625 0.75546875 0.02109375 0.0890625
0 0.51328125 0.75625 0.0484375 0.05625
0 0.58046875 0.51171875 0.04140625 0.0515625
0 0.259375 0.24921875 0.05625 0.0453125
0 0.315625 0.24921875 0.05546875 0.0421875
0 0.51875 0.25 0.0484375 0.040625
0 0.58359375 0.2484375 0.06875 0.046875
0 0.65234375 0.25703125 0.04296875 0.03125
0 0.70078125 0.25 0.04765625 0.04453125
0 0.7625 0.240625 0.046875 0.03203125
0 0.7625 0.26484375 0.04609375 0.015625
0 0.809375 0.25703125 0.0375 0.03359375
0 0.85546875 0.25546875 0.046875 0.0359375
0 0.96640625 0.2390625 0.040625 0.05546875
0 0.165625 0.32578125 0.03828125 0.021875
0 0.16328125 0.34765625 0.03359375 0.02265625
0 0.19921875 0.35546875 0.0421875 0.0109375
0 0.2375 0.35078125 0.02890625 0.0203125
0 0.275 0.35390625 0.03359375 0.0171875
0 0.33125 0.35234375 0.03828125 0.0234375
0 0.18125 0.42421875 0.0359375 0.05390625
0 0.14140625 0.425 0.0375 0.0515625
0 0.8546875 0.3375 0.05625 0.04375
0 0.803125 0.3375 0.04609375 0.0421875
0 0.7515625 0.334375 0.0515625 0.05234375
0 0.6984375 0.33515625 0.04921875 0.0515625
0 0.63984375 0.340625 0.05625 0.0390625
0 0.58125 0.34140625 0.059375 0.0390625
0 0.36875 0.353125 0.0359375 0.02109375
0 0.5265625 0.34375 0.046875 0.03671875
0 0.20859375 0.2484375 0.04296875 0.046875
0 0.475 0.35 0.05234375 0.025
0 0.42265625 0.35 0.0515625 0.025
0 0.815625 0.4234375 0.04453125 0.0609375
0 0.403125 0.51171875 0.02890625 0.0546875
0 0.36484375 0.51171875 0.04609375 0.05234375
0 0.3234375 0.5125 0.04375 0.05
0 0.2875 0.50859375 0.0203125 0.04453125
0 0.26484375 0.5078125 0.0234375 0.04609375
0 0.23828125 0.5109375 0.0296875 0.05234375
0 0.1984375 0.51328125 0.0484375 0.04765625
0 0.14765625 0.5046875 0.03984375 0.04375
0 0.940625 0.453125 0.06015625 0.0328125
0 0.85546875 0.42421875 0.0359375 0.06328125
0 0.53515625 0.50859375 0.04375 0.0625
0 0.4328125 0.51328125 0.028125 0.053125
0 0.76875 0.428125 0.04765625 0.05390625
0 0.66875 0.425 0.0484375 0.05859375
0 0.615625 0.425 0.05625 0.0578125
0 0.5609375 0.42734375 0.05546875 0.053125
0 0.5078125 0.4265625 0.0484375 0.0515625
0 0.45859375 0.4203125 0.0421875 0.0640625
0 0.415625 0.4203125 0.04296875 0.065625
0 0.37421875 0.43125 0.03671875 0.0421875
0 0.33828125 0.43046875 0.034375 0.04375
0 0.30078125 0.42578125 0.0359375 0.053125
0 0.2578125 0.42421875 0.028125 0.05390625
0 0.22109375 0.4203125 0.0390625 0.0671875
0 0.7203125 0.4265625 0.04921875 0.05546875
0 0.4921875 0.5078125 0.04453125 0.0609375