0 0.90625 0.278125 0.06640625 0.06484375
0 0.9 0.7140625 0.0640625 0.08359375
0 0.9640625 0.70078125 0.04765625 0.1046875
0 0.840625 0.2796875 0.05703125 0.07265625
0 0.971875 0.27734375 0.05546875 0.0703125
0 0.66328125 0.22265625 0.01796875 0.04296875
0 0.4984375 0.54375 0.01875 0.06171875
0 0.7515625 0.43203125 0.02578125 0.05859375
0 0.82421875 0.415625 0.06640625 0.08359375
0 0.89296875 0.4140625 0.0625 0.0828125
0 0.9546875 0.4125 0.0515625 0.08203125
0 0.040625 0.57578125 0.0390625 0.0796875
0 0.0765625 0.575 0.02890625 0.08046875
0 0.10859375 0.571875 0.03203125 0.07109375
0 0.8140625 0.725 0.07109375 0.0890625
0 0.1484375 0.571875 0.040625 0.0640625
0 0.2015625 0.58984375 0.0234375 0.021875
0 0.29609375 0.5796875 0.02578125 0.02734375
0 0.34296875 0.5546875 0.02421875 0.05859375
0 0.36875 0.5546875 0.02734375 0.0609375
0 0.396875 0.55078125 0.0265625 0.0609375
0 0.4265625 0.5484375 0.02578125 0.06328125
0 0.47265625 0.54296875 0.028125 0.06171875
0 0.2125 0.56796875 0.0640625 0.0203125
0 0.7421875 0.7640625 0.03203125 0.03984375
0 0.828125 0.56953125 0.0578125 0.08046875
0 0.653125 0.77890625 0.03984375 0.0421875
0 0.59296875 0.5375 0.025 0.05859375
0 0.6203125 0.53671875 0.0234375 0.0609375
0 0.64609375 0.53671875 0.02578125 0.0609375
0 0.69375 0.52890625 0.028125 0.0546875
0 0.71796875 0.5296875 0.01953125 0.05390625
0 0.74296875 0.528125 0.028125 0.05390625
0 0.88671875 0.5640625 0.05 0.0828125
0 0.96171875 0.55390625 0.0625 0.0765625
0 0.096875 0.70078125 0.05390625 0.08671875
0 0.14609375 0.7 0.0421875 0.0890625
0 0.2265625 0.7046875 0.06015625 0.0453125
0 0.703125 0.76875 0.040625 0.0375
0 0.290625 0.70234375 0.06328125 0.05078125
0 0.4265625 0.68359375 0.0609375 0.0484375
0 0.50625 0.6703125 0.053125 0.03828125
0 0.56015625 0.66875 0.0515625 0.040625
0 0.63203125 0.64296875 0.08125 0.065625
0 0.7359375 0.63046875 0.090625 0.0765625
0 0.16953125 0.85078125 0.12578125 0.0640625
0 0.30625 0.82265625 0.1140625 0.065625
0 0.42265625 0.80078125 0.10390625 0.0484375
0 0.5234375 0.78984375 0.09375 0.0703125
0 0.7265625 0.434375 0.0234375 0.05546875
0 0.6125 0.7828125 0.03828125 0.03515625
0 0.37265625 0.68984375 0.04453125 0.04453125
0 0.69609375 0.434375 0.0234375 0.059375
0 0.48515625 0.4390625 0.03046875 0.05625
0 0.64296875 0.43984375 0.02265625 0.05078125
0 0.5234375 0.3265625 0.0203125 0.04453125
0 0.48125 0.32734375 0.02578125 0.0453125
0 0.45703125 0.3265625 0.02109375 0.04453125
0 0.43046875 0.32578125 0.0265625 0.0421875
0 0.403125 0.328125 0.02578125 0.04375
0 0.3734375 0.32734375 0.028125 0.04609375
0 0.3453125 0.32734375 0.025 0.0453125
0 0.30625 0.32421875 0.0234375 0.046875
0 0.27265625 0.3265625 0.03046875 0.04765625
0 0.24140625 0.325 0.025 0.0484375
0 0.2109375 0.32578125 0.025 0.04765625
0 0.18125 0.325 0.0265625 0.05
0 0.15078125 0.32421875 0.03046875 0.0515625
0 0.11328125 0.32265625 0.02578125 0.05234375
0 0.08203125 0.3234375 0.0359375 0.053125
0 0.04453125 0.32109375 0.03515625 0.05546875
0 0.80234375 0.2265625 0.01328125 0.046875
0 0.7828125 0.2265625 0.01875 0.0453125
0 0.765625 0.22578125 0.0125 0.04453125
0 0.74765625 0.22578125 0.01875 0.04453125
0 0.725 0.225 0.0234375 0.04609375
0 0.7 0.225 0.02109375 0.0453125
0 0.68203125 0.2234375 0.0140625 0.0390625
0 0.546875 0.32578125 0.0234375 0.04375
0 0.6703125 0.4359375 0.0234375 0.05625
0 0.56953125 0.32578125 0.01953125 0.0421875
0 0.64296875 0.328125 0.0203125 0.03984375
0 0.61875 0.440625 0.021875 0.05
0 0.59375 0.44296875 0.0234375 0.04453125
0 0.5703125 0.44296875 0.01875 0.046875
0 0.521875 0.43828125 0.03984375 0.05625
0 0.55 0.5421875 0.02890625 0.0625
0 0.45078125 0.43828125 0.028125 0.0609375
0 0.4109375 0.43984375 0.0359375 0.0609375
0 0.38125 0.440625 0.0234375 0.05859375
0 0.3515625 0.44140625 0.02578125 0.06015625
0 0.32265625 0.44296875 0.02734375 0.0609375
0 0.2828125 0.44921875 0.03203125 0.05078125
0 0.25234375 0.45 0.02890625 0.053125
0 0.221875 0.45234375 0.028125 0.05234375
0 0.18828125 0.4515625 0.03046875 0.05390625
0 0.14765625 0.4484375 0.03359375 0.06640625
0 0.1125 0.45 0.03359375 0.06953125
0 0.078125 0.45 0.034375 0.0703125
0 0.04296875 0.44921875 0.028125 0.0734375
0 0.78359375 0.325 0.02578125 0.04296875
0 0.74609375 0.328125 0.025 0.0390625
0 0.7234375 0.32890625 0.0140625 0.0375
0 0.703125 0.3296875 0.025 0.03671875
0 0.67109375 0.3296875 0.025 0.0421875
0 0.59765625 0.328125 0.01875 0.0421875
0 0.52265625 0.54375 0.025 0.0609375
0 0.4125 0.2125 0.025 0.04375
0 0.3046875 0.20625 0.0265625 0.0453125
0 0.62265625 0.22265625 0.0203125 0.04453125
0 0.64296875 0.221875 0.0171875 0.04140625
0 0.6015625 0.2203125 0.01953125 0.04140625
0 0.56171875 0.21875 0.0265625 0.04375
0 0.53671875 0.21796875 0.02109375 0.0421875
0 0.5125 0.21484375 0.02109375 0.04375
0 0.48828125 0.21484375 0.02421875 0.04140625
0 0.4640625 0.215625 0.0203125 0.0421875
0 0.43828125 0.21171875 0.0265625 0.04453125
0 0.3875 0.21015625 0.0234375 0.03984375
0 0.3609375 0.20859375 0.025 0.0453125
0 0.584375 0.21796875 0.0140625 0.040625
0 0.0109375 0.1890625 0.02109375 0.05546875
0 0.33359375 0.20703125 0.028125 0.0421875
0 0.10625 0.19765625 0.0265625 0.0484375
0 0.07734375 0.19453125 0.0265625 0.0515625
0 0.1359375 0.1984375 0.0296875 0.04921875
0 0.16875 0.1984375 0.03125 0.04921875
0 0.040625 0.1953125 0.0296875 0.04375
0 0.23125 0.20390625 0.03359375 0.04375
0 0.259375 0.20546875 0.01640625 0.04140625
0 0.2796875 0.20703125 0.02109375 0.0390625
0 0.19921875 0.2 0.028125 0.04921875