0 0.42578125 0.2609375 0.0515625 0.046875
0 0.87890625 0.39609375 0.02890625 0.03828125
0 0.1375 0.23984375 0.13515625 0.0703125
0 0.24765625 0.2515625 0.0640625 0.046875
0 0.31015625 0.25234375 0.05625 0.05234375
0 0.365625 0.25625 0.04609375 0.03671875
0 0.5359375 0.2546875 0.08984375 0.0484375
0 0.628125 0.2546875 0.0859375 0.04375
0 0.77734375 0.17578125 0.0640625 0.0484375
0 0.721875 0.26171875 0.0734375 0.04296875
0 0.87578125 0.2671875 0.06015625 0.0375
0 0.96015625 0.2671875 0.0796875 0.03203125
0 0.09296875 0.321875 0.06640625 0.0484375
0 0.159375 0.321875 0.05078125 0.040625
0 0.2171875 0.3265625 0.06484375 0.04375
0 0.2765625 0.31953125 0.04921875 0.04609375
0 0.80390625 0.26640625 0.0796875 0.03125
0 0.32109375 0.321875 0.028125 0.0484375
0 0.7140625 0.17734375 0.05234375 0.05078125
0 0.59921875 0.1765625 0.05234375 0.040625
0 0.69296875 0.4625 0.025 0.04296875
0 0.6609375 0.46171875 0.03359375 0.0453125
0 0.590625 0.4609375 0.03515625 0.05234375
0 0.553125 0.46171875 0.0375 0.0515625
0 0.50859375 0.46171875 0.0390625 0.05
0 0.41796875 0.4578125 0.059375 0.02265625
0 0.6546875 0.17421875 0.059375 0.0453125
0 0.42109375 0.47890625 0.07109375 0.0203125
0 0.34765625 0.16953125 0.04765625 0.05
0 0.39609375 0.1703125 0.0484375 0.0421875
0 0.3984375 0.1328125 0.046875 0.0171875
0 0.3984375 0.1078125 0.0390625 0.021875
0 0.45625 0.1703125 0.059375 0.04453125
0 0.52734375 0.16796875 0.0734375 0.0421875
0 0.296875 0.1640625 0.04765625 0.05546875
0 0.728125 0.45546875 0.03828125 0.0515625
0 0.3640625 0.325 0.04765625 0.0453125
0 0.5171875 0.32890625 0.071875 0.0484375
0 0.4703125 0.39296875 0.0296875 0.04765625
0 0.50703125 0.39375 0.0359375 0.0484375
0 0.5421875 0.38984375 0.034375 0.0453125
0 0.58515625 0.3921875 0.03046875 0.05078125
0 0.65859375 0.39453125 0.02421875 0.0375
0 0.68359375 0.39375 0.0203125 0.040625
0 0.43203125 0.39375 0.034375 0.046875
0 0.71640625 0.3984375 0.0390625 0.04765625
0 0.83984375 0.39375 0.040625 0.04296875
0 0.92421875 0.4015625 0.046875 0.0453125
0 0.96953125 0.42265625 0.03125 0.04921875
0 0.04609375 0.5171875 0.07734375 0.01875
0 0.128125 0.465625 0.07421875 0.0515625
0 0.28671875 0.4671875 0.0421875 0.0453125
0 0.79375 0.390625 0.04375 0.0375
0 0.4140625 0.3234375 0.0375 0.04765625
0 0.38203125 0.39296875 0.03046875 0.0453125
0 0.303125 0.39375 0.03984375 0.046875
0 0.578125 0.32734375 0.04375 0.0515625
0 0.63984375 0.32421875 0.06328125 0.046875
0 0.71484375 0.32421875 0.059375 0.04609375
0 0.859375 0.3328125 0.065625 0.03203125
0 0.940625 0.32734375 0.04609375 0.0359375
0 0.01328125 0.40625 0.02578125 0.06328125
0 0.34375 0.3921875 0.03671875 0.04296875
0 0.05859375 0.41171875 0.0546875 0.06015625
0 0.1515625 0.39296875 0.04453125 0.04921875
0 0.24453125 0.4015625 0.07265625 0.0265625
0 0.24609375 0.37421875 0.059375 0.02265625
0 0.1296875 0.1578125 0.0484375 0.0515625
0 0.184375 0.15859375 0.04765625 0.04921875
0 0.23984375 0.1609375 0.04375 0.0453125
0 0.10703125 0.38984375 0.03125 0.04765625
0 0.3265625 0.46796875 0.034375 0.04609375
0 0.8703125 0.45625 0.04375 0.05
0 0.19765625 0.5390625 0.03671875 0.05078125
0 0.36875 0.67578125 0.028125 0.03984375
0 0.41015625 0.67734375 0.03828125 0.04296875
0 0.44765625 0.675 0.0375 0.0484375
0 0.10859375 0.53828125 0.03515625 0.053125
0 0.63125 0.67265625 0.0359375 0.0328125
0 0.66640625 0.68203125 0.0328125 0.0203125
0 0.70078125 0.67890625 0.0265625 0.01796875
0 0.75390625 0.66484375 0.0375 0.03671875
0 0.8140625 0.66328125 0.0515625 0.03828125
0 0.87421875 0.6640625 0.05625 0.028125
0 0.9375 0.64453125 0.02578125 0.03671875
0 0.96015625 0.64140625 0.0171875 0.0328125
0 0.02890625 0.7640625 0.04296875 0.0453125
0 0.31875 0.675 0.04296875 0.03125
0 0.07109375 0.76328125 0.03125 0.05
0 0.18046875 0.75390625 0.0390625 0.0546875
0 0.21953125 0.7515625 0.03125 0.053125
0 0.2578125 0.74765625 0.0359375 0.0546875
0 0.4046875 0.74609375 0.028125 0.0546875
0 0.4375 0.74453125 0.03046875 0.05
0 0.465625 0.746875 0.02578125 0.0546875
0 0.5125 0.74140625 0.0625 0.053125
0 0.57421875 0.73515625 0.05546875 0.05
0 0.67578125 0.74453125 0.04765625 0.0359375
0 0.78515625 0.73203125 0.0890625 0.05234375
0 0.86171875 0.7265625 0.05546875 0.0484375
0 0.92421875 0.7296875 0.05546875 0.04609375
0 0.97578125 0.70078125 0.03046875 0.03984375
0 0.12578125 0.7625 0.059375 0.0484375
0 0.275 0.678125 0.046875 0.0375
0 0.58359375 0.67109375 0.05078125 0.03515625
0 0.184375 0.6765625 0.046875 0.03984375
0 0.2421875 0.5484375 0.0296875 0.04296875
0 0.353125 0.55390625 0.07890625 0.01796875
0 0.4375 0.54140625 0.07890625 0.01640625
0 0.4359375 0.55703125 0.06640625 0.01171875
0 0.4890625 0.54609375 0.02421875 0.025
0 0.5609375 0.54140625 0.034375 0.0390625
0 0.69296875 0.53046875 0.059375 0.0453125
0 0.7390625 0.540625 0.03046875 0.02890625
0 0.23046875 0.678125 0.02890625 0.0390625
0 0.8609375 0.53203125 0.03984375 0.0421875
0 0.9109375 0.5296875 0.04453125 0.053125
0 0.92109375 0.5828125 0.02578125 0.03046875
0 0.9546875 0.58046875 0.02578125 0.0359375
0 0.0359375 0.64375 0.07109375 0.0359375
0 0.59609375 0.54921875 0.028125 0.0171875
0 0.1703125 0.61171875 0.053125 0.06171875
0 0.1109375 0.62421875 0.0453125 0.04296875
0 0.0484375 0.70234375 0.04375 0.0359375
0 0.8484375 0.59296875 0.05859375 0.0515625
0 0.790625 0.60703125 0.04765625 0.03671875
0 0.72421875 0.6 0.04453125 0.040625
0 0.67578125 0.61484375 0.053125 0.01875
0 0.1359375 0.6796875 0.04140625 0.028125
0 0.4484375 0.61015625 0.05234375 0.05625
0 0.58984375 0.61015625 0.0484375 0.03671875
0 0.21875 0.61484375 0.04453125 0.06875
0 0.36484375 0.46875 0.03515625 0.0515625
0 0.3359375 0.61328125 0.0546875 0.065625
0 0.3953125 0.6125 0.053125 0.0609375
0 0.2890625 0.609375 0.0328125 0.05859375