0 0.6203125 0.19296875 0.06640625 0.13671875
0 0.6859375 0.178125 0.06015625 0.11328125
0 0.33984375 0.8359375 0.05078125 0.11640625
0 0.765625 0.1703125 0.06484375 0.134375
0 0.40390625 0.7515625 0.06640625 0.04609375
0 0.9453125 0.234375 0.046875 0.04921875
0 0.946875 0.16015625 0.0515625 0.0890625
0 0.8265625 0.45859375 0.0453125 0.13828125
0 0.9453125 0.4796875 0.109375 0.06796875
0 0.73828125 0.425 0.03828125 0.11640625
0 0.340625 0.75234375 0.0515625 0.04296875
0 0.98515625 0.87578125 0.02890625 0.07578125
0 0.475 0.75078125 0.06875 0.04609375
0 0.4734375 0.16484375 0.03203125 0.146875
0 0.47109375 0.06796875 0.02890625 0.0328125
0 0.43515625 0.1046875 0.0328125 0.065625
0 0.434375 0.1875 0.034375 0.08828125
0 0.40078125 0.19140625 0.0296875 0.08046875
0 0.3609375 0.17890625 0.02890625 0.090625
0 0.36796875 0.10390625 0.03203125 0.0453125
0 0.3296875 0.171875 0.034375 0.10078125
0 0.28671875 0.16171875 0.040625 0.10859375
0 0.246875 0.171875 0.03515625 0.025
0 0.23203125 0.221875 0.040625 0.0671875
0 0.184375 0.22734375 0.04296875 0.053125
0 0.1875 0.16953125 0.04296875 0.05703125
0 0.13984375 0.16328125 0.03984375 0.18125
0 0.096875 0.134375 0.04453125 0.15078125
0 0.05078125 0.1328125 0.0421875 0.14140625
0 0.80625 0.72109375 0.03125 0.09453125
0 0.515625 0.16953125 0.04609375 0.17890625
0 0.5625 0.171875 0.04296875 0.17734375
0 0.7625 0.95390625 0.04140625 0.04375
0 0.7109375 0.95078125 0.0453125 0.04453125
0 0.4734375 0.8328125 0.07109375 0.10703125
0 0.52578125 0.83046875 0.0296875 0.11796875
0 0.5796875 0.825 0.0671875 0.11875
0 0.64921875 0.82109375 0.06328125 0.121875
0 0.71640625 0.83984375 0.04296875 0.08359375
0 0.76328125 0.8390625 0.03515625 0.08359375
0 0.85546875 0.81484375 0.03828125 0.06171875
0 0.8546875 0.88125 0.040625 0.0484375
0 0.40234375 0.8359375 0.06796875 0.11171875
0 0.90078125 0.81796875 0.04140625 0.07265625
0 0.94609375 0.86953125 0.0390625 0.040625
0 0.94375 0.8109375 0.0359375 0.065625
0 0.68984375 0.41171875 0.03515625 0.09609375
0 0.35546875 0.96484375 0.05703125 0.04375
0 0.4203125 0.965625 0.059375 0.0515625
0 0.48203125 0.9578125 0.05625 0.05703125
0 0.57578125 0.96484375 0.034375 0.05625
0 0.6171875 0.9703125 0.04140625 0.05625
0 0.90390625 0.87734375 0.03984375 0.0359375
0 0.65 0.43671875 0.034375 0.05
0 0.384375 0.41328125 0.0390625 0.1546875
0 0.603125 0.38125 0.01640625 0.05703125
0 0.415625 0.6328125 0.03515625 0.121875
0 0.4515625 0.63359375 0.03203125 0.1109375
0 0.503125 0.625 0.06328125 0.13828125
0 0.5828125 0.603125 0.05703125 0.12578125
0 0.6453125 0.63671875 0.04375 0.08125
0 0.64140625 0.5734375 0.03828125 0.03203125
0 0.68828125 0.62265625 0.0296875 0.115625
0 0.73125 0.6171875 0.0296875 0.121875
0 0.76953125 0.61015625 0.0265625 0.13125
0 0.8203125 0.61875 0.03984375 0.07578125
0 0.86328125 0.615625 0.03984375 0.07421875
0 0.90625 0.61953125 0.0390625 0.08125
0 0.3765625 0.63046875 0.03828125 0.11796875
0 0.95078125 0.61796875 0.0390625 0.07265625
0 0.909375 0.68515625 0.034375 0.04609375
0 0.95390625 0.67734375 0.03828125 0.0359375
0 0.2796875 0.8375 0.05390625 0.11640625
0 0.28203125 0.74921875 0.04921875 0.040625
0 0.22890625 0.83671875 0.0375 0.1234375
0 0.078125 0.85 0.075 0.08828125
0 0.0765625 0.75546875 0.07421875 0.08984375
0 0.80546875 0.98984375 0.0328125 0.0203125
0 0.80703125 0.95 0.0375 0.0515625
0 0.80390625 0.903125 0.03046875 0.0453125
0 0.80234375 0.84921875 0.0328125 0.046875
0 0.8015625 0.79921875 0.03359375 0.03984375
0 0.86015625 0.69140625 0.04453125 0.0625
0 0.3296875 0.62421875 0.0359375 0.1109375
0 0.28671875 0.63828125 0.03359375 0.11875
0 0.246875 0.6421875 0.0375 0.1234375
0 0.6234375 0.38203125 0.0203125 0.059375
0 0.55703125 0.34140625 0.06640625 0.040625
0 0.5390625 0.42734375 0.0296875 0.12578125
0 0.57109375 0.428125 0.03046875 0.121875
0 0.50390625 0.40078125 0.03671875 0.171875
0 0.4640625 0.40078125 0.0359375 0.17421875
0 0.425 0.4140625 0.0390625 0.15546875
0 0.4 0.3171875 0.0609375 0.03125
0 0.3421875 0.42265625 0.0359375 0.13359375
0 0.30078125 0.41953125 0.0375 0.13671875
0 0.22109375 0.39921875 0.04375 0.0953125
0 0.146875 0.3421875 0.08359375 0.0796875
0 0.146875 0.4046875 0.08671875 0.03125
0 0.07265625 0.37578125 0.04765625 0.10546875
0 0.0234375 0.37109375 0.04609375 0.103125
0 0.05 0.59921875 0.06171875 0.14375
0 0.103125 0.62734375 0.0390625 0.08828125
0 0.1640625 0.58515625 0.0671875 0.15078125
0 0.165625 0.69921875 0.05625 0.053125
0 0.16796875 0.75625 0.0640625 0.0546875
0 0.17578125 0.81484375 0.0609375 0.05703125
0 0.16640625 0.86796875 0.0640625 0.046875
0 0.165625 0.921875 0.0578125 0.040625
0 0.2171875 0.553125 0.03046875 0.05546875
0 0.2546875 0.5484375 0.0375 0.04765625
0 0.29140625 0.54609375 0.03046875 0.05625
0 0.215625 0.64296875 0.0203125 0.109375
0 0.61171875 0.440625 0.03203125 0.0390625
0 0.9859375 0.61875 0.02734375 0.06953125
0 0.9890625 0.68828125 0.021875 0.0578125