0 0.90390625 0.309375 0.0203125 0.0109375
0 0.72421875 0.4796875 0.07109375 0.0296875
0 0.696875 0.4203125 0.06875 0.01953125
0 0.784375 0.40234375 0.071875 0.05
0 0.85078125 0.40390625 0.03359375 0.05
0 0.9046875 0.40078125 0.03203125 0.0578125
0 0.94609375 0.3984375 0.04140625 0.06328125
0 0.9859375 0.4015625 0.028125 0.06015625
0 0.0265625 0.4484375 0.04296875 0.0453125
0 0.1125 0.53984375 0.04765625 0.0390625
0 0.2671875 0.48671875 0.0453125 0.05546875
0 0.315625 0.4890625 0.04375 0.059375
0 0.3765625 0.48359375 0.05234375 0.07265625
0 0.42578125 0.4890625 0.03046875 0.0609375
0 0.45625 0.48671875 0.01875 0.05234375
0 0.48125 0.484375 0.0265625 0.0515625
0 0.52109375 0.4765625 0.03828125 0.0703125
0 0.565625 0.48046875 0.04453125 0.06875
0 0.6140625 0.48828125 0.03828125 0.0515625
0 0.6515625 0.484375 0.02890625 0.0484375
0 0.7125 0.50234375 0.05234375 0.0171875
0 0.81015625 0.49453125 0.07734375 0.02734375
0 0.88828125 0.4953125 0.05625 0.025
0 0.9625 0.49765625 0.075 0.021875
0 0.1078125 0.6078125 0.06015625 0.0484375
0 0.23984375 0.5703125 0.06953125 0.0390625
0 0.30859375 0.54140625 0.0515625 0.01875
0 0.36875 0.5375 0.05546875 0.02265625
0 0.30625 0.57265625 0.05625 0.0375
0 0.36328125 0.57109375 0.0453125 0.0390625
0 0.4203125 0.54765625 0.05625 0.01640625
0 0.628125 0.42109375 0.06640625 0.0203125
0 0.57890625 0.40390625 0.02421875 0.05859375
0 0.51640625 0.425 0.08203125 0.0109375
0 0.5109375 0.4109375 0.08125 0.0140625
0 0.46875 0.30859375 0.053125 0.07578125
0 0.5671875 0.30859375 0.0484375 0.07578125
0 0.6125 0.31484375 0.02890625 0.06796875
0 0.67109375 0.30546875 0.06875 0.03515625
0 0.67578125 0.3359375 0.0671875 0.0234375
0 0.74453125 0.3234375 0.05390625 0.04375
0 0.79140625 0.3234375 0.03359375 0.04453125
0 0.8359375 0.32421875 0.03359375 0.04375
0 0.8671875 0.32421875 0.0234375 0.04375
0 0.89296875 0.296875 0.02421875 0.01171875
0 0.92734375 0.3078125 0.025 0.01015625
0 0.88515625 0.3109375 0.0125 0.0078125
0 0.88671875 0.321875 0.01484375 0.00625
0 0.90625 0.321875 0.01484375 0.009375
0 0.4171875 0.56796875 0.0546875 0.01875
0 0.92734375 0.321875 0.0203125 0.009375
0 0.90234375 0.33671875 0.0203125 0.015625
0 0.884375 0.33671875 0.0140625 0.015625
0 0.94765625 0.33828125 0.01875 0.0125
0 0.98046875 0.3265625 0.028125 0.0109375
0 0.97421875 0.33984375 0.02578125 0.009375
0 0.0234375 0.37265625 0.0359375 0.03203125
0 0.17421875 0.3859375 0.0734375 0.0234375
0 0.25546875 0.3875 0.07890625 0.0296875
0 0.34453125 0.38828125 0.0859375 0.028125
0 0.1828125 0.415625 0.05078125 0.0265625
0 0.2546875 0.41953125 0.0828125 0.0265625
0 0.34140625 0.415625 0.08046875 0.02421875
0 0.42734375 0.41640625 0.075 0.03203125
0 0.51328125 0.3953125 0.08515625 0.015625
0 0.9265625 0.334375 0.01875 0.0140625
0 0.4171875 0.5859375 0.06015625 0.0109375
0 0.471875 0.56875 0.03984375 0.04453125
0 0.52421875 0.56796875 0.05546875 0.04296875
0 0.8171875 0.69296875 0.0390625 0.05859375
0 0.86328125 0.6921875 0.04140625 0.0546875
0 0.91328125 0.696875 0.0390625 0.0546875
0 0.959375 0.69375 0.0421875 0.06328125
0 0.07421875 0.76875 0.05546875 0.040625
0 0.13203125 0.76875 0.0515625 0.0375
0 0.19609375 0.7671875 0.0390625 0.03125
0 0.26015625 0.76953125 0.07890625 0.0359375
0 0.34609375 0.7609375 0.06875 0.03359375
0 0.44375 0.76171875 0.0765625 0.0375
0 0.521875 0.7671875 0.0625 0.034375
0 0.59921875 0.76875 0.0796875 0.03515625
0 0.67734375 0.765625 0.07109375 0.03359375
0 0.7703125 0.76484375 0.0796875 0.03203125
0 0.7625 0.6953125 0.034375 0.0578125
0 0.8625 0.76328125 0.078125 0.0234375
0 0.046875 0.87578125 0.0265625 0.040625
0 0.10625 0.86796875 0.0671875 0.0109375
0 0.1078125 0.88046875 0.0609375 0.00625
0 0.11015625 0.8921875 0.05859375 0.0125
0 0.19765625 0.8796875 0.06875 0.03828125
0 0.2921875 0.84765625 0.09453125 0.02890625
0 0.2859375 0.8796875 0.09296875 0.03046875
0 0.38515625 0.84453125 0.0890625 0.028125
0 0.47890625 0.84375 0.08515625 0.0296875
0 0.38671875 0.8765625 0.09765625 0.02890625
0 0.48046875 0.878125 0.0859375 0.03046875
0 0.5734375 0.85859375 0.09140625 0.08203125
0 0.66875 0.8515625 0.08515625 0.0765625
0 0.76875 0.8546875 0.103125 0.0859375
0 0.96015625 0.7640625 0.075 0.0390625
0 0.42109375 0.31328125 0.0359375 0.06484375
0 0.721875 0.6953125 0.03984375 0.05390625
0 0.62890625 0.69609375 0.0296875 0.05625
0 0.57890625 0.56796875 0.05078125 0.0390625
0 0.63515625 0.53828125 0.053125 0.01796875
0 0.6375 0.5703125 0.053125 0.0390625
0 0.70078125 0.57265625 0.05546875 0.03671875
0 0.76015625 0.5703125 0.05390625 0.0296875
0 0.825 0.5640625 0.06015625 0.03671875
0 0.884375 0.5640625 0.053125 0.03359375
0 0.18046875 0.63984375 0.06484375 0.02890625
0 0.24765625 0.63515625 0.05390625 0.03671875
0 0.30625 0.6328125 0.0515625 0.03828125
0 0.3609375 0.6328125 0.04609375 0.04453125
0 0.41640625 0.6265625 0.0421875 0.03359375
0 0.46953125 0.628125 0.04921875 0.03203125
0 0.528125 0.6296875 0.0578125 0.01953125
0 0.6671875 0.6875 0.03984375 0.04375
0 0.609375 0.6265625 0.06484375 0.03125
0 0.74375 0.62890625 0.06953125 0.03046875
0 0.82109375 0.62734375 0.06640625 0.0328125
0 0.89921875 0.628125 0.0625 0.0375
0 0.96875 0.63203125 0.0625 0.0203125
0 0.05546875 0.70234375 0.04765625 0.059375
0 0.10625 0.703125 0.04609375 0.05859375
0 0.22265625 0.6984375 0.040625 0.0578125
0 0.26328125 0.70546875 0.03828125 0.04921875
0 0.31640625 0.69921875 0.0515625 0.059375
0 0.375 0.6921875 0.0484375 0.04609375
0 0.4328125 0.7046875 0.05390625 0.04375
0 0.49609375 0.6953125 0.0453125 0.05703125
0 0.54609375 0.6953125 0.046875 0.06015625
0 0.59296875 0.696875 0.0375 0.05546875
0 0.675 0.6296875 0.05625 0.02890625
0 0.86953125 0.85078125 0.0859375 0.084375
0 0.38125 0.32421875 0.02421875 0.040625
0 0.29375 0.32109375 0.0359375 0.0484375
0 0.340625 0.3234375 0.046875 0.05078125
0 0.07109375 0.21796875 0.06875 0.03515625
0 0.13671875 0.19765625 0.05 0.07890625
0 0.184375 0.19375 0.0359375 0.0796875
0 0.2265625 0.19375 0.04296875 0.07421875
0 0.275 0.19765625 0.0453125 0.07109375
0 0.33203125 0.2015625 0.06484375 0.06484375
0 0.47734375 0.2046875 0.096875 0.0609375
0 0.58046875 0.2015625 0.06484375 0.0671875
0 0.6296875 0.2171875 0.01640625 0.0421875
0 0.65390625 0.2171875 0.02421875 0.0421875
0 0.6984375 0.2046875 0.05078125 0.06796875
0 0.78046875 0.2046875 0.0375 0.0671875
0 0.82265625 0.196875 0.034375 0.0796875
0 0.95859375 0.85078125 0.078125 0.08984375
0 0.95703125 0.20234375 0.0734375 0.06015625
0 0.8578125 0.1984375 0.02578125 0.08046875
0 0.196875 0.3265625 0.02890625 0.0328125
0 0.16640625 0.32578125 0.02109375 0.03671875
0 0.14453125 0.328125 0.01875 0.0453125
0 0.02265625 0.31015625 0.03984375 0.0328125
0 0.18359375 0.52890625 0.0921875 0.0171875
0 0.25078125 0.321875 0.0484375 0.04921875
0 0.1171875 0.4734375 0.0734375 0.0171875
0 0.1546875 0.5046875 0.09609375 0.0265625
0 0.09296875 0.3859375 0.07109375 0.01953125
0 0.08125 0.32890625 0.075 0.08828125
0 0.1078125 0.44296875 0.08984375 0.0265625
0 0.10703125 0.4125 0.09375 0.02109375