0 0.25703125 0.5984375 0.02109375 0.0140625
0 0.278125 0.5984375 0.02109375 0.015625
0 0.3984375 0.60625 0.0296875 0.0296875
0 0.32109375 0.59765625 0.0171875 0.0125
0 0.36875 0.60703125 0.02890625 0.03046875
0 0.4296875 0.60625 0.028125 0.0296875
0 0.4609375 0.60703125 0.03515625 0.0296875
0 0.4984375 0.60625 0.0328125 0.0296875
0 0.52734375 0.6015625 0.01875 0.021875
0 0.55078125 0.6015625 0.028125 0.021875
0 0.58125 0.6015625 0.03046875 0.02265625
0 0.61171875 0.60234375 0.03125 0.02265625
0 0.64609375 0.60234375 0.03203125 0.02265625
0 0.2984375 0.59921875 0.01953125 0.01484375
0 0.0125 0.48515625 0.01640625 0.02890625
0 0.04921875 0.0390625 0.04921875 0.078125
0 0.234375 0.59765625 0.021875 0.01484375
0 0.16328125 0.03984375 0.0609375 0.0796875
0 0.24921875 0.04296875 0.0796875 0.0859375
0 0.34765625 0.04296875 0.10546875 0.0859375
0 0.50078125 0.04375 0.075 0.08359375
0 0.57578125 0.046875 0.06640625 0.08359375
0 0.653125 0.046875 0.0625 0.0796875
0 0.803125 0.01171875 0.1875 0.0171875
0 0.80390625 0.028125 0.2078125 0.0171875
0 0.80546875 0.0453125 0.21328125 0.0171875
0 0.79921875 0.0625 0.21015625 0.01484375
0 0.80234375 0.0796875 0.2046875 0.01953125
0 0.9546875 0.0125 0.06640625 0.0140625
0 0.9546875 0.03125 0.06953125 0.01640625
0 0.9484375 0.04765625 0.06796875 0.015625
0 0.946875 0.06484375 0.07890625 0.0140625
0 0.94453125 0.08046875 0.0703125 0.015625
0 0.06796875 0.21328125 0.046875 0.08125
0 0.0390625 0.384375 0.05625 0.0671875
0 0.95703125 0.21484375 0.07578125 0.06640625
0 0.88203125 0.21484375 0.0703125 0.07109375
0 0.7953125 0.20078125 0.0484375 0.11484375
0 0.7390625 0.2328125 0.05234375 0.040625
0 0.67578125 0.20390625 0.0671875 0.10078125
0 0.32421875 0.2140625 0.0484375 0.08515625
0 0.27421875 0.21328125 0.05 0.08984375
0 0.25234375 0.15234375 0.04609375 0.02421875
0 0.2203125 0.21171875 0.04921875 0.08828125
0 0.103125 0.0421875 0.05 0.07890625
0 0.20390625 0.59765625 0.02265625 0.01484375
0 0.3421875 0.8375 0.05078125 0.0859375
0 0.1640625 0.5984375 0.01953125 0.01640625
0 0.678125 0.68046875 0.04140625 0.0578125
0 0.71796875 0.67890625 0.0328125 0.059375
0 0.77421875 0.540625 0.040625 0.05234375
0 0.73359375 0.53828125 0.0390625 0.05546875
0 0.66328125 0.4984375 0.06015625 0.04296875
0 0.6015625 0.49453125 0.0625 0.04375
0 0.184375 0.59765625 0.0171875 0.015625
0 0.62578125 0.5453125 0.0546875 0.04140625
0 0.56328125 0.55078125 0.065625 0.04296875
0 0.5015625 0.5484375 0.06015625 0.046875
0 0.5203125 0.496875 0.07421875 0.03828125
0 0.35078125 0.49296875 0.05 0.03671875
0 0.28828125 0.49140625 0.06640625 0.03828125
0 0.4375 0.5484375 0.05859375 0.04296875
0 0.63828125 0.68203125 0.034375 0.0546875
0 0.3796875 0.5484375 0.059375 0.04375
0 0.26328125 0.546875 0.0578125 0.0453125
0 0.20390625 0.5453125 0.059375 0.04296875
0 0.14375 0.54453125 0.06015625 0.04609375
0 0.09375 0.53984375 0.0375 0.0390625
0 0.04296875 0.54140625 0.06171875 0.0359375
0 0.11328125 0.4984375 0.0578125 0.03515625
0 0.0515625 0.503125 0.06015625 0.03515625
0 0.92734375 0.31875 0.05703125 0.03046875
0 0.96328125 0.3765625 0.0609375 0.0765625
0 0.9078125 0.3765625 0.05078125 0.07890625
0 0.84296875 0.30859375 0.05546875 0.04765625
0 0.8484375 0.38046875 0.0546875 0.071875
0 0.79453125 0.375 0.05078125 0.0828125
0 0.73203125 0.3734375 0.05703125 0.08828125
0 0.3203125 0.5484375 0.05625 0.04296875
0 0.67265625 0.37421875 0.0640625 0.0859375
0 0.59921875 0.68203125 0.03671875 0.053125
0 0.52578125 0.675 0.03046875 0.05
0 0.24296875 0.69921875 0.025 0.028125
0 0.21953125 0.7 0.02265625 0.028125
0 0.31484375 0.66953125 0.0234375 0.034375
0 0.290625 0.66875 0.025 0.03203125
0 0.265625 0.6671875 0.02109375 0.03125
0 0.24140625 0.66796875 0.02421875 0.03359375
0 0.2140625 0.665625 0.02421875 0.03125
0 0.17734375 0.696875 0.0265625 0.03515625
0 0.14765625 0.69921875 0.0234375 0.0296875
0 0.1234375 0.7 0.02421875 0.03046875
0 0.09609375 0.69921875 0.02421875 0.02734375
0 0.0734375 0.69921875 0.02265625 0.028125
0 0.17265625 0.6609375 0.03046875 0.03125
0 0.14296875 0.66484375 0.02265625 0.03515625
0 0.5640625 0.68125 0.0328125 0.05703125
0 0.11953125 0.66484375 0.025 0.034375
0 0.06875 0.66796875 0.025 0.03359375
0 0.0265625 0.6609375 0.053125 0.1046875
0 0.98046875 0.53984375 0.03828125 0.05234375
0 0.93828125 0.540625 0.04453125 0.05390625
0 0.8953125 0.54140625 0.04375 0.0546875
0 0.853125 0.54140625 0.03515625 0.0546875
0 0.8140625 0.54140625 0.040625 0.05546875
0 0.26875 0.69921875 0.02265625 0.02734375
0 0.290625 0.70078125 0.021875 0.02421875
0 0.31875 0.69921875 0.025 0.02421875
0 0.38125 0.67578125 0.02890625 0.05078125
0 0.415625 0.67578125 0.0390625 0.04609375
0 0.453125 0.6765625 0.03125 0.05
0 0.49140625 0.67734375 0.03515625 0.05
0 0.09296875 0.6671875 0.0234375 0.034375
0 0.49296875 0.34765625 0.053125 0.0421875
0 0.68359375 0.5453125 0.06171875 0.04296875
0 0.44375 0.396875 0.05234375 0.04375
0 0.525 0.7765625 0.04921875 0.05078125
0 0.46484375 0.8421875 0.0390625 0.0609375
0 0.50859375 0.84140625 0.0421875 0.059375
0 0.55078125 0.8421875 0.0375 0.06015625
0 0.575 0.77421875 0.04375 0.05703125
0 0.6203125 0.775 0.0390625 0.05859375
0 0.66328125 0.77421875 0.03515625 0.0578125
0 0.6046875 0.84375 0.03515625 0.0640625
0 0.64921875 0.84609375 0.03828125 0.0625
0 0.68203125 0.8359375 0.02109375 0.05390625
0 0.4984375 0.39609375 0.05546875 0.04453125
0 0.6984375 0.75859375 0.02421875 0.0484375
0 0.73515625 0.75859375 0.04296875 0.0484375
0 0.78046875 0.75390625 0.03828125 0.04140625
0 0.7125 0.81953125 0.02734375 0.05859375
0 0.74609375 0.81875 0.03984375 0.059375
0 0.78515625 0.81875 0.0390625 0.05703125
0 0.84609375 0.76484375 0.040625 0.06875
0 0.89296875 0.76640625 0.040625 0.06953125
0 0.9359375 0.7640625 0.04296875 0.065625
0 0.97890625 0.7625 0.0421875 0.065625
0 0.853125 0.83984375 0.0390625 0.075
0 0.8921875 0.83125 0.03125 0.0609375
0 0.9328125 0.8390625 0.0421875 0.07265625
0 0.9765625 0.8375 0.04140625 0.0734375
0 0.12421875 0.5984375 0.01875 0.0140625
0 0.14375 0.5984375 0.01953125 0.015625
0 0.48046875 0.7734375 0.0375 0.04765625
0 0.35703125 0.7625 0.12421875 0.03671875
0 0.11875 0.2125 0.053125 0.08515625
0 0.1703125 0.21171875 0.04921875 0.08828125
0 0.8671875 0.640625 0.03359375 0.02734375
0 0.82890625 0.640625 0.03125 0.0265625
0 0.79296875 0.63984375 0.03828125 0.025
0 0.36875 0.37265625 0.0953125 0.08671875
0 0.3796875 0.30859375 0.10859375 0.03828125
0 0.2296875 0.3734375 0.05859375 0.08359375
0 0.1390625 0.33203125 0.0796875 0.02734375
0 0.403125 0.83046875 0.0609375 0.08984375
0 0.1671875 0.38359375 0.06796875 0.06328125
0 0.09765625 0.384375 0.06015625 0.065625
0 0.74921875 0.6125 0.0375 0.02734375
0 0.7875 0.6109375 0.03359375 0.02734375
0 0.82578125 0.6109375 0.0375 0.025
0 0.75546875 0.6421875 0.0328125 0.02421875
0 0.93828125 0.62890625 0.0359375 0.04765625
0 0.9015625 0.63984375 0.0328125 0.0265625
0 0.9015625 0.61171875 0.034375 0.02265625
0 0.8640625 0.61015625 0.0328125 0.02734375
0 0.88046875 0.6875 0.03359375 0.05078125
0 0.27421875 0.83125 0.07421875 0.075
0 0.19140625 0.84296875 0.0734375 0.075
0 0.109375 0.82890625 0.06328125 0.103125
0 0.040625 0.81328125 0.065625 0.08984375
0 0.97890625 0.62890625 0.0375 0.046875
0 0.96796875 0.68671875 0.0421875 0.05390625
0 0.91796875 0.6859375 0.040625 0.05234375
0 0.84453125 0.68671875 0.03515625 0.05390625
0 0.80625 0.68515625 0.03671875 0.05078125
0 0.76953125 0.684375 0.03359375 0.0515625