0 0.65703125 0.7359375 0.06015625 0.10234375
0 0.71875 0.73515625 0.06171875 0.10234375
0 0.784375 0.73984375 0.06328125 0.10703125
0 0.840625 0.7296875 0.04453125 0.08671875
0 0.9 0.734375 0.0734375 0.096875
0 0.96875 0.74296875 0.0625 0.1078125
0 0.0171875 0.78984375 0.02890625 0.059375
0 0.046875 0.79375 0.03046875 0.05
0 0.08046875 0.79140625 0.0328125 0.05859375
0 0.1171875 0.7890625 0.03515625 0.05859375
0 0.03203125 0.8859375 0.03203125 0.08828125
0 0.3890625 0.31796875 0.04921875 0.08671875
0 0.065625 0.8859375 0.03203125 0.08515625
0 0.05625 0.7 0.03203125 0.0609375
0 0.08984375 0.6984375 0.0328125 0.0640625
0 0.1296875 0.70078125 0.03828125 0.06015625
0 0.1953125 0.7421875 0.071875 0.10546875
0 0.26875 0.7421875 0.07421875 0.10390625
0 0.34453125 0.73984375 0.07578125 0.096875
0 0.40859375 0.7390625 0.05390625 0.1015625
0 0.4671875 0.7375 0.05546875 0.10078125
0 0.52734375 0.7359375 0.06328125 0.096875
0 0.9390625 0.21875 0.03671875 0.05390625
0 0.9734375 0.21640625 0.0328125 0.05625
0 0.92265625 0.1734375 0.04140625 0.01875
0 0.878125 0.1734375 0.03984375 0.01796875
0 0.02109375 0.30625 0.03984375 0.0421875
0 0.06015625 0.3015625 0.03359375 0.0484375
0 0.5921875 0.7390625 0.059375 0.1
0 0.09921875 0.8875 0.03515625 0.08203125
0 0.71796875 0.88671875 0.065625 0.0953125
0 0.1640625 0.8875 0.03359375 0.08515625
0 0.4953125 0.31875 0.0453125 0.0859375
0 0.5484375 0.3171875 0.05390625 0.08984375
0 0.5953125 0.31796875 0.03984375 0.08671875
0 0.64140625 0.31875 0.04609375 0.08828125
0 0.68984375 0.3171875 0.046875 0.08984375
0 0.7375 0.31484375 0.04296875 0.0921875
0 0.78671875 0.3140625 0.05078125 0.09375
0 0.834375 0.31484375 0.0421875 0.0875
0 0.88125 0.315625 0.04609375 0.0875
0 0.928125 0.31328125 0.04140625 0.08671875
0 0.9671875 0.31171875 0.03828125 0.08828125
0 0.0328125 0.41484375 0.04609375 0.065625
0 0.1390625 0.4203125 0.0703125 0.08359375
0 0.14375 0.48828125 0.0671875 0.04765625
0 0.1578125 0.5359375 0.075 0.04296875
0 0.3125 0.31640625 0.04921875 0.0875
0 0.26171875 0.315625 0.05 0.08984375
0 0.22265625 0.88671875 0.05859375 0.09453125
0 0.29296875 0.87734375 0.07109375 0.10625
0 0.365625 0.878125 0.0734375 0.10625
0 0.43671875 0.8796875 0.06171875 0.10546875
0 0.5015625 0.8796875 0.06328125 0.10234375
0 0.57421875 0.8859375 0.0734375 0.10234375
0 0.13125 0.88671875 0.02890625 0.08359375
0 0.646875 0.88515625 0.06953125 0.10078125
0 0.78046875 0.875 0.05859375 0.0953125
0 0.8390625 0.8609375 0.05078125 0.09609375
0 0.8921875 0.8796875 0.0546875 0.0984375
0 0.940625 0.865625 0.0390625 0.09296875
0 0.02421875 0.6953125 0.03203125 0.0703125
0 0.2109375 0.31640625 0.05 0.08671875
0 0.44453125 0.31875 0.05 0.08359375
0 0.93359375 0.61953125 0.0734375 0.09453125
0 0.66796875 0.52109375 0.040625 0.06875
0 0.78984375 0.62265625 0.0640625 0.10078125
0 0.47578125 0.0515625 0.053125 0.0859375
0 0.4234375 0.05234375 0.0484375 0.0859375
0 0.37578125 0.05234375 0.0453125 0.084375
0 0.31640625 0.04921875 0.0703125 0.090625
0 0.234375 0.04921875 0.08203125 0.09140625
0 0.153125 0.0484375 0.07578125 0.08984375
0 0.521875 0.05234375 0.0375 0.0921875
0 0.175 0.571875 0.06171875 0.02578125
0 0.25 0.4234375 0.03984375 0.0796875
0 0.30234375 0.41953125 0.04453125 0.075
0 0.34453125 0.42109375 0.040625 0.07421875
0 0.3859375 0.421875 0.040625 0.07578125
0 0.4265625 0.421875 0.0375 0.0796875
0 0.465625 0.42109375 0.03671875 0.07890625
0 0.2078125 0.42109375 0.04140625 0.075
0 0.56015625 0.05078125 0.03671875 0.09453125
0 0.60546875 0.05078125 0.053125 0.0890625
0 0.65 0.06875 0.03125 0.05703125
0 0.88984375 0.22265625 0.05625 0.03515625
0 0.8296875 0.2046875 0.0546875 0.075
0 0.77734375 0.20234375 0.04140625 0.08203125
0 0.73515625 0.2 0.04140625 0.08828125
0 0.68984375 0.19765625 0.04609375 0.090625
0 0.64453125 0.19921875 0.03984375 0.090625
0 0.5953125 0.19765625 0.053125 0.09375
0 0.540625 0.190625 0.0578125 0.1078125
0 0.47734375 0.19140625 0.0625 0.10390625
0 0.415625 0.1890625 0.06015625 0.11171875
0 0.3546875 0.18984375 0.06015625 0.109375
0 0.29609375 0.18203125 0.05234375 0.125
0 0.165625 0.1890625 0.07578125 0.109375
0 0.04921875 0.17734375 0.096875 0.10546875
0 0.92890625 0.0828125 0.05078125 0.02421875
0 0.56875 0.4203125 0.046875 0.078125
0 0.859375 0.61875 0.071875 0.09375
0 0.61875 0.41875 0.05078125 0.08359375
0 0.721875 0.421875 0.040625 0.07421875
0 0.76875 0.52109375 0.05625 0.065625
0 0.82265625 0.521875 0.05 0.06796875
0 0.01484375 0.6109375 0.028125 0.05390625
0 0.0453125 0.61171875 0.02890625 0.053125
0 0.07734375 0.60546875 0.03671875 0.06640625
0 0.11484375 0.6125 0.03046875 0.05234375
0 0.15546875 0.31640625 0.0546875 0.0890625
0 0.1984375 0.62890625 0.0828125 0.090625
0 0.35234375 0.61796875 0.0609375 0.09765625
0 0.42109375 0.6203125 0.06796875 0.09609375
0 0.49375 0.6203125 0.0796875 0.09609375
0 0.57421875 0.61875 0.07734375 0.09765625
0 0.65 0.61875 0.071875 0.09765625
0 0.721875 0.621875 0.06875 0.1015625
0 0.28046875 0.61953125 0.06796875 0.10234375
0 0.715625 0.52109375 0.046875 0.06796875
0 0.62578125 0.52265625 0.03984375 0.06875
0 0.5828125 0.51796875 0.04296875 0.0765625
0 0.76640625 0.41953125 0.04296875 0.08125
0 0.8125 0.41875 0.04609375 0.08515625
0 0.8625 0.41796875 0.053125 0.08515625
0 0.9140625 0.415625 0.04765625 0.0828125
0 0.96328125 0.415625 0.046875 0.0828125
0 0.0203125 0.50703125 0.034375 0.078125
0 0.053125 0.50546875 0.02578125 0.078125
0 0.08359375 0.509375 0.0375 0.07109375
0 0.25 0.51875 0.04296875 0.07578125
0 0.2921875 0.51796875 0.04140625 0.0765625
0 0.33359375 0.51796875 0.0375 0.0765625
0 0.37421875 0.5171875 0.0453125 0.07890625
0 0.42109375 0.5171875 0.0421875 0.0765625
0 0.465625 0.5171875 0.0453125 0.0765625
0 0.5375 0.51875 0.04609375 0.07265625
0 0.67421875 0.41796875 0.053125 0.08515625
0 0.09921875 0.30234375 0.0453125 0.0515625