0 0.89609375 0.86484375 0.0390625 0.04375
0 0.978125 0.6859375 0.04375 0.04921875
0 0.93359375 0.68046875 0.03671875 0.04609375
0 0.890625 0.6703125 0.0359375 0.05
0 0.85 0.66484375 0.0328125 0.0453125
0 0.81015625 0.66328125 0.02890625 0.04375
0 0.98828125 0.61796875 0.0234375 0.0390625
0 0.9484375 0.6046875 0.03671875 0.04765625
0 0.903125 0.60703125 0.03203125 0.03984375
0 0.934375 0.54140625 0.04140625 0.0359375
0 0.8078125 0.596875 0.0375 0.03359375
0 0.97890625 0.54609375 0.04140625 0.0359375
0 0.80546875 0.7234375 0.0375 0.0453125
0 0.8890625 0.5375 0.0328125 0.034375
0 0.84453125 0.5390625 0.03828125 0.03203125
0 0.79921875 0.5296875 0.0375 0.0375
0 0.98671875 0.47265625 0.025 0.0390625
0 0.85703125 0.60078125 0.04609375 0.0453125
0 0.85546875 0.73125 0.03828125 0.04296875
0 0.89453125 0.74296875 0.03203125 0.0484375
0 0.93359375 0.74609375 0.0328125 0.05234375
0 0.9390625 0.88203125 0.03125 0.05
0 0.97890625 0.8890625 0.04140625 0.0453125
0 0.009375 0.3203125 0.01875 0.0625
0 0.04296875 0.325 0.02890625 0.065625
0 0.0890625 0.31015625 0.04296875 0.03125
0 0.10625 0.35703125 0.03828125 0.03125
0 0.14765625 0.27109375 0.02265625 0.05703125
0 0.14453125 0.3296875 0.028125 0.04453125
0 0.81015625 0.846875 0.034375 0.0453125
0 0.24453125 0.334375 0.0328125 0.0640625
0 0.2765625 0.3390625 0.02734375 0.0703125
0 0.85 0.85546875 0.0453125 0.046875
0 0.30859375 0.33359375 0.03046875 0.078125
0 0.378125 0.33671875 0.03359375 0.08203125
0 0.4140625 0.3390625 0.03359375 0.0828125
0 0.4609375 0.3390625 0.04453125 0.084375
0 0.50625 0.34296875 0.0375 0.084375
0 0.55546875 0.34375 0.04296875 0.0890625
0 0.63125 0.36953125 0.0796875 0.040625
0 0.71328125 0.3765625 0.0609375 0.0390625
0 0.9453125 0.81875 0.05625 0.0453125
0 0.89609375 0.80625 0.034375 0.0515625
0 0.8515625 0.8015625 0.04375 0.0515625
0 0.9765625 0.75625 0.04453125 0.0421875
0 0.34140625 0.33515625 0.0265625 0.078125
0 0.19375 0.33671875 0.03671875 0.06953125
0 0.12734375 0.1375 0.02734375 0.0359375
0 0.89453125 0.47421875 0.04375 0.03046875
0 0.21953125 0.215625 0.03984375 0.103125
0 0.18515625 0.22109375 0.02421875 0.090625
0 0.1453125 0.20625 0.03359375 0.0484375
0 0.08671875 0.2375 0.021875 0.065625
0 0.0640625 0.23671875 0.01328125 0.0625
0 0.0375 0.2390625 0.0296875 0.0609375
0 0.01015625 0.23671875 0.01953125 0.06171875
0 0.9359375 0.025 0.053125 0.05
0 0.87890625 0.03125 0.053125 0.06171875
0 0.75703125 0.04140625 0.03359375 0.0734375
0 0.65 0.05078125 0.0765625 0.09453125
0 0.575 0.06328125 0.0578125 0.090625
0 0.25546875 0.2171875 0.03046875 0.09765625
0 0.5125 0.071875 0.05390625 0.08671875
0 0.39140625 0.08828125 0.05234375 0.0796875
0 0.31953125 0.1265625 0.02734375 0.01875
0 0.2796875 0.115625 0.0375 0.05
0 0.23203125 0.08828125 0.04453125 0.1109375
0 0.00625 0.39375 0.0125 0.0375
0 0.16875 0.128125 0.05625 0.04375
0 0.09296875 0.0796875 0.04296875 0.0421875
0 0.08125 0.1390625 0.04140625 0.053125
0 0.02890625 0.1515625 0.03359375 0.0296875
0 0.03359375 0.1203125 0.04296875 0.02265625
0 0.03671875 0.09375 0.05234375 0.02265625
0 0.04140625 0.06875 0.05 0.021875
0 0.44765625 0.08203125 0.05546875 0.0828125
0 0.93984375 0.471875 0.040625 0.03515625
0 0.2890625 0.21484375 0.02890625 0.09921875
0 0.35859375 0.2109375 0.03203125 0.103125
0 0.85 0.4671875 0.03984375 0.02578125
0 0.796875 0.46875 0.0359375 0.028125
0 0.9859375 0.4015625 0.02734375 0.03671875
0 0.94453125 0.3953125 0.0421875 0.03125
0 0.89765625 0.39375 0.04140625 0.0359375
0 0.85234375 0.39765625 0.0375 0.03046875
0 0.80078125 0.3921875 0.040625 0.03203125
0 0.98203125 0.315625 0.0359375 0.03046875
0 0.92890625 0.3125 0.05234375 0.0359375
0 0.87265625 0.315625 0.04921875 0.03125
0 0.82265625 0.31640625 0.03984375 0.0359375
0 0.96484375 0.2296875 0.05 0.03671875
0 0.321875 0.2140625 0.02734375 0.1046875
0 0.8765625 0.23515625 0.06484375 0.03125
0 0.96953125 0.1390625 0.0515625 0.03984375
0 0.9171875 0.14609375 0.028125 0.0359375
0 0.87109375 0.1453125 0.05078125 0.04609375
0 0.815625 0.153125 0.0359375 0.0421875
0 0.74296875 0.190625 0.0625 0.1171875
0 0.68515625 0.1984375 0.04140625 0.11484375
0 0.6390625 0.19921875 0.04296875 0.10625
0 0.59375 0.203125 0.03359375 0.10546875
0 0.55234375 0.20390625 0.04453125 0.103125
0 0.475 0.203125 0.0484375 0.1140625
0 0.428125 0.203125 0.03203125 0.115625
0 0.39140625 0.20625 0.02890625 0.109375
0 0.815625 0.23828125 0.03671875 0.03125
0 0.02421875 0.396875 0.02109375 0.04375
0 0.71875 0.04453125 0.034375 0.0859375
0 0.709375 0.8921875 0.06953125 0.06328125
0 0.0734375 0.59375 0.02109375 0.0296875
0 0.7140625 0.825 0.07109375 0.05390625
0 0.08046875 0.66875 0.03125 0.0390625
0 0.04375 0.66015625 0.0296875 0.04375
0 0.01171875 0.640625 0.0234375 0.046875
0 0.709375 0.63125 0.08125 0.07734375
0 0.62109375 0.61171875 0.075 0.0703125
0 0.53984375 0.5984375 0.07578125 0.06640625
0 0.46953125 0.5859375 0.06171875 0.0578125
0 0.39921875 0.58125 0.06328125 0.0515625
0 0.3359375 0.56875 0.05546875 0.04921875
0 0.4171875 0.525 0.0765625 0.05390625
0 0.34296875 0.5140625 0.0578125 0.0546875
0 0.290625 0.5578125 0.03359375 0.046875
0 0.25234375 0.55 0.02734375 0.04921875
0 0.63125 0.85703125 0.07265625 0.0484375
0 0.63515625 0.7921875 0.071875 0.0609375
0 0.54453125 0.71953125 0.053125 0.053125
0 0.54921875 0.8265625 0.07421875 0.06640625
0 0.24765625 0.72578125 0.04296875 0.046875
0 0.115625 0.68046875 0.0234375 0.0390625
0 0.2140625 0.6640625 0.0609375 0.03984375
0 0.15546875 0.65546875 0.03046875 0.0375
0 0.1125 0.6375 0.03359375 0.034375
0 0.2140625 0.615625 0.07265625 0.046875
0 0.1515625 0.60703125 0.0390625 0.0453125
0 0.20078125 0.709375 0.03828125 0.034375
0 0.1109375 0.5953125 0.03515625 0.040625
0 0.3515625 0.66484375 0.059375 0.05234375
0 0.35078125 0.71484375 0.05390625 0.04140625
0 0.3484375 0.76015625 0.04453125 0.0421875
0 0.41953125 0.7328125 0.06875 0.0484375
0 0.4078125 0.784375 0.0578125 0.04296875
0 0.42578125 0.67734375 0.06796875 0.04921875
0 0.475 0.8 0.0609375 0.06953125
0 0.2953125 0.73984375 0.0484375 0.05234375
0 0.28671875 0.50625 0.03125 0.0484375
0 0.2203125 0.54453125 0.03359375 0.0453125
0 0.08203125 0.46875 0.03359375 0.04140625
0 0.05 0.46484375 0.0265625 0.046875
0 0.0859375 0.51484375 0.03671875 0.0375
0 0.0484375 0.5109375 0.02421875 0.03671875
0 0.02265625 0.50703125 0.02109375 0.04375
0 0.71875 0.475 0.07109375 0.059375
0 0.64375 0.46796875 0.06875 0.0546875
0 0.5671875 0.4609375 0.06484375 0.05078125
0 0.51328125 0.45 0.0359375 0.06015625
0 0.46875 0.4453125 0.0453125 0.0546875
0 0.41640625 0.440625 0.03828125 0.0578125
0 0.3734375 0.43515625 0.0328125 0.053125
0 0.3359375 0.43359375 0.03203125 0.053125
0 0.30078125 0.43125 0.03515625 0.0484375
0 0.2625 0.42578125 0.03515625 0.0546875
0 0.22734375 0.41875 0.03046875 0.0546875
0 0.1921875 0.4125 0.0328125 0.05078125
0 0.15625 0.41328125 0.01875 0.0484375
0 0.13125 0.4125 0.02265625 0.04375
0 0.103125 0.41015625 0.02265625 0.0515625
0 0.0765625 0.40625 0.02265625 0.046875
0 0.0515625 0.40390625 0.01796875 0.0453125
0 0.12578125 0.521875 0.0296875 0.046875
0 0.15703125 0.53125 0.028125 0.0453125
0 0.15078125 0.696875 0.03203125 0.0375
0 0.71640625 0.7578125 0.07890625 0.06484375
0 0.1890625 0.534375 0.0265625 0.04375