0 0.16875 0.6734375 0.06484375 0.09921875
0 0.5921875 0.24140625 0.04375 0.078125
0 0.6359375 0.2421875 0.0359375 0.07890625
0 0.67109375 0.2453125 0.0296875 0.075
0 0.71796875 0.24296875 0.040625 0.0796875
0 0.665625 0.121875 0.040625 0.08203125
0 0.615625 0.1203125 0.04921875 0.0796875
0 0.56015625 0.11875 0.0359375 0.08125
0 0.8390625 0.31015625 0.02890625 0.078125
0 0.8484375 0.209375 0.02109375 0.06328125
0 0.8765625 0.21015625 0.02890625 0.06640625
0 0.53046875 0.2375 0.03828125 0.0796875
0 0.4921875 0.23359375 0.02734375 0.09453125
0 0.4578125 0.2296875 0.03671875 0.1015625
0 0.41328125 0.2265625 0.04296875 0.10234375
0 0.15859375 0.4125 0.06171875 0.1109375
0 0.0890625 0.415625 0.0625 0.109375
0 0.02578125 0.41796875 0.0515625 0.1078125
0 0.71796875 0.35078125 0.04140625 0.07734375
0 0.67578125 0.353125 0.0390625 0.08046875
0 0.63203125 0.353125 0.046875 0.07890625
0 0.58828125 0.3515625 0.03828125 0.0828125
0 0.54765625 0.35078125 0.03984375 0.07734375
0 0.5078125 0.35234375 0.0375 0.08203125
0 0.46484375 0.35234375 0.0453125 0.08203125
0 0.41953125 0.3515625 0.0375 0.08046875
0 0.37734375 0.35234375 0.04296875 0.08125
0 0.33125 0.353125 0.04375 0.0890625
0 0.13984375 0.26953125 0.06171875 0.11484375
0 0.20859375 0.28046875 0.0640625 0.1203125
0 0.321875 0.2328125 0.0328125 0.096875
0 0.3640625 0.22734375 0.0484375 0.10546875
0 0.9328125 0.209375 0.04375 0.0609375
0 0.965625 0.209375 0.02265625 0.0609375
0 0.96640625 0.121875 0.03125 0.06796875
0 0.87421875 0.11953125 0.03359375 0.06328125
0 0.02109375 0.125 0.0421875 0.09921875
0 0.075 0.121875 0.0578125 0.10390625
0 0.92578125 0.58203125 0.03515625 0.06328125
0 0.97109375 0.5890625 0.03828125 0.06484375
0 0.9703125 0.675 0.03515625 0.059375
0 0.940625 0.678125 0.02421875 0.0640625
0 0.9125 0.6859375 0.028125 0.06171875
0 0.87890625 0.690625 0.0359375 0.06640625
0 0.840625 0.6953125 0.03125 0.071875
0 0.97890625 0.76640625 0.03125 0.06015625
0 0.94375 0.7734375 0.03203125 0.0625
0 0.9078125 0.77421875 0.0328125 0.06328125
0 0.8734375 0.775 0.0359375 0.06640625
0 0.83671875 0.78125 0.03125 0.06171875
0 0.984375 0.83984375 0.03125 0.05234375
0 0.9546875 0.84140625 0.01953125 0.05390625
0 0.92421875 0.84609375 0.040625 0.05
0 0.90625 0.12109375 0.0265625 0.0671875
0 0.93515625 0.12109375 0.03046875 0.06640625
0 0.21640625 0.4140625 0.05234375 0.11015625
0 0.53515625 0.88046875 0.0453125 0.08203125
0 0.58515625 0.87421875 0.04921875 0.08671875
0 0.62734375 0.86875 0.03671875 0.08046875
0 0.990625 0.2125 0.01875 0.0640625
0 0.66953125 0.865625 0.04140625 0.08515625
0 0.51640625 0.11484375 0.04140625 0.0859375
0 0.4671875 0.115625 0.040625 0.090625
0 0.34921875 0.11875 0.0296875 0.06484375
0 0.3109375 0.10078125 0.02890625 0.05078125
0 0.8453125 0.8515625 0.0234375 0.0453125
0 0.8734375 0.84609375 0.03203125 0.03984375
0 0.821875 0.85859375 0.0203125 0.0484375
0 0.33203125 0.465625 0.028125 0.08515625
0 0.06328125 0.26953125 0.07421875 0.115625
0 0.4140625 0.46328125 0.0453125 0.0828125
0 0.9765625 0.49765625 0.03359375 0.06953125
0 0.94375 0.49765625 0.02578125 0.0765625
0 0.91015625 0.4953125 0.03515625 0.07890625
0 0.87421875 0.484375 0.03515625 0.05
0 0.83828125 0.4875 0.03125 0.0453125
0 0.69921875 0.746875 0.0359375 0.09140625
0 0.65625 0.753125 0.0421875 0.0828125
0 0.60546875 0.7359375 0.021875 0.059375
0 0.58515625 0.65546875 0.03828125 0.07421875
0 0.66953125 0.64921875 0.0390625 0.07421875
0 0.57109375 0.7578125 0.03984375 0.09765625
0 0.52734375 0.759375 0.0421875 0.0953125
0 0.871875 0.59765625 0.04609375 0.07734375
0 0.13671875 0.12421875 0.0609375 0.10625
0 0.196875 0.1265625 0.05625 0.103125
0 0.70859375 0.6453125 0.0375 0.06953125
0 0.36953125 0.45625 0.03046875 0.07421875
0 0.39296875 0.77421875 0.040625 0.1015625
0 0.3515625 0.778125 0.03671875 0.09609375
0 0.2265625 0.78984375 0.0640625 0.0984375
0 0.1640625 0.79609375 0.05625 0.11015625
0 0.103125 0.80234375 0.06328125 0.09765625
0 0.03671875 0.80703125 0.0625 0.11015625
0 0.91328125 0.40703125 0.02578125 0.06953125
0 0.0609375 0.9265625 0.06484375 0.0984375
0 0.18828125 0.909375 0.05703125 0.090625
0 0.25390625 0.9203125 0.05078125 0.07578125
0 0.35546875 0.86953125 0.03828125 0.04375
0 0.39765625 0.86171875 0.03671875 0.0453125
0 0.43203125 0.8578125 0.03046875 0.046875
0 0.46953125 0.85546875 0.03203125 0.04453125
0 0.1328125 0.91484375 0.05234375 0.09765625
0 0.43828125 0.76953125 0.040625 0.096875
0 0.94609375 0.40546875 0.034375 0.06796875
0 0.9703125 0.30859375 0.02890625 0.07265625
0 0.46171875 0.46328125 0.0421875 0.08125
0 0.50546875 0.4609375 0.03984375 0.08203125
0 0.54765625 0.46015625 0.046875 0.078125
0 0.59140625 0.45703125 0.03671875 0.078125
0 0.634375 0.45703125 0.04296875 0.075
0 0.67265625 0.45625 0.03359375 0.0765625
0 0.7125 0.45625 0.040625 0.0765625
0 0.69765625 0.55390625 0.046875 0.07265625
0 0.64375 0.546875 0.03671875 0.06953125
0 0.49609375 0.5625 0.03984375 0.071875
0 0.446875 0.54921875 0.0296875 0.06328125
0 0.41015625 0.5671875 0.0421875 0.078125
0 0.36640625 0.5703125 0.03984375 0.084375
0 0.22734375 0.55078125 0.059375 0.1078125
0 0.9796875 0.4046875 0.03046875 0.06796875
0 0.16171875 0.55234375 0.0609375 0.1125
0 0.0421875 0.68046875 0.0625 0.1
0 0.9921875 0.30859375 0.0140625 0.07578125
0 0.9359375 0.309375 0.02890625 0.0703125
0 0.9046875 0.3109375 0.03359375 0.071875
0 0.87109375 0.30859375 0.0328125 0.075
0 0.09140625 0.55390625 0.06875 0.1078125
0 0.428125 0.66875 0.03671875 0.0796875
0 0.48359375 0.76484375 0.0390625 0.10234375
0 0.3453125 0.678125 0.03359375 0.08125
0 0.2328125 0.66875 0.0453125 0.10390625
0 0.1046875 0.678125 0.0625 0.10703125
0 0.38671875 0.6734375 0.03984375 0.084375