0 0.42421875 0.32578125 0.05390625 0.08203125
0 0.6390625 0.5734375 0.03046875 0.0578125
0 0.1171875 0.4453125 0.0421875 0.08203125
0 0.1671875 0.44765625 0.053125 0.08125
0 0.22421875 0.46171875 0.040625 0.0546875
0 0.265625 0.46015625 0.0375 0.05546875
0 0.31796875 0.459375 0.04375 0.05625
0 0.36328125 0.46015625 0.0421875 0.0578125
0 0.4109375 0.45703125 0.034375 0.065625
0 0.7265625 0.55234375 0.0265625 0.08984375
0 0.45 0.45546875 0.03984375 0.0640625
0 0.49140625 0.453125 0.03671875 0.06328125
0 0.65 0.425 0.0390625 0.0296875
0 0.72109375 0.45234375 0.04296875 0.07265625
0 0.79375 0.43671875 0.05390625 0.1
0 0.8734375 0.4359375 0.09609375 0.10078125
0 0.96171875 0.4359375 0.07578125 0.1046875
0 0.01640625 0.5609375 0.0328125 0.084375
0 0.06484375 0.5609375 0.0515625 0.0828125
0 0.12265625 0.56328125 0.053125 0.08359375
0 0.18125 0.56328125 0.04921875 0.08046875
0 0.2390625 0.56171875 0.0546875 0.08046875
0 0.29609375 0.56015625 0.05 0.08359375
0 0.3609375 0.5546875 0.03671875 0.0640625
0 0.41015625 0.56640625 0.04921875 0.06328125
0 0.4625 0.5671875 0.0484375 0.06328125
0 0.51640625 0.56640625 0.05 0.0625
0 0.559375 0.57109375 0.0296875 0.05390625
0 0.59609375 0.56953125 0.03046875 0.05546875
0 0.6796875 0.5734375 0.03828125 0.05390625
0 0.76171875 0.553125 0.03515625 0.09140625
0 0.671875 0.2046875 0.0515625 0.084375
0 0.91328125 0.5625 0.0375 0.08203125
0 0.3015625 0.06171875 0.07265625 0.034375
0 0.30625 0.0296875 0.07421875 0.0203125
0 0.41796875 0.08046875 0.08203125 0.08046875
0 0.50625 0.1 0.08671875 0.0390625
0 0.60859375 0.10234375 0.0671875 0.03359375
0 0.60546875 0.06796875 0.07265625 0.0234375
0 0.70078125 0.09921875 0.0640625 0.03828125
0 0.77421875 0.10078125 0.07265625 0.03984375
0 0.75 0.06171875 0.08515625 0.02890625
0 0.83984375 0.08046875 0.0453125 0.07890625
0 0.90859375 0.0671875 0.08828125 0.10625
0 0.071875 0.2109375 0.0375 0.07890625
0 0.11328125 0.209375 0.03828125 0.0796875
0 0.1546875 0.21015625 0.0453125 0.07734375
0 0.1953125 0.20703125 0.03203125 0.08125
0 0.2359375 0.2015625 0.0390625 0.09453125
0 0.27421875 0.203125 0.03359375 0.0921875
0 0.3109375 0.10078125 0.08671875 0.04140625
0 0.2203125 0.10859375 0.05390625 0.02734375
0 0.16328125 0.1046875 0.0609375 0.03515625
0 0.0984375 0.08828125 0.0453125 0.06484375
0 0.96796875 0.765625 0.04296875 0.07109375
0 0.91953125 0.76015625 0.040625 0.09765625
0 0.865625 0.759375 0.04765625 0.09609375
0 0.8140625 0.75625 0.04296875 0.090625
0 0.76328125 0.7609375 0.05 0.09296875
0 0.7125 0.75546875 0.03515625 0.0890625
0 0.6765625 0.74765625 0.03125 0.0734375
0 0.640625 0.73828125 0.03203125 0.05703125
0 0.84296875 0.5609375 0.046875 0.08203125
0 0.59296875 0.76171875 0.040625 0.0953125
0 0.4203125 0.78359375 0.09453125 0.04140625
0 0.33125 0.7296875 0.0828125 0.0375
0 0.32421875 0.775 0.0765625 0.04609375
0 0.24765625 0.7828125 0.06328125 0.06171875
0 0.18359375 0.78125 0.05703125 0.05859375
0 0.0296875 0.78828125 0.0546875 0.05078125
0 0.10859375 0.79375 0.08125 0.03984375
0 0.0484375 0.0875 0.04765625 0.065625
0 0.51875 0.78515625 0.0953125 0.04375
0 0.353125 0.203125 0.03828125 0.09765625
0 0.31328125 0.2046875 0.04296875 0.096875
0 0.4359375 0.20234375 0.03203125 0.09609375
0 0.39375 0.203125 0.0421875 0.096875
0 0.11484375 0.73359375 0.075 0.0359375
0 0.94765625 0.65234375 0.0484375 0.059375
0 0.8625 0.67109375 0.11796875 0.06171875
0 0.6953125 0.66171875 0.06640625 0.0640625
0 0.52734375 0.65234375 0.0515625 0.07265625
0 0.4734375 0.65390625 0.05 0.07109375
0 0.42734375 0.634375 0.0390625 0.03984375
0 0.9765625 0.3125 0.046875 0.096875
0 0.36875 0.63671875 0.0328125 0.03515625
0 0.26875 0.659375 0.0515625 0.06640625
0 0.215625 0.66328125 0.04765625 0.06640625
0 0.165625 0.6609375 0.04609375 0.06328125
0 0.11328125 0.65625 0.04609375 0.06484375
0 0.065625 0.65703125 0.0453125 0.06484375
0 0.01875 0.65546875 0.0375 0.06640625
0 0.98828125 0.56328125 0.0234375 0.08125
0 0.95234375 0.56171875 0.0328125 0.08359375
0 0.31875 0.65625 0.046875 0.05859375
0 0.921875 0.3296875 0.065625 0.06796875
0 0.04921875 0.45 0.0578125 0.08671875
0 0.79609375 0.32578125 0.05859375 0.07578125
0 0.475 0.20234375 0.040625 0.0984375
0 0.5171875 0.2015625 0.03984375 0.09609375
0 0.734375 0.20859375 0.06171875 0.078125
0 0.8046875 0.190625 0.071875 0.1125
0 0.875 0.2109375 0.0578125 0.0734375
0 0.96875 0.2109375 0.05 0.06953125
0 0.8578125 0.3296875 0.05546875 0.06875
0 0.13125 0.3296875 0.0453125 0.07109375
0 0.18515625 0.32890625 0.05703125 0.07109375
0 0.0734375 0.3359375 0.05703125 0.06015625
0 0.24140625 0.328125 0.046875 0.071875
0 0.29375 0.32890625 0.053125 0.0734375
0 0.36796875 0.32578125 0.05546875 0.08203125
0 0.4921875 0.32890625 0.0625 0.0765625
0 0.64140625 0.33125 0.03125 0.05390625
0 0.675 0.325 0.03203125 0.06796875
0 0.73125 0.3140625 0.071875 0.09921875