0 0.5359375 0.10859375 0.040625 0.0921875
0 0.1984375 0.62421875 0.0390625 0.0296875
0 0.296875 0.5984375 0.04296875 0.0671875
0 0.34375 0.5953125 0.04609375 0.06328125
0 0.5109375 0.54765625 0.096875 0.0171875
0 0.5234375 0.59296875 0.0953125 0.05
0 0.59296875 0.57578125 0.0390625 0.07265625
0 0.62890625 0.571875 0.028125 0.07421875
0 0.68515625 0.57109375 0.078125 0.06796875
0 0.76953125 0.52890625 0.06484375 0.01953125
0 0.76796875 0.57109375 0.0640625 0.05859375
0 0.81953125 0.5765625 0.034375 0.0453125
0 0.85546875 0.559375 0.03203125 0.06328125
0 0.8921875 0.5625 0.0328125 0.05703125
0 0.93046875 0.5609375 0.03359375 0.05703125
0 0.1421875 0.59609375 0.04921875 0.0671875
0 0.01484375 0.7546875 0.02890625 0.06640625
0 0.11328125 0.75625 0.0453125 0.0703125
0 0.1703125 0.746875 0.04375 0.0734375
0 0.21640625 0.7390625 0.0453125 0.078125
0 0.2703125 0.7359375 0.06171875 0.0796875
0 0.484375 0.08984375 0.05703125 0.11953125
0 0.7671875 0.496875 0.03984375 0.03125
0 0.65234375 0.5 0.03828125 0.02421875
0 0.4828125 0.50390625 0.0375 0.0171875
0 0.56171875 0.50390625 0.02578125 0.021875
0 0.53359375 0.50546875 0.02890625 0.01953125
0 0.415625 0.5078125 0.08828125 0.01875
0 0.415625 0.48828125 0.0890625 0.01875
0 0.340625 0.49375 0.0625 0.0625
0 0.284375 0.5046875 0.021875 0.04765625
0 0.0609375 0.765625 0.046875 0.06875
0 0.08671875 0.61171875 0.059375 0.08046875
0 0.028125 0.61328125 0.05625 0.075
0 0.95078125 0.4921875 0.08515625 0.0203125
0 0.3296875 0.73359375 0.05390625 0.0734375
0 0.39765625 0.69296875 0.08203125 0.09921875
0 0.49921875 0.70390625 0.090625 0.05703125
0 0.48984375 0.6546875 0.09375 0.0375
0 0.59453125 0.70234375 0.059375 0.071875
0 0.65625 0.70546875 0.0390625 0.05859375
0 0.67578125 0.63671875 0.08203125 0.02578125
0 0.7609375 0.66328125 0.040625 0.0828125
0 0.8578125 0.68203125 0.03203125 0.0578125
0 0.88984375 0.68359375 0.028125 0.05390625
0 0.9234375 0.68046875 0.03046875 0.05
0 0.95 0.6796875 0.021875 0.05234375
0 0.97421875 0.67578125 0.02421875 0.05234375
0 0.01953125 0.95390625 0.0390625 0.08515625
0 0.06796875 0.8890625 0.03359375 0.109375
0 0.10703125 0.92578125 0.03828125 0.10703125
0 0.1421875 0.89609375 0.03046875 0.1015625
0 0.878125 0.48828125 0.046875 0.0296875
0 0.83828125 0.49375 0.03125 0.02265625
0 0.7984375 0.49375 0.0234375 0.034375
0 0.959375 0.8140625 0.06328125 0.05078125
0 0.821875 0.825 0.071875 0.0765625
0 0.75625 0.83828125 0.0609375 0.078125
0 0.259375 0.50859375 0.0265625 0.0453125
0 0.575 0.86875 0.0734375 0.07890625
0 0.37578125 0.8609375 0.075 0.121875
0 0.3203125 0.8828125 0.02734375 0.10546875
0 0.28671875 0.896875 0.03984375 0.10234375
0 0.2453125 0.875 0.025 0.10625
0 0.2125 0.9046875 0.03828125 0.10625
0 0.17265625 0.8765625 0.02578125 0.09453125
0 0.46875 0.85546875 0.09765625 0.08359375
0 0.23515625 0.5078125 0.01875 0.04453125
0 0.41953125 0.08984375 0.0484375 0.11171875
0 0.1515625 0.50078125 0.04609375 0.0625
0 0.7453125 0.27265625 0.0390625 0.07265625
0 0.80703125 0.271875 0.07734375 0.084375
0 0.90703125 0.28125 0.05 0.07578125
0 0.9453125 0.27890625 0.0234375 0.07421875
0 0.0421875 0.3515625 0.0484375 0.05390625
0 0.13125 0.35078125 0.1203125 0.046875
0 0.23671875 0.34921875 0.0859375 0.04453125
0 0.0421875 0.415625 0.05234375 0.06796875
0 0.10390625 0.415625 0.0546875 0.06875
0 0.1609375 0.4125 0.0546875 0.0703125
0 0.70078125 0.26953125 0.04375 0.08046875
0 0.23359375 0.4125 0.0859375 0.07421875
0 0.36484375 0.39609375 0.04921875 0.10234375
0 0.4140625 0.3984375 0.04453125 0.09921875
0 0.4625 0.390625 0.0484375 0.1140625
0 0.175 0.075 0.05 0.0984375
0 0.2171875 0.08515625 0.03203125 0.0828125
0 0.25546875 0.08671875 0.0390625 0.08515625
0 0.30703125 0.06953125 0.059375 0.021875
0 0.3078125 0.090625 0.06171875 0.01875
0 0.52109375 0.40546875 0.05546875 0.0828125
0 0.571875 0.4046875 0.040625 0.08515625
0 0.30859375 0.39765625 0.05078125 0.10390625
0 0.615625 0.4046875 0.0421875 0.08125
0 0.6546875 0.265625 0.046875 0.08203125
0 0.546875 0.25703125 0.0421875 0.09609375
0 0.44609375 0.2546875 0.0296875 0.0890625
0 0.41328125 0.25390625 0.0359375 0.0859375
0 0.3734375 0.24765625 0.03984375 0.090625
0 0.33359375 0.25 0.0390625 0.08984375
0 0.27890625 0.2609375 0.06953125 0.06484375
0 0.2015625 0.253125 0.08046875 0.07421875
0 0.13359375 0.253125 0.0515625 0.0703125
0 0.07890625 0.24140625 0.04609375 0.0921875
0 0.028125 0.25859375 0.046875 0.0578125
0 0.9578125 0.13984375 0.04296875 0.11171875
0 0.59296875 0.25390625 0.046875 0.09453125
0 0.88046875 0.1375 0.03515625 0.09375
0 0.7796875 0.13984375 0.03984375 0.07421875
0 0.73203125 0.1234375 0.040625 0.0921875
0 0.203125 0.51015625 0.0421875 0.04296875
0 0.68515625 0.12109375 0.0453125 0.09609375
0 0.63671875 0.1109375 0.046875 0.10703125
0 0.5 0.25859375 0.04921875 0.0921875
0 0.5859375 0.1140625 0.04765625 0.09140625
0 0.01640625 0.06015625 0.0328125 0.090625
0 0.06640625 0.06484375 0.0453125 0.1
0 0.12109375 0.06875 0.05625 0.10546875
0 0.8390625 0.13984375 0.03671875 0.07421875
0 0.30859375 0.109375 0.0609375 0.01875
0 0.31015625 0.12734375 0.05703125 0.015625
0 0.36640625 0.0859375 0.05546875 0.10234375
0 0.653125 0.4046875 0.0328125 0.0796875
0 0.803125 0.40625 0.0265625 0.07265625
0 0.83671875 0.39453125 0.03515625 0.10234375
0 0.87421875 0.4125 0.03515625 0.05703125
0 0.75625 0.36796875 0.0640625 0.090625
0 0.94765625 0.41796875 0.0328125 0.04765625
0 0.0453125 0.503125 0.04140625 0.0609375
0 0.1 0.5 0.05390625 0.065625
0 0.9125 0.4109375 0.03359375 0.053125