0 0.41796875 0.9515625 0.0703125 0.0390625
0 0.34453125 0.9515625 0.0671875 0.0390625
0 0.271875 0.95390625 0.07109375 0.03984375
0 0.5875 0.95078125 0.11171875 0.04453125
0 0.30859375 0.0828125 0.05390625 0.03828125
0 0.08671875 0.3 0.0921875 0.04453125
0 0.49140625 0.95234375 0.06640625 0.040625
0 0.171875 0.9515625 0.0859375 0.04375
0 0.41484375 0.9 0.06875 0.05703125
0 0.8265625 0.26875 0.10625 0.03984375
0 0.93671875 0.26796875 0.10625 0.040625
0 0.94296875 0.30703125 0.10625 0.0328125
0 0.82890625 0.30703125 0.11015625 0.0328125
0 0.7375 0.30390625 0.06015625 0.040625
0 0.671875 0.303125 0.0625 0.03984375
0 0.6046875 0.303125 0.05703125 0.04296875
0 0.48671875 0.89921875 0.06796875 0.05703125
0 0.540625 0.303125 0.0578125 0.04296875
0 0.0171875 0.9484375 0.034375 0.05234375
0 0.0859375 0.9015625 0.0765625 0.04375
0 0.18125 0.9046875 0.0890625 0.04453125
0 0.084375 0.95078125 0.071875 0.0421875
0 0.18984375 0.3 0.11171875 0.05
0 0.27109375 0.9 0.07109375 0.0578125
0 0.3421875 0.89765625 0.06875 0.06015625
0 0.4765625 0.30390625 0.0609375 0.04140625
0 0.1875 0.2453125 0.1140625 0.05390625
0 0.06015625 0.128125 0.09921875 0.0484375
0 0.1734375 0.171875 0.11875 0.034375
0 0.11875 0.084375 0.090625 0.03359375
0 0.0359375 0.08046875 0.06015625 0.04140625
0 0.88046875 0.08671875 0.0484375 0.03828125
0 0.834375 0.1734375 0.1 0.03515625
0 0.9421875 0.1765625 0.09296875 0.03203125
0 0.9375 0.1359375 0.1 0.03515625
0 0.7359375 0.17109375 0.06484375 0.040625
0 0.6703125 0.16953125 0.05859375 0.04140625
0 0.6015625 0.17109375 0.05625 0.03984375
0 0.53671875 0.17265625 0.0609375 0.03984375
0 0.4671875 0.17109375 0.0609375 0.040625
0 0.403125 0.171875 0.0578125 0.04296875
0 0.28125 0.30234375 0.0609375 0.04375
0 0.34765625 0.3015625 0.0578125 0.04453125
0 0.4109375 0.30390625 0.0625 0.040625
0 0.92109375 0.95546875 0.09921875 0.0375
0 0.8140625 0.953125 0.10234375 0.03828125
0 0.6984375 0.94765625 0.103125 0.04609375
0 0.225 0.08203125 0.09921875 0.03671875
0 0.91953125 0.89609375 0.09375 0.05703125
0 0.8109375 0.89921875 0.11171875 0.0609375
0 0.69296875 0.89453125 0.11171875 0.05625
0 0.578125 0.89453125 0.11015625 0.05703125
0 0.1734375 0.12890625 0.11796875 0.0484375
0 0.0578125 0.1703125 0.1046875 0.03125
0 0.08359375 0.24921875 0.0859375 0.04453125
0 0.83203125 0.13515625 0.0953125 0.0359375
0 0.11015625 0.4140625 0.0796875 0.03515625
0 0.4265625 0.08359375 0.0546875 0.03515625
0 0.88828125 0.5703125 0.05625 0.0390625
0 0.90078125 0.6203125 0.05546875 0.05078125
0 0.82421875 0.57265625 0.0640625 0.03984375
0 0.83203125 0.61875 0.06484375 0.04921875
0 0.753125 0.56796875 0.0515625 0.0359375
0 0.7640625 0.61328125 0.05390625 0.046875
0 0.6953125 0.57734375 0.05 0.03828125
0 0.70078125 0.62109375 0.0625 0.04375
0 0.62890625 0.5796875 0.07109375 0.04375
0 0.62734375 0.625 0.06484375 0.040625
0 0.54609375 0.58046875 0.071875 0.04453125
0 0.54921875 0.6234375 0.0671875 0.03671875
0 0.4765625 0.57109375 0.05859375 0.0453125
0 0.4140625 0.5703125 0.0578125 0.04453125
0 0.94921875 0.7921875 0.053125 0.0453125
0 0.5078125 0.7296875 0.05390625 0.0421875
0 0.45 0.7296875 0.053125 0.0390625
0 0.975 0.628125 0.04921875 0.04453125
0 0.3953125 0.728125 0.04765625 0.03984375
0 0.96640625 0.5796875 0.0671875 0.040625
0 0.78671875 0.52109375 0.06328125 0.04140625
0 0.20546875 0.62265625 0.07265625 0.03515625
0 0.1203125 0.62265625 0.0859375 0.03671875
0 0.0359375 0.621875 0.07109375 0.0421875
0 0.07421875 0.6625 0.053125 0.0203125
0 0.0578125 0.7203125 0.0796875 0.03984375
0 0.1359375 0.67890625 0.0625 0.03984375
0 0.20703125 0.69453125 0.0703125 0.0234375
0 0.12890625 0.72265625 0.05859375 0.0421875
0 0.1984375 0.728125 0.0734375 0.0390625
0 0.253125 0.51484375 0.05703125 0.0390625
0 0.32578125 0.515625 0.06640625 0.03671875
0 0.39296875 0.51484375 0.05703125 0.0390625
0 0.45703125 0.51484375 0.06328125 0.04453125
0 0.52109375 0.5171875 0.0515625 0.03984375
0 0.58203125 0.5171875 0.05078125 0.03984375
0 0.64140625 0.521875 0.05625 0.0375
0 0.71328125 0.51875 0.078125 0.03671875
0 0.859375 0.521875 0.07265625 0.0421875
0 0.1640625 0.5859375 0.09921875 0.02578125
0 0.3375 0.72578125 0.05625 0.04296875
0 0.27734375 0.67890625 0.05390625 0.0484375
0 0.66484375 0.125 0.05625 0.0453125
0 0.73515625 0.125 0.06328125 0.04609375
0 0.27109375 0.1703125 0.059375 0.04296875
0 0.33515625 0.16953125 0.0625 0.04140625
0 0.2796875 0.25546875 0.06171875 0.04453125
0 0.340625 0.25546875 0.0515625 0.0421875
0 0.4109375 0.25703125 0.05625 0.04453125
0 0.4734375 0.2578125 0.06015625 0.04296875
0 0.5375 0.25859375 0.05859375 0.04453125
0 0.6046875 0.25546875 0.06015625 0.0421875
0 0.66953125 0.2578125 0.06015625 0.04296875
0 0.978125 0.0875 0.0375 0.0375
0 0.7328125 0.25859375 0.059375 0.0421875
0 0.82734375 0.22578125 0.1 0.0375
0 0.93359375 0.225 0.10625 0.040625
0 0.77109375 0.08515625 0.04765625 0.0296875
0 0.8265625 0.08828125 0.05390625 0.0359375
0 0.6015625 0.12734375 0.0578125 0.0421875
0 0.275 0.72734375 0.053125 0.040625
0 0.53359375 0.12734375 0.0609375 0.0453125
0 0.35390625 0.571875 0.05625 0.05234375
0 0.33828125 0.67734375 0.05703125 0.0484375
0 0.396875 0.68203125 0.04921875 0.0515625
0 0.45078125 0.68046875 0.05390625 0.0515625
0 0.5078125 0.6796875 0.05 0.05390625
0 0.58828125 0.7328125 0.096875 0.03984375
0 0.58515625 0.678125 0.09765625 0.06015625
0 0.690625 0.73125 0.09296875 0.03984375
0 0.6921875 0.6828125 0.0953125 0.053125
0 0.79609375 0.72421875 0.0890625 0.06015625
0 0.77734375 0.66953125 0.0734375 0.03515625
0 0.90625 0.728125 0.09921875 0.05234375
0 0.89921875 0.67578125 0.1046875 0.046875
0 0.478125 0.61875 0.0578125 0.04453125
0 0.415625 0.61796875 0.05703125 0.04453125
0 0.35234375 0.61875 0.05625 0.0390625
0 0.28359375 0.6203125 0.0671875 0.03671875
0 0.28984375 0.56953125 0.0609375 0.05390625
0 0.46640625 0.12578125 0.05625 0.04453125
0 0.071875 0.584375 0.06171875 0.028125
0 0.01796875 0.575 0.03125 0.0390625
0 0.0171875 0.51875 0.034375 0.03671875
0 0.34609375 0.7828125 0.0578125 0.0515625
0 0.40859375 0.78671875 0.05546875 0.0515625
0 0.471875 0.7875 0.06015625 0.05234375
0 0.55703125 0.834375 0.09375 0.04140625
0 0.5546875 0.78515625 0.09921875 0.05390625
0 0.66015625 0.83828125 0.09453125 0.040625
0 0.65859375 0.7875 0.10078125 0.05
0 0.76171875 0.83984375 0.0984375 0.04140625
0 0.76171875 0.7890625 0.09375 0.0578125
0 0.86328125 0.84296875 0.090625 0.0390625
0 0.8640625 0.790625 0.09921875 0.053125
0 0.9453125 0.840625 0.053125 0.04296875
0 0.03125 0.3703125 0.05859375 0.03671875
0 0.1078125 0.384375 0.07890625 0.01953125
0 0.1921875 0.38125 0.08203125 0.01875
0 0.03203125 0.41171875 0.059375 0.0390625
0 0.19609375 0.41328125 0.0796875 0.0390625
0 0.284375 0.7828125 0.05703125 0.04921875
0 0.26796875 0.365625 0.05390625 0.0546875
0 0.2734375 0.834375 0.05703125 0.046875
0 0.40625 0.83515625 0.05703125 0.04296875
0 0.4875 0.0828125 0.0546875 0.03359375
0 0.5421875 0.084375 0.05 0.03671875
0 0.5984375 0.08515625 0.0546875 0.03515625
0 0.6546875 0.08359375 0.05 0.0328125
0 0.715625 0.08515625 0.05703125 0.03203125
0 0.2703125 0.125 0.0546875 0.0421875
0 0.33515625 0.12578125 0.06328125 0.04375
0 0.4 0.12734375 0.05234375 0.0421875
0 0.02109375 0.8890625 0.0421875 0.05
0 0.02890625 0.78125 0.05 0.046875
0 0.08359375 0.778125 0.034375 0.03671875
0 0.06484375 0.83203125 0.0703125 0.0484375
0 0.13671875 0.8359375 0.06796875 0.0421875
0 0.13671875 0.78359375 0.06328125 0.05546875
0 0.209375 0.8375 0.06484375 0.03671875
0 0.20703125 0.78359375 0.06484375 0.06171875
0 0.47421875 0.8359375 0.06171875 0.040625
0 0.340625 0.834375 0.05859375 0.04453125
0 0.33125 0.365625 0.0578125 0.05546875
0 0.396875 0.3671875 0.0609375 0.0515625
0 0.4578125 0.36796875 0.0546875 0.0515625
0 0.94921875 0.48203125 0.0984375 0.0359375
0 0.94921875 0.521875 0.1015625 0.0359375
0 0.8609375 0.471875 0.0640625 0.040625
0 0.7859375 0.4734375 0.07265625 0.04296875
0 0.709375 0.47421875 0.0734375 0.0421875
0 0.6421875 0.47890625 0.05390625 0.04453125
0 0.5859375 0.475 0.0515625 0.04453125
0 0.52734375 0.4703125 0.053125 0.04609375
0 0.4640625 0.46796875 0.059375 0.04453125
0 0.4015625 0.46875 0.05859375 0.04296875
0 0.3359375 0.46796875 0.06015625 0.04140625
0 0.27265625 0.46796875 0.05859375 0.04375
0 0.021875 0.48828125 0.0359375 0.0125
0 0.09375 0.4875 0.0921875 0.01328125
0 0.1828125 0.48671875 0.07890625 0.015625
0 0.17734375 0.51640625 0.07421875 0.03671875
0 0.090625 0.515625 0.0828125 0.0375
0 0.975 0.41484375 0.04921875 0.0359375
0 0.92265625 0.41484375 0.046875 0.0375
0 0.86953125 0.41484375 0.0453125 0.0375
0 0.8203125 0.41640625 0.04296875 0.0375
0 0.2671875 0.41328125 0.0484375 0.03671875
0 0.328125 0.41484375 0.06015625 0.0375
0 0.3890625 0.41484375 0.05625 0.03671875
0 0.4515625 0.415625 0.05625 0.03359375
0 0.52265625 0.37421875 0.05703125 0.04375
0 0.59296875 0.3734375 0.05859375 0.04296875
0 0.65703125 0.37265625 0.0578125 0.04140625
0 0.715625 0.37265625 0.04921875 0.04140625
0 0.3671875 0.0828125 0.053125 0.03828125
0 0.7671875 0.3765625 0.05078125 0.034375
0 0.86875 0.38203125 0.04765625 0.02890625
0 0.91953125 0.37421875 0.0484375 0.0390625
0 0.971875 0.37421875 0.04765625 0.0359375
0 0.525 0.41640625 0.06640625 0.03671875
0 0.59765625 0.41640625 0.06015625 0.03828125
0 0.6609375 0.41640625 0.05546875 0.040625
0 0.7203125 0.4171875 0.04765625 0.0390625
0 0.77109375 0.41640625 0.04765625 0.03671875
0 0.81875 0.3765625 0.04296875 0.0375
0 0.93125 0.08671875 0.04609375 0.03828125