0 0.0234375 0.328125 0.0296875 0.0609375
0 0.06953125 0.346875 0.0234375 0.06015625
0 0.1 0.346875 0.02890625 0.059375
0 0.13125 0.34609375 0.02734375 0.059375
0 0.94140625 0.2546875 0.0328125 0.04296875
0 0.55703125 0.225 0.03828125 0.0921875
0 0.85625 0.228125 0.03046875 0.0875
0 0.16171875 0.3484375 0.025 0.05859375
0 0.12265625 0.7703125 0.028125 0.08046875
0 0.08984375 0.7703125 0.0296875 0.07578125
0 0.04609375 0.78046875 0.028125 0.0625
0 0.896875 0.2296875 0.04375 0.090625
0 0.19453125 0.346875 0.034375 0.05859375
0 0.32109375 0.34609375 0.028125 0.06875
0 0.25703125 0.34296875 0.03046875 0.06953125
0 0.5203125 0.22421875 0.03671875 0.0890625
0 0.48515625 0.22265625 0.03203125 0.090625
0 0.45078125 0.22421875 0.03828125 0.0953125
0 0.35234375 0.221875 0.0390625 0.09140625
0 0.31328125 0.22109375 0.03671875 0.0875
0 0.27890625 0.21953125 0.03203125 0.0890625
0 0.24453125 0.221875 0.03515625 0.09140625
0 0.65234375 0.228125 0.03203125 0.0890625
0 0.175 0.21875 0.03828125 0.0921875
0 0.13515625 0.21640625 0.0359375 0.09296875
0 0.09375 0.2171875 0.0375 0.090625
0 0.059375 0.215625 0.02890625 0.09375
0 0.22578125 0.346875 0.025 0.05859375
0 0.93671875 0.1453125 0.0703125 0.01953125
0 0.68671875 0.228125 0.03671875 0.08828125
0 0.7203125 0.22734375 0.03046875 0.08828125
0 0.75390625 0.2296875 0.03046875 0.08515625
0 0.78828125 0.228125 0.03046875 0.0875
0 0.8234375 0.22890625 0.02890625 0.084375
0 0.47109375 0.34609375 0.02890625 0.071875
0 0.44296875 0.346875 0.0265625 0.07421875
0 0.4125 0.34609375 0.0265625 0.07265625
0 0.38125 0.34609375 0.0328125 0.07265625
0 0.35 0.34609375 0.03046875 0.06953125
0 0.61796875 0.22890625 0.0359375 0.0890625
0 0.2890625 0.34375 0.028125 0.071875
0 0.93828125 0.12578125 0.06484375 0.01953125
0 0.2109375 0.21875 0.02890625 0.0953125
0 0.63984375 0.7640625 0.0296875 0.0734375
0 0.54765625 0.76796875 0.028125 0.0765625
0 0.43984375 0.1 0.03359375 0.0921875
0 0.48203125 0.103125 0.02890625 0.08671875
0 0.51328125 0.10234375 0.03125 0.08828125
0 0.546875 0.1015625 0.03515625 0.08828125
0 0.584375 0.10546875 0.0328125 0.08203125
0 0.615625 0.1046875 0.03046875 0.0828125
0 0.40859375 0.0984375 0.0265625 0.09140625
0 0.6453125 0.11640625 0.02734375 0.06328125
0 0.7125 0.115625 0.028125 0.06640625
0 0.6703125 0.76484375 0.021875 0.07734375
0 0.69375 0.76015625 0.02578125 0.071875
0 0.72734375 0.76328125 0.02890625 0.07265625
0 0.7578125 0.765625 0.025 0.07734375
0 0.7890625 0.7640625 0.02734375 0.07890625
0 0.68125 0.11484375 0.03046875 0.06171875
0 0.37265625 0.10546875 0.02734375 0.07734375
0 0.34453125 0.10625 0.028125 0.0734375
0 0.296875 0.1 0.03828125 0.09296875
0 0.5765625 0.67109375 0.02578125 0.0609375
0 0.92109375 0.7046875 0.04609375 0.05546875
0 0.0171875 0.7796875 0.0265625 0.06328125
0 0.0375 0.7078125 0.028125 0.02421875
0 0.07890625 0.1046875 0.02890625 0.065625
0 0.08515625 0.6875 0.02578125 0.0390625
0 0.11328125 0.6875 0.0296875 0.03671875
0 0.14609375 0.67421875 0.03671875 0.05859375
0 0.17890625 0.6765625 0.0265625 0.059375
0 0.20859375 0.67734375 0.028125 0.06015625
0 0.26328125 0.6734375 0.02890625 0.059375
0 0.11484375 0.09453125 0.0328125 0.0921875
0 0.14921875 0.0953125 0.0375 0.09375
0 0.1859375 0.09921875 0.034375 0.084375
0 0.24296875 0.10859375 0.0375 0.07109375
0 0.8203125 0.76171875 0.03046875 0.0765625
0 0.875 0.775 0.04140625 0.04921875
0 0.92109375 0.7734375 0.03984375 0.05
0 0.56171875 0.56640625 0.03359375 0.0765625
0 0.94375 0.08984375 0.0640625 0.0171875
0 0.9421875 0.1078125 0.07265625 0.01640625
0 0.496875 0.66953125 0.02734375 0.0609375
0 0.52265625 0.6703125 0.02578125 0.06171875
0 0.978125 0.63125 0.0375 0.0484375
0 0.90859375 0.63359375 0.0875 0.0515625
0 0.82734375 0.6671875 0.0234375 0.0625
0 0.8 0.66875 0.0265625 0.0609375
0 0.7734375 0.66875 0.02421875 0.06328125
0 0.75 0.67734375 0.025 0.04609375
0 0.7203125 0.66953125 0.02421875 0.05625
0 0.690625 0.66875 0.0328125 0.0609375
0 0.66015625 0.66875 0.025 0.0640625
0 0.634375 0.67109375 0.025 0.0609375
0 0.60546875 0.66953125 0.03203125 0.0625
0 0.7453125 0.1171875 0.0328125 0.06640625
0 0.965625 0.771875 0.03828125 0.05234375
0 0.4671875 0.671875 0.02734375 0.05703125
0 0.4109375 0.67265625 0.028125 0.059375
0 0.59453125 0.56484375 0.02734375 0.07265625
0 0.625 0.56328125 0.0328125 0.07421875
0 0.65703125 0.5640625 0.025 0.078125
0 0.68828125 0.56796875 0.03125 0.0734375
0 0.71640625 0.56640625 0.0234375 0.07578125
0 0.74765625 0.565625 0.034375 0.0796875
0 0.77890625 0.5640625 0.02421875 0.07734375
0 0.8140625 0.565625 0.02578125 0.07421875
0 0.8453125 0.56484375 0.03359375 0.075
0 0.915625 0.575 0.059375 0.0296875
0 0.975 0.5734375 0.05 0.03046875
0 0.29375 0.67265625 0.0265625 0.06015625
0 0.32578125 0.66953125 0.03203125 0.06015625
0 0.35234375 0.6703125 0.021875 0.0625
0 0.38046875 0.67265625 0.02890625 0.0578125
0 0.43828125 0.67265625 0.028125 0.059375
0 0.528125 0.56640625 0.0265625 0.071875
0 0.96875 0.7046875 0.0390625 0.05625
0 0.46796875 0.56640625 0.0296875 0.0734375
0 0.7109375 0.346875 0.021875 0.06796875
0 0.73671875 0.34765625 0.0296875 0.06640625
0 0.7640625 0.3484375 0.0203125 0.06796875
0 0.79765625 0.34921875 0.02734375 0.06875
0 0.825 0.3484375 0.028125 0.06796875
0 0.85859375 0.3484375 0.03125 0.06484375
0 0.93671875 0.33515625 0.040625 0.0296875
0 0.68125 0.34765625 0.0296875 0.0671875
0 0.98515625 0.3890625 0.02890625 0.03046875
0 0.90078125 0.3875 0.04296875 0.03125
0 0.04375 0.43515625 0.07890625 0.05703125
0 0.05703125 0.565625 0.1015625 0.20390625
0 0.1375 0.4734375 0.0328125 0.0609375
0 0.17265625 0.47421875 0.02890625 0.06171875
0 0.20234375 0.4734375 0.02421875 0.0609375
0 0.23203125 0.47421875 0.03203125 0.06171875
0 0.94765625 0.3890625 0.0484375 0.03046875
0 0.2625 0.47265625 0.0296875 0.06015625
0 0.64765625 0.34609375 0.03125 0.06796875
0 0.5921875 0.34765625 0.02734375 0.06953125
0 0.5171875 0.7671875 0.03125 0.07578125
0 0.48359375 0.76796875 0.0328125 0.0734375
0 0.4546875 0.765625 0.025 0.075
0 0.4234375 0.77578125 0.0265625 0.0609375
0 0.396875 0.775 0.0203125 0.0578125
0 0.36953125 0.7765625 0.0265625 0.0609375
0 0.3421875 0.77578125 0.01875 0.06015625
0 0.621875 0.34765625 0.021875 0.06953125
0 0.31015625 0.76875 0.03515625 0.07890625
0 0.2484375 0.76953125 0.03046875 0.08203125
0 0.215625 0.76953125 0.02578125 0.08046875
0 0.1890625 0.7703125 0.02890625 0.08046875
0 0.15546875 0.76953125 0.0296875 0.0828125
0 0.5015625 0.346875 0.02578125 0.06796875
0 0.53046875 0.346875 0.03203125 0.0671875
0 0.56171875 0.34765625 0.0296875 0.06875
0 0.28046875 0.7671875 0.0265625 0.08125
0 0.4984375 0.56640625 0.028125 0.0734375
0 0.29453125 0.47421875 0.0296875 0.0609375
0 0.35234375 0.475 0.0296875 0.059375
0 0.43515625 0.5671875 0.02890625 0.07265625
0 0.40234375 0.5640625 0.02265625 0.075
0 0.3734375 0.56640625 0.0296875 0.0765625
0 0.34140625 0.56640625 0.025 0.07734375
0 0.30859375 0.5671875 0.03203125 0.07890625
0 0.2765625 0.5640625 0.02265625 0.08046875
0 0.246875 0.56640625 0.03203125 0.08359375
0 0.2109375 0.5671875 0.02421875 0.0796875
0 0.17734375 0.56796875 0.03828125 0.07734375
0 0.1421875 0.56796875 0.02421875 0.07734375
0 0.91796875 0.5203125 0.06796875 0.03046875
0 0.90859375 0.45625 0.05703125 0.01953125
0 0.32265625 0.475 0.02265625 0.0625
0 0.97421875 0.4296875 0.04375 0.02109375
0 0.9203125 0.42890625 0.05078125 0.0234375
0 0.971875 0.459375 0.05078125 0.021875
0 0.8265625 0.46796875 0.03046875 0.0734375
0 0.38046875 0.4703125 0.0265625 0.0578125
0 0.409375 0.4734375 0.02890625 0.059375
0 0.44140625 0.46640625 0.03359375 0.06953125
0 0.475 0.46640625 0.03203125 0.06953125
0 0.86015625 0.46796875 0.03359375 0.0734375
0 0.53671875 0.46875 0.03203125 0.071875
0 0.56875 0.46640625 0.02734375 0.07265625
0 0.5046875 0.4671875 0.02734375 0.0734375
0 0.63125 0.46953125 0.0359375 0.0703125
0 0.66484375 0.4703125 0.02734375 0.07421875
0 0.69609375 0.46875 0.034375 0.07734375
0 0.72890625 0.465625 0.0265625 0.07734375
0 0.76015625 0.46875 0.03359375 0.07109375
0 0.79296875 0.46875 0.02734375 0.07421875
0 0.5984375 0.46484375 0.02578125 0.07421875
0 0.55078125 0.66953125 0.02578125 0.0609375