0 0.059375 0.8546875 0.05390625 0.10625
0 0.78984375 0.11171875 0.053125 0.1484375
0 0.484375 0.721875 0.04140625 0.075
0 0.43828125 0.709375 0.04296875 0.0953125
0 0.39375 0.70390625 0.0453125 0.0390625
0 0.3953125 0.740625 0.04296875 0.0359375
0 0.85234375 0.1140625 0.07109375 0.15078125
0 0.91640625 0.11796875 0.06015625 0.14296875
0 0.975 0.11640625 0.05 0.1484375
0 0.03671875 0.3625 0.0671875 0.271875
0 0.53984375 0.7390625 0.06953125 0.04140625
0 0.08671875 0.36640625 0.03515625 0.265625
0 0.25 0.29921875 0.09609375 0.125
0 0.33671875 0.30078125 0.08046875 0.128125
0 0.42109375 0.31171875 0.08671875 0.146875
0 0.52265625 0.29921875 0.10703125 0.11484375
0 0.634375 0.29375 0.12265625 0.1109375
0 0.2890625 0.446875 0.0578125 0.096875
0 0.38984375 0.4375 0.08828125 0.07578125
0 0.51171875 0.4296875 0.12578125 0.06640625
0 0.646875 0.425 0.14140625 0.0765625
0 0.16953125 0.31015625 0.06171875 0.1484375
0 0.7796875 0.28671875 0.0515625 0.1328125
0 0.6140625 0.7203125 0.04609375 0.06015625
0 0.70625 0.725 0.04609375 0.0546875
0 0.20703125 0.09453125 0.04765625 0.12578125
0 0.25703125 0.0875 0.04921875 0.14765625
0 0.30625 0.09921875 0.04765625 0.1234375
0 0.359375 0.11015625 0.0546875 0.1015625
0 0.4234375 0.1109375 0.06640625 0.10625
0 0.4859375 0.11328125 0.0578125 0.1015625
0 0.540625 0.0984375 0.0453125 0.1375
0 0.5890625 0.10234375 0.04921875 0.1296875
0 0.6328125 0.10390625 0.0390625 0.13125
0 0.6578125 0.7203125 0.04140625 0.0578125
0 0.70078125 0.1265625 0.09296875 0.0828125
0 0.21640625 0.85078125 0.04453125 0.1109375
0 0.1625 0.85546875 0.06328125 0.1
0 0.109375 0.8578125 0.0453125 0.1015625
0 0.815625 0.434375 0.0515625 0.1109375
0 0.9515625 0.715625 0.0546875 0.11484375
0 0.909375 0.72265625 0.03046875 0.103125
0 0.8640625 0.721875 0.06171875 0.10234375
0 0.81171875 0.73046875 0.040625 0.08984375
0 0.75390625 0.73125 0.03984375 0.0875
0 0.2640625 0.8484375 0.04921875 0.109375
0 0.83046875 0.290625 0.05 0.125
0 0.878125 0.2890625 0.04765625 0.1234375
0 0.9328125 0.2875 0.06171875 0.12578125
0 0.090625 0.6078125 0.05234375 0.0578125
0 0.03046875 0.6125 0.0609375 0.046875
0 0.96015625 0.58046875 0.05859375 0.09765625
0 0.90703125 0.57890625 0.046875 0.10546875
0 0.86328125 0.57890625 0.03984375 0.1046875
0 0.80625 0.5859375 0.05546875 0.09140625
0 0.72890625 0.5234375 0.08203125 0.0234375
0 0.634375 0.521875 0.07265625 0.034375
0 0.5625 0.51640625 0.0703125 0.04375
0 0.13984375 0.60703125 0.04765625 0.05625
0 0.49609375 0.515625 0.0671875 0.04375
0 0.39140625 0.5109375 0.046875 0.05859375
0 0.34375 0.51171875 0.046875 0.05703125
0 0.28125 0.52265625 0.0796875 0.0390625
0 0.19921875 0.521875 0.08359375 0.040625
0 0.11640625 0.52265625 0.07421875 0.0421875
0 0.040625 0.521875 0.07734375 0.0421875
0 0.96953125 0.43203125 0.05859375 0.11484375
0 0.915625 0.43046875 0.0484375 0.1171875
0 0.86328125 0.434375 0.04140625 0.109375
0 0.4375 0.5109375 0.04765625 0.05859375
0 0.18984375 0.60703125 0.05 0.05625
0 0.240625 0.61484375 0.05078125 0.0375
0 0.2875 0.61328125 0.04453125 0.0421875
0 0.34921875 0.7078125 0.0390625 0.109375
0 0.2984375 0.6859375 0.05859375 0.03203125
0 0.3015625 0.715625 0.05703125 0.028125
0 0.296875 0.74453125 0.05859375 0.0265625
0 0.22890625 0.6984375 0.0734375 0.04375
0 0.2296875 0.740625 0.071875 0.0390625
0 0.15390625 0.7390625 0.071875 0.0484375
0 0.0828125 0.69140625 0.0640625 0.03125
0 0.08359375 0.7203125 0.06796875 0.028125
0 0.0796875 0.75 0.07421875 0.03125
0 0.021875 0.7203125 0.03984375 0.09140625
0 0.72890625 0.60546875 0.05078125 0.0546875
0 0.68046875 0.6015625 0.04609375 0.0609375
0 0.6421875 0.59609375 0.03046875 0.07578125
0 0.61015625 0.596875 0.03125 0.075
0 0.5703125 0.6109375 0.0453125 0.0453125
0 0.52578125 0.61015625 0.04453125 0.046875
0 0.478125 0.61171875 0.04765625 0.0421875
0 0.43203125 0.6109375 0.046875 0.0453125
0 0.38046875 0.6140625 0.05078125 0.0390625
0 0.3328125 0.6140625 0.0453125 0.040625
0 0.16328125 0.09765625 0.04140625 0.1203125
0 0.11328125 0.0984375 0.05546875 0.1203125
0 0.76640625 0.4328125 0.04765625 0.1171875
0 0.50703125 0.8375 0.07421875 0.12109375
0 0.3125 0.85078125 0.0484375 0.10625
0 0.3765625 0.846875 0.05390625 0.10234375
0 0.43671875 0.8375 0.06796875 0.1203125
0 0.5640625 0.84140625 0.0390625 0.1140625
0 0.60234375 0.840625 0.0390625 0.11171875
0 0.6453125 0.83984375 0.0453125 0.1125
0 0.69375 0.83828125 0.05390625 0.109375
0 0.78203125 0.86328125 0.03671875 0.096875
0 0.74375 0.86484375 0.0390625 0.0953125
0 0.85 0.865625 0.040625 0.09140625
0 0.8921875 0.8609375 0.0390625 0.1015625
0 0.9421875 0.8515625 0.06328125 0.1140625
0 0.05078125 0.09609375 0.06796875 0.1234375
0 0.815625 0.8625 0.03203125 0.096875