0 0.68828125 0.8265625 0.05546875 0.03203125
0 0.74609375 0.8234375 0.05625 0.03515625
0 0.6890625 0.86015625 0.05625 0.03203125
0 0.75625 0.86171875 0.0625 0.03671875
0 0.80859375 0.828125 0.03984375 0.04140625
0 0.98515625 0.8359375 0.0296875 0.0140625
0 0.9390625 0.81484375 0.0453125 0.0203125
0 0.028125 0.58359375 0.05625 0.0171875
0 0.02734375 0.60625 0.05078125 0.0234375
0 0.025 0.5234375 0.05 0.03828125
0 0.62578125 0.86484375 0.0578125 0.03359375
0 0.96328125 0.8578125 0.0671875 0.02890625
0 0.62734375 0.83046875 0.05625 0.0328125
0 0.6703125 0.4828125 0.0703125 0.03203125
0 0.559375 0.82109375 0.0578125 0.0203125
0 0.92109375 0.36171875 0.07734375 0.06796875
0 0.0875 0.4484375 0.059375 0.03359375
0 0.0875 0.4859375 0.06796875 0.0359375
0 0.16953125 0.44453125 0.05703125 0.0328125
0 0.1578125 0.48515625 0.06484375 0.03671875
0 0.23046875 0.4859375 0.07734375 0.03515625
0 0.23828125 0.4453125 0.0671875 0.034375
0 0.30546875 0.4484375 0.06171875 0.03359375
0 0.3 0.48515625 0.06328125 0.034375
0 0.3703125 0.48359375 0.07578125 0.0375
0 0.44609375 0.48203125 0.06953125 0.040625
0 0.3765625 0.44453125 0.05859375 0.0375
0 0.4484375 0.44453125 0.06875 0.034375
0 0.5140625 0.44140625 0.05234375 0.03671875
0 0.57890625 0.44375 0.06171875 0.03203125
0 0.52421875 0.48203125 0.06484375 0.0390625
0 0.5921875 0.48203125 0.071875 0.03828125
0 0.509375 0.5421875 0.06796875 0.034375
0 0.428125 0.58125 0.06171875 0.03125
0 0.43046875 0.54609375 0.0625 0.03671875
0 0.3578125 0.57578125 0.0671875 0.034375
0 0.35859375 0.53671875 0.06171875 0.0328125
0 0.2578125 0.56640625 0.0765625 0.0453125
0 0.8328125 0.3609375 0.10078125 0.07265625
0 0.16953125 0.571875 0.065625 0.0296875
0 0.16796875 0.53984375 0.05859375 0.0296875
0 0.1046875 0.5390625 0.0640625 0.02578125
0 0.978125 0.51953125 0.04375 0.0578125
0 0.74375 0.4828125 0.071875 0.03515625
0 0.7328125 0.44609375 0.0671875 0.03203125
0 0.66171875 0.4484375 0.065625 0.03515625
0 0.10390625 0.57109375 0.05859375 0.03125
0 0.71484375 0.36484375 0.06640625 0.0671875
0 0.6453125 0.365625 0.075 0.0671875
0 0.5546875 0.37109375 0.05625 0.065625
0 0.0609375 0.265625 0.10859375 0.07109375
0 0.98359375 0.12421875 0.02734375 0.065625
0 0.8828125 0.11875 0.175 0.075
0 0.68359375 0.12265625 0.19453125 0.0734375
0 0.53828125 0.121875 0.075 0.0734375
0 0.4625 0.1234375 0.06875 0.07265625
0 0.23515625 0.26328125 0.06953125 0.0734375
0 0.35 0.134375 0.14609375 0.05546875
0 0.5640625 0.85234375 0.0578125 0.0328125
0 0.21484375 0.1359375 0.11484375 0.04375
0 0.2109375 0.08828125 0.11484375 0.0421875
0 0.2 0.0390625 0.11015625 0.0375
0 0.2015625 0.00859375 0.121875 0.0171875
0 0.0828125 0.11484375 0.13984375 0.08828125
0 0.34765625 0.0765625 0.14921875 0.0546875
0 0.57578125 0.54296875 0.06015625 0.0296875
0 0.31171875 0.265625 0.0828125 0.07109375
0 0.48671875 0.26328125 0.07890625 0.07265625
0 0.49140625 0.3671875 0.0703125 0.07265625
0 0.42109375 0.36796875 0.0703125 0.0703125
0 0.35390625 0.3671875 0.06484375 0.07265625
0 0.29453125 0.37109375 0.04296875 0.0703125
0 0.23359375 0.36953125 0.07890625 0.07421875
0 0.14765625 0.36796875 0.06953125 0.071875
0 0.3984375 0.26484375 0.08046875 0.07421875
0 0.07109375 0.36796875 0.078125 0.07421875
0 0.95 0.2765625 0.02421875 0.0421875
0 0.89765625 0.2609375 0.07734375 0.078125
0 0.82109375 0.2609375 0.0765625 0.078125
0 0.73984375 0.2625 0.08125 0.07890625
0 0.65234375 0.26171875 0.084375 0.078125
0 0.56875 0.2640625 0.08359375 0.075
0 0.98203125 0.275 0.0359375 0.0453125
0 0.5046875 0.5765625 0.05859375 0.03125
0 0.34765625 0.021875 0.15859375 0.0421875
0 0.03515625 0.67890625 0.06640625 0.0265625
0 0.63203125 0.76015625 0.07421875 0.0421875
0 0.7171875 0.76015625 0.0953125 0.04375
0 0.8125 0.71640625 0.08125 0.0296875
0 0.90078125 0.71328125 0.08828125 0.034375
0 0.81484375 0.76171875 0.08984375 0.04609375
0 0.8984375 0.7625 0.0796875 0.04375
0 0.971875 0.7484375 0.05546875 0.02421875
0 0.97421875 0.78125 0.0515625 0.03515625
0 0.0171875 0.8375 0.03359375 0.02734375
0 0.0171875 0.87265625 0.03046875 0.0328125
0 0.07265625 0.82890625 0.06015625 0.03359375
0 0.0625 0.8671875 0.05234375 0.03671875
0 0.13828125 0.8671875 0.07265625 0.040625
0 0.15546875 0.82421875 0.07734375 0.021875
0 0.25234375 0.83125 0.06171875 0.02265625
0 0.325 0.82109375 0.0578125 0.02578125
0 0.31953125 0.8609375 0.06328125 0.0375
0 0.38359375 0.8390625 0.05625 0.03046875
0 0.38125 0.8703125 0.05625 0.028125
0 0.43984375 0.81796875 0.053125 0.01953125
0 0.43828125 0.84375 0.04453125 0.028125
0 0.49375 0.83828125 0.04921875 0.0296875
0 0.5671875 0.57734375 0.06640625 0.03125
0 0.6765625 0.71328125 0.08828125 0.0265625
0 0.54921875 0.7421875 0.06171875 0.02578125
0 0.22890625 0.87109375 0.06171875 0.0421875
0 0.54765625 0.71328125 0.0515625 0.0296875
0 0.2734375 0.64765625 0.05234375 0.02421875
0 0.3453125 0.63359375 0.08125 0.03515625
0 0.425 0.63125 0.078125 0.0359375
0 0.1953125 0.6265625 0.05859375 0.0171875
0 0.3421875 0.66796875 0.07421875 0.03125
0 0.4203125 0.6671875 0.07734375 0.0296875
0 0.50078125 0.6265625 0.07265625 0.0265625
0 0.575 0.62734375 0.06640625 0.0265625
0 0.11015625 0.66640625 0.0578125 0.03359375
0 0.1171875 0.63125 0.06015625 0.0296875
0 0.4921875 0.74296875 0.04765625 0.02734375
0 0.271875 0.62421875 0.0625 0.01640625
0 0.19609375 0.65234375 0.046875 0.02890625
0 0.49296875 0.7140625 0.05703125 0.02734375
0 0.43359375 0.75546875 0.05703125 0.03125
0 0.37578125 0.7578125 0.05625 0.02578125
0 0.371875 0.72890625 0.0578125 0.028125
0 0.50234375 0.6609375 0.07109375 0.03828125
0 0.31171875 0.7578125 0.06171875 0.03046875
0 0.25078125 0.7578125 0.05390625 0.03359375
0 0.57109375 0.66171875 0.06875 0.0359375
0 0.1359375 0.753125 0.06875 0.04140625
0 0.309375 0.71953125 0.0515625 0.03125
0 0.253125 0.7203125 0.05859375 0.028125
0 0.19609375 0.75234375 0.0515625 0.04140625