0 0.321875 0.26328125 0.07734375 0.01171875
0 0.4046875 0.23515625 0.07578125 0.015625
0 0.40390625 0.24921875 0.07734375 0.0140625
0 0.87109375 0.6296875 0.03359375 0.06796875
0 0.50703125 0.609375 0.084375 0.0140625
0 0.3234375 0.25 0.078125 0.0125
0 0.328125 0.4125 0.078125 0.01015625
0 0.65078125 0.23828125 0.08203125 0.01015625
0 0.6515625 0.2234375 0.0828125 0.01171875
0 0.56640625 0.2671875 0.078125 0.0125
0 0.56796875 0.25234375 0.07734375 0.01484375
0 0.56796875 0.2390625 0.0796875 0.01171875
0 0.56875 0.225 0.0828125 0.0140625
0 0.48515625 0.265625 0.08125 0.0140625
0 0.4828125 0.25 0.0796875 0.0125
0 0.4859375 0.23828125 0.078125 0.01171875
0 0.4859375 0.2234375 0.07578125 0.01328125
0 0.403125 0.26328125 0.08125 0.01171875
0 0.40546875 0.2203125 0.07734375 0.01171875
0 0.321875 0.234375 0.07734375 0.01171875
0 0.653125 0.11796875 0.08203125 0.0140625
0 0.240625 0.26328125 0.07890625 0.0140625
0 0.40625 0.13203125 0.075 0.01328125
0 0.40703125 0.146875 0.07734375 0.0125
0 0.40625 0.16171875 0.07890625 0.015625
0 0.48828125 0.11875 0.07734375 0.01484375
0 0.48671875 0.13359375 0.07734375 0.0140625
0 0.4875 0.14765625 0.078125 0.01171875
0 0.32734375 0.325 0.07734375 0.0125
0 0.4875 0.1625 0.07890625 0.0140625
0 0.5703125 0.11796875 0.0796875 0.015625
0 0.3265625 0.31015625 0.07578125 0.0140625
0 0.328125 0.2953125 0.078125 0.0125
0 0.246875 0.36640625 0.07890625 0.0125
0 0.24609375 0.3515625 0.07734375 0.0140625
0 0.32421875 0.21953125 0.0828125 0.01484375
0 0.246875 0.3375 0.078125 0.0125
0 0.2453125 0.309375 0.078125 0.0125
0 0.2453125 0.29453125 0.078125 0.0140625
0 0.64921875 0.26796875 0.078125 0.01328125
0 0.65 0.25234375 0.0828125 0.01484375
0 0.56953125 0.134375 0.0796875 0.0125
0 0.56953125 0.14609375 0.0796875 0.01171875
0 0.56953125 0.1609375 0.0796875 0.01328125
0 0.65234375 0.13359375 0.08125 0.0109375
0 0.6515625 0.146875 0.07890625 0.01328125
0 0.65 0.16171875 0.0796875 0.01171875
0 0.2421875 0.21875 0.08125 0.015625
0 0.240625 0.2328125 0.08125 0.0140625
0 0.2421875 0.2484375 0.08203125 0.01484375
0 0.2453125 0.3234375 0.078125 0.0125
0 0.3296875 0.42578125 0.078125 0.01484375
0 0.6640625 0.52890625 0.07265625 0.0109375
0 0.8015625 0.63046875 0.03828125 0.06953125
0 0.24453125 0.39765625 0.08046875 0.01484375
0 0.24609375 0.41171875 0.07890625 0.0109375
0 0.246875 0.42421875 0.075 0.0140625
0 0.246875 0.4390625 0.07890625 0.0140625
0 0.246875 0.45234375 0.07578125 0.01171875
0 0.2484375 0.46640625 0.08203125 0.01328125
0 0.32734375 0.39765625 0.0796875 0.01328125
0 0.33203125 0.58203125 0.0859375 0.0140625
0 0.33046875 0.5671875 0.08671875 0.0125
0 0.33125 0.5484375 0.07734375 0.01484375
0 0.33359375 0.53359375 0.0796875 0.015625
0 0.22734375 0.6515625 0.08984375 0.01484375
0 0.2265625 0.6359375 0.09140625 0.0140625
0 0.23203125 0.61796875 0.0859375 0.0140625
0 0.2359375 0.6 0.08515625 0.01484375
0 0.240625 0.58203125 0.08828125 0.01484375
0 0.2390625 0.565625 0.084375 0.01484375
0 0.2359375 0.5484375 0.08515625 0.015625
0 0.25234375 0.53203125 0.0765625 0.0140625
0 0.65 0.371875 0.0796875 0.015625
0 0.64921875 0.35625 0.07734375 0.0125
0 0.65 0.34375 0.07890625 0.0109375
0 0.65234375 0.33046875 0.0796875 0.0140625
0 0.5875 0.53125 0.08125 0.0109375
0 0.50859375 0.53125 0.07421875 0.0109375
0 0.5859375 0.51328125 0.06953125 0.01171875
0 0.5125 0.51328125 0.0734375 0.0125
0 0.58515625 0.50078125 0.06875 0.01015625
0 0.51015625 0.5015625 0.0703125 0.01015625
0 0.8390625 0.6296875 0.0296875 0.06796875
0 0.5125 0.48984375 0.07265625 0.0109375
0 0.4125 0.65078125 0.08828125 0.01640625
0 0.075 0.61953125 0.01875 0.01171875
0 0.409375 0.63515625 0.08828125 0.01484375
0 0.41640625 0.59921875 0.08359375 0.015625
0 0.41796875 0.58125 0.08359375 0.0140625
0 0.41953125 0.565625 0.0828125 0.0140625
0 0.41796875 0.54921875 0.08359375 0.0140625
0 0.42109375 0.53359375 0.08671875 0.0140625
0 0.3203125 0.65078125 0.090625 0.01328125
0 0.31875 0.634375 0.090625 0.0140625
0 0.325 0.6171875 0.0875 0.01640625
0 0.3265625 0.59921875 0.08828125 0.0140625
0 0.41328125 0.61796875 0.08359375 0.01640625
0 0.58359375 0.54296875 0.07421875 0.01171875
0 0.07734375 0.6078125 0.01640625 0.01171875
0 0.0828125 0.65234375 0.01875 0.0140625
0 0.565625 0.44453125 0.07890625 0.01171875
0 0.5671875 0.43046875 0.07890625 0.0125
0 0.5671875 0.415625 0.07890625 0.0140625
0 0.56953125 0.40234375 0.08046875 0.0125
0 0.48671875 0.4703125 0.07734375 0.01328125
0 0.4859375 0.45625 0.078125 0.0125
0 0.48828125 0.44296875 0.0796875 0.0109375
0 0.4875 0.4296875 0.075 0.0140625
0 0.48828125 0.41640625 0.07734375 0.0125
0 0.4875 0.403125 0.07890625 0.0140625
0 0.40859375 0.46796875 0.07421875 0.0125
0 0.4078125 0.45390625 0.075 0.0125
0 0.40859375 0.44140625 0.0734375 0.01328125
0 0.4109375 0.4265625 0.078125 0.01328125
0 0.40859375 0.4125 0.07734375 0.0125
0 0.40859375 0.39765625 0.0796875 0.0125
0 0.32890625 0.46796875 0.08125 0.01328125
0 0.32890625 0.4546875 0.07734375 0.01171875
0 0.32890625 0.440625 0.0796875 0.01015625
0 0.565625 0.4578125 0.0796875 0.0125
0 0.565625 0.471875 0.07578125 0.0109375
0 0.65 0.40390625 0.07890625 0.01171875
0 0.65 0.4171875 0.08203125 0.01171875
0 0.0796875 0.63515625 0.01953125 0.0140625
0 0.0609375 0.65078125 0.01953125 0.01328125
0 0.1359375 0.65234375 0.0875 0.0140625
0 0.13359375 0.63515625 0.09296875 0.0125
0 0.13671875 0.6125 0.0953125 0.0171875
0 0.1421875 0.59296875 0.09765625 0.01484375
0 0.15078125 0.578125 0.0859375 0.01015625
0 0.14375 0.56484375 0.09765625 0.0125
0 0.1546875 0.54140625 0.075 0.01640625
0 0.0796875 0.590625 0.01875 0.0171875
0 0.4265625 0.51484375 0.08125 0.0140625
0 0.428125 0.4984375 0.08125 0.0109375
0 0.34375 0.49765625 0.078125 0.015625
0 0.26171875 0.51328125 0.0734375 0.01171875
0 0.2625 0.4984375 0.07578125 0.01328125
0 0.171875 0.51953125 0.08125 0.01796875
0 0.646875 0.47265625 0.0796875 0.01328125
0 0.64609375 0.45859375 0.08125 0.0125
0 0.64765625 0.4453125 0.08125 0.01171875
0 0.646875 0.43125 0.07890625 0.0125
0 0.3375 0.51640625 0.07578125 0.01328125
0 0.596875 0.57578125 0.06953125 0.01796875
0 0.5859375 0.4890625 0.06875 0.01171875
0 0.5046875 0.5703125 0.07578125 0.015625
0 0.40859375 0.3265625 0.07734375 0.01171875
0 0.40859375 0.340625 0.0765625 0.0140625
0 0.409375 0.35546875 0.075 0.0125
0 0.409375 0.36796875 0.07890625 0.01015625
0 0.4890625 0.3 0.07890625 0.01328125
0 0.48984375 0.3140625 0.0765625 0.0125
0 0.48828125 0.328125 0.07734375 0.0125
0 0.48984375 0.34296875 0.0765625 0.01328125
0 0.40625 0.31171875 0.07578125 0.0140625
0 0.48828125 0.35546875 0.07734375 0.0109375
0 0.56953125 0.3 0.0796875 0.0140625
0 0.5703125 0.3140625 0.08203125 0.0125
0 0.56875 0.328125 0.07890625 0.0125
0 0.50625 0.55234375 0.078125 0.01328125
0 0.56953125 0.35703125 0.0796875 0.0140625
0 0.56953125 0.3703125 0.07734375 0.01171875
0 0.6546875 0.30234375 0.0859375 0.01171875
0 0.65234375 0.315625 0.08125 0.01328125
0 0.48984375 0.36796875 0.07734375 0.0125
0 0.50234375 0.63515625 0.08984375 0.01328125
0 0.40625 0.29609375 0.07578125 0.0140625
0 0.32734375 0.35234375 0.0765625 0.01171875
0 0.76171875 0.6296875 0.03515625 0.071875
0 0.69296875 0.6609375 0.096875 0.0125
0 0.69140625 0.64453125 0.0953125 0.0171875
0 0.68984375 0.6265625 0.09609375 0.0171875
0 0.684375 0.59140625 0.09453125 0.01640625
0 0.67109375 0.55859375 0.08359375 0.0140625
0 0.6640625 0.5421875 0.07890625 0.01171875
0 0.50390625 0.653125 0.08984375 0.015625
0 0.328125 0.36640625 0.07890625 0.0140625
0 0.40703125 0.1171875 0.07734375 0.0125
0 0.32734375 0.14609375 0.0796875 0.01328125
0 0.32734375 0.13203125 0.0796875 0.01171875
0 0.3265625 0.11796875 0.078125 0.01328125
0 0.246875 0.16015625 0.078125 0.01171875
0 0.24453125 0.146875 0.07578125 0.0125
0 0.24609375 0.13125 0.07734375 0.01484375
0 0.24765625 0.1171875 0.07421875 0.0125
0 0.32734375 0.3390625 0.07734375 0.0125
0 0.32734375 0.1609375 0.07734375 0.01484375
0 0.59375 0.64921875 0.0890625 0.01640625
0 0.56953125 0.3421875 0.07734375 0.0125
0 0.5046875 0.59375 0.0859375 0.0140625
0 0.59375 0.62578125 0.08828125 0.01484375
0 0.59453125 0.61015625 0.090625 0.01484375
0 0.59375 0.5921875 0.0859375 0.01328125