0 0.75078125 0.37734375 0.02421875 0.03125
0 0.73828125 0.42734375 0.02578125 0.05078125
0 0.77734375 0.42890625 0.025 0.05625
0 0.4296875 0.54921875 0.0421875 0.0140625
0 0.428125 0.534375 0.0421875 0.015625
0 0.43359375 0.5140625 0.03515625 0.015625
0 0.80078125 0.4265625 0.01640625 0.05234375
0 0.43046875 0.49296875 0.03671875 0.01640625
0 0.38671875 0.55 0.04140625 0.0125
0 0.38671875 0.53359375 0.03515625 0.01953125
0 0.38984375 0.515625 0.040625 0.01484375
0 0.80234375 0.38046875 0.01875 0.034375
0 0.3890625 0.49765625 0.0390625 0.0203125
0 0.34296875 0.5328125 0.0390625 0.0171875
0 0.30078125 0.5390625 0.03125 0.0296875
0 0.26171875 0.5359375 0.03203125 0.0359375
0 0.98203125 0.3765625 0.0359375 0.05859375
0 0.94296875 0.37890625 0.03671875 0.05078125
0 0.9015625 0.38671875 0.03203125 0.04296875
0 0.82578125 0.3828125 0.0234375 0.03515625
0 0.709375 0.42421875 0.021875 0.0546875
0 0.853125 0.42578125 0.02421875 0.05
0 0.71640625 0.37734375 0.02265625 0.0296875
0 0.340625 0.5484375 0.0453125 0.0140625
0 0.6828125 0.42578125 0.02421875 0.0515625
0 0.35 0.86640625 0.09609375 0.04609375
0 0.60078125 0.42421875 0.02109375 0.04765625
0 0.40625 0.13671875 0.05390625 0.109375
0 0.4640625 0.13828125 0.03828125 0.1109375
0 0.50859375 0.14765625 0.03828125 0.09453125
0 0.98515625 0.28203125 0.0296875 0.05
0 0.2046875 0.4265625 0.02109375 0.0578125
0 0.2296875 0.42578125 0.0203125 0.05625
0 0.2578125 0.42578125 0.028125 0.05546875
0 0.28671875 0.42578125 0.01953125 0.05625
0 0.3140625 0.428125 0.02578125 0.059375
0 0.4265625 0.42265625 0.02578125 0.0546875
0 0.45703125 0.425 0.02734375 0.0546875
0 0.6296875 0.428125 0.02265625 0.053125
0 0.484375 0.42421875 0.02578125 0.05546875
0 0.4625 0.3765625 0.015625 0.0234375
0 0.484375 0.3765625 0.02265625 0.0296875
0 0.51015625 0.378125 0.028125 0.034375
0 0.53984375 0.378125 0.01875 0.03671875
0 0.56171875 0.37734375 0.025 0.03515625
0 0.59140625 0.3796875 0.0234375 0.03203125
0 0.61953125 0.38125 0.01953125 0.03359375
0 0.46640625 0.51953125 0.02265625 0.0703125
0 0.64375 0.37890625 0.01796875 0.0328125
0 0.6671875 0.378125 0.021875 0.0359375
0 0.5734375 0.4234375 0.02265625 0.0484375
0 0.5171875 0.42421875 0.02265625 0.0515625
0 0.48984375 0.52109375 0.01796875 0.065625
0 0.92578125 0.4875 0.02578125 0.05546875
0 0.54140625 0.51875 0.025 0.06328125
0 0.5609375 0.16015625 0.06015625 0.065625
0 0.6171875 0.1359375 0.03359375 0.1078125
0 0.65078125 0.153125 0.0328125 0.07734375
0 0.70390625 0.13125 0.0625 0.12109375
0 0.77265625 0.12890625 0.0515625 0.11953125
0 0.8515625 0.15625 0.03203125 0.0703125
0 0.89375 0.15078125 0.03359375 0.07734375
0 0.94453125 0.153125 0.05703125 0.06875
0 0.203125 0.29765625 0.046875 0.07109375
0 0.26953125 0.2796875 0.06015625 0.09609375
0 0.3296875 0.2828125 0.046875 0.09375
0 0.3859375 0.28671875 0.05 0.08125
0 0.4234375 0.2921875 0.02265625 0.0796875
0 0.4609375 0.31328125 0.04609375 0.04140625
0 0.465625 0.26484375 0.03515625 0.03984375
0 0.51328125 0.2953125 0.04765625 0.06484375
0 0.56015625 0.28828125 0.0390625 0.08359375
0 0.60390625 0.28671875 0.040625 0.0890625
0 0.6453125 0.2859375 0.034375 0.090625
0 0.95 0.28046875 0.034375 0.046875
0 0.91015625 0.2796875 0.0375 0.05
0 0.8421875 0.29296875 0.06171875 0.08125
0 0.78828125 0.28828125 0.040625 0.08984375
0 0.81484375 0.63359375 0.02734375 0.07265625
0 0.79140625 0.63359375 0.0171875 0.0734375
0 0.7625 0.621875 0.034375 0.09375
0 0.725 0.63984375 0.03203125 0.05859375
0 0.57890625 0.51796875 0.0234375 0.0765625
0 0.61171875 0.5203125 0.0234375 0.06953125
0 0.640625 0.525 0.025 0.06328125
0 0.6671875 0.5203125 0.01875 0.071875
0 0.69375 0.51875 0.02578125 0.0703125
0 0.7234375 0.51875 0.02578125 0.06953125
0 0.89453125 0.48984375 0.02890625 0.05234375
0 0.346875 0.13671875 0.04375 0.1125
0 0.95234375 0.48828125 0.02265625 0.0609375
0 0.98203125 0.48828125 0.03203125 0.06171875
0 0.18984375 0.61484375 0.02578125 0.07578125
0 0.51328125 0.5171875 0.0234375 0.065625
0 0.23046875 0.61640625 0.04609375 0.071875
0 0.325 0.61796875 0.0296875 0.09921875
0 0.359375 0.61640625 0.03046875 0.09765625
0 0.39140625 0.62734375 0.028125 0.08515625
0 0.42421875 0.63359375 0.02734375 0.07578125
0 0.453125 0.625 0.02734375 0.08984375
0 0.48671875 0.625 0.028125 0.08515625
0 0.52578125 0.6203125 0.0453125 0.09921875
0 0.5734375 0.6203125 0.0359375 0.09609375
0 0.61328125 0.63984375 0.0328125 0.0625
0 0.64921875 0.63828125 0.03203125 0.0609375
0 0.68671875 0.63984375 0.03515625 0.05859375
0 0.2765625 0.61875 0.03671875 0.09375
0 0.27734375 0.15 0.08359375 0.09375
0 0.7453125 0.28671875 0.040625 0.08359375
0 0.92421875 0.825 0.04140625 0.115625
0 0.9703125 0.60078125 0.025 0.0515625
0 0.93359375 0.60078125 0.04765625 0.04140625
0 0.88359375 0.58125 0.03359375 0.08046875
0 0.84453125 0.64453125 0.028125 0.05
0 0.2984375 0.72265625 0.02734375 0.06953125
0 0.33046875 0.72265625 0.02734375 0.0703125
0 0.3859375 0.7203125 0.0765625 0.06640625
0 0.171875 0.1453125 0.04375 0.0921875
0 0.97265625 0.84609375 0.03671875 0.09765625
0 0.22890625 0.71953125 0.0421875 0.0625
0 0.8703125 0.8625 0.053125 0.06796875
0 0.7703125 0.84375 0.03984375 0.084375
0 0.7109375 0.85703125 0.06328125 0.06796875
0 0.6421875 0.85703125 0.07109375 0.0703125
0 0.5515625 0.86328125 0.096875 0.04453125
0 0.2671875 0.72265625 0.0328125 0.06171875
0 0.49921875 0.73828125 0.03984375 0.04140625
0 0.54765625 0.740625 0.05 0.03984375
0 0.596875 0.7390625 0.0296875 0.0390625
0 0.6359375 0.7375 0.03984375 0.0390625
0 0.68984375 0.28515625 0.0515625 0.09140625
0 0.45 0.85859375 0.0953125 0.07109375
0 0.25078125 0.865625 0.0890625 0.05546875
0 0.9625 0.7078125 0.05 0.06875
0 0.91328125 0.69296875 0.0328125 0.0625
0 0.86875 0.715625 0.04609375 0.05625
0 0.7609375 0.73828125 0.034375 0.03203125
0 0.71875 0.7375 0.0390625 0.03125
0 0.7171875 0.70703125 0.03984375 0.02734375
0 0.45234375 0.73359375 0.04140625 0.0484375
0 0.67578125 0.7359375 0.02578125 0.04140625