0 0.853125 0.4515625 0.015625 0.028125
0 0.0421875 0.60390625 0.084375 0.06484375
0 0.12734375 0.5921875 0.08203125 0.0609375
0 0.0328125 0.6609375 0.065625 0.04140625
0 0.10546875 0.65234375 0.07578125 0.028125
0 0.0328125 0.7140625 0.06484375 0.05390625
0 0.75234375 0.45859375 0.00859375 0.02734375
0 0.70390625 0.4625 0.01328125 0.03046875
0 0.66640625 0.46484375 0.0125 0.0328125
0 0.67890625 0.4640625 0.009375 0.03203125
0 0.690625 0.4640625 0.01171875 0.03203125
0 0.7859375 0.45703125 0.0109375 0.02734375
0 0.71796875 0.4625 0.01015625 0.028125
0 0.82109375 0.453125 0.009375 0.02734375
0 0.81015625 0.4546875 0.009375 0.02734375
0 0.7984375 0.45546875 0.01171875 0.02734375
0 0.7734375 0.45703125 0.00859375 0.0265625
0 0.73046875 0.46171875 0.01015625 0.028125
0 0.74140625 0.459375 0.01015625 0.028125
0 0.65078125 0.4671875 0.015625 0.03203125
0 0.76328125 0.4578125 0.009375 0.0265625
0 0.6453125 0.7328125 0.02578125 0.04375
0 0.61640625 0.46796875 0.01640625 0.034375
0 0.3 0.3671875 0.0296875 0.10078125
0 0.26953125 0.36484375 0.03125 0.10625
0 0.234375 0.36328125 0.03125 0.11328125
0 0.1984375 0.3609375 0.03515625 0.11328125
0 0.16171875 0.36015625 0.03359375 0.1234375
0 0.12421875 0.359375 0.03359375 0.1234375
0 0.08046875 0.359375 0.04296875 0.121875
0 0.0359375 0.35703125 0.04296875 0.121875
0 0.81015625 0.28515625 0.01953125 0.0953125
0 0.790625 0.2828125 0.01953125 0.0953125
0 0.765625 0.27734375 0.025 0.10625
0 0.73984375 0.278125 0.025 0.10625
0 0.71015625 0.275 0.02734375 0.11015625
0 0.79375 0.56484375 0.02109375 0.02890625
0 0.815625 0.5609375 0.01953125 0.0234375
0 0.8375 0.55546875 0.01875 0.02265625
0 0.02734375 0.84609375 0.0546875 0.0578125
0 0.02421875 0.90390625 0.04765625 0.04296875
0 0.0234375 0.9578125 0.046875 0.0578125
0 0.68125 0.2703125 0.02734375 0.115625
0 0.65 0.26484375 0.03125 0.12109375
0 0.33125 0.36796875 0.03046875 0.09921875
0 0.365625 0.3703125 0.0296875 0.09921875
0 0.3953125 0.36953125 0.0234375 0.1
0 0.8375 0.528125 0.01484375 0.02265625
0 0.47109375 0.63125 0.04453125 0.03515625
0 0.5140625 0.5796875 0.04296875 0.02890625
0 0.55546875 0.57265625 0.03359375 0.028125
0 0.57578125 0.53359375 0.03828125 0.03828125
0 0.5140625 0.61796875 0.0328125 0.03671875
0 0.553125 0.6109375 0.03515625 0.03515625
0 0.590625 0.6046875 0.03046875 0.03125
0 0.59375 0.56953125 0.0328125 0.0296875
0 0.6265625 0.559375 0.02890625 0.0328125
0 0.62734375 0.59765625 0.02734375 0.03515625
0 0.61796875 0.2609375 0.03125 0.12578125
0 0.65859375 0.59140625 0.02890625 0.0359375
0 0.6890625 0.54765625 0.02265625 0.03359375
0 0.71953125 0.54296875 0.025 0.0328125
0 0.68828125 0.58671875 0.025 0.03125
0 0.7140625 0.58046875 0.01875 0.03203125
0 0.7390625 0.57578125 0.02265625 0.02734375
0 0.63359375 0.46796875 0.01484375 0.0359375
0 0.80625 0.50234375 0.02265625 0.03046875
0 0.83125 0.4984375 0.02265625 0.03125
0 0.79609375 0.53359375 0.02265625 0.02578125
0 0.81796875 0.53203125 0.01875 0.02265625
0 0.6609375 0.553125 0.0296875 0.0328125
0 0.5796875 0.25390625 0.0390625 0.128125
0 0.53984375 0.246875 0.03984375 0.14375
0 0.49609375 0.24453125 0.03984375 0.14375
0 0.1546875 0.18828125 0.071875 0.184375
0 0.07890625 0.1796875 0.0765625 0.19140625
0 0.0171875 0.1640625 0.03359375 0.19609375
0 0.62890625 0.67421875 0.0296875 0.0421875
0 0.896875 0.5203125 0.01796875 0.025
0 0.87734375 0.5484375 0.01875 0.0265625
0 0.8734375 0.4953125 0.02578125 0.0328125
0 0.90234375 0.5953125 0.02265625 0.03203125
0 0.8984375 0.64609375 0.02265625 0.0296875
0 0.86015625 0.65625 0.02265625 0.03125
0 0.22578125 0.20078125 0.065625 0.1734375
0 0.86640625 0.60234375 0.021875 0.03203125
0 0.828125 0.64453125 0.021875 0.0296875
0 0.8046875 0.6796875 0.02734375 0.0359375
0 0.7921875 0.62734375 0.0234375 0.0359375
0 0.7765625 0.68671875 0.02265625 0.034375
0 0.7515625 0.69453125 0.02265625 0.03359375
0 0.7671875 0.634375 0.021875 0.03359375
0 0.740625 0.64140625 0.02734375 0.040625
0 0.728125 0.7015625 0.021875 0.03828125
0 0.70234375 0.678125 0.02578125 0.03984375
0 0.67421875 0.72109375 0.028125 0.04453125
0 0.83125 0.61328125 0.021875 0.03046875
0 0.4234375 0.6375 0.03984375 0.03984375
0 0.2921875 0.2125 0.05703125 0.16796875
0 0.4078125 0.22734375 0.04296875 0.1515625
0 0.08671875 0.934375 0.07265625 0.0515625
0 0.090625 0.88359375 0.06328125 0.0390625
0 0.096875 0.8234375 0.07265625 0.0453125
0 0.17734375 0.80390625 0.07421875 0.05625
0 0.1625 0.859375 0.07734375 0.02421875
0 0.16328125 0.90625 0.07109375 0.05
0 0.23828125 0.8796875 0.06171875 0.0671875
0 0.3015625 0.85390625 0.05859375 0.05859375
0 0.35625 0.8359375 0.04765625 0.0578125
0 0.40625 0.8265625 0.04609375 0.04375
0 0.35390625 0.2203125 0.05703125 0.15625
0 0.4046875 0.775 0.0515625 0.0484375
0 0.4546875 0.7546875 0.03984375 0.0453125
0 0.49921875 0.79140625 0.0421875 0.0453125
0 0.49765625 0.74765625 0.0421875 0.0375
0 0.5140625 0.70546875 0.04140625 0.04453125
0 0.5390625 0.7703125 0.03359375 0.04296875
0 0.55625 0.69375 0.0375 0.0484375
0 0.578125 0.759375 0.03984375 0.05
0 0.61484375 0.74765625 0.03125 0.04765625
0 0.5953125 0.684375 0.034375 0.0484375
0 0.453125 0.2390625 0.04296875 0.15234375
0 0.4546875 0.80546875 0.0390625 0.0421875
0 0.471875 0.5890625 0.0375 0.02890625
0 0.7640625 0.5671875 0.025 0.0296875
0 0.89609375 0.5453125 0.0140625 0.02421875
0 0.83203125 0.38515625 0.0203125 0.05546875
0 0.8078125 0.3859375 0.02265625 0.0546875
0 0.771875 0.384375 0.04296875 0.0578125
0 0.740625 0.36015625 0.01328125 0.03671875
0 0.73671875 0.396875 0.0171875 0.0375
0 0.7171875 0.396875 0.02109375 0.03515625
0 0.72109375 0.35859375 0.021875 0.0375
0 0.67421875 0.35625 0.02421875 0.034375
0 0.6734375 0.39609375 0.0234375 0.0390625
0 0.64765625 0.38046875 0.01484375 0.06796875
0 0.62734375 0.37890625 0.01484375 0.06796875
0 0.61171875 0.378125 0.01484375 0.06796875
0 0.59453125 0.38046875 0.01484375 0.06796875
0 0.4265625 0.596875 0.04765625 0.03046875
0 0.55625 0.38125 0.01953125 0.0671875
0 0.53515625 0.37109375 0.02109375 0.08515625
0 0.5109375 0.36875 0.02109375 0.09140625
0 0.85234375 0.38515625 0.01640625 0.05078125
0 0.4875 0.37109375 0.02109375 0.09140625
0 0.86953125 0.38515625 0.015625 0.05078125
0 0.0125 0.48046875 0.025 0.10390625
0 0.590625 0.46953125 0.0140625 0.03359375
0 0.56875 0.47109375 0.02265625 0.0359375
0 0.50390625 0.4703125 0.01640625 0.0359375
0 0.4859375 0.47109375 0.01328125 0.03828125
0 0.46953125 0.471875 0.0171875 0.040625
0 0.446875 0.4734375 0.02109375 0.040625
0 0.42421875 0.475 0.01640625 0.04140625
0 0.403125 0.4765625 0.01875 0.04140625
0 0.38203125 0.478125 0.01875 0.0421875
0 0.35625 0.47734375 0.02578125 0.04375
0 0.31640625 0.47265625 0.03125 0.07421875
0 0.284375 0.47265625 0.0296875 0.07421875
0 0.25078125 0.4765625 0.03125 0.0796875
0 0.21484375 0.47734375 0.03359375 0.0796875
0 0.17578125 0.47890625 0.034375 0.08046875
0 0.13671875 0.478125 0.0375 0.08125
0 0.09609375 0.4828125 0.03515625 0.08359375
0 0.05234375 0.484375 0.04296875 0.09765625
0 0.10546875 0.70234375 0.075 0.0515625
0 0.57578125 0.38046875 0.01484375 0.06796875
0 0.6609375 0.66328125 0.03046875 0.03984375
0 0.25 0.6734375 0.05859375 0.03984375
0 0.31328125 0.66328125 0.053125 0.0453125
0 0.31484375 0.61640625 0.05390625 0.03515625
0 0.2703125 0.57109375 0.0640625 0.0484375
0 0.334375 0.56640625 0.05859375 0.046875
0 0.37265625 0.60625 0.05078125 0.03046875
0 0.1828125 0.6859375 0.0703125 0.046875
0 0.375 0.65 0.053125 0.04609375
0 0.39375 0.5578125 0.05546875 0.04296875
0 0.446875 0.55078125 0.04609375 0.04375
0 0.49375 0.54453125 0.04140625 0.03828125
0 0.4625 0.37265625 0.02109375 0.09140625
0 0.896875 0.49375 0.015625 0.02578125
0 0.41796875 0.37265625 0.0171875 0.09140625
0 0.4390625 0.36953125 0.0171875 0.09140625
0 0.1828125 0.6390625 0.07109375 0.028125
0 0.85859375 0.525 0.01640625 0.02265625
0 0.85625 0.55234375 0.0171875 0.025
0 0.87578125 0.5234375 0.0140625 0.01953125
0 0.8875 0.38359375 0.0140625 0.05234375
0 0.83203125 0.290625 0.0203125 0.0921875
0 0.853125 0.290625 0.01953125 0.0921875
0 0.87421875 0.29453125 0.01875 0.08671875
0 0.86796875 0.45078125 0.0109375 0.0265625
0 0.8796875 0.4421875 0.0109375 0.0375
0 0.89140625 0.4421875 0.01015625 0.03828125
0 0.903125 0.44140625 0.01015625 0.03828125
0 0.91796875 0.43984375 0.0125 0.03828125
0 0.89375 0.296875 0.015625 0.078125
0 0.25234375 0.625 0.06015625 0.03671875