0 0.796875 0.1625 0.02890625 0.103125
0 0.83125 0.16171875 0.034375 0.10703125
0 0.01328125 0.70390625 0.0265625 0.0671875
0 0.55390625 0.42890625 0.0375 0.07421875
0 0.59375 0.42734375 0.0375 0.075
0 0.6328125 0.42578125 0.0375 0.075
0 0.67578125 0.4171875 0.03984375 0.08828125
0 0.7171875 0.415625 0.03984375 0.08828125
0 0.759375 0.41796875 0.0390625 0.0890625
0 0.796875 0.4171875 0.034375 0.0890625
0 0.83515625 0.41640625 0.034375 0.0890625
0 0.87265625 0.415625 0.034375 0.0890625
0 0.91015625 0.41484375 0.034375 0.0890625
0 0.01875 0.53515625 0.0375 0.1109375
0 0.059375 0.55078125 0.03984375 0.090625
0 0.1046875 0.54921875 0.040625 0.0859375
0 0.1453125 0.546875 0.034375 0.08671875
0 0.1890625 0.5453125 0.04140625 0.09296875
0 0.23125 0.5453125 0.03828125 0.090625
0 0.275 0.53984375 0.0390625 0.09765625
0 0.453125 0.17265625 0.03828125 0.0828125
0 0.4953125 0.17265625 0.03984375 0.08359375
0 0.53359375 0.17578125 0.03359375 0.078125
0 0.621875 0.1828125 0.0359375 0.06484375
0 0.6953125 0.16328125 0.03515625 0.10390625
0 0.73046875 0.1625 0.0328125 0.1046875
0 0.51484375 0.42890625 0.0375 0.075
0 0.765625 0.16328125 0.03203125 0.1046875
0 0.5578125 0.5390625 0.02890625 0.08984375
0 0.52421875 0.54140625 0.03125 0.08828125
0 0.45625 0.5421875 0.03671875 0.090625
0 0.3921875 0.5421875 0.03125 0.0859375
0 0.35546875 0.5390625 0.03828125 0.09453125
0 0.31484375 0.53984375 0.03671875 0.09296875
0 0.596875 0.534375 0.03828125 0.0953125
0 0.47578125 0.43125 0.0375 0.075
0 0.4359375 0.43203125 0.0375 0.07734375
0 0.39609375 0.43125 0.0390625 0.078125
0 0.5921875 0.25625 0.028125 0.01640625
0 0.55859375 0.25546875 0.03046875 0.01796875
0 0.58125 0.30625 0.028125 0.07734375
0 0.54453125 0.30703125 0.03671875 0.08125
0 0.50546875 0.30625 0.0390625 0.08046875
0 0.34609375 0.30703125 0.02578125 0.08046875
0 0.615625 0.3046875 0.03828125 0.0765625
0 0.41875 0.3078125 0.02265625 0.08125
0 0.384375 0.30703125 0.0453125 0.08203125
0 0.309375 0.3078125 0.0453125 0.08203125
0 0.25078125 0.3046875 0.0453125 0.08515625
0 0.9375 0.16484375 0.03046875 0.09765625
0 0.96953125 0.16484375 0.03046875 0.09765625
0 0.11796875 0.30625 0.04296875 0.08671875
0 0.45390625 0.30703125 0.040625 0.08203125
0 0.4125 0.175 0.0375 0.0796875
0 0.65703125 0.30390625 0.03828125 0.0765625
0 0.821875 0.3078125 0.03046875 0.0625
0 0.35390625 0.4328125 0.040625 0.07890625
0 0.31171875 0.43359375 0.040625 0.078125
0 0.26875 0.43515625 0.040625 0.078125
0 0.2234375 0.4359375 0.04375 0.078125
0 0.13671875 0.4234375 0.04921875 0.10546875
0 0.0875 0.4234375 0.04609375 0.1078125
0 0.78515625 0.30859375 0.03515625 0.0625
0 0.04140625 0.4203125 0.040625 0.11171875
0 0.96640625 0.30390625 0.04296875 0.06484375
0 0.86875 0.16328125 0.0328125 0.1015625
0 0.90390625 0.165625 0.03359375 0.09765625
0 0.91171875 0.30625 0.03515625 0.06640625
0 0.87890625 0.30546875 0.02578125 0.065625
0 0.8515625 0.30625 0.02578125 0.06796875
0 0.9671875 0.41015625 0.04140625 0.08828125
0 0.37265625 0.17578125 0.03671875 0.078125
0 0.3328125 0.17578125 0.0390625 0.0796875
0 0.29140625 0.171875 0.03984375 0.08671875
0 0.29609375 0.6953125 0.04375 0.08359375
0 0.33828125 0.69140625 0.0375 0.08671875
0 0.378125 0.690625 0.03828125 0.084375
0 0.41953125 0.68671875 0.040625 0.08515625
0 0.4625 0.6859375 0.040625 0.08515625
0 0.50390625 0.68125 0.0375 0.07890625
0 0.54453125 0.66640625 0.03828125 0.09921875
0 0.5859375 0.66640625 0.03828125 0.09921875
0 0.62421875 0.66328125 0.034375 0.1015625
0 0.66171875 0.66015625 0.03359375 0.10234375
0 0.6984375 0.6359375 0.03046875 0.08828125
0 0.7828125 0.66796875 0.0390625 0.07578125
0 0.82421875 0.66796875 0.03671875 0.0828125
0 0.1640625 0.3046875 0.0421875 0.0859375
0 0.89453125 0.6640625 0.03046875 0.084375
0 0.93984375 0.66328125 0.040625 0.08359375
0 0.98125 0.66484375 0.03671875 0.0859375
0 0.25390625 0.696875 0.0359375 0.08046875
0 0.2140625 0.6984375 0.03984375 0.0796875
0 0.86015625 0.665625 0.0328125 0.0765625
0 0.12734375 0.7015625 0.0359375 0.06953125
0 0.1703125 0.6984375 0.04375 0.078125
0 0.2484375 0.17578125 0.040625 0.07734375
0 0.20078125 0.17109375 0.04453125 0.0890625
0 0.15546875 0.17109375 0.0421875 0.08984375
0 0.0671875 0.16875 0.0515625 0.09296875
0 0.01953125 0.1671875 0.0390625 0.096875
0 0.63671875 0.5359375 0.03828125 0.09609375
0 0.67578125 0.53359375 0.0375 0.090625
0 0.71484375 0.53125 0.0375 0.090625
0 0.20703125 0.30546875 0.040625 0.084375
0 0.79140625 0.5296875 0.03515625 0.090625
0 0.8296875 0.5265625 0.0359375 0.090625
0 0.8703125 0.5265625 0.0359375 0.09140625
0 0.9078125 0.525 0.034375 0.09140625
0 0.94609375 0.525 0.03671875 0.09140625
0 0.98203125 0.521875 0.03203125 0.08984375
0 0.04921875 0.70546875 0.03828125 0.06875
0 0.75390625 0.5328125 0.03515625 0.09140625
0 0.0890625 0.70390625 0.0359375 0.06953125