0 0.90234375 0.19375 0.04296875 0.0796875
0 0.47890625 0.609375 0.04765625 0.08359375
0 0.28671875 0.50546875 0.0453125 0.08515625
0 0.2328125 0.50625 0.04921875 0.0859375
0 0.18203125 0.50390625 0.04765625 0.08359375
0 0.13046875 0.50390625 0.04921875 0.09296875
0 0.08046875 0.5046875 0.0421875 0.08671875
0 0.025 0.50234375 0.04609375 0.08671875
0 0.68828125 0.39453125 0.03359375 0.096875
0 0.6453125 0.3921875 0.034375 0.0953125
0 0.60625 0.39140625 0.03671875 0.09765625
0 0.5671875 0.390625 0.03515625 0.0953125
0 0.521875 0.38984375 0.040625 0.0984375
0 0.47578125 0.38828125 0.04140625 0.10078125
0 0.33359375 0.5046875 0.040625 0.08828125
0 0.428125 0.38828125 0.04375 0.10078125
0 0.32890625 0.39296875 0.03203125 0.09375
0 0.28828125 0.39140625 0.03984375 0.0921875
0 0.24609375 0.390625 0.03828125 0.09296875
0 0.2 0.39140625 0.04296875 0.090625
0 0.15546875 0.3890625 0.03984375 0.08984375
0 0.10625 0.38984375 0.04375 0.090625
0 0.059375 0.38671875 0.03515625 0.09453125
0 0.7296875 0.39609375 0.03984375 0.0953125
0 0.78046875 0.39765625 0.0421875 0.09453125
0 0.8296875 0.396875 0.05078125 0.09609375
0 0.925 0.39921875 0.03671875 0.09375
0 0.97421875 0.4015625 0.0453125 0.0921875
0 0.37109375 0.38984375 0.0484375 0.10234375
0 0.9828125 0.2953125 0.034375 0.07578125
0 0.378125 0.50390625 0.03984375 0.0859375
0 0.47421875 0.5046875 0.046875 0.084375
0 0.36875 0.60859375 0.0375 0.084375
0 0.325 0.6109375 0.04140625 0.0828125
0 0.27734375 0.61171875 0.046875 0.084375
0 0.2296875 0.6109375 0.04296875 0.0828125
0 0.1828125 0.6140625 0.04609375 0.08125
0 0.13125 0.6140625 0.0484375 0.08125
0 0.07578125 0.61171875 0.04921875 0.090625
0 0.02421875 0.60625 0.0390625 0.0890625
0 0.66796875 0.6125 0.04453125 0.0875
0 0.7125 0.61171875 0.03671875 0.0859375
0 0.76015625 0.61484375 0.053125 0.08984375
0 0.81640625 0.61328125 0.05078125 0.08515625
0 0.425 0.503125 0.040625 0.08515625
0 0.9015625 0.61171875 0.03515625 0.08359375
0 0.98671875 0.61640625 0.02578125 0.0859375
0 0.9875 0.5125 0.025 0.08515625
0 0.9515625 0.509375 0.03359375 0.0875
0 0.9125 0.50703125 0.03828125 0.09375
0 0.81796875 0.50625 0.04921875 0.08984375
0 0.77265625 0.50546875 0.0296875 0.09140625
0 0.7328125 0.50703125 0.0328125 0.0859375
0 0.690625 0.5078125 0.0375 0.08515625
0 0.6453125 0.50546875 0.034375 0.08671875
0 0.60859375 0.5046875 0.028125 0.0859375
0 0.56875 0.5046875 0.04140625 0.08203125
0 0.5171875 0.5015625 0.0328125 0.08984375
0 0.9453125 0.61484375 0.04296875 0.07734375
0 0.42265625 0.61015625 0.0546875 0.08671875
0 0.940625 0.2953125 0.03671875 0.07890625
0 0.78515625 0.275 0.0484375 0.03671875
0 0.22265625 0.178125 0.084375 0.0875
0 0.1296875 0.178125 0.0796875 0.08203125
0 0.05 0.1796875 0.05234375 0.08203125
0 0.82578125 0.19375 0.03359375 0.08203125
0 0.034375 0.07265625 0.05625 0.0875
0 0.12421875 0.06875 0.09140625 0.09921875
0 0.21484375 0.07421875 0.084375 0.09609375
0 0.30625 0.07734375 0.09375 0.08984375
0 0.37734375 0.08046875 0.03203125 0.08515625
0 0.415625 0.07890625 0.03515625 0.090625
0 0.45546875 0.08046875 0.0390625 0.0953125
0 0.49453125 0.08203125 0.0359375 0.08984375
0 0.31640625 0.1828125 0.0890625 0.08359375
0 0.53515625 0.08359375 0.03828125 0.08671875
0 0.609375 0.0875 0.03515625 0.0859375
0 0.6484375 0.08671875 0.0375 0.08515625
0 0.68984375 0.08828125 0.03359375 0.08515625
0 0.728125 0.08828125 0.03671875 0.0890625
0 0.765625 0.090625 0.03125 0.084375
0 0.80078125 0.0890625 0.03125 0.08359375
0 0.8390625 0.08984375 0.03046875 0.08671875
0 0.875 0.0921875 0.0328125 0.08671875
0 0.915625 0.09296875 0.03125 0.0796875
0 0.9875 0.09453125 0.025 0.08359375
0 0.984375 0.196875 0.03046875 0.078125
0 0.946875 0.19609375 0.03515625 0.07734375
0 0.5734375 0.084375 0.03359375 0.08828125
0 0.83984375 0.27578125 0.04921875 0.03828125
0 0.3890625 0.1828125 0.03515625 0.08515625
0 0.46015625 0.1890625 0.028125 0.08125
0 0.7421875 0.2921875 0.02890625 0.078125
0 0.70859375 0.28828125 0.02890625 0.0796875
0 0.67109375 0.28828125 0.03671875 0.08203125
0 0.6328125 0.2875 0.03203125 0.0828125
0 0.5953125 0.2890625 0.0328125 0.08125
0 0.55859375 0.2875 0.03359375 0.078125
0 0.5171875 0.2875 0.03046875 0.075
0 0.48046875 0.28359375 0.0328125 0.0875
0 0.44296875 0.2859375 0.0328125 0.08125
0 0.4046875 0.284375 0.03984375 0.08203125
0 0.36640625 0.2859375 0.02890625 0.078125
0 0.32734375 0.28203125 0.03828125 0.08359375
0 0.42734375 0.1859375 0.0328125 0.08125
0 0.27265625 0.2828125 0.040625 0.08046875
0 0.1671875 0.28125 0.04375 0.0796875
0 0.121875 0.278125 0.0390625 0.084375
0 0.06484375 0.28046875 0.05 0.08203125
0 0.78984375 0.18984375 0.03203125 0.08515625
0 0.7546875 0.18984375 0.02890625 0.08203125
0 0.72109375 0.1890625 0.03203125 0.08515625
0 0.68515625 0.190625 0.03046875 0.084375
0 0.646875 0.190625 0.0375 0.08671875
0 0.6078125 0.190625 0.0390625 0.0796875
0 0.565625 0.1890625 0.0375 0.08203125
0 0.52734375 0.1875 0.034375 0.08359375
0 0.490625 0.1859375 0.03203125 0.0859375
0 0.22890625 0.28046875 0.0453125 0.0765625
0 0.86015625 0.19453125 0.0296875 0.08046875
0 0.953125 0.09609375 0.03515625 0.07890625
0 0.565625 0.60859375 0.03515625 0.08203125
0 0.8625 0.8703125 0.07578125 0.0984375
0 0.79375 0.875 0.05 0.096875
0 0.7375 0.875 0.0515625 0.096875
0 0.6796875 0.87265625 0.05078125 0.10390625
0 0.0203125 0.875 0.040625 0.109375
0 0.07265625 0.86796875 0.04921875 0.10390625
0 0.19375 0.86875 0.0453125 0.10625
0 0.9296875 0.87265625 0.046875 0.09375
0 0.246875 0.8671875 0.05234375 0.11328125
0 0.353125 0.86171875 0.05 0.1109375
0 0.41015625 0.8625 0.05390625 0.1171875
0 0.4703125 0.86328125 0.0484375 0.11015625
0 0.52578125 0.86875 0.0515625 0.11015625
0 0.57578125 0.86953125 0.0421875 0.10703125
0 0.6234375 0.8703125 0.0453125 0.10078125
0 0.525 0.61328125 0.03359375 0.084375
0 0.2984375 0.865625 0.04375 0.10546875
0 0.98046875 0.875 0.0390625 0.0984375
0 0.14296875 0.86875 0.0484375 0.1078125
0 0.925 0.73125 0.05078125 0.09921875
0 0.9765625 0.73046875 0.046875 0.0921875
0 0.03671875 0.7234375 0.05078125 0.10234375
0 0.0921875 0.7265625 0.053125 0.1015625
0 0.1453125 0.72734375 0.04140625 0.09453125
0 0.19140625 0.7265625 0.04140625 0.09375
0 0.23984375 0.725 0.04140625 0.09609375
0 0.33671875 0.72265625 0.05390625 0.09609375
0 0.39140625 0.7234375 0.046875 0.1
0 0.28671875 0.721875 0.0421875 0.10078125
0 0.6171875 0.6109375 0.04765625 0.08515625
0 0.4921875 0.725 0.046875 0.09453125
0 0.5453125 0.72421875 0.05078125 0.090625
0 0.603125 0.7296875 0.0546875 0.0875
0 0.65546875 0.728125 0.04453125 0.0875
0 0.7015625 0.7234375 0.0375 0.08828125
0 0.81171875 0.72890625 0.04453125 0.08984375
0 0.8640625 0.7296875 0.04296875 0.0921875
0 0.43984375 0.72265625 0.0453125 0.09375