0 0.53046875 0.42265625 0.07890625 0.11015625
0 0.7125 0.2765625 0.0734375 0.09765625
0 0.91640625 0.275 0.0734375 0.09765625
0 0.84609375 0.27421875 0.06328125 0.0953125
0 0.78359375 0.2765625 0.0578125 0.0953125
0 0.46875 0.26484375 0.1328125 0.13984375
0 0.30859375 0.2609375 0.17578125 0.14609375
0 0.01875 0.29140625 0.034375 0.1125
0 0.103125 0.29609375 0.04609375 0.09921875
0 0.15390625 0.29609375 0.04609375 0.09375
0 0.06015625 0.29453125 0.0375 0.10390625
0 0.01953125 0.45 0.0375 0.09921875
0 0.06484375 0.45078125 0.04609375 0.0921875
0 0.16484375 0.44140625 0.04375 0.1
0 0.115625 0.4484375 0.04765625 0.09765625
0 0.21171875 0.44296875 0.0421875 0.08828125
0 0.2578125 0.43984375 0.046875 0.0875
0 0.59765625 0.44296875 0.05078125 0.05234375
0 0.30234375 0.4421875 0.03984375 0.0859375
0 0.3453125 0.43828125 0.04140625 0.09296875
0 0.39140625 0.4296875 0.04296875 0.0859375
0 0.1984375 0.2921875 0.0390625 0.09765625
0 0.60390625 0.25859375 0.12890625 0.1296875
0 0.19921875 0.57421875 0.03515625 0.08515625
0 0.4296875 0.43515625 0.0296875 0.08671875
0 0.45078125 0.78984375 0.06875 0.02421875
0 0.43671875 0.74375 0.071875 0.034375
0 0.37109375 0.79296875 0.0703125 0.02734375
0 0.359375 0.75625 0.07421875 0.04375
0 0.28046875 0.76953125 0.07265625 0.05390625
0 0.19921875 0.840625 0.06796875 0.0578125
0 0.46875 0.4203125 0.03828125 0.0796875
0 0.1921875 0.69140625 0.04296875 0.07734375
0 0.20078125 0.803125 0.06875 0.0125
0 0.20390625 0.771875 0.0765625 0.0453125
0 0.1265625 0.81875 0.06953125 0.121875
0 0.24765625 0.68359375 0.0609375 0.08671875
0 0.02109375 0.6859375 0.04140625 0.075
0 0.0734375 0.69921875 0.0578125 0.08359375
0 0.80546875 0.5375 0.05390625 0.08515625
0 0.859375 0.5375 0.0515625 0.08984375
0 0.90703125 0.578125 0.040625 0.03515625
0 0.03828125 0.82890625 0.07421875 0.0171875
0 0.75234375 0.54296875 0.05078125 0.09375
0 0.2796875 0.8078125 0.071875 0.01640625
0 0.59921875 0.759375 0.05078125 0.08125
0 0.9296875 0.0703125 0.03671875 0.0875
0 0.8859375 0.06953125 0.04375 0.08828125
0 0.7078125 0.10078125 0.0546875 0.0546875
0 0.7671875 0.10078125 0.05703125 0.05234375
0 0.83046875 0.0984375 0.0640625 0.05390625
0 0.52890625 0.0609375 0.09609375 0.12109375
0 0.62734375 0.06171875 0.0921875 0.1234375
0 0.38203125 0.0984375 0.06171875 0.05546875
0 0.44765625 0.1 0.0609375 0.05234375
0 0.28125 0.06171875 0.134375 0.121875
0 0.175 0.0640625 0.075 0.1109375
0 0.0890625 0.075 0.09140625 0.0921875
0 0.91171875 0.75 0.040625 0.04296875
0 0.8734375 0.77890625 0.03515625 0.090625
0 0.95390625 0.66171875 0.0453125 0.0640625
0 0.80390625 0.7296875 0.08046875 0.05625
0 0.6953125 0.72734375 0.05859375 0.0390625
0 0.51875 0.74453125 0.065625 0.04375
0 0.69453125 0.55234375 0.059375 0.07265625
0 0.9609375 0.56328125 0.06328125 0.09375
0 0.3125 0.5828125 0.059375 0.0578125
0 0.621875 0.6671875 0.05859375 0.06953125
0 0.56171875 0.66484375 0.05234375 0.0796875
0 0.72421875 0.6578125 0.05390625 0.07734375
0 0.67265625 0.66484375 0.0421875 0.07109375
0 0.84453125 0.65078125 0.05859375 0.06875
0 0.784375 0.65546875 0.0578125 0.06328125
0 0.03984375 0.7890625 0.07734375 0.059375
0 0.45078125 0.67890625 0.053125 0.07265625
0 0.1453125 0.57734375 0.06328125 0.08984375
0 0.390625 0.66875 0.06171875 0.08671875
0 0.315625 0.68125 0.07109375 0.08359375
0 0.13125 0.6984375 0.05546875 0.0703125
0 0.08046875 0.5734375 0.0609375 0.1015625
0 0.49765625 0.628125 0.0484375 0.02265625
0 0.02421875 0.57421875 0.046875 0.10546875
0 0.94296875 0.46484375 0.04921875 0.0828125
0 0.25078125 0.571875 0.0578125 0.08046875
0 0.4953125 0.56328125 0.06015625 0.07734375
0 0.43671875 0.5703125 0.05390625 0.06484375
0 0.375 0.57421875 0.06171875 0.0640625
0 0.55703125 0.56328125 0.05546875 0.071875
0 0.5546875 0.52109375 0.05703125 0.0109375
0 0.88828125 0.4140625 0.04375 0.0875
0 0.834375 0.41796875 0.0609375 0.08125
0 0.775 0.4203125 0.05 0.0875
0 0.68671875 0.40546875 0.1140625 0.11328125
0 0.6421875 0.54296875 0.03515625 0.0953125
0 0.9578125 0.346875 0.06015625 0.0453125
0 0.5046875 0.675 0.0515625 0.065625