0 0.25 0.04453125 0.12578125 0.084375
0 0.7765625 0.45 0.05 0.1
0 0.18671875 0.4578125 0.034375 0.09140625
0 0.76875 0.32109375 0.0546875 0.11640625
0 0.8234375 0.32421875 0.05546875 0.11171875
0 0.89609375 0.32734375 0.0875 0.10625
0 0.02578125 0.45625 0.0453125 0.096875
0 0.0671875 0.45625 0.0390625 0.09765625
0 0.10546875 0.47421875 0.025 0.0609375
0 0.14375 0.46015625 0.05 0.08984375
0 0.23203125 0.4453125 0.04765625 0.1015625
0 0.28046875 0.43984375 0.05 0.10390625
0 0.334375 0.44140625 0.06171875 0.1078125
0 0.38984375 0.4421875 0.04765625 0.11015625
0 0.45546875 0.4453125 0.0765625 0.10546875
0 0.515625 0.44453125 0.04765625 0.10546875
0 0.5703125 0.44375 0.059375 0.10703125
0 0.70703125 0.325 0.0671875 0.11328125
0 0.62578125 0.44609375 0.0484375 0.1125
0 0.7296875 0.4484375 0.04609375 0.1078125
0 0.8296875 0.4515625 0.05703125 0.1015625
0 0.88359375 0.45 0.05 0.1046875
0 0.965625 0.3890625 0.05078125 0.0421875
0 0.95703125 0.43203125 0.05703125 0.03984375
0 0.94921875 0.46328125 0.06796875 0.02421875
0 0.94296875 0.484375 0.06015625 0.01953125
0 0.9453125 0.5046875 0.06171875 0.021875
0 0.94765625 0.52890625 0.05625 0.02421875
0 0.95234375 0.5515625 0.05625 0.02421875
0 0.0703125 0.57421875 0.0390625 0.09296875
0 0.11015625 0.575 0.03828125 0.0921875
0 0.1546875 0.57734375 0.05078125 0.0875
0 0.19375 0.57578125 0.02734375 0.0859375
0 0.67734375 0.4484375 0.05703125 0.10859375
0 0.60546875 0.3203125 0.06640625 0.115625
0 0.54296875 0.32109375 0.05703125 0.11640625
0 0.4859375 0.32265625 0.05546875 0.11328125
0 0.71171875 0.19140625 0.05859375 0.11796875
0 0.653125 0.19140625 0.059375 0.1203125
0 0.56796875 0.1875 0.06796875 0.128125
0 0.50546875 0.184375 0.05546875 0.121875
0 0.44765625 0.1828125 0.0546875 0.12578125
0 0.3828125 0.18046875 0.075 0.12109375
0 0.31640625 0.17734375 0.05859375 0.12734375
0 0.25859375 0.17734375 0.05703125 0.128125
0 0.20390625 0.1765625 0.053125 0.11953125
0 0.1375 0.1921875 0.06171875 0.0828125
0 0.090625 0.196875 0.03046875 0.07421875
0 0.05546875 0.19140625 0.0375 0.08515625
0 0.01796875 0.1921875 0.034375 0.08515625
0 0.83984375 0.065625 0.078125 0.0765625
0 0.76796875 0.0515625 0.05546875 0.09921875
0 0.7203125 0.05078125 0.040625 0.0984375
0 0.6765625 0.05078125 0.04140625 0.09453125
0 0.3578125 0.315625 0.075 0.11328125
0 0.29296875 0.315625 0.0546875 0.1125
0 0.2359375 0.315625 0.05703125 0.11328125
0 0.175 0.3359375 0.065625 0.08125
0 0.12421875 0.33984375 0.0375 0.075
0 0.9046875 0.2015625 0.06328125 0.1
0 0.26640625 0.575 0.11328125 0.0828125
0 0.840625 0.1953125 0.06640625 0.11328125
0 0.34140625 0.04609375 0.05625 0.08515625
0 0.40390625 0.04765625 0.06328125 0.090625
0 0.465625 0.046875 0.06171875 0.0921875
0 0.52890625 0.05078125 0.0609375 0.09609375
0 0.58828125 0.04921875 0.04765625 0.0984375
0 0.63359375 0.05078125 0.0421875 0.09609375
0 0.775 0.19375 0.065625 0.1109375
0 0.37421875 0.5765625 0.10234375 0.08515625
0 0.02890625 0.578125 0.04765625 0.08671875
0 0.57578125 0.5734375 0.10234375 0.08203125
0 0.46015625 0.88984375 0.04765625 0.02890625
0 0.41328125 0.89140625 0.04609375 0.0328125
0 0.36875 0.8796875 0.040625 0.05078125
0 0.33046875 0.878125 0.03828125 0.04921875
0 0.30390625 0.8296875 0.03828125 0.01875
0 0.2484375 0.83515625 0.0390625 0.01796875
0 0.50546875 0.8890625 0.0453125 0.0296875
0 0.2859375 0.8609375 0.04140625 0.0328125
0 0.28671875 0.8890625 0.04921875 0.02421875
0 0.47421875 0.57578125 0.0984375 0.0859375
0 0.97421875 0.77265625 0.0515625 0.08203125
0 0.91328125 0.77265625 0.0671875 0.08203125
0 0.73125 0.76953125 0.06875 0.0796875
0 0.66875 0.76953125 0.05859375 0.07734375
0 0.2421875 0.859375 0.04609375 0.02890625
0 0.61015625 0.76875 0.06171875 0.075
0 0.5484375 0.88984375 0.03984375 0.03125
0 0.6328125 0.88671875 0.05078125 0.03203125
0 0.7625 0.85 0.0421875 0.03515625
0 0.72421875 0.85 0.03515625 0.0359375
0 0.678125 0.840625 0.05234375 0.0359375
0 0.63046875 0.840625 0.0453125 0.03671875
0 0.46015625 0.85390625 0.04375 0.03828125
0 0.41328125 0.853125 0.03984375 0.03984375
0 0.58828125 0.8875 0.0390625 0.03515625
0 0.96328125 0.89296875 0.046875 0.0296875
0 0.8828125 0.89453125 0.03046875 0.0359375
0 0.84375 0.89609375 0.04765625 0.03984375
0 0.803125 0.8921875 0.03359375 0.03828125
0 0.76484375 0.89140625 0.0390625 0.03984375
0 0.7265625 0.89140625 0.0375 0.0421875
0 0.68359375 0.88671875 0.05078125 0.0328125
0 0.9203125 0.89609375 0.0375 0.03828125
0 0.546875 0.76875 0.06484375 0.07421875
0 0.23828125 0.8890625 0.0453125 0.02734375
0 0.4328125 0.77109375 0.05625 0.0765625
0 0.75546875 0.67109375 0.06171875 0.0765625
0 0.69296875 0.6734375 0.05546875 0.07265625
0 0.6359375 0.6703125 0.059375 0.06953125
0 0.55703125 0.66796875 0.09453125 0.07421875
0 0.459375 0.66796875 0.10078125 0.07421875
0 0.36171875 0.66640625 0.09609375 0.0765625
0 0.26171875 0.66640625 0.10390625 0.0765625
0 0.18828125 0.69375 0.04375 0.07421875
0 0.48671875 0.7703125 0.053125 0.078125
0 0.14921875 0.69609375 0.0328125 0.07578125
0 0.0859375 0.69453125 0.02734375 0.0703125
0 0.05078125 0.6921875 0.04140625 0.075
0 0.015625 0.69609375 0.02890625 0.07734375
0 0.8953125 0.571875 0.04765625 0.10078125
0 0.84453125 0.56953125 0.05234375 0.10546875
0 0.78671875 0.56875 0.0640625 0.1046875
0 0.69765625 0.56796875 0.04921875 0.10234375
0 0.65 0.565625 0.04609375 0.09921875
0 0.11640625 0.696875 0.03359375 0.07421875
0 0.8734375 0.6734375 0.05859375 0.07265625
0 0.81484375 0.67109375 0.05625 0.0765625
0 0.97890625 0.67578125 0.0421875 0.07734375
0 0.38359375 0.765625 0.03828125 0.08515625
0 0.30546875 0.76796875 0.06484375 0.07734375
0 0.24609375 0.76640625 0.05703125 0.0734375
0 0.184375 0.82109375 0.06171875 0.05
0 0.1828125 0.88125 0.06171875 0.0625
0 0.13203125 0.86484375 0.03984375 0.08671875
0 0.9296875 0.6765625 0.05625 0.078125
0 0.03359375 0.8640625 0.0578125 0.090625
0 0.08671875 0.86484375 0.04921875 0.08984375