0 0.32421875 0.42421875 0.04375 0.03828125
0 0.36875 0.42734375 0.04609375 0.03203125
0 0.41875 0.42734375 0.05234375 0.0328125
0 0.46484375 0.42421875 0.0421875 0.0390625
0 0.5078125 0.421875 0.02734375 0.05234375
0 0.5421875 0.41953125 0.0359375 0.040625
0 0.61953125 0.42265625 0.02421875 0.04140625
0 0.5921875 0.42265625 0.028125 0.03984375
0 0.8515625 0.41875 0.06171875 0.05546875
0 0.66015625 0.4265625 0.0578125 0.034375
0 0.72421875 0.42578125 0.0625 0.03828125
0 0.28203125 0.42421875 0.0390625 0.03671875
0 0.784375 0.42578125 0.059375 0.03828125
0 0.5703125 0.4234375 0.01875 0.03671875
0 0.2453125 0.425 0.02578125 0.034375
0 0.92890625 0.5046875 0.0703125 0.01640625
0 0.1640625 0.4234375 0.04609375 0.03046875
0 0.92890625 0.48515625 0.08046875 0.01796875
0 0.9046875 0.428125 0.0484375 0.0359375
0 0.87421875 0.490625 0.021875 0.03984375
0 0.84921875 0.490625 0.02734375 0.0390625
0 0.825 0.49140625 0.01796875 0.040625
0 0.80546875 0.4921875 0.02421875 0.0390625
0 0.21171875 0.4265625 0.053125 0.02265625
0 0.7765625 0.490625 0.03125 0.0359375
0 0.0390625 0.39609375 0.0671875 0.01328125
0 0.03671875 0.41171875 0.06484375 0.01796875
0 0.0359375 0.43046875 0.06875 0.01875
0 0.1046875 0.41171875 0.06484375 0.01796875
0 0.10234375 0.43125 0.06796875 0.0203125
0 0.69453125 0.4984375 0.0765625 0.021875
0 0.74609375 0.4921875 0.02890625 0.0328125
0 0.9515625 0.4296875 0.04375 0.03671875
0 0.440625 0.33984375 0.05390625 0.07265625
0 0.05390625 0.32890625 0.053125 0.04609375
0 0.49453125 0.340625 0.05625 0.0703125
0 0.52421875 0.25859375 0.0765625 0.025
0 0.52265625 0.28046875 0.08046875 0.0140625
0 0.5875 0.25625 0.04453125 0.065625
0 0.62890625 0.26015625 0.03359375 0.05234375
0 0.66171875 0.2609375 0.0328125 0.0515625
0 0.46171875 0.2578125 0.04453125 0.06015625
0 0.63046875 0.4984375 0.0578125 0.02109375
0 0.7359375 0.2609375 0.04375 0.05390625
0 0.76875 0.2609375 0.02421875 0.05859375
0 0.7890625 0.25859375 0.0171875 0.0625
0 0.80859375 0.253125 0.0265625 0.07421875
0 0.83671875 0.2625 0.01953125 0.0546875
0 0.978125 0.26796875 0.04140625 0.0328125
0 0.69609375 0.25859375 0.0359375 0.05703125
0 0.98671875 0.4296875 0.0265625 0.034375
0 0.41953125 0.259375 0.04140625 0.05625
0 0.31171875 0.26328125 0.053125 0.04609375
0 0.10859375 0.3296875 0.059375 0.04375
0 0.15078125 0.35625 0.02421875 0.03359375
0 0.1765625 0.3375 0.02890625 0.0703125
0 0.20546875 0.3390625 0.03046875 0.071875
0 0.2359375 0.33984375 0.028125 0.0703125
0 0.28359375 0.35390625 0.06015625 0.04140625
0 0.3671875 0.26484375 0.053125 0.04609375
0 0.0203125 0.259375 0.03984375 0.04609375
0 0.12265625 0.25625 0.05390625 0.05234375
0 0.1625 0.2578125 0.0234375 0.0546875
0 0.20546875 0.26796875 0.05625 0.0359375
0 0.2859375 0.315625 0.0640625 0.034375
0 0.33515625 0.34609375 0.0359375 0.059375
0 0.38046875 0.359375 0.05390625 0.0328125
0 0.07109375 0.25859375 0.05234375 0.0515625
0 0.628125 0.48125 0.05234375 0.01484375
0 0.64140625 0.71171875 0.02109375 0.034375
0 0.5640625 0.47421875 0.0703125 0.0265625
0 0.47421875 0.76171875 0.0453125 0.0203125
0 0.43671875 0.7828125 0.03359375 0.046875
0 0.32890625 0.784375 0.07421875 0.0453125
0 0.253125 0.78359375 0.07890625 0.0515625
0 0.62578125 0.46484375 0.0484375 0.0171875
0 0.053125 0.7875 0.06875 0.03046875
0 0.5578125 0.3375 0.04765625 0.07578125
0 0.653125 0.3421875 0.0625 0.06875
0 0.71640625 0.36484375 0.0640625 0.0234375
0 0.7203125 0.3421875 0.071875 0.0203125
0 0.6859375 0.72265625 0.025 0.0296875
0 0.71640625 0.7171875 0.03046875 0.03046875
0 0.2328125 0.6546875 0.05625 0.0265625
0 0.1 0.65546875 0.02890625 0.01796875
0 0.47421875 0.7875 0.03671875 0.0328125
0 0.09609375 0.63515625 0.03046875 0.01640625
0 0.0234375 0.64921875 0.046875 0.04609375
0 0.8578125 0.7203125 0.03125 0.03125
0 0.80625 0.72265625 0.02265625 0.03046875
0 0.78359375 0.7203125 0.01953125 0.0265625
0 0.7625 0.7125 0.0203125 0.03203125
0 0.740625 0.7171875 0.01875 0.03046875
0 0.76796875 0.34765625 0.04375 0.05546875
0 0.8140625 0.34453125 0.05 0.0625
0 0.86875 0.34296875 0.04921875 0.0625
0 0.97109375 0.3359375 0.03203125 0.04609375
0 0.29453125 0.65703125 0.05234375 0.03046875
0 0.309375 0.62421875 0.04375 0.01796875
0 0.3515625 0.65703125 0.0515625 0.03125
0 0.41484375 0.63046875 0.04453125 0.0265625
0 0.065625 0.65625 0.0328125 0.02890625
0 0.5109375 0.76953125 0.025 0.04296875
0 0.553125 0.778125 0.04140625 0.05546875
0 0.621875 0.7875 0.02421875 0.03828125
0 0.59921875 0.71796875 0.0296875 0.0359375
0 0.57421875 0.7171875 0.021875 0.02890625
0 0.53359375 0.69765625 0.05703125 0.0203125
0 0.53515625 0.721875 0.05546875 0.02421875
0 0.47109375 0.71875 0.05859375 0.03046875
0 0.41015625 0.7203125 0.06171875 0.02109375
0 0.35078125 0.721875 0.05390625 0.02421875
0 0.3546875 0.69609375 0.05703125 0.0234375
0 0.290625 0.6953125 0.05234375 0.02109375
0 0.296875 0.72109375 0.05625 0.02421875
0 0.234375 0.69765625 0.0515625 0.0203125
0 0.2375 0.7203125 0.05625 0.021875
0 0.1578125 0.65078125 0.090625 0.1125
0 0.140625 0.571875 0.06875 0.04453125
0 0.1796875 0.71953125 0.053125 0.021875
0 0.1140625 0.72109375 0.06640625 0.02421875
0 0.04296875 0.72109375 0.06953125 0.021875
0 0.64765625 0.7828125 0.02890625 0.05078125
0 0.68125 0.78046875 0.04140625 0.0484375
0 0.72109375 0.7796875 0.03125 0.05546875
0 0.77890625 0.77890625 0.04453125 0.05859375
0 0.825 0.78203125 0.046875 0.0578125
0 0.8984375 0.80078125 0.04140625 0.02109375
0 0.41484375 0.6578125 0.06171875 0.0234375
0 0.903125 0.78359375 0.0421875 0.01796875
0 0.9265625 0.7453125 0.0328125 0.01484375
0 0.93984375 0.778125 0.0375 0.01953125
0 0.94375 0.8 0.04140625 0.01796875
0 0.98203125 0.8015625 0.0359375 0.01796875
0 0.97265625 0.7703125 0.03515625 0.0234375
0 0.04296875 0.69765625 0.0765625 0.0234375
0 0.88984375 0.7546875 0.03984375 0.01953125
0 0.48046875 0.65625 0.0625 0.0234375
0 0.13515625 0.78984375 0.06640625 0.0265625
0 0.54453125 0.65625 0.0625 0.0234375
0 0.671875 0.5421875 0.01796875 0.021875
0 0.646875 0.54453125 0.03125 0.0140625
0 0.61015625 0.5703125 0.0390625 0.040625
0 0.57109375 0.56015625 0.0375 0.0625
0 0.52890625 0.57109375 0.01796875 0.0421875
0 0.50859375 0.571875 0.02421875 0.040625
0 0.4890625 0.5703125 0.01484375 0.0375
0 0.46484375 0.57109375 0.02109375 0.04375
0 0.475 0.6265625 0.05078125 0.028125
0 0.4375 0.56875 0.021875 0.03671875
0 0.41484375 0.56953125 0.02421875 0.03828125
0 0.38828125 0.57265625 0.0265625 0.03671875
0 0.3578125 0.57265625 0.03359375 0.0390625
0 0.66171875 0.7171875 0.015625 0.03203125
0 0.2890625 0.571875 0.0375 0.03828125
0 0.24921875 0.57734375 0.034375 0.025
0 0.215625 0.5765625 0.034375 0.028125
0 0.2484375 0.54765625 0.0359375 0.02890625
0 0.2125 0.5484375 0.03359375 0.02890625
0 0.07578125 0.5609375 0.040625 0.05390625
0 0.9234375 0.68203125 0.09453125 0.053125
0 0.64609375 0.57109375 0.021875 0.0375
0 0.98359375 0.63125 0.03203125 0.02578125
0 0.6703125 0.5734375 0.0234375 0.0390625
0 0.71953125 0.57421875 0.0234375 0.034375
0 0.56640625 0.49921875 0.06640625 0.0234375
0 0.50546875 0.49921875 0.05234375 0.021875
0 0.44375 0.4953125 0.071875 0.0203125
0 0.44375 0.47421875 0.06875 0.0234375
0 0.36953125 0.4734375 0.0796875 0.025
0 0.3734375 0.496875 0.0734375 0.02109375
0 0.3015625 0.4953125 0.0703125 0.021875
0 0.2328125 0.496875 0.05546875 0.0265625
0 0.23046875 0.47109375 0.0640625 0.021875
0 0.171875 0.4953125 0.0578125 0.02578125
0 0.12109375 0.4921875 0.0421875 0.03203125
0 0.06171875 0.48203125 0.0421875 0.05234375
0 0.01953125 0.48671875 0.0375 0.03828125
0 0.97109375 0.56328125 0.0578125 0.02421875
0 0.90859375 0.56328125 0.0609375 0.02421875
0 0.86484375 0.57421875 0.02890625 0.04296875
0 0.83515625 0.571875 0.02890625 0.03828125
0 0.8078125 0.57421875 0.02578125 0.0359375
0 0.80390625 0.54921875 0.02109375 0.0140625
0 0.775 0.571875 0.028125 0.0453125
0 0.74609375 0.575 0.0296875 0.03828125
0 0.69453125 0.57109375 0.025 0.0390625
0 0.98359375 0.60859375 0.03203125 0.02109375
0 0.3234375 0.571875 0.03359375 0.03828125
0 0.68125 0.615625 0.02890625 0.0078125
0 0.6921875 0.65 0.025 0.04140625
0 0.71953125 0.6515625 0.028125 0.0390625
0 0.7484375 0.62578125 0.021875 0.01328125
0 0.74375 0.6515625 0.02109375 0.0390625
0 0.784375 0.6515625 0.02578125 0.0390625
0 0.8109375 0.65 0.0265625 0.03984375
0 0.8375 0.65234375 0.0296875 0.04296875
0 0.86015625 0.65390625 0.015625 0.03984375
0 0.76328125 0.6515625 0.0171875 0.0390625
0 0.89921875 0.63046875 0.04375 0.021875
0 0.93984375 0.609375 0.04296875 0.02421875
0 0.9421875 0.6328125 0.04296875 0.0203125
0 0.66640625 0.65078125 0.028125 0.046875
0 0.63671875 0.6515625 0.025 0.04140625
0 0.54453125 0.63828125 0.0625 0.015625
0 0.58828125 0.65078125 0.02578125 0.0375
0 0.90078125 0.60859375 0.03984375 0.025
0 0.61171875 0.65 0.0203125 0.03984375