0 0.52421875 0.45078125 0.065625 0.0578125
0 0.421875 0.4421875 0.04453125 0.05625
0 0.4671875 0.44921875 0.04765625 0.0625
0 0.490625 0.90703125 0.05078125 0.08125
0 0.37734375 0.4421875 0.04296875 0.0546875
0 0.73984375 0.465625 0.07421875 0.06484375
0 0.85546875 0.359375 0.11640625 0.046875
0 0.8609375 0.534375 0.05234375 0.11796875
0 0.9328125 0.5390625 0.06640625 0.1078125
0 0.95234375 0.3375 0.07578125 0.0625
0 0.85625 0.409375 0.11796875 0.053125
0 0.74453125 0.36171875 0.0859375 0.10859375
0 0.33515625 0.4390625 0.03984375 0.05390625
0 0.80859375 0.52734375 0.05390625 0.10390625
0 0.29375 0.4328125 0.0453125 0.05234375
0 0.0921875 0.53203125 0.01796875 0.0453125
0 0.2078125 0.428125 0.03671875 0.0515625
0 0.16875 0.4265625 0.04140625 0.05625
0 0.13203125 0.42265625 0.03359375 0.046875
0 0.1046875 0.4359375 0.01953125 0.0734375
0 0.08671875 0.434375 0.01796875 0.0703125
0 0.06640625 0.42890625 0.021875 0.08125
0 0.03984375 0.428125 0.03046875 0.07890625
0 0.015625 0.51171875 0.03125 0.0640625
0 0.0484375 0.52421875 0.02421875 0.0484375
0 0.0734375 0.52890625 0.02109375 0.040625
0 0.65390625 0.3578125 0.09375 0.0984375
0 0.12265625 0.496875 0.03671875 0.04921875
0 0.159375 0.49921875 0.0328125 0.053125
0 0.2 0.5 0.0484375 0.0484375
0 0.24921875 0.4296875 0.04375 0.05390625
0 0.5765625 0.3671875 0.0609375 0.0796875
0 0.36484375 0.80078125 0.02890625 0.0296875
0 0.465625 0.36328125 0.0546875 0.078125
0 0.1609375 0.73125 0.02578125 0.059375
0 0.1328125 0.72734375 0.03203125 0.0671875
0 0.09453125 0.709375 0.0234375 0.0453125
0 0.07265625 0.70859375 0.021875 0.046875
0 0.05 0.703125 0.02109375 0.04453125
0 0.028125 0.6953125 0.02109375 0.04140625
0 0.1875 0.7421875 0.02890625 0.07109375
0 0.0640625 0.8046875 0.0234375 0.07265625
0 0.02109375 0.79375 0.0140625 0.0640625
0 0.62578125 0.0890625 0.06484375 0.11640625
0 0.56640625 0.09609375 0.046875 0.10625
0 0.51328125 0.0984375 0.06015625 0.109375
0 0.45703125 0.0984375 0.05078125 0.10859375
0 0.4078125 0.109375 0.0484375 0.0921875
0 0.0390625 0.796875 0.0234375 0.0578125
0 0.5203125 0.3640625 0.05390625 0.075
0 0.221875 0.7453125 0.04140625 0.065625
0 0.28515625 0.7578125 0.03203125 0.06875
0 0.44453125 0.90234375 0.040625 0.0921875
0 0.396875 0.884375 0.0546875 0.0859375
0 0.34375 0.865625 0.04609375 0.0875
0 0.296875 0.85625 0.046875 0.0734375
0 0.2484375 0.84140625 0.04609375 0.090625
0 0.20546875 0.8328125 0.040625 0.075
0 0.2546875 0.7515625 0.02578125 0.06875
0 0.1671875 0.8328125 0.0359375 0.075
0 0.09609375 0.8125 0.03984375 0.065625
0 0.390625 0.803125 0.01796875 0.02578125
0 0.2796875 0.51328125 0.0375 0.05625
0 0.33984375 0.79140625 0.02109375 0.0265625
0 0.315625 0.7875 0.025 0.02109375
0 0.3578125 0.7609375 0.034375 0.0265625
0 0.13515625 0.8234375 0.028125 0.05625
0 0.3234375 0.5171875 0.04375 0.04765625
0 0.525 0.61796875 0.0421875 0.05
0 0.42265625 0.52578125 0.04609375 0.05
0 0.6984375 0.85703125 0.05546875 0.059375
0 0.6484375 0.8484375 0.04453125 0.07265625
0 0.60390625 0.834375 0.04296875 0.065625
0 0.55703125 0.8234375 0.04765625 0.06171875
0 0.4125 0.3609375 0.05078125 0.07265625
0 0.36015625 0.3578125 0.0515625 0.071875
0 0.309375 0.35625 0.0484375 0.0734375
0 0.26328125 0.35390625 0.04453125 0.06875
0 0.171875 0.35 0.0375 0.06484375
0 0.1296875 0.3484375 0.04765625 0.06796875
0 0.03359375 0.334375 0.02734375 0.06484375
0 0.01015625 0.33125 0.01953125 0.0703125
0 0.02109375 0.24609375 0.03515625 0.0703125
0 0.0578125 0.24765625 0.03984375 0.0734375
0 0.12421875 0.2515625 0.025 0.059375
0 0.15 0.253125 0.0265625 0.059375
0 0.1734375 0.25390625 0.0234375 0.0609375
0 0.35703125 0.1140625 0.053125 0.084375
0 0.68828125 0.0859375 0.06015625 0.1109375
0 0.74765625 0.0984375 0.04765625 0.084375
0 0.79765625 0.09375 0.05234375 0.08671875
0 0.8828125 0.1203125 0.12265625 0.040625
0 0.93046875 0.2640625 0.10859375 0.08671875
0 0.82421875 0.92109375 0.19765625 0.1578125
0 0.82109375 0.2765625 0.05703125 0.053125
0 0.43515625 0.2375 0.059375 0.10078125
0 0.37734375 0.2359375 0.05703125 0.09921875
0 0.3265625 0.2390625 0.04296875 0.09375
0 0.2796875 0.23828125 0.05234375 0.0953125
0 0.2328125 0.253125 0.03203125 0.0625
0 0.20234375 0.25234375 0.03203125 0.0609375
0 0.52421875 0.2515625 0.04765625 0.06875
0 0.71171875 0.746875 0.065625 0.05859375
0 0.6515625 0.73671875 0.05078125 0.0640625
0 0.59921875 0.728125 0.04765625 0.0578125
0 0.31328125 0.58984375 0.04609375 0.0515625
0 0.36171875 0.5953125 0.04765625 0.05703125
0 0.43828125 0.60546875 0.04921875 0.05
0 0.48203125 0.6109375 0.03828125 0.059375
0 0.56796875 0.62421875 0.0421875 0.06328125
0 0.61953125 0.6328125 0.05703125 0.0515625
0 0.27265625 0.58671875 0.03359375 0.059375
0 0.6734375 0.6375 0.0484375 0.06328125
0 0.7265625 0.553125 0.0546875 0.0546875
0 0.67421875 0.553125 0.05 0.05390625
0 0.6203125 0.54453125 0.06015625 0.05625
0 0.565625 0.5390625 0.05078125 0.059375
0 0.515625 0.5375 0.04921875 0.05546875
0 0.46796875 0.53125 0.04296875 0.059375
0 0.73125 0.64375 0.0703125 0.0609375
0 0.36640625 0.51875 0.040625 0.05390625
0 0.23515625 0.58203125 0.04296875 0.0515625
0 0.16171875 0.57109375 0.03828125 0.04765625
0 0.55234375 0.721875 0.04453125 0.065625
0 0.50234375 0.703125 0.05078125 0.0625
0 0.453125 0.696875 0.04140625 0.06640625
0 0.40546875 0.68828125 0.0484375 0.0578125
0 0.359375 0.6828125 0.04140625 0.06875
0 0.3109375 0.67578125 0.05078125 0.0609375
0 0.19765625 0.57421875 0.0328125 0.053125
0 0.2640625 0.665625 0.0421875 0.06484375
0 0.1796875 0.64921875 0.04140625 0.065625
0 0.1328125 0.64453125 0.05 0.05625
0 0.04296875 0.64765625 0.04375 0.046875
0 0.0859375 0.653125 0.03671875 0.0421875
0 0.08984375 0.6078125 0.03671875 0.0390625
0 0.04765625 0.603125 0.03828125 0.04375
0 0.2203125 0.65625 0.040625 0.05390625
0 0.3 0.1171875 0.05703125 0.08984375
0 0.21484375 0.3515625 0.046875 0.0703125
0 0.21484375 0.1203125 0.04140625 0.08984375
0 0.25390625 0.11875 0.03671875 0.0875
0 0.5453125 0.91953125 0.059375 0.0890625
0 0.60625 0.93984375 0.06171875 0.1078125
0 0.43125 0.80078125 0.0640625 0.0546875
0 0.01875 0.15 0.02890625 0.0953125
0 0.67265625 0.953125 0.06953125 0.0859375
0 0.07421875 0.146875 0.02734375 0.0984375
0 0.096875 0.14453125 0.02109375 0.1015625
0 0.12734375 0.12578125 0.0390625 0.0859375
0 0.16953125 0.1171875 0.04609375 0.09609375
0 0.04609375 0.14921875 0.02734375 0.09375