0 0.6015625 0.828125 0.059375 0.04609375
0 0.853125 0.21953125 0.0421875 0.12109375
0 0.8625 0.46953125 0.028125 0.07890625
0 0.71171875 0.46875 0.01953125 0.075
0 0.68671875 0.46796875 0.021875 0.078125
0 0.6578125 0.46875 0.02265625 0.07578125
0 0.62890625 0.46953125 0.0234375 0.078125
0 0.6 0.46875 0.0203125 0.07734375
0 0.5703125 0.46875 0.02890625 0.07734375
0 0.5421875 0.46875 0.02265625 0.078125
0 0.8953125 0.46953125 0.0234375 0.07890625
0 0.515625 0.46875 0.02265625 0.0765625
0 0.45625 0.47109375 0.02578125 0.0796875
0 0.425 0.46953125 0.02734375 0.078125
0 0.39609375 0.46875 0.02421875 0.07578125
0 0.340625 0.4765625 0.03046875 0.08203125
0 0.30859375 0.475 0.028125 0.08203125
0 0.27578125 0.475 0.03125 0.08359375
0 0.24453125 0.475 0.028125 0.08125
0 0.2125 0.47421875 0.028125 0.08203125
0 0.4859375 0.46875 0.02421875 0.0796875
0 0.92421875 0.46953125 0.021875 0.07890625
0 0.98125 0.46953125 0.028125 0.071875
0 0.0234375 0.56640625 0.046875 0.04375
0 0.6359375 0.5984375 0.02421875 0.06640625
0 0.60546875 0.5984375 0.0265625 0.06640625
0 0.5734375 0.5984375 0.025 0.0640625
0 0.53984375 0.59140625 0.03046875 0.059375
0 0.50859375 0.58984375 0.0234375 0.06015625
0 0.48203125 0.58984375 0.025 0.06015625
0 0.4546875 0.58984375 0.0203125 0.0625
0 0.278125 0.6125 0.06171875 0.03984375
0 0.2125 0.6140625 0.05859375 0.04296875
0 0.14609375 0.61484375 0.0609375 0.04375
0 0.08046875 0.6140625 0.06015625 0.04453125
0 0.021875 0.61328125 0.04375 0.040625
0 0.34296875 0.6125 0.06015625 0.04140625
0 0.40703125 0.61171875 0.0578125 0.04140625
0 0.4046875 0.56640625 0.05703125 0.0390625
0 0.34296875 0.56796875 0.05859375 0.03984375
0 0.278125 0.56875 0.05703125 0.04140625
0 0.2125 0.56796875 0.06328125 0.04375
0 0.14765625 0.5671875 0.06328125 0.04140625
0 0.1796875 0.47421875 0.03125 0.08359375
0 0.14609375 0.47421875 0.0296875 0.08359375
0 0.11328125 0.47578125 0.03046875 0.0828125
0 0.078125 0.475 0.03125 0.0828125
0 0.08046875 0.3484375 0.05 0.11953125
0 0.0265625 0.3484375 0.04375 0.11640625
0 0.95703125 0.22265625 0.0515625 0.11953125
0 0.90234375 0.22109375 0.046875 0.12109375
0 0.80234375 0.21953125 0.0453125 0.12109375
0 0.746875 0.21953125 0.04765625 0.121875
0 0.69296875 0.21953125 0.04296875 0.12265625
0 0.64140625 0.21875 0.0484375 0.12109375
0 0.5875 0.21875 0.046875 0.1234375
0 0.5375 0.2203125 0.0453125 0.12109375
0 0.48515625 0.2203125 0.04765625 0.12109375
0 0.43203125 0.21953125 0.05 0.12265625
0 0.37734375 0.21953125 0.04765625 0.12421875
0 0.32578125 0.21875 0.04921875 0.12265625
0 0.27109375 0.21796875 0.05234375 0.1234375
0 0.21640625 0.21640625 0.04765625 0.12578125
0 0.16484375 0.215625 0.04609375 0.12109375
0 0.11171875 0.2171875 0.04921875 0.12265625
0 0.0578125 0.21640625 0.0484375 0.1203125
0 0.1328125 0.34765625 0.0484375 0.11953125
0 0.66796875 0.6 0.02734375 0.06953125
0 0.18828125 0.35 0.0484375 0.1203125
0 0.28984375 0.3515625 0.0453125 0.1203125
0 0.04609375 0.4765625 0.03046875 0.08203125
0 0.0140625 0.47578125 0.028125 0.0828125
0 0.96953125 0.35 0.05234375 0.115625
0 0.915625 0.34921875 0.04609375 0.1140625
0 0.86328125 0.34921875 0.0453125 0.1125
0 0.81796875 0.33984375 0.03046875 0.08984375
0 0.76171875 0.4828125 0.040625 0.15546875
0 0.81328125 0.4125 0.02578125 0.0375
0 0.8203125 0.4578125 0.02578125 0.03984375
0 0.79609375 0.48828125 0.0171875 0.04765625
0 0.7484375 0.3703125 0.02265625 0.05
0 0.70625 0.34765625 0.03046875 0.115625
0 0.65859375 0.35 0.04921875 0.11640625
0 0.60625 0.3515625 0.046875 0.11328125
0 0.55546875 0.35078125 0.046875 0.1140625
0 0.5015625 0.35 0.0515625 0.11640625
0 0.4484375 0.3515625 0.05 0.11796875
0 0.39609375 0.35 0.04921875 0.11796875
0 0.3453125 0.35078125 0.04453125 0.12109375
0 0.240625 0.3484375 0.046875 0.1171875
0 0.7 0.59921875 0.02421875 0.065625
0 0.0828125 0.56796875 0.0609375 0.04609375
0 0.75625 0.6 0.0296875 0.06640625
0 0.0734375 0.73984375 0.0609375 0.0421875
0 0.1390625 0.740625 0.0640625 0.0453125
0 0.20546875 0.7390625 0.06015625 0.04296875
0 0.27109375 0.7421875 0.0609375 0.04140625
0 0.33828125 0.740625 0.059375 0.0390625
0 0.4046875 0.7390625 0.06015625 0.040625
0 0.47109375 0.7390625 0.06171875 0.04296875
0 0.53828125 0.73984375 0.05546875 0.03984375
0 0.60390625 0.7390625 0.0609375 0.03984375
0 0.07265625 0.78515625 0.0625 0.03671875
0 0.140625 0.784375 0.05859375 0.0390625
0 0.20625 0.78515625 0.06015625 0.04296875
0 0.73203125 0.8265625 0.0609375 0.0359375
0 0.2734375 0.7859375 0.0609375 0.0421875
0 0.40546875 0.78515625 0.06171875 0.04296875
0 0.728125 0.5984375 0.021875 0.06640625
0 0.53671875 0.7828125 0.0609375 0.04375
0 0.60390625 0.7828125 0.05859375 0.03828125
0 0.0765625 0.828125 0.06484375 0.04140625
0 0.14140625 0.82734375 0.05703125 0.04296875
0 0.20859375 0.83046875 0.059375 0.040625
0 0.2734375 0.8296875 0.06015625 0.03984375
0 0.3375 0.83046875 0.06328125 0.03984375
0 0.4046875 0.83046875 0.06015625 0.040625
0 0.4703125 0.82890625 0.06328125 0.04296875
0 0.53828125 0.82890625 0.06015625 0.04296875
0 0.3390625 0.7859375 0.0578125 0.04140625
0 0.66640625 0.8265625 0.05703125 0.04140625
0 0.471875 0.784375 0.06015625 0.03828125
0 0.796875 0.8265625 0.0546875 0.04296875
0 0.33828125 0.690625 0.059375 0.04453125
0 0.86328125 0.825 0.06640625 0.040625
0 0.271875 0.69453125 0.0609375 0.046875
0 0.20546875 0.69375 0.0625 0.04375
0 0.13984375 0.69375 0.05859375 0.04140625
0 0.0703125 0.69375 0.0609375 0.04296875
0 0.9796875 0.5984375 0.0265625 0.0671875
0 0.91640625 0.59765625 0.03125 0.06953125
0 0.88203125 0.596875 0.03125 0.06953125
0 0.85078125 0.5984375 0.02578125 0.06640625
0 0.7890625 0.5984375 0.02265625 0.06640625
0 0.40859375 0.69140625 0.06171875 0.04609375
0 0.4734375 0.6921875 0.059375 0.04453125
0 0.82421875 0.60078125 0.02109375 0.06328125
0 0.60625 0.6921875 0.05625 0.04453125
0 0.9296875 0.8234375 0.0578125 0.0390625
0 0.92734375 0.77890625 0.05625 0.03515625
0 0.5390625 0.6921875 0.06015625 0.04453125
0 0.79765625 0.78125 0.06328125 0.04140625
0 0.73125 0.78203125 0.059375 0.03828125
0 0.66953125 0.78359375 0.0578125 0.0390625
0 0.86328125 0.78203125 0.05703125 0.0390625
0 0.86640625 0.7390625 0.06015625 0.04296875
0 0.79921875 0.73828125 0.0640625 0.04296875
0 0.734375 0.73671875 0.05859375 0.04296875
0 0.66875 0.7375 0.05625 0.04140625
0 0.93046875 0.73671875 0.05625 0.03984375