0 0.7953125 0.43125 0.0234375 0.0828125
0 0.7375 0.29375 0.0265625 0.0921875
0 0.65546875 0.29765625 0.02265625 0.0921875
0 0.23828125 0.4234375 0.0140625 0.059375
0 0.22578125 0.4234375 0.0140625 0.059375
0 0.7734375 0.2953125 0.02109375 0.08671875
0 0.80703125 0.3015625 0.02734375 0.096875
0 0.12890625 0.5671875 0.02890625 0.0546875
0 0.0734375 0.5015625 0.03203125 0.103125
0 0.159375 0.428125 0.02265625 0.04921875
0 0.14296875 0.41484375 0.0140625 0.059375
0 0.85625 0.3015625 0.02109375 0.10078125
0 0.88828125 0.303125 0.02421875 0.09453125
0 0.93359375 0.303125 0.02890625 0.0953125
0 0.9828125 0.29453125 0.03359375 0.1015625
0 0.98046875 0.4296875 0.0375 0.07734375
0 0.871875 0.42890625 0.0265625 0.0875
0 0.840625 0.42890625 0.0234375 0.08125
0 0.19296875 0.42265625 0.0140625 0.059375
0 0.775 0.43125 0.01171875 0.07421875
0 0.17890625 0.4234375 0.0140625 0.059375
0 0.52734375 0.428125 0.01171875 0.06640625
0 0.2765625 0.42578125 0.0171875 0.0734375
0 0.35 0.43125 0.01796875 0.0734375
0 0.37265625 0.4265625 0.01796875 0.0734375
0 0.3953125 0.428125 0.01796875 0.0734375
0 0.415625 0.425 0.01796875 0.0734375
0 0.44296875 0.4296875 0.01796875 0.0734375
0 0.1625 0.5671875 0.0359375 0.05859375
0 0.478125 0.4265625 0.01171875 0.06640625
0 0.48828125 0.4296875 0.01171875 0.06640625
0 0.515625 0.425 0.01171875 0.06640625
0 0.3296875 0.4265625 0.01796875 0.0734375
0 0.55546875 0.43125 0.0109375 0.06328125
0 0.56796875 0.43359375 0.0109375 0.06328125
0 0.65 0.42734375 0.0109375 0.0625
0 0.66171875 0.42890625 0.0109375 0.06328125
0 0.671875 0.428125 0.0109375 0.06328125
0 0.68203125 0.4296875 0.0109375 0.06328125
0 0.6328125 0.4296875 0.0109375 0.065625
0 0.6234375 0.43359375 0.0109375 0.065625
0 0.6125 0.4296875 0.0109375 0.065625
0 0.6015625 0.428125 0.0125 0.0671875
0 0.725 0.43203125 0.0171875 0.065625
0 0.73828125 0.43203125 0.01171875 0.065625
0 0.30859375 0.425 0.01796875 0.0734375
0 0.76171875 0.43359375 0.01484375 0.071875
0 0.2 0.5640625 0.0296875 0.0515625
0 0.65625 0.56171875 0.02734375 0.0734375
0 0.26171875 0.565625 0.02578125 0.05546875
0 0.65234375 0.68671875 0.025 0.0796875
0 0.6234375 0.68671875 0.025 0.075
0 0.59609375 0.6875 0.02578125 0.078125
0 0.56875 0.6890625 0.02890625 0.0765625
0 0.54140625 0.6875 0.0265625 0.07578125
0 0.60234375 0.2953125 0.02734375 0.09375
0 0.5046875 0.6859375 0.03046875 0.078125
0 0.4765625 0.6859375 0.02421875 0.07890625
0 0.4453125 0.6875 0.02734375 0.075
0 0.42109375 0.6875 0.02265625 0.075
0 0.39765625 0.6875 0.02421875 0.0765625
0 0.37109375 0.6859375 0.028125 0.075
0 0.34453125 0.68671875 0.025 0.0734375
0 0.3171875 0.6875 0.02578125 0.07421875
0 0.28828125 0.68671875 0.02578125 0.07265625
0 0.26328125 0.6875 0.021875 0.075
0 0.2359375 0.6875 0.02890625 0.07421875
0 0.67890625 0.6859375 0.025 0.07734375
0 0.20859375 0.68828125 0.0234375 0.0734375
0 0.70703125 0.6875 0.02578125 0.075
0 0.76484375 0.690625 0.03203125 0.0734375
0 0.69375 0.565625 0.03046875 0.06953125
0 0.72734375 0.5640625 0.03125 0.0703125
0 0.75703125 0.56328125 0.02578125 0.071875
0 0.790625 0.56328125 0.03515625 0.071875
0 0.82890625 0.565625 0.034375 0.0734375
0 0.8640625 0.5625 0.03203125 0.0734375
0 0.8984375 0.5640625 0.02734375 0.075
0 0.93203125 0.56171875 0.0375 0.078125
0 0.97734375 0.559375 0.0421875 0.07890625
0 0.93828125 0.66640625 0.1 0.01796875
0 0.83671875 0.665625 0.10078125 0.02265625
0 0.8375 0.68515625 0.10078125 0.015625
0 0.8375 0.7015625 0.103125 0.015625
0 0.83671875 0.71875 0.10390625 0.01875
0 0.93984375 0.72109375 0.10078125 0.015625
0 0.94140625 0.70390625 0.09921875 0.0203125
0 0.940625 0.68515625 0.09921875 0.015625
0 0.734375 0.6875 0.02421875 0.078125
0 0.18125 0.68984375 0.02890625 0.071875
0 0.15625 0.6890625 0.021875 0.07265625
0 0.1296875 0.6859375 0.03046875 0.0734375
0 0.8890625 0.84296875 0.02890625 0.07265625
0 0.915625 0.8421875 0.025 0.0734375
0 0.94453125 0.84296875 0.02890625 0.0734375
0 0.97421875 0.84375 0.02734375 0.0796875
0 0.01953125 0.52265625 0.03828125 0.0625
0 0.1109375 0.5140625 0.03984375 0.04765625
0 0.625 0.5640625 0.02734375 0.0734375
0 0.5984375 0.5625 0.0265625 0.06875
0 0.56640625 0.56015625 0.03203125 0.07421875
0 0.53125 0.56875 0.03125 0.059375
0 0.49921875 0.56875 0.03125 0.0578125
0 0.46640625 0.56796875 0.03203125 0.05625
0 0.4296875 0.56640625 0.02734375 0.05625
0 0.39609375 0.56796875 0.03359375 0.0578125
0 0.3625 0.565625 0.02890625 0.05859375
0 0.33359375 0.56484375 0.02578125 0.05625
0 0.29921875 0.56484375 0.03984375 0.05625
0 0.821875 0.821875 0.09765625 0.040625
0 0.8203125 0.8609375 0.09921875 0.0359375
0 0.72109375 0.82265625 0.1 0.0390625
0 0.7203125 0.8609375 0.09921875 0.034375
0 0.059375 0.67265625 0.10078125 0.10078125
0 0.075 0.8234375 0.09765625 0.1015625
0 0.15078125 0.83671875 0.028125 0.0703125
0 0.18125 0.83671875 0.0328125 0.07265625
0 0.2140625 0.834375 0.03203125 0.0734375
0 0.25078125 0.83671875 0.0328125 0.0703125
0 0.2859375 0.8375 0.025 0.0734375
0 0.31328125 0.8375 0.02734375 0.0734375
0 0.23203125 0.5640625 0.03203125 0.0546875
0 0.34375 0.8359375 0.03125 0.0765625
0 0.425 0.8484375 0.034375 0.05234375
0 0.459375 0.8484375 0.03125 0.0515625
0 0.496875 0.853125 0.03203125 0.05
0 0.53125 0.85390625 0.03515625 0.046875
0 0.58046875 0.83671875 0.028125 0.071875
0 0.60625 0.840625 0.02265625 0.0703125
0 0.634375 0.84140625 0.02421875 0.06640625
0 0.65859375 0.8421875 0.01953125 0.06875
0 0.37890625 0.8375 0.03203125 0.07421875
0 0.56640625 0.2984375 0.02734375 0.09296875
0 0.68984375 0.303125 0.02265625 0.09140625
0 0.4796875 0.29609375 0.02265625 0.0875
0 0.52265625 0.29375 0.01796875 0.0953125
0 0.06875 0.2125 0.06484375 0.0984375
0 0.028125 0.32734375 0.03203125 0.0859375
0 0.08125 0.33125 0.0640625 0.09765625
0 0.190625 0.29296875 0.0234375 0.0875
0 0.22109375 0.2921875 0.02265625 0.08828125
0 0.146875 0.28671875 0.02421875 0.1
0 0.27265625 0.290625 0.02734375 0.0828125
0 0.3140625 0.303125 0.02421875 0.09453125
0 0.35234375 0.2984375 0.0234375 0.08984375
0 0.39296875 0.303125 0.028125 0.0953125
0 0.4375 0.3 0.0265625 0.09765625
0 0.246875 0.29921875 0.01640625 0.084375