0 0.1953125 0.4109375 0.02890625 0.0828125
0 0.153125 0.31328125 0.0390625 0.06171875
0 0.11875 0.31015625 0.021875 0.059375
0 0.09453125 0.3109375 0.0265625 0.05703125
0 0.05546875 0.30390625 0.03046875 0.0796875
0 0.025 0.30234375 0.03125 0.0828125
0 0.96484375 0.18046875 0.05078125 0.10234375
0 0.1921875 0.31015625 0.040625 0.06953125
0 0.4375 0.41171875 0.05 0.1046875
0 0.340625 0.40703125 0.0515625 0.10390625
0 0.31640625 0.2953125 0.04296875 0.08671875
0 0.3890625 0.30078125 0.03984375 0.08125
0 0.55703125 0.29609375 0.03515625 0.103125
0 0.671875 0.3328125 0.04765625 0.09921875
0 0.721875 0.32109375 0.0484375 0.1203125
0 0.771875 0.3234375 0.05078125 0.12421875
0 0.82734375 0.3234375 0.0546875 0.125
0 0.39140625 0.4078125 0.0421875 0.10078125
0 0.93125 0.3421875 0.0515625 0.09296875
0 0.978125 0.34609375 0.04375 0.1015625
0 0.03828125 0.40625 0.0375 0.08515625
0 0.07265625 0.4046875 0.0296875 0.08125
0 0.1046875 0.40625 0.03359375 0.08046875
0 0.1359375 0.40703125 0.0296875 0.078125
0 0.1640625 0.4109375 0.02734375 0.0828125
0 0.35390625 0.29921875 0.03046875 0.07734375
0 0.88515625 0.3421875 0.03984375 0.0921875
0 0.13046875 0.59375 0.03046875 0.06171875
0 0.73046875 0.79453125 0.05078125 0.0734375
0 0.80234375 0.58515625 0.06015625 0.10078125
0 0.740625 0.578125 0.06015625 0.09375
0 0.67734375 0.575 0.05625 0.096875
0 0.55390625 0.54296875 0.03515625 0.08203125
0 0.34140625 0.5296875 0.01328125 0.028125
0 0.3546875 0.5359375 0.0171875 0.0328125
0 0.31484375 0.54375 0.0359375 0.01328125
0 0.51953125 0.54609375 0.0296875 0.0328125
0 0.4875 0.54375 0.03125 0.0296875
0 0.453125 0.540625 0.02265625 0.0328125
0 0.42734375 0.5390625 0.021875 0.03359375
0 0.4046875 0.53828125 0.0171875 0.034375
0 0.38046875 0.5375 0.0296875 0.0375
0 0.31484375 0.52421875 0.03515625 0.02421875
0 0.209375 0.50859375 0.03125 0.07578125
0 0.17578125 0.51328125 0.034375 0.06484375
0 0.1484375 0.51328125 0.02109375 0.05859375
0 0.11875 0.5109375 0.03359375 0.0625
0 0.08515625 0.50703125 0.02890625 0.0609375
0 0.05859375 0.50625 0.02734375 0.059375
0 0.9125 0.18046875 0.053125 0.09921875
0 0.97890625 0.47265625 0.03984375 0.1
0 0.83359375 0.446875 0.18671875 0.078125
0 0.71328125 0.46328125 0.03828125 0.0875
0 0.6734375 0.4609375 0.03828125 0.090625
0 0.53046875 0.41171875 0.06640625 0.10390625
0 0.4796875 0.41171875 0.03515625 0.10546875
0 0.86640625 0.590625 0.0640625 0.09375
0 0.7890625 0.8125 0.0578125 0.1015625
0 0.93203125 0.6 0.0671875 0.11171875
0 0.0703125 0.5875 0.03359375 0.06484375
0 0.6765625 0.7890625 0.0546875 0.08359375
0 0.54453125 0.765625 0.04375 0.06484375
0 0.5015625 0.76015625 0.0421875 0.07421875
0 0.459375 0.7515625 0.0421875 0.05546875
0 0.41796875 0.73828125 0.04375 0.08125
0 0.3796875 0.728125 0.03203125 0.0609375
0 0.3484375 0.72578125 0.03125 0.065625
0 0.21015625 0.69296875 0.03515625 0.0734375
0 0.1734375 0.68828125 0.0296875 0.0765625
0 0.14296875 0.6828125 0.03203125 0.06796875
0 0.978125 0.72421875 0.04375 0.0953125
0 0.9234375 0.7203125 0.06328125 0.0984375
0 0.85546875 0.70390625 0.06640625 0.08828125
0 0.78984375 0.69765625 0.05546875 0.10078125
0 0.7328125 0.6890625 0.05859375 0.08671875
0 0.67734375 0.68359375 0.05234375 0.0953125
0 0.55546875 0.6515625 0.034375 0.10234375
0 0.51875 0.6484375 0.0390625 0.09453125
0 0.48359375 0.64453125 0.02890625 0.09921875
0 0.446875 0.6375 0.03828125 0.09765625
0 0.4109375 0.63515625 0.03515625 0.1015625
0 0.37578125 0.62890625 0.034375 0.08984375
0 0.33984375 0.62734375 0.03515625 0.09375
0 0.21328125 0.6 0.03359375 0.06640625
0 0.18515625 0.5984375 0.025 0.0703125
0 0.1578125 0.59765625 0.01953125 0.05625
0 0.10234375 0.590625 0.0296875 0.059375
0 0.98359375 0.60703125 0.0328125 0.1046875
0 0.8625 0.18046875 0.0484375 0.09765625
0 0.47421875 0.29375 0.040625 0.09453125
0 0.76796875 0.1859375 0.0453125 0.08359375
0 0.72421875 0.05703125 0.0515625 0.10703125
0 0.67421875 0.05703125 0.05 0.1078125
0 0.5578125 0.05078125 0.05078125 0.07578125
0 0.509375 0.053125 0.04296875 0.08125
0 0.4640625 0.05390625 0.04609375 0.08125
0 0.421875 0.06328125 0.0375 0.0640625
0 0.3796875 0.06328125 0.04296875 0.06796875
0 0.33984375 0.065625 0.03671875 0.07421875
0 0.2984375 0.06171875 0.0421875 0.078125
0 0.12890625 0.0875 0.03359375 0.0796875
0 0.090625 0.08671875 0.0390625 0.075
0 0.059375 0.0890625 0.021875 0.08515625
0 0.96875 0.8390625 0.053125 0.103125
0 0.91171875 0.83046875 0.05703125 0.1109375
0 0.85078125 0.81953125 0.065625 0.0890625
0 0.778125 0.05625 0.04296875 0.09921875
0 0.8453125 0.04921875 0.05703125 0.0984375
0 0.02734375 0.090625 0.04296875 0.08125
0 0.95234375 0.05234375 0.03984375 0.0921875
0 0.71484375 0.2171875 0.04375 0.02890625
0 0.671875 0.1890625 0.0359375 0.08359375
0 0.9046875 0.05390625 0.05078125 0.09921875
0 0.50859375 0.1734375 0.0421875 0.10546875
0 0.46484375 0.17734375 0.04296875 0.09765625
0 0.421875 0.178125 0.03671875 0.1
0 0.38125 0.18125 0.03515625 0.09453125
0 0.3390625 0.17734375 0.03203125 0.103125
0 0.5515625 0.18359375 0.04375 0.08203125
0 0.15546875 0.190625 0.03203125 0.0625
0 0.1203125 0.190625 0.03203125 0.0609375
0 0.81640625 0.18515625 0.0453125 0.0890625
0 0.090625 0.19140625 0.025 0.0640625
0 0.30546875 0.1796875 0.0359375 0.09921875
0 0.01171875 0.19375 0.02109375 0.06015625
0 0.0359375 0.1921875 0.02421875 0.0640625
0 0.0640625 0.19296875 0.028125 0.0609375