0 0.1578125 0.4578125 0.04296875 0.10234375
0 0.778125 0.7234375 0.05625 0.11171875
0 0.71875 0.72421875 0.05546875 0.11015625
0 0.65546875 0.7328125 0.0640625 0.10859375
0 0.5921875 0.73828125 0.0546875 0.09765625
0 0.5234375 0.49375 0.06171875 0.03828125
0 0.584375 0.44609375 0.053125 0.1109375
0 0.64375 0.44453125 0.059375 0.109375
0 0.70234375 0.44296875 0.0578125 0.109375
0 0.78515625 0.45859375 0.10078125 0.0609375
0 0.53203125 0.74609375 0.053125 0.10078125
0 0.84375 0.73359375 0.06953125 0.10078125
0 0.465625 0.74921875 0.06484375 0.096875
0 0.26328125 0.68828125 0.065625 0.075
0 0.21171875 0.684375 0.028125 0.0625
0 0.0609375 0.07109375 0.0484375 0.10625
0 0.10390625 0.07421875 0.03828125 0.09296875
0 0.1375 0.06875 0.02890625 0.10234375
0 0.18046875 0.0609375 0.046875 0.090625
0 0.23359375 0.0609375 0.05078125 0.08125
0 0.35390625 0.05625 0.05546875 0.07109375
0 0.08359375 0.20078125 0.05546875 0.11328125
0 0.1328125 0.2015625 0.0390625 0.10390625
0 0.34375 0.68125 0.0609375 0.06953125
0 0.9140625 0.734375 0.06328125 0.09921875
0 0.975 0.709375 0.05 0.03203125
0 0.975 0.740625 0.05 0.02734375
0 0.44765625 0.44921875 0.0578125 0.0921875
0 0.88046875 0.846875 0.11328125 0.0265625
0 0.88671875 0.87421875 0.12578125 0.025
0 0.9 0.896875 0.1234375 0.01953125
0 0.89140625 0.9203125 0.11953125 0.028125
0 0.4140625 0.671875 0.05078125 0.0390625
0 0.51953125 0.43359375 0.0484375 0.075
0 0.7828125 0.87578125 0.05703125 0.09140625
0 0.7234375 0.86875 0.06171875 0.0875
0 0.66875 0.834375 0.0421875 0.0546875
0 0.6140625 0.85859375 0.06484375 0.0984375
0 0.49765625 0.84765625 0.0328125 0.0625
0 0.54609375 0.8609375 0.06015625 0.09609375
0 0.41796875 0.8765625 0.06328125 0.07265625
0 0.14609375 0.875 0.0625 0.04140625
0 0.08125 0.8890625 0.0578125 0.04375
0 0.025 0.89453125 0.04765625 0.03359375
0 0.403125 0.7859375 0.05078125 0.07890625
0 0.30859375 0.7828125 0.0953125 0.08125
0 0.2109375 0.77578125 0.09296875 0.0625
0 0.13046875 0.771875 0.06484375 0.04921875
0 0.04609375 0.78515625 0.08984375 0.075
0 0.975 0.76953125 0.05 0.02578125
0 0.1796875 0.19765625 0.0515625 0.1046875
0 0.11171875 0.46640625 0.0453125 0.09609375
0 0.23125 0.19453125 0.053125 0.10390625
0 0.3984375 0.21796875 0.06171875 0.03125
0 0.3921875 0.1765625 0.06796875 0.046875
0 0.93203125 0.575 0.0671875 0.12109375
0 0.86015625 0.57734375 0.07265625 0.11640625
0 0.7140625 0.5828125 0.053125 0.02421875
0 0.7484375 0.6171875 0.13828125 0.0453125
0 0.76796875 0.5609375 0.0484375 0.04296875
0 0.709375 0.55703125 0.06640625 0.028125
0 0.61171875 0.58671875 0.1234375 0.115625
0 0.48125 0.6 0.134375 0.10234375
0 0.13984375 0.68671875 0.11328125 0.0609375
0 0.3984375 0.5625 0.02890625 0.084375
0 0.0359375 0.59140625 0.046875 0.1015625
0 0.08359375 0.58984375 0.0453125 0.096875
0 0.13203125 0.58984375 0.046875 0.096875
0 0.1859375 0.584375 0.05234375 0.1
0 0.371875 0.45078125 0.03984375 0.0984375
0 0.334375 0.453125 0.03515625 0.09375
0 0.28984375 0.453125 0.04921875 0.1
0 0.246875 0.4578125 0.03203125 0.09375
0 0.2078125 0.459375 0.0421875 0.0921875
0 0.34453125 0.56953125 0.065625 0.10078125
0 0.06484375 0.46328125 0.04921875 0.1015625
0 0.040625 0.68671875 0.08125 0.06484375
0 0.89375 0.30390625 0.0640625 0.09453125
0 0.4546875 0.1859375 0.0484375 0.09453125
0 0.50859375 0.18046875 0.0515625 0.090625
0 0.5625 0.17578125 0.05390625 0.0921875
0 0.62109375 0.1703125 0.05546875 0.0859375
0 0.68828125 0.14765625 0.07890625 0.1203125
0 0.8828125 0.14296875 0.0671875 0.09921875
0 0.946875 0.13984375 0.05859375 0.1046875
0 0.05859375 0.34375 0.078125 0.109375
0 0.89609375 0.45390625 0.11640625 0.0625
0 0.20078125 0.33203125 0.05 0.1078125
0 0.2546875 0.33203125 0.05546875 0.10078125
0 0.30546875 0.328125 0.04453125 0.09765625
0 0.3578125 0.3171875 0.0578125 0.11875
0 0.425 0.3140625 0.07578125 0.04140625
0 0.48984375 0.334375 0.053125 0.08046875
0 0.5453125 0.33203125 0.0546875 0.08203125
0 0.42578125 0.3625 0.07421875 0.0453125
0 0.76953125 0.32265625 0.0484375 0.071875
0 0.71171875 0.34765625 0.0609375 0.02890625
0 0.82578125 0.3140625 0.065625 0.07890625
0 0.01953125 0.471875 0.03203125 0.0921875
0 0.15078125 0.34375 0.05 0.08984375