0 0.8140625 0.19296875 0.0390625 0.05703125
0 0.89765625 0.190625 0.05625 0.08125
0 0.946875 0.1921875 0.04296875 0.07578125
0 0.93515625 0.80859375 0.053125 0.05234375
0 0.7140625 0.19375 0.08515625 0.06796875
0 0.4015625 0.0390625 0.0359375 0.0453125
0 0.3453125 0.0296875 0.0734375 0.0578125
0 0.28671875 0.02890625 0.03828125 0.05703125
0 0.23828125 0.028125 0.0453125 0.05625
0 0.18515625 0.028125 0.0546875 0.053125
0 0.88359375 0.0359375 0.03359375 0.06953125
0 0.92109375 0.046875 0.03515625 0.05546875
0 0.95703125 0.046875 0.0375 0.0546875
0 0.79921875 0.03515625 0.04140625 0.06953125
0 0.7578125 0.04296875 0.0421875 0.05390625
0 0.71484375 0.0421875 0.0390625 0.053125
0 0.67734375 0.04296875 0.034375 0.0515625
0 0.61875 0.03515625 0.08359375 0.06328125
0 0.54765625 0.034375 0.059375 0.065625
0 0.49375 0.03359375 0.046875 0.06484375
0 0.17578125 0.2796875 0.0859375 0.065625
0 0.86171875 0.78671875 0.04765625 0.06640625
0 0.80625 0.78671875 0.0390625 0.06328125
0 0.76640625 0.79609375 0.0421875 0.08359375
0 0.09765625 0.121875 0.0796875 0.0390625
0 0.10234375 0.19609375 0.0828125 0.0421875
0 0.2 0.18515625 0.08125 0.0625
0 0.196875 0.1171875 0.08984375 0.065625
0 0.28671875 0.1890625 0.08671875 0.065625
0 0.37265625 0.1890625 0.08359375 0.06640625
0 0.47265625 0.1921875 0.0859375 0.0640625
0 0.4921875 0.1234375 0.08828125 0.06640625
0 0.5765625 0.19609375 0.078125 0.06640625
0 0.6453125 0.1953125 0.053125 0.06484375
0 0.7765625 0.19296875 0.0375 0.05859375
0 0.2640625 0.28046875 0.09296875 0.0625
0 0.84296875 0.0375 0.0421875 0.06953125
0 0.440625 0.28125 0.0828125 0.0625
0 0.30546875 0.56953125 0.02578125 0.04609375
0 0.14375 0.74609375 0.0734375 0.03515625
0 0.36015625 0.70625 0.078125 0.0453125
0 0.51015625 0.71640625 0.07578125 0.0515625
0 0.65234375 0.71015625 0.0765625 0.05
0 0.7109375 0.7140625 0.03984375 0.05390625
0 0.75703125 0.71328125 0.04921875 0.053125
0 0.8125 0.7140625 0.06484375 0.05390625
0 0.04375 0.81328125 0.08515625 0.053125
0 0.14609375 0.81875 0.08125 0.0484375
0 0.2203125 0.77734375 0.06875 0.0328125
0 0.2296875 0.8125 0.075 0.03671875
0 0.30546875 0.82421875 0.0703125 0.028125
0 0.30234375 0.79140625 0.0734375 0.03359375
0 0.396875 0.81015625 0.071875 0.05625
0 0.47109375 0.80390625 0.075 0.06875
0 0.54375 0.8046875 0.0703125 0.06953125
0 0.6390625 0.7984375 0.053125 0.08203125
0 0.721875 0.796875 0.04375 0.0828125
0 0.2765625 0.56796875 0.02890625 0.053125
0 0.23671875 0.5578125 0.04765625 0.065625
0 0.35703125 0.28125 0.08671875 0.0640625
0 0.134375 0.57890625 0.0953125 0.0359375
0 0.24609375 0.4796875 0.159375 0.04296875
0 0.1125 0.4828125 0.08515625 0.0265625
0 0.0359375 0.48125 0.06875 0.02734375
0 0.9796875 0.4140625 0.040625 0.09453125
0 0.9296875 0.428125 0.05859375 0.06484375
0 0.853125 0.41328125 0.059375 0.09140625
0 0.78515625 0.3734375 0.0734375 0.053125
0 0.7015625 0.371875 0.08359375 0.0578125
0 0.278125 0.71171875 0.0515625 0.0546875
0 0.61953125 0.36953125 0.078125 0.0578125
0 0.93046875 0.63046875 0.028125 0.05625
0 0.0609375 0.7234375 0.08359375 0.0296875
0 0.06015625 0.7546875 0.078125 0.02890625
0 0.475 0.46328125 0.07109375 0.03125
0 0.4859375 0.43046875 0.07421875 0.028125
0 0.56953125 0.46640625 0.07421875 0.05859375
0 0.63125 0.47890625 0.0484375 0.034375
0 0.69609375 0.47109375 0.071875 0.05703125
0 0.765625 0.4640625 0.06796875 0.05546875
0 0.03359375 0.5671875 0.0640625 0.0671875
0 0.95859375 0.62265625 0.021875 0.06328125
0 0.24609375 0.4390625 0.15625 0.03671875
0 0.5390625 0.36875 0.08125 0.05625
0 0.37578125 0.3671875 0.07578125 0.05703125
0 0.47578125 0.63984375 0.03671875 0.05859375
0 0.29765625 0.365625 0.0796875 0.06015625
0 0.20703125 0.36328125 0.09375 0.06171875
0 0.10390625 0.378125 0.0828125 0.0609375
0 0.08359375 0.3125 0.0875 0.06640625
0 0.97109375 0.303125 0.05625 0.096875
0 0.51796875 0.63984375 0.0484375 0.05703125
0 0.5671875 0.63984375 0.05 0.05703125
0 0.61640625 0.63984375 0.05 0.05625
0 0.66171875 0.63984375 0.04140625 0.05546875
0 0.7796875 0.64765625 0.034375 0.0515625
0 0.81171875 0.64609375 0.02890625 0.0546875
0 0.84921875 0.640625 0.0296875 0.05859375
0 0.87734375 0.6421875 0.02578125 0.05390625
0 0.90546875 0.63046875 0.02109375 0.05625
0 0.90703125 0.31640625 0.0296875 0.0671875
0 0.8578125 0.303125 0.06640625 0.09375
0 0.76875 0.28671875 0.08984375 0.06484375
0 0.5453125 0.2890625 0.07578125 0.05546875
0 0.39453125 0.62890625 0.078125 0.03515625
0 0.30234375 0.634375 0.0703125 0.0359375
0 0.228125 0.63359375 0.075 0.0390625
0 0.0375 0.65390625 0.07265625 0.0640625
0 0.44375 0.04765625 0.05 0.0296875
0 0.33125 0.56484375 0.01953125 0.05234375
0 0.35625 0.56640625 0.02890625 0.053125
0 0.3875 0.56015625 0.02734375 0.0625
0 0.41953125 0.56015625 0.03359375 0.065625
0 0.45234375 0.55859375 0.0328125 0.06875
0 0.4875 0.55546875 0.02890625 0.07734375
0 0.52109375 0.5546875 0.03203125 0.07578125
0 0.55703125 0.5546875 0.0328125 0.07578125
0 0.45703125 0.36796875 0.08203125 0.05546875
0 0.590625 0.55390625 0.03359375 0.0765625
0 0.6625 0.55546875 0.03671875 0.0765625
0 0.69765625 0.55625 0.03359375 0.0765625
0 0.73046875 0.55703125 0.0328125 0.075
0 0.76875 0.55625 0.04296875 0.07578125
0 0.825 0.53359375 0.0515625 0.05859375
0 0.87421875 0.52734375 0.0453125 0.0828125
0 0.93046875 0.5125 0.0390625 0.059375
0 0.98125 0.52890625 0.0375 0.0890625
0 0.125 0.67578125 0.08671875 0.0328125
0 0.62734375 0.5546875 0.0359375 0.0765625
0 0.39140625 0.46875 0.07578125 0.04609375