0 0.44296875 0.634375 0.04609375 0.0515625
0 0.1609375 0.1109375 0.12578125 0.12890625
0 0.3171875 0.48984375 0.05078125 0.040625
0 0.24453125 0.4953125 0.04765625 0.0453125
0 0.178125 0.49609375 0.04765625 0.04375
0 0.1109375 0.496875 0.05546875 0.0453125
0 0.053125 0.49375 0.04921875 0.0546875
0 0.046875 0.55 0.065625 0.04296875
0 0.11484375 0.54609375 0.05390625 0.0453125
0 0.17421875 0.54921875 0.05078125 0.0453125
0 0.2453125 0.5484375 0.06640625 0.05078125
0 0.32109375 0.54375 0.05078125 0.053125
0 0.38359375 0.54609375 0.06171875 0.0515625
0 0.4515625 0.54453125 0.04296875 0.0421875
0 0.3828125 0.4953125 0.04296875 0.04375
0 0.5140625 0.54765625 0.06171875 0.0453125
0 0.6546875 0.55 0.0484375 0.05390625
0 0.7234375 0.5453125 0.05234375 0.053125
0 0.78828125 0.5484375 0.04765625 0.05
0 0.85859375 0.5515625 0.04609375 0.05078125
0 0.8546875 0.49609375 0.05859375 0.05
0 0.9328125 0.49609375 0.04609375 0.04765625
0 0.07109375 0.7890625 0.05625 0.08203125
0 0.1359375 0.784375 0.059375 0.08203125
0 0.19765625 0.784375 0.05703125 0.0828125
0 0.25546875 0.7890625 0.05 0.0859375
0 0.31171875 0.7875 0.04921875 0.08203125
0 0.36796875 0.784375 0.04609375 0.0828125
0 0.5796875 0.5515625 0.05390625 0.04921875
0 0.4484375 0.49375 0.06171875 0.0515625
0 0.52109375 0.4953125 0.0515625 0.053125
0 0.5859375 0.49453125 0.0515625 0.04765625
0 0.378125 0.63359375 0.04609375 0.0515625
0 0.371875 0.68828125 0.04609375 0.0484375
0 0.30859375 0.68671875 0.04609375 0.0421875
0 0.23828125 0.6890625 0.04765625 0.04375
0 0.24140625 0.63359375 0.04140625 0.0515625
0 0.10859375 0.68359375 0.05390625 0.0546875
0 0.50234375 0.68828125 0.05390625 0.0484375
0 0.50625 0.63203125 0.0578125 0.05625
0 0.57578125 0.6296875 0.05390625 0.0546875
0 0.571875 0.6875 0.0515625 0.05
0 0.63515625 0.6328125 0.05859375 0.05
0 0.63828125 0.6875 0.05390625 0.046875
0 0.03984375 0.68125 0.0515625 0.059375
0 0.17421875 0.6859375 0.05078125 0.04375
0 0.1734375 0.6328125 0.04453125 0.0515625
0 0.021875 0.78828125 0.03984375 0.08125
0 0.70078125 0.6328125 0.0515625 0.04921875
0 0.7046875 0.68828125 0.05234375 0.0484375
0 0.77109375 0.6328125 0.0578125 0.0453125
0 0.76875 0.68515625 0.053125 0.0421875
0 0.83515625 0.634375 0.05546875 0.0515625
0 0.834375 0.6859375 0.05390625 0.04375
0 0.91015625 0.634375 0.04609375 0.053125
0 0.90390625 0.684375 0.04609375 0.04375
0 0.971875 0.6375 0.0484375 0.05
0 0.975 0.6890625 0.05 0.046875
0 0.64921875 0.496875 0.05546875 0.05
0 0.43125 0.78359375 0.04765625 0.090625
0 0.4890625 0.78125 0.0484375 0.0859375
0 0.54140625 0.78125 0.05546875 0.08515625
0 0.6421875 0.78984375 0.10625 0.08125
0 0.51640625 0.390625 0.09140625 0.08828125
0 0.41015625 0.3875 0.08984375 0.08671875
0 0.30390625 0.38671875 0.084375 0.07890625
0 0.203125 0.38828125 0.08828125 0.0796875
0 0.434375 0.6921875 0.0578125 0.04453125
0 0.0859375 0.25625 0.1265625 0.08046875
0 0.21875 0.2578125 0.11484375 0.0890625
0 0.346875 0.25859375 0.11953125 0.0859375
0 0.47421875 0.2578125 0.11328125 0.08359375
0 0.5890625 0.2609375 0.1015625 0.078125
0 0.6953125 0.25859375 0.09375 0.08515625
0 0.79921875 0.2640625 0.09453125 0.0765625
0 0.9078125 0.25859375 0.08203125 0.07578125
0 0.98359375 0.14140625 0.0328125 0.0671875
0 0.94609375 0.13984375 0.03671875 0.078125
0 0.89765625 0.13671875 0.04765625 0.08125
0 0.83671875 0.128125 0.0671875 0.09921875
0 0.7625 0.13203125 0.065625 0.096875
0 0.6984375 0.13046875 0.04609375 0.084375
0 0.6453125 0.13046875 0.0390625 0.0875
0 0.5921875 0.13125 0.05078125 0.0859375
0 0.53984375 0.13046875 0.04453125 0.0875
0 0.48359375 0.13125 0.04921875 0.0890625
0 0.42578125 0.12734375 0.04921875 0.0875
0 0.371875 0.1296875 0.05078125 0.0890625
0 0.3171875 0.1328125 0.0421875 0.0796875
0 0.26171875 0.12890625 0.0421875 0.090625
0 0.625 0.390625 0.08828125 0.09453125
0 0.0484375 0.1078125 0.0953125 0.1296875
0 0.725 0.3890625 0.08515625 0.08125
0 0.934375 0.3890625 0.10390625 0.08203125
0 0.72578125 0.7828125 0.05625 0.0984375
0 0.7875 0.77734375 0.0421875 0.09375
0 0.84453125 0.78203125 0.0296875 0.084375
0 0.98671875 0.934375 0.0265625 0.125
0 0.95703125 0.934375 0.03359375 0.125
0 0.91484375 0.93203125 0.03515625 0.1265625
0 0.875 0.9359375 0.03359375 0.115625
0 0.8359375 0.93828125 0.0359375 0.1140625
0 0.79140625 0.9359375 0.04140625 0.115625
0 0.74765625 0.934375 0.03515625 0.12421875
0 0.63203125 0.9375 0.0328125 0.12109375
0 0.5875 0.93671875 0.03671875 0.1203125
0 0.82265625 0.3875 0.07890625 0.08671875
0 0.5453125 0.934375 0.03515625 0.125
0 0.46484375 0.9328125 0.0375 0.13125
0 0.42578125 0.93125 0.03671875 0.13203125
0 0.3796875 0.9359375 0.0375 0.12578125
0 0.33515625 0.9375 0.03828125 0.11875
0 0.29296875 0.9359375 0.03828125 0.121875
0 0.25 0.9359375 0.03984375 0.121875
0 0.2078125 0.93359375 0.0359375 0.1234375
0 0.1640625 0.9328125 0.0390625 0.13125
0 0.12421875 0.934375 0.03671875 0.125
0 0.08125 0.934375 0.03203125 0.128125
0 0.02890625 0.9359375 0.040625 0.125
0 0.92421875 0.553125 0.05 0.053125
0 0.50625 0.93359375 0.03828125 0.1296875
0 0.0921875 0.38359375 0.09453125 0.0796875