0 0.8796875 0.634375 0.0640625 0.028125
0 0.24921875 0.26875 0.03828125 0.08125
0 0.2015625 0.2578125 0.0515625 0.10703125
0 0.15078125 0.2640625 0.04609375 0.08671875
0 0.10234375 0.2625 0.04609375 0.084375
0 0.05703125 0.2625 0.0375 0.08515625
0 0.01875 0.2859375 0.03671875 0.0375
0 0.97265625 0.43671875 0.03515625 0.0578125
0 0.8984375 0.4515625 0.06328125 0.028125
0 0.83359375 0.4515625 0.0625 0.028125
0 0.70234375 0.4515625 0.07109375 0.03125
0 0.075 0.1234375 0.06640625 0.0390625
0 0.9609375 0.31328125 0.05390625 0.0671875
0 0.9078125 0.3140625 0.02109375 0.0671875
0 0.8703125 0.31015625 0.0453125 0.0703125
0 0.815625 0.30390625 0.05859375 0.0828125
0 0.746875 0.3046875 0.06484375 0.0859375
0 0.628125 0.4515625 0.07578125 0.0296875
0 0.57265625 0.39765625 0.04921875 0.0390625
0 0.52578125 0.3984375 0.03828125 0.034375
0 0.46796875 0.38984375 0.07578125 0.053125
0 0.390625 0.3890625 0.075 0.05234375
0 0.30234375 0.3890625 0.096875 0.05625
0 0.2125 0.38828125 0.0796875 0.0546875
0 0.13125 0.3875 0.0765625 0.053125
0 0.0453125 0.38671875 0.090625 0.0515625
0 0.96875 0.53671875 0.0625 0.0328125
0 0.8984375 0.53515625 0.0765625 0.03671875
0 0.8171875 0.53515625 0.08046875 0.0390625
0 0.75 0.521875 0.0453125 0.0609375
0 0.29140625 0.2703125 0.0421875 0.08359375
0 0.3359375 0.265625 0.03828125 0.0875
0 0.38046875 0.2671875 0.04765625 0.0921875
0 0.4328125 0.26328125 0.05 0.1
0 0.81640625 0.63671875 0.05703125 0.0296875
0 0.98203125 0.1984375 0.0359375 0.03515625
0 0.94375 0.18671875 0.03671875 0.05625
0 0.90546875 0.1859375 0.03515625 0.053125
0 0.865625 0.1859375 0.03046875 0.0546875
0 0.7328125 0.1578125 0.08203125 0.0296875
0 0.8125 0.1921875 0.07421875 0.0375
0 0.7359375 0.1921875 0.07578125 0.0375
0 0.65078125 0.1890625 0.08359375 0.04296875
0 0.9515625 0.090625 0.08046875 0.034375
0 0.8703125 0.0859375 0.075 0.04375
0 0.77734375 0.0796875 0.11015625 0.0421875
0 0.66640625 0.07421875 0.1078125 0.0546875
0 0.5890625 0.121875 0.03671875 0.0796875
0 0.7 0.5234375 0.0484375 0.065625
0 0.53515625 0.115625 0.06015625 0.0875
0 0.43984375 0.10859375 0.04296875 0.0953125
0 0.3953125 0.11171875 0.04296875 0.0875
0 0.35 0.109375 0.04453125 0.0875
0 0.29921875 0.1015625 0.0484375 0.103125
0 0.25078125 0.1046875 0.046875 0.090625
0 0.20078125 0.10234375 0.04375 0.0921875
0 0.14609375 0.12734375 0.07265625 0.034375
0 0.1484375 0.09609375 0.06328125 0.0265625
0 0.07734375 0.08671875 0.06875 0.0328125
0 0.68203125 0.3015625 0.05234375 0.0796875
0 0.6296875 0.30625 0.05078125 0.075
0 0.57265625 0.28984375 0.0578125 0.0515625
0 0.51875 0.27734375 0.04609375 0.078125
0 0.4765625 0.2625 0.03515625 0.103125
0 0.48359375 0.1125 0.040625 0.09296875
0 0.6515625 0.5234375 0.046875 0.06328125
0 0.76875 0.4515625 0.0609375 0.03203125
0 0.55 0.5015625 0.0609375 0.075
0 0.74921875 0.71640625 0.06640625 0.0296875
0 0.67890625 0.71796875 0.06640625 0.0328125
0 0.60859375 0.72109375 0.06953125 0.034375
0 0.54609375 0.71015625 0.04921875 0.0609375
0 0.50078125 0.7046875 0.03515625 0.0640625
0 0.4171875 0.7125 0.04765625 0.071875
0 0.81875 0.71328125 0.06796875 0.028125
0 0.37265625 0.71328125 0.03671875 0.06875
0 0.29765625 0.715625 0.03515625 0.071875
0 0.25625 0.71953125 0.0390625 0.06953125
0 0.21640625 0.7203125 0.0359375 0.06875
0 0.15625 0.721875 0.08203125 0.0734375
0 0.053125 0.7265625 0.04296875 0.0703125
0 0.015625 0.7296875 0.0296875 0.0734375
0 0.33515625 0.715625 0.03359375 0.07109375
0 0.8765625 0.7140625 0.04921875 0.0265625
0 0.9265625 0.7125 0.04921875 0.0265625
0 0.978125 0.70625 0.04375 0.03515625
0 0.753125 0.63828125 0.0703125 0.02734375
0 0.6828125 0.63828125 0.06796875 0.025
0 0.61328125 0.640625 0.06875 0.02734375
0 0.5359375 0.603125 0.06796875 0.08671875
0 0.46484375 0.60390625 0.06640625 0.084375
0 0.4109375 0.60546875 0.03828125 0.0875
0 0.3703125 0.615625 0.03984375 0.07109375
0 0.26796875 0.61796875 0.07890625 0.0703125
0 0.203125 0.6109375 0.04765625 0.08671875
0 0.9390625 0.6328125 0.0515625 0.0265625
0 0.9828125 0.6296875 0.034375 0.03671875
0 0.60390625 0.52421875 0.04375 0.065625
0 0.06484375 0.5 0.06328125 0.07890625
0 0.0765625 0.62109375 0.04453125 0.0734375
0 0.02890625 0.63046875 0.04296875 0.059375
0 0.98828125 0.784375 0.0234375 0.04453125
0 0.96640625 0.7859375 0.0203125 0.046875
0 0.015625 0.50234375 0.03125 0.078125
0 0.94453125 0.78671875 0.02109375 0.04609375
0 0.49921875 0.49765625 0.03828125 0.071875
0 0.4578125 0.4984375 0.0390625 0.0734375
0 0.4171875 0.496875 0.04140625 0.07265625
0 0.37421875 0.4921875 0.0421875 0.08828125
0 0.32421875 0.49375 0.05390625 0.08359375
0 0.26953125 0.4984375 0.04375 0.07578125
0 0.22578125 0.49921875 0.03984375 0.07578125
0 0.13046875 0.49140625 0.053125 0.09375
0 0.0125 0.825 0.02421875 0.0671875
0 0.04453125 0.8234375 0.03828125 0.0640625
0 0.103125 0.82109375 0.07109375 0.0640625
0 0.1609375 0.8171875 0.03828125 0.0625
0 0.1984375 0.8140625 0.0296875 0.0625
0 0.2375 0.8140625 0.04140625 0.0625
0 0.18125 0.49609375 0.0453125 0.08359375
0 0.3234375 0.8109375 0.0359375 0.06484375
0 0.903125 0.79140625 0.0609375 0.05
0 0.284375 0.81171875 0.0375 0.0640625
0 0.84609375 0.79375 0.05390625 0.05
0 0.36171875 0.80546875 0.03203125 0.065625
0 0.39609375 0.80546875 0.03046875 0.065625
0 0.78828125 0.79609375 0.05703125 0.0484375
0 0.43515625 0.8140625 0.03984375 0.0453125
0 0.72890625 0.79765625 0.05859375 0.05078125
0 0.66640625 0.8015625 0.06328125 0.0453125
0 0.47734375 0.81171875 0.03984375 0.0453125
0 0.5984375 0.8078125 0.06484375 0.0375