0 0.809375 0.69609375 0.04921875 0.0984375
0 0.07890625 0.56640625 0.053125 0.0953125
0 0.95546875 0.69375 0.04609375 0.0984375
0 0.86171875 0.68984375 0.0546875 0.10859375
0 0.76171875 0.68125 0.03828125 0.09609375
0 0.49296875 0.696875 0.04453125 0.10390625
0 0.675 0.6984375 0.04453125 0.10390625
0 0.63046875 0.69765625 0.04375 0.10625
0 0.58515625 0.69609375 0.04765625 0.103125
0 0.02890625 0.56171875 0.04609375 0.10234375
0 0.53984375 0.69765625 0.04296875 0.1
0 0.7203125 0.6921875 0.04375 0.109375
0 0.9921875 0.46015625 0.015625 0.0671875
0 0.70546875 0.4546875 0.03046875 0.075
0 0.88671875 0.440625 0.0640625 0.10546875
0 0.8203125 0.4203125 0.03828125 0.09921875
0 0.78203125 0.4421875 0.034375 0.09765625
0 0.74296875 0.4453125 0.0421875 0.0921875
0 0.66328125 0.4359375 0.05078125 0.1109375
0 0.609375 0.4375 0.05078125 0.1125
0 0.5609375 0.44375 0.0421875 0.09765625
0 0.5203125 0.44375 0.03828125 0.1
0 0.478125 0.44375 0.04296875 0.1015625
0 0.434375 0.4421875 0.04140625 0.10234375
0 0.39375 0.4453125 0.0359375 0.08984375
0 0.34453125 0.43359375 0.05390625 0.115625
0 0.9515625 0.440625 0.06171875 0.1078125
0 0.45 0.69765625 0.04296875 0.10390625
0 0.9421875 0.83125 0.03984375 0.0984375
0 0.35625 0.69921875 0.04296875 0.1046875
0 0.84765625 0.83046875 0.05 0.109375
0 0.8984375 0.86171875 0.04296875 0.040625
0 0.2859375 0.43359375 0.0578125 0.1140625
0 0.98203125 0.83203125 0.0359375 0.1015625
0 0.4125 0.56171875 0.05390625 0.1015625
0 0.46015625 0.565625 0.0390625 0.096875
0 0.359375 0.56171875 0.0515625 0.1015625
0 0.30625 0.56171875 0.04921875 0.1046875
0 0.25625 0.5625 0.04453125 0.1015625
0 0.21171875 0.5625 0.04140625 0.1015625
0 0.165625 0.5640625 0.04296875 0.1
0 0.125 0.565625 0.03515625 0.0953125
0 0.5484375 0.56328125 0.05078125 0.103125
0 0.40234375 0.6984375 0.04921875 0.10625
0 0.59921875 0.5625 0.05234375 0.1046875
0 0.69375 0.57734375 0.03203125 0.071875
0 0.8625 0.56171875 0.053125 0.1
0 0.71796875 0.5625 0.0140625 0.0515625
0 0.9203125 0.56171875 0.05859375 0.0984375
0 0.9734375 0.56171875 0.0453125 0.0984375
0 0.0125 0.6984375 0.02421875 0.0828125
0 0.04765625 0.6796875 0.03515625 0.07265625
0 0.08828125 0.70859375 0.0375 0.0890625
0 0.128125 0.70390625 0.0421875 0.096875
0 0.16953125 0.70390625 0.03828125 0.0921875
0 0.2140625 0.69765625 0.04609375 0.1046875
0 0.26171875 0.6984375 0.04609375 0.10703125
0 0.31171875 0.69921875 0.04453125 0.10625
0 0.65078125 0.5625 0.05078125 0.103125
0 0.23359375 0.440625 0.046875 0.1015625
0 0.746875 0.13984375 0.04375 0.12109375
0 0.14296875 0.4390625 0.03984375 0.1
0 0.4578125 0.1359375 0.03125 0.1140625
0 0.41640625 0.13203125 0.04375 0.121875
0 0.3734375 0.13203125 0.03984375 0.121875
0 0.28515625 0.128125 0.0421875 0.11875
0 0.24140625 0.12734375 0.04609375 0.11875
0 0.2015625 0.1328125 0.0328125 0.11171875
0 0.165625 0.13125 0.03359375 0.115625
0 0.1265625 0.1296875 0.0390625 0.11484375
0 0.0859375 0.125 0.04296875 0.1234375
0 0.0390625 0.12421875 0.04765625 0.125
0 0.6984375 0.8421875 0.0390625 0.09296875
0 0.6546875 0.8421875 0.04296875 0.09453125
0 0.61171875 0.84375 0.03984375 0.0921875
0 0.565625 0.83515625 0.05390625 0.109375
0 0.5109375 0.8359375 0.05234375 0.1078125
0 0.4625 0.84375 0.04140625 0.09609375
0 0.42109375 0.8453125 0.04296875 0.09296875
0 0.37578125 0.8453125 0.046875 0.0953125
0 0.3296875 0.846875 0.04453125 0.09453125
0 0.2859375 0.846875 0.040625 0.0953125
0 0.240625 0.8484375 0.04140625 0.1
0 0.1953125 0.8484375 0.04609375 0.096875
0 0.146875 0.84921875 0.046875 0.096875
0 0.04765625 0.80078125 0.04765625 0.05625
0 0.01171875 0.84921875 0.0234375 0.0890625
0 0.98828125 0.69375 0.01796875 0.0984375
0 0.74375 0.8328125 0.05 0.10625
0 0.49765625 0.1390625 0.04453125 0.1109375
0 0.18671875 0.43984375 0.04765625 0.1
0 0.5390625 0.1375 0.03203125 0.12265625
0 0.60625 0.14375 0.03125 0.109375
0 0.096875 0.4390625 0.0484375 0.1015625
0 0.05390625 0.4390625 0.034375 0.103125
0 0.01640625 0.43828125 0.0328125 0.1015625
0 0.97265625 0.29921875 0.04921875 0.1125
0 0.91640625 0.29765625 0.0625 0.1140625
0 0.77109375 0.30234375 0.03828125 0.09765625
0 0.67109375 0.2953125 0.05625 0.11875
0 0.61640625 0.2953125 0.05234375 0.11875
0 0.56328125 0.30078125 0.04296875 0.1
0 0.51640625 0.3 0.04765625 0.10234375
0 0.47734375 0.3171875 0.03515625 0.065625
0 0.4375 0.29921875 0.04375 0.10546875
0 0.390625 0.29765625 0.0484375 0.1015625
0 0.346875 0.296875 0.0421875 0.103125
0 0.30234375 0.296875 0.0453125 0.103125
0 0.25078125 0.28828125 0.05625 0.11875
0 0.19296875 0.2859375 0.0578125 0.1171875
0 0.13671875 0.2921875 0.05234375 0.10546875
0 0.0890625 0.2921875 0.04296875 0.10546875
0 0.0390625 0.29375 0.053125 0.103125
0 0.96796875 0.153125 0.034375 0.1
0 0.934375 0.159375 0.0296875 0.0875
0 0.89609375 0.1421875 0.04296875 0.12109375
0 0.8296875 0.140625 0.0390625 0.11875
0 0.7890625 0.128125 0.0390625 0.14453125
0 0.67578125 0.1453125 0.03359375 0.109375
0 0.640625 0.1390625 0.0359375 0.1171875
0 0.571875 0.13828125 0.03203125 0.11953125
0 0.79609375 0.8328125 0.05390625 0.10625
0 0.5 0.565625 0.03984375 0.096875