0 0.44921875 0.528125 0.02578125 0.0796875
0 0.94453125 0.6453125 0.03046875 0.078125
0 0.91328125 0.90703125 0.05234375 0.025
0 0.9578125 0.953125 0.04609375 0.021875
0 0.0375 0.7328125 0.07265625 0.06484375
0 0.0375 0.6578125 0.07265625 0.065625
0 0.03125 0.375 0.05625 0.07421875
0 0.0359375 0.55546875 0.06875 0.06796875
0 0.90078125 0.95234375 0.04296875 0.01953125
0 0.0328125 0.47890625 0.06484375 0.075
0 0.1671875 0.190625 0.03046875 0.034375
0 0.16953125 0.2296875 0.034375 0.034375
0 0.13125 0.22734375 0.03125 0.0296875
0 0.2234375 0.20625 0.03359375 0.07421875
0 0.26484375 0.2078125 0.03046875 0.0796875
0 0.303125 0.20859375 0.034375 0.0796875
0 0.35 0.20234375 0.0375 0.0828125
0 0.128125 0.19140625 0.0328125 0.03671875
0 0.94453125 0.19921875 0.034375 0.08671875
0 0.85390625 0.9515625 0.0390625 0.01875
0 0.8546875 0.90703125 0.040625 0.0171875
0 0.525 0.94375 0.0328125 0.03359375
0 0.56015625 0.9453125 0.02734375 0.03203125
0 0.59921875 0.94765625 0.025 0.02890625
0 0.59609375 0.9078125 0.02578125 0.03125
0 0.64609375 0.89921875 0.05078125 0.02109375
0 0.69765625 0.9 0.0390625 0.0171875
0 0.69453125 0.9234375 0.04609375 0.01484375
0 0.85859375 0.92890625 0.04140625 0.01796875
0 0.69140625 0.95078125 0.04296875 0.01875
0 0.64453125 0.925 0.0453125 0.02265625
0 0.753125 0.89921875 0.04453125 0.0234375
0 0.753125 0.92734375 0.04375 0.02265625
0 0.74609375 0.95234375 0.05234375 0.0203125
0 0.80546875 0.9546875 0.04453125 0.01640625
0 0.80546875 0.9265625 0.04765625 0.01875
0 0.8078125 0.90078125 0.05 0.025
0 0.64453125 0.95 0.0484375 0.02578125
0 0.4203125 0.9453125 0.03203125 0.0296875
0 0.90078125 0.1953125 0.040625 0.09375
0 0.83828125 0.2015625 0.03046875 0.0796875
0 0.990625 0.3046875 0.01875 0.0921875
0 0.953125 0.315625 0.03828125 0.090625
0 0.915625 0.3171875 0.03359375 0.090625
0 0.59609375 0.53671875 0.03359375 0.07890625
0 0.13125 0.6390625 0.03515625 0.08671875
0 0.209375 0.6515625 0.08671875 0.0703125
0 0.3078125 0.64140625 0.084375 0.0671875
0 0.6796875 0.3171875 0.0734375 0.05
0 0.37109375 0.63671875 0.034375 0.08984375
0 0.55078125 0.63828125 0.0296875 0.08515625
0 0.3375 0.7390625 0.084375 0.0703125
0 0.2515625 0.7328125 0.08359375 0.065625
0 0.15859375 0.73359375 0.08984375 0.06640625
0 0.7984375 0.6484375 0.02265625 0.090625
0 0.8421875 0.64375 0.03203125 0.09375
0 0.89453125 0.64765625 0.04296875 0.08515625
0 0.49375 0.6375 0.040625 0.08828125
0 0.8640625 0.203125 0.02421875 0.090625
0 0.57578125 0.3140625 0.0484375 0.08125
0 0.5375 0.5359375 0.04140625 0.07890625
0 0.7953125 0.20703125 0.03046875 0.08046875
0 0.753125 0.196875 0.04140625 0.0921875
0 0.1109375 0.31015625 0.0375 0.0921875
0 0.1609375 0.315625 0.04375 0.09453125
0 0.21171875 0.3109375 0.0453125 0.09375
0 0.265625 0.31484375 0.03828125 0.09921875
0 0.31015625 0.3109375 0.0421875 0.096875
0 0.51953125 0.321875 0.0484375 0.08671875
0 0.3625 0.31484375 0.04296875 0.09375
0 0.875 0.31875 0.0390625 0.09140625
0 0.82578125 0.3171875 0.040625 0.09375
0 0.77421875 0.31328125 0.046875 0.10625
0 0.1171875 0.42578125 0.03203125 0.0953125
0 0.1703125 0.42578125 0.03359375 0.08828125
0 0.403125 0.5328125 0.0515625 0.08203125
0 0.48984375 0.53671875 0.03359375 0.08828125
0 0.421875 0.31328125 0.040625 0.09453125
0 0.4546875 0.94453125 0.03125 0.03046875
0 0.909375 0.93203125 0.04609375 0.01875
0 0.49140625 0.91015625 0.03359375 0.02734375
0 0.8484375 0.42734375 0.04765625 0.0875
0 0.7984375 0.42578125 0.0234375 0.08515625
0 0.38046875 0.909375 0.02890625 0.0296875
0 0.34765625 0.9078125 0.03359375 0.03046875
0 0.3109375 0.9390625 0.03671875 0.0359375
0 0.26953125 0.921875 0.028125 0.03515625
0 0.2765625 0.8875 0.03125 0.021875
0 0.2375 0.8921875 0.0234375 0.03125
0 0.234375 0.93984375 0.03359375 0.0234375
0 0.18984375 0.9015625 0.04140625 0.0140625
0 0.18671875 0.92109375 0.03515625 0.01328125
0 0.19140625 0.9453125 0.040625 0.015625
0 0.1453125 0.94140625 0.034375 0.02109375
0 0.14375 0.9140625 0.03125 0.02421875
0 0.05078125 0.846875 0.08984375 0.06875
0 0.48984375 0.94375 0.03046875 0.02890625
0 0.21953125 0.425 0.0359375 0.0875
0 0.28359375 0.42734375 0.06171875 0.08515625
0 0.34921875 0.42734375 0.040625 0.08984375
0 0.3984375 0.42578125 0.03828125 0.09765625
0 0.4515625 0.4296875 0.0421875 0.08671875
0 0.50234375 0.42578125 0.0484375 0.096875
0 0.5609375 0.42890625 0.0515625 0.090625
0 0.62890625 0.43125 0.06484375 0.08046875
0 0.13671875 0.5296875 0.0109375 0.07421875
0 0.175 0.53359375 0.03984375 0.08046875
0 0.21796875 0.534375 0.0265625 0.090625
0 0.2703125 0.53125 0.0390625 0.0890625
0 0.328125 0.5359375 0.0578125 0.0765625
0 0.91796875 0.425 0.046875 0.0921875
0 0.971875 0.4265625 0.04765625 0.08984375
0 0.05234375 0.9234375 0.09140625 0.065625
0 0.9 0.540625 0.04765625 0.0890625
0 0.359375 0.81796875 0.0375 0.05390625
0 0.3046875 0.8296875 0.046875 0.06640625
0 0.25390625 0.83046875 0.053125 0.06796875
0 0.19765625 0.8265625 0.05234375 0.06796875
0 0.1390625 0.825 0.05 0.06484375
0 0.9515625 0.5375 0.04140625 0.0890625
0 0.9796875 0.7390625 0.040625 0.06328125
0 0.91796875 0.74375 0.04140625 0.06484375
0 0.8640625 0.74375 0.0484375 0.0703125
0 0.8109375 0.740625 0.04765625 0.065625
0 0.75 0.740625 0.05078125 0.06953125
0 0.69140625 0.740625 0.05234375 0.06953125
0 0.61328125 0.7390625 0.0921875 0.06796875
0 0.5203125 0.73203125 0.0859375 0.0609375
0 0.42265625 0.73671875 0.08203125 0.065625
0 0.3828125 0.94296875 0.03046875 0.03046875
0 0.34921875 0.940625 0.03046875 0.0296875
0 0.41796875 0.9125 0.03046875 0.03125
0 0.45390625 0.91015625 0.025 0.03125
0 0.40703125 0.83203125 0.04296875 0.0671875
0 0.46328125 0.83046875 0.0515625 0.0625
0 0.98515625 0.65078125 0.02890625 0.0890625
0 0.5203125 0.83203125 0.04921875 0.06796875
0 0.85234375 0.53828125 0.0390625 0.0890625
0 0.8078125 0.53515625 0.0328125 0.09140625
0 0.94140625 0.8328125 0.0484375 0.0796875
0 0.878125 0.83359375 0.0515625 0.071875
0 0.8140625 0.82734375 0.0515625 0.07265625
0 0.74375 0.8296875 0.0625 0.07734375
0 0.6796875 0.83359375 0.0484375 0.065625
0 0.63046875 0.83203125 0.0484375 0.071875
0 0.575 0.83046875 0.046875 0.06796875