0 0.615625 0.4796875 0.03125 0.0375
0 0.49453125 0.1578125 0.04375 0.0546875
0 0.70390625 0.47421875 0.03046875 0.0390625
0 0.9828125 0.71796875 0.01484375 0.0390625
0 0.95859375 0.7234375 0.02734375 0.046875
0 0.90234375 0.734375 0.02421875 0.03515625
0 0.8765625 0.75078125 0.01953125 0.0484375
0 0.8546875 0.75859375 0.01953125 0.046875
0 0.83046875 0.76484375 0.01953125 0.05625
0 0.80546875 0.7765625 0.02578125 0.05546875
0 0.6625 0.4734375 0.0484375 0.04375
0 0.746875 0.79609375 0.03515625 0.0421875
0 0.6859375 0.79375 0.08671875 0.05546875
0 0.61015625 0.82734375 0.0328125 0.065625
0 0.56328125 0.83515625 0.05390625 0.0625
0 0.50390625 0.85625 0.06171875 0.065625
0 0.39921875 0.9265625 0.053125 0.03125
0 0.41484375 0.86875 0.053125 0.071875
0 0.3453125 0.9375 0.04140625 0.053125
0 0.290625 0.92421875 0.03828125 0.0296875
0 0.7796875 0.78125 0.025 0.0609375
0 0.2734375 0.9609375 0.034375 0.0421875
0 0.92578125 0.7296875 0.01640625 0.0328125
0 0.8046875 0.3109375 0.0484375 0.046875
0 0.0125 0.8890625 0.025 0.071875
0 0.04921875 0.884375 0.0390625 0.06171875
0 0.93046875 0.56015625 0.01796875 0.065625
0 0.08515625 0.86953125 0.03125 0.075
0 0.11875 0.86484375 0.03046875 0.06640625
0 0.15546875 0.84921875 0.03515625 0.0796875
0 0.190625 0.840625 0.0328125 0.078125
0 0.22421875 0.83125 0.02890625 0.071875
0 0.5296875 0.7640625 0.05 0.0171875
0 0.27109375 0.80625 0.04296875 0.05703125
0 0.42421875 0.7609375 0.06015625 0.059375
0 0.47578125 0.74609375 0.03125 0.0515625
0 0.525 0.734375 0.05390625 0.034375
0 0.82421875 0.4390625 0.04609375 0.0171875
0 0.81015625 0.41796875 0.05078125 0.01875
0 0.79921875 0.396875 0.0421875 0.01796875
0 0.809375 0.37265625 0.04609375 0.0234375
0 0.8046875 0.3484375 0.04921875 0.01953125
0 0.33828125 0.7890625 0.06640625 0.0390625
0 0.234375 0.95234375 0.040625 0.0921875
0 0.19453125 0.95703125 0.03671875 0.0859375
0 0.14921875 0.9609375 0.0484375 0.078125
0 0.615625 0.61484375 0.03671875 0.0328125
0 0.6609375 0.5890625 0.0421875 0.06875
0 0.703125 0.5921875 0.040625 0.0421875
0 0.74453125 0.584375 0.04375 0.0453125
0 0.78984375 0.58359375 0.03203125 0.0703125
0 0.81953125 0.5796875 0.02265625 0.0625
0 0.84140625 0.5796875 0.02109375 0.06484375
0 0.86015625 0.5734375 0.01640625 0.05625
0 0.565625 0.59921875 0.05859375 0.0703125
0 0.87734375 0.56875 0.01640625 0.0671875
0 0.91328125 0.5625 0.01640625 0.0609375
0 0.9046875 0.65 0.0203125 0.059375
0 0.8625 0.65625 0.025 0.05078125
0 0.825 0.6703125 0.0265625 0.05703125
0 0.7953125 0.6765625 0.0296875 0.05859375
0 0.76015625 0.6859375 0.03671875 0.05859375
0 0.72265625 0.7046875 0.03359375 0.0296875
0 0.7140625 0.66875 0.04140625 0.034375
0 0.89453125 0.5640625 0.0171875 0.0625
0 0.48828125 0.6109375 0.0484375 0.07421875
0 0.428125 0.625 0.05859375 0.0890625
0 0.33359375 0.64765625 0.06953125 0.065625
0 0.99140625 0.63203125 0.015625 0.0546875
0 0.97578125 0.6359375 0.01328125 0.0484375
0 0.959375 0.6390625 0.01640625 0.05078125
0 0.94140625 0.64375 0.01328125 0.05
0 0.925 0.646875 0.01484375 0.05390625
0 0.74609375 0.45390625 0.0421875 0.05859375
0 0.8734375 0.396875 0.0171875 0.059375
0 0.8921875 0.39765625 0.02109375 0.0578125
0 0.91328125 0.39453125 0.0203125 0.0546875
0 0.95078125 0.3953125 0.02734375 0.05
0 0.975 0.38984375 0.01640625 0.053125
0 0.99140625 0.39140625 0.01640625 0.0484375
0 0.01015625 0.6546875 0.01953125 0.084375
0 0.03984375 0.6515625 0.040625 0.0765625
0 0.0828125 0.6484375 0.04296875 0.078125
0 0.128125 0.6375 0.03515625 0.07734375
0 0.16875 0.6328125 0.04453125 0.07109375
0 0.2109375 0.63046875 0.0421875 0.075
0 0.2671875 0.67421875 0.0515625 0.0484375
0 0.21953125 0.7234375 0.02734375 0.07265625
0 0.6328125 0.7015625 0.05390625 0.0796875
0 0.18828125 0.73125 0.03203125 0.07578125
0 0.11484375 0.7453125 0.03515625 0.07265625
0 0.01796875 0.24765625 0.03203125 0.0875
0 0.0625 0.25234375 0.05703125 0.08125
0 0.11796875 0.253125 0.05390625 0.0828125
0 0.1734375 0.2546875 0.0546875 0.08125
0 0.246875 0.23203125 0.06953125 0.0703125
0 0.315625 0.234375 0.06796875 0.0671875
0 0.38515625 0.2390625 0.0625 0.0640625
0 0.49375 0.2421875 0.05546875 0.06171875
0 0.5515625 0.24765625 0.05234375 0.0625
0 0.60390625 0.25 0.04609375 0.0578125
0 0.68671875 0.25390625 0.05 0.053125
0 0.9515625 0.553125 0.02421875 0.06328125
0 0.15234375 0.740625 0.03359375 0.075
0 0.7734375 0.2609375 0.0328125 0.0515625
0 0.01640625 0.38359375 0.0328125 0.09296875
0 0.97890625 0.19921875 0.03671875 0.0546875
0 0.9484375 0.1984375 0.01953125 0.04765625
0 0.925 0.1953125 0.02734375 0.0515625
0 0.896875 0.19453125 0.02578125 0.03984375
0 0.04765625 0.103125 0.05703125 0.090625
0 0.103125 0.10625 0.053125 0.0828125
0 0.15859375 0.1140625 0.059375 0.1046875
0 0.23046875 0.1 0.07109375 0.1171875
0 0.30625 0.11171875 0.0703125 0.115625
0 0.37421875 0.11875 0.06640625 0.09921875
0 0.43828125 0.12578125 0.06328125 0.115625
0 0.05546875 0.3859375 0.04375 0.0859375
0 0.55703125 0.14140625 0.0546875 0.0984375
0 0.6453125 0.153125 0.04375 0.0953125
0 0.6890625 0.1609375 0.04296875 0.07890625
0 0.73671875 0.165625 0.04765625 0.0890625
0 0.771875 0.16796875 0.02578125 0.0828125
0 0.80078125 0.171875 0.02421875 0.0859375
0 0.8234375 0.17265625 0.02265625 0.0828125
0 0.865625 0.19140625 0.03515625 0.046875
0 0.60546875 0.146875 0.040625 0.0875
0 0.1015625 0.3890625 0.04140625 0.08203125
0 0.73515625 0.25625 0.04296875 0.0546875
0 0.184375 0.3859375 0.04296875 0.08203125
0 0.11796875 0.51328125 0.04140625 0.07578125
0 0.16015625 0.5109375 0.03984375 0.08125
0 0.1984375 0.5078125 0.03203125 0.0765625
0 0.30703125 0.4953125 0.071875 0.06015625
0 0.375 0.5 0.04609375 0.0484375
0 0.47734375 0.4875 0.04296875 0.025
0 0.4796875 0.509375 0.0515625 0.0171875
0 0.5375 0.471875 0.0484375 0.0765625
0 0.58046875 0.46875 0.0328125 0.075
0 0.97578125 0.553125 0.021875 0.0609375
0 0.8109375 0.48515625 0.01484375 0.0578125
0 0.8265625 0.4828125 0.01640625 0.06171875
0 0.8421875 0.4859375 0.01953125 0.06796875
0 0.86015625 0.484375 0.01640625 0.0703125
0 0.87734375 0.484375 0.01640625 0.07109375
0 0.9078125 0.47734375 0.02109375 0.0640625
0 0.93359375 0.475 0.02734375 0.0640625
0 0.9703125 0.471875 0.01953125 0.0609375
0 0.98984375 0.47109375 0.01640625 0.0625
0 0.0328125 0.76171875 0.0453125 0.0734375
0 0.07578125 0.7578125 0.0375 0.078125
0 0.075 0.5203125 0.04375 0.084375
0 0.14375 0.38671875 0.03828125 0.075
0 0.0296875 0.525 0.04609375 0.07734375
0 0.96796875 0.29375 0.01953125 0.0609375
0 0.31640625 0.33359375 0.0609375 0.059375
0 0.48515625 0.3328125 0.05859375 0.0546875
0 0.58046875 0.3296875 0.04609375 0.053125
0 0.62578125 0.3328125 0.03125 0.04609375
0 0.66953125 0.33125 0.0375 0.05546875
0 0.9890625 0.2921875 0.021875 0.059375
0 0.5796875 0.725 0.04453125 0.0453125
0 0.7171875 0.33125 0.04296875 0.0453125
0 0.7578125 0.334375 0.03671875 0.0453125
0 0.8625 0.2984375 0.02578125 0.05234375
0 0.8875 0.3 0.02421875 0.0453125
0 0.9125 0.3015625 0.02265625 0.04609375
0 0.946875 0.29609375 0.02421875 0.0578125