0 0.52578125 0.1234375 0.03125 0.16484375
0 0.4953125 0.11796875 0.02890625 0.16484375
0 0.4609375 0.1109375 0.03671875 0.17265625
0 0.0546875 0.07421875 0.0609375 0.1453125
0 0.38671875 0.0984375 0.03515625 0.18671875
0 0.3484375 0.09140625 0.0375 0.17734375
0 0.29921875 0.0875 0.05625 0.16875
0 0.1875 0.078125 0.05078125 0.1546875
0 0.128125 0.0734375 0.0609375 0.146875
0 0.42421875 0.1046875 0.03515625 0.17421875
0 0.24140625 0.08359375 0.05390625 0.16640625
0 0.50703125 0.8015625 0.02421875 0.05859375
0 0.59765625 0.1453125 0.03828125 0.1203125
0 0.265625 0.7859375 0.02265625 0.05078125
0 0.2625 0.73125 0.02421875 0.0546875
0 0.2953125 0.8265625 0.02421875 0.05546875
0 0.29375 0.77265625 0.025 0.05078125
0 0.290625 0.71640625 0.02578125 0.05546875
0 0.3234375 0.815625 0.02578125 0.04921875
0 0.321875 0.7640625 0.02421875 0.05
0 0.31875 0.70859375 0.0234375 0.05625
0 0.35078125 0.8046875 0.01875 0.05078125
0 0.34609375 0.753125 0.0234375 0.0484375
0 0.34453125 0.7 0.02109375 0.05234375
0 0.37265625 0.7390625 0.01953125 0.04765625
0 0.37265625 0.79140625 0.021875 0.04765625
0 0.3953125 0.78515625 0.01875 0.04375
0 0.39453125 0.73359375 0.0171875 0.05
0 0.41484375 0.7203125 0.01484375 0.0421875
0 0.415625 0.76953125 0.015625 0.05078125
0 0.434375 0.76171875 0.0171875 0.040625
0 0.43359375 0.71171875 0.0171875 0.05
0 0.45390625 0.75546875 0.01640625 0.04140625
0 0.4515625 0.7046875 0.01640625 0.05
0 0.4734375 0.74375 0.01875 0.0421875
0 0.471875 0.69765625 0.0171875 0.04296875
0 0.50390625 0.72421875 0.021875 0.04921875
0 0.54609375 0.71171875 0.01484375 0.03671875
0 0.5296875 0.71484375 0.015625 0.04140625
0 0.5453125 0.66484375 0.01640625 0.03984375
0 0.525 0.66953125 0.0171875 0.04453125
0 0.72421875 0.62109375 0.0140625 0.040625
0 0.26953125 0.840625 0.021875 0.04921875
0 0.70390625 0.625 0.02109375 0.04921875
0 0.240625 0.84921875 0.028125 0.0578125
0 0.234375 0.7359375 0.02421875 0.05703125
0 0.43125 0.83828125 0.03125 0.0671875
0 0.54453125 0.94765625 0.0296875 0.075
0 0.50703125 0.96640625 0.0328125 0.0609375
0 0.6078125 0.93203125 0.03828125 0.06484375
0 0.465625 0.815625 0.0296875 0.05546875
0 0.534375 0.78359375 0.02421875 0.0515625
0 0.66328125 0.75 0.03125 0.05546875
0 0.63125 0.8984375 0.00859375 0.05546875
0 0.64765625 0.8796875 0.01875 0.0578125
0 0.66015625 0.815625 0.02890625 0.0578125
0 0.68515625 0.80546875 0.01875 0.04609375
0 0.6921875 0.8515625 0.02109375 0.040625
0 0.66875 0.86875 0.02109375 0.04140625
0 0.7046875 0.7796875 0.01640625 0.0453125
0 0.71328125 0.8296875 0.01328125 0.04375
0 0.73125 0.815625 0.0203125 0.05546875
0 0.74609375 0.75 0.01640625 0.04140625
0 0.7765625 0.7046875 0.02578125 0.04765625
0 0.76875 0.74609375 0.02265625 0.03046875
0 0.775 0.7875 0.01875 0.0453125
0 0.7515625 0.79765625 0.01640625 0.046875
0 0.559375 0.13046875 0.0328125 0.15546875
0 0.3984375 0.85625 0.03046875 0.0640625
0 0.36328125 0.87421875 0.03671875 0.07421875
0 0.03671875 0.94609375 0.0734375 0.0859375
0 0.03203125 0.84609375 0.0640625 0.109375
0 0.21015625 0.86484375 0.02578125 0.0578125
0 0.21015625 0.8109375 0.02109375 0.04609375
0 0.20703125 0.753125 0.01953125 0.05546875
0 0.2390625 0.79296875 0.02265625 0.05078125
0 0.72421875 0.56953125 0.015625 0.05234375
0 0.3171875 0.89609375 0.040625 0.06640625
0 0.68046875 0.6375 0.01796875 0.05078125
0 0.25390625 0.325 0.04296875 0.2015625
0 0.30078125 0.32578125 0.04375 0.20078125
0 0.3484375 0.321875 0.03984375 0.19140625
0 0.3890625 0.325 0.03671875 0.175
0 0.42734375 0.32578125 0.02890625 0.17421875
0 0.4625 0.3234375 0.03046875 0.16015625
0 0.4953125 0.32421875 0.03046875 0.16328125
0 0.528125 0.32109375 0.03125 0.1546875
0 0.565625 0.47421875 0.01796875 0.021875
0 0.56015625 0.44453125 0.02109375 0.02890625
0 0.55859375 0.415625 0.02109375 0.02265625
0 0.56328125 0.38671875 0.028125 0.0296875
0 0.5625 0.359375 0.02421875 0.02265625
0 0.56640625 0.30859375 0.02421875 0.0640625
0 0.61328125 0.3328125 0.01484375 0.1453125
0 0.63046875 0.3328125 0.01640625 0.1421875
0 0.6734375 0.33046875 0.01875 0.13203125
0 0.69375 0.33125 0.01796875 0.13046875
0 0.80078125 0.328125 0.0125 0.10859375
0 0.78515625 0.328125 0.0125 0.115625
0 0.7671875 0.32734375 0.01640625 0.11796875
0 0.75 0.3296875 0.01328125 0.11953125
0 0.734375 0.32578125 0.0171875 0.12734375
0 0.715625 0.32734375 0.0203125 0.13046875
0 0.7046875 0.1734375 0.0234375 0.1390625
0 0.68359375 0.16875 0.0171875 0.1453125
0 0.66015625 0.16171875 0.02421875 0.15625
0 0.634375 0.15703125 0.0265625 0.14921875
0 0.7015625 0.575 0.02265625 0.0453125
0 0.1328125 0.38125 0.05703125 0.22890625
0 0.06171875 0.31953125 0.05703125 0.24453125
0 0.6515625 0.33046875 0.02109375 0.13828125
0 0.14765625 0.55546875 0.07734375 0.1125
0 0.58203125 0.61875 0.02578125 0.05234375
0 0.01640625 0.32109375 0.0328125 0.2578125
0 0.58203125 0.68125 0.02890625 0.0609375
0 0.609375 0.67109375 0.02421875 0.053125
0 0.60859375 0.6140625 0.021875 0.059375
0 0.66015625 0.64296875 0.01875 0.05390625
0 0.6375 0.65703125 0.0234375 0.04921875
0 0.66875 0.478125 0.0140625 0.0875
0 0.64765625 0.484375 0.009375 0.08984375
0 0.6359375 0.60390625 0.02734375 0.05390625
0 0.634375 0.4890625 0.01171875 0.09453125
0 0.62109375 0.4921875 0.01015625 0.09765625
0 0.61015625 0.4984375 0.009375 0.096875
0 0.596875 0.52265625 0.01484375 0.05625
0 0.56796875 0.5375 0.0234375 0.046875
0 0.65703125 0.49296875 0.00859375 0.071875
0 0.509375 0.51796875 0.025 0.16796875
0 0.16640625 0.76328125 0.05546875 0.1015625
0 0.5359375 0.51875 0.025 0.1484375
0 0.16796875 0.84609375 0.04765625 0.04609375
0 0.0328125 0.63046875 0.065625 0.2484375
0 0.08984375 0.6234375 0.034375 0.2265625
0 0.25 0.57578125 0.03125 0.20859375
0 0.21171875 0.590625 0.04140625 0.2234375
0 0.34140625 0.559375 0.04609375 0.1828125
0 0.3828125 0.54921875 0.03359375 0.1859375
0 0.41875 0.540625 0.0328125 0.1796875
0 0.45078125 0.5328125 0.025 0.178125
0 0.4796875 0.52265625 0.028125 0.16875
0 0.29375 0.57109375 0.0484375 0.2015625
0 0.15390625 0.6625 0.06171875 0.0875