0 0.32890625 0.58515625 0.0796875 0.08984375
0 0.584375 0.590625 0.0625 0.1
0 0.4984375 0.590625 0.0765625 0.09765625
0 0.41796875 0.590625 0.07265625 0.10234375
0 0.73203125 0.5921875 0.059375 0.08359375
0 0.6640625 0.59375 0.05703125 0.103125
0 0.79140625 0.5875 0.04921875 0.090625
0 0.8625 0.7859375 0.10078125 0.0140625
0 0.9625 0.59765625 0.0734375 0.07265625
0 0.4890625 0.7171875 0.05390625 0.11328125
0 0.40703125 0.70234375 0.065625 0.08359375
0 0.334375 0.7140625 0.0734375 0.10703125
0 0.26171875 0.7171875 0.06875 0.1046875
0 0.19140625 0.7171875 0.06328125 0.10703125
0 0.0375 0.7203125 0.07421875 0.1046875
0 0.959375 0.7953125 0.0640625 0.03515625
0 0.8671875 0.821875 0.1078125 0.00703125
0 0.86875 0.81328125 0.11015625 0.00703125
0 0.86796875 0.8015625 0.10859375 0.01171875
0 0.259375 0.5765625 0.04921875 0.07265625
0 0.74453125 0.78671875 0.1109375 0.08125
0 0.95703125 0.69765625 0.0859375 0.06015625
0 0.82578125 0.7109375 0.01640625 0.03828125
0 0.8046875 0.7140625 0.01875 0.0375
0 0.78203125 0.7109375 0.01015625 0.03828125
0 0.7265625 0.7046875 0.06484375 0.05
0 0.871875 0.58515625 0.08984375 0.10390625
0 0.19921875 0.57578125 0.06328125 0.06484375
0 0.50546875 0.12578125 0.06171875 0.12578125
0 0.03515625 0.58984375 0.06328125 0.0921875
0 0.4421875 0.3734375 0.046875 0.09375
0 0.38671875 0.37578125 0.0515625 0.0921875
0 0.33515625 0.37734375 0.0484375 0.08359375
0 0.275 0.3734375 0.0515625 0.0921875
0 0.15390625 0.37734375 0.05859375 0.08671875
0 0.090625 0.3703125 0.0625 0.0921875
0 0.0296875 0.37265625 0.0484375 0.0953125
0 0.19140625 0.25703125 0.04140625 0.10390625
0 0.1421875 0.2546875 0.04296875 0.10390625
0 0.09609375 0.25390625 0.046875 0.10078125
0 0.04609375 0.2546875 0.0390625 0.09609375
0 0.24375 0.25703125 0.0515625 0.1
0 0.3 0.2578125 0.05234375 0.09921875
0 0.35859375 0.26015625 0.0421875 0.09375
0 0.40859375 0.26015625 0.05234375 0.10078125
0 0.46171875 0.26171875 0.0453125 0.1015625
0 0.51640625 0.2609375 0.06015625 0.10078125
0 0.64609375 0.26015625 0.059375 0.10390625
0 0.59609375 0.26015625 0.040625 0.10390625
0 0.6609375 0.13203125 0.07421875 0.11953125
0 0.58125 0.1375 0.05234375 0.10625
0 0.49609375 0.378125 0.04296875 0.08828125
0 0.11796875 0.5875 0.08984375 0.090625
0 0.5484375 0.37890625 0.03984375 0.08671875
0 0.64140625 0.37734375 0.04296875 0.084375
0 0.06171875 0.484375 0.034375 0.071875
0 0.11015625 0.48203125 0.04609375 0.06953125
0 0.16875 0.47890625 0.025 0.06875
0 0.446875 0.13515625 0.0453125 0.10234375
0 0.24921875 0.4875 0.04765625 0.06640625
0 0.30234375 0.48125 0.04296875 0.0796875
0 0.090625 0.1703125 0.0578125 0.028125
0 0.09140625 0.1453125 0.05234375 0.01484375
0 0.1421875 0.12890625 0.04296875 0.11015625
0 0.1953125 0.1328125 0.03984375 0.10546875
0 0.23984375 0.15234375 0.0328125 0.06484375
0 0.2765625 0.15390625 0.03515625 0.06796875
0 0.32890625 0.134375 0.06328125 0.10703125
0 0.3953125 0.14375 0.0453125 0.0890625
0 0.3609375 0.4765625 0.03671875 0.078125
0 0.40390625 0.478125 0.0375 0.08125
0 0.44453125 0.48359375 0.03984375 0.08125
0 0.4921875 0.484375 0.0421875 0.07734375
0 0.54296875 0.48515625 0.03984375 0.0796875
0 0.62109375 0.4859375 0.05 0.0828125
0 0.8640625 0.4703125 0.253125 0.0921875
0 0.59140625 0.37890625 0.03828125 0.08671875
0 0.2 0.4859375 0.03203125 0.07265625
0 0.96171875 0.8203125 0.06875 0.01171875
0 0.2359375 0.83828125 0.0765625 0.08984375
0 0.51015625 0.84140625 0.06171875 0.0984375
0 0.44375 0.840625 0.06484375 0.0921875
0 0.3796875 0.8421875 0.05859375 0.09765625
0 0.1640625 0.83671875 0.06015625 0.08671875
0 0.09921875 0.83828125 0.0671875 0.09296875
0 0.03515625 0.8421875 0.05546875 0.0921875
0 0.621875 0.71171875 0.0625 0.10234375
0 0.55234375 0.7171875 0.0625 0.1140625
0 0.57734375 0.840625 0.059375 0.10078125
0 0.86640625 0.215625 0.265625 0.096875
0 0.8765625 0.36953125 0.246875 0.0515625
0 0.6546875 0.84375 0.06484375 0.09765625