0 0.1296875 0.33828125 0.0421875 0.06015625
0 0.06328125 0.35 0.07890625 0.03359375
0 0.81328125 0.334375 0.04140625 0.0546875
0 0.26015625 0.72265625 0.03359375 0.0546875
0 0.22265625 0.71953125 0.03515625 0.06171875
0 0.40625 0.6375 0.02734375 0.05703125
0 0.44609375 0.6375 0.04140625 0.06328125
0 0.48828125 0.6484375 0.0390625 0.04375
0 0.5375 0.63984375 0.03828125 0.0578125
0 0.57265625 0.64140625 0.02578125 0.06015625
0 0.6375 0.640625 0.05859375 0.0625
0 0.6984375 0.6390625 0.0515625 0.07265625
0 0.30078125 0.725 0.03828125 0.05546875
0 0.7578125 0.6390625 0.05078125 0.071875
0 0.8546875 0.6484375 0.0359375 0.05
0 0.8890625 0.64921875 0.02734375 0.05625
0 0.9203125 0.65234375 0.0296875 0.053125
0 0.96484375 0.6375 0.05078125 0.025
0 0.96484375 0.665625 0.05390625 0.0265625
0 0.06640625 0.7328125 0.0265625 0.0515625
0 0.1046875 0.73125 0.040625 0.053125
0 0.16171875 0.73984375 0.0625 0.034375
0 0.2328125 0.34140625 0.046875 0.05
0 0.8109375 0.65078125 0.04609375 0.04921875
0 0.2734375 0.33671875 0.021875 0.0625
0 0.34140625 0.7296875 0.03828125 0.06171875
0 0.43046875 0.721875 0.0359375 0.05703125
0 0.2046875 0.6375 0.0296875 0.053125
0 0.240625 0.63984375 0.03671875 0.0546875
0 0.28046875 0.63828125 0.0390625 0.05859375
0 0.32265625 0.640625 0.034375 0.0546875
0 0.365625 0.653125 0.04453125 0.03359375
0 0.09296875 0.803125 0.075 0.03515625
0 0.021875 0.80546875 0.040625 0.0875
0 0.978125 0.73828125 0.0421875 0.0609375
0 0.68671875 0.45546875 0.05 0.01796875
0 0.38828125 0.7296875 0.04140625 0.0609375
0 0.884375 0.73515625 0.04296875 0.059375
0 0.7703125 0.73046875 0.04140625 0.06640625
0 0.7265625 0.73203125 0.034375 0.065625
0 0.68828125 0.73125 0.03984375 0.06171875
0 0.63671875 0.72890625 0.0421875 0.0640625
0 0.59296875 0.7296875 0.040625 0.0640625
0 0.55703125 0.734375 0.02421875 0.05390625
0 0.52890625 0.73359375 0.02421875 0.05
0 0.5015625 0.7265625 0.02890625 0.0671875
0 0.4671875 0.725 0.0296875 0.065625
0 0.8203125 0.73125 0.046875 0.06875
0 0.1546875 0.63828125 0.0453125 0.0484375
0 0.29609375 0.3375 0.02109375 0.06328125
0 0.33359375 0.3265625 0.04375 0.0265625
0 0.915625 0.42421875 0.05078125 0.02421875
0 0.82890625 0.4546875 0.04453125 0.01875
0 0.83046875 0.43203125 0.04765625 0.02265625
0 0.78046875 0.43828125 0.0453125 0.0484375
0 0.73515625 0.42734375 0.0390625 0.03203125
0 0.153125 0.4375 0.05390625 0.0546875
0 0.22890625 0.41953125 0.07734375 0.028125
0 0.22890625 0.45 0.07421875 0.0296875
0 0.30625 0.45078125 0.075 0.0296875
0 0.971875 0.42421875 0.05546875 0.0234375
0 0.30625 0.41953125 0.06953125 0.028125
0 0.43125 0.43515625 0.0421875 0.01640625
0 0.4765625 0.43515625 0.04375 0.02109375
0 0.4296875 0.45625 0.04375 0.01953125
0 0.4765625 0.4578125 0.040625 0.01796875
0 0.53828125 0.43515625 0.06484375 0.0578125
0 0.59609375 0.434375 0.0390625 0.01953125
0 0.59609375 0.4546875 0.0390625 0.01875
0 0.64140625 0.4390625 0.0390625 0.05
0 0.68828125 0.434375 0.0484375 0.021875
0 0.3765625 0.43671875 0.06171875 0.0546875
0 0.334375 0.353125 0.0453125 0.0203125
0 0.9078125 0.4515625 0.05234375 0.02421875
0 0.08359375 0.52734375 0.08203125 0.03515625
0 0.3796875 0.3328125 0.03828125 0.02109375
0 0.38359375 0.35546875 0.0453125 0.021875
0 0.4234375 0.3109375 0.0421875 0.025
0 0.42421875 0.33515625 0.040625 0.015625
0 0.42890625 0.35546875 0.03828125 0.0203125
0 0.4671875 0.35390625 0.034375 0.021875
0 0.46796875 0.328125 0.03515625 0.02265625
0 0.5484375 0.33828125 0.046875 0.0484375
0 0.596875 0.33828125 0.0453125 0.0484375
0 0.96484375 0.4515625 0.0546875 0.02578125
0 0.64375 0.3390625 0.04140625 0.04921875
0 0.73359375 0.33515625 0.03671875 0.053125
0 0.77265625 0.33359375 0.0328125 0.05625
0 0.8609375 0.3359375 0.0484375 0.05
0 0.909375 0.3453125 0.046875 0.0296875
0 0.90859375 0.31484375 0.0453125 0.028125
0 0.95234375 0.33359375 0.034375 0.05546875
0 0.9859375 0.3296875 0.028125 0.06015625
0 0.075 0.44453125 0.08984375 0.0421875
0 0.084375 0.4078125 0.0703125 0.0265625
0 0.68984375 0.33828125 0.046875 0.05
0 0.10859375 0.63984375 0.0375 0.05859375
0 0.93203125 0.7375 0.0453125 0.0609375
0 0.915625 0.534375 0.1015625 0.03046875
0 0.7515625 0.21640625 0.05625 0.0234375
0 0.9671875 0.840625 0.0421875 0.0546875
0 0.92578125 0.83671875 0.0328125 0.0578125
0 0.8921875 0.8390625 0.0328125 0.05703125
0 0.821875 0.85 0.08125 0.0328125
0 0.81640625 0.81015625 0.09140625 0.03984375
0 0.71875 0.84609375 0.09296875 0.03203125
0 0.7171875 0.80703125 0.0890625 0.0390625
0 0.0640625 0.6484375 0.0375 0.0421875
0 0.62578125 0.8 0.06796875 0.0265625
0 0.621875 0.8375 0.0734375 0.0390625
0 0.53671875 0.8328125 0.075 0.04375
0 0.44921875 0.83984375 0.0828125 0.0375
0 0.36875 0.8 0.0921875 0.0390625
0 0.3640625 0.84453125 0.07890625 0.04375
0 0.7515625 0.24296875 0.05546875 0.025
0 0.80859375 0.2171875 0.053125 0.02421875
0 0.86640625 0.215625 0.0546875 0.02421875
0 0.8078125 0.24296875 0.04765625 0.0234375
0 0.08828125 0.5640625 0.078125 0.03203125
0 0.1546875 0.5515625 0.03671875 0.053125
0 0.19609375 0.54296875 0.04140625 0.06953125
0 0.24609375 0.5484375 0.04296875 0.05625
0 0.28828125 0.5484375 0.0421875 0.05625
0 0.33203125 0.5421875 0.0359375 0.071875
0 0.371875 0.54453125 0.0390625 0.06484375
0 0.2828125 0.8296875 0.0703125 0.0390625
0 0.41328125 0.5359375 0.03671875 0.07734375
0 0.48125 0.5359375 0.03671875 0.08125
0 0.52109375 0.5515625 0.03828125 0.05078125
0 0.5625 0.52734375 0.040625 0.01875
0 0.97421875 0.2046875 0.0515625 0.02890625
0 0.97578125 0.23671875 0.0484375 0.0296875
0 0.92578125 0.23671875 0.0453125 0.0328125
0 0.8671875 0.24140625 0.05625 0.02265625
0 0.44765625 0.53671875 0.02890625 0.0796875
0 0.2828125 0.7921875 0.06953125 0.02734375
0 0.546875 0.79609375 0.06015625 0.01953125
0 0.17890625 0.84140625 0.0765625 0.03515625
0 0.27265625 0.23984375 0.0328125 0.05234375
0 0.203125 0.23671875 0.09453125 0.03203125
0 0.134375 0.2421875 0.0296875 0.05
0 0.10703125 0.24375 0.021875 0.05078125
0 0.0796875 0.2546875 0.0265625 0.02578125
0 0.04609375 0.25546875 0.03515625 0.02265625
0 0.0484375 0.23203125 0.0375 0.0203125
0 0.01484375 0.25 0.02578125 0.0375
0 0.17890625 0.3375 0.05 0.0609375
0 0.5671875 0.54765625 0.0453125 0.015625
0 0.1015625 0.83828125 0.0703125 0.03125
0 0.67265625 0.5265625 0.046875 0.01953125
0 0.67578125 0.546875 0.04140625 0.0171875
0 0.67578125 0.5671875 0.0453125 0.01875
0 0.7171875 0.5515625 0.02578125 0.05078125
0 0.75 0.55703125 0.03046875 0.0421875
0 0.79609375 0.54765625 0.04609375 0.0234375
0 0.8421875 0.54921875 0.04375 0.02109375
0 0.84609375 0.57109375 0.0484375 0.01953125
0 0.79765625 0.57109375 0.04453125 0.01953125
0 0.875 0.5 0.11484375 0.01875
0 0.30625 0.2390625 0.03125 0.05390625
0 0.33828125 0.23515625 0.028125 0.059375
0 0.5640625 0.56875 0.04375 0.0203125
0 0.41171875 0.23984375 0.0375 0.04609375
0 0.17890625 0.8015625 0.08125 0.0375
0 0.7078125 0.225 0.0234375 0.065625
0 0.67734375 0.22421875 0.02734375 0.0703125
0 0.6484375 0.22421875 0.02890625 0.0671875
0 0.371875 0.240625 0.034375 0.0453125
0 0.73359375 0.4546875 0.040625 0.01953125
0 0.490625 0.2484375 0.03359375 0.025
0 0.61171875 0.23671875 0.03984375 0.04453125
0 0.528125 0.2375 0.03515625 0.04375
0 0.5671875 0.2375 0.04140625 0.0453125
0 0.48984375 0.22265625 0.0328125 0.02109375
0 0.45 0.23984375 0.0375 0.046875