0 0.6296875 0.16328125 0.028125 0.134375
0 0.66171875 0.1578125 0.0296875 0.1421875
0 0.59921875 0.16640625 0.02734375 0.13671875
0 0.5703125 0.171875 0.02890625 0.13671875
0 0.54296875 0.1765625 0.02421875 0.1375
0 0.51875 0.18125 0.0234375 0.13359375
0 0.36640625 0.19765625 0.01875 0.13203125
0 0.46875 0.19375 0.02265625 0.12265625
0 0.44921875 0.1953125 0.0140625 0.12265625
0 0.43359375 0.2015625 0.01640625 0.11796875
0 0.39140625 0.18984375 0.0265625 0.13828125
0 0.94375 0.74609375 0.03984375 0.12734375
0 0.49296875 0.184375 0.0234375 0.12734375
0 0.9 0.7421875 0.03515625 0.12109375
0 0.77890625 0.1453125 0.0375 0.13515625
0 0.890625 0.8640625 0.02890625 0.11796875
0 0.34375 0.203125 0.021875 0.13125
0 0.97734375 0.10859375 0.0453125 0.1484375
0 0.69765625 0.15859375 0.03125 0.12890625
0 0.75078125 0.31796875 0.02890625 0.12421875
0 0.78828125 0.31875 0.03359375 0.12578125
0 0.91328125 0.309375 0.03671875 0.1390625
0 0.93125 0.878125 0.03515625 0.12578125
0 0.96015625 0.3109375 0.0453125 0.14140625
0 0.803125 0.4921875 0.0359375 0.14453125
0 0.84375 0.49609375 0.0375 0.15546875
0 0.8890625 0.50078125 0.03671875 0.16640625
0 0.984375 0.50859375 0.03125 0.16796875
0 0.7453125 0.7578125 0.0421875 0.0796875
0 0.75 0.84296875 0.059375 0.07734375
0 0.76015625 0.49296875 0.03125 0.14375
0 0.41484375 0.1921875 0.01640625 0.13203125
0 0.0578125 0.3734375 0.03359375 0.1140625
0 0.3015625 0.2078125 0.021875 0.1265625
0 0.37890625 0.38359375 0.01640625 0.13046875
0 0.35859375 0.3796875 0.0171875 0.12265625
0 0.3390625 0.38125 0.01796875 0.12265625
0 0.31875 0.38203125 0.01875 0.121875
0 0.30078125 0.3828125 0.01640625 0.11875
0 0.2828125 0.38359375 0.01640625 0.115625
0 0.265625 0.3859375 0.0125 0.115625
0 0.25390625 0.3859375 0.0109375 0.11875
0 0.23203125 0.3734375 0.03046875 0.128125
0 0.19296875 0.3734375 0.03828125 0.121875
0 0.1546875 0.37421875 0.0359375 0.11953125
0 0.121875 0.3734375 0.02734375 0.121875
0 0.090625 0.3734375 0.03046875 0.121875
0 0.9203125 0.121875 0.046875 0.13984375
0 0.6453125 0.590625 0.02109375 0.13828125
0 0.39921875 0.38203125 0.0203125 0.13046875
0 0.3234375 0.20546875 0.0171875 0.13125
0 0.42265625 0.38125 0.02265625 0.12734375
0 0.509375 0.365625 0.03671875 0.165625
0 0.28359375 0.21171875 0.0125 0.11796875
0 0.2703125 0.21796875 0.01015625 0.1125
0 0.18671875 0.23828125 0.02109375 0.084375
0 0.16796875 0.2421875 0.0140625 0.0890625
0 0.15078125 0.24375 0.01640625 0.084375
0 0.12109375 0.25234375 0.02109375 0.0734375
0 0.10546875 0.25546875 0.01015625 0.0734375
0 0.09375 0.25703125 0.01015625 0.0734375
0 0.08203125 0.25703125 0.0109375 0.06953125
0 0.0671875 0.259375 0.0140625 0.0734375
0 0.053125 0.2609375 0.0125 0.07265625
0 0.6546875 0.3625 0.04296875 0.18359375
0 0.70625 0.36015625 0.05390625 0.18515625
0 0.6078125 0.371875 0.03828125 0.1421875
0 0.55546875 0.36875 0.05 0.1671875
0 0.4640625 0.3703125 0.04375 0.1578125
0 0.86875 0.13046875 0.03984375 0.13984375
0 0.0984375 0.50234375 0.03125 0.109375
0 0.61640625 0.7640625 0.02578125 0.13828125
0 0.06484375 0.61796875 0.0140625 0.10859375
0 0.10546875 0.62578125 0.01875 0.1078125
0 0.1265625 0.63046875 0.0203125 0.11015625
0 0.1484375 0.63671875 0.0171875 0.10859375
0 0.17109375 0.64140625 0.02734375 0.11328125
0 0.23203125 0.6578125 0.028125 0.12109375
0 0.20234375 0.65 0.02734375 0.115625
0 0.27265625 0.6796875 0.04296875 0.11640625
0 0.325 0.6796875 0.04453125 0.1234375
0 0.38125 0.69609375 0.05078125 0.12578125
0 0.4734375 0.7203125 0.0265625 0.13125
0 0.4484375 0.7140625 0.0171875 0.12421875
0 0.4265625 0.709375 0.0203125 0.12265625
0 0.55625 0.73828125 0.02578125 0.1296875
0 0.528125 0.7359375 0.02421875 0.1265625
0 0.084375 0.62265625 0.02109375 0.11171875
0 0.50078125 0.72890625 0.01953125 0.12734375
0 0.67578125 0.9359375 0.07109375 0.128125
0 0.52109375 0.89140625 0.05546875 0.14921875
0 0.675 0.59375 0.028125 0.1421875
0 0.40078125 0.97421875 0.06953125 0.05078125
0 0.20390625 0.890625 0.04375 0.10078125
0 0.2625 0.91875 0.0484375 0.1046875
0 0.15703125 0.95 0.034375 0.09609375
0 0.11796875 0.8453125 0.03984375 0.084375
0 0.32578125 0.9484375 0.0609375 0.103125
0 0.0796875 0.728125 0.03125 0.06953125
0 0.1171875 0.740625 0.03515625 0.07734375
0 0.18125 0.76875 0.0359375 0.09140625
0 0.22890625 0.784375 0.04140625 0.09375
0 0.27578125 0.796875 0.03046875 0.0875
0 0.32890625 0.8265625 0.05390625 0.1078125
0 0.39453125 0.84140625 0.03515625 0.128125
0 0.4515625 0.86640625 0.05 0.14140625
0 0.59296875 0.921875 0.0640625 0.15625
0 0.6484375 0.77265625 0.03046875 0.15078125
0 0.71015625 0.5953125 0.0359375 0.14765625
0 0.58984375 0.75546875 0.01953125 0.13046875
0 0.0734375 0.821875 0.0390625 0.08359375
0 0.07421875 0.9125 0.03515625 0.07578125
0 0.5828125 0.58203125 0.0203125 0.1328125
0 0.6125 0.5859375 0.03203125 0.1359375
0 0.55625 0.578125 0.02421875 0.12890625
0 0.50546875 0.57421875 0.0203125 0.12578125
0 0.43125 0.56015625 0.0171875 0.1171875
0 0.4515625 0.56328125 0.0171875 0.121875
0 0.47734375 0.5671875 0.02578125 0.1234375
0 0.40234375 0.54140625 0.028125 0.146875
0 0.1140625 0.934375 0.03984375 0.075
0 0.53046875 0.575 0.02109375 0.1296875
0 0.33984375 0.534375 0.02578125 0.13359375
0 0.36953125 0.540625 0.028125 0.1453125
0 0.6890625 0.821875 0.0453125 0.0765625
0 0.6875 0.73828125 0.04140625 0.075
0 0.1296875 0.5046875 0.0234375 0.11171875
0 0.16796875 0.509375 0.04140625 0.11484375
0 0.065625 0.49765625 0.028125 0.10390625
0 0.2359375 0.51640625 0.02578125 0.12421875
0 0.26171875 0.52734375 0.01640625 0.11640625
0 0.28515625 0.5265625 0.02265625 0.12890625
0 0.3125 0.52890625 0.021875 0.13515625