0 0.790625 0.7515625 0.09140625 0.09140625
0 0.11953125 0.3765625 0.04140625 0.07421875
0 0.19375 0.396875 0.0515625 0.03203125
0 0.1859375 0.35 0.0328125 0.05546875
0 0.23125 0.353125 0.05390625 0.0515625
0 0.2890625 0.35 0.0546875 0.05234375
0 0.34609375 0.35 0.053125 0.05
0 0.2484375 0.396875 0.05 0.03125
0 0.3 0.39609375 0.04921875 0.034375
0 0.3515625 0.3921875 0.05078125 0.0328125
0 0.41953125 0.359375 0.090625 0.090625
0 0.509375 0.3578125 0.08359375 0.0890625
0 0.596875 0.3546875 0.0859375 0.09296875
0 0.6921875 0.353125 0.08515625 0.090625
0 0.8453125 0.375 0.08203125 0.03671875
0 0.946875 0.37421875 0.05234375 0.0375
0 0.390625 0.45625 0.0390625 0.04609375
0 0.36015625 0.49375 0.03984375 0.03125
0 0.353125 0.459375 0.0296875 0.03515625
0 0.3203125 0.46875 0.03359375 0.078125
0 0.284375 0.471875 0.03671875 0.0796875
0 0.24921875 0.4734375 0.02890625 0.07421875
0 0.06640625 0.36875 0.04453125 0.09375
0 0.21875 0.47578125 0.028125 0.07578125
0 0.13984375 0.47890625 0.03046875 0.0765625
0 0.10703125 0.471875 0.03515625 0.0890625
0 0.07265625 0.47578125 0.03046875 0.08984375
0 0.02734375 0.503125 0.05234375 0.0296875
0 0.0265625 0.4703125 0.04765625 0.02890625
0 0.9671875 0.26015625 0.06484375 0.04375
0 0.17890625 0.47265625 0.04609375 0.0859375
0 0.025 0.36796875 0.034375 0.1
0 0.8796875 0.26171875 0.090625 0.0484375
0 0.74296875 0.2375 0.09140625 0.0984375
0 0.7265625 0.10625 0.05234375 0.0375
0 0.67421875 0.10859375 0.04921875 0.0390625
0 0.6296875 0.1203125 0.0390625 0.0921875
0 0.58828125 0.11875 0.03984375 0.09375
0 0.54609375 0.1078125 0.040625 0.1171875
0 0.50078125 0.109375 0.04375 0.11953125
0 0.67578125 0.146875 0.05078125 0.034375
0 0.45 0.11796875 0.04765625 0.1015625
0 0.29921875 0.15234375 0.04453125 0.0375
0 0.35078125 0.153125 0.05 0.0359375
0 0.35078125 0.1125 0.053125 0.040625
0 0.29765625 0.1125 0.05 0.03671875
0 0.2515625 0.11171875 0.03984375 0.121875
0 0.20078125 0.1125 0.03046875 0.12265625
0 0.4015625 0.11875 0.0484375 0.103125
0 0.43671875 0.45390625 0.03984375 0.05078125
0 0.7296875 0.1453125 0.05234375 0.0375
0 0.96171875 0.10625 0.07578125 0.103125
0 0.65078125 0.240625 0.0859375 0.1
0 0.55859375 0.2421875 0.0875 0.096875
0 0.4640625 0.24453125 0.09765625 0.1015625
0 0.3296875 0.2421875 0.04609375 0.0421875
0 0.38359375 0.2296875 0.0625 0.0546875
0 0.390625 0.278125 0.0484375 0.04140625
0 0.84140625 0.10546875 0.13046875 0.10703125
0 0.33671875 0.28046875 0.05078125 0.0359375
0 0.23046875 0.28359375 0.04453125 0.0390625
0 0.27578125 0.23515625 0.05703125 0.0546875
0 0.175 0.25625 0.02890625 0.090625
0 0.1359375 0.25859375 0.03515625 0.090625
0 0.0921875 0.2546875 0.04296875 0.0984375
0 0.0421875 0.25859375 0.04375 0.09375
0 0.2828125 0.2828125 0.05234375 0.0359375
0 0.40078125 0.49375 0.03671875 0.0265625
0 0.44140625 0.4953125 0.0390625 0.025
0 0.48125 0.4953125 0.03671875 0.0265625
0 0.38515625 0.66796875 0.04296875 0.0625
0 0.428125 0.6671875 0.0375 0.05390625
0 0.46796875 0.66640625 0.03828125 0.05625
0 0.50234375 0.6609375 0.028125 0.053125
0 0.53984375 0.66328125 0.04375 0.05625
0 0.78359375 0.55703125 0.02109375 0.0609375
0 0.8109375 0.55546875 0.02890625 0.06015625
0 0.61640625 0.6609375 0.0296875 0.05
0 0.66015625 0.6625 0.03515625 0.0515625
0 0.70625 0.659375 0.04296875 0.053125
0 0.78125 0.646875 0.09921875 0.06640625
0 0.8890625 0.64140625 0.09609375 0.0640625
0 0.0171875 0.78203125 0.03359375 0.0703125
0 0.175 0.765625 0.04453125 0.02734375
0 0.32734375 0.6578125 0.04453125 0.06484375
0 0.1328125 0.77109375 0.0390625 0.025
0 0.09453125 0.80625 0.04453125 0.034375
0 0.13671875 0.80546875 0.03671875 0.040625
0 0.18125 0.79921875 0.03828125 0.0359375
0 0.22265625 0.7703125 0.03828125 0.07265625
0 0.265625 0.7671875 0.03984375 0.07265625
0 0.30234375 0.76875 0.03203125 0.0765625
0 0.3375 0.7703125 0.03203125 0.0796875
0 0.36953125 0.76953125 0.03046875 0.06875
0 0.43984375 0.76875 0.03671875 0.06484375
0 0.47890625 0.76953125 0.034375 0.065625
0 0.5140625 0.76953125 0.03359375 0.06796875
0 0.565625 0.7640625 0.06640625 0.059375
0 0.628125 0.7609375 0.059375 0.06640625
0 0.69296875 0.76171875 0.0703125 0.0625
0 0.0875 0.7734375 0.03359375 0.021875
0 0.27265625 0.6640625 0.0609375 0.0609375
0 0.21015625 0.665625 0.0578125 0.0671875
0 0.55234375 0.53359375 0.046875 0.02578125
0 0.4796875 0.45390625 0.03671875 0.0453125
0 0.540625 0.46328125 0.08359375 0.08125
0 0.63125 0.45625 0.0859375 0.084375
0 0.71796875 0.45625 0.08125 0.0828125
0 0.8609375 0.48203125 0.07265625 0.03359375
0 0.92890625 0.4734375 0.05390625 0.025
0 0.98125 0.55 0.0375 0.0625
0 0.93046875 0.54765625 0.04453125 0.06328125
0 0.88203125 0.55 0.0296875 0.0703125
0 0.84609375 0.55234375 0.02734375 0.06875
0 0.01796875 0.5734375 0.03203125 0.0890625
0 0.05625 0.5765625 0.03984375 0.075
0 0.12890625 0.56640625 0.05078125 0.090625
0 0.090625 0.58125 0.02109375 0.0765625
0 0.1796875 0.56484375 0.04453125 0.08125
0 0.22578125 0.55546875 0.0421875 0.0390625
0 0.21953125 0.528125 0.02421875 0.0203125
0 0.7375 0.55 0.04921875 0.0796875
0 0.69296875 0.55078125 0.02890625 0.078125
0 0.65703125 0.55078125 0.03515625 0.08125
0 0.62265625 0.5515625 0.02890625 0.078125
0 0.59375 0.55625 0.02421875 0.078125
0 0.4984375 0.540625 0.04296875 0.03203125
0 0.9015625 0.7484375 0.090625 0.0875
0 0.5546875 0.5765625 0.05390625 0.04375
0 0.45078125 0.5578125 0.03515625 0.0765625
0 0.40703125 0.5609375 0.04609375 0.0734375
0 0.36484375 0.5640625 0.03125 0.071875
0 0.3296875 0.5640625 0.03046875 0.075
0 0.275 0.54921875 0.04921875 0.040625
0 0.2328125 0.590625 0.04609375 0.0296875
0 0.50078125 0.57890625 0.05 0.04375
0 0.2859375 0.5875 0.04921875 0.028125
0 0.10234375 0.11875 0.03671875 0.1125
0 0.0171875 0.12421875 0.034375 0.1015625
0 0.05546875 0.1234375 0.03984375 0.103125
0 0.15078125 0.1125 0.05546875 0.1234375