0 0.16875 0.15 0.02421875 0.02734375
0 0.1671875 0.11171875 0.02109375 0.03984375
0 0.971875 0.67421875 0.05625 0.04296875
0 0.10078125 0.13828125 0.025 0.02578125
0 0.1 0.159375 0.04375 0.01171875
0 0.02890625 0.15234375 0.0578125 0.0234375
0 0.0390625 0.09375 0.06640625 0.02265625
0 0.0765625 0.74296875 0.0625 0.05234375
0 0.02109375 0.74453125 0.0421875 0.05546875
0 0.2234375 0.10859375 0.0671875 0.109375
0 0.89296875 0.69453125 0.065625 0.0296875
0 0.821875 0.69453125 0.06953125 0.03359375
0 0.74921875 0.66640625 0.046875 0.05
0 0.6875 0.66796875 0.05 0.05
0 0.6296875 0.665625 0.05625 0.0515625
0 0.5765625 0.66796875 0.040625 0.05234375
0 0.13671875 0.14140625 0.02421875 0.04453125
0 0.29375 0.13671875 0.065625 0.053125
0 0.4296875 0.74296875 0.0390625 0.04921875
0 0.35078125 0.075 0.04453125 0.0578125
0 0.28046875 0.834375 0.06328125 0.08984375
0 0.34609375 0.8328125 0.06015625 0.08671875
0 0.4109375 0.83203125 0.059375 0.0828125
0 0.47265625 0.83046875 0.06015625 0.0859375
0 0.54296875 0.80859375 0.0625 0.03125
0 0.540625 0.8546875 0.06171875 0.0484375
0 0.22421875 0.82734375 0.0375 0.0796875
0 0.609375 0.84921875 0.0609375 0.04375
0 0.6796875 0.84765625 0.06171875 0.0484375
0 0.75390625 0.853125 0.0640625 0.04296875
0 0.8265625 0.86328125 0.071875 0.0265625
0 0.95078125 0.84609375 0.09453125 0.05390625
0 0.459375 0.08203125 0.0421875 0.05
0 0.53125 0.66875 0.0390625 0.05390625
0 0.68515625 0.80546875 0.0703125 0.03359375
0 0.1578125 0.8296875 0.05859375 0.08671875
0 0.08984375 0.83125 0.05703125 0.084375
0 0.0296875 0.828125 0.0515625 0.08359375
0 0.403125 0.07109375 0.04375 0.0625
0 0.3515625 0.1359375 0.0421875 0.05546875
0 0.4046875 0.1359375 0.046875 0.05859375
0 0.4546875 0.1390625 0.04921875 0.06171875
0 0.15234375 0.734375 0.05234375 0.03828125
0 0.2203125 0.75078125 0.06875 0.04296875
0 0.30703125 0.74453125 0.09140625 0.0484375
0 0.384375 0.74296875 0.05078125 0.05
0 0.471875 0.74140625 0.0390625 0.0484375
0 0.53046875 0.740625 0.06640625 0.053125
0 0.6046875 0.74375 0.0671875 0.0484375
0 0.675 0.7421875 0.0703125 0.046875
0 0.7484375 0.74453125 0.06484375 0.046875
0 0.82421875 0.78046875 0.0671875 0.0328125
0 0.91796875 0.76640625 0.10625 0.0609375
0 0.29296875 0.08984375 0.059375 0.03203125
0 0.484375 0.66953125 0.04375 0.05234375
0 0.44609375 0.51640625 0.06875 0.05
0 0.38984375 0.6703125 0.04609375 0.0484375
0 0.90625 0.43984375 0.075 0.034375
0 0.890625 0.40078125 0.06953125 0.03125
0 0.03515625 0.11796875 0.06640625 0.0203125
0 0.975 0.41875 0.05 0.06171875
0 0.9625 0.3484375 0.07421875 0.0671875
0 0.7625 0.340625 0.0765625 0.05859375
0 0.68125 0.34453125 0.078125 0.05390625
0 0.60390625 0.34296875 0.07109375 0.05390625
0 0.52734375 0.34453125 0.071875 0.05703125
0 0.45234375 0.34375 0.06796875 0.05546875
0 0.375 0.34296875 0.0734375 0.05390625
0 0.81875 0.43984375 0.06796875 0.03125
0 0.29609375 0.34453125 0.075 0.0515625
0 0.153125 0.3484375 0.053125 0.0859375
0 0.09921875 0.36640625 0.04765625 0.05
0 0.0578125 0.35078125 0.02578125 0.075
0 0.015625 0.36328125 0.03125 0.05390625
0 0.97421875 0.234375 0.0484375 0.0234375
0 0.909375 0.234375 0.06953125 0.02734375
0 0.8359375 0.23203125 0.06484375 0.02578125
0 0.98203125 0.2734375 0.03125 0.03125
0 0.92578125 0.26796875 0.06953125 0.03828125
0 0.85 0.26796875 0.0765625 0.0390625
0 0.06328125 0.55625 0.040625 0.08828125
0 0.21796875 0.34375 0.065625 0.05234375
0 0.74765625 0.421875 0.06015625 0.04921875
0 0.678125 0.4203125 0.0640625 0.05234375
0 0.01875 0.55625 0.0375 0.0828125
0 0.37265625 0.51640625 0.06484375 0.05
0 0.30234375 0.515625 0.06640625 0.0515625
0 0.23046875 0.515625 0.06484375 0.053125
0 0.178125 0.45703125 0.03359375 0.08203125
0 0.12578125 0.45703125 0.0640625 0.08046875
0 0.5265625 0.48984375 0.0703125 0.03828125
0 0.5984375 0.4890625 0.06328125 0.03125
0 0.59765625 0.525 0.06171875 0.03359375
0 0.521875 0.5265625 0.06484375 0.0296875
0 0.67421875 0.51640625 0.06796875 0.046875
0 0.746875 0.52265625 0.0625 0.03125
0 0.7484375 0.484375 0.0703125 0.03515625
0 0.828125 0.4953125 0.075 0.03671875
0 0.065625 0.46953125 0.04140625 0.0578125
0 0.01953125 0.45078125 0.0390625 0.09765625
0 0.23828125 0.421875 0.0609375 0.0546875
0 0.309375 0.42109375 0.06484375 0.05078125
0 0.38203125 0.42265625 0.06796875 0.05390625
0 0.4578125 0.421875 0.0671875 0.05234375
0 0.5328125 0.41953125 0.065625 0.05703125
0 0.6046875 0.41953125 0.0671875 0.053125
0 0.90390625 0.49609375 0.071875 0.0328125
0 0.971875 0.515625 0.05625 0.07265625
0 0.83359375 0.53359375 0.0765625 0.03046875
0 0.90703125 0.534375 0.0609375 0.03203125
0 0.10625 0.56328125 0.0375 0.071875
0 0.76328125 0.26328125 0.06640625 0.05078125
0 0.69140625 0.26328125 0.06953125 0.05703125
0 0.615625 0.2671875 0.078125 0.059375
0 0.31328125 0.58984375 0.02734375 0.0671875
0 0.346875 0.590625 0.02578125 0.0640625
0 0.3796875 0.590625 0.028125 0.06640625
0 0.4109375 0.58984375 0.0265625 0.06484375
0 0.4421875 0.59140625 0.028125 0.06171875
0 0.49453125 0.59765625 0.05546875 0.05546875
0 0.54921875 0.59765625 0.021875 0.05
0 0.57421875 0.59921875 0.0203125 0.046875
0 0.59921875 0.59765625 0.0203125 0.0484375
0 0.6265625 0.5953125 0.021875 0.053125
0 0.65390625 0.59765625 0.0234375 0.0515625
0 0.68046875 0.59765625 0.02421875 0.04921875
0 0.82265625 0.61328125 0.07578125 0.03515625
0 0.93828125 0.60078125 0.12265625 0.0609375
0 0.00625 0.66328125 0.01171875 0.065625
0 0.03125 0.66015625 0.02578125 0.07734375
0 0.06484375 0.65859375 0.02734375 0.078125
0 0.0953125 0.659375 0.02734375 0.08515625
0 0.1515625 0.66015625 0.0296875 0.08046875
0 0.184375 0.6578125 0.021875 0.07890625
0 0.2171875 0.66796875 0.02265625 0.034375
0 0.24921875 0.6671875 0.01796875 0.03828125
0 0.2828125 0.66796875 0.01953125 0.03828125
0 0.31640625 0.66640625 0.02109375 0.03515625
0 0.34765625 0.66875 0.01953125 0.02890625
0 0.284375 0.5921875 0.0265625 0.06640625
0 0.43828125 0.66953125 0.04140625 0.05234375
0 0.25078125 0.59140625 0.0328125 0.06796875
0 0.17890625 0.56875 0.028125 0.0515625
0 0.53828125 0.2640625 0.06875 0.05625
0 0.46328125 0.26484375 0.07421875 0.0578125
0 0.39453125 0.26875 0.059375 0.05234375
0 0.33125 0.26171875 0.03828125 0.06640625
0 0.28515625 0.2625 0.04375 0.0625
0 0.2390625 0.259375 0.04140625 0.07109375
0 0.19296875 0.2578125 0.04296875 0.07109375
0 0.1375 0.2484375 0.05390625 0.0875
0 0.03125 0.2625 0.05 0.071875
0 0.96796875 0.128125 0.0640625 0.06796875
0 0.909375 0.1375 0.03671875 0.05546875
0 0.9109375 0.08203125 0.040625 0.04921875
0 0.91328125 0.028125 0.04140625 0.04765625
0 0.83515625 0.05078125 0.0359375 0.01796875
0 0.86328125 0.1375 0.04296875 0.05234375
0 0.8609375 0.0875 0.04296875 0.0484375
0 0.81015625 0.08515625 0.05078125 0.04609375
0 0.81015625 0.1390625 0.05078125 0.05
0 0.70546875 0.11953125 0.065625 0.090625
0 0.646875 0.11015625 0.0421875 0.10625
0 0.5828125 0.10859375 0.06796875 0.1125
0 0.51640625 0.153125 0.06171875 0.0203125
0 0.51484375 0.1296875 0.05859375 0.02265625
0 0.5171875 0.1015625 0.05546875 0.0296875
0 0.14609375 0.57265625 0.03203125 0.05390625
0 0.215625 0.58984375 0.028125 0.0671875
0 0.81796875 0.4015625 0.0625 0.028125
0 0.0796875 0.26171875 0.04140625 0.0703125