0 0.6609375 0.22890625 0.04609375 0.09609375
0 0.928125 0.109375 0.05078125 0.0921875
0 0.2078125 0.59453125 0.0515625 0.09375
0 0.25703125 0.5953125 0.04765625 0.0921875
0 0.3046875 0.59453125 0.04609375 0.090625
0 0.3515625 0.5921875 0.0515625 0.09453125
0 0.4 0.603125 0.04453125 0.0765625
0 0.4359375 0.6 0.028125 0.0703125
0 0.471875 0.59765625 0.04609375 0.0828125
0 0.5234375 0.596875 0.0421875 0.08125
0 0.56015625 0.596875 0.0296875 0.08203125
0 0.9765625 0.1109375 0.046875 0.096875
0 0.59609375 0.5984375 0.03515625 0.0796875
0 0.63984375 0.5921875 0.04921875 0.09140625
0 0.6875 0.59296875 0.0453125 0.09140625
0 0.7359375 0.58984375 0.0484375 0.090625
0 0.1515625 0.5921875 0.0609375 0.10390625
0 0.78046875 0.590625 0.0421875 0.0921875
0 0.875 0.590625 0.04921875 0.08984375
0 0.928125 0.58671875 0.05625 0.09765625
0 0.978125 0.58671875 0.04375 0.09765625
0 0.05859375 0.4703125 0.07265625 0.0984375
0 0.13203125 0.46875 0.06640625 0.09921875
0 0.20078125 0.47109375 0.05546875 0.0953125
0 0.25234375 0.47109375 0.046875 0.096875
0 0.30234375 0.47109375 0.05234375 0.09765625
0 0.3515625 0.47109375 0.0484375 0.0984375
0 0.39609375 0.47265625 0.0375 0.08828125
0 0.43671875 0.47265625 0.03984375 0.08671875
0 0.47890625 0.475 0.040625 0.0859375
0 0.521875 0.4734375 0.04609375 0.084375
0 0.56953125 0.4765625 0.0484375 0.08046875
0 0.82734375 0.5921875 0.04921875 0.0921875
0 0.0921875 0.5921875 0.06171875 0.10078125
0 0.03046875 0.59296875 0.0578125 0.1
0 0.9765625 0.7078125 0.046875 0.103125
0 0.021875 0.86953125 0.04296875 0.10390625
0 0.06796875 0.86484375 0.04921875 0.109375
0 0.121875 0.86484375 0.0578125 0.1078125
0 0.175 0.86328125 0.046875 0.1078125
0 0.23359375 0.86484375 0.0609375 0.11875
0 0.2953125 0.8609375 0.059375 0.12265625
0 0.3578125 0.8578125 0.0671875 0.1171875
0 0.42265625 0.8578125 0.0625 0.11640625
0 0.48671875 0.86015625 0.065625 0.11875
0 0.5515625 0.86328125 0.0609375 0.1109375
0 0.6140625 0.86328125 0.0640625 0.109375
0 0.675 0.86015625 0.06171875 0.109375
0 0.7359375 0.86171875 0.059375 0.11171875
0 0.796875 0.8625 0.0609375 0.109375
0 0.8609375 0.8609375 0.065625 0.10546875
0 0.93203125 0.85625 0.06171875 0.11171875
0 0.98125 0.85625 0.0375 0.11015625
0 0.9265625 0.7078125 0.05625 0.10234375
0 0.8578125 0.7109375 0.06796875 0.10234375
0 0.7953125 0.71171875 0.0546875 0.1046875
0 0.73359375 0.71328125 0.06640625 0.10234375
0 0.66953125 0.71171875 0.0625 0.09921875
0 0.60078125 0.7109375 0.06640625 0.1046875
0 0.61015625 0.4765625 0.034375 0.0796875
0 0.5328125 0.7109375 0.065625 0.103125
0 0.41328125 0.71171875 0.05625 0.09921875
0 0.35234375 0.7140625 0.06171875 0.1
0 0.29140625 0.715625 0.0609375 0.10390625
0 0.22734375 0.715625 0.06484375 0.103125
0 0.14921875 0.7171875 0.071875 0.10390625
0 0.065625 0.71953125 0.0859375 0.10390625
0 0.47109375 0.7125 0.06015625 0.1015625
0 0.6484375 0.46875 0.040625 0.09375
0 0.453125 0.35390625 0.05546875 0.090625
0 0.7375 0.46953125 0.04921875 0.0921875
0 0.78515625 0.2296875 0.0390625 0.09375
0 0.74609375 0.228125 0.03984375 0.0921875
0 0.7046875 0.228125 0.040625 0.09375
0 0.690625 0.46875 0.0453125 0.09375
0 0.57109375 0.234375 0.0484375 0.08515625
0 0.521875 0.225 0.04921875 0.0984375
0 0.46640625 0.228125 0.0546875 0.0953125
0 0.82890625 0.22890625 0.04765625 0.09375
0 0.41171875 0.228125 0.05546875 0.09609375
0 0.3015625 0.2265625 0.05390625 0.10390625
0 0.246875 0.225 0.0515625 0.10078125
0 0.19140625 0.22421875 0.06015625 0.1015625
0 0.1296875 0.22578125 0.0484375 0.09765625
0 0.07578125 0.22578125 0.059375 0.096875
0 0.021875 0.22578125 0.0421875 0.0953125
0 0.9609375 0.353125 0.06015625 0.08671875
0 0.3546875 0.228125 0.05390625 0.1
0 0.8734375 0.228125 0.0421875 0.09375
0 0.91875 0.22734375 0.046875 0.0953125
0 0.96953125 0.228125 0.05234375 0.096875
0 0.88203125 0.11171875 0.04140625 0.0921875
0 0.83984375 0.11171875 0.04296875 0.09296875
0 0.79921875 0.109375 0.040625 0.096875
0 0.7546875 0.1109375 0.04609375 0.0984375
0 0.7109375 0.1109375 0.04296875 0.096875
0 0.66484375 0.11015625 0.0484375 0.09453125
0 0.6171875 0.1125 0.04765625 0.0890625
0 0.5703125 0.1125 0.04765625 0.0890625
0 0.5203125 0.11328125 0.053125 0.0875
0 0.4640625 0.10625 0.05546875 0.10234375
0 0.41015625 0.10390625 0.05390625 0.10625
0 0.3546875 0.103125 0.05703125 0.10546875
0 0.29921875 0.103125 0.05546875 0.1078125
0 0.24453125 0.1015625 0.0546875 0.1046875
0 0.1875 0.10078125 0.05859375 0.10546875
0 0.12109375 0.1125 0.053125 0.0796875
0 0.0640625 0.11171875 0.0609375 0.08125
0 0.903125 0.35234375 0.046875 0.08828125
0 0.8578125 0.353125 0.04296875 0.0875
0 0.6171875 0.2328125 0.04140625 0.08828125
0 0.77734375 0.35390625 0.03984375 0.0890625
0 0.69296875 0.35546875 0.04921875 0.08515625
0 0.6484375 0.35546875 0.040625 0.0859375
0 0.60625 0.35859375 0.04609375 0.08125
0 0.55859375 0.3578125 0.04921875 0.08125
0 0.50703125 0.35234375 0.05078125 0.09140625
0 0.40078125 0.3546875 0.05 0.0921875
0 0.3484375 0.35 0.053125 0.1015625
0 0.78671875 0.46953125 0.04765625 0.09140625
0 0.29453125 0.35 0.04921875 0.09609375
0 0.1859375 0.35078125 0.05859375 0.0984375
0 0.1265625 0.35390625 0.0578125 0.09296875
0 0.075 0.353125 0.0453125 0.09296875
0 0.02890625 0.353125 0.0484375 0.096875
0 0.9421875 0.46875 0.0578125 0.09375
0 0.8859375 0.46953125 0.0484375 0.09140625
0 0.8171875 0.353125 0.03828125 0.0890625
0 0.24375 0.35 0.05625 0.09765625
0 0.73828125 0.353125 0.040625 0.0890625
0 0.8359375 0.46953125 0.05078125 0.0921875