0 0.240625 0.35546875 0.07890625 0.0296875
0 0.17421875 0.48125 0.08984375 0.03671875
0 0.24609375 0.47734375 0.04375 0.0265625
0 0.29765625 0.46640625 0.0453125 0.0640625
0 0.35234375 0.47578125 0.0609375 0.0359375
0 0.41796875 0.4796875 0.053125 0.03125
0 0.4828125 0.4828125 0.0640625 0.03515625
0 0.5484375 0.4828125 0.05859375 0.0328125
0 0.14609375 0.35390625 0.10078125 0.03125
0 0.61484375 0.4796875 0.0640625 0.03125
0 0.76171875 0.48125 0.0625 0.0390625
0 0.83515625 0.48046875 0.071875 0.04140625
0 0.80234375 0.4421875 0.0640625 0.02578125
0 0.69140625 0.44765625 0.071875 0.03203125
0 0.6125 0.44609375 0.0578125 0.02890625
0 0.41875 0.44609375 0.05703125 0.0265625
0 0.48671875 0.44609375 0.06640625 0.02890625
0 0.5515625 0.44765625 0.05703125 0.0328125
0 0.68984375 0.484375 0.07109375 0.03125
0 0.70546875 0.09765625 0.07734375 0.040625
0 0.321875 0.35546875 0.06875 0.0328125
0 0.39609375 0.3546875 0.0734375 0.0328125
0 0.71328125 0.3890625 0.0671875 0.04140625
0 0.7875 0.3875 0.075 0.04296875
0 0.85703125 0.3875 0.05546875 0.04140625
0 0.77265625 0.353125 0.078125 0.01953125
0 0.84140625 0.35 0.04921875 0.03125
0 0.6640625 0.353125 0.05 0.02578125
0 0.53828125 0.35390625 0.07890625 0.02890625
0 0.940625 0.271875 0.0484375 0.040625
0 0.4625 0.35546875 0.04921875 0.03125
0 0.94140625 0.22421875 0.053125 0.04375
0 0.94453125 0.12109375 0.05703125 0.0640625
0 0.128125 0.83984375 0.04609375 0.028125
0 0.121875 0.809375 0.0421875 0.021875
0 0.11953125 0.77109375 0.05078125 0.04140625
0 0.09453125 0.73046875 0.0453125 0.03203125
0 0.1109375 0.69609375 0.04609375 0.034375
0 0.08046875 0.6515625 0.04296875 0.034375
0 0.1 0.61171875 0.04921875 0.04140625
0 0.9421875 0.178125 0.04921875 0.04453125
0 0.64453125 0.390625 0.05546875 0.03515625
0 0.784375 0.09765625 0.078125 0.0375
0 0.11875 0.06875 0.08125 0.01953125
0 0.45078125 0.87734375 0.09296875 0.04296875
0 0.553125 0.87578125 0.0875 0.0421875
0 0.6421875 0.875 0.0828125 0.03828125
0 0.72734375 0.875 0.06640625 0.0421875
0 0.803125 0.875 0.075 0.04140625
0 0.94375 0.88125 0.08046875 0.040625
0 0.9328125 0.81484375 0.05234375 0.03671875
0 0.96015625 0.728125 0.07890625 0.034375
0 0.35546875 0.878125 0.08359375 0.03984375
0 0.0359375 0.11953125 0.05625 0.08046875
0 0.03984375 0.18203125 0.0546875 0.0375
0 0.04140625 0.22421875 0.05 0.03671875
0 0.05546875 0.2671875 0.05390625 0.03828125
0 0.05078125 0.31328125 0.05078125 0.04609375
0 0.0546875 0.36015625 0.0515625 0.04140625
0 0.0640625 0.4015625 0.05078125 0.0328125
0 0.0734375 0.4421875 0.05390625 0.0359375
0 0.0671875 0.48984375 0.04765625 0.04921875
0 0.06953125 0.8890625 0.06640625 0.04375
0 0.8640625 0.09765625 0.06796875 0.0375
0 0.26640625 0.8796875 0.0875 0.03671875
0 0.825 0.80546875 0.0453125 0.04453125
0 0.20859375 0.06953125 0.08828125 0.02421875
0 0.30625 0.06875 0.096875 0.02265625
0 0.13125 0.2 0.1 0.0453125
0 0.23203125 0.20078125 0.08984375 0.04140625
0 0.325 0.2 0.08671875 0.04140625
0 0.40625 0.19921875 0.06484375 0.0390625
0 0.47421875 0.20234375 0.065625 0.0375
0 0.48203125 0.1640625 0.06875 0.03125
0 0.1765625 0.878125 0.08828125 0.03984375
0 0.36875 0.16953125 0.06875 0.0171875
0 0.58828125 0.209375 0.05703125 0.01875
0 0.71640625 0.19765625 0.07109375 0.04375
0 0.79296875 0.19765625 0.06328125 0.03828125
0 0.8640625 0.203125 0.06640625 0.0296875
0 0.71171875 0.15546875 0.071875 0.03515625
0 0.78828125 0.15625 0.0703125 0.0375
0 0.675 0.803125 0.08984375 0.0453125
0 0.7625 0.80546875 0.06953125 0.04921875
0 0.534375 0.2078125 0.046875 0.02421875
0 0.09296875 0.57109375 0.05234375 0.03671875
0 0.58046875 0.390625 0.0640625 0.03828125
0 0.453125 0.390625 0.05546875 0.0359375
0 0.48046875 0.63359375 0.053125 0.0421875
0 0.5484375 0.6453125 0.06171875 0.0359375
0 0.61328125 0.6453125 0.05703125 0.0390625
0 0.71171875 0.646875 0.0609375 0.034375
0 0.66484375 0.64296875 0.028125 0.03671875
0 0.8046875 0.6421875 0.08046875 0.03984375
0 0.734375 0.6125 0.06484375 0.0125
0 0.8078125 0.6125 0.06796875 0.0140625
0 0.42578125 0.63359375 0.0546875 0.0421875
0 0.18125 0.728125 0.07890625 0.04140625
0 0.42890625 0.71484375 0.08671875 0.05703125
0 0.50625 0.70703125 0.05703125 0.03515625
0 0.5640625 0.71796875 0.05078125 0.05390625
0 0.6578125 0.7171875 0.11015625 0.03359375
0 0.74921875 0.71640625 0.05703125 0.03515625
0 0.81796875 0.72421875 0.06171875 0.03671875
0 0.90703125 0.57265625 0.04921875 0.0828125
0 0.87890625 0.815625 0.03984375 0.0390625
0 0.309375 0.72890625 0.09140625 0.028125
0 0.18515625 0.803125 0.0640625 0.05234375
0 0.33125 0.62421875 0.084375 0.02265625
0 0.25625 0.63671875 0.05703125 0.03515625
0 0.16640625 0.56796875 0.08125 0.0359375
0 0.25546875 0.5640625 0.0828125 0.0359375
0 0.346875 0.565625 0.08671875 0.03984375
0 0.4265625 0.56484375 0.06015625 0.03359375
0 0.49140625 0.56328125 0.05859375 0.0328125
0 0.55546875 0.559375 0.06171875 0.0375
0 0.43125 0.5328125 0.08828125 0.0203125
0 0.65078125 0.559375 0.04765625 0.03203125
0 0.33359375 0.65390625 0.08203125 0.02421875
0 0.61171875 0.55703125 0.0234375 0.025
0 0.66640625 0.53125 0.04453125 0.0171875
0 0.72421875 0.5640625 0.04375 0.028125
0 0.775 0.565625 0.04453125 0.02890625
0 0.82890625 0.56796875 0.04609375 0.0296875
0 0.7265625 0.5359375 0.046875 0.025
0 0.7796875 0.5359375 0.04765625 0.0265625
0 0.82265625 0.53515625 0.03359375 0.02265625
0 0.18046875 0.6453125 0.0921875 0.04375
0 0.61796875 0.53046875 0.04375 0.01875
0 0.51484375 0.39140625 0.0609375 0.03671875
0 0.2765625 0.8046875 0.109375 0.05703125
0 0.475 0.80078125 0.08671875 0.05
0 0.63359375 0.2578125 0.06484375 0.02890625
0 0.7015625 0.2578125 0.06015625 0.03046875
0 0.78359375 0.25703125 0.0734375 0.03203125
0 0.878125 0.85625 0.0390625 0.0359375
0 0.86796875 0.90625 0.03828125 0.0515625
0 0.89453125 0.71015625 0.03984375 0.04375
0 0.91484375 0.64140625 0.05546875 0.0359375
0 0.91875 0.515625 0.04609375 0.02421875
0 0.56796875 0.259375 0.0578125 0.0296875
0 0.91953125 0.47890625 0.0453125 0.03984375
0 0.93828125 0.4 0.046875 0.03359375
0 0.92890625 0.36171875 0.0453125 0.0375
0 0.9375 0.31875 0.0453125 0.03828125
0 0.85859375 0.25859375 0.06796875 0.034375
0 0.14765625 0.3921875 0.09375 0.03671875
0 0.23515625 0.39296875 0.06796875 0.03515625
0 0.31640625 0.3921875 0.0828125 0.03828125
0 0.39375 0.39140625 0.05546875 0.03203125
0 0.91875 0.4375 0.034375 0.0328125
0 0.37890625 0.803125 0.08984375 0.0546875
0 0.50546875 0.259375 0.05546875 0.028125
0 0.79140625 0.29609375 0.07421875 0.0375
0 0.57265625 0.80234375 0.09609375 0.04609375
0 0.121875 0.10078125 0.0796875 0.0390625
0 0.20859375 0.1015625 0.090625 0.0375
0 0.30390625 0.10078125 0.09296875 0.03671875
0 0.3921875 0.1 0.0640625 0.03984375
0 0.4625 0.1015625 0.0671875 0.040625
0 0.5328125 0.1 0.065625 0.04140625
0 0.6078125 0.1 0.0671875 0.03984375
0 0.8640625 0.296875 0.059375 0.0328125
0 0.86796875 0.1625 0.0703125 0.05078125
0 0.22578125 0.29765625 0.0875 0.04296875
0 0.3171875 0.296875 0.0875 0.04296875
0 0.39375 0.2953125 0.05546875 0.0375
0 0.4546875 0.296875 0.059375 0.0453125
0 0.5171875 0.29765625 0.06171875 0.040625
0 0.590625 0.2953125 0.06484375 0.03984375
0 0.65234375 0.296875 0.04453125 0.04296875
0 0.7125 0.2953125 0.06875 0.03828125
0 0.13515625 0.2953125 0.08515625 0.04375
0 0.08515625 0.5328125 0.0453125 0.0296875