0 0.2109375 0.56640625 0.046875 0.08515625
0 0.06484375 0.86953125 0.0328125 0.0640625
0 0.55546875 0.3328125 0.05703125 0.09375
0 0.553125 0.275 0.05234375 0.0171875
0 0.61484375 0.3296875 0.059375 0.10234375
0 0.67578125 0.33125 0.053125 0.0921875
0 0.73515625 0.33046875 0.0578125 0.09140625
0 0.790625 0.3296875 0.05234375 0.0796875
0 0.8546875 0.3015625 0.05390625 0.0390625
0 0.9109375 0.303125 0.04765625 0.03515625
0 0.8703125 0.26484375 0.07578125 0.0375
0 0.96953125 0.32734375 0.0609375 0.09453125
0 0.0265625 0.18671875 0.05234375 0.08046875
0 0.08984375 0.1890625 0.0609375 0.0796875
0 0.15234375 0.18515625 0.0625 0.08203125
0 0.22265625 0.18515625 0.0578125 0.0859375
0 0.29140625 0.184375 0.06640625 0.084375
0 0.35859375 0.18359375 0.06484375 0.090625
0 0.425 0.18359375 0.06484375 0.0859375
0 0.27109375 0.0328125 0.0390625 0.0609375
0 0.215625 0.03046875 0.05625 0.0609375
0 0.15 0.03125 0.05625 0.05859375
0 0.05 0.56875 0.05859375 0.0859375
0 0.0375 0.034375 0.04609375 0.065625
0 0.93828125 0.159375 0.08203125 0.125
0 0.4828125 0.3359375 0.06015625 0.0859375
0 0.8609375 0.1171875 0.0640625 0.03046875
0 0.796875 0.175 0.059375 0.0953125
0 0.73359375 0.178125 0.0546875 0.096875
0 0.67265625 0.17734375 0.0546875 0.09765625
0 0.61328125 0.178125 0.0625 0.09921875
0 0.5484375 0.1828125 0.05625 0.09140625
0 0.48671875 0.18359375 0.06171875 0.0890625
0 0.86015625 0.17890625 0.05859375 0.08828125
0 0.32890625 0.0296875 0.0625 0.05703125
0 0.42421875 0.3328125 0.053125 0.090625
0 0.31015625 0.3328125 0.05546875 0.0890625
0 0.2796875 0.56328125 0.0796875 0.10546875
0 0.3546875 0.5703125 0.059375 0.06953125
0 0.36796875 0.521875 0.0578125 0.02265625
0 0.44296875 0.55859375 0.090625 0.09765625
0 0.51953125 0.56328125 0.053125 0.0859375
0 0.5875 0.55703125 0.0765625 0.09765625
0 0.66484375 0.56328125 0.05859375 0.0859375
0 0.7375 0.55625 0.078125 0.0921875
0 0.815625 0.55859375 0.0671875 0.09921875
0 0.97578125 0.5671875 0.0484375 0.08671875
0 0.034375 0.44921875 0.05625 0.08359375
0 0.0953125 0.44609375 0.05859375 0.08515625
0 0.1640625 0.44921875 0.06328125 0.08203125
0 0.22734375 0.44765625 0.05703125 0.0859375
0 0.290625 0.4453125 0.0640625 0.090625
0 0.359375 0.4515625 0.0734375 0.07890625
0 0.42578125 0.453125 0.05390625 0.0796875
0 0.24921875 0.33359375 0.05625 0.0875
0 0.184375 0.33515625 0.05859375 0.0875
0 0.12109375 0.34296875 0.0546875 0.0671875
0 0.11796875 0.2890625 0.04609375 0.03203125
0 0.04921875 0.31484375 0.0796875 0.121875
0 0.8796875 0.4375 0.05625 0.2328125
0 0.36484375 0.33046875 0.0546875 0.09375
0 0.97890625 0.44921875 0.04140625 0.08515625
0 0.8328125 0.453125 0.0203125 0.07421875
0 0.78046875 0.45078125 0.0734375 0.075
0 0.69375 0.44921875 0.053125 0.07421875
0 0.6265625 0.44921875 0.0734375 0.0765625
0 0.5609375 0.453125 0.05546875 0.0796875
0 0.49375 0.453125 0.06875 0.0796875
0 0.93515625 0.4484375 0.040625 0.0828125
0 0.13359375 0.5640625 0.0921875 0.10078125
0 0.38984375 0.0296875 0.05234375 0.05703125
0 0.5203125 0.02890625 0.0578125 0.05546875
0 0.859375 0.76171875 0.0578125 0.02265625
0 0.78203125 0.77890625 0.05390625 0.02421875
0 0.72265625 0.78046875 0.04921875 0.025
0 0.6640625 0.78203125 0.0546875 0.0296875
0 0.6015625 0.78203125 0.0546875 0.02734375
0 0.54140625 0.7828125 0.0546875 0.02578125
0 0.4828125 0.7828125 0.05390625 0.02578125
0 0.41796875 0.78359375 0.0546875 0.025
0 0.41640625 0.75625 0.0546875 0.02421875
0 0.30234375 0.778125 0.08125 0.03671875
0 0.20859375 0.775 0.09375 0.0453125
0 0.13671875 0.77265625 0.04375 0.05625
0 0.090625 0.771875 0.0390625 0.05546875
0 0.06015625 0.78046875 0.015625 0.03359375
0 0.03984375 0.77890625 0.021875 0.0328125
0 0.01953125 0.7796875 0.0203125 0.034375
0 0.92578125 0.85546875 0.07421875 0.0875
0 0.10703125 0.8734375 0.03515625 0.0640625
0 0.15 0.8671875 0.0390625 0.0796875
0 0.1890625 0.86328125 0.02890625 0.078125
0 0.2296875 0.86875 0.03984375 0.0796875
0 0.28125 0.86953125 0.0515625 0.08359375
0 0.4375 0.86796875 0.04453125 0.08203125
0 0.8546875 0.7875 0.0546875 0.02578125
0 0.48125 0.86640625 0.03828125 0.084375
0 0.575 0.86484375 0.0421875 0.08359375
0 0.61953125 0.865625 0.046875 0.08515625
0 0.66640625 0.8640625 0.04296875 0.08828125
0 0.71015625 0.86484375 0.03984375 0.08125
0 0.7515625 0.8625 0.0390625 0.0765625
0 0.8453125 0.85546875 0.08125 0.08359375
0 0.525 0.8671875 0.04765625 0.0859375
0 0.45390625 0.0296875 0.0640625 0.0578125
0 0.91875 0.7671875 0.06328125 0.053125
0 0.0671875 0.678125 0.046875 0.09140625
0 0.57890625 0.02890625 0.053125 0.05625
0 0.65078125 0.0390625 0.07421875 0.03203125
0 0.64765625 0.009375 0.084375 0.01796875
0 0.7265625 0.02890625 0.0640625 0.053125
0 0.803125 0.0390625 0.08125 0.02890625
0 0.7984375 0.0109375 0.075 0.01953125
0 0.86875 0.02890625 0.05078125 0.053125
0 0.9109375 0.01640625 0.02421875 0.028125
0 0.9109375 0.0453125 0.02421875 0.0234375
0 0.96953125 0.03984375 0.06015625 0.03125
0 0.96640625 0.01015625 0.0609375 0.01796875
0 0.98046875 0.85703125 0.03828125 0.0875
0 0.32265625 0.84453125 0.02421875 0.04765625
0 0.96328125 0.67421875 0.0578125 0.090625
0 0.88984375 0.6859375 0.06875 0.05546875
0 0.86796875 0.64140625 0.059375 0.02265625
0 0.8 0.67421875 0.0453125 0.075
0 0.115625 0.67734375 0.0453125 0.08984375
0 0.17421875 0.690625 0.0671875 0.05703125
0 0.26171875 0.675 0.07421875 0.08984375
0 0.33203125 0.68359375 0.053125 0.0578125
0 0.40078125 0.6796875 0.07421875 0.07265625
0 0.4671875 0.68125 0.04921875 0.07265625
0 0.01953125 0.68359375 0.03515625 0.0796875
0 0.5140625 0.68359375 0.03515625 0.06796875
0 0.603125 0.68359375 0.03359375 0.06484375
0 0.6484375 0.684375 0.04921875 0.06875
0 0.6984375 0.68359375 0.0421875 0.0609375
0 0.74765625 0.68984375 0.04453125 0.05390625
0 0.75234375 0.634375 0.04765625 0.01328125
0 0.75 0.653125 0.04609375 0.0171875
0 0.56875 0.68359375 0.03203125 0.0625
0 0.08828125 0.03515625 0.0484375 0.065625