0 0.5953125 0.72578125 0.046875 0.14765625
0 0.55859375 0.73125 0.0234375 0.11953125
0 0.4609375 0.75 0.03125 0.11171875
0 0.49140625 0.746875 0.0296875 0.1171875
0 0.42734375 0.74921875 0.0203125 0.109375
0 0.6734375 0.725 0.0359375 0.13828125
0 0.525 0.73671875 0.0328125 0.115625
0 0.71328125 0.71953125 0.0359375 0.13671875
0 0.74453125 0.69296875 0.02109375 0.08359375
0 0.8234375 0.72421875 0.0265625 0.11484375
0 0.8703125 0.72421875 0.04375 0.11640625
0 0.91015625 0.71484375 0.03125 0.1234375
0 0.9421875 0.71484375 0.0234375 0.11484375
0 0.965625 0.71328125 0.01875 0.1078125
0 0.98828125 0.715625 0.0234375 0.11015625
0 0.4015625 0.76015625 0.03125 0.11484375
0 0.634375 0.69453125 0.025 0.07734375
0 0.775 0.7015625 0.03203125 0.10625
0 0.371875 0.76484375 0.0265625 0.11484375
0 0.0734375 0.7796875 0.040625 0.13984375
0 0.32109375 0.7703125 0.0171875 0.09609375
0 0.515625 0.5796875 0.03125 0.1234375
0 0.5453125 0.56484375 0.02421875 0.12109375
0 0.59453125 0.56875 0.03125 0.13046875
0 0.62421875 0.56796875 0.0265625 0.1296875
0 0.6515625 0.56484375 0.021875 0.1390625
0 0.7171875 0.5609375 0.040625 0.13828125
0 0.76875 0.55625 0.0421875 0.13203125
0 0.803125 0.54921875 0.02109375 0.1265625
0 0.828125 0.56953125 0.0203125 0.11796875
0 0.34453125 0.77578125 0.028125 0.11328125
0 0.85390625 0.5703125 0.0265625 0.1171875
0 0.9 0.56796875 0.02109375 0.11640625
0 0.94140625 0.56484375 0.0484375 0.11484375
0 0.97890625 0.56171875 0.025 0.11484375
0 0.03125 0.7796875 0.040625 0.13984375
0 0.11796875 0.77421875 0.040625 0.13984375
0 0.1671875 0.775 0.03046875 0.1359375
0 0.215625 0.76484375 0.03203125 0.13515625
0 0.259375 0.76796875 0.03125 0.12265625
0 0.2921875 0.77421875 0.03125 0.12265625
0 0.87734375 0.5671875 0.01953125 0.1140625
0 0.6796875 0.565625 0.0265625 0.11953125
0 0.2390625 0.26328125 0.03984375 0.1140625
0 0.07109375 0.39453125 0.0484375 0.14921875
0 0.10234375 0.0703125 0.0703125 0.13203125
0 0.59609375 0.4 0.028125 0.13203125
0 0.559375 0.41484375 0.0359375 0.1203125
0 0.525 0.4046875 0.0265625 0.1203125
0 0.48984375 0.40625 0.028125 0.14140625
0 0.459375 0.40703125 0.0265625 0.134375
0 0.42109375 0.41953125 0.03046875 0.13671875
0 0.38671875 0.41484375 0.0296875 0.1359375
0 0.34609375 0.41953125 0.0359375 0.1359375
0 0.30390625 0.4234375 0.034375 0.13671875
0 0.09921875 0.1859375 0.0578125 0.09765625
0 0.98046875 0.06640625 0.0390625 0.1328125
0 0.8984375 0.0703125 0.03125 0.13984375
0 0.85625 0.09296875 0.04375 0.0453125
0 0.259375 0.4203125 0.0359375 0.140625
0 0.228125 0.40546875 0.0203125 0.1078125
0 0.9703125 0.228125 0.02578125 0.1515625
0 0.940625 0.23203125 0.028125 0.153125
0 0.9109375 0.23125 0.028125 0.153125
0 0.88046875 0.23359375 0.025 0.1484375
0 0.834375 0.26953125 0.0375 0.03984375
0 0.8015625 0.22578125 0.02578125 0.13671875
0 0.93671875 0.06640625 0.0390625 0.1328125
0 0.06953125 0.27578125 0.065625 0.084375
0 0.0234375 0.39921875 0.03984375 0.15859375
0 0.171875 0.37578125 0.046875 0.19296875
0 0.85078125 0.4234375 0.028125 0.12578125
0 0.87734375 0.421875 0.01875 0.12890625
0 0.89921875 0.41796875 0.0234375 0.13046875
0 0.93828125 0.41796875 0.053125 0.12265625
0 0.98046875 0.415625 0.0265625 0.12109375
0 0.0109375 0.6078125 0.021875 0.1171875
0 0.03828125 0.59921875 0.02734375 0.1296875
0 0.0703125 0.59765625 0.03359375 0.1296875
0 0.11171875 0.59375 0.03046875 0.13203125
0 0.1484375 0.59296875 0.0328125 0.13046875
0 0.18828125 0.5875 0.0328125 0.13046875
0 0.24609375 0.5890625 0.0359375 0.12578125
0 0.2828125 0.5921875 0.034375 0.13203125
0 0.31796875 0.5953125 0.028125 0.11953125
0 0.35625 0.5921875 0.034375 0.11640625
0 0.3875 0.58515625 0.0234375 0.1234375
0 0.4203125 0.58359375 0.03125 0.115625
0 0.4765625 0.58046875 0.03046875 0.12734375
0 0.73984375 0.396875 0.021875 0.13984375
0 0.703125 0.39609375 0.0328125 0.13515625
0 0.6703125 0.403125 0.03359375 0.13046875
0 0.63125 0.403125 0.0375 0.1359375
0 0.1234375 0.3859375 0.04375 0.16796875
0 0.77578125 0.24296875 0.0234375 0.103125
0 0.696875 0.2546875 0.1234375 0.08828125
0 0.61875 0.24375 0.02578125 0.12109375
0 0.58203125 0.27421875 0.034375 0.05234375
0 0.590625 0.09921875 0.0359375 0.05859375
0 0.553125 0.10390625 0.034375 0.05390625
0 0.515625 0.10625 0.03671875 0.05234375
0 0.8109375 0.3890625 0.0484375 0.13515625
0 0.47890625 0.10625 0.0359375 0.04921875
0 0.4484375 0.0984375 0.021875 0.06640625
0 0.41875 0.0875 0.03125 0.09921875
0 0.3796875 0.1140625 0.04375 0.05078125
0 0.34453125 0.0984375 0.0203125 0.07421875
0 0.31171875 0.08828125 0.040625 0.09140625
0 0.2671875 0.11796875 0.0390625 0.03984375
0 0.2671875 0.0734375 0.0390625 0.03671875
0 0.23359375 0.09140625 0.021875 0.09765625
0 0.2046875 0.096875 0.034375 0.0890625
0 0.16875 0.0953125 0.0359375 0.0890625
0 0.63046875 0.09375 0.04375 0.06640625
0 0.6765625 0.090625 0.040625 0.0640625
0 0.76953125 0.38984375 0.025 0.13203125
0 0.74140625 0.08046875 0.021875 0.0875
0 0.553125 0.25546875 0.01875 0.103125
0 0.53125 0.26875 0.01875 0.07265625
0 0.5046875 0.24921875 0.02109375 0.1125
0 0.4734375 0.23515625 0.0328125 0.14375
0 0.43671875 0.25390625 0.0375 0.11640625
0 0.39765625 0.24140625 0.0328125 0.14609375
0 0.3421875 0.25859375 0.059375 0.11328125
0 0.715625 0.0828125 0.02265625 0.08203125
0 0.28671875 0.26328125 0.05078125 0.1046875
0 0.7703125 0.0953125 0.034375 0.0515625
0 0.775 0.04921875 0.0375 0.04296875
0 0.81484375 0.0953125 0.034375 0.053125