0 0.765625 0.3765625 0.03828125 0.0765625
0 0.275 0.18828125 0.03203125 0.08515625
0 0.31015625 0.18828125 0.0375 0.08671875
0 0.3484375 0.18984375 0.0390625 0.0875
0 0.59453125 0.28828125 0.03046875 0.08125
0 0.8015625 0.375 0.034375 0.075
0 0.23984375 0.18984375 0.0390625 0.0828125
0 0.2015625 0.190625 0.03515625 0.08046875
0 0.1640625 0.18828125 0.0390625 0.08515625
0 0.05859375 0.16796875 0.0390625 0.090625
0 0.80546875 0.28515625 0.0375 0.0875
0 0.77109375 0.28515625 0.03203125 0.0859375
0 0.73515625 0.284375 0.03828125 0.0875
0 0.69765625 0.28203125 0.03515625 0.08984375
0 0.66171875 0.28515625 0.03046875 0.08359375
0 0.628125 0.28515625 0.0328125 0.0859375
0 0.56015625 0.28828125 0.04140625 0.0796875
0 0.52578125 0.28515625 0.0234375 0.0890625
0 0.46171875 0.28359375 0.0296875 0.0828125
0 0.42890625 0.2859375 0.0359375 0.08671875
0 0.39296875 0.28515625 0.03671875 0.0875
0 0.35703125 0.28203125 0.034375 0.0828125
0 0.3203125 0.28359375 0.03671875 0.08203125
0 0.2875 0.28046875 0.02890625 0.08046875
0 0.253125 0.28125 0.03828125 0.078125
0 0.215625 0.2796875 0.03515625 0.0765625
0 0.18203125 0.28203125 0.03203125 0.07265625
0 0.06796875 0.26796875 0.0296875 0.08125
0 0.0328125 0.26875 0.040625 0.0796875
0 0.38515625 0.18984375 0.034375 0.08828125
0 0.421875 0.190625 0.03828125 0.08671875
0 0.3640625 0.096875 0.03125 0.071875
0 0.5296875 0.1875 0.03046875 0.08671875
0 0.72890625 0.37578125 0.03125 0.0765625
0 0.834375 0.1046875 0.03671875 0.059375
0 0.7984375 0.1046875 0.03359375 0.0609375
0 0.76328125 0.10390625 0.03515625 0.05625
0 0.7265625 0.10390625 0.0296875 0.05546875
0 0.6921875 0.10234375 0.03515625 0.05390625
0 0.659375 0.1046875 0.0296875 0.05078125
0 0.625 0.1046875 0.040625 0.05234375
0 0.5890625 0.10625 0.0328125 0.053125
0 0.55625 0.10546875 0.034375 0.05078125
0 0.5265625 0.103125 0.025 0.05546875
0 0.4609375 0.096875 0.02734375 0.0671875
0 0.43125 0.0953125 0.03203125 0.071875
0 0.3984375 0.09453125 0.0328125 0.07421875
0 0.3296875 0.09453125 0.0359375 0.06796875
0 0.2953125 0.09453125 0.03359375 0.0671875
0 0.2625 0.09453125 0.03125 0.06796875
0 0.22734375 0.09296875 0.034375 0.07109375
0 0.1953125 0.0921875 0.03046875 0.06953125
0 0.1578125 0.09375 0.04296875 0.06875
0 0.04609375 0.0796875 0.0328125 0.0625
0 0.81484375 0.18515625 0.03671875 0.090625
0 0.77890625 0.18828125 0.02421875 0.0859375
0 0.74453125 0.18671875 0.0390625 0.08828125
0 0.7109375 0.18671875 0.028125 0.08515625
0 0.6703125 0.190625 0.03828125 0.08515625
0 0.62890625 0.18984375 0.04140625 0.0921875
0 0.59375 0.18984375 0.028125 0.09375
0 0.5609375 0.1859375 0.034375 0.08671875
0 0.45625 0.1921875 0.03125 0.08984375
0 0.69453125 0.37578125 0.0375 0.07265625
0 0.7484375 0.5453125 0.0328125 0.06796875
0 0.625 0.37734375 0.034375 0.075
0 0.19765625 0.46015625 0.03359375 0.07421875
0 0.7375 0.63359375 0.03125 0.065625
0 0.70859375 0.63671875 0.0265625 0.0625
0 0.67890625 0.63515625 0.03125 0.0609375
0 0.646875 0.63359375 0.03203125 0.06640625
0 0.61640625 0.6296875 0.02890625 0.065625
0 0.58671875 0.62890625 0.0328125 0.06640625
0 0.55546875 0.62890625 0.0296875 0.0625
0 0.36796875 0.5421875 0.034375 0.0671875
0 0.4578125 0.6328125 0.0375 0.06796875
0 0.09609375 0.45 0.03125 0.0703125
0 0.421875 0.6296875 0.0328125 0.0609375
0 0.265625 0.459375 0.03203125 0.0765625
0 0.296875 0.459375 0.03125 0.075
0 0.3296875 0.459375 0.034375 0.075
0 0.3640625 0.46171875 0.034375 0.07109375
0 0.39921875 0.4640625 0.03359375 0.07578125
0 0.43203125 0.46328125 0.03359375 0.0765625
0 0.4609375 0.4625 0.025 0.07421875
0 0.53046875 0.46171875 0.02421875 0.07421875
0 0.55859375 0.46171875 0.03203125 0.0734375
0 0.590625 0.46171875 0.03046875 0.07265625
0 0.23125 0.45859375 0.034375 0.075
0 0.62109375 0.4625 0.02890625 0.071875
0 0.0625 0.44921875 0.0359375 0.0671875
0 0.03671875 0.53203125 0.0390625 0.06875
0 0.4 0.54140625 0.03125 0.0671875
0 0.43359375 0.5421875 0.03359375 0.06796875
0 0.4640625 0.5421875 0.02734375 0.06875
0 0.52578125 0.5421875 0.0203125 0.06875
0 0.3015625 0.540625 0.03125 0.065625
0 0.27109375 0.53828125 0.02890625 0.06953125
0 0.2390625 0.53828125 0.034375 0.0671875
0 0.20625 0.5390625 0.03046875 0.065625
0 0.553125 0.54140625 0.03046875 0.06796875
0 0.58359375 0.5421875 0.03046875 0.0703125
0 0.02734375 0.44765625 0.03828125 0.0703125
0 0.615625 0.540625 0.0328125 0.07265625
0 0.77109375 0.63515625 0.034375 0.06875
0 0.659375 0.37421875 0.034375 0.071875
0 0.68125 0.5453125 0.03359375 0.06953125
0 0.7140625 0.54453125 0.03203125 0.06796875
0 0.7796875 0.5453125 0.03046875 0.06875
0 0.109375 0.6140625 0.0296875 0.06953125
0 0.07734375 0.6140625 0.03203125 0.0640625
0 0.0421875 0.609375 0.03671875 0.0625
0 0.01015625 0.61015625 0.0203125 0.0734375
0 0.1046875 0.53359375 0.0390625 0.07421875
0 0.64921875 0.54296875 0.0328125 0.0765625
0 0.6515625 0.46171875 0.0328125 0.0703125
0 0.52578125 0.62890625 0.02578125 0.06875
0 0.7203125 0.4625 0.03828125 0.07421875
0 0.58828125 0.3765625 0.03671875 0.0765625
0 0.55546875 0.3765625 0.03046875 0.0765625
0 0.52890625 0.37734375 0.02109375 0.0765625
0 0.4546875 0.378125 0.02890625 0.075
0 0.42421875 0.37734375 0.03203125 0.075
0 0.39375 0.378125 0.0296875 0.07421875
0 0.6859375 0.4625 0.03125 0.07265625
0 0.225 0.6296875 0.0375 0.0703125
0 0.26484375 0.62734375 0.0359375 0.0703125
0 0.2984375 0.62578125 0.034375 0.065625
0 0.3359375 0.62890625 0.0390625 0.0609375
0 0.3328125 0.54140625 0.03359375 0.0671875
0 0.359375 0.37734375 0.0390625 0.06953125
0 0.2203125 0.375 0.0328125 0.07578125
0 0.18515625 0.37421875 0.03828125 0.0765625
0 0.0875 0.3625 0.03203125 0.075
0 0.053125 0.38671875 0.03125 0.021875
0 0.02109375 0.38515625 0.03125 0.03203125
0 0.38125 0.63203125 0.04296875 0.06875
0 0.75703125 0.4625 0.03359375 0.07578125
0 0.25390625 0.37421875 0.034375 0.075
0 0.2875 0.37421875 0.034375 0.075
0 0.321875 0.3734375 0.03359375 0.07421875
0 0.79375 0.46171875 0.0328125 0.07578125