0 0.08046875 0.634375 0.05625 0.09140625
0 0.090625 0.7515625 0.034375 0.13828125
0 0.12734375 0.7484375 0.0375 0.14140625
0 0.771875 0.13046875 0.025 0.13828125
0 0.9859375 0.71015625 0.028125 0.125
0 0.959375 0.70859375 0.025 0.128125
0 0.9296875 0.70859375 0.0328125 0.13046875
0 0.89453125 0.70625 0.0359375 0.13828125
0 0.85625 0.7078125 0.0375 0.13984375
0 0.7953125 0.1265625 0.0203125 0.14765625
0 0.81875 0.75234375 0.0265625 0.04921875
0 0.7671875 0.70234375 0.0359375 0.02421875
0 0.7890625 0.76953125 0.03359375 0.02265625
0 0.7890625 0.74609375 0.03125 0.02109375
0 0.75546875 0.771875 0.0328125 0.02578125
0 0.71796875 0.7609375 0.028125 0.0453125
0 0.68828125 0.71796875 0.0296875 0.13203125
0 0.8015625 0.70859375 0.028125 0.0265625
0 0.65546875 0.7328125 0.03125 0.11171875
0 0.8171875 0.12578125 0.0234375 0.1484375
0 0.9078125 0.14375 0.05 0.11796875
0 0.390625 0.3203125 0.04453125 0.17265625
0 0.3421875 0.2890625 0.05 0.10703125
0 0.32421875 0.38671875 0.034375 0.08671875
0 0.2953125 0.3296875 0.021875 0.14921875
0 0.265625 0.3296875 0.03515625 0.15078125
0 0.22890625 0.33046875 0.0375 0.15078125
0 0.85703125 0.14296875 0.0484375 0.11484375
0 0.1890625 0.3296875 0.03984375 0.15234375
0 0.05234375 0.74921875 0.0390625 0.13671875
0 0.046875 0.53125 0.05390625 0.08671875
0 0.09765625 0.415625 0.04453125 0.34140625
0 0.0640625 0.35625 0.0234375 0.10078125
0 0.0296875 0.328125 0.04453125 0.1546875
0 0.965625 0.1546875 0.0625 0.0953125
0 0.14765625 0.3296875 0.0421875 0.15078125
0 0.46875 0.3328125 0.0296875 0.14453125
0 0.6203125 0.73359375 0.03125 0.11171875
0 0.55078125 0.72421875 0.03125 0.140625
0 0.55 0.1171875 0.028125 0.1546875
0 0.521875 0.1125 0.028125 0.16328125
0 0.48828125 0.109375 0.03828125 0.16640625
0 0.4578125 0.11171875 0.025 0.16015625
0 0.4296875 0.1171875 0.03125 0.14921875
0 0.4015625 0.1171875 0.025 0.14921875
0 0.59453125 0.11328125 0.0359375 0.16015625
0 0.3765625 0.11328125 0.02578125 0.1578125
0 0.30859375 0.1 0.034375 0.17421875
0 0.271875 0.09921875 0.03984375 0.17421875
0 0.23203125 0.10078125 0.0390625 0.1703125
0 0.1703125 0.09921875 0.04453125 0.16953125
0 0.134375 0.1015625 0.0265625 0.15859375
0 0.10625 0.09921875 0.028125 0.16328125
0 0.34296875 0.10234375 0.0359375 0.16953125
0 0.58671875 0.7234375 0.034375 0.13671875
0 0.6296875 0.11328125 0.03203125 0.1625
0 0.690625 0.115625 0.0328125 0.16484375
0 0.51953125 0.72578125 0.0296875 0.140625
0 0.48828125 0.72734375 0.0328125 0.14296875
0 0.453125 0.73046875 0.0359375 0.14296875
0 0.41796875 0.7296875 0.034375 0.14765625
0 0.38203125 0.73203125 0.0359375 0.146875
0 0.346875 0.72421875 0.03515625 0.17109375
0 0.659375 0.11640625 0.02890625 0.16171875
0 0.3046875 0.728125 0.0453125 0.1671875
0 0.21171875 0.7328125 0.05 0.171875
0 0.16640625 0.746875 0.03984375 0.1421875
0 0.74765625 0.1296875 0.0234375 0.13671875
0 0.0296875 0.09296875 0.04453125 0.17421875
0 0.071875 0.1015625 0.040625 0.15703125
0 0.7203125 0.13359375 0.0265625 0.13046875
0 0.259375 0.73046875 0.04375 0.16953125
0 0.503125 0.334375 0.034375 0.14296875
0 0.43359375 0.33203125 0.0375 0.14609375
0 0.571875 0.3328125 0.03359375 0.1421875
0 0.24375 0.53046875 0.04765625 0.17109375
0 0.0375 0.928125 0.03828125 0.12421875
0 0.078125 0.9296875 0.0390625 0.12265625
0 0.11875 0.92890625 0.0421875 0.12421875
0 0.1625 0.9296875 0.0421875 0.13359375
0 0.2046875 0.92578125 0.0421875 0.13359375
0 0.1953125 0.53125 0.0484375 0.1671875
0 0.2453125 0.92890625 0.03984375 0.1421875
0 0.32578125 0.925 0.0390625 0.13671875
0 0.3640625 0.925 0.0359375 0.1421875
0 0.396875 0.9265625 0.02890625 0.1296875
0 0.42734375 0.93046875 0.0296875 0.13828125
0 0.453125 0.92578125 0.02109375 0.13515625
0 0.478125 0.92890625 0.02734375 0.1375
0 0.28515625 0.928125 0.0390625 0.14296875
0 0.53828125 0.334375 0.034375 0.14453125
0 0.1546875 0.55078125 0.03125 0.13515625
0 0.01015625 0.5484375 0.0171875 0.146875
0 0.6609375 0.33125 0.025 0.14296875
0 0.68515625 0.33203125 0.0203125 0.14296875
0 0.70703125 0.34375 0.0234375 0.11953125
0 0.73125 0.3421875 0.021875 0.12109375
0 0.75390625 0.32421875 0.0234375 0.15703125
0 0.7796875 0.325 0.0265625 0.15546875
0 0.12890625 0.54453125 0.0171875 0.14921875
0 0.8046875 0.33203125 0.02109375 0.13828125
0 0.85390625 0.34453125 0.03046875 0.11328125
0 0.8828125 0.33828125 0.0234375 0.125
0 0.90703125 0.34765625 0.0234375 0.10859375
0 0.9328125 0.34296875 0.0265625 0.11875
0 0.95859375 0.3484375 0.0265625 0.1078125
0 0.98671875 0.35625 0.0265625 0.09375
0 0.828125 0.33203125 0.021875 0.1390625
0 0.546875 0.9265625 0.0296875 0.13671875
0 0.5125 0.91875 0.0390625 0.153125
0 0.59921875 0.9203125 0.02734375 0.13515625
0 0.57421875 0.92109375 0.021875 0.13515625
0 0.72109375 0.55078125 0.0265625 0.09609375
0 0.74921875 0.52578125 0.0296875 0.14140625
0 0.7796875 0.525 0.03125 0.14453125
0 0.82109375 0.540625 0.0234375 0.11015625
0 0.80234375 0.5390625 0.0140625 0.10546875
0 0.59375 0.5328125 0.03359375 0.140625
0 0.8578125 0.53984375 0.03125 0.10390625
0 0.92578125 0.5328125 0.03203125 0.11953125
0 0.9578125 0.5328125 0.03046875 0.11953125
0 0.98671875 0.52421875 0.0265625 0.13828125
0 0.01640625 0.7375 0.0328125 0.15703125
0 0.63515625 0.334375 0.0234375 0.140625
0 0.60625 0.3328125 0.034375 0.13984375
0 0.89375 0.5421875 0.0296875 0.1078125
0 0.5609375 0.53359375 0.03125 0.13828125
0 0.6890625 0.52265625 0.0265625 0.15234375
0 0.4953125 0.53515625 0.034375 0.14296875
0 0.6359375 0.91875 0.04375 0.13828125
0 0.6796875 0.91015625 0.04140625 0.13984375
0 0.721875 0.90703125 0.040625 0.13359375
0 0.765625 0.9171875 0.034375 0.12578125
0 0.52890625 0.534375 0.03203125 0.1421875
0 0.84375 0.896875 0.04140625 0.13984375
0 0.8875 0.8953125 0.03984375 0.14140625
0 0.803125 0.896875 0.0375 0.1421875
0 0.975 0.90546875 0.046875 0.12578125
0 0.2921875 0.52890625 0.046875 0.16640625
0 0.3375 0.528125 0.04453125 0.1671875
0 0.378125 0.53828125 0.034375 0.14296875
0 0.41484375 0.53828125 0.0359375 0.14375
0 0.4578125 0.5359375 0.03671875 0.1421875
0 0.928125 0.89296875 0.0421875 0.13828125