0 0.67421875 0.509375 0.03671875 0.05859375
0 0.77734375 0.50390625 0.0359375 0.0671875
0 0.740625 0.5078125 0.03671875 0.05859375
0 0.70859375 0.5078125 0.03203125 0.0609375
0 0.63125 0.50546875 0.04765625 0.065625
0 0.3515625 0.41640625 0.02890625 0.05703125
0 0.4921875 0.42734375 0.03125 0.0328125
0 0.4578125 0.41640625 0.03984375 0.053125
0 0.41953125 0.4171875 0.03359375 0.053125
0 0.38359375 0.415625 0.03515625 0.05625
0 0.81640625 0.49921875 0.04453125 0.07890625
0 0.58671875 0.5140625 0.02578125 0.0484375
0 0.865625 0.496875 0.05234375 0.075
0 0.2671875 0.6 0.02890625 0.0609375
0 0.96796875 0.49296875 0.04296875 0.08203125
0 0.20859375 0.59921875 0.0359375 0.0640625
0 0.240625 0.60078125 0.0265625 0.0609375
0 0.32109375 0.4171875 0.034375 0.05546875
0 0.3046875 0.6046875 0.01796875 0.040625
0 0.32890625 0.5875 0.034375 0.04609375
0 0.48359375 0.5921875 0.0328125 0.06171875
0 0.515625 0.58984375 0.03046875 0.0671875
0 0.5484375 0.58984375 0.03203125 0.0625
0 0.58671875 0.59609375 0.028125 0.06484375
0 0.62578125 0.5921875 0.02578125 0.059375
0 0.53203125 0.425 0.03828125 0.034375
0 0.91953125 0.5 0.0546875 0.0671875
0 0.28828125 0.41796875 0.0234375 0.059375
0 0.4171875 0.68828125 0.0578125 0.05546875
0 0.78203125 0.40546875 0.03515625 0.06640625
0 0.971875 0.35859375 0.05625 0.1015625
0 0.90234375 0.36953125 0.08203125 0.08828125
0 0.8296875 0.35234375 0.0640625 0.12265625
0 0.22265625 0.79765625 0.02578125 0.0703125
0 0.55390625 0.8078125 0.02109375 0.0828125
0 0.51640625 0.8015625 0.02265625 0.0765625
0 0.4859375 0.7984375 0.0375 0.08125
0 0.453125 0.8046875 0.02421875 0.08125
0 0.42578125 0.80390625 0.03515625 0.075
0 0.390625 0.80859375 0.03203125 0.08359375
0 0.66328125 0.59609375 0.02890625 0.06484375
0 0.7109375 0.60546875 0.05078125 0.05
0 0.26015625 0.41953125 0.03359375 0.05703125
0 0.746875 0.59140625 0.02734375 0.0625
0 0.846875 0.5984375 0.04921875 0.0578125
0 0.88828125 0.59296875 0.03125 0.065625
0 0.946875 0.5921875 0.06796875 0.06484375
0 0.22109375 0.68828125 0.04296875 0.06875
0 0.26328125 0.68828125 0.040625 0.0703125
0 0.29609375 0.68203125 0.025 0.059375
0 0.33515625 0.68359375 0.03359375 0.04375
0 0.3703125 0.6890625 0.03046875 0.0640625
0 0.22421875 0.4203125 0.03515625 0.059375
0 0.67421875 0.4046875 0.03359375 0.06796875
0 0.71015625 0.40546875 0.03828125 0.06640625
0 0.746875 0.40546875 0.034375 0.06796875
0 0.78671875 0.59140625 0.05546875 0.06328125
0 0.46796875 0.684375 0.04296875 0.06328125
0 0.190625 0.42109375 0.03203125 0.05625
0 0.5328125 0.6796875 0.03359375 0.065625
0 0.86796875 0.68125 0.05703125 0.0609375
0 0.92265625 0.6828125 0.0484375 0.0609375
0 0.97109375 0.6828125 0.0484375 0.06171875
0 0.94296875 0.78203125 0.05625 0.078125
0 0.98671875 0.78125 0.0203125 0.0828125
0 0.81640625 0.771875 0.053125 0.08125
0 0.503125 0.6828125 0.028125 0.06015625
0 0.77265625 0.81171875 0.0265625 0.07734375
0 0.72890625 0.80625 0.04375 0.0765625
0 0.69296875 0.815625 0.0265625 0.0578125
0 0.2109375 0.5125 0.04375 0.0640625
0 0.2515625 0.51328125 0.040625 0.0625
0 0.2890625 0.5109375 0.03125 0.05859375
0 0.321875 0.509375 0.03046875 0.06328125
0 0.41484375 0.51328125 0.03046875 0.053125
0 0.44921875 0.5140625 0.04140625 0.0515625
0 0.490625 0.50859375 0.034375 0.05859375
0 0.525 0.50859375 0.03671875 0.059375
0 0.36015625 0.809375 0.02734375 0.0796875
0 0.559375 0.50625 0.02890625 0.06484375
0 0.334375 0.80859375 0.025 0.07421875
0 0.30859375 0.8078125 0.025 0.0734375
0 0.278125 0.80859375 0.01953125 0.0765625
0 0.253125 0.809375 0.0328125 0.07421875
0 0.653125 0.8234375 0.03359375 0.05703125
0 0.5828125 0.82265625 0.03125 0.05546875
0 0.7671875 0.68359375 0.04375 0.06953125
0 0.81484375 0.68515625 0.05 0.065625
0 0.59609375 0.40546875 0.04765625 0.06953125
0 0.56640625 0.678125 0.02734375 0.05703125
0 0.58984375 0.678125 0.01875 0.05546875
0 0.6171875 0.67890625 0.02578125 0.05546875
0 0.65 0.6734375 0.04296875 0.04453125
0 0.69765625 0.6828125 0.02265625 0.0609375
0 0.72578125 0.68203125 0.03515625 0.0640625
0 0.19765625 0.165625 0.13671875 0.1
0 0.33515625 0.14765625 0.13671875 0.13359375
0 0.43984375 0.18359375 0.05078125 0.05546875
0 0.5234375 0.16484375 0.109375 0.08828125
0 0.63828125 0.4046875 0.0359375 0.0703125
0 0.74296875 0.1640625 0.09765625 0.08359375
0 0.8328125 0.16796875 0.0765625 0.11484375
0 0.63359375 0.1671875 0.109375 0.0828125
0 0.953125 0.15859375 0.0546875 0.12578125
0 0.75546875 0.303125 0.0515625 0.06640625
0 0.7015625 0.30546875 0.05625 0.06953125
0 0.6203125 0.29296875 0.10625 0.09453125
0 0.5390625 0.31171875 0.0421875 0.053125
0 0.49296875 0.32109375 0.0421875 0.040625
0 0.43515625 0.3 0.07421875 0.084375
0 0.89609375 0.16015625 0.05 0.13125
0 0.6171875 0.82265625 0.03828125 0.0546875
0 0.359375 0.30390625 0.06953125 0.0921875
0 0.29375 0.31484375 0.06328125 0.0734375
0 0.23984375 0.3140625 0.0453125 0.071875
0 0.1890625 0.31328125 0.05625 0.0734375