0 0.1953125 0.66875 0.0546875 0.10859375
0 0.1390625 0.68046875 0.0546875 0.128125
0 0.0921875 0.675 0.034375 0.12265625
0 0.0140625 0.6734375 0.028125 0.1375
0 0.259375 0.61953125 0.02265625 0.03984375
0 0.29609375 0.61953125 0.0234375 0.0390625
0 0.32109375 0.62109375 0.02421875 0.0390625
0 0.3453125 0.61953125 0.0234375 0.0390625
0 0.37734375 0.6171875 0.02421875 0.0390625
0 0.24453125 0.7265625 0.03828125 0.0453125
0 0.40234375 0.6203125 0.02421875 0.0390625
0 0.05546875 0.66953125 0.040625 0.12890625
0 0.6140625 0.62734375 0.025 0.03515625
0 0.4875 0.621875 0.0234375 0.0390625
0 0.53828125 0.6265625 0.0234375 0.0390625
0 0.56171875 0.62578125 0.02421875 0.0390625
0 0.5890625 0.6265625 0.02421875 0.0390625
0 0.66171875 0.62265625 0.021875 0.03671875
0 0.68671875 0.62109375 0.0171875 0.0375
0 0.71015625 0.62734375 0.0203125 0.040625
0 0.75703125 0.621875 0.02421875 0.04296875
0 0.73046875 0.615625 0.01875 0.034375
0 0.80546875 0.61328125 0.0125 0.03046875
0 0.2984375 0.71640625 0.06015625 0.05390625
0 0.78671875 0.6171875 0.01875 0.03125
0 0.453125 0.61796875 0.0234375 0.0390625
0 0.48203125 0.71875 0.05859375 0.0640625
0 0.57421875 0.8390625 0.05546875 0.09921875
0 0.57734375 0.72578125 0.0328125 0.05234375
0 0.7921875 0.521875 0.0625 0.0671875
0 0.1328125 0.86484375 0.11953125 0.05546875
0 0.2765625 0.8671875 0.115625 0.05546875
0 0.97890625 0.82421875 0.0421875 0.121875
0 0.90078125 0.8 0.0515625 0.03671875
0 0.8734375 0.85390625 0.05859375 0.05546875
0 0.8421875 0.78671875 0.04765625 0.009375
0 0.821875 0.79921875 0.04765625 0.01328125
0 0.82578125 0.81484375 0.04296875 0.01328125
0 0.8234375 0.84921875 0.03828125 0.05078125
0 0.76171875 0.82109375 0.03359375 0.078125
0 0.66640625 0.8109375 0.0375 0.07890625
0 0.53984375 0.725 0.0375 0.053125
0 0.62890625 0.85546875 0.03046875 0.05703125
0 0.4859375 0.83125 0.10234375 0.0671875
0 0.38359375 0.81171875 0.08203125 0.07421875
0 0.28203125 0.79375 0.11015625 0.04296875
0 0.16875 0.78671875 0.11015625 0.02890625
0 0.034375 0.83515625 0.05234375 0.11875
0 0.13125 0.55625 0.19921875 0.03125
0 0.7703125 0.68046875 0.034375 0.0234375
0 0.77421875 0.71796875 0.02578125 0.03359375
0 0.73984375 0.73046875 0.034375 0.04296875
0 0.703125 0.73515625 0.034375 0.03828125
0 0.65078125 0.70625 0.025 0.04609375
0 0.61796875 0.72578125 0.03984375 0.05
0 0.484375 0.78359375 0.10234375 0.02109375
0 0.73203125 0.5203125 0.053125 0.06484375
0 0.71640625 0.81875 0.0453125 0.08984375
0 0.5140625 0.446875 0.06484375 0.0234375
0 0.87421875 0.3140625 0.0375 0.01875
0 0.8828125 0.35546875 0.03515625 0.05625
0 0.91875 0.3546875 0.03046875 0.05703125
0 0.9734375 0.353125 0.053125 0.0640625
0 0.98203125 0.3109375 0.0359375 0.01875
0 0.87109375 0.44609375 0.04375 0.0765625
0 0.9109375 0.44375 0.03046875 0.075
0 0.971875 0.2453125 0.0375 0.0734375
0 0.9671875 0.475 0.06484375 0.02109375
0 0.91171875 0.56484375 0.06171875 0.0984375
0 0.971875 0.56953125 0.05625 0.0890625
0 0.8890625 0.65859375 0.04140625 0.05
0 0.8421875 0.6546875 0.01875 0.05078125
0 0.81015625 0.69296875 0.04375 0.05078125
0 0.9515625 0.69375 0.05546875 0.09765625
0 0.99140625 0.69921875 0.01640625 0.090625
0 0.853125 0.559375 0.04921875 0.09921875
0 0.934375 0.24375 0.03046875 0.07421875
0 0.8984375 0.2390625 0.0375 0.06875
0 0.96484375 0.13515625 0.05703125 0.06953125
0 0.06875 0.0953125 0.0546875 0.08046875
0 0.13046875 0.103125 0.0234375 0.06015625
0 0.17109375 0.0984375 0.04765625 0.0765625
0 0.21796875 0.09765625 0.04609375 0.07734375
0 0.26953125 0.10234375 0.04921875 0.08046875
0 0.321875 0.10625 0.05234375 0.07265625
0 0.67421875 0.51953125 0.05078125 0.0703125
0 0.4296875 0.109375 0.04765625 0.0734375
0 0.4828125 0.1046875 0.05390625 0.08515625
0 0.53125 0.10625 0.03984375 0.090625
0 0.571875 0.09375 0.040625 0.1140625
0 0.61484375 0.0984375 0.0328125 0.11484375
0 0.6578125 0.11328125 0.0484375 0.08671875
0 0.721875 0.103125 0.06875 0.1109375
0 0.7859375 0.10625 0.05 0.11015625
0 0.84453125 0.09765625 0.06796875 0.13125
0 0.90625 0.10078125 0.053125 0.1390625
0 0.00859375 0.25 0.0171875 0.0796875
0 0.040625 0.25078125 0.0421875 0.0765625
0 0.37578125 0.10859375 0.04765625 0.075
0 0.17265625 0.27109375 0.07578125 0.03984375
0 0.45546875 0.3703125 0.07890625 0.07265625
0 0.38359375 0.36875 0.0546875 0.07421875
0 0.27265625 0.37578125 0.08203125 0.05234375
0 0.19296875 0.3921875 0.065625 0.0125
0 0.18984375 0.40546875 0.06796875 0.01015625
0 0.18828125 0.41953125 0.075 0.0140625
0 0.1859375 0.4375 0.08828125 0.01484375
0 0.1296875 0.38203125 0.03828125 0.0796875
0 0.04453125 0.384375 0.07890625 0.115625
0 0.1265625 0.51875 0.1890625 0.0390625
0 0.25859375 0.446875 0.04765625 0.0328125
0 0.2953125 0.50625 0.04375 0.06953125
0 0.3390625 0.5015625 0.03515625 0.0734375
0 0.38046875 0.49609375 0.0390625 0.0640625
0 0.42734375 0.50703125 0.03671875 0.06953125
0 0.09765625 0.24296875 0.0421875 0.096875
0 0.4703125 0.51640625 0.03515625 0.075
0 0.53359375 0.5125 0.0765625 0.07578125
0 0.6078125 0.51875 0.06796875 0.0703125
0 0.52265625 0.37421875 0.0515625 0.07109375
0 0.59140625 0.36796875 0.0453125 0.07265625
0 0.51171875 0.621875 0.02421875 0.0390625
0 0.8234375 0.38515625 0.0703125 0.0671875
0 0.4109375 0.24296875 0.0515625 0.07890625
0 0.18671875 0.22265625 0.05 0.04921875
0 0.24765625 0.22265625 0.06015625 0.109375
0 0.33359375 0.234375 0.08984375 0.08125
0 0.47578125 0.24609375 0.05 0.07421875
0 0.525 0.25078125 0.0421875 0.07265625
0 0.5703125 0.25703125 0.04375 0.06171875
0 0.63125 0.25390625 0.0515625 0.07265625
0 0.78671875 0.25625 0.0546875 0.06953125
0 0.6390625 0.37421875 0.04296875 0.07109375
0 0.715625 0.2609375 0.04609375 0.06015625
0 0.675 0.25390625 0.02890625 0.06015625
0 0.703125 0.34921875 0.065625 0.07421875
0 0.7578125 0.36640625 0.0359375 0.05
0 0.8265625 0.26171875 0.01640625 0.059375
0 0.73671875 0.4078125 0.09921875 0.028125