0 0.03359375 0.36015625 0.03984375 0.06484375
0 0.6984375 0.45078125 0.06171875 0.0703125
0 0.43671875 0.3578125 0.0421875 0.0625
0 0.4765625 0.35859375 0.034375 0.0609375
0 0.51328125 0.365625 0.02890625 0.0609375
0 0.55078125 0.36484375 0.0421875 0.0609375
0 0.58125 0.3703125 0.02421875 0.04609375
0 0.61484375 0.37265625 0.03359375 0.04609375
0 0.653125 0.3609375 0.03125 0.06875
0 0.6875 0.36171875 0.0390625 0.0671875
0 0.79296875 0.35 0.03515625 0.0453125
0 0.83046875 0.3484375 0.0390625 0.04921875
0 0.871875 0.353125 0.03046875 0.05625
0 0.90390625 0.353125 0.0328125 0.05703125
0 0.9359375 0.353125 0.02578125 0.05078125
0 0.97109375 0.35234375 0.034375 0.05
0 0.78515625 0.4265625 0.028125 0.0515625
0 0.821875 0.4265625 0.04765625 0.04765625
0 0.871875 0.43125 0.034375 0.04921875
0 0.94921875 0.42890625 0.04296875 0.04453125
0 0.98515625 0.4234375 0.0296875 0.05
0 0.0578125 0.475 0.06640625 0.025
0 0.13125 0.47421875 0.06875 0.02890625
0 0.21171875 0.4640625 0.08515625 0.0453125
0 0.29453125 0.465625 0.0796875 0.0421875
0 0.34609375 0.4546875 0.03359375 0.0609375
0 0.378125 0.45390625 0.03203125 0.06328125
0 0.4234375 0.4484375 0.04765625 0.06328125
0 0.471875 0.446875 0.0421875 0.07265625
0 0.5234375 0.4515625 0.053125 0.0796875
0 0.5765625 0.45078125 0.05 0.07890625
0 0.390625 0.35859375 0.046875 0.0625
0 0.34921875 0.36015625 0.034375 0.0625
0 0.30078125 0.35625 0.0484375 0.0703125
0 0.25859375 0.36015625 0.0390625 0.0625
0 0.0640625 0.265625 0.0359375 0.0546875
0 0.16640625 0.26015625 0.0296875 0.0578125
0 0.2046875 0.26328125 0.0359375 0.0640625
0 0.23515625 0.2640625 0.02734375 0.06015625
0 0.26796875 0.26328125 0.03515625 0.06015625
0 0.30234375 0.26328125 0.03359375 0.059375
0 0.33359375 0.265625 0.0296875 0.06328125
0 0.36875 0.2640625 0.0375 0.06484375
0 0.403125 0.26640625 0.03359375 0.0625
0 0.4359375 0.2671875 0.03359375 0.0609375
0 0.46796875 0.2671875 0.0265625 0.059375
0 0.5125 0.2828125 0.04375 0.02421875
0 0.5578125 0.28828125 0.04296875 0.025
0 0.56328125 0.26328125 0.0375 0.03203125
0 0.6421875 0.45 0.04921875 0.06875
0 0.60859375 0.26015625 0.0484375 0.0234375
0 0.60703125 0.28515625 0.04453125 0.02734375
0 0.64921875 0.28671875 0.03359375 0.02265625
0 0.709375 0.28203125 0.04296875 0.02734375
0 0.7734375 0.278125 0.034375 0.02265625
0 0.81875 0.27734375 0.03359375 0.01796875
0 0.81875 0.25625 0.04140625 0.0203125
0 0.85859375 0.28984375 0.034375 0.01953125
0 0.89453125 0.29140625 0.03125 0.01640625
0 0.95078125 0.27734375 0.04765625 0.04765625
0 0.9875 0.27734375 0.02421875 0.0453125
0 0.078125 0.3609375 0.04140625 0.05703125
0 0.1265625 0.371875 0.0296875 0.04375
0 0.16328125 0.35703125 0.040625 0.06171875
0 0.20859375 0.35859375 0.04765625 0.0625
0 0.65625 0.2609375 0.04765625 0.02265625
0 0.10078125 0.26640625 0.034375 0.05078125
0 0.13359375 0.265625 0.03359375 0.0484375
0 0.025 0.26015625 0.04609375 0.05703125