0 0.63046875 0.2578125 0.0484375 0.075
0 0.67265625 0.25859375 0.03203125 0.07109375
0 0.709375 0.2671875 0.02421875 0.05234375
0 0.56953125 0.2671875 0.06015625 0.04921875
0 0.73359375 0.2671875 0.025 0.05390625
0 0.521875 0.2578125 0.02734375 0.078125
0 0.76484375 0.2734375 0.03203125 0.0421875
0 0.70546875 0.496875 0.04140625 0.08203125
0 0.81953125 0.278125 0.028125 0.0390625
0 0.43671875 0.24453125 0.03984375 0.09453125
0 0.39609375 0.24375 0.04296875 0.096875
0 0.3515625 0.24609375 0.03828125 0.09375
0 0.30390625 0.24609375 0.053125 0.0921875
0 0.2515625 0.240625 0.0390625 0.1078125
0 0.203125 0.2484375 0.0546875 0.090625
0 0.14375 0.2453125 0.05859375 0.09921875
0 0.48515625 0.25546875 0.0453125 0.0859375
0 0.8453125 0.26796875 0.021875 0.0640625
0 0.27578125 0.0953125 0.046875 0.10078125
0 0.8875 0.26796875 0.02734375 0.05625
0 0.80625 0.10625 0.0765625 0.078125
0 0.7375 0.13984375 0.02421875 0.059375
0 0.703125 0.1484375 0.04609375 0.0421875
0 0.66640625 0.134375 0.02890625 0.08125
0 0.63359375 0.1296875 0.03359375 0.08515625
0 0.5953125 0.13359375 0.03984375 0.0703125
0 0.5515625 0.11875 0.0421875 0.0984375
0 0.50703125 0.121875 0.0421875 0.06953125
0 0.46171875 0.1203125 0.04765625 0.0734375
0 0.41875 0.109375 0.03515625 0.090625
0 0.3734375 0.1078125 0.05234375 0.0921875
0 0.32109375 0.096875 0.046875 0.096875
0 0.1 0.2484375 0.028125 0.0921875
0 0.20625 0.09296875 0.05625 0.0953125
0 0.134375 0.08125 0.078125 0.11640625
0 0.95625 0.28046875 0.028125 0.0375
0 0.921875 0.27734375 0.0390625 0.04375
0 0.86484375 0.2765625 0.01875 0.03984375
0 0.059375 0.24609375 0.0484375 0.09453125
0 0.78828125 0.390625 0.02109375 0.04375
0 0.92421875 0.403125 0.03125 0.071875
0 0.2703125 0.94765625 0.0703125 0.08125
0 0.3296875 0.934375 0.04921875 0.10703125
0 0.3859375 0.91875 0.06328125 0.07578125
0 0.44296875 0.90625 0.046875 0.1
0 0.49296875 0.89609375 0.05 0.0796875
0 0.53671875 0.890625 0.03203125 0.0890625
0 0.6578125 0.821875 0.0625 0.03515625
0 0.571875 0.8671875 0.0390625 0.0734375
0 0.60859375 0.8625 0.03046875 0.0828125
0 0.215625 0.4171875 0.0453125 0.0515625
0 0.14609375 0.37421875 0.065625 0.0453125
0 0.1515625 0.421875 0.06328125 0.0421875
0 0.08203125 0.3953125 0.059375 0.1140625
0 0.02578125 0.39296875 0.0515625 0.1109375
0 0.8203125 0.5 0.0359375 0.0578125
0 0.7828125 0.49140625 0.0359375 0.078125
0 0.7421875 0.4984375 0.03203125 0.08203125
0 0.2078125 0.953125 0.05703125 0.09375
0 0.97421875 0.13828125 0.02578125 0.053125
0 0.9421875 0.14375 0.02890625 0.034375
0 0.9140625 0.1390625 0.02734375 0.04609375
0 0.89453125 0.40390625 0.03046875 0.075
0 0.8671875 0.4078125 0.02265625 0.0671875
0 0.8421875 0.4078125 0.02890625 0.06953125
0 0.81484375 0.38125 0.0296875 0.06484375
0 0.7578125 0.3984375 0.03671875 0.0359375
0 0.75234375 0.3640625 0.02890625 0.028125
0 0.71640625 0.38515625 0.03046875 0.0671875
0 0.68515625 0.3765625 0.03359375 0.084375
0 0.95078125 0.40234375 0.01953125 0.0734375
0 0.65078125 0.3875 0.03203125 0.06484375
0 0.58125 0.38359375 0.03203125 0.07265625
0 0.5 0.3671875 0.07109375 0.01875
0 0.47890625 0.40234375 0.03671875 0.034375
0 0.41796875 0.409375 0.05703125 0.05
0 0.3484375 0.4125 0.0828125 0.0515625
0 0.275 0.41796875 0.06171875 0.046875
0 0.31796875 0.37265625 0.078125 0.0203125
0 0.209375 0.3609375 0.04609375 0.04375
0 0.615625 0.384375 0.0359375 0.07265625
0 0.5328125 0.40078125 0.06328125 0.0390625
0 0.26953125 0.68125 0.053125 0.075
0 0.64453125 0.509375 0.03203125 0.07109375
0 0.4015625 0.796875 0.06484375 0.0859375
0 0.4859375 0.74609375 0.071875 0.0265625
0 0.50390625 0.7875 0.06015625 0.05
0 0.56015625 0.75625 0.0296875 0.07578125
0 0.590625 0.74765625 0.02578125 0.0796875
0 0.62734375 0.76484375 0.034375 0.05
0 0.6640625 0.7578125 0.02890625 0.05078125
0 0.6953125 0.73984375 0.02734375 0.0765625
0 0.73125 0.740625 0.0453125 0.065625
0 0.78046875 0.7375 0.03359375 0.03984375
0 0.8171875 0.7328125 0.0390625 0.02734375
0 0.81640625 0.703125 0.03828125 0.03203125
0 0.8515625 0.690625 0.02578125 0.078125
0 0.8859375 0.6875 0.0390625 0.08359375
0 0.928125 0.6796875 0.02734375 0.07109375
0 0.34296875 0.80546875 0.04921875 0.0921875
0 0.95625 0.675 0.0234375 0.06171875
0 0.2921875 0.8140625 0.0359375 0.084375
0 0.19765625 0.82578125 0.0375 0.0953125
0 0.8609375 0.125 0.01484375 0.059375
0 0.66484375 0.86484375 0.06875 0.04375
0 0.71484375 0.83984375 0.03046875 0.075
0 0.67265625 0.50078125 0.02421875 0.0875
0 0.7515625 0.83359375 0.04296875 0.0609375
0 0.7859375 0.83828125 0.0234375 0.0515625
0 0.81484375 0.8328125 0.02890625 0.046875
0 0.8453125 0.81171875 0.03046875 0.090625
0 0.875 0.8015625 0.028125 0.0703125
0 0.9 0.7890625 0.02265625 0.0953125
0 0.92734375 0.7796875 0.025 0.08515625
0 0.9609375 0.778125 0.03984375 0.09140625
0 0.07734375 0.85390625 0.05390625 0.1109375
0 0.128125 0.8453125 0.03671875 0.109375
0 0.16640625 0.83046875 0.03046875 0.109375
0 0.2453125 0.81953125 0.03515625 0.10703125
0 0.98359375 0.6671875 0.03046875 0.07734375
0 0.8828125 0.1234375 0.02734375 0.0640625
0 0.06015625 0.7203125 0.046875 0.0703125
0 0.87890625 0.5703125 0.0203125 0.0453125
0 0.9 0.55703125 0.02265625 0.07109375
0 0.93515625 0.55078125 0.02890625 0.07578125
0 0.96796875 0.540625 0.03359375 0.096875
0 0.06796875 0.5609375 0.04375 0.0921875
0 0.1109375 0.55703125 0.04296875 0.0984375
0 0.15703125 0.55234375 0.0484375 0.090625
0 0.20390625 0.55 0.04453125 0.09453125
0 0.25078125 0.54921875 0.0453125 0.0890625
0 0.30390625 0.54609375 0.0359375 0.0765625
0 0.3546875 0.53828125 0.04921875 0.084375
0 0.4015625 0.53515625 0.04453125 0.0921875
0 0.01953125 0.72265625 0.03359375 0.065625
0 0.57265625 0.51640625 0.0453125 0.078125
0 0.5203125 0.528125 0.04765625 0.05859375
0 0.83984375 0.584375 0.025 0.03046875
0 0.8140625 0.6 0.03203125 0.071875
0 0.45625 0.5390625 0.06484375 0.0515625
0 0.75 0.609375 0.0296875 0.071875
0 0.7796875 0.609375 0.02734375 0.06875
0 0.21328125 0.690625 0.0421875 0.096875
0 0.6109375 0.51875 0.03046875 0.0734375
0 0.31875 0.67734375 0.04453125 0.0828125
0 0.16328125 0.69765625 0.05703125 0.0828125
0 0.415625 0.6625 0.0421875 0.08125
0 0.45703125 0.65546875 0.04375 0.065625
0 0.36875 0.6703125 0.04921875 0.0671875
0 0.5375 0.63984375 0.0390625 0.0625
0 0.57421875 0.6359375 0.034375 0.06953125
0 0.61015625 0.63125 0.03515625 0.06875
0 0.6453125 0.62421875 0.03046875 0.08046875
0 0.68046875 0.6171875 0.03828125 0.0703125
0 0.71796875 0.61328125 0.03515625 0.0796875
0 0.49921875 0.64921875 0.0328125 0.078125
0 0.10859375 0.70546875 0.04765625 0.0875