0 0.27265625 0.790625 0.03671875 0.0453125
0 0.3671875 0.7953125 0.0484375 0.04375
0 0.41328125 0.7953125 0.04453125 0.04453125
0 0.4578125 0.7953125 0.04296875 0.04921875
0 0.1140625 0.75078125 0.0546875 0.03359375
0 0.1703125 0.75078125 0.0546875 0.03359375
0 0.22265625 0.75078125 0.0453125 0.03125
0 0.26484375 0.75 0.03828125 0.03046875
0 0.3171875 0.79453125 0.0484375 0.04296875
0 0.82421875 0.5875 0.0546875 0.08046875
0 0.2296875 0.7921875 0.04609375 0.04921875
0 0.7828125 0.78046875 0.028125 0.08125
0 0.7484375 0.77890625 0.0390625 0.08046875
0 0.6921875 0.778125 0.0671875 0.075
0 0.628125 0.7796875 0.06171875 0.0796875
0 0.521875 0.77578125 0.06640625 0.0796875
0 0.4609375 0.75390625 0.03515625 0.03046875
0 0.45234375 0.55625 0.05078125 0.0328125
0 0.1125 0.65078125 0.046875 0.0328125
0 0.171875 0.54453125 0.05078125 0.02578125
0 0.22421875 0.54375 0.05078125 0.02578125
0 0.2765625 0.54453125 0.05078125 0.02578125
0 0.5671875 0.5828125 0.06328125 0.07890625
0 0.6375 0.5828125 0.06953125 0.08125
0 0.71171875 0.58515625 0.06328125 0.084375
0 0.76328125 0.58984375 0.0296875 0.06953125
0 0.815625 0.78046875 0.03359375 0.07890625
0 0.85703125 0.7828125 0.0421875 0.078125
0 0.9453125 0.78515625 0.05078125 0.07890625
0 0.16484375 0.6515625 0.04765625 0.0328125
0 0.178125 0.7921875 0.0515625 0.04296875
0 0.1265625 0.790625 0.0484375 0.0421875
0 0.46328125 0.6953125 0.03671875 0.046875
0 0.41953125 0.69609375 0.04453125 0.0453125
0 0.3703125 0.696875 0.05 0.04609375
0 0.3171875 0.69453125 0.04921875 0.0453125
0 0.41640625 0.75390625 0.046875 0.03359375
0 0.89453125 0.5890625 0.053125 0.07890625
0 0.2140625 0.69296875 0.0515625 0.04453125
0 0.11796875 0.6921875 0.03671875 0.04609375
0 0.459375 0.65546875 0.0421875 0.03125
0 0.4140625 0.65625 0.04296875 0.03359375
0 0.3625 0.6546875 0.05 0.034375
0 0.3109375 0.65234375 0.05 0.034375
0 0.26171875 0.653125 0.040625 0.034375
0 0.21640625 0.65234375 0.04765625 0.0328125
0 0.1640625 0.69296875 0.0484375 0.04609375
0 0.49921875 0.5578125 0.034375 0.03203125
0 0.265625 0.69375 0.0484375 0.04375
0 0.346875 0.5546875 0.053125 0.03515625
0 0.29609375 0.28828125 0.0625 0.0359375
0 0.36015625 0.28828125 0.0640625 0.0359375
0 0.428125 0.28828125 0.06328125 0.0359375
0 0.49375 0.28984375 0.06328125 0.0359375
0 0.13671875 0.3578125 0.071875 0.0328125
0 0.13203125 0.3921875 0.071875 0.0328125
0 0.21015625 0.359375 0.071875 0.0328125
0 0.50078125 0.253125 0.065625 0.0359375
0 0.2046875 0.39375 0.071875 0.0328125
0 0.34140625 0.3625 0.06484375 0.03203125
0 0.31015625 0.3953125 0.06875 0.0328125
0 0.40703125 0.3609375 0.059375 0.03125
0 0.46953125 0.365625 0.06171875 0.0375
0 0.40078125 0.55625 0.04765625 0.0328125
0 0.51796875 0.37421875 0.0390625 0.08203125
0 0.56171875 0.375 0.0375 0.08203125
0 0.28046875 0.3609375 0.05234375 0.03125
0 0.43125 0.25078125 0.0671875 0.0359375
0 0.36484375 0.25234375 0.065625 0.03515625
0 0.2984375 0.25078125 0.065625 0.03515625
0 0.153125 0.134375 0.06796875 0.034375
0 0.221875 0.134375 0.06875 0.034375
0 0.1578125 0.1703125 0.06796875 0.034375
0 0.225 0.1734375 0.0671875 0.040625
0 0.29453125 0.140625 0.0671875 0.0390625
0 0.29453125 0.178125 0.06640625 0.03125
0 0.36171875 0.178125 0.06015625 0.03125
0 0.359375 0.14296875 0.06015625 0.0359375
0 0.42578125 0.14140625 0.0703125 0.03984375
0 0.4234375 0.178125 0.0640625 0.03203125
0 0.4953125 0.1421875 0.06484375 0.03515625
0 0.49375 0.17890625 0.06484375 0.03515625
0 0.15546875 0.2484375 0.06484375 0.03828125
0 0.15546875 0.28671875 0.06953125 0.03515625
0 0.22421875 0.21796875 0.075 0.0203125
0 0.22734375 0.246875 0.06953125 0.03671875
0 0.2265625 0.28515625 0.0703125 0.0375
0 0.60546875 0.37421875 0.03828125 0.090625
0 0.64921875 0.37421875 0.04921875 0.0875
0 0.44921875 0.4 0.084375 0.028125
0 0.740625 0.37578125 0.04296875 0.08671875
0 0.55078125 0.48125 0.0703125 0.07734375
0 0.6203125 0.48203125 0.0640625 0.0828125
0 0.69609375 0.37734375 0.03984375 0.0828125
0 0.31171875 0.75390625 0.04453125 0.0328125
0 0.7421875 0.4953125 0.04375 0.06171875
0 0.803125 0.4875 0.04453125 0.07421875
0 0.87109375 0.490625 0.0390625 0.0703125
0 0.915625 0.49140625 0.0453125 0.07421875
0 0.965625 0.49296875 0.0546875 0.06953125
0 0.15703125 0.58515625 0.0453125 0.04765625
0 0.20625 0.5859375 0.0453125 0.0484375
0 0.25546875 0.5890625 0.0453125 0.04765625
0 0.3 0.5875 0.03984375 0.0484375
0 0.3578125 0.596875 0.05 0.0453125
0 0.409375 0.5984375 0.05 0.0453125
0 0.45859375 0.596875 0.05 0.0453125
0 0.51015625 0.596875 0.04609375 0.04609375
0 0.48515625 0.49375 0.0375 0.0453125
0 0.44140625 0.49375 0.04765625 0.046875
0 0.684375 0.48203125 0.06484375 0.084375
0 0.34296875 0.49375 0.05078125 0.04453125
0 0.8171875 0.3875 0.04140625 0.0703125
0 0.85859375 0.38828125 0.04140625 0.0703125
0 0.89921875 0.3875 0.040625 0.0703125
0 0.39453125 0.49375 0.04375 0.04609375
0 0.9828125 0.3890625 0.0328125 0.0703125
0 0.14609375 0.4484375 0.05078125 0.0328125
0 0.196875 0.45 0.04453125 0.034375
0 0.24453125 0.45 0.04453125 0.034375
0 0.94140625 0.38984375 0.04453125 0.07265625
0 0.32578125 0.45078125 0.03984375 0.0359375
0 0.2875 0.4515625 0.03828125 0.0359375
0 0.29609375 0.4921875 0.04296875 0.04609375
0 0.25234375 0.4921875 0.046875 0.0453125
0 0.2015625 0.490625 0.05 0.0421875
0 0.36640625 0.7546875 0.04765625 0.0328125
0 0.47421875 0.45234375 0.05703125 0.03671875
0 0.41796875 0.4515625 0.04921875 0.0359375
0 0.36796875 0.4515625 0.04453125 0.03515625
0 0.15078125 0.4890625 0.0515625 0.0453125