0 0.39765625 0.8515625 0.05078125 0.065625
0 0.0984375 0.71640625 0.07890625 0.0640625
0 0.02890625 0.7140625 0.053125 0.06171875
0 0.0296875 0.7984375 0.05703125 0.07421875
0 0.34765625 0.8484375 0.04921875 0.07109375
0 0.1890625 0.85546875 0.0578125 0.06953125
0 0.29375 0.8515625 0.05234375 0.0765625
0 0.18828125 0.7609375 0.05390625 0.09375
0 0.11015625 0.87890625 0.08828125 0.0625
0 0.24296875 0.7609375 0.05703125 0.09375
0 0.69765625 0.76015625 0.0546875 0.08984375
0 0.35625 0.75625 0.05546875 0.09453125
0 0.409375 0.75703125 0.0515625 0.096875
0 0.46484375 0.75625 0.05859375 0.096875
0 0.525 0.7546875 0.0609375 0.09453125
0 0.58515625 0.75703125 0.059375 0.08984375
0 0.64140625 0.75390625 0.05234375 0.08359375
0 0.75078125 0.7578125 0.05234375 0.0859375
0 0.79921875 0.75703125 0.04609375 0.08984375
0 0.45 0.85 0.05078125 0.06171875
0 0.309375 0.753125 0.0390625 0.1
0 0.1703125 0.65390625 0.05 0.075
0 0.38828125 0.965625 0.0734375 0.0609375
0 0.59453125 0.8515625 0.05703125 0.06484375
0 0.03359375 0.975 0.06640625 0.04609375
0 0.11015625 0.9703125 0.0828125 0.059375
0 0.203125 0.97265625 0.08203125 0.05
0 0.3 0.96640625 0.1015625 0.0625
0 0.859375 0.73828125 0.06875 0.084375
0 0.475 0.97421875 0.08203125 0.04609375
0 0.55859375 0.9609375 0.06796875 0.07421875
0 0.62890625 0.96015625 0.07265625 0.0734375
0 0.72109375 0.96875 0.0765625 0.05859375
0 0.50625 0.85078125 0.06328125 0.059375
0 0.79921875 0.97265625 0.0703125 0.053125
0 0.871875 0.98359375 0.05390625 0.0296875
0 0.221875 0.6546875 0.05078125 0.07109375
0 0.98125 0.8546875 0.0375 0.0703125
0 0.92734375 0.85859375 0.06484375 0.06640625
0 0.8609375 0.8578125 0.065625 0.065625
0 0.80234375 0.85546875 0.053125 0.06953125
0 0.75234375 0.85234375 0.0453125 0.0625
0 0.7046875 0.84921875 0.04921875 0.0671875
0 0.6546875 0.85 0.05 0.06796875
0 0.86875 0.9421875 0.0609375 0.0515625
0 0.93671875 0.7328125 0.07265625 0.09140625
0 0.9375 0.9796875 0.0640625 0.03828125
0 0.57578125 0.4921875 0.065625 0.034375
0 0.37265625 0.49375 0.0671875 0.03828125
0 0.4359375 0.48984375 0.05625 0.0421875
0 0.4890625 0.478125 0.04921875 0.05703125
0 0.94140625 0.6203125 0.0734375 0.090625
0 0.575 0.45859375 0.0671875 0.0328125
0 0.63984375 0.4921875 0.05703125 0.03125
0 0.70234375 0.4890625 0.06953125 0.03671875
0 0.41015625 0.4546875 0.05078125 0.02734375
0 0.35078125 0.4578125 0.06796875 0.0328125
0 0.090625 0.40859375 0.0859375 0.065625
0 0.02421875 0.409375 0.04609375 0.0671875
0 0.24296875 0.3875 0.06328125 0.0671875
0 0.3046875 0.3859375 0.06015625 0.065625
0 0.3640625 0.3859375 0.0578125 0.0671875
0 0.4265625 0.3859375 0.06640625 0.06796875
0 0.56640625 0.38671875 0.06640625 0.0640625
0 0.70703125 0.38359375 0.06796875 0.06796875
0 0.30703125 0.49296875 0.06484375 0.034375
0 0.2421875 0.4921875 0.0640625 0.034375
0 0.1765625 0.49375 0.06640625 0.03515625
0 0.109375 0.49453125 0.0578125 0.059375
0 0.09375 0.63046875 0.0890625 0.0453125
0 0.02421875 0.6296875 0.04765625 0.04140625
0 0.07578125 0.56796875 0.06015625 0.025
0 0.14609375 0.5703125 0.08046875 0.0296875
0 0.34296875 0.5578125 0.04296875 0.06796875
0 0.38359375 0.55859375 0.03828125 0.06953125
0 0.47578125 0.55859375 0.04296875 0.065625
0 0.51953125 0.55859375 0.04453125 0.06484375
0 0.76328125 0.384375 0.04453125 0.06796875
0 0.559375 0.5578125 0.03515625 0.06640625
0 0.65234375 0.56171875 0.0453125 0.06640625
0 0.6984375 0.5625 0.04921875 0.0671875
0 0.77421875 0.578125 0.071875 0.028125
0 0.77265625 0.53984375 0.06015625 0.0421875
0 0.8765625 0.5109375 0.07265625 0.103125
0 0.95234375 0.51015625 0.078125 0.10234375
0 0.03515625 0.50625 0.06796875 0.07578125
0 0.11640625 0.5375 0.06953125 0.0203125
0 0.60625 0.571875 0.046875 0.0453125
0 0.81171875 0.384375 0.053125 0.06875
0 0.4765625 0.65 0.05546875 0.078125
0 0.94296875 0.38828125 0.08515625 0.1
0 0.31953125 0.0859375 0.05625 0.05
0 0.375 0.0765625 0.0578125 0.07421875
0 0.3765625 0.146875 0.05625 0.06640625
0 0.42734375 0.14609375 0.04296875 0.0671875
0 0.434375 0.0859375 0.046875 0.05
0 0.48359375 0.14375 0.0515625 0.07421875
0 0.57578125 0.13515625 0.06328125 0.08671875
0 0.63515625 0.1359375 0.0546875 0.0875
0 0.6890625 0.13515625 0.0515625 0.0875
0 0.73828125 0.1484375 0.04140625 0.0546875
0 0.8515625 0.16015625 0.07734375 0.0296875
0 0.31796875 0.14453125 0.0546875 0.06640625
0 0.85078125 0.12890625 0.07734375 0.03203125
0 0.91953125 0.16015625 0.05546875 0.02734375
0 0.975 0.13125 0.05 0.08125
0 0.2828125 0.6546875 0.05 0.07265625
0 0.421875 0.65 0.053125 0.07890625
0 0.5296875 0.65078125 0.05078125 0.07890625
0 0.58125 0.64921875 0.05 0.08203125
0 0.64375 0.6484375 0.06328125 0.08203125
0 0.871875 0.3875 0.05859375 0.103125
0 0.75859375 0.646875 0.04921875 0.07890625
0 0.8078125 0.66484375 0.046875 0.04296875
0 0.87109375 0.62265625 0.06796875 0.0953125
0 0.91796875 0.1265625 0.0578125 0.04140625
0 0.203125 0.153125 0.0546875 0.05
0 0.703125 0.6484375 0.05546875 0.08203125
0 0.896875 0.28984375 0.09609375 0.065625
0 0.97578125 0.2921875 0.046875 0.0640625
0 0.0390625 0.296875 0.07734375 0.06328125
0 0.1046875 0.24921875 0.08359375 0.028125
0 0.1203125 0.29609375 0.0859375 0.065625
0 0.3 0.2984375 0.09453125 0.06484375
0 0.20859375 0.29765625 0.0859375 0.06328125