0 0.1625 0.70078125 0.13984375 0.02421875
0 0.1625 0.67578125 0.13828125 0.02578125
0 0.559375 0.91484375 0.1265625 0.0203125
0 0.81875 0.81484375 0.109375 0.01953125
0 0.9421875 0.85703125 0.115625 0.0140625
0 0.81171875 0.9328125 0.1203125 0.0140625
0 0.8109375 0.915625 0.1203125 0.01875
0 0.815625 0.89765625 0.11015625 0.0171875
0 0.81640625 0.878125 0.1125 0.0203125
0 0.68828125 0.93359375 0.12421875 0.01640625
0 0.68671875 0.9171875 0.1234375 0.0171875
0 0.69453125 0.896875 0.121875 0.01640625
0 0.69453125 0.878125 0.12109375 0.0171875
0 0.1734375 0.88359375 0.1328125 0.025
0 0.940625 0.8765625 0.11875 0.0234375
0 0.17109375 0.90625 0.1375 0.01953125
0 0.30390625 0.86796875 0.12421875 0.025
0 0.3046875 0.88984375 0.1265625 0.02109375
0 0.3046875 0.91015625 0.1265625 0.01875
0 0.303125 0.93046875 0.1234375 0.01875
0 0.4328125 0.8625 0.11953125 0.0171875
0 0.43125 0.8859375 0.12578125 0.02421875
0 0.43203125 0.91015625 0.12421875 0.02421875
0 0.43203125 0.93203125 0.12421875 0.01953125
0 0.565625 0.87109375 0.11796875 0.02265625
0 0.56484375 0.89375 0.115625 0.02109375
0 0.17265625 0.92734375 0.13828125 0.01953125
0 0.16015625 0.653125 0.140625 0.01875
0 0.940625 0.896875 0.11796875 0.0171875
0 0.93359375 0.934375 0.1234375 0.015625
0 0.81875 0.79609375 0.1109375 0.0171875
0 0.821875 0.77890625 0.10390625 0.01796875
0 0.821875 0.76015625 0.1046875 0.01953125
0 0.6984375 0.815625 0.1234375 0.015625
0 0.6984375 0.79765625 0.1265625 0.0203125
0 0.703125 0.77578125 0.115625 0.021875
0 0.565625 0.815625 0.13203125 0.02109375
0 0.56484375 0.79296875 0.13125 0.0234375
0 0.56953125 0.7671875 0.12421875 0.02734375
0 0.57734375 0.74375 0.14453125 0.01171875
0 0.9359375 0.915625 0.12734375 0.01875
0 0.425 0.8171875 0.1328125 0.0171875
0 0.43125 0.77109375 0.12421875 0.02578125
0 0.43125 0.7421875 0.1328125 0.0109375
0 0.290625 0.81484375 0.12734375 0.01796875
0 0.290625 0.790625 0.12890625 0.02734375
0 0.2953125 0.7671875 0.1203125 0.0203125
0 0.29609375 0.7421875 0.128125 0.015625
0 0.153125 0.815625 0.14609375 0.015625
0 0.30234375 0.65703125 0.12890625 0.02265625
0 0.55859375 0.9359375 0.12734375 0.01953125
0 0.159375 0.775 0.1234375 0.021875
0 0.42578125 0.79609375 0.134375 0.0234375
0 0.3015625 0.68046875 0.1328125 0.0203125
0 0.4265625 0.17890625 0.13515625 0.03125
0 0.44453125 0.6546875 0.13125 0.01796875
0 0.30859375 0.3734375 0.12890625 0.0296875
0 0.30546875 0.39765625 0.13359375 0.01875
0 0.3046875 0.42109375 0.1328125 0.025
0 0.4484375 0.421875 0.14609375 0.02421875
0 0.45234375 0.3953125 0.15 0.02734375
0 0.59609375 0.42578125 0.1453125 0.03046875
0 0.74375 0.39921875 0.1421875 0.028125
0 0.74453125 0.428125 0.14453125 0.0296875
0 0.85625 0.43125 0.07890625 0.02265625
0 0.1640625 0.41796875 0.14921875 0.02734375
0 0.8578125 0.4078125 0.07890625 0.0234375
0 0.91640625 0.8015625 0.07890625 0.03203125
0 0.91640625 0.7671875 0.07578125 0.0328125
0 0.91796875 0.71640625 0.0796875 0.0671875
0 0.925 0.61015625 0.07734375 0.12578125
0 0.921875 0.49921875 0.08984375 0.05859375
0 0.94140625 0.440625 0.08515625 0.04375
0 0.94921875 0.36875 0.07890625 0.0765625
0 0.1484375 0.2609375 0.12890625 0.015625
0 0.146875 0.28125 0.12578125 0.025
0 0.8609375 0.38515625 0.08515625 0.02109375
0 0.16328125 0.39375 0.146875 0.02109375
0 0.1625 0.3671875 0.1453125 0.03359375
0 0.83203125 0.52578125 0.0921875 0.01953125
0 0.7078125 0.5734375 0.1234375 0.02421875
0 0.70546875 0.5953125 0.12890625 0.0203125
0 0.703125 0.61640625 0.1234375 0.02109375
0 0.82890625 0.59765625 0.115625 0.0203125
0 0.828125 0.61875 0.11328125 0.0203125
0 0.16328125 0.465625 0.1546875 0.028125
0 0.1640625 0.49375 0.1546875 0.025
0 0.16328125 0.51875 0.15078125 0.0265625
0 0.30703125 0.471875 0.13125 0.02578125
0 0.30859375 0.49609375 0.1296875 0.021875
0 0.30859375 0.51953125 0.13125 0.02421875
0 0.44140625 0.47734375 0.128125 0.0296875
0 0.44140625 0.50078125 0.128125 0.0171875
0 0.44140625 0.52109375 0.128125 0.02109375
0 0.575 0.475 0.1328125 0.0171875
0 0.5734375 0.51015625 0.13203125 0.04921875
0 0.71640625 0.5234375 0.12734375 0.02109375
0 0.71640625 0.5015625 0.12890625 0.02265625
0 0.71953125 0.4796875 0.134375 0.01953125
0 0.83359375 0.48203125 0.08984375 0.02421875
0 0.83203125 0.5046875 0.090625 0.02109375
0 0.14609375 0.303125 0.128125 0.01875
0 0.1453125 0.32265625 0.12421875 0.01875
0 0.2828125 0.27578125 0.1359375 0.02421875
0 0.2828125 0.2984375 0.1359375 0.01953125
0 0.8609375 0.2 0.09921875 0.03046875
0 0.95546875 0.21171875 0.07734375 0.140625
0 0.1546875 0.05 0.13046875 0.02109375
0 0.1546875 0.06875 0.13046875 0.01484375
0 0.15625 0.0890625 0.13203125 0.02578125
0 0.2953125 0.06875 0.1359375 0.0203125
0 0.2953125 0.09296875 0.13515625 0.02890625
0 0.43828125 0.06171875 0.140625 0.02421875
0 0.440625 0.08828125 0.14140625 0.02734375
0 0.4421875 0.11875 0.14609375 0.03515625
0 0.5953125 0.090625 0.1578125 0.02734375
0 0.596875 0.1203125 0.15859375 0.03125
0 0.69375 0.1015625 0.034375 0.0703125
0 0.72578125 0.10390625 0.0296875 0.07421875
0 0.7609375 0.10390625 0.03828125 0.07421875
0 0.7953125 0.1046875 0.03046875 0.075
0 0.82890625 0.1046875 0.03671875 0.0765625
0 0.86328125 0.10390625 0.0328125 0.07578125
0 0.89765625 0.103125 0.03359375 0.078125
0 0.95546875 0.10078125 0.0796875 0.07421875
0 0.3015625 0.7015625 0.13203125 0.02265625
0 0.8609375 0.22890625 0.10078125 0.02734375
0 0.575 0.61484375 0.12265625 0.021875
0 0.734375 0.21171875 0.14921875 0.05390625
0 0.57265625 0.1984375 0.146875 0.02421875
0 0.2828125 0.3234375 0.13046875 0.02578125
0 0.425 0.2796875 0.1328125 0.02265625
0 0.42109375 0.30234375 0.140625 0.02109375
0 0.421875 0.3265625 0.1421875 0.025
0 0.56796875 0.2875 0.134375 0.01796875
0 0.56796875 0.3078125 0.13515625 0.0171875
0 0.575 0.32890625 0.1390625 0.0203125
0 0.71640625 0.27734375 0.146875 0.02109375
0 0.7234375 0.30390625 0.14921875 0.02578125
0 0.72109375 0.33125 0.15 0.025
0 0.853125 0.33359375 0.1046875 0.02265625
0 0.85234375 0.31171875 0.10234375 0.02109375
0 0.85546875 0.28671875 0.10625 0.028125
0 0.95703125 0.30703125 0.07890625 0.0375
0 0.15078125 0.1609375 0.121875 0.01953125
0 0.15 0.18046875 0.1296875 0.01875
0 0.1484375 0.19921875 0.12890625 0.0203125
0 0.29140625 0.19765625 0.12890625 0.02109375
0 0.4296875 0.20703125 0.12890625 0.02421875
0 0.4359375 0.228125 0.13984375 0.01953125
0 0.57421875 0.171875 0.13984375 0.02578125
0 0.5859375 0.22578125 0.15 0.0265625
0 0.575 0.59296875 0.12265625 0.021875
0 0.83046875 0.57421875 0.1125 0.02421875
0 0.31328125 0.56328125 0.13515625 0.025
0 0.58359375 0.675 0.1328125 0.02265625
0 0.4390625 0.70234375 0.1390625 0.021875
0 0.58125 0.6984375 0.13046875 0.025
0 0.7171875 0.6640625 0.12578125 0.02265625
0 0.715625 0.684375 0.13203125 0.0171875
0 0.5828125 0.571875 0.10546875 0.0171875
0 0.45 0.61171875 0.1203125 0.01953125
0 0.584375 0.65390625 0.12890625 0.01875
0 0.45078125 0.59140625 0.12421875 0.01796875
0 0.31484375 0.6109375 0.1390625 0.025
0 0.31328125 0.5875 0.1390625 0.02109375
0 0.715625 0.703125 0.13203125 0.0203125
0 0.16875 0.609375 0.1421875 0.02421875
0 0.16796875 0.5859375 0.140625 0.021875
0 0.16640625 0.56171875 0.140625 0.0234375
0 0.8296875 0.70703125 0.09296875 0.0203125
0 0.45078125 0.57109375 0.125 0.02109375
0 0.82734375 0.68671875 0.08828125 0.01953125
0 0.82890625 0.66484375 0.08671875 0.02265625
0 0.43984375 0.67734375 0.140625 0.02734375