0 0.77890625 0.2828125 0.025 0.0734375
0 0.81171875 0.28359375 0.03359375 0.06953125
0 0.85 0.284375 0.0359375 0.07109375
0 0.88671875 0.284375 0.0296875 0.06640625
0 0.23671875 0.271875 0.0328125 0.05859375
0 0.13828125 0.26640625 0.040625 0.0640625
0 0.18828125 0.2734375 0.03828125 0.0578125
0 0.74453125 0.284375 0.0328125 0.07109375
0 0.92421875 0.284375 0.034375 0.0640625
0 0.70859375 0.2859375 0.03046875 0.0703125
0 0.19375 0.565625 0.028125 0.0578125
0 0.7109375 0.23125 0.034375 0.02421875
0 0.665625 0.22734375 0.034375 0.02578125
0 0.42890625 0.19609375 0.278125 0.0765625
0 0.17265625 0.1765625 0.1125 0.10546875
0 0.83203125 0.37734375 0.0296875 0.046875
0 0.86796875 0.3765625 0.03203125 0.05078125
0 0.903125 0.37578125 0.02890625 0.046875
0 0.1484375 0.4765625 0.0328125 0.06484375
0 0.18515625 0.46875 0.03203125 0.05703125
0 0.2765625 0.27265625 0.03515625 0.06640625
0 0.67109375 0.2828125 0.0328125 0.07109375
0 0.31796875 0.271875 0.03984375 0.0703125
0 0.334375 0.36875 0.03671875 0.0515625
0 0.4046875 0.27421875 0.0390625 0.07265625
0 0.71953125 0.3828125 0.03125 0.07109375
0 0.68515625 0.38515625 0.0296875 0.0640625
0 0.6484375 0.38359375 0.0375 0.0671875
0 0.609375 0.384375 0.0328125 0.06875
0 0.57109375 0.371875 0.03203125 0.04765625
0 0.53125 0.3734375 0.034375 0.04921875
0 0.49375 0.37265625 0.0203125 0.046875
0 0.46015625 0.37265625 0.03515625 0.053125
0 0.42109375 0.3359375 0.034375 0.01328125
0 0.4203125 0.371875 0.03359375 0.04765625
0 0.38046875 0.37109375 0.0390625 0.05234375
0 0.2234375 0.47265625 0.03046875 0.04921875
0 0.2828125 0.36796875 0.05625 0.05390625
0 0.234375 0.37265625 0.0203125 0.05546875
0 0.2 0.37265625 0.03828125 0.06875
0 0.13984375 0.37421875 0.0484375 0.07109375
0 0.5984375 0.28515625 0.03125 0.05703125
0 0.56640625 0.28359375 0.03125 0.05078125
0 0.51640625 0.2765625 0.0328125 0.06796875
0 0.4796875 0.27578125 0.03359375 0.06953125
0 0.44296875 0.27265625 0.034375 0.07265625
0 0.3609375 0.27109375 0.0421875 0.07265625
0 0.15078125 0.5703125 0.04140625 0.07265625
0 0.2640625 0.46875 0.0140625 0.046875
0 0.3421875 0.4640625 0.02734375 0.05078125
0 0.22421875 0.665625 0.040625 0.0625
0 0.259375 0.65859375 0.01640625 0.06171875
0 0.29140625 0.66015625 0.03671875 0.05390625
0 0.3359375 0.659375 0.0359375 0.05703125
0 0.37421875 0.66484375 0.028125 0.06171875
0 0.4125 0.6703125 0.03046875 0.0625
0 0.1828125 0.66640625 0.0359375 0.065625
0 0.4515625 0.66796875 0.03046875 0.0640625
0 0.89375 0.4703125 0.03046875 0.04453125
0 0.56015625 0.66640625 0.02734375 0.0625
0 0.59609375 0.65390625 0.03125 0.04921875
0 0.63046875 0.653125 0.02890625 0.0484375
0 0.66171875 0.65390625 0.0265625 0.04921875
0 0.71484375 0.65078125 0.03515625 0.05
0 0.4859375 0.66875 0.0265625 0.05703125
0 0.7609375 0.6515625 0.0328125 0.04609375
0 0.14765625 0.6640625 0.02578125 0.06328125
0 0.80078125 0.559375 0.03671875 0.0609375
0 0.22734375 0.56640625 0.034375 0.0625
0 0.27265625 0.5703125 0.03515625 0.0640625
0 0.31015625 0.57109375 0.03671875 0.06796875
0 0.35078125 0.5671875 0.0359375 0.0640625
0 0.3859375 0.56484375 0.02578125 0.06015625
0 0.41953125 0.5625 0.03203125 0.0609375
0 0.84765625 0.56015625 0.040625 0.05625
0 0.4546875 0.56328125 0.0296875 0.0625
0 0.53671875 0.58671875 0.0296875 0.025
0 0.58828125 0.57421875 0.04375 0.025
0 0.628125 0.565625 0.021875 0.0640625
0 0.65703125 0.559375 0.01640625 0.05546875
0 0.70703125 0.57421875 0.0484375 0.025
0 0.75546875 0.5609375 0.034375 0.06953125
0 0.4921875 0.5703125 0.03828125 0.0671875
0 0.29375 0.46875 0.03359375 0.05078125
0 0.79453125 0.646875 0.03125 0.0609375
0 0.8671875 0.65546875 0.0296875 0.05234375
0 0.85859375 0.4703125 0.0328125 0.05
0 0.75625 0.38515625 0.03125 0.06640625
0 0.81171875 0.4703125 0.02578125 0.05078125
0 0.77421875 0.46640625 0.028125 0.0453125
0 0.7421875 0.46796875 0.02265625 0.04296875
0 0.71015625 0.48125 0.03359375 0.06796875
0 0.8203125 0.81484375 0.05859375 0.06171875
0 0.67734375 0.48125 0.02890625 0.065625
0 0.6046875 0.48125 0.03125 0.06171875
0 0.5703125 0.47109375 0.03125 0.0515625
0 0.53515625 0.47265625 0.03046875 0.0484375
0 0.4984375 0.47265625 0.03359375 0.05078125
0 0.434375 0.47265625 0.0375 0.04921875
0 0.39296875 0.471875 0.03203125 0.05390625
0 0.640625 0.48125 0.03046875 0.06171875
0 0.8328125 0.65546875 0.03046875 0.05625
0 0.7171875 0.834375 0.13359375 0.07421875
0 0.459375 0.8484375 0.11484375 0.0796875
0 0.153125 0.76328125 0.03671875 0.0515625
0 0.19375 0.75703125 0.025 0.05390625
0 0.22890625 0.7640625 0.0296875 0.046875
0 0.26484375 0.76640625 0.03125 0.0515625
0 0.303125 0.75234375 0.02734375 0.05703125
0 0.33984375 0.75859375 0.03046875 0.04296875
0 0.58046875 0.84453125 0.1171875 0.0734375
0 0.37578125 0.75625 0.03046875 0.04140625
0 0.4484375 0.7578125 0.02890625 0.04609375
0 0.54453125 0.76875 0.13515625 0.071875
0 0.68515625 0.75390625 0.1390625 0.0765625
0 0.82265625 0.74296875 0.12734375 0.06953125
0 0.1921875 0.85859375 0.08671875 0.08359375
0 0.32265625 0.85625 0.1390625 0.0859375
0 0.41171875 0.7546875 0.0359375 0.04375
0 0.52109375 0.665625 0.0390625 0.06015625
0 0.79296875 0.38515625 0.03203125 0.0671875