0 0.25625 0.715625 0.0703125 0.04296875
0 0.240625 0.5296875 0.02109375 0.078125
0 0.215625 0.53359375 0.025 0.075
0 0.053125 0.58828125 0.02421875 0.16015625
0 0.01875 0.60390625 0.03671875 0.153125
0 0.434375 0.3796875 0.015625 0.07421875
0 0.41796875 0.37890625 0.01015625 0.075
0 0.13203125 0.32734375 0.0125 0.0109375
0 0.36796875 0.38125 0.021875 0.08046875
0 0.33828125 0.7171875 0.0546875 0.04296875
0 0.159375 0.3234375 0.01640625 0.0109375
0 0.2609375 0.525 0.01953125 0.07109375
0 0.065625 0.20390625 0.06953125 0.1515625
0 0.3359375 0.671875 0.05078125 0.04140625
0 0.40078125 0.37890625 0.01875 0.07421875
0 0.26015625 0.7625 0.0640625 0.03828125
0 0.13125 0.19375 0.04375 0.1109375
0 0.3359375 0.621875 0.053125 0.05
0 0.22265625 0.38671875 0.02421875 0.096875
0 0.19921875 0.3859375 0.02421875 0.10390625
0 0.1640625 0.3859375 0.04140625 0.10546875
0 0.11640625 0.565625 0.08203125 0.13125
0 0.06796875 0.40234375 0.03203125 0.1546875
0 0.025 0.39921875 0.05 0.17265625
0 0.50625 0.24296875 0.02421875 0.0921875
0 0.2453125 0.38828125 0.01953125 0.096875
0 0.48046875 0.2390625 0.0234375 0.103125
0 0.428125 0.23125 0.02578125 0.109375
0 0.39765625 0.22578125 0.03359375 0.1140625
0 0.353125 0.21640625 0.02734375 0.1234375
0 0.321875 0.21015625 0.0296875 0.1265625
0 0.28828125 0.19921875 0.03671875 0.12890625
0 0.2390625 0.19296875 0.05703125 0.134375
0 0.18203125 0.1953125 0.04765625 0.128125
0 0.45546875 0.23515625 0.02734375 0.10625
0 0.265625 0.3890625 0.02109375 0.090625
0 0.2890625 0.3875 0.0171875 0.09375
0 0.315625 0.38515625 0.0203125 0.08828125
0 0.39609375 0.640625 0.0484375 0.0515625
0 0.21953125 0.3296875 0.01484375 0.01171875
0 0.24375 0.33125 0.0125 0.01328125
0 0.2609375 0.33046875 0.0109375 0.01171875
0 0.27890625 0.33125 0.015625 0.01328125
0 0.3015625 0.33125 0.0140625 0.009375
0 0.31484375 0.33125 0.01171875 0.01015625
0 0.33203125 0.33359375 0.01328125 0.00703125
0 0.33203125 0.31171875 0.01328125 0.0109375
0 0.30390625 0.309375 0.01875 0.0125
0 0.28203125 0.30703125 0.01484375 0.015625
0 0.26015625 0.30390625 0.01640625 0.01484375
0 0.24375 0.30546875 0.01640625 0.01484375
0 0.2171875 0.3015625 0.01796875 0.01328125
0 0.190625 0.30234375 0.01875 0.009375
0 0.15234375 0.29375 0.02109375 0.01640625
0 0.33828125 0.384375 0.01875 0.0859375
0 0.2578125 0.653125 0.10546875 0.053125
0 0.17265625 0.30234375 0.0140625 0.0109375
0 0.49453125 0.475 0.01796875 0.05234375
0 0.0484375 0.765625 0.046875 0.134375
0 0.0421875 0.93671875 0.040625 0.1265625
0 0.14140625 0.75 0.046875 0.109375
0 0.09453125 0.75 0.0421875 0.12265625
0 0.0796875 0.915625 0.0375 0.1203125
0 0.1265625 0.87734375 0.04375 0.053125
0 0.12421875 0.9328125 0.04296875 0.04375
0 0.165625 0.9140625 0.02890625 0.04375
0 0.26640625 0.87109375 0.05859375 0.0484375
0 0.26328125 0.815625 0.06953125 0.04140625
0 0.33515625 0.771875 0.06328125 0.05078125
0 0.3296875 0.81640625 0.0515625 0.03671875
0 0.16484375 0.8625 0.034375 0.05390625
0 0.5203125 0.47578125 0.0234375 0.053125
0 0.453125 0.49375 0.01875 0.0578125
0 0.41640625 0.496875 0.02421875 0.0609375
0 0.38046875 0.5015625 0.0203125 0.0640625
0 0.34609375 0.509375 0.01640625 0.06484375
0 0.32265625 0.5125 0.0203125 0.07109375
0 0.3046875 0.51640625 0.01953125 0.0671875
0 0.39609375 0.6875 0.05625 0.0359375
0 0.403125 0.734375 0.05625 0.03984375
0 0.2828125 0.51796875 0.01875 0.07109375
0 0.396875 0.7734375 0.06015625 0.03984375