0 0.578125 0.746875 0.0453125 0.0625
0 0.61875 0.7484375 0.02578125 0.0625
0 0.65390625 0.75 0.03828125 0.0578125
0 0.6953125 0.7515625 0.0421875 0.059375
0 0.7375 0.75390625 0.03515625 0.0546875
0 0.77421875 0.75625 0.03046875 0.04296875
0 0.91640625 0.74375 0.03125 0.0875
0 0.846875 0.740625 0.02734375 0.08125
0 0.88515625 0.73984375 0.03125 0.08125
0 0.94765625 0.74296875 0.02578125 0.0890625
0 0.534375 0.74765625 0.03359375 0.059375
0 0.98125 0.74296875 0.0375 0.0890625
0 0.02265625 0.86953125 0.0390625 0.05625
0 0.80859375 0.759375 0.03203125 0.03984375
0 0.46484375 0.74765625 0.03125 0.0546875
0 0.01953125 0.74609375 0.03203125 0.0578125
0 0.38828125 0.74921875 0.0375 0.05
0 0.34765625 0.7484375 0.03125 0.0546875
0 0.309375 0.74921875 0.0390625 0.05234375
0 0.26875 0.7484375 0.0359375 0.0515625
0 0.22265625 0.7484375 0.04609375 0.059375
0 0.178125 0.75 0.04140625 0.05625
0 0.13515625 0.7484375 0.03828125 0.05390625
0 0.0921875 0.74765625 0.04453125 0.0546875
0 0.8203125 0.659375 0.03515625 0.04609375
0 0.78359375 0.6578125 0.03359375 0.046875
0 0.746875 0.65859375 0.0328125 0.04765625
0 0.71015625 0.65859375 0.03046875 0.05
0 0.10078125 0.87265625 0.03125 0.059375
0 0.675 0.65703125 0.03203125 0.0484375
0 0.42734375 0.75078125 0.034375 0.05078125
0 0.13671875 0.8703125 0.03984375 0.0546875
0 0.846875 0.12109375 0.03984375 0.0640625
0 0.2125 0.8703125 0.03125 0.05546875
0 0.63671875 0.6546875 0.04140625 0.05234375
0 0.865625 0.33984375 0.02265625 0.103125
0 0.8984375 0.403125 0.0359375 0.04375
0 0.95234375 0.40546875 0.05234375 0.05625
0 0.884375 0.5046875 0.03359375 0.04375
0 0.95390625 0.5046875 0.06796875 0.04765625
0 0.9609375 0.63359375 0.04296875 0.0609375
0 0.921875 0.63125 0.02421875 0.065625
0 0.8953125 0.6421875 0.02265625 0.04375
0 0.86640625 0.6234375 0.02265625 0.08046875
0 0.959375 0.8625 0.03046875 0.078125
0 0.92734375 0.85859375 0.02734375 0.0828125
0 0.89375 0.86015625 0.0265625 0.084375
0 0.86171875 0.859375 0.03671875 0.0921875
0 0.17578125 0.86953125 0.0359375 0.05546875
0 0.82734375 0.8625 0.0265625 0.0890625
0 0.7546875 0.85625 0.03046875 0.0859375
0 0.709375 0.878125 0.0359375 0.053125
0 0.675 0.87734375 0.03046875 0.0578125
0 0.63984375 0.8765625 0.03359375 0.0546875
0 0.603125 0.875 0.03671875 0.0578125
0 0.5640625 0.87421875 0.040625 0.05625
0 0.52421875 0.871875 0.0359375 0.0609375
0 0.48984375 0.87109375 0.03125 0.059375
0 0.45546875 0.8671875 0.03125 0.06875
0 0.39375 0.86796875 0.03203125 0.06640625
0 0.3578125 0.8671875 0.03203125 0.06796875
0 0.3234375 0.8734375 0.03359375 0.05390625
0 0.2859375 0.87421875 0.034375 0.0515625
0 0.24921875 0.86875 0.03671875 0.05703125
0 0.78515625 0.86015625 0.03046875 0.078125
0 0.5953125 0.65625 0.034375 0.0515625
0 0.38828125 0.4453125 0.04140625 0.06640625
0 0.48046875 0.64921875 0.02890625 0.0484375
0 0.54921875 0.3453125 0.03671875 0.06640625
0 0.59453125 0.34375 0.04609375 0.06953125
0 0.6375 0.34609375 0.03515625 0.071875
0 0.6828125 0.346875 0.04296875 0.06953125
0 0.81484375 0.3515625 0.040625 0.06875
0 0.01328125 0.44296875 0.02265625 0.0609375
0 0.0484375 0.440625 0.0421875 0.065625
0 0.0953125 0.4421875 0.04453125 0.06796875
0 0.13828125 0.440625 0.03515625 0.0703125
0 0.1828125 0.446875 0.03359375 0.0671875
0 0.2171875 0.4453125 0.03359375 0.07109375
0 0.415625 0.340625 0.046875 0.06796875
0 0.2609375 0.44375 0.03359375 0.071875
0 0.34453125 0.4453125 0.03515625 0.0703125
0 0.43046875 0.4484375 0.03671875 0.0703125
0 0.55390625 0.6578125 0.04375 0.05
0 0.5125 0.446875 0.03203125 0.06875
0 0.55234375 0.4453125 0.046875 0.07109375
0 0.5984375 0.44765625 0.03359375 0.071875
0 0.6390625 0.44921875 0.04453125 0.06875
0 0.68046875 0.45078125 0.0359375 0.0703125
0 0.721875 0.4515625 0.040625 0.06875
0 0.7640625 0.453125 0.03671875 0.07265625
0 0.80625 0.45390625 0.04765625 0.0703125
0 0.3015625 0.44296875 0.03984375 0.0734375
0 0.846875 0.45546875 0.0328125 0.0765625
0 0.3703125 0.3375 0.04140625 0.07578125
0 0.28515625 0.33515625 0.03671875 0.075
0 0.19296875 0.22109375 0.05 0.08359375
0 0.24140625 0.225 0.046875 0.0765625
0 0.290625 0.2265625 0.04453125 0.08125
0 0.33828125 0.22890625 0.0453125 0.075
0 0.38359375 0.23125 0.040625 0.08046875
0 0.425 0.2296875 0.0390625 0.0828125
0 0.46875 0.228125 0.0390625 0.07890625
0 0.515625 0.23203125 0.05078125 0.0734375
0 0.5625 0.23203125 0.03984375 0.078125
0 0.61015625 0.234375 0.05234375 0.0765625
0 0.65703125 0.23515625 0.03515625 0.078125
0 0.32578125 0.33671875 0.0390625 0.0734375
0 0.7 0.23671875 0.04921875 0.07578125
0 0.78828125 0.23984375 0.04296875 0.071875
0 0.83203125 0.240625 0.0359375 0.078125
0 0.87734375 0.240625 0.04453125 0.078125
0 0.975 0.2953125 0.04921875 0.07734375
0 0.91875 0.3078125 0.0484375 0.05
0 0.0203125 0.33203125 0.03671875 0.0734375
0 0.06171875 0.33125 0.04140625 0.07578125
0 0.10703125 0.3328125 0.0484375 0.08125
0 0.1546875 0.3328125 0.04296875 0.08046875
0 0.2 0.33359375 0.0453125 0.08125
0 0.24375 0.334375 0.0390625 0.075
0 0.74609375 0.23828125 0.03671875 0.078125
0 0.03046875 0.53828125 0.0375 0.0703125
0 0.4703125 0.4484375 0.0453125 0.0703125
0 0.1109375 0.53671875 0.0421875 0.0671875
0 0.3609375 0.540625 0.03828125 0.06640625
0 0.403125 0.54375 0.03984375 0.0625
0 0.44140625 0.54375 0.0296875 0.0609375
0 0.47734375 0.54375 0.03671875 0.0625
0 0.515625 0.5453125 0.03515625 0.065625
0 0.596875 0.54765625 0.0375 0.0546875
0 0.63359375 0.5515625 0.0328125 0.06171875
0 0.06875 0.53828125 0.03671875 0.07109375
0 0.71875 0.55078125 0.028125 0.0640625
0 0.75703125 0.55078125 0.03828125 0.065625
0 0.79140625 0.55234375 0.02578125 0.0640625
0 0.3203125 0.540625 0.04140625 0.0640625
0 0.82890625 0.55234375 0.04375 0.0625
0 0.04921875 0.6484375 0.0375 0.0484375
0 0.08984375 0.65078125 0.04296875 0.0515625
0 0.13125 0.6515625 0.03359375 0.0484375
0 0.16796875 0.65234375 0.03671875 0.0484375
0 0.209375 0.65 0.03984375 0.05234375
0 0.25 0.6421875 0.03203125 0.065625
0 0.28515625 0.64609375 0.03359375 0.05859375
0 0.32421875 0.64765625 0.03984375 0.0546875
0 0.365625 0.6453125 0.03671875 0.0578125
0 0.403125 0.646875 0.03359375 0.059375
0 0.44140625 0.6453125 0.03515625 0.06171875
0 0.015625 0.64765625 0.028125 0.05
0 0.28046875 0.53828125 0.03359375 0.06875
0 0.67578125 0.55078125 0.04921875 0.0625
0 0.19921875 0.5390625 0.03984375 0.0625
0 0.15546875 0.5390625 0.040625 0.0625
0 0.05703125 0.0734375 0.0421875 0.11328125
0 0.240625 0.5375 0.0359375 0.065625
0 0.14140625 0.08359375 0.03125 0.09375
0 0.178125 0.08203125 0.0375 0.0953125
0 0.21875 0.084375 0.04140625 0.10234375
0 0.2625 0.0859375 0.04296875 0.1
0 0.303125 0.0921875 0.0359375 0.10390625
0 0.34140625 0.0875 0.0375 0.11328125
0 0.38046875 0.0859375 0.03515625 0.1109375
0 0.41953125 0.0875 0.0375 0.10859375
0 0.459375 0.08828125 0.03671875 0.10546875
0 0.4984375 0.090625 0.03359375 0.1046875
0 0.1015625 0.075 0.03984375 0.1078125
0 0.596875 0.1078125 0.0484375 0.06875
0 0.54375 0.1078125 0.05234375 0.06953125
0 0.10390625 0.221875 0.04140625 0.08203125
0 0.05703125 0.21796875 0.04140625 0.0796875
0 0.01796875 0.221875 0.03359375 0.075
0 0.9765625 0.171875 0.046875 0.0875
0 0.146875 0.22109375 0.03671875 0.0828125
0 0.796875 0.1171875 0.05390625 0.0625
0 0.74375 0.1171875 0.0484375 0.06484375
0 0.64921875 0.1109375 0.05390625 0.06328125
0 0.89453125 0.121875 0.05078125 0.0625