0 0.553125 0.79140625 0.03359375 0.040625
0 0.59296875 0.790625 0.0359375 0.04296875
0 0.34140625 0.778125 0.03125 0.0703125
0 0.5109375 0.803125 0.04453125 0.01875
0 0.46015625 0.803125 0.05078125 0.01875
0 0.4125 0.8046875 0.03828125 0.0171875
0 0.375 0.7796875 0.02890625 0.06875
0 0.6328125 0.78984375 0.03828125 0.04140625
0 0.26953125 0.51796875 0.03828125 0.059375
0 0.27578125 0.77734375 0.02890625 0.07578125
0 0.79296875 0.45859375 0.03671875 0.0515625
0 0.83046875 0.45859375 0.03359375 0.0546875
0 0.86796875 0.45859375 0.03203125 0.05234375
0 0.90390625 0.4640625 0.03046875 0.040625
0 0.9390625 0.4578125 0.0359375 0.05078125
0 0.97734375 0.45859375 0.03671875 0.053125
0 0.01484375 0.52578125 0.0296875 0.0421875
0 0.05703125 0.525 0.0375 0.040625
0 0.10234375 0.5203125 0.03359375 0.0484375
0 0.3078125 0.78125 0.03046875 0.065625
0 0.14375 0.5203125 0.03828125 0.05546875
0 0.22890625 0.51796875 0.0375 0.059375
0 0.67734375 0.8 0.04453125 0.015625
0 0.0140625 0.78125 0.028125 0.0765625
0 0.04765625 0.7796875 0.0328125 0.07578125
0 0.08671875 0.78046875 0.03828125 0.0734375
0 0.12578125 0.78046875 0.03203125 0.07265625
0 0.1609375 0.78046875 0.0328125 0.07265625
0 0.19921875 0.7796875 0.0359375 0.075
0 0.23828125 0.778125 0.03671875 0.075
0 0.184375 0.5203125 0.03828125 0.053125
0 0.7265625 0.765625 0.0515625 0.08125
0 0.3984375 0.515625 0.034375 0.0609375
0 0.8265625 0.765625 0.03828125 0.0796875
0 0.23359375 0.609375 0.0265625 0.04375
0 0.2625 0.60703125 0.02421875 0.046875
0 0.28984375 0.60703125 0.02578125 0.04609375
0 0.325 0.6015625 0.03828125 0.053125
0 0.3609375 0.60546875 0.02421875 0.0453125
0 0.38828125 0.603125 0.0265625 0.0484375
0 0.12265625 0.60703125 0.03203125 0.0453125
0 0.08515625 0.60703125 0.03203125 0.04609375
0 0.040625 0.6078125 0.04921875 0.04375
0 0.98515625 0.56328125 0.02890625 0.0625
0 0.9453125 0.55390625 0.03984375 0.0828125
0 0.9 0.553125 0.0390625 0.0828125
0 0.8546875 0.55390625 0.04609375 0.084375
0 0.8015625 0.55390625 0.05 0.08203125
0 0.746875 0.5546875 0.05 0.0828125
0 0.69375 0.51640625 0.04140625 0.059375
0 0.65 0.515625 0.03671875 0.0578125
0 0.87109375 0.7625 0.04609375 0.0796875
0 0.91953125 0.7625 0.04921875 0.08203125
0 0.97265625 0.77265625 0.0546875 0.0609375
0 0.41328125 0.76328125 0.040625 0.015625
0 0.75234375 0.453125 0.0375 0.059375
0 0.29453125 0.68046875 0.04140625 0.05625
0 0.7796875 0.76640625 0.0515625 0.08046875
0 0.3390625 0.68046875 0.0421875 0.05625
0 0.3546875 0.515625 0.0359375 0.059375
0 0.4390625 0.51640625 0.03515625 0.059375
0 0.4796875 0.51640625 0.03671875 0.06015625
0 0.521875 0.51640625 0.0359375 0.05859375
0 0.56484375 0.51640625 0.0375 0.06015625
0 0.60859375 0.51875 0.03515625 0.0546875
0 0.31171875 0.51875 0.0359375 0.05625
0 0.66484375 0.43671875 0.03671875 0.05625
0 0.70390625 0.3484375 0.06640625 0.0390625
0 0.57734375 0.4359375 0.03671875 0.0546875
0 0.25546875 0.25390625 0.02578125 0.04296875
0 0.228125 0.25390625 0.02421875 0.04296875
0 0.165625 0.2390625 0.09140625 0.071875
0 0.0734375 0.2375 0.08984375 0.07109375
0 0.89609375 0.659375 0.04765625 0.084375
0 0.84765625 0.66015625 0.03984375 0.0828125
0 0.8 0.659375 0.04609375 0.0828125
0 0.740625 0.659375 0.0546875 0.084375
0 0.69453125 0.678125 0.03125 0.05234375
0 0.66328125 0.678125 0.02578125 0.0515625
0 0.6328125 0.678125 0.02578125 0.0515625
0 0.596875 0.68515625 0.03984375 0.040625
0 0.55546875 0.6859375 0.03984375 0.0390625
0 0.51484375 0.6796875 0.03828125 0.05390625
0 0.47734375 0.68515625 0.02578125 0.03984375
0 0.4390625 0.68203125 0.0421875 0.0515625
0 0.4046875 0.69140625 0.02578125 0.034375
0 0.425 0.6 0.03828125 0.053125
0 0.5015625 0.60234375 0.03203125 0.0484375
0 0.5375 0.6015625 0.03515625 0.05078125
0 0.578125 0.6 0.04296875 0.05078125
0 0.61875 0.61953125 0.03515625 0.01640625
0 0.65390625 0.61875 0.02734375 0.0171875
0 0.29453125 0.25625 0.034375 0.04140625
0 0.68984375 0.6171875 0.0296875 0.0234375
0 0.08125 0.6859375 0.04140625 0.0484375
0 0.125 0.6859375 0.0421875 0.046875
0 0.1671875 0.6859375 0.040625 0.046875
0 0.21015625 0.684375 0.03671875 0.0484375
0 0.25078125 0.6859375 0.04140625 0.05
0 0.375 0.6921875 0.02421875 0.0296875
0 0.03984375 0.6859375 0.03828125 0.0515625
0 0.61953125 0.434375 0.03984375 0.065625
0 0.33046875 0.25625 0.03203125 0.040625
0 0.46171875 0.253125 0.07578125 0.046875
0 0.53203125 0.43203125 0.04375 0.065625
0 0.4859375 0.43046875 0.0421875 0.0625
0 0.43984375 0.4328125 0.03671875 0.06015625
0 0.39765625 0.434375 0.040625 0.06484375
0 0.35546875 0.43359375 0.03828125 0.059375
0 0.3125 0.428125 0.0375 0.0640625
0 0.2625 0.4296875 0.03984375 0.06796875
0 0.20234375 0.4265625 0.06953125 0.08046875
0 0.12890625 0.4265625 0.06640625 0.07265625
0 0.0421875 0.425 0.06796875 0.0703125
0 0.9640625 0.36953125 0.05703125 0.0390625
0 0.909375 0.36640625 0.0453125 0.04375
0 0.8609375 0.365625 0.04140625 0.04609375
0 0.8140625 0.36640625 0.0453125 0.046875
0 0.76484375 0.36328125 0.04609375 0.05390625
0 0.19609375 0.60625 0.03671875 0.0484375
0 0.62890625 0.33046875 0.071875 0.0625
0 0.5421875 0.253125 0.0734375 0.0453125
0 0.62109375 0.25625 0.06015625 0.0390625
0 0.70625 0.2578125 0.05859375 0.0390625
0 0.77734375 0.265625 0.0578125 0.06640625
0 0.834375 0.2671875 0.05390625 0.06171875
0 0.8921875 0.2671875 0.0515625 0.06640625
0 0.384375 0.2578125 0.07265625 0.04453125
0 0.9484375 0.2703125 0.0515625 0.06484375
0 0.1609375 0.32734375 0.08125 0.0671875
0 0.24765625 0.3296875 0.08359375 0.065625
0 0.33125 0.33125 0.07421875 0.0671875
0 0.41015625 0.33359375 0.07421875 0.0609375
0 0.48671875 0.34609375 0.06796875 0.040625
0 0.55546875 0.3484375 0.0671875 0.0359375
0 0.07734375 0.3265625 0.08125 0.065625
0 0.1578125 0.6078125 0.034375 0.046875