0 0.40078125 0.33359375 0.0765625 0.0296875
0 0.02265625 0.809375 0.0453125 0.06875
0 0.32578125 0.309375 0.071875 0.078125
0 0.26328125 0.2109375 0.06171875 0.0703125
0 0.2203125 0.309375 0.0328125 0.08125
0 0.45 0.415625 0.05625 0.07265625
0 0.50703125 0.41484375 0.05546875 0.07578125
0 0.94765625 0.41953125 0.0640625 0.05703125
0 0.9375 0.378125 0.0625 0.02734375
0 0.865625 0.4015625 0.0703125 0.08359375
0 0.771875 0.40390625 0.0703125 0.09453125
0 0.6515625 0.38359375 0.12578125 0.02734375
0 0.60546875 0.4109375 0.1390625 0.0234375
0 0.2640625 0.31015625 0.0515625 0.07734375
0 0.60703125 0.43671875 0.140625 0.02578125
0 0.97109375 0.26640625 0.0578125 0.0359375
0 0.821875 0.2953125 0.0765625 0.0875
0 0.7640625 0.2984375 0.0375 0.08984375
0 0.6875 0.3296875 0.11796875 0.02890625
0 0.6 0.30234375 0.05625 0.08671875
0 0.0296875 0.31171875 0.02734375 0.0796875
0 0.07578125 0.3078125 0.06171875 0.0875
0 0.15625 0.309375 0.071875 0.084375
0 0.965625 0.3125 0.06796875 0.05390625
0 0.8953125 0.303125 0.06484375 0.071875
0 0.7015625 0.203125 0.05703125 0.0796875
0 0.5078125 0.2078125 0.05390625 0.0734375
0 0.31796875 0.0484375 0.04375 0.04140625
0 0.37265625 0.04921875 0.06015625 0.03671875
0 0.3796875 0.01640625 0.06328125 0.028125
0 0.43203125 0.04765625 0.05234375 0.0390625
0 0.578125 0.03359375 0.04296875 0.0640625
0 0.62421875 0.0359375 0.05078125 0.06328125
0 0.26875 0.03671875 0.04375 0.06640625
0 0.93359375 0.03359375 0.0328125 0.06484375
0 0.8390625 0.03359375 0.0640625 0.06484375
0 0.76640625 0.03046875 0.08125 0.0609375
0 0.68984375 0.03359375 0.07578125 0.06484375
0 0.5328125 0.0328125 0.04375 0.065625
0 0.48359375 0.034375 0.04609375 0.06640625
0 0.01953125 0.52578125 0.03515625 0.0890625
0 0.89453125 0.0328125 0.04609375 0.0640625
0 0.21328125 0.03828125 0.06015625 0.0703125
0 0.14375 0.025 0.071875 0.0328125
0 0.14296875 0.05703125 0.0734375 0.03046875
0 0.45703125 0.1703125 0.04921875 0.0203125
0 0.565625 0.2078125 0.0578125 0.0734375
0 0.63515625 0.19765625 0.06796875 0.0921875
0 0.3875 0.41796875 0.06640625 0.07890625
0 0.759375 0.20078125 0.0546875 0.08203125
0 0.8171875 0.19765625 0.0609375 0.08515625
0 0.88046875 0.19609375 0.0640625 0.08515625
0 0.9375 0.19765625 0.04765625 0.0828125
0 0.98125 0.2 0.0375 0.07421875
0 0.95390625 0.14140625 0.04765625 0.0265625
0 0.96015625 0.121875 0.040625 0.0125
0 0.9484375 0.11015625 0.0453125 0.01171875
0 0.075 0.0625 0.05546875 0.02734375
0 0.0765625 0.034375 0.0546875 0.0296875
0 0.0234375 0.040625 0.046875 0.06875
0 0.4515625 0.21328125 0.059375 0.06328125
0 0.3234375 0.41953125 0.059375 0.07734375
0 0.06484375 0.7328125 0.03515625 0.05625
0 0.21328125 0.41796875 0.059375 0.07421875
0 0.41171875 0.8296875 0.03984375 0.07265625
0 0.3734375 0.8078125 0.034375 0.06796875
0 0.32578125 0.83203125 0.03984375 0.07265625
0 0.284375 0.8328125 0.04296875 0.0703125
0 0.246875 0.828125 0.0328125 0.071875
0 0.690625 0.725 0.0453125 0.06015625
0 0.63671875 0.72734375 0.06015625 0.05390625
0 0.453125 0.83125 0.0421875 0.07265625
0 0.02109375 0.728125 0.0421875 0.065625
0 0.165625 0.815625 0.02578125 0.08125
0 0.12578125 0.8234375 0.0515625 0.08984375
0 0.0765625 0.8234375 0.04296875 0.08828125
0 0.584375 0.628125 0.03984375 0.0796875
0 0.625 0.621875 0.0390625 0.0765625
0 0.66328125 0.62578125 0.03828125 0.08359375
0 0.696875 0.628125 0.02265625 0.08359375
0 0.20390625 0.8265625 0.04921875 0.090625
0 0.496875 0.82734375 0.03984375 0.07109375
0 0.5375 0.828125 0.03984375 0.071875
0 0.57890625 0.82890625 0.03671875 0.07578125
0 0.525 0.30546875 0.059375 0.0859375
0 0.46796875 0.3140625 0.05078125 0.06953125
0 0.39609375 0.303125 0.071875 0.0328125
0 0.74765625 0.72421875 0.05859375 0.06015625
0 0.8015625 0.7234375 0.04765625 0.0578125
0 0.85625 0.728125 0.04921875 0.06484375
0 0.89609375 0.72890625 0.01328125 0.04609375
0 0.98515625 0.72578125 0.0203125 0.05
0 0.953125 0.725 0.0296875 0.05078125
0 0.91796875 0.72421875 0.025 0.05078125
0 0.96171875 0.82421875 0.07578125 0.05859375
0 0.89609375 0.8109375 0.046875 0.0875
0 0.846875 0.81171875 0.04296875 0.0890625
0 0.7484375 0.80859375 0.02421875 0.08359375
0 0.71640625 0.81875 0.0390625 0.09375
0 0.65859375 0.81953125 0.04140625 0.0921875
0 0.61640625 0.815625 0.0390625 0.090625
0 0.72734375 0.628125 0.03515625 0.0796875
0 0.2671875 0.41640625 0.04921875 0.075
0 0.76796875 0.6296875 0.03515625 0.08046875
0 0.83984375 0.62734375 0.0359375 0.08203125
0 0.440625 0.72578125 0.0578125 0.05703125
0 0.37890625 0.728125 0.06015625 0.0546875
0 0.32265625 0.72734375 0.05 0.0546875
0 0.24921875 0.725 0.0375 0.05390625
0 0.21015625 0.7359375 0.025 0.04375
0 0.14921875 0.72421875 0.02578125 0.0359375
0 0.103125 0.73125 0.04296875 0.05546875
0 0.50390625 0.721875 0.06171875 0.0609375
0 0.3390625 0.2109375 0.0546875 0.07109375
0 0.20703125 0.521875 0.071875 0.1
0 0.27265625 0.52578125 0.05546875 0.0859375
0 0.34375 0.5203125 0.08359375 0.096875
0 0.4125 0.5203125 0.05078125 0.08046875
0 0.46953125 0.5203125 0.0578125 0.08203125
0 0.52578125 0.52109375 0.053125 0.0828125
0 0.08828125 0.4171875 0.075 0.08203125
0 0.140625 0.53203125 0.05234375 0.0796875
0 0.57265625 0.725 0.0640625 0.059375
0 0.03828125 0.63515625 0.03125 0.06875
0 0.0734375 0.63203125 0.03203125 0.05703125
0 0.87578125 0.63046875 0.03046875 0.07734375
0 0.91171875 0.6234375 0.02890625 0.08671875
0 0.9421875 0.6234375 0.03359375 0.08671875
0 0.97578125 0.6234375 0.03046875 0.08671875
0 0.96796875 0.52578125 0.04140625 0.06875
0 0.91953125 0.51875 0.0578125 0.0859375
0 0.7984375 0.5203125 0.0578125 0.08203125
0 0.725 0.52109375 0.08671875 0.08828125
0 0.64453125 0.52109375 0.0609375 0.08359375
0 0.07578125 0.5203125 0.06953125 0.0875
0 0.55078125 0.628125 0.02890625 0.08046875
0 0.50546875 0.6375 0.06015625 0.06171875
0 0.4515625 0.62890625 0.04296875 0.0859375
0 0.325 0.6359375 0.08671875 0.07734375
0 0.253125 0.6375 0.05703125 0.05859375
0 0.196875 0.63046875 0.0515625 0.06796875
0 0.13671875 0.6296875 0.06875 0.07265625
0 0.803125 0.628125 0.03671875 0.0796875
0 0.13671875 0.20703125 0.06484375 0.078125