0 0.55859375 0.86484375 0.071875 0.034375
0 0.5515625 0.821875 0.0734375 0.04765625
0 0.46484375 0.8578125 0.0609375 0.04296875
0 0.39375 0.85859375 0.05390625 0.04453125
0 0.95859375 0.7359375 0.0828125 0.03359375
0 0.9609375 0.7015625 0.07734375 0.0328125
0 0.82265625 0.71796875 0.06484375 0.04375
0 0.6296875 0.80703125 0.06875 0.04375
0 0.6203125 0.7328125 0.06015625 0.03671875
0 0.7546875 0.734375 0.0640625 0.0375
0 0.68984375 0.73046875 0.0640625 0.03359375
0 0.69140625 0.69453125 0.06640625 0.03125
0 0.61171875 0.69375 0.06015625 0.021875
0 0.46640625 0.73125 0.07421875 0.0171875
0 0.4703125 0.709375 0.08828125 0.01953125
0 0.46875 0.6859375 0.08515625 0.02265625
0 0.55078125 0.73671875 0.0671875 0.04140625
0 0.38046875 0.73125 0.08515625 0.0234375
0 0.63515625 0.8609375 0.06953125 0.0515625
0 0.7015625 0.84609375 0.06171875 0.04375
0 0.46484375 0.80234375 0.05625 0.040625
0 0.39375 0.803125 0.05390625 0.0390625
0 0.3078125 0.85703125 0.08515625 0.0671875
0 0.228125 0.84453125 0.05078125 0.04609375
0 0.1546875 0.8671875 0.06015625 0.05234375
0 0.08125 0.8640625 0.0640625 0.04453125
0 0.02421875 0.86015625 0.0453125 0.04765625
0 0.696875 0.8015625 0.05859375 0.0390625
0 0.3140625 0.79921875 0.06171875 0.0328125
0 0.17734375 0.7953125 0.0640625 0.02109375
0 0.10703125 0.79453125 0.06875 0.02421875
0 0.953125 0.79609375 0.06015625 0.0453125
0 0.9765625 0.853125 0.04609375 0.03046875
0 0.9140625 0.8390625 0.0546875 0.03984375
0 0.8484375 0.8515625 0.06015625 0.0546875
0 0.7765625 0.8484375 0.0671875 0.05703125
0 0.246875 0.79609375 0.05703125 0.02734375
0 0.37890625 0.70703125 0.08125 0.01796875
0 0.065625 0.709375 0.08359375 0.01953125
0 0.1671875 0.73203125 0.08984375 0.02421875
0 0.6296875 0.4453125 0.06875 0.0390625
0 0.56015625 0.446875 0.06484375 0.03671875
0 0.93359375 0.4046875 0.059375 0.03671875
0 0.38125 0.628125 0.07578125 0.03359375
0 0.465625 0.6296875 0.07265625 0.0296875
0 0.5546875 0.6078125 0.065625 0.0359375
0 0.625 0.60625 0.06953125 0.03671875
0 0.709375 0.44609375 0.0828125 0.03984375
0 0.69453125 0.60703125 0.05234375 0.040625
0 0.55390625 0.646875 0.06328125 0.03359375
0 0.6234375 0.64453125 0.06640625 0.03828125
0 0.69375 0.64375 0.06640625 0.03125
0 0.76796875 0.646875 0.075 0.028125
0 0.95859375 0.5953125 0.0828125 0.046875
0 0.9640625 0.63984375 0.071875 0.03671875
0 0.06796875 0.734375 0.084375 0.02890625
0 0.76640625 0.6046875 0.06171875 0.04140625
0 0.7890625 0.446875 0.0703125 0.0390625
0 0.8609375 0.446875 0.0640625 0.03828125
0 0.9390625 0.4453125 0.084375 0.0421875
0 0.17109375 0.7015625 0.103125 0.0296875
0 0.51015625 0.51640625 0.08984375 0.0734375
0 0.22578125 0.58984375 0.071875 0.0390625
0 0.30078125 0.58828125 0.065625 0.0421875
0 0.38046875 0.58828125 0.075 0.0421875
0 0.46796875 0.58828125 0.08671875 0.04453125
0 0.02265625 0.62265625 0.04296875 0.06171875
0 0.08125 0.63046875 0.05859375 0.0390625
0 0.1453125 0.628125 0.05703125 0.0421875
0 0.21640625 0.628125 0.0640625 0.034375
0 0.296875 0.6296875 0.0796875 0.0328125
0 0.421875 0.509375 0.0734375 0.07109375
0 0.346875 0.5109375 0.06484375 0.06875
0 0.275 0.52109375 0.071875 0.0546875
0 0.1984375 0.51015625 0.075 0.07265625
0 0.0921875 0.5296875 0.05390625 0.046875
0 0.01796875 0.515625 0.0265625 0.065625
0 0.08046875 0.684375 0.0734375 0.02578125
0 0.2765625 0.72890625 0.1109375 0.025
0 0.753125 0.6953125 0.0515625 0.028125
0 0.55078125 0.68984375 0.05078125 0.0328125
0 0.3921875 0.28515625 0.0765625 0.096875
0 0.4796875 0.29296875 0.075 0.08359375
0 0.9703125 0.3125 0.05859375 0.08359375
0 0.9109375 0.31953125 0.04921875 0.07109375
0 0.0578125 0.403125 0.1109375 0.08359375
0 0.190625 0.415625 0.0890625 0.0515625
0 0.30390625 0.27109375 0.0671875 0.0453125
0 0.2734375 0.41015625 0.0671875 0.07109375
0 0.39765625 0.40546875 0.0515625 0.07265625
0 0.44609375 0.40625 0.03359375 0.07421875
0 0.48203125 0.40546875 0.0328125 0.078125
0 0.54453125 0.4046875 0.0796875 0.04375
0 0.6296875 0.4046875 0.0640625 0.03828125
0 0.7078125 0.4078125 0.075 0.0359375
0 0.3375 0.4078125 0.0515625 0.07578125
0 0.66875 0.19375 0.084375 0.05078125
0 0.58125 0.1953125 0.08125 0.0515625
0 0.4828125 0.17265625 0.11796875 0.08984375
0 0.47890625 0.0296875 0.06953125 0.0578125
0 0.390625 0.0296875 0.1 0.05703125
0 0.29609375 0.02890625 0.078125 0.05625
0 0.209375 0.02578125 0.06484375 0.05078125
0 0.1296875 0.02734375 0.07265625 0.053125
0 0.0453125 0.02734375 0.08515625 0.053125
0 0.5515625 0.03046875 0.06875 0.05859375
0 0.64375 0.03515625 0.0859375 0.06796875
0 0.73046875 0.0328125 0.07734375 0.06328125
0 0.84765625 0.034375 0.14140625 0.0609375
0 0.9609375 0.03203125 0.07734375 0.0640625
0 0.153125 0.1625 0.078125 0.10234375
0 0.23515625 0.15546875 0.07578125 0.11953125
0 0.346875 0.1765625 0.11171875 0.0796875
0 0.36484375 0.11953125 0.11640625 0.0265625
0 0.7828125 0.40625 0.0671875 0.0359375
0 0.86328125 0.40703125 0.06875 0.0421875
0 0.07109375 0.15703125 0.07890625 0.10625
0 0.759375 0.196875 0.0890625 0.046875
0 0.875 0.14453125 0.096875 0.046875
0 0.95703125 0.1953125 0.0859375 0.05
0 0.06328125 0.28125 0.053125 0.1015625
0 0.12578125 0.3125 0.06484375 0.04140625
0 0.1984375 0.31171875 0.075 0.04296875
0 0.3078125 0.315625 0.0703125 0.040625
0 0.128125 0.26875 0.06484375 0.040625
0 0.19921875 0.26796875 0.06640625 0.0421875
0 0.85859375 0.196875 0.09453125 0.046875
0 0.76484375 0.1453125 0.09375 0.0578125