0 0.1828125 0.49921875 0.0578125 0.10859375
0 0.12890625 0.4984375 0.0515625 0.1078125
0 0.053125 0.475 0.04453125 0.1078125
0 0.0515625 0.59609375 0.04609375 0.103125
0 0.13515625 0.64921875 0.07890625 0.05
0 0.1375 0.596875 0.07578125 0.05078125
0 0.2140625 0.5984375 0.0734375 0.046875
0 0.21328125 0.646875 0.075 0.0484375
0 0.2875 0.5984375 0.06796875 0.05
0 0.2875 0.646875 0.06953125 0.0453125
0 0.0140625 0.475 0.028125 0.10625
0 0.040625 0.171875 0.04453125 0.08125
0 0.39375 0.36953125 0.053125 0.109375
0 0.95625 0.11171875 0.053125 0.0921875
0 0.91796875 0.1125 0.025 0.08828125
0 0.8796875 0.11171875 0.05078125 0.08515625
0 0.82890625 0.1109375 0.04765625 0.0875
0 0.77890625 0.1078125 0.04921875 0.0875
0 0.71953125 0.10390625 0.06171875 0.09140625
0 0.6484375 0.10390625 0.078125 0.0890625
0 0.5421875 0.1 0.0578125 0.08828125
0 0.4859375 0.096875 0.05390625 0.090625
0 0.42890625 0.09609375 0.059375 0.0859375
0 0.3734375 0.090625 0.05078125 0.090625
0 0.321875 0.090625 0.04921875 0.08984375
0 0.271875 0.090625 0.04921875 0.09140625
0 0.22109375 0.08828125 0.046875 0.090625
0 0.16484375 0.0859375 0.05546875 0.09453125
0 0.9515625 0.240625 0.05859375 0.1171875
0 0.109375 0.08671875 0.05234375 0.09296875
0 0.9 0.2453125 0.04296875 0.1078125
0 0.79765625 0.24140625 0.046875 0.1078125
0 0.34140625 0.36875 0.05078125 0.10859375
0 0.2890625 0.3671875 0.05234375 0.1140625
0 0.2296875 0.3640625 0.06015625 0.115625
0 0.0265625 0.3203125 0.053125 0.1140625
0 0.2328125 0.23125 0.05234375 0.10390625
0 0.28515625 0.23203125 0.05390625 0.103125
0 0.3359375 0.2328125 0.04609375 0.10546875
0 0.38359375 0.234375 0.04921875 0.1015625
0 0.4328125 0.2359375 0.04765625 0.103125
0 0.4859375 0.234375 0.05546875 0.1046875
0 0.54140625 0.23671875 0.05546875 0.1078125
0 0.59140625 0.2375 0.04609375 0.109375
0 0.64453125 0.2375 0.05234375 0.1078125
0 0.696875 0.2390625 0.04921875 0.10859375
0 0.7484375 0.240625 0.05234375 0.10625
0 0.85078125 0.2453125 0.05546875 0.10625
0 0.35703125 0.5953125 0.06953125 0.05078125
0 0.975 0.7734375 0.05 0.0421875
0 0.4390625 0.6234375 0.0921875 0.0953125
0 0.409375 0.503125 0.0546875 0.1015625
0 0.459375 0.503125 0.0484375 0.1015625
0 0.51328125 0.5046875 0.05859375 0.1
0 0.56484375 0.50703125 0.04453125 0.1
0 0.61328125 0.50625 0.053125 0.10078125
0 0.6625 0.503125 0.04453125 0.10625
0 0.7078125 0.503125 0.04765625 0.1078125
0 0.7546875 0.5046875 0.04375 0.11015625
0 0.80546875 0.5046875 0.05234375 0.11015625
0 0.8578125 0.503125 0.05078125 0.109375
0 0.35546875 0.50078125 0.05078125 0.1046875
0 0.9078125 0.5078125 0.0453125 0.10703125
0 0.98203125 0.38203125 0.0359375 0.1015625
0 0.93671875 0.384375 0.059375 0.096875
0 0.8859375 0.38046875 0.04296875 0.103125
0 0.83203125 0.38125 0.05859375 0.103125
0 0.4484375 0.37109375 0.05234375 0.1078125
0 0.1453125 0.8609375 0.07109375 0.0453125
0 0.21640625 0.8578125 0.07109375 0.0484375
0 0.21953125 0.90546875 0.0703125 0.0421875
0 0.14921875 0.90546875 0.07265625 0.0421875
0 0.309375 0.87578125 0.10078125 0.0984375
0 0.9578125 0.5078125 0.05078125 0.10625
0 0.409375 0.87578125 0.10078125 0.1
0 0.30234375 0.50234375 0.05546875 0.1046875
0 0.3578125 0.646875 0.06796875 0.0484375
0 0.9171875 0.771875 0.06171875 0.04296875
0 0.8546875 0.78203125 0.05546875 0.0234375
0 0.79765625 0.78203125 0.05546875 0.025
0 0.80078125 0.759375 0.05234375 0.021875
0 0.80078125 0.73671875 0.05390625 0.025
0 0.85703125 0.7328125 0.05546875 0.021875
0 0.8578125 0.75625 0.05390625 0.0234375
0 0.7375 0.771875 0.06640625 0.04296875
0 0.67109375 0.7734375 0.06875 0.0453125
0 0.58828125 0.7734375 0.09140625 0.04375
0 0.2484375 0.4984375 0.05390625 0.10859375
0 0.49765625 0.7734375 0.08984375 0.04453125
0 0.30234375 0.74921875 0.09296875 0.090625
0 0.215625 0.746875 0.07421875 0.096875
0 0.4984375 0.72734375 0.09140625 0.04375
0 0.590625 0.72734375 0.09296875 0.04375
0 0.671875 0.728125 0.06796875 0.0453125
0 0.740625 0.72734375 0.06640625 0.0453125
0 0.14296875 0.74921875 0.071875 0.0953125
0 0.04296875 0.74921875 0.0859375 0.08828125
0 0.0265625 0.8796875 0.053125 0.10546875
0 0.07578125 0.878125 0.0453125 0.109375
0 0.403125 0.75 0.09921875 0.09375
0 0.5375 0.88828125 0.0578125 0.021875
0 0.53984375 0.9125 0.05546875 0.025
0 0.5375 0.865625 0.059375 0.0203125
0 0.6015625 0.8453125 0.0578125 0.021875
0 0.60234375 0.86953125 0.05546875 0.0234375
0 0.59921875 0.89140625 0.05234375 0.0203125
0 0.596875 0.91328125 0.05390625 0.01953125
0 0.66015625 0.8828125 0.0609375 0.0859375
0 0.7203125 0.88125 0.0578125 0.08203125
0 0.8265625 0.878125 0.0921875 0.08359375
0 0.9125 0.87890625 0.08046875 0.08125
0 0.9171875 0.7265625 0.06171875 0.0453125
0 0.54140625 0.8421875 0.05546875 0.025
0 0.765625 0.88125 0.03125 0.07734375
0 0.97421875 0.7265625 0.0515625 0.046875
0 0.61796875 0.646875 0.07421875 0.0484375
0 0.61875 0.59921875 0.071875 0.04609375
0 0.68828125 0.59921875 0.06796875 0.0484375
0 0.6890625 0.6484375 0.06484375 0.04453125
0 0.53359375 0.62265625 0.09609375 0.0953125
0 0.815625 0.6390625 0.0609375 0.06796875
0 0.8765625 0.6375 0.05703125 0.0671875
0 0.9375 0.6390625 0.06484375 0.0640625
0 0.75546875 0.63828125 0.05859375 0.06875