0 0.03359375 0.7 0.040625 0.01953125
0 0.26015625 0.4421875 0.06171875 0.09375
0 0.44375 0.43984375 0.0578125 0.09375
0 0.384375 0.4421875 0.0578125 0.09375
0 0.3234375 0.44140625 0.06171875 0.09375
0 0.196875 0.440625 0.06171875 0.09375
0 0.1453125 0.43828125 0.0328125 0.0828125
0 0.065625 0.44140625 0.071875 0.0921875
0 0.98125 0.3390625 0.0375 0.07109375
0 0.9390625 0.340625 0.0375 0.07109375
0 0.89609375 0.340625 0.0375 0.07109375
0 0.85234375 0.34765625 0.04375 0.0625
0 0.5015625 0.44296875 0.0578125 0.09375
0 0.8046875 0.34609375 0.0484375 0.0625
0 0.53046875 0.34765625 0.0453125 0.0625
0 0.48125 0.34609375 0.04765625 0.065625
0 0.38046875 0.34921875 0.04765625 0.065625
0 0.3328125 0.34765625 0.0484375 0.065625
0 0.28046875 0.34765625 0.04765625 0.065625
0 0.23125 0.34765625 0.04765625 0.065625
0 0.17578125 0.3453125 0.04765625 0.065625
0 0.12265625 0.346875 0.04453125 0.06640625
0 0.075 0.3484375 0.04140625 0.06171875
0 0.03125 0.3484375 0.04140625 0.0625
0 0.5796875 0.3484375 0.0453125 0.06171875
0 0.97421875 0.24375 0.0390625 0.07421875
0 0.734375 0.4421875 0.06640625 0.09375
0 0.0734375 0.56015625 0.0640625 0.08828125
0 0.81171875 0.66640625 0.0671875 0.08828125
0 0.73984375 0.66640625 0.0671875 0.08828125
0 0.52109375 0.66796875 0.06484375 0.08203125
0 0.45703125 0.671875 0.0609375 0.08359375
0 0.39296875 0.671875 0.06015625 0.0859375
0 0.3328125 0.66953125 0.053125 0.08671875
0 0.27421875 0.66953125 0.05390625 0.08671875
0 0.21484375 0.66953125 0.053125 0.08671875
0 0.1546875 0.67265625 0.06171875 0.08671875
0 0.08984375 0.6703125 0.0640625 0.08671875
0 0.97265625 0.44453125 0.053125 0.08828125
0 0.02421875 0.67578125 0.0484375 0.0234375
0 0.91171875 0.55703125 0.0578125 0.08671875
0 0.846875 0.55625 0.0578125 0.08671875
0 0.01953125 0.59375 0.0390625 0.0625
0 0.54140625 0.55546875 0.06328125 0.08828125
0 0.47421875 0.55390625 0.06328125 0.08828125
0 0.4078125 0.55390625 0.06015625 0.0890625
0 0.346875 0.553125 0.0578125 0.0875
0 0.28828125 0.553125 0.05703125 0.0875
0 0.22265625 0.55546875 0.06640625 0.08984375
0 0.14453125 0.55859375 0.0671875 0.08984375
0 0.97109375 0.5546875 0.0578125 0.08671875
0 0.89296875 0.2390625 0.0515625 0.08125
0 0.43046875 0.3484375 0.04765625 0.065625
0 0.7421875 0.24140625 0.04609375 0.08203125
0 0.04453125 0.1375 0.0421875 0.08203125
0 0.9796875 0.03203125 0.040625 0.0640625
0 0.9328125 0.03203125 0.046875 0.0640625
0 0.88671875 0.03203125 0.04296875 0.0640625
0 0.834375 0.0328125 0.05625 0.065625
0 0.74921875 0.0328125 0.04609375 0.065625
0 0.66484375 0.03828125 0.03359375 0.05625
0 0.79375 0.24453125 0.0484375 0.07265625
0 0.6 0.03359375 0.0234375 0.0625
0 0.575 0.034375 0.0203125 0.0640625
0 0.54296875 0.03359375 0.0203125 0.0640625
0 0.52265625 0.03515625 0.01875 0.059375
0 0.4984375 0.0328125 0.01953125 0.065625
0 0.47734375 0.0328125 0.01953125 0.065625
0 0.446875 0.0328125 0.0375 0.065625
0 0.40625 0.0328125 0.0421875 0.065625
0 0.36015625 0.0328125 0.0421875 0.065625
0 0.31484375 0.03671875 0.04375 0.06015625
0 0.18359375 0.0328125 0.07421875 0.065625
0 0.11484375 0.04453125 0.05546875 0.01484375
0 0.11640625 0.06015625 0.05546875 0.01484375
0 0.0640625 0.034375 0.0359375 0.06796875
0 0.0203125 0.034375 0.040625 0.06875
0 0.01015625 0.1375 0.0203125 0.08125
0 0.0859375 0.13359375 0.0390625 0.08671875
0 0.63125 0.03828125 0.0296875 0.05703125
0 0.20078125 0.13671875 0.040625 0.084375
0 0.69140625 0.24140625 0.04609375 0.08203125
0 0.53515625 0.24296875 0.04609375 0.08203125
0 0.1546875 0.13671875 0.040625 0.084375
0 0.1515625 0.2390625 0.04609375 0.08359375
0 0.1046875 0.24140625 0.04296875 0.08359375
0 0.0578125 0.24140625 0.04375 0.08359375
0 0.0171875 0.24140625 0.034375 0.0828125
0 0.98359375 0.13203125 0.03203125 0.090625
0 0.94296875 0.1328125 0.0484375 0.08671875
0 0.890625 0.13359375 0.0484375 0.0859375
0 0.8046875 0.13203125 0.03828125 0.08984375
0 0.48359375 0.24375 0.04609375 0.08203125
0 0.6640625 0.134375 0.0484375 0.0890625
0 0.5828125 0.13515625 0.04375 0.08203125
0 0.5375 0.1375 0.040625 0.08203125
0 0.496875 0.13359375 0.03671875 0.08984375
0 0.42109375 0.1328125 0.0390625 0.09296875
0 0.3796875 0.13125 0.0390625 0.0921875
0 0.31953125 0.13828125 0.040625 0.08046875
0 0.76015625 0.13359375 0.040625 0.0953125
0 0.278125 0.13671875 0.03515625 0.08203125
0 0.240625 0.1375 0.03515625 0.08203125