0 0.65703125 0.4734375 0.0453125 0.0421875
0 0.65390625 0.51484375 0.04140625 0.03984375
0 0.60625 0.47421875 0.05 0.05078125
0 0.60859375 0.52109375 0.05078125 0.04453125
0 0.55703125 0.52265625 0.0453125 0.0453125
0 0.4484375 0.48828125 0.05234375 0.05390625
0 0.50625 0.47890625 0.05546875 0.05546875
0 0.4484375 0.53671875 0.05234375 0.0421875
0 0.70546875 0.4640625 0.04453125 0.0421875
0 0.5046875 0.52890625 0.05546875 0.04375
0 0.56015625 0.475 0.04453125 0.04921875
0 0.7046875 0.50859375 0.0515625 0.04296875
0 0.3875 0.490625 0.06328125 0.05078125
0 0.74765625 0.46328125 0.03515625 0.04375
0 0.70625 0.3875 0.02734375 0.0609375
0 0.6765625 0.3875 0.025 0.0546875
0 0.65546875 0.38671875 0.0171875 0.05859375
0 0.6328125 0.39140625 0.02734375 0.05234375
0 0.60234375 0.39140625 0.0328125 0.065625
0 0.575 0.39140625 0.021875 0.0640625
0 0.55078125 0.39453125 0.02890625 0.06796875
0 0.73125 0.3875 0.028125 0.0609375
0 0.52109375 0.39453125 0.02890625 0.06171875
0 0.8421875 0.32890625 0.021875 0.059375
0 0.8171875 0.3296875 0.03046875 0.05703125
0 0.7875 0.33203125 0.0203125 0.06015625
0 0.765625 0.33203125 0.02109375 0.0609375
0 0.74140625 0.328125 0.02890625 0.05390625
0 0.7125 0.3296875 0.0296875 0.05546875
0 0.2359375 0.4 0.034375 0.071875
0 0.8609375 0.33046875 0.01875 0.06015625
0 0.75390625 0.38828125 0.0171875 0.0609375
0 0.77734375 0.390625 0.02578125 0.05546875
0 0.7984375 0.3875 0.01875 0.05
0 0.7828125 0.45703125 0.03125 0.04296875
0 0.7859375 0.49921875 0.0359375 0.03828125
0 0.8234375 0.49609375 0.03984375 0.03515625
0 0.82421875 0.45390625 0.04140625 0.04921875
0 0.8609375 0.49375 0.034375 0.034375
0 0.865625 0.453125 0.0328125 0.03515625
0 0.9015625 0.4890625 0.03984375 0.03046875
0 0.90546875 0.45078125 0.03828125 0.0453125
0 0.93828125 0.48515625 0.0296875 0.0328125
0 0.975 0.48046875 0.03671875 0.03828125
0 0.9859375 0.36953125 0.025 0.06953125
0 0.95703125 0.36796875 0.0203125 0.06328125
0 0.94140625 0.3703125 0.0171875 0.06640625
0 0.91953125 0.37265625 0.02578125 0.07109375
0 0.8625 0.3890625 0.02109375 0.04765625
0 0.83984375 0.3859375 0.02578125 0.05234375
0 0.8171875 0.38671875 0.01875 0.05234375
0 0.75078125 0.50390625 0.034375 0.0375
0 0.390625 0.54140625 0.05859375 0.046875
0 0.62578125 0.73359375 0.040625 0.0296875
0 0.33125 0.5453125 0.05859375 0.05078125
0 0.71796875 0.71640625 0.0328125 0.03359375
0 0.71171875 0.753125 0.04453125 0.0390625
0 0.6671875 0.765625 0.034375 0.0328125
0 0.66953125 0.725 0.03203125 0.0390625
0 0.63125 0.6921875 0.046875 0.0453125
0 0.196875 0.39921875 0.04609375 0.08125
0 0.6203125 0.77109375 0.04609375 0.0375
0 0.5671875 0.7890625 0.04296875 0.02578125
0 0.72109375 0.67734375 0.0453125 0.04296875
0 0.57265625 0.74921875 0.0453125 0.0359375
0 0.52890625 0.709375 0.0453125 0.04609375
0 0.5203125 0.7546875 0.053125 0.0421875
0 0.51640625 0.79765625 0.05078125 0.0421875
0 0.46171875 0.8109375 0.053125 0.04765625
0 0.4625 0.76015625 0.053125 0.05078125
0 0.40859375 0.73203125 0.04921875 0.05234375
0 0.40625 0.778125 0.05625 0.03984375
0 0.40703125 0.8203125 0.053125 0.04453125
0 0.57734375 0.70078125 0.046875 0.0453125
0 0.34453125 0.83828125 0.06015625 0.03984375
0 0.7640625 0.67109375 0.0375 0.0421875
0 0.75859375 0.7453125 0.0421875 0.0359375
0 0.971875 0.7 0.03125 0.02578125
0 0.94609375 0.70390625 0.0203125 0.02421875
0 0.915625 0.7078125 0.0328125 0.028125
0 0.88203125 0.7171875 0.03125 0.03203125
0 0.8421875 0.7265625 0.0390625 0.03359375
0 0.84453125 0.696875 0.034375 0.02421875
0 0.88203125 0.68671875 0.034375 0.025
0 0.9171875 0.68046875 0.02421875 0.02265625
0 0.7609375 0.71015625 0.0359375 0.03203125
0 0.95390625 0.6734375 0.03515625 0.0265625
0 0.9875 0.6359375 0.02421875 0.0359375
0 0.95703125 0.63828125 0.03515625 0.0390625
0 0.92421875 0.64296875 0.0328125 0.0296875
0 0.88671875 0.6484375 0.04140625 0.0421875
0 0.84765625 0.65703125 0.0359375 0.03828125
0 0.809375 0.66171875 0.03984375 0.04375
0 0.80078125 0.7015625 0.03828125 0.034375
0 0.80078125 0.73515625 0.03515625 0.03515625
0 0.9859375 0.66875 0.02734375 0.02421875
0 0.34140625 0.79296875 0.0546875 0.04140625
0 0.33828125 0.74453125 0.0640625 0.0515625
0 0.26953125 0.75546875 0.0640625 0.05
0 0.46171875 0.6 0.0546875 0.03984375
0 0.46171875 0.6421875 0.05703125 0.04453125
0 0.40234375 0.6609375 0.04765625 0.02578125
0 0.3390625 0.66953125 0.05625 0.0375
0 0.36640625 0.6171875 0.05703125 0.05703125
0 0.275 0.67109375 0.0625 0.0578125
0 0.20859375 0.9078125 0.03828125 0.06015625
0 0.178125 0.85703125 0.08046875 0.025
0 0.51796875 0.590625 0.053125 0.05
0 0.08828125 0.95859375 0.0578125 0.07734375
0 0.0578125 0.8171875 0.115625 0.0484375
0 0.16484375 0.7609375 0.09453125 0.03203125
0 0.16015625 0.70390625 0.1265625 0.05859375
0 0.15546875 0.6390625 0.1203125 0.046875
0 0.14296875 0.56796875 0.1265625 0.07265625
0 0.1828125 0.50078125 0.06171875 0.0484375
0 0.2546875 0.4984375 0.059375 0.05078125
0 0.2625 0.55078125 0.071875 0.053125
0 0.0625 0.8859375 0.125 0.0484375
0 0.56875 0.5890625 0.04375 0.04765625
0 0.51796875 0.63828125 0.0515625 0.03671875
0 0.56796875 0.63203125 0.04609375 0.03984375
0 0.2703125 0.8015625 0.059375 0.03984375
0 0.278125 0.8484375 0.06484375 0.04765625
0 0.98671875 0.5703125 0.02578125 0.0265625
0 0.9515625 0.57421875 0.03984375 0.03046875
0 0.9859375 0.5375 0.02734375 0.03671875
0 0.940625 0.53984375 0.0578125 0.03828125
0 0.890625 0.5859375 0.046875 0.04296875
0 0.61953125 0.621875 0.0484375 0.04140625
0 0.66328125 0.615625 0.040625 0.034375
0 0.70625 0.609375 0.03671875 0.03515625
0 0.7546875 0.6015625 0.04296875 0.03671875
0 0.7984375 0.5953125 0.0390625 0.0328125
0 0.8421875 0.59296875 0.04609375 0.0375
0 0.84140625 0.553125 0.0484375 0.04296875
0 0.79609375 0.55859375 0.0328125 0.040625
0 0.753125 0.5625 0.046875 0.04375
0 0.7078125 0.5703125 0.04296875 0.04140625
0 0.66328125 0.575 0.0453125 0.0453125
0 0.61640625 0.58046875 0.0484375 0.04140625
0 0.32265625 0.49375 0.06015625 0.05390625
0 0.15546875 0.40234375 0.03671875 0.090625
0 0.17890625 0.80859375 0.08515625 0.028125
0 0.0828125 0.4078125 0.0375 0.08984375
0 0.653125 0.328125 0.02109375 0.0640625
0 0.62890625 0.328125 0.02265625 0.06328125
0 0.60546875 0.33046875 0.0203125 0.059375
0 0.23203125 0.3296875 0.03203125 0.0671875
0 0.55859375 0.33046875 0.0265625 0.05703125
0 0.5328125 0.32734375 0.02421875 0.06796875
0 0.50234375 0.32734375 0.0328125 0.06953125
0 0.490625 0.39296875 0.02734375 0.0609375
0 0.06796875 0.33125 0.0328125 0.06953125
0 0.103125 0.328125 0.03125 0.07109375
0 0.13984375 0.3265625 0.0328125 0.0609375
0 0.1765625 0.33125 0.03828125 0.05546875
0 0.11875 0.40703125 0.034375 0.0875
0 0.275 0.40546875 0.040625 0.08125
0 0.31015625 0.40234375 0.02890625 0.084375
0 0.34140625 0.40234375 0.03671875 0.08515625
0 0.3734375 0.40390625 0.02109375 0.0765625
0 0.3765625 0.3328125 0.02734375 0.0703125
0 0.4 0.4 0.03671875 0.06796875
0 0.43671875 0.40078125 0.03828125 0.0703125
0 0.465625 0.40078125 0.01875 0.07109375
0 0.46875 0.33046875 0.02265625 0.06796875
0 0.440625 0.33359375 0.034375 0.06875
0 0.40546875 0.33359375 0.03203125 0.0640625
0 0.3390625 0.3265625 0.03828125 0.0640625
0 0.30078125 0.32734375 0.0359375 0.071875
0 0.2640625 0.32890625 0.02890625 0.0640625
0 0.67578125 0.3296875 0.02734375 0.06328125
0 0.04609375 0.2046875 0.0734375 0.1578125
0 0.584375 0.33125 0.021875 0.0546875
0 0.71953125 0.22890625 0.05078125 0.12890625
0 0.9125 0.234375 0.021875 0.11953125
0 0.9453125 0.2390625 0.04296875 0.1109375
0 0.25 0.2046875 0.07734375 0.16640625
0 0.8 0.234375 0.040625 0.13203125
0 0.7625 0.2328125 0.034375 0.13515625
0 0.671875 0.2296875 0.04375 0.12890625
0 0.88046875 0.23671875 0.04375 0.12265625
0 0.6296875 0.23125 0.04296875 0.13125
0 0.58046875 0.2265625 0.0515625 0.140625
0 0.528125 0.22265625 0.053125 0.13359375
0 0.43125 0.21484375 0.059375 0.15234375
0 0.3703125 0.21328125 0.06171875 0.14765625
0 0.97890625 0.23984375 0.02578125 0.1140625
0 0.18125 0.203125 0.06015625 0.165625
0 0.028125 0.3734375 0.046875 0.14375
0 0.1171875 0.20625 0.06796875 0.159375
0 0.83984375 0.23359375 0.0375 0.12890625