0 0.065625 0.16328125 0.02890625 0.10546875
0 0.2765625 0.909375 0.22421875 0.18125
0 0.1328125 0.8609375 0.02734375 0.0640625
0 0.97265625 0.85625 0.03984375 0.07265625
0 0.0640625 0.8640625 0.03828125 0.05546875
0 0.0203125 0.85625 0.03828125 0.06796875
0 0.025 0.17890625 0.034375 0.07578125
0 0.1015625 0.8640625 0.03359375 0.05546875
0 0.01015625 0.2890625 0.01875 0.08984375
0 0.49140625 0.85546875 0.0359375 0.07265625
0 0.42109375 0.87578125 0.03359375 0.0296875
0 0.4203125 0.846875 0.034375 0.028125
0 0.4578125 0.85078125 0.0328125 0.0640625
0 0.528125 0.8453125 0.03046875 0.05390625
0 0.56171875 0.86015625 0.03671875 0.059375
0 0.6796875 0.83828125 0.02421875 0.04296875
0 0.59921875 0.85859375 0.02734375 0.05703125
0 0.64609375 0.8578125 0.03203125 0.0578125
0 0.25390625 0.25390625 0.0625 0.025
0 0.85 0.85625 0.0953125 0.06640625
0 0.35625 0.42265625 0.046875 0.08125
0 0.9359375 0.85546875 0.0296875 0.0734375
0 0.934375 0.64921875 0.0296875 0.08203125
0 0.834375 0.64921875 0.14140625 0.07421875
0 0.70703125 0.65 0.103125 0.07265625
0 0.63125 0.6453125 0.0421875 0.084375
0 0.5859375 0.64375 0.040625 0.08671875
0 0.5109375 0.64375 0.08671875 0.08125
0 0.371875 0.61953125 0.12421875 0.01796875
0 0.3765625 0.63671875 0.1515625 0.0140625
0 0.378125 0.65859375 0.14375 0.028125
0 0.27734375 0.67109375 0.05625 0.03828125
0 0.97421875 0.64765625 0.03671875 0.08359375
0 0.209375 0.62890625 0.05625 0.059375
0 0.115625 0.65859375 0.04609375 0.07578125
0 0.06875 0.66328125 0.04140625 0.0625
0 0.028125 0.66640625 0.040625 0.059375
0 0.93984375 0.55546875 0.0546875 0.03671875
0 0.98359375 0.553125 0.03125 0.0328125
0 0.984375 0.5171875 0.03046875 0.034375
0 0.93828125 0.51875 0.05 0.03515625
0 0.89453125 0.53515625 0.03203125 0.0703125
0 0.8546875 0.53671875 0.03984375 0.07421875
0 0.30546875 0.4234375 0.05 0.0796875
0 0.15703125 0.62421875 0.040625 0.0515625
0 0.77578125 0.5375 0.0375 0.075
0 0.01640625 0.75625 0.0328125 0.078125
0 0.09140625 0.76953125 0.0375 0.05546875
0 0.87578125 0.78359375 0.06328125 0.02578125
0 0.87265625 0.7484375 0.0609375 0.0421875
0 0.8 0.76171875 0.08203125 0.0671875
0 0.74140625 0.765625 0.0296875 0.059375
0 0.7046875 0.7640625 0.03515625 0.05703125
0 0.66796875 0.76328125 0.03515625 0.05859375
0 0.62109375 0.75390625 0.04609375 0.08359375
0 0.57421875 0.7546875 0.03671875 0.0828125
0 0.5359375 0.75703125 0.0375 0.084375
0 0.4859375 0.784375 0.04921875 0.03046875
0 0.05390625 0.771875 0.0359375 0.05078125
0 0.48359375 0.75234375 0.04765625 0.03203125
0 0.43671875 0.784375 0.04609375 0.0328125
0 0.3953125 0.7625 0.034375 0.0546875
0 0.359375 0.753125 0.03359375 0.03359375
0 0.32265625 0.74921875 0.0359375 0.0265625
0 0.28203125 0.74921875 0.040625 0.0265625
0 0.2375 0.74765625 0.03828125 0.03828125
0 0.20078125 0.75234375 0.0328125 0.0484375
0 0.1703125 0.75546875 0.02421875 0.06796875
0 0.13203125 0.76015625 0.04140625 0.06796875
0 0.96953125 0.75546875 0.040625 0.08125
0 0.4359375 0.74375 0.0453125 0.046875
0 0.71953125 0.53125 0.03828125 0.0796875
0 0.8140625 0.5359375 0.0328125 0.07265625
0 0.62890625 0.53828125 0.03671875 0.0703125
0 0.0375 0.3046875 0.03203125 0.05859375
0 0.065625 0.30546875 0.01953125 0.06796875
0 0.090625 0.2921875 0.02890625 0.08984375
0 0.125 0.2875 0.0375 0.096875
0 0.165625 0.2859375 0.04296875 0.09765625
0 0.22109375 0.28671875 0.06484375 0.0296875
0 0.290625 0.28359375 0.06640625 0.03359375
0 0.3609375 0.284375 0.06875 0.034375
0 0.3640625 0.3171875 0.06796875 0.0296875
0 0.29453125 0.31796875 0.0734375 0.03203125
0 0.221875 0.31953125 0.06328125 0.03125
0 0.49140625 0.2921875 0.046875 0.08125
0 0.54765625 0.28828125 0.04765625 0.08671875
0 0.63046875 0.2921875 0.05 0.07578125
0 0.7015625 0.28984375 0.04609375 0.08046875
0 0.79375 0.26875 0.125 0.115625
0 0.88359375 0.278125 0.04140625 0.09921875
0 0.92734375 0.2765625 0.040625 0.096875
0 0.97734375 0.27890625 0.03671875 0.10390625
0 0.0359375 0.43515625 0.05234375 0.05
0 0.1046875 0.41875 0.04765625 0.078125
0 0.15625 0.41640625 0.0515625 0.0828125
0 0.209375 0.42265625 0.04453125 0.07734375
0 0.25625 0.42265625 0.04140625 0.07734375
0 0.41328125 0.4203125 0.040625 0.08203125
0 0.45546875 0.4203125 0.03671875 0.08203125
0 0.50859375 0.38984375 0.0578125 0.04609375
0 0.50859375 0.4390625 0.06015625 0.05
0 0.60078125 0.43671875 0.1140625 0.05
0 0.590625 0.5375 0.03515625 0.06953125
0 0.52734375 0.553125 0.05703125 0.04609375
0 0.5265625 0.50703125 0.0640625 0.0421875
0 0.47265625 0.5296875 0.04375 0.08984375
0 0.425 0.53046875 0.04765625 0.08828125
0 0.36015625 0.5328125 0.04453125 0.0765625
0 0.1984375 0.53984375 0.05 0.0765625
0 0.15546875 0.5375 0.0296875 0.0765625
0 0.11484375 0.53828125 0.04765625 0.07421875
0 0.0578125 0.546875 0.046875 0.06640625
0 0.015625 0.546875 0.03125 0.065625
0 0.96484375 0.40703125 0.03125 0.09609375
0 0.67734375 0.53359375 0.03828125 0.0765625
0 0.840625 0.434375 0.0625 0.03984375
0 0.90546875 0.3921875 0.0578125 0.03984375
0 0.84375 0.3921875 0.0609375 0.03671875
0 0.83046875 0.35546875 0.059375 0.01875
0 0.7875 0.41171875 0.04140625 0.08984375
0 0.74453125 0.41328125 0.03828125 0.0875
0 0.59921875 0.38671875 0.1171875 0.04375
0 0.903125 0.43359375 0.059375 0.03984375
0 0.93125 0.7578125 0.0328125 0.07734375