0 0.93828125 0.915625 0.1234375 0.06796875
0 0.3109375 0.66640625 0.053125 0.109375
0 0.3703125 0.68359375 0.059375 0.07578125
0 0.446875 0.66640625 0.05546875 0.10546875
0 0.5140625 0.684375 0.0625 0.11796875
0 0.571875 0.6859375 0.04296875 0.121875
0 0.6140625 0.67890625 0.03828125 0.10859375
0 0.6578125 0.6984375 0.0390625 0.1140625
0 0.71015625 0.70234375 0.05234375 0.11484375
0 0.7625 0.69609375 0.04765625 0.11171875
0 0.821875 0.70625 0.05703125 0.11796875
0 0.03515625 0.36015625 0.04140625 0.04609375
0 0.0875 0.34609375 0.03203125 0.04921875
0 0.146875 0.35234375 0.059375 0.05703125
0 0.55859375 0.2375 0.059375 0.13203125
0 0.5015625 0.2359375 0.053125 0.13359375
0 0.44609375 0.23671875 0.0515625 0.1359375
0 0.371875 0.2109375 0.07890625 0.134375
0 0.3171875 0.2453125 0.02265625 0.13359375
0 0.2703125 0.25078125 0.0609375 0.1234375
0 0.2171875 0.25078125 0.04140625 0.1234375
0 0.165625 0.27109375 0.05546875 0.08359375
0 0.10390625 0.25390625 0.053125 0.075
0 0.03984375 0.25859375 0.06328125 0.06796875
0 0.25703125 0.6640625 0.05078125 0.1078125
0 0.2046875 0.6671875 0.03828125 0.10390625
0 0.1578125 0.66328125 0.04609375 0.09609375
0 0.1109375 0.7015625 0.04375 0.01953125
0 0.96796875 0.64765625 0.05234375 0.05234375
0 0.92734375 0.73984375 0.13125 0.08203125
0 0.69296875 0.38671875 0.06640625 0.14453125
0 0.79609375 0.87109375 0.04375 0.09765625
0 0.75 0.85703125 0.0453125 0.1234375
0 0.70703125 0.81640625 0.03984375 0.07890625
0 0.975 0.5421875 0.02578125 0.0484375
0 0.9421875 0.5421875 0.0265625 0.04765625
0 0.90390625 0.5359375 0.0265625 0.053125
0 0.87109375 0.534375 0.03203125 0.05546875
0 0.9875 0.4546875 0.025 0.06640625
0 0.07734375 0.14140625 0.04609375 0.059375
0 0.96484375 0.45859375 0.0140625 0.06328125
0 0.90703125 0.4546875 0.02109375 0.0640625
0 0.8828125 0.45390625 0.02578125 0.0625
0 0.97109375 0.3375 0.046875 0.09140625
0 0.9140625 0.33515625 0.06015625 0.0984375
0 0.97109375 0.1765625 0.0578125 0.0875
0 0.91328125 0.19375 0.04296875 0.05390625
0 0.853125 0.21796875 0.053125 0.14921875
0 0.80078125 0.22109375 0.0484375 0.1421875
0 0.7390625 0.22578125 0.06484375 0.1484375
0 0.675 0.2234375 0.0578125 0.15625
0 0.615625 0.234375 0.05234375 0.13359375
0 0.9375 0.46796875 0.0375 0.0984375
0 0.025 0.15234375 0.05 0.0640625
0 0.95234375 0.04140625 0.06015625 0.0828125
0 0.82421875 0.0515625 0.078125 0.10078125
0 0.38828125 0.39140625 0.05078125 0.128125
0 0.4421875 0.39296875 0.05625 0.13125
0 0.49921875 0.39609375 0.0546875 0.1234375
0 0.65234375 0.85234375 0.0609375 0.0921875
0 0.56015625 0.4015625 0.05625 0.11640625
0 0.828125 0.5484375 0.0453125 0.13125
0 0.7703125 0.55 0.06328125 0.11328125
0 0.71015625 0.54375 0.0484375 0.1265625
0 0.65390625 0.54140625 0.05703125 0.11875
0 0.5984375 0.546875 0.05234375 0.1125
0 0.546875 0.54296875 0.05078125 0.115625
0 0.3390625 0.4125 0.0453125 0.090625
0 0.49609375 0.5421875 0.0484375 0.115625
0 0.39609375 0.534375 0.04375 0.121875
0 0.3609375 0.52421875 0.015625 0.10390625
0 0.3 0.5359375 0.04375 0.10859375
0 0.2625 0.5203125 0.028125 0.10078125
0 0.19765625 0.53515625 0.04296875 0.06640625
0 0.15390625 0.54375 0.0328125 0.05078125
0 0.11796875 0.55390625 0.0375 0.059375
0 0.07578125 0.54921875 0.0390625 0.05546875
0 0.03359375 0.54921875 0.04453125 0.05703125
0 0.81953125 0.38828125 0.071875 0.13984375
0 0.7546875 0.38671875 0.0546875 0.1421875
0 0.44375 0.53984375 0.05078125 0.11015625
0 0.9203125 0.63203125 0.03359375 0.0953125
0 0.29609375 0.41171875 0.0359375 0.0921875
0 0.01953125 0.4484375 0.03515625 0.059375
0 0.753125 0.05234375 0.05859375 0.103125
0 0.6953125 0.0546875 0.0546875 0.10859375
0 0.63984375 0.0703125 0.04921875 0.0796875
0 0.5796875 0.05703125 0.071875 0.10703125
0 0.5296875 0.06796875 0.02734375 0.1109375
0 0.50703125 0.09765625 0.01953125 0.053125
0 0.4890625 0.0984375 0.01640625 0.05546875
0 0.46953125 0.10546875 0.01484375 0.04140625
0 0.44296875 0.1015625 0.0328125 0.0515625
0 0.409375 0.08203125 0.02890625 0.09140625
0 0.371875 0.07421875 0.04375 0.11640625
0 0.2859375 0.4578125 0.03125 0.00859375
0 0.32890625 0.0765625 0.04140625 0.1125
0 0.21796875 0.09453125 0.06484375 0.10234375
0 0.178125 0.103125 0.0140625 0.09140625
0 0.16171875 0.10859375 0.01015625 0.07421875
0 0.1203125 0.1328125 0.034375 0.03515625
0 0.11640625 0.08984375 0.04140625 0.03984375
0 0.25 0.3703125 0.05234375 0.03046875
0 0.16875 0.42265625 0.06328125 0.06640625
0 0.23125 0.4203125 0.05625 0.0703125
0 0.05703125 0.446875 0.034375 0.03515625
0 0.090625 0.44765625 0.03046875 0.03515625
0 0.121875 0.4453125 0.02578125 0.0515625
0 0.28203125 0.08515625 0.04921875 0.115625
0 0.87421875 0.609375 0.03125 0.08515625
0 0.6234375 0.3953125 0.0640625 0.13046875
0 0.08359375 0.76796875 0.0234375 0.08515625
0 0.1109375 0.68359375 0.040625 0.0140625
0 0.07421875 0.6625 0.02734375 0.0875
0 0.60390625 0.85078125 0.034375 0.09921875
0 0.54765625 0.83359375 0.075 0.1140625
0 0.48125 0.80859375 0.05546875 0.09765625
0 0.0390625 0.6796875 0.0328125 0.0484375
0 0.05234375 0.759375 0.03515625 0.07109375
0 0.1203125 0.790625 0.0484375 0.10234375
0 0.16796875 0.79765625 0.0421875 0.09765625
0 0.2140625 0.79375 0.040625 0.1171875
0 0.0109375 0.6546875 0.02109375 0.08359375
0 0.31484375 0.80625 0.0390625 0.1171875
0 0.36796875 0.8125 0.06015625 0.11875
0 0.4203125 0.81484375 0.03828125 0.10625
0 0.26484375 0.79921875 0.05625 0.11875