0 0.31796875 0.5875 0.01953125 0.071875
0 0.28984375 0.590625 0.02890625 0.075
0 0.25390625 0.590625 0.0328125 0.0765625
0 0.20859375 0.596875 0.01953125 0.078125
0 0.18515625 0.5875 0.0140625 0.08203125
0 0.02578125 0.5765625 0.0234375 0.0765625
0 0.334375 0.58671875 0.0140625 0.06796875
0 0.0109375 0.690625 0.01875 0.0703125
0 0.09765625 0.575 0.01484375 0.08046875
0 0.11875 0.571875 0.021875 0.0828125
0 0.12421875 0.45859375 0.02265625 0.0890625
0 0.03125 0.471875 0.01953125 0.05859375
0 0.05 0.4734375 0.01640625 0.05703125
0 0.0671875 0.4734375 0.015625 0.05703125
0 0.08125 0.5765625 0.01640625 0.071875
0 0.08359375 0.47265625 0.0171875 0.0609375
0 0.36015625 0.5859375 0.028125 0.07890625
0 0.42734375 0.58046875 0.01640625 0.07421875
0 0.828125 0.5828125 0.03203125 0.0734375
0 0.7953125 0.58515625 0.0265625 0.0671875
0 0.7625 0.5875 0.03359375 0.07265625
0 0.72890625 0.57890625 0.03046875 0.08359375
0 0.69921875 0.5765625 0.02578125 0.078125
0 0.66875 0.58125 0.02890625 0.0828125
0 0.396875 0.590625 0.0375 0.08125
0 0.6390625 0.58046875 0.025 0.08359375
0 0.58359375 0.5921875 0.02109375 0.05625
0 0.55625 0.58828125 0.02578125 0.0734375
0 0.52734375 0.58984375 0.02578125 0.0671875
0 0.5 0.59375 0.02578125 0.06640625
0 0.4703125 0.5921875 0.0328125 0.0609375
0 0.44453125 0.58359375 0.01640625 0.06953125
0 0.61171875 0.5921875 0.028125 0.06953125
0 0.1015625 0.47265625 0.0171875 0.0609375
0 0.015625 0.353125 0.01484375 0.05078125
0 0.0453125 0.35546875 0.0375 0.059375
0 0.86015625 0.3359375 0.03046875 0.08984375
0 0.88046875 0.1390625 0.028125 0.1828125
0 0.8375 0.13515625 0.0421875 0.19921875
0 0.78984375 0.1390625 0.04375 0.17578125
0 0.73828125 0.15390625 0.04609375 0.15703125
0 0.690625 0.146875 0.04765625 0.16171875
0 0.821875 0.33671875 0.03203125 0.0875
0 0.646875 0.15234375 0.034375 0.1546875
0 0.571875 0.1671875 0.0375 0.12890625
0 0.53359375 0.17421875 0.034375 0.1140625
0 0.5 0.184375 0.03203125 0.1015625
0 0.46328125 0.1640625 0.0328125 0.140625
0 0.43359375 0.165625 0.01953125 0.14609375
0 0.409375 0.175 0.021875 0.121875
0 0.60859375 0.165625 0.0359375 0.1296875
0 0.85703125 0.5921875 0.02265625 0.0859375
0 0.78046875 0.33515625 0.03515625 0.09453125
0 0.7046875 0.34375 0.02578125 0.071875
0 0.1046875 0.34453125 0.05390625 0.0765625
0 0.18125 0.3390625 0.06796875 0.103125
0 0.2421875 0.3484375 0.04375 0.07734375
0 0.290625 0.34296875 0.053125 0.10078125
0 0.35078125 0.34453125 0.06171875 0.09296875
0 0.39765625 0.3484375 0.02734375 0.08359375
0 0.73984375 0.33828125 0.034375 0.08359375
0 0.42734375 0.35 0.0296875 0.07734375
0 0.49375 0.34453125 0.04296875 0.09296875
0 0.52890625 0.35546875 0.025 0.06171875
0 0.5546875 0.35546875 0.02109375 0.06328125
0 0.578125 0.34375 0.021875 0.08125
0 0.61953125 0.33984375 0.05234375 0.08515625
0 0.6703125 0.34453125 0.0296875 0.07109375
0 0.4578125 0.34921875 0.02734375 0.0828125
0 0.38125 0.184375 0.02578125 0.1046875
0 0.8203125 0.68359375 0.02578125 0.0515625
0 0.78984375 0.68203125 0.028125 0.071875
0 0.15546875 0.83359375 0.0125 0.08359375
0 0.16953125 0.83046875 0.0109375 0.06953125
0 0.18671875 0.8359375 0.01328125 0.06171875
0 0.20390625 0.83046875 0.0140625 0.06953125
0 0.2203125 0.83125 0.01484375 0.07578125
0 0.2375 0.8296875 0.0171875 0.08125
0 0.14140625 0.8234375 0.01015625 0.08203125
0 0.2546875 0.834375 0.0171875 0.078125
0 0.28671875 0.8296875 0.0140625 0.0765625
0 0.30390625 0.83125 0.01796875 0.08828125
0 0.32109375 0.8265625 0.01328125 0.08515625
0 0.33984375 0.82734375 0.0171875 0.08515625
0 0.35859375 0.828125 0.01484375 0.0890625
0 0.37578125 0.83203125 0.015625 0.09453125
0 0.27265625 0.8265625 0.0125 0.08046875
0 0.3953125 0.82734375 0.01875 0.08125
0 0.12421875 0.83125 0.0171875 0.0765625
0 0.0890625 0.828125 0.0171875 0.0828125
0 0.184375 0.68515625 0.01171875 0.0578125
0 0.15546875 0.7015625 0.0140625 0.07734375
0 0.1375 0.7046875 0.01796875 0.0859375
0 0.11015625 0.69921875 0.01875 0.08203125
0 0.08984375 0.6984375 0.015625 0.078125
0 0.0734375 0.6984375 0.01640625 0.0796875
0 0.10703125 0.83125 0.01328125 0.07890625
0 0.05703125 0.696875 0.015625 0.07578125
0 0.028125 0.6875 0.015625 0.0734375
0 0.240625 0.68203125 0.025 0.06484375
0 0.0171875 0.828125 0.01875 0.08046875
0 0.0375 0.83203125 0.01875 0.0890625
0 0.0546875 0.8265625 0.0171875 0.09375
0 0.071875 0.8328125 0.01640625 0.084375
0 0.04375 0.6984375 0.0125 0.0859375
0 0.75859375 0.68515625 0.02109375 0.07734375
0 0.415625 0.84140625 0.01953125 0.06171875
0 0.46484375 0.81953125 0.02734375 0.1109375
0 0.36875 0.6859375 0.0125 0.0640625
0 0.3859375 0.68515625 0.021875 0.06640625
0 0.409375 0.68515625 0.01953125 0.06484375
0 0.46015625 0.68203125 0.01953125 0.05546875
0 0.4796875 0.6828125 0.0171875 0.06171875
0 0.49609375 0.6859375 0.01484375 0.0609375
0 0.353125 0.684375 0.0171875 0.0703125
0 0.52109375 0.6828125 0.02578125 0.06640625
0 0.58046875 0.6875 0.02421875 0.0609375
0 0.60859375 0.6859375 0.02578125 0.065625
0 0.6375 0.6890625 0.02890625 0.059375
0 0.66953125 0.68515625 0.03046875 0.0609375
0 0.69921875 0.6859375 0.034375 0.06640625
0 0.7328125 0.684375 0.028125 0.06875
0 0.5484375 0.6875 0.028125 0.06171875
0 0.4375 0.840625 0.01953125 0.06015625
0 0.33125 0.6859375 0.02265625 0.065625
0 0.271875 0.6890625 0.0296875 0.01171875
0 0.50078125 0.80703125 0.028125 0.1265625
0 0.54453125 0.7859375 0.0296875 0.03359375
0 0.5421875 0.821875 0.02890625 0.02265625
0 0.57890625 0.78046875 0.03515625 0.02421875
0 0.5796875 0.80703125 0.03203125 0.01953125
0 0.5859375 0.82578125 0.03125 0.01328125
0 0.2671875 0.66875 0.0234375 0.021875
0 0.62265625 0.8203125 0.03671875 0.0234375
0 0.66953125 0.8296875 0.03203125 0.015625
0 0.703125 0.79140625 0.03515625 0.08203125
0 0.746875 0.80234375 0.021875 0.06796875
0 0.78125 0.80390625 0.0265625 0.06953125
0 0.8203125 0.79921875 0.034375 0.0734375
0 0.27734375 0.71015625 0.03359375 0.01953125
0 0.66328125 0.8078125 0.03125 0.01796875
0 0.20078125 0.68671875 0.01953125 0.059375
0 0.35 0.18046875 0.02265625 0.1078125
0 0.28515625 0.19765625 0.01640625 0.084375
0 0.3234375 0.184375 0.02734375 0.10859375
0 0.01640625 0.253125 0.01640625 0.0546875
0 0.03671875 0.240625 0.01796875 0.0796875
0 0.05859375 0.2296875 0.025 0.09296875
0 0.0890625 0.2421875 0.0140625 0.07734375
0 0.21875 0.684375 0.0171875 0.06484375
0 0.11953125 0.24375 0.01484375 0.0625
0 0.1625 0.18046875 0.01796875 0.12109375
0 0.18828125 0.18125 0.02265625 0.13359375
0 0.22578125 0.17890625 0.02890625 0.12578125
0 0.1046875 0.23125 0.0140625 0.0953125
0 0.26015625 0.18359375 0.01953125 0.10859375