0 0.43984375 0.7125 0.11953125 0.025
0 0.43359375 0.73515625 0.1171875 0.01953125
0 0.4375 0.75625 0.1125 0.021875
0 0.153125 0.31015625 0.01484375 0.08046875
0 0.55625 0.73828125 0.11640625 0.02109375
0 0.55703125 0.75859375 0.11640625 0.01796875
0 0.69765625 0.78984375 0.12421875 0.02578125
0 0.70078125 0.8140625 0.12421875 0.021875
0 0.70234375 0.83828125 0.1265625 0.02265625
0 0.83203125 0.79765625 0.1234375 0.0203125
0 0.83125 0.81875 0.125 0.0234375
0 0.3171875 0.75234375 0.1203125 0.021875
0 0.559375 0.715625 0.1140625 0.0234375
0 0.3171875 0.73125 0.11640625 0.02265625
0 0.0796875 0.746875 0.1125 0.01953125
0 0.196875 0.728125 0.1171875 0.0265625
0 0.1984375 0.7515625 0.1171875 0.01875
0 0.31875 0.70859375 0.11640625 0.021875
0 0.165625 0.3109375 0.0125 0.08046875
0 0.83125 0.84140625 0.128125 0.0203125
0 0.28046875 0.3140625 0.01171875 0.0796875
0 0.2265625 0.3109375 0.01328125 0.078125
0 0.21328125 0.31328125 0.01171875 0.08203125
0 0.04453125 0.31015625 0.0109375 0.0828125
0 0.0578125 0.31171875 0.01328125 0.08359375
0 0.10078125 0.3125 0.0125 0.07890625
0 0.1125 0.31328125 0.01171875 0.078125
0 0.078125 0.72578125 0.11875 0.0234375
0 0.9828125 0.17421875 0.02734375 0.07890625
0 0.671875 0.1734375 0.02890625 0.08125
0 0.9140625 0.17578125 0.03046875 0.0734375
0 0.95 0.82109375 0.09921875 0.02109375
0 0.95 0.84375 0.0984375 0.01953125
0 0.7 0.671875 0.1234375 0.02421875
0 0.69921875 0.69375 0.12109375 0.02109375
0 0.82578125 0.6734375 0.11875 0.02421875
0 0.83203125 0.6984375 0.12578125 0.025
0 0.9453125 0.6703125 0.10859375 0.0265625
0 0.95 0.70078125 0.09921875 0.0203125
0 0.7015625 0.57109375 0.11953125 0.02421875
0 0.70390625 0.59375 0.11484375 0.0203125
0 0.8203125 0.57578125 0.11171875 0.0171875
0 0.8234375 0.59765625 0.1125 0.0203125
0 0.94375 0.57421875 0.1109375 0.0234375
0 0.94296875 0.59921875 0.1125 0.021875
0 0.7125 0.46796875 0.12265625 0.02421875
0 0.84921875 0.4734375 0.13515625 0.01953125
0 0.71328125 0.490625 0.121875 0.02109375
0 0.84609375 0.49375 0.1296875 0.02109375
0 0.95859375 0.4734375 0.08203125 0.02421875
0 0.95 0.7953125 0.09921875 0.021875
0 0.95234375 0.1765625 0.02890625 0.078125
0 0.9578125 0.49609375 0.0828125 0.0203125
0 0.8484375 0.5171875 0.128125 0.02265625
0 0.846875 0.16796875 0.103125 0.084375
0 0.775 0.17421875 0.03671875 0.07734375
0 0.7390625 0.17421875 0.0265625 0.08125
0 0.70390625 0.1734375 0.034375 0.0796875
0 0.2921875 0.31484375 0.0140625 0.08046875
0 0.95625 0.27578125 0.08359375 0.02109375
0 0.9515625 0.25078125 0.09609375 0.0203125
0 0.8484375 0.28125 0.11640625 0.0234375
0 0.83984375 0.2578125 0.11640625 0.02109375
0 0.71796875 0.27734375 0.1203125 0.01796875
0 0.71796875 0.25546875 0.11875 0.02265625
0 0.9625 0.39375 0.07421875 0.01796875
0 0.96328125 0.375 0.07265625 0.021875
0 0.9609375 0.353125 0.07421875 0.0203125
0 0.85625 0.38671875 0.13671875 0.02421875
0 0.85546875 0.3609375 0.12109375 0.02421875
0 0.72109375 0.38515625 0.12421875 0.0234375
0 0.71953125 0.359375 0.13046875 0.0234375
0 0.9578125 0.51953125 0.08359375 0.0203125
0 0.715625 0.51171875 0.12890625 0.01875
0 0.34140625 0.315625 0.01015625 0.0828125
0 0.596875 0.43203125 0.01171875 0.078125
0 0.39921875 0.31875 0.0109375 0.08203125
0 0.55078125 0.43046875 0.0125 0.08203125
0 0.51171875 0.43046875 0.01171875 0.08203125
0 0.49921875 0.4296875 0.01015625 0.08203125
0 0.4640625 0.4296875 0.01015625 0.07734375
0 0.44921875 0.43125 0.0140625 0.07890625
0 0.6015625 0.54453125 0.01015625 0.075
0 0.6125 0.54375 0.0109375 0.07265625
0 0.046875 0.6359375 0.01015625 0.071875
0 0.5640625 0.43203125 0.0125 0.08046875
0 0.06015625 0.63515625 0.00859375 0.0671875
0 0.11484375 0.6375 0.01015625 0.07421875
0 0.1609375 0.63515625 0.0109375 0.0703125
0 0.17265625 0.6359375 0.01328125 0.0703125
0 0.2203125 0.63828125 0.01015625 0.07109375
0 0.23046875 0.63828125 0.0109375 0.07109375
0 0.2765625 0.63984375 0.0109375 0.07265625
0 0.053125 0.528125 0.00703125 0.075
0 0.33359375 0.63828125 0.009375 0.07109375
0 0.1046875 0.6359375 0.0109375 0.07265625
0 0.565625 0.5421875 0.009375 0.07734375
0 0.55546875 0.54140625 0.01171875 0.0734375
0 0.5140625 0.5375 0.0109375 0.0734375
0 0.06171875 0.52734375 0.0078125 0.0734375
0 0.0859375 0.53125 0.01015625 0.0734375
0 0.0953125 0.53203125 0.00859375 0.0734375
0 0.1421875 0.53125 0.00859375 0.0734375
0 0.15234375 0.53046875 0.01328125 0.075
0 0.19296875 0.53203125 0.0078125 0.0765625
0 0.20390625 0.53203125 0.0140625 0.078125
0 0.23828125 0.53203125 0.0109375 0.07578125
0 0.2515625 0.5328125 0.009375 0.07578125
0 0.29140625 0.5359375 0.0125 0.07734375
0 0.30234375 0.5375 0.01015625 0.07421875
0 0.353125 0.315625 0.01171875 0.078125
0 0.3421875 0.53515625 0.00859375 0.071875
0 0.353125 0.53828125 0.0109375 0.06875
0 0.39296875 0.540625 0.0140625 0.07578125
0 0.40625 0.5390625 0.009375 0.07578125
0 0.44921875 0.5375 0.00859375 0.0734375
0 0.45859375 0.53984375 0.01171875 0.07421875
0 0.50234375 0.53671875 0.0125 0.0734375
0 0.34453125 0.6390625 0.0125 0.0703125
0 0.3859375 0.63984375 0.00859375 0.0703125
0 0.2890625 0.63984375 0.0109375 0.0703125
0 0.44296875 0.64140625 0.00859375 0.071875
0 0.39765625 0.6421875 0.0109375 0.075
0 0.2515625 0.4265625 0.0140625 0.07578125
0 0.23828125 0.425 0.009375 0.08046875
0 0.20390625 0.42578125 0.01484375 0.07734375
0 0.190625 0.42578125 0.01171875 0.07421875
0 0.14453125 0.425 0.01875 0.084375
0 0.11171875 0.42265625 0.0125 0.07734375
0 0.09921875 0.4234375 0.0125 0.07734375
0 0.30546875 0.428125 0.015625 0.07734375
0 0.05390625 0.42109375 0.01171875 0.07890625
0 0.62109375 0.31953125 0.0078125 0.08125
0 0.6109375 0.31875 0.01015625 0.08203125
0 0.56875 0.3203125 0.01171875 0.08046875
0 0.55625 0.3203125 0.009375 0.08046875
0 0.5171875 0.31953125 0.0109375 0.0828125
0 0.50546875 0.31796875 0.0109375 0.08515625
0 0.4625 0.3171875 0.03125 0.08359375
0 0.41015625 0.31796875 0.0109375 0.0828125
0 0.04296875 0.41953125 0.009375 0.07578125
0 0.346875 0.428125 0.0125 0.0765625
0 0.29140625 0.42734375 0.0125 0.078125
0 0.4015625 0.42890625 0.01015625 0.07890625
0 0.45390625 0.6421875 0.01171875 0.07109375
0 0.49765625 0.6453125 0.0109375 0.07265625
0 0.5078125 0.64296875 0.0109375 0.0703125
0 0.5421875 0.646875 0.0140625 0.075
0 0.5546875 0.646875 0.0125 0.07265625
0 0.60546875 0.65078125 0.00859375 0.0734375
0 0.61484375 0.6515625 0.00859375 0.071875
0 0.07421875 0.7015625 0.11484375 0.021875
0 0.196875 0.70625 0.11796875 0.02109375
0 0.359375 0.42890625 0.01171875 0.07578125
0 0.6109375 0.43125 0.01484375 0.07890625
0 0.41171875 0.42890625 0.0109375 0.07890625