0 0.39453125 0.49453125 0.05 0.07890625
0 0.4515625 0.496875 0.0453125 0.071875
0 0.5078125 0.49765625 0.0421875 0.0703125
0 0.559375 0.4984375 0.04921875 0.078125
0 0.61640625 0.4984375 0.04921875 0.0796875
0 0.671875 0.50078125 0.040625 0.07265625
0 0.721875 0.50234375 0.04453125 0.07578125
0 0.76953125 0.50078125 0.03828125 0.07421875
0 0.909375 0.4859375 0.065625 0.07265625
0 0.3359375 0.4953125 0.05625 0.08046875
0 0.975 0.48828125 0.04921875 0.0765625
0 0.11640625 0.59140625 0.02578125 0.08046875
0 0.175 0.5921875 0.046875 0.08203125
0 0.240625 0.5953125 0.0625 0.08515625
0 0.3109375 0.590625 0.05859375 0.0796875
0 0.3765625 0.58828125 0.0625 0.071875
0 0.4390625 0.5890625 0.04609375 0.0734375
0 0.82421875 0.5015625 0.0546875 0.07578125
0 0.26953125 0.49140625 0.05078125 0.07890625
0 0.0734375 0.703125 0.06328125 0.01484375
0 0.51015625 0.59765625 0.05625 0.075
0 0.61640625 0.40390625 0.0390625 0.05859375
0 0.6734375 0.403125 0.0515625 0.0640625
0 0.72890625 0.403125 0.0453125 0.06484375
0 0.778125 0.39921875 0.046875 0.07421875
0 0.82734375 0.42265625 0.0390625 0.02265625
0 0.953125 0.403125 0.04765625 0.0734375
0 0.87890625 0.40703125 0.02265625 0.06484375
0 0.9078125 0.4046875 0.03203125 0.0671875
0 0.20625 0.49375 0.0515625 0.07734375
0 0.06484375 0.48671875 0.08125 0.0234375
0 0.06171875 0.5328125 0.07109375 0.015625
0 0.0609375 0.5546875 0.07265625 0.01484375
0 0.059375 0.5765625 0.0703125 0.01953125
0 0.05859375 0.59921875 0.06875 0.01875
0 0.065625 0.6203125 0.06484375 0.0171875
0 0.06640625 0.6421875 0.06640625 0.015625
0 0.0625 0.6625 0.0640625 0.0140625
0 0.0703125 0.68203125 0.06015625 0.0109375
0 0.06796875 0.51171875 0.0703125 0.01640625
0 0.56796875 0.5875 0.04765625 0.07421875
0 0.628125 0.5953125 0.05 0.08203125
0 0.6890625 0.61015625 0.04375 0.0515625
0 0.2453125 0.82109375 0.071875 0.02734375
0 0.1609375 0.80390625 0.0453125 0.07265625
0 0.20625 0.78046875 0.03359375 0.0453125
0 0.36953125 0.80078125 0.05703125 0.08203125
0 0.44296875 0.8390625 0.08125 0.02265625
0 0.5359375 0.81796875 0.08984375 0.090625
0 0.88671875 0.78828125 0.0265625 0.0265625
0 0.92265625 0.79296875 0.02734375 0.028125
0 0.959375 0.765625 0.04296875 0.01796875
0 0.96796875 0.7921875 0.0296875 0.02578125
0 0.9265625 0.765625 0.02578125 0.0203125
0 0.86875 0.8453125 0.02890625 0.04921875
0 0.91953125 0.85 0.046875 0.03828125
0 0.025 0.8390625 0.0421875 0.06640625
0 0.78046875 0.2546875 0.0734375 0.009375
0 0.0359375 0.15546875 0.0671875 0.07421875
0 0.88828125 0.76328125 0.0328125 0.0203125
0 0.19921875 0.85859375 0.16015625 0.02578125
0 0.08984375 0.828125 0.03359375 0.08125
0 0.10859375 0.76875 0.05390625 0.01953125
0 0.1234375 0.71015625 0.034375 0.02578125
0 0.7375 0.61484375 0.04375 0.05234375
0 0.77734375 0.6078125 0.02265625 0.0640625
0 0.80859375 0.60859375 0.02890625 0.065625
0 0.84296875 0.60390625 0.034375 0.0671875
0 0.90703125 0.575 0.04765625 0.0671875
0 0.9671875 0.571875 0.0546875 0.06875
0 0.890625 0.65234375 0.028125 0.04375
0 0.92890625 0.65078125 0.03125 0.04609375
0 0.5671875 0.39921875 0.04296875 0.0671875
0 0.9765625 0.65234375 0.03359375 0.046875
0 0.58515625 0.7 0.140625 0.07265625
0 0.43203125 0.69375 0.0890625 0.075
0 0.2953125 0.67890625 0.14609375 0.021875
0 0.29375 0.70390625 0.15234375 0.01796875
0 0.28671875 0.7265625 0.1546875 0.0140625
0 0.175 0.66875 0.06484375 0.0296875
0 0.1765625 0.70078125 0.05390625 0.02734375
0 0.11875 0.6765625 0.034375 0.028125
0 0.7734375 0.70078125 0.1734375 0.06875
0 0.51796875 0.40390625 0.028125 0.05546875
0 0.97265625 0.73203125 0.0390625 0.01640625
0 0.51484375 0.16875 0.04296875 0.06875
0 0.7875 0.3046875 0.06875 0.08515625
0 0.93828125 0.31484375 0.06328125 0.06796875
0 0.69609375 0.30625 0.05 0.08125
0 0.63515625 0.30546875 0.0515625 0.08203125
0 0.57265625 0.30546875 0.05703125 0.07734375
0 0.50625 0.303125 0.0578125 0.08203125
0 0.44375 0.3 0.06015625 0.08125
0 0.38515625 0.2984375 0.03828125 0.0859375
0 0.32890625 0.29453125 0.0421875 0.0828125
0 0.79140625 0.2421875 0.0640625 0.009375
0 0.26953125 0.3 0.05 0.0734375
0 0.14765625 0.29453125 0.05234375 0.08203125
0 0.08515625 0.29453125 0.06015625 0.084375
0 0.025 0.32734375 0.04140625 0.140625
0 0.08984375 0.3859375 0.04375 0.07421875
0 0.14609375 0.39140625 0.0421875 0.06796875
0 0.19765625 0.3953125 0.04765625 0.065625
0 0.246875 0.39375 0.040625 0.06328125
0 0.93203125 0.72890625 0.028125 0.028125
0 0.33671875 0.39921875 0.0484375 0.0640625
0 0.2109375 0.2984375 0.0609375 0.075
0 0.38359375 0.396875 0.03515625 0.07109375
0 0.76953125 0.23125 0.0859375 0.009375
0 0.93046875 0.15078125 0.0640625 0.03203125
0 0.89609375 0.72890625 0.03046875 0.02890625
0 0.65 0.8 0.12109375 0.0203125
0 0.77890625 0.86171875 0.1046875 0.04453125
0 0.65078125 0.86015625 0.103125 0.02421875
0 0.7796875 0.81640625 0.10625 0.03125
0 0.65859375 0.828125 0.0984375 0.0296875
0 0.77890625 0.77421875 0.1046875 0.0375
0 0.6625 0.77265625 0.10546875 0.028125
0 0.45078125 0.8640625 0.078125 0.0203125
0 0.94453125 0.18984375 0.0578125 0.0390625
0 0.3609375 0.86015625 0.06640625 0.02890625
0 0.1484375 0.16328125 0.0421875 0.0671875
0 0.20625 0.159375 0.0609375 0.07109375
0 0.3671875 0.12734375 0.2453125 0.14765625
0 0.975 0.709375 0.04921875 0.01953125
0 0.56640625 0.1796875 0.040625 0.04765625
0 0.6234375 0.18125 0.05234375 0.04765625
0 0.7015625 0.14609375 0.07421875 0.028125
0 0.68125 0.184375 0.04609375 0.0390625
0 0.74375 0.184375 0.05703125 0.03984375
0 0.1015625 0.16171875 0.03515625 0.06171875
0 0.42578125 0.3984375 0.03671875 0.06484375
0 0.29140625 0.39765625 0.0359375 0.0609375
0 0.475 0.39921875 0.04375 0.06484375