0 0.54375 0.096875 0.05546875 0.15078125
0 0.471875 0.08828125 0.059375 0.11796875
0 0.39140625 0.103125 0.0640625 0.13046875
0 0.6703125 0.09140625 0.046875 0.12109375
0 0.74921875 0.08828125 0.0890625 0.12109375
0 0.4125 0.73359375 0.0703125 0.0921875
0 0.4765625 0.73046875 0.05625 0.08515625
0 0.5328125 0.73125 0.0578125 0.0828125
0 0.5890625 0.73125 0.05546875 0.08203125
0 0.6984375 0.71796875 0.0359375 0.1046875
0 0.759375 0.71953125 0.0625 0.08828125
0 0.8234375 0.72578125 0.06640625 0.07578125
0 0.93828125 0.73515625 0.0921875 0.08984375
0 0.96328125 0.6078125 0.0734375 0.078125
0 0.96328125 0.45703125 0.06640625 0.10390625
0 0.02734375 0.21953125 0.0546875 0.13828125
0 0.2765625 0.5484375 0.096875 0.11953125
0 0.35546875 0.546875 0.0609375 0.121875
0 0.43203125 0.55 0.0921875 0.12734375
0 0.5078125 0.55234375 0.059375 0.12265625
0 0.5625 0.55234375 0.04921875 0.11953125
0 0.60859375 0.55546875 0.04375 0.11015625
0 0.66015625 0.55625 0.0578125 0.1140625
0 0.71328125 0.5578125 0.046875 0.11171875
0 0.7625 0.5546875 0.0515625 0.10546875
0 0.81328125 0.55859375 0.05 0.09375
0 0.3515625 0.7140625 0.0515625 0.13125
0 0.2984375 0.715625 0.05234375 0.13359375
0 0.2390625 0.72578125 0.06640625 0.1125
0 0.17578125 0.725 0.059375 0.1046875
0 0.83203125 0.1109375 0.0671875 0.1625
0 0.1046875 0.21640625 0.09765625 0.14296875
0 0.26796875 0.334375 0.0625 0.09140625
0 0.35 0.29453125 0.0953125 0.16484375
0 0.42578125 0.303125 0.04609375 0.16640625
0 0.52421875 0.29375 0.1484375 0.1796875
0 0.63046875 0.2890625 0.0640625 0.18125
0 0.6875 0.3265625 0.04609375 0.10546875
0 0.7390625 0.32890625 0.0546875 0.09453125
0 0.034375 0.4546875 0.06875 0.13125
0 0.615625 0.10234375 0.0546875 0.13359375
0 0.10703125 0.446875 0.075 0.134375
0 0.3015625 0.43203125 0.15078125 0.08359375
0 0.425 0.434375 0.0953125 0.08203125
0 0.515625 0.4421875 0.0859375 0.09765625
0 0.58515625 0.44453125 0.040625 0.09296875
0 0.6265625 0.44921875 0.040625 0.10078125
0 0.6671875 0.4453125 0.0390625 0.10078125
0 0.72890625 0.45078125 0.078125 0.10703125
0 0.796875 0.44296875 0.0578125 0.11796875
0 0.03125 0.715625 0.0625 0.11328125
0 0.1046875 0.7328125 0.08359375 0.08828125
0 0.1828125 0.47109375 0.07734375 0.0828125
0 0.646875 0.7328125 0.06015625 0.078125
0 0.31171875 0.09375 0.071875 0.11015625
0 0.2234375 0.10625 0.07734375 0.1328125