0 0.94140625 0.4515625 0.0734375 0.015625
0 0.51328125 0.46953125 0.04765625 0.0171875
0 0.50859375 0.4515625 0.04140625 0.0125
0 0.56484375 0.4453125 0.04609375 0.0171875
0 0.61484375 0.45 0.04375 0.0203125
0 0.77421875 0.4484375 0.05078125 0.015625
0 0.46015625 0.45703125 0.04765625 0.03359375
0 0.8265625 0.4484375 0.0484375 0.015625
0 0.8765625 0.45078125 0.04453125 0.0171875
0 0.9921875 0.45390625 0.015625 0.0078125
0 0.721875 0.45 0.04609375 0.01875
0 0.409375 0.45625 0.03984375 0.040625
0 0.75546875 0.265625 0.11171875 0.1578125
0 0.3046875 0.4484375 0.04453125 0.0171875
0 0.2515625 0.44921875 0.0453125 0.01484375
0 0.2 0.45078125 0.04609375 0.0140625
0 0.14765625 0.44921875 0.05234375 0.0125
0 0.9671875 0.2703125 0.065625 0.15625
0 0.8765625 0.2671875 0.11171875 0.1578125
0 0.63515625 0.265625 0.11015625 0.15703125
0 0.5171875 0.2640625 0.11484375 0.15859375
0 0.390625 0.2640625 0.121875 0.1640625
0 0.12109375 0.2515625 0.134375 0.1765625
0 0.25625 0.259375 0.12890625 0.17265625
0 0.1328125 0.46875 0.06171875 0.01484375
0 0.1734375 0.6828125 0.0484375 0.06796875
0 0.35859375 0.45078125 0.04296875 0.01796875
0 0.19375 0.46953125 0.05546875 0.01484375
0 0.2484375 0.68359375 0.07890625 0.0671875
0 0.3046875 0.46875 0.04765625 0.015625
0 0.45703125 0.88125 0.07578125 0.03125
0 0.4625 0.83984375 0.0671875 0.01796875
0 0.540625 0.9140625 0.07734375 0.034375
0 0.534375 0.871875 0.07890625 0.034375
0 0.528125 0.83828125 0.05546875 0.025
0 0.6765625 0.834375 0.06640625 0.0203125
0 0.68046875 0.859375 0.0703125 0.0203125
0 0.70234375 0.9125 0.071875 0.01796875
0 0.69375 0.88828125 0.0765625 0.021875
0 0.6234375 0.91015625 0.07109375 0.0296875
0 0.6171875 0.884375 0.06484375 0.0125
0 0.60625 0.86796875 0.05390625 0.01015625
0 0.60625 0.840625 0.06015625 0.0359375
0 0.77734375 0.90625 0.065625 0.02265625
0 0.76640625 0.878125 0.07890625 0.0234375
0 0.7515625 0.853125 0.05390625 0.01953125
0 0.74296875 0.83125 0.0546875 0.01953125
0 0.8109375 0.8296875 0.05546875 0.0203125
0 0.871875 0.82890625 0.05703125 0.02421875
0 0.94296875 0.82890625 0.0609375 0.02421875
0 0.82265625 0.853125 0.06171875 0.0203125
0 0.8890625 0.85625 0.06015625 0.0203125
0 0.9640625 0.85703125 0.0703125 0.01875
0 0.84140625 0.8765625 0.06640625 0.015625
0 0.8625 0.903125 0.07109375 0.0265625
0 0.9421875 0.9 0.0625 0.02265625
0 0.91171875 0.87734375 0.05078125 0.01875
0 0.4515625 0.91875 0.08828125 0.025
0 0.3703125 0.9203125 0.0578125 0.0234375
0 0.38125 0.8921875 0.0703125 0.0203125
0 0.3828125 0.8359375 0.07109375 0.021875
0 0.353125 0.68515625 0.08671875 0.0625
0 0.42890625 0.675 0.04921875 0.053125
0 0.11953125 0.6921875 0.03515625 0.046875
0 0.1265625 0.74296875 0.0421875 0.04296875
0 0.12421875 0.8 0.03828125 0.03359375
0 0.178125 0.7796875 0.04765625 0.065625
0 0.24765625 0.771875 0.07734375 0.071875
0 0.33515625 0.7703125 0.078125 0.071875
0 0.4265625 0.76875 0.07109375 0.06484375
0 0.5109375 0.7609375 0.0671875 0.06875
0 0.58203125 0.76328125 0.065625 0.0546875
0 0.66015625 0.771875 0.08203125 0.0515625
0 0.746875 0.76015625 0.075 0.06796875
0 0.50078125 0.67734375 0.0796875 0.0640625
0 0.8296875 0.75625 0.06640625 0.065625
0 0.9125 0.734375 0.0703125 0.015625
0 0.9859375 0.7578125 0.028125 0.059375
0 0.13125 0.91484375 0.0828125 0.0421875
0 0.15 0.8765625 0.06796875 0.025
0 0.16640625 0.84609375 0.06328125 0.0265625
0 0.23828125 0.84375 0.05859375 0.025
0 0.228125 0.87578125 0.06796875 0.02890625
0 0.21796875 0.90625 0.07578125 0.03125
0 0.21015625 0.9328125 0.07265625 0.0140625
0 0.29375 0.92109375 0.084375 0.0296875
0 0.30390625 0.89140625 0.07265625 0.021875
0 0.30703125 0.86015625 0.06171875 0.03125
0 0.3828125 0.86640625 0.06953125 0.02890625
0 0.92265625 0.76875 0.07890625 0.04375
0 0.60234375 0.6703125 0.09453125 0.0734375
0 0.71171875 0.66875 0.07109375 0.06875
0 0.7921875 0.6640625 0.07421875 0.07578125
0 0.5671875 0.4921875 0.0484375 0.025
0 0.5109375 0.46015625 0.04140625 0.02890625
0 0.5140625 0.49375 0.040625 0.02890625
0 0.4578125 0.49375 0.040625 0.02890625
0 0.409375 0.4953125 0.05234375 0.0265625
0 0.3578125 0.4953125 0.0484375 0.028125
0 0.3078125 0.49375 0.04140625 0.028125
0 0.253125 0.49453125 0.05234375 0.03125
0 0.1953125 0.49375 0.04609375 0.0265625
0 0.13203125 0.49609375 0.06015625 0.028125
0 0.77421875 0.49375 0.05390625 0.0265625
0 0.8296875 0.4921875 0.05078125 0.025
0 0.87734375 0.49375 0.04296875 0.021875
0 0.92578125 0.49375 0.05234375 0.02578125
0 0.97734375 0.49375 0.04453125 0.025
0 0.978125 0.46953125 0.04296875 0.01484375
0 0.928125 0.4703125 0.04296875 0.01328125
0 0.87890625 0.46875 0.04296875 0.015625
0 0.82734375 0.46953125 0.04921875 0.015625
0 0.77421875 0.4671875 0.05 0.015625
0 0.721875 0.4671875 0.0453125 0.0171875
0 0.6703125 0.4671875 0.046875 0.01640625
0 0.6171875 0.46796875 0.05078125 0.0140625
0 0.56640625 0.4671875 0.04375 0.015625
0 0.36015625 0.46796875 0.040625 0.0140625
0 0.253125 0.46875 0.0515625 0.0140625
0 0.61875 0.49296875 0.05078125 0.0234375
0 0.67109375 0.44765625 0.05546875 0.0171875
0 0.72109375 0.49296875 0.04140625 0.025
0 0.23125 0.575 0.08515625 0.0625
0 0.3125 0.5734375 0.06640625 0.0625
0 0.38359375 0.56875 0.06796875 0.06796875
0 0.453125 0.5734375 0.05234375 0.0546875
0 0.525 0.575 0.0765625 0.05078125
0 0.60234375 0.56640625 0.06640625 0.0640625
0 0.153125 0.58046875 0.05390625 0.04921875
0 0.671875 0.4921875 0.04765625 0.02578125
0 0.753125 0.565625 0.06953125 0.0609375
0 0.8203125 0.56328125 0.05390625 0.0609375
0 0.88203125 0.56953125 0.0625 0.0609375
0 0.94609375 0.5703125 0.06171875 0.0609375
0 0.91953125 0.68046875 0.071875 0.0421875
0 0.884375 0.6359375 0.09453125 0.0359375
0 0.67578125 0.56796875 0.06796875 0.0609375