0 0.82265625 0.54375 0.040625 0.0765625
0 0.43125 0.44609375 0.07265625 0.009375
0 0.428125 0.4625 0.0734375 0.0140625
0 0.50390625 0.4625 0.07734375 0.015625
0 0.50625 0.44609375 0.07109375 0.015625
0 0.59140625 0.428125 0.0953125 0.015625
0 0.590625 0.4453125 0.09296875 0.0140625
0 0.3484375 0.46484375 0.06640625 0.0125
0 0.590625 0.459375 0.09453125 0.009375
0 0.68359375 0.428125 0.078125 0.0140625
0 0.67890625 0.44296875 0.078125 0.0125
0 0.678125 0.4609375 0.0796875 0.01328125
0 0.36328125 0.5140625 0.0234375 0.06953125
0 0.390625 0.51875 0.0234375 0.06875
0 0.4140625 0.515625 0.02109375 0.065625
0 0.44453125 0.515625 0.02890625 0.0671875
0 0.47734375 0.5171875 0.03046875 0.071875
0 0.50703125 0.515625 0.0265625 0.071875
0 0.5328125 0.51328125 0.0265625 0.0640625
0 0.865625 0.546875 0.03671875 0.078125
0 0.60546875 0.5125 0.03125 0.075
0 0.640625 0.51640625 0.028125 0.0765625
0 0.66953125 0.5171875 0.028125 0.06796875
0 0.77734375 0.54453125 0.03671875 0.084375
0 0.33359375 0.51875 0.02734375 0.0609375
0 0.56796875 0.515625 0.04296875 0.06953125
0 0.584375 0.278125 0.03671875 0.0828125
0 0.34453125 0.4328125 0.07265625 0.0109375
0 0.91484375 0.54375 0.04765625 0.0859375
0 0.23203125 0.29609375 0.02890625 0.08125
0 0.2625 0.2953125 0.0296875 0.0796875
0 0.29765625 0.2921875 0.0328125 0.0765625
0 0.3328125 0.2921875 0.03515625 0.075
0 0.36640625 0.290625 0.03359375 0.078125
0 0.40234375 0.2875 0.03046875 0.0765625
0 0.43359375 0.28671875 0.03359375 0.075
0 0.471875 0.284375 0.0359375 0.07734375
0 0.51015625 0.284375 0.03984375 0.07578125
0 0.5515625 0.27890625 0.02890625 0.0875
0 0.625 0.27578125 0.03515625 0.0765625
0 0.346875 0.44921875 0.0703125 0.0109375
0 0.665625 0.275 0.03359375 0.0875
0 0.23828125 0.384375 0.025 0.0578125
0 0.26640625 0.38203125 0.028125 0.0609375
0 0.29765625 0.384375 0.02890625 0.059375
0 0.325 0.3796875 0.0265625 0.0578125
0 0.35625 0.38203125 0.03359375 0.06171875
0 0.38515625 0.38125 0.025 0.05703125
0 0.55625 0.3734375 0.303125 0.0515625
0 0.77734375 0.303125 0.0125 0.0828125
0 0.79453125 0.303125 0.021875 0.0796875
0 0.82109375 0.30234375 0.02421875 0.0828125
0 0.8453125 0.29765625 0.02578125 0.07890625
0 0.27265625 0.45078125 0.06640625 0.0109375
0 0.70546875 0.27421875 0.0421875 0.0796875
0 0.13515625 0.59453125 0.01796875 0.0453125
0 0.67578125 0.7484375 0.04765625 0.02890625
0 0.175 0.5953125 0.01484375 0.04765625
0 0.64609375 0.675 0.03515625 0.084375
0 0.68203125 0.67265625 0.03046875 0.071875
0 0.33828125 0.7484375 0.03984375 0.06171875
0 0.38515625 0.74765625 0.04140625 0.05625
0 0.57734375 0.77890625 0.03828125 0.0359375
0 0.621875 0.78125 0.0453125 0.0328125
0 0.67421875 0.78828125 0.046875 0.03671875
0 0.7828125 0.7640625 0.03515625 0.078125
0 0.8234375 0.76328125 0.04140625 0.0734375
0 0.865625 0.76640625 0.03671875 0.07734375
0 0.9109375 0.76875 0.04921875 0.0734375
0 0.334375 0.5875 0.03828125 0.05546875
0 0.375 0.58828125 0.0296875 0.05390625
0 0.41484375 0.58984375 0.03671875 0.05703125
0 0.45703125 0.5875 0.03515625 0.05625
0 0.5 0.59296875 0.03203125 0.0671875
0 0.5375 0.590625 0.03515625 0.06484375
0 0.5828125 0.58984375 0.04609375 0.0625
0 0.628125 0.59140625 0.03515625 0.05703125
0 0.67265625 0.59375 0.03828125 0.06171875
0 0.78203125 0.6578125 0.0359375 0.0765625
0 0.83125 0.65 0.04140625 0.08046875
0 0.875 0.659375 0.0265625 0.0890625
0 0.9125 0.6625 0.04296875 0.08125
0 0.81640625 0.378125 0.10078125 0.05546875
0 0.6125 0.66875 0.0328125 0.07890625
0 0.57109375 0.66953125 0.03984375 0.075
0 0.528125 0.6671875 0.03671875 0.07578125
0 0.49453125 0.66796875 0.02734375 0.0765625
0 0.1984375 0.596875 0.02578125 0.04609375
0 0.221875 0.59921875 0.01953125 0.05
0 0.24765625 0.6 0.02890625 0.05078125
0 0.1375 0.64296875 0.02265625 0.04375
0 0.1625 0.6421875 0.0203125 0.0390625
0 0.18203125 0.64453125 0.01484375 0.0421875
0 0.2015625 0.6453125 0.02265625 0.040625
0 0.2296875 0.65 0.0203125 0.04296875
0 0.24921875 0.65 0.01484375 0.0421875
0 0.13828125 0.6875 0.01953125 0.03984375
0 0.16015625 0.6859375 0.01640625 0.03828125
0 0.1796875 0.68828125 0.01796875 0.04296875
0 0.15859375 0.59453125 0.01328125 0.046875
0 0.2015625 0.6890625 0.01640625 0.0375
0 0.25234375 0.69453125 0.01796875 0.0421875
0 0.14296875 0.73125 0.01953125 0.03984375
0 0.16328125 0.7296875 0.01953125 0.03828125
0 0.18203125 0.7359375 0.015625 0.0453125
0 0.20390625 0.734375 0.02109375 0.04375
0 0.22578125 0.73828125 0.02109375 0.04453125
0 0.2515625 0.740625 0.01953125 0.0421875
0 0.32734375 0.6609375 0.03046875 0.06953125
0 0.36171875 0.65859375 0.0296875 0.0703125
0 0.3921875 0.66328125 0.02734375 0.071875
0 0.428125 0.6640625 0.034375 0.0734375
0 0.46328125 0.665625 0.0296875 0.0765625
0 0.225 0.69453125 0.021875 0.0421875