0 0.05234375 0.3734375 0.04921875 0.06015625
0 0.1015625 0.3703125 0.04921875 0.06484375
0 0.15078125 0.3859375 0.02890625 0.07265625
0 0.95703125 0.50546875 0.07578125 0.0703125
0 0.1796875 0.38125 0.02890625 0.0734375
0 0.22890625 0.38359375 0.06640625 0.06875
0 0.728125 0.3703125 0.08203125 0.0921875
0 0.33125 0.3765625 0.0640625 0.075
0 0.484375 0.36875 0.06171875 0.0765625
0 0.55625 0.378125 0.0734375 0.0984375
0 0.6640625 0.36953125 0.04453125 0.07890625
0 0.7875 0.375 0.0453125 0.09140625
0 0.89765625 0.2828125 0.04140625 0.0390625
0 0.9015625 0.3265625 0.03359375 0.021875
0 0.2828125 0.378125 0.02734375 0.0609375
0 0.89453125 0.503125 0.046875 0.07421875
0 0.39453125 0.4921875 0.03046875 0.06875
0 0.78671875 0.51953125 0.0328125 0.06875
0 0.8984375 0.3546875 0.0328125 0.01953125
0 0.2640625 0.44765625 0.07578125 0.01875
0 0.27265625 0.490625 0.02578125 0.05390625
0 0.30859375 0.4953125 0.04453125 0.0609375
0 0.35 0.49609375 0.0359375 0.059375
0 0.4234375 0.49375 0.02265625 0.0703125
0 0.45390625 0.49453125 0.03359375 0.0671875
0 0.48671875 0.4953125 0.0296875 0.06875
0 0.54140625 0.5046875 0.02734375 0.0609375
0 0.571875 0.5078125 0.03515625 0.065625
0 0.603125 0.50703125 0.02578125 0.065625
0 0.63671875 0.5078125 0.03828125 0.075
0 0.675 0.50703125 0.0375 0.07578125
0 0.7125 0.51015625 0.03671875 0.0796875
0 0.7515625 0.5171875 0.03515625 0.0671875
0 0.82265625 0.52109375 0.03984375 0.0640625
0 0.89140625 0.38515625 0.03515625 0.03203125
0 0.3140625 0.140625 0.02890625 0.0578125
0 0.8515625 0.45625 0.03984375 0.05
0 0.04140625 0.18359375 0.02890625 0.03046875
0 0.07265625 0.18046875 0.03515625 0.021875
0 0.1265625 0.17578125 0.0703125 0.028125
0 0.19140625 0.15 0.040625 0.053125
0 0.2375 0.13984375 0.04609375 0.071875
0 0.2796875 0.1453125 0.03984375 0.0484375
0 0.22734375 0.48984375 0.03828125 0.0421875
0 0.34609375 0.1515625 0.0375 0.0265625
0 0.38984375 0.12734375 0.05078125 0.0765625
0 0.44296875 0.12421875 0.05234375 0.06796875
0 0.5 0.12265625 0.05625 0.059375
0 0.55625 0.109375 0.04140625 0.0640625
0 0.60625 0.11171875 0.05546875 0.06171875
0 0.68125 0.109375 0.07578125 0.0296875
0 0.7734375 0.0984375 0.11015625 0.0515625
0 0.02578125 0.2828125 0.03359375 0.0875
0 0.9015625 0.43125 0.0359375 0.0375
0 0.06171875 0.28671875 0.034375 0.084375
0 0.140625 0.284375 0.0328125 0.090625
0 0.8296875 0.3484375 0.03359375 0.02265625
0 0.81796875 0.3078125 0.046875 0.021875
0 0.80546875 0.2796875 0.0390625 0.02578125
0 0.81484375 0.24375 0.02734375 0.0296875
0 0.7921875 0.2234375 0.0265625 0.021875
0 0.89296875 0.20546875 0.025 0.090625
0 0.93671875 0.20078125 0.06015625 0.1
0 0.73046875 0.246875 0.08125 0.11015625
0 0.6515625 0.25546875 0.07421875 0.0921875
0 0.58671875 0.2578125 0.05546875 0.084375
0 0.4828125 0.25546875 0.08046875 0.0953125
0 0.4015625 0.25859375 0.07734375 0.08828125
0 0.32890625 0.2625 0.065625 0.096875
0 0.27109375 0.271875 0.04921875 0.0765625
0 0.1796875 0.28203125 0.03828125 0.0921875
0 0.10390625 0.28671875 0.0390625 0.0875
0 0.1875 0.48203125 0.02421875 0.059375
0 0.225 0.565625 0.03515625 0.04140625
0 0.14296875 0.484375 0.01640625 0.05
0 0.8703125 0.88203125 0.05390625 0.07421875
0 0.925 0.89453125 0.04765625 0.08125
0 0.9734375 0.8984375 0.04765625 0.075
0 0.86796875 0.75703125 0.0578125 0.07734375
0 0.92578125 0.7671875 0.053125 0.0859375
0 0.86328125 0.65703125 0.040625 0.046875
0 0.1640625 0.48046875 0.02109375 0.0609375
0 0.9703125 0.6671875 0.0578125 0.0421875
0 0.0390625 0.628125 0.01796875 0.0421875
0 0.0625 0.63203125 0.0296875 0.040625
0 0.0890625 0.634375 0.0203125 0.0359375
0 0.11015625 0.6375 0.02109375 0.04375
0 0.134375 0.63984375 0.02578125 0.0421875
0 0.16484375 0.646875 0.03046875 0.03828125
0 0.196875 0.6484375 0.03671875 0.0453125
0 0.7515625 0.8328125 0.16484375 0.09375
0 0.2328125 0.6484375 0.0265625 0.04375
0 0.5890625 0.809375 0.15234375 0.1296875
0 0.321875 0.7578125 0.12421875 0.071875
0 0.96328125 0.35859375 0.07265625 0.0765625
0 0.0109375 0.728125 0.01796875 0.025
0 0.0171875 0.7046875 0.03125 0.01484375
0 0.028125 0.72890625 0.01171875 0.0296875
0 0.04296875 0.73125 0.015625 0.0265625
0 0.06328125 0.70625 0.02265625 0.02734375
0 0.0609375 0.73515625 0.01953125 0.028125
0 0.08046875 0.7375 0.01953125 0.02421875
0 0.1015625 0.73515625 0.0234375 0.046875
0 0.12265625 0.73828125 0.01953125 0.0453125
0 0.14765625 0.74140625 0.0171875 0.05625
0 0.17265625 0.74765625 0.02890625 0.0453125
0 0.20390625 0.7484375 0.02578125 0.0640625
0 0.22890625 0.75234375 0.02109375 0.06875
0 0.24921875 0.759375 0.015625 0.0578125
0 0.45 0.79140625 0.1234375 0.0578125
0 0.26328125 0.653125 0.034375 0.053125
0 0.91796875 0.6625 0.04296875 0.053125
0 0.32578125 0.66875 0.0375 0.0375
0 0.35078125 0.5765625 0.0421875 0.034375
0 0.39609375 0.584375 0.04140625 0.0453125
0 0.4390625 0.5875 0.0453125 0.03671875
0 0.49453125 0.59453125 0.0640625 0.040625
0 0.55625 0.6 0.06171875 0.05078125
0 0.60390625 0.6015625 0.03125 0.046875
0 0.63515625 0.60625 0.03359375 0.05546875
0 0.67421875 0.6078125 0.03984375 0.05078125
0 0.29453125 0.66484375 0.028125 0.03125
0 0.7890625 0.6140625 0.06796875 0.059375
0 0.03046875 0.47890625 0.02578125 0.046875
0 0.05546875 0.4796875 0.02265625 0.04453125
0 0.0796875 0.48046875 0.0265625 0.046875
0 0.1046875 0.4796875 0.0234375 0.04921875
0 0.12578125 0.48359375 0.0140625 0.0515625
0 0.31015625 0.5734375 0.04140625 0.04296875
0 0.26640625 0.56796875 0.04609375 0.034375
0 0.725 0.6109375 0.06015625 0.065625
0 0.16171875 0.5609375 0.02578125 0.05078125
0 0.1921875 0.5640625 0.03671875 0.04296875
0 0.35859375 0.675 0.02734375 0.0234375
0 0.390625 0.66875 0.03515625 0.046875
0 0.42734375 0.68359375 0.03984375 0.03984375
0 0.4640625 0.67890625 0.03203125 0.04765625
0 0.50625 0.6859375 0.03359375 0.0609375
0 0.54140625 0.690625 0.03515625 0.05234375
0 0.58046875 0.69609375 0.04375 0.0609375
0 0.97578125 0.771875 0.046875 0.0765625
0 0.703125 0.7171875 0.07421875 0.0640625
0 0.77890625 0.725 0.07734375 0.0484375
0 0.034375 0.55625 0.02578125 0.03125
0 0.059375 0.559375 0.025 0.03671875
0 0.08359375 0.5609375 0.02265625 0.0359375
0 0.109375 0.5609375 0.02578125 0.05078125
0 0.63125 0.70625 0.06015625 0.046875
0 0.13515625 0.559375 0.02421875 0.0546875