0 0.87109375 0.58984375 0.03828125 0.0703125
0 0.06484375 0.7625 0.0296875 0.059375
0 0.75546875 0.85 0.05 0.0890625
0 0.7328125 0.62109375 0.05234375 0.0875
0 0.5828125 0.5078125 0.0515625 0.06953125
0 0.63359375 0.50625 0.05078125 0.071875
0 0.68359375 0.509375 0.04921875 0.078125
0 0.73125 0.51015625 0.04453125 0.0734375
0 0.7796875 0.51328125 0.04921875 0.071875
0 0.83125 0.51484375 0.0515625 0.06796875
0 0.89140625 0.5140625 0.0609375 0.0375
0 0.9453125 0.5125 0.04609375 0.040625
0 0.0375 0.590625 0.04296875 0.06484375
0 0.125 0.58984375 0.05546875 0.0625
0 0.190625 0.61171875 0.05859375 0.090625
0 0.25390625 0.61171875 0.06328125 0.0921875
0 0.828125 0.63671875 0.0453125 0.0578125
0 0.31015625 0.6125 0.04765625 0.09140625
0 0.40546875 0.61484375 0.03828125 0.09140625
0 0.44921875 0.62265625 0.05078125 0.07578125
0 0.5015625 0.625 0.04375 0.0796875
0 0.5453125 0.62421875 0.0453125 0.078125
0 0.58828125 0.62421875 0.04140625 0.078125
0 0.3609375 0.728125 0.05546875 0.0953125
0 0.30625 0.7265625 0.0515625 0.09140625
0 0.2546875 0.725 0.05546875 0.09375
0 0.13359375 0.76328125 0.03046875 0.0546875
0 0.09921875 0.7609375 0.03671875 0.0578125
0 0.628125 0.62421875 0.03984375 0.075
0 0.6796875 0.621875 0.05546875 0.08515625
0 0.3578125 0.6140625 0.05 0.0875
0 0.78359375 0.6375 0.04140625 0.0609375
0 0.05390625 0.690625 0.0328125 0.028125
0 0.80703125 0.85859375 0.04921875 0.0703125
0 0.02578125 0.86796875 0.03671875 0.0484375
0 0.0671875 0.871875 0.0484375 0.03828125
0 0.0828125 0.834375 0.0515625 0.0359375
0 0.125 0.875 0.05390625 0.03125
0 0.190625 0.84375 0.06953125 0.1
0 0.25234375 0.84609375 0.053125 0.0953125
0 0.29921875 0.84609375 0.04296875 0.096875
0 0.3515625 0.859375 0.05859375 0.0640625
0 0.40625 0.8609375 0.046875 0.06328125
0 0.46171875 0.8609375 0.06171875 0.06171875
0 0.52421875 0.8234375 0.06328125 0.028125
0 0.525 0.86640625 0.05859375 0.0578125
0 0.58828125 0.8546875 0.06328125 0.0765625
0 0.6484375 0.8546875 0.05859375 0.07734375
0 0.703125 0.84921875 0.053125 0.0875
0 0.9640625 0.6765625 0.0640625 0.04296875
0 0.96875 0.60625 0.02890625 0.0390625
0 0.8921875 0.68203125 0.08359375 0.0328125
0 0.8828125 0.75859375 0.08671875 0.040625
0 0.08984375 0.68671875 0.040625 0.0359375
0 0.128125 0.68515625 0.03515625 0.0328125
0 0.19140625 0.72578125 0.0609375 0.0984375
0 0.03125 0.76875 0.03828125 0.0453125
0 0.53359375 0.5109375 0.04296875 0.06015625
0 0.9375 0.59765625 0.02890625 0.05625
0 0.9078125 0.58984375 0.02890625 0.071875
0 0.88046875 0.859375 0.03828125 0.0734375
0 0.84453125 0.85703125 0.03203125 0.0765625
0 0.41953125 0.72734375 0.06171875 0.096875
0 0.48046875 0.728125 0.05859375 0.09453125
0 0.5390625 0.7296875 0.05859375 0.09140625
0 0.5953125 0.7296875 0.05546875 0.09140625
0 0.65546875 0.7328125 0.06171875 0.08515625
0 0.8109375 0.7546875 0.05703125 0.046875
0 0.9625 0.759375 0.07421875 0.0421875
0 0.49453125 0.51796875 0.03515625 0.04765625
0 0.240625 0.32578125 0.06015625 0.0625
0 0.41796875 0.51171875 0.04140625 0.0625
0 0.35859375 0.328125 0.06171875 0.0625
0 0.41796875 0.3296875 0.05546875 0.065625
0 0.47421875 0.33828125 0.053125 0.05078125
0 0.10546875 0.328125 0.078125 0.04140625
0 0.95234375 0.86015625 0.0328125 0.0703125
0 0.984375 0.87109375 0.03125 0.0515625
0 0.38828125 0.41875 0.06875 0.0453125
0 0.32734375 0.41484375 0.053125 0.0453125
0 0.278125 0.41484375 0.04453125 0.05
0 0.228125 0.4125 0.05234375 0.0484375
0 0.1796875 0.409375 0.04765625 0.0515625
0 0.1234375 0.4109375 0.05234375 0.0421875
0 0.06796875 0.4171875 0.05625 0.0375
0 0.92890625 0.334375 0.06875 0.075
0 0.8625 0.340625 0.05390625 0.0640625
0 0.815625 0.33671875 0.04609375 0.0625
0 0.76484375 0.3359375 0.05859375 0.065625
0 0.70546875 0.340625 0.05546875 0.0515625
0 0.65078125 0.33515625 0.053125 0.06328125
0 0.03203125 0.325 0.0640625 0.040625
0 0.4578125 0.5125 0.03515625 0.059375
0 0.59296875 0.334375 0.06171875 0.0625
0 0.53203125 0.33359375 0.0578125 0.0625
0 0.29921875 0.325 0.0578125 0.065625
0 0.18046875 0.3234375 0.05703125 0.06875
0 0.01953125 0.41328125 0.0390625 0.0359375
0 0.7046875 0.4203125 0.05625 0.05625
0 0.034375 0.5015625 0.046875 0.06015625
0 0.853125 0.4296875 0.034375 0.04296875
0 0.81171875 0.43046875 0.04140625 0.0375
0 0.76328125 0.421875 0.05234375 0.05390625
0 0.0796875 0.503125 0.04140625 0.06171875
0 0.65078125 0.41875 0.053125 0.05625
0 0.59609375 0.42109375 0.05703125 0.053125
0 0.5421875 0.4203125 0.04609375 0.04453125
0 0.49375 0.41796875 0.05078125 0.053125
0 0.446875 0.4171875 0.0453125 0.046875
0 0.91796875 0.8578125 0.0359375 0.075
0 0.3 0.5109375 0.0390625 0.05546875
0 0.12578125 0.503125 0.0515625 0.06171875
0 0.18203125 0.50234375 0.04453125 0.0671875
0 0.22578125 0.509375 0.04296875 0.05546875
0 0.2640625 0.509375 0.034375 0.0578125
0 0.33671875 0.51640625 0.03515625 0.046875
0 0.37578125 0.509375 0.04296875 0.059375
0 0.8953125 0.43125 0.04765625 0.040625
0 0.94375 0.4359375 0.0515625 0.0296875