0 0.6265625 0.81875 0.02890625 0.0359375
0 0.70234375 0.76796875 0.03046875 0.025
0 0.4171875 0.11484375 0.0828125 0.11875
0 0.703125 0.7484375 0.02890625 0.01484375
0 0.50703125 0.1296875 0.0359375 0.1
0 0.55078125 0.1328125 0.05 0.09375
0 0.2125 0.7953125 0.04453125 0.0375
0 0.63046875 0.1421875 0.0265625 0.0921875
0 0.6609375 0.13984375 0.03359375 0.0875
0 0.56875 0.5875 0.02890625 0.109375
0 0.66640625 0.7625 0.04453125 0.03359375
0 0.66484375 0.7859375 0.0421875 0.01328125
0 0.47421875 0.1265625 0.03125 0.0953125
0 0.6625 0.809375 0.04609375 0.03203125
0 0.52421875 0.58828125 0.06015625 0.1109375
0 0.59140625 0.7765625 0.0375 0.0265625
0 0.62890625 0.678125 0.0375 0.03125
0 0.94765625 0.1359375 0.07578125 0.11015625
0 0.89453125 0.14375 0.03359375 0.0953125
0 0.86484375 0.146875 0.025 0.1015625
0 0.83203125 0.1515625 0.03984375 0.0921875
0 0.78203125 0.15078125 0.06015625 0.0796875
0 0.73671875 0.14140625 0.03203125 0.0984375
0 0.62421875 0.7109375 0.04921875 0.03203125
0 0.69921875 0.13828125 0.04296875 0.090625
0 0.66875 0.7125 0.0296875 0.0265625
0 0.5828125 0.7265625 0.03359375 0.0375
0 0.5828125 0.678125 0.040625 0.0234375
0 0.4859375 0.6890625 0.03828125 0.0421875
0 0.48984375 0.7203125 0.04609375 0.021875
0 0.490625 0.746875 0.04453125 0.03125
0 0.4453125 0.734375 0.04765625 0.05703125
0 0.39140625 0.73984375 0.05625 0.0859375
0 0.3421875 0.771875 0.04453125 0.0234375
0 0.340625 0.746875 0.03828125 0.021875
0 0.33515625 0.7203125 0.04609375 0.03203125
0 0.58125 0.69921875 0.03359375 0.0171875
0 0.625 0.78203125 0.03203125 0.03671875
0 0.7046875 0.709375 0.03984375 0.034375
0 0.690625 0.64765625 0.04453125 0.0234375
0 0.58984375 0.8 0.03515625 0.01875
0 0.5890625 0.83046875 0.03984375 0.034375
0 0.54296875 0.8140625 0.05390625 0.0671875
0 0.49375 0.796875 0.03125 0.03125
0 0.49765625 0.8234375 0.040625 0.0234375
0 0.49921875 0.853125 0.03828125 0.034375
0 0.4484375 0.8375 0.0625 0.06640625
0 0.39296875 0.84921875 0.04453125 0.0859375
0 0.340625 0.89375 0.04453125 0.03359375
0 0.696875 0.67734375 0.05546875 0.0265625
0 0.34453125 0.859375 0.04921875 0.0234375
0 0.27265625 0.88125 0.08203125 0.11171875
0 0.21015625 0.925 0.04296875 0.0265625
0 0.134375 0.9375 0.1046875 0.0390625
0 0.1359375 0.8875 0.11171875 0.03125
0 0.84296875 0.6671875 0.040625 0.0203125
0 0.84765625 0.64375 0.0359375 0.021875
0 0.78671875 0.6625 0.08046875 0.08125
0 0.7328125 0.68515625 0.01796875 0.0296875
0 0.73359375 0.653125 0.01796875 0.034375
0 0.3421875 0.834375 0.05390625 0.0265625
0 0.7015625 0.7953125 0.03046875 0.03046875
0 0.596875 0.1359375 0.0421875 0.1015625
0 0.7625 0.740625 0.0671875 0.0375
0 0.6359375 0.48203125 0.0375 0.10546875
0 0.5921875 0.4859375 0.04921875 0.0984375
0 0.55390625 0.48515625 0.0265625 0.0984375
0 0.509375 0.4859375 0.0625 0.096875
0 0.46640625 0.4921875 0.02421875 0.10703125
0 0.43515625 0.4953125 0.03828125 0.10078125
0 0.3890625 0.49921875 0.0515625 0.109375
0 0.33671875 0.5 0.053125 0.1078125
0 0.28984375 0.50859375 0.04921875 0.11875
0 0.240625 0.5109375 0.04921875 0.115625
0 0.18671875 0.5125 0.0625 0.12421875
0 0.12890625 0.51796875 0.040625 0.1109375
0 0.0828125 0.528125 0.03984375 0.1125
0 0.0265625 0.53125 0.046875 0.10390625
0 0.9625 0.3515625 0.0671875 0.08046875
0 0.8359375 0.36328125 0.03125 0.09375
0 0.75703125 0.784375 0.07890625 0.0515625
0 0.75625 0.365625 0.0578125 0.08515625
0 0.70546875 0.3640625 0.04296875 0.08046875
0 0.66484375 0.365625 0.03828125 0.07578125
0 0.6265625 0.36953125 0.025 0.08359375
0 0.596875 0.37265625 0.03359375 0.07890625
0 0.565625 0.375 0.02890625 0.0828125
0 0.53203125 0.3734375 0.040625 0.084375
0 0.4890625 0.37578125 0.0453125 0.09765625
0 0.67109375 0.4703125 0.034375 0.08203125
0 0.70234375 0.46796875 0.02734375 0.0890625
0 0.73671875 0.4640625 0.04453125 0.08046875
0 0.7734375 0.4609375 0.02890625 0.08515625
0 0.47578125 0.615625 0.03671875 0.10859375
0 0.4359375 0.61328125 0.03828125 0.1046875
0 0.39765625 0.615625 0.03828125 0.096875
0 0.35546875 0.61953125 0.04921875 0.10390625
0 0.303125 0.625 0.05390625 0.09375
0 0.25078125 0.6375 0.05078125 0.11875
0 0.20390625 0.65234375 0.04296875 0.0890625
0 0.6046875 0.58671875 0.04296875 0.109375
0 0.64296875 0.5765625 0.0296875 0.090625
0 0.678125 0.57421875 0.0421875 0.09375
0 0.71953125 0.565625 0.03515625 0.0734375
0 0.75390625 0.56328125 0.03359375 0.0796875
0 0.446875 0.37421875 0.03984375 0.10078125
0 0.78984375 0.5640625 0.03828125 0.08359375
0 0.10546875 0.8234375 0.046875 0.053125
0 0.153125 0.81015625 0.046875 0.0421875
0 0.09609375 0.7765625 0.03125 0.03046875
0 0.13984375 0.765625 0.03359375 0.03359375
0 0.19375 0.74609375 0.05859375 0.05
0 0.2671875 0.740625 0.0828125 0.03515625
0 0.0328125 0.09375 0.05546875 0.1203125
0 0.075 0.1046875 0.03125 0.1
0 0.1375 0.6578125 0.0921875 0.10078125
0 0.05625 0.66484375 0.06484375 0.0875
0 0.84609375 0.453125 0.05546875 0.09375
0 0.803125 0.459375 0.0296875 0.08203125
0 0.040625 0.80546875 0.07421875 0.0890625
0 0.41328125 0.375 0.02421875 0.10234375
0 0.80234375 0.3625 0.03515625 0.0921875
0 0.28125 0.78515625 0.0609375 0.0375
0 0.22578125 0.10703125 0.03671875 0.1046875
0 0.17421875 0.096875 0.05234375 0.1109375
0 0.121875 0.0953125 0.05546875 0.115625
0 0.01953125 0.26171875 0.0359375 0.0703125
0 0.05625 0.2625 0.03828125 0.0703125
0 0.103125 0.25703125 0.0625 0.090625
0 0.56953125 0.2546875 0.04921875 0.096875
0 0.23515625 0.240625 0.06953125 0.12109375
0 0.328125 0.25 0.04296875 0.1109375
0 0.5296875 0.25546875 0.01953125 0.090625
0 0.49765625 0.2546875 0.04453125 0.0921875
0 0.459375 0.259375 0.03359375 0.10078125
0 0.37109375 0.25390625 0.0421875 0.103125
0 0.41640625 0.25546875 0.05 0.1078125
0 0.28828125 0.246875 0.0359375 0.10859375
0 0.61328125 0.25625 0.040625 0.09375
0 0.1671875 0.2421875 0.0625 0.1203125
0 0.70234375 0.25625 0.05859375 0.0890625
0 0.8265625 0.74453125 0.05703125 0.0625
0 0.65078125 0.253125 0.0421875 0.09375
0 0.35625 0.1125 0.03984375 0.1140625
0 0.3046875 0.1140625 0.0625 0.1109375
0 0.2578125 0.109375 0.02578125 0.10078125
0 0.26328125 0.39375 0.03984375 0.0859375
0 0.2203125 0.3921875 0.046875 0.08203125
0 0.36484375 0.3765625 0.07421875 0.0984375
0 0.09765625 0.3765625 0.06953125 0.1359375
0 0.03203125 0.403125 0.05859375 0.0828125
0 0.85 0.259375 0.03984375 0.0890625
0 0.8140625 0.259375 0.02890625 0.0890625
0 0.784375 0.2546875 0.03203125 0.0796875
0 0.74921875 0.253125 0.0375 0.084375
0 0.16328125 0.3765625 0.0671875 0.1125