0 0.034375 0.47734375 0.04140625 0.07265625
0 0.121875 0.4765625 0.0421875 0.0734375
0 0.16640625 0.4796875 0.040625 0.071875
0 0.0765625 0.4765625 0.0390625 0.0765625
0 0.9796875 0.334375 0.03984375 0.0859375
0 0.72421875 0.3328125 0.0453125 0.090625
0 0.88203125 0.3328125 0.0484375 0.090625
0 0.83046875 0.3328125 0.0515625 0.090625
0 0.7765625 0.3328125 0.04765625 0.0921875
0 0.18359375 0.43203125 0.04453125 0.0171875
0 0.67109375 0.3328125 0.0453125 0.08984375
0 0.9328125 0.33359375 0.04609375 0.090625
0 0.21796875 0.4796875 0.040625 0.07265625
0 0.7125 0.48125 0.04765625 0.07734375
0 0.30546875 0.47890625 0.0375 0.078125
0 0.35078125 0.48125 0.04140625 0.07265625
0 0.36953125 0.43125 0.0375 0.02109375
0 0.39765625 0.48046875 0.040625 0.071875
0 0.43984375 0.4828125 0.03984375 0.0703125
0 0.484375 0.48125 0.0390625 0.0703125
0 0.4578125 0.434375 0.04296875 0.0234375
0 0.5265625 0.48125 0.03828125 0.07421875
0 0.57109375 0.48046875 0.0390625 0.07421875
0 0.61484375 0.47890625 0.0390625 0.08046875
0 0.6625 0.4796875 0.04453125 0.08359375
0 0.621875 0.33203125 0.04765625 0.0890625
0 0.7609375 0.48046875 0.03984375 0.0828125
0 0.2625 0.4796875 0.03984375 0.071875
0 0.571875 0.3328125 0.04765625 0.08984375
0 0.015625 0.3296875 0.03125 0.078125
0 0.41640625 0.33359375 0.04609375 0.08203125
0 0.8203125 0.4796875 0.0453125 0.0859375
0 0.115625 0.3296875 0.04140625 0.08125
0 0.0625 0.33125 0.05703125 0.078125
0 0.98203125 0.18125 0.0359375 0.12109375
0 0.9421875 0.1796875 0.03671875 0.12109375
0 0.89921875 0.17890625 0.04296875 0.11875
0 0.85390625 0.1765625 0.04296875 0.12265625
0 0.80703125 0.1765625 0.03828125 0.1203125
0 0.76328125 0.1765625 0.03828125 0.1203125
0 0.72109375 0.17578125 0.03828125 0.1203125
0 0.678125 0.17421875 0.04296875 0.121875
0 0.63203125 0.18125 0.040625 0.109375
0 0.5859375 0.1796875 0.04609375 0.11015625
0 0.46953125 0.3328125 0.04609375 0.08203125
0 0.53671875 0.18125 0.0390625 0.109375
0 0.43828125 0.19609375 0.05078125 0.0828125
0 0.38125 0.1953125 0.0546875 0.078125
0 0.325 0.1953125 0.0546875 0.078125
0 0.26796875 0.19296875 0.05625 0.08046875
0 0.20859375 0.1890625 0.05703125 0.0875
0 0.15078125 0.1921875 0.053125 0.078125
0 0.09453125 0.18359375 0.05390625 0.09375
0 0.03515625 0.1859375 0.059375 0.090625
0 0.1625 0.3296875 0.0453125 0.08125
0 0.2109375 0.33046875 0.0453125 0.08203125
0 0.259375 0.33046875 0.0453125 0.08125
0 0.315625 0.3328125 0.04609375 0.08203125
0 0.36484375 0.334375 0.04609375 0.08125
0 0.48984375 0.1953125 0.0484375 0.08828125
0 0.8734375 0.48125 0.04453125 0.08359375
0 0.521875 0.3328125 0.0453125 0.08125
0 0.46796875 0.615625 0.0375 0.071875
0 0.97265625 0.625 0.0390625 0.06875
0 0.01953125 0.7234375 0.0390625 0.06796875
0 0.0609375 0.72421875 0.03671875 0.06953125
0 0.1 0.725 0.03671875 0.06953125
0 0.13828125 0.72109375 0.03671875 0.0765625
0 0.17890625 0.7203125 0.040625 0.075
0 0.22109375 0.725 0.03828125 0.0671875
0 0.91953125 0.4828125 0.0421875 0.08203125
0 0.26640625 0.72578125 0.0375 0.0703125
0 0.34765625 0.72734375 0.0375 0.0703125
0 0.39609375 0.7265625 0.0390625 0.075
0 0.4375 0.72734375 0.0375 0.0703125
0 0.48046875 0.72734375 0.0375 0.06953125
0 0.52109375 0.728125 0.03671875 0.07265625
0 0.56484375 0.7265625 0.0421875 0.07421875
0 0.6109375 0.7265625 0.0421875 0.075
0 0.30625 0.72578125 0.0375 0.06953125
0 0.965625 0.484375 0.04140625 0.07890625
0 0.0171875 0.60703125 0.03359375 0.0796875
0 0.06171875 0.60703125 0.040625 0.0765625
0 0.7890625 0.6171875 0.0359375 0.0765625
0 0.7484375 0.6171875 0.0390625 0.07578125
0 0.7046875 0.61640625 0.03984375 0.075
0 0.659375 0.61484375 0.03984375 0.075
0 0.6125 0.6140625 0.04921875 0.07578125
0 0.5609375 0.61640625 0.04921875 0.06875
0 0.5125 0.61484375 0.03671875 0.071875
0 0.92734375 0.61796875 0.04609375 0.0765625
0 0.89375 0.7578125 0.03359375 0.021875
0 0.425 0.61328125 0.0375 0.071875
0 0.38125 0.6140625 0.0375 0.071875
0 0.3375 0.61171875 0.0375 0.071875
0 0.29140625 0.6125 0.03984375 0.0734375
0 0.246875 0.6125 0.040625 0.0703125
0 0.20078125 0.6109375 0.04765625 0.0671875
0 0.15078125 0.61015625 0.04296875 0.0703125
0 0.10390625 0.6078125 0.03828125 0.07421875
0 0.6546875 0.72421875 0.03828125 0.0828125
0 0.8328125 0.61796875 0.0421875 0.07578125
0 0.878125 0.61796875 0.040625 0.0765625
0 0.8984375 0.86796875 0.04609375 0.078125
0 0.68203125 0.86484375 0.03984375 0.0765625
0 0.725 0.86875 0.03828125 0.0734375
0 0.76796875 0.86796875 0.03828125 0.0734375
0 0.8078125 0.86875 0.0359375 0.07421875
0 0.8484375 0.86796875 0.0390625 0.075
0 0.5609375 0.8671875 0.03828125 0.075
0 0.94609375 0.8671875 0.046875 0.07890625
0 0.9859375 0.875 0.0265625 0.0703125
0 0.89609375 0.73125 0.03515625 0.02578125
0 0.8578125 0.728125 0.03671875 0.084375
0 0.81953125 0.72890625 0.03671875 0.084375
0 0.78125 0.728125 0.03828125 0.0828125
0 0.7390625 0.725 0.03828125 0.0828125
0 0.64140625 0.865625 0.03515625 0.07578125
0 0.6953125 0.725 0.03828125 0.0828125
0 0.48046875 0.86484375 0.03203125 0.0734375
0 0.44453125 0.85234375 0.03203125 0.10625
0 0.41015625 0.8484375 0.03515625 0.1078125
0 0.36953125 0.846875 0.03515625 0.10859375
0 0.33046875 0.84453125 0.040625 0.1046875
0 0.2890625 0.84375 0.03828125 0.0953125
0 0.2421875 0.84375 0.03828125 0.0953125
0 0.18125 0.83984375 0.07265625 0.103125
0 0.11953125 0.83515625 0.03828125 0.09375
0 0.07890625 0.83671875 0.034375 0.1
0 0.03671875 0.8375 0.040625 0.0984375
0 0.978125 0.7265625 0.04375 0.078125
0 0.9328125 0.728125 0.03515625 0.08125
0 0.521875 0.86484375 0.03828125 0.075
0 0.60234375 0.865625 0.03828125 0.075