0 0.2125 0.40078125 0.0203125 0.03203125
0 0.27890625 0.37265625 0.01796875 0.03046875
0 0.253125 0.37265625 0.02265625 0.02734375
0 0.278125 0.33671875 0.0171875 0.02578125
0 0.24296875 0.32890625 0.01875 0.0234375
0 0.221875 0.3265625 0.01484375 0.028125
0 0.2171875 0.3609375 0.015625 0.028125
0 0.196875 0.3609375 0.01484375 0.0296875
0 0.2 0.33203125 0.021875 0.02578125
0 0.215625 0.49765625 0.0171875 0.02421875
0 0.3890625 0.14765625 0.01328125 0.0140625
0 0.47734375 0.14453125 0.0109375 0.01640625
0 0.484375 0.16171875 0.01171875 0.0140625
0 0.4703125 0.159375 0.0140625 0.0125
0 0.4546875 0.159375 0.0125 0.01640625
0 0.40546875 0.14921875 0.0140625 0.0125
0 0.371875 0.14375 0.01328125 0.01484375
0 0.52890625 0.2546875 0.009375 0.06015625
0 0.421875 0.03671875 0.021875 0.0203125
0 0.4 0.04921875 0.0171875 0.0125
0 0.50859375 0.37890625 0.07578125 0.02421875
0 0.5015625 0.35 0.0734375 0.02890625
0 0.49921875 0.321875 0.0703125 0.02265625
0 0.49375 0.29609375 0.0640625 0.01953125
0 0.43359375 0.496875 0.084375 0.01640625
0 0.4328125 0.4703125 0.084375 0.02890625
0 0.43203125 0.4390625 0.08046875 0.02890625
0 0.428125 0.40625 0.078125 0.028125
0 0.42578125 0.3765625 0.07421875 0.02578125
0 0.42421875 0.3453125 0.06875 0.028125
0 0.4609375 0.14296875 0.015625 0.0140625
0 0.4234375 0.3125 0.07421875 0.0265625
0 0.5015625 0.16328125 0.01171875 0.0125
0 0.365625 0.1625 0.0140625 0.0171875
0 0.46875 0.2125 0.0140625 0.015625
0 0.45234375 0.2109375 0.01171875 0.0125
0 0.4375 0.20859375 0.01171875 0.0125
0 0.4234375 0.20703125 0.01328125 0.01328125
0 0.490625 0.19765625 0.0125 0.015625
0 0.475 0.196875 0.01484375 0.0125
0 0.459375 0.19453125 0.01328125 0.01328125
0 0.44453125 0.19296875 0.0125 0.01328125
0 0.42890625 0.18984375 0.0140625 0.01484375
0 0.4125 0.18828125 0.01484375 0.01484375
0 0.49140625 0.1796875 0.0140625 0.01640625
0 0.47578125 0.17890625 0.0140625 0.0171875
0 0.46171875 0.17734375 0.01171875 0.01484375
0 0.44609375 0.1765625 0.0140625 0.01484375
0 0.4125 0.16875 0.01328125 0.01640625
0 0.39765625 0.1671875 0.01328125 0.01328125
0 0.40625 0.2046875 0.01328125 0.0109375
0 0.3953125 0.184375 0.0140625 0.01640625
0 0.38125 0.1640625 0.0140625 0.0171875
0 0.34765625 0.159375 0.0171875 0.01640625
0 0.41796875 0.28671875 0.071875 0.021875
0 0.33515625 0.49609375 0.09296875 0.01953125
0 0.33984375 0.46953125 0.08984375 0.0265625
0 0.48671875 0.05234375 0.01328125 0.01796875
0 0.4234375 0.1171875 0.0140625 0.01796875
0 0.33828125 0.375 0.08828125 0.03046875
0 0.3375 0.34140625 0.0921875 0.03046875
0 0.3375 0.3109375 0.08671875 0.02890625
0 0.278125 0.4984375 0.0171875 0.01875
0 0.259375 0.49765625 0.0171875 0.0171875
0 0.2375 0.49765625 0.015625 0.01640625
0 0.27890625 0.46953125 0.01796875 0.03046875
0 0.2578125 0.47109375 0.01875 0.03046875
0 0.23671875 0.4703125 0.01640625 0.02890625
0 0.215625 0.46953125 0.01875 0.028125
0 0.19453125 0.49921875 0.01796875 0.02265625
0 0.19375 0.4703125 0.01796875 0.03125
0 0.27734375 0.43671875 0.01875 0.025
0 0.25625 0.43671875 0.0203125 0.0296875
0 0.2359375 0.43671875 0.0171875 0.02734375
0 0.2140625 0.43515625 0.01796875 0.03203125
0 0.2796875 0.40703125 0.01953125 0.0296875
0 0.48125 0.071875 0.01328125 0.0171875
0 0.4984375 0.07265625 0.01640625 0.01484375
0 0.4703125 0.08984375 0.01328125 0.0140625
0 0.48671875 0.08984375 0.0125 0.01171875
0 0.34140625 0.43984375 0.09140625 0.0234375
0 0.340625 0.40703125 0.08984375 0.0328125
0 0.35625 0.14140625 0.0140625 0.0140625
0 0.471875 0.12578125 0.0109375 0.0125
0 0.45703125 0.125 0.0109375 0.01328125
0 0.42890625 0.13671875 0.0140625 0.01796875
0 0.4109375 0.13203125 0.00859375 0.01484375
0 0.396875 0.1296875 0.01171875 0.0140625
0 0.38125 0.128125 0.0140625 0.0140625
0 0.48359375 0.215625 0.01328125 0.01171875
0 0.36328125 0.12421875 0.0140625 0.0125
0 0.50859375 0.1484375 0.0140625 0.0125
0 0.49375 0.1453125 0.01171875 0.0140625
0 0.4859375 0.12734375 0.0140625 0.01484375
0 0.50078125 0.12890625 0.0125 0.015625
0 0.51796875 0.13125 0.0140625 0.01328125
0 0.4953125 0.1109375 0.0125 0.01328125
0 0.51015625 0.1125 0.0140625 0.0109375
0 0.48046875 0.10859375 0.0109375 0.01640625
0 0.46484375 0.109375 0.01640625 0.01640625
0 0.525 0.15078125 0.01328125 0.01640625
0 0.4984375 0.21640625 0.0140625 0.01484375
0 0.4140625 0.22265625 0.0140625 0.01171875
0 0.4296875 0.22578125 0.0109375 0.01015625
0 0.64453125 0.71953125 0.05390625 0.01875
0 0.64609375 0.69765625 0.05546875 0.0171875
0 0.58203125 0.79765625 0.05234375 0.015625
0 0.5828125 0.77578125 0.0515625 0.01796875
0 0.58671875 0.753125 0.05234375 0.01640625
0 0.58828125 0.73046875 0.0515625 0.0203125
0 0.5890625 0.70546875 0.0546875 0.02265625
0 0.49140625 0.82109375 0.06328125 0.0140625
0 0.49296875 0.79296875 0.065625 0.01796875
0 0.49453125 0.76875 0.065625 0.015625
0 0.496875 0.74765625 0.06953125 0.015625
0 0.49765625 0.71875 0.06796875 0.01328125
0 0.42421875 0.8390625 0.0609375 0.0234375
0 0.425 0.80859375 0.0609375 0.015625
0 0.4265625 0.7796875 0.0609375 0.021875
0 0.425 0.7578125 0.059375 0.01484375
0 0.42734375 0.73125 0.06171875 0.0140625
0 0.66015625 0.546875 0.05390625 0.021875
0 0.65703125 0.571875 0.0515625 0.021875
0 0.64296875 0.74140625 0.05546875 0.01796875
0 0.640625 0.7640625 0.05390625 0.01640625
0 0.63984375 0.7875 0.053125 0.0140625
0 0.51328125 0.23828125 0.00625 0.07734375
0 0.6765625 0.4875 0.0640625 0.0140625
0 0.675 0.4671875 0.06796875 0.01796875
0 0.6734375 0.4421875 0.065625 0.025
0 0.66640625 0.41328125 0.06796875 0.02734375
0 0.66015625 0.38515625 0.06640625 0.01953125
0 0.64453125 0.35625 0.05234375 0.0171875
0 0.6359375 0.3359375 0.06015625 0.0171875
0 0.60390625 0.490625 0.07421875 0.0140625
0 0.6015625 0.46796875 0.07421875 0.0265625
0 0.65625 0.59609375 0.0546875 0.0203125
0 0.6015625 0.44140625 0.071875 0.0234375
0 0.578125 0.38046875 0.059375 0.02265625
0 0.57421875 0.35703125 0.06171875 0.0140625
0 0.571875 0.334375 0.059375 0.02109375
0 0.1671875 0.2796875 0.02578125 0.02109375
0 0.1640625 0.42734375 0.0265625 0.025
0 0.16640625 0.40078125 0.0234375 0.02421875
0 0.16484375 0.371875 0.0203125 0.0265625
0 0.6328125 0.27734375 0.0109375 0.07578125
0 0.52109375 0.24296875 0.00625 0.07734375
0 0.59453125 0.4109375 0.071875 0.028125
0 0.25703125 0.403125 0.0203125 0.0296875
0 0.65390625 0.61953125 0.0546875 0.02109375
0 0.5953125 0.64765625 0.04921875 0.0171875
0 0.3515625 0.18125 0.0671875 0.01171875
0 0.35703125 0.19765625 0.06015625 0.01875
0 0.36484375 0.2171875 0.0640625 0.01484375
0 0.328125 0.25390625 0.01328125 0.02265625
0 0.240625 0.28359375 0.01796875 0.02734375
0 0.19921875 0.26640625 0.01875 0.01796875
0 0.19296875 0.2921875 0.015625 0.02734375
0 0.2171875 0.29375 0.01640625 0.02734375
0 0.475 0.2671875 0.05390625 0.015625
0 0.4046875 0.2640625 0.08203125 0.0234375
0 0.4921875 0.24921875 0.02265625 0.01328125
0 0.46953125 0.2453125 0.0109375 0.0109375
0 0.4546875 0.2453125 0.01171875 0.00859375
0 0.4390625 0.24296875 0.01171875 0.0109375
0 0.421875 0.23984375 0.01484375 0.01015625
0 0.49375 0.23203125 0.01875 0.0125
0 0.4765625 0.23203125 0.0125 0.01328125
0 0.4609375 0.23125 0.0140625 0.01328125
0 0.4453125 0.228125 0.0125 0.0125
0 0.58203125 0.27109375 0.00859375 0.071875
0 0.60859375 0.275 0.01171875 0.075
0 0.64140625 0.2796875 0.00625 0.07734375
0 0.62109375 0.275 0.00625 0.07734375
0 0.59453125 0.625 0.05078125 0.021875
0 0.59765625 0.6015625 0.05234375 0.02109375
0 0.5984375 0.5765625 0.0515625 0.02421875
0 0.60078125 0.5515625 0.0546875 0.021875
0 0.5015625 0.659375 0.06796875 0.01875
0 0.50390625 0.63359375 0.06640625 0.0203125
0 0.50546875 0.60859375 0.06875 0.02109375
0 0.50703125 0.5828125 0.06640625 0.01953125
0 0.50625 0.55234375 0.0734375 0.02578125
0 0.64921875 0.64296875 0.0546875 0.0140625
0 0.43125 0.6671875 0.0625 0.0234375
0 0.4328125 0.6171875 0.0671875 0.0234375
0 0.4359375 0.5890625 0.06953125 0.0203125
0 0.43359375 0.55859375 0.06171875 0.01953125
0 0.52265625 0.4984375 0.07265625 0.01953125
0 0.521875 0.47109375 0.075 0.0265625
0 0.521875 0.440625 0.07578125 0.0203125
0 0.51875 0.41171875 0.0765625 0.0296875
0 0.5390625 0.265625 0.00625 0.07734375
0 0.59375 0.27265625 0.00625 0.07734375
0 0.4328125 0.64296875 0.0640625 0.01796875
0 0.23515625 0.4046875 0.01875 0.03046875
0 0.503125 0.09375 0.015625 0.01796875
0 0.73515625 0.41328125 0.06015625 0.02265625
0 0.38828125 0.06875 0.015625 0.01484375
0 0.41796875 0.05625 0.0140625 0.01640625
0 0.42265625 0.07734375 0.01796875 0.0125
0 0.428125 0.0984375 0.01796875 0.01953125
0 0.41015625 0.0953125 0.0125 0.01796875
0 0.3953125 0.0921875 0.0140625 0.0140625
0 0.37734375 0.08671875 0.01875 0.0171875
0 0.371875 0.10703125 0.01484375 0.0171875
0 0.40625 0.0734375 0.0109375 0.01796875
0 0.40625 0.11328125 0.0140625 0.01640625
0 0.55234375 0.26640625 0.009375 0.0828125
0 0.703125 0.33203125 0.0625 0.0234375
0 0.3890625 0.1109375 0.01328125 0.01484375
0 0.728125 0.38515625 0.06171875 0.01796875
0 0.71953125 0.36328125 0.0609375 0.01796875
0 0.80546875 0.4640625 0.053125 0.01640625
0 0.8015625 0.44296875 0.05703125 0.01953125
0 0.80546875 0.41953125 0.0625 0.02578125
0 0.79140625 0.3640625 0.05234375 0.01796875
0 0.7953125 0.39140625 0.059375 0.025
0 0.74453125 0.4859375 0.0609375 0.0125
0 0.74375 0.465625 0.06484375 0.01953125
0 0.80703125 0.4828125 0.0546875 0.01328125
0 0.73828125 0.43984375 0.05546875 0.0234375
0 0.56640625 0.2671875 0.015625 0.08203125
0 0.76875 0.34140625 0.059375 0.02265625