0 0.2078125 0.96171875 0.05078125 0.06484375
0 0.746875 0.93671875 0.04921875 0.07578125
0 0.69140625 0.93046875 0.05078125 0.0859375
0 0.65 0.9359375 0.02890625 0.0703125
0 0.61953125 0.92734375 0.028125 0.10546875
0 0.58828125 0.92265625 0.0203125 0.096875
0 0.55234375 0.9375 0.040625 0.08125
0 0.50546875 0.934375 0.0453125 0.08046875
0 0.45390625 0.9375 0.02890625 0.08125
0 0.42265625 0.92109375 0.02265625 0.1
0 0.396875 0.92578125 0.02578125 0.10390625
0 0.36875 0.92265625 0.0265625 0.10625
0 0.33125 0.9234375 0.021875 0.1109375
0 0.303125 0.92109375 0.01953125 0.1125
0 0.278125 0.92578125 0.02265625 0.11328125
0 0.2453125 0.92421875 0.021875 0.10546875
0 0.9609375 0.78046875 0.0328125 0.10703125
0 0.92109375 0.78515625 0.04296875 0.0953125
0 0.82109375 0.78984375 0.0421875 0.1046875
0 0.7625 0.78125 0.05078125 0.103125
0 0.6765625 0.7828125 0.06796875 0.11640625
0 0.77734375 0.2125 0.028125 0.084375
0 0.80625 0.2125 0.02265625 0.084375
0 0.8515625 0.13203125 0.05859375 0.04609375
0 0.85546875 0.18359375 0.05546875 0.04140625
0 0.8578125 0.2296875 0.0546875 0.040625
0 0.9078125 0.21796875 0.03515625 0.06875
0 0.9046875 0.1375 0.03828125 0.07890625
0 0.81875 0.92578125 0.0359375 0.08984375
0 0.14609375 0.96171875 0.0515625 0.0765625
0 0.871875 0.93984375 0.04296875 0.06953125
0 0.95859375 0.93515625 0.03515625 0.06875
0 0.99140625 0.93984375 0.0171875 0.075
0 0.75078125 0.22734375 0.01875 0.0609375
0 0.11171875 0.21796875 0.03515625 0.084375
0 0.075 0.21875 0.03125 0.084375
0 0.07578125 0.96640625 0.0546875 0.0671875
0 0.021875 0.96015625 0.04375 0.078125
0 0.16796875 0.3328125 0.0234375 0.04375
0 0.02421875 0.57734375 0.0484375 0.07578125
0 0.61015625 0.7859375 0.03671875 0.09609375
0 0.7203125 0.22421875 0.02734375 0.06484375
0 0.6859375 0.21953125 0.02421875 0.08359375
0 0.63984375 0.19765625 0.0625 0.115625
0 0.59296875 0.2125 0.01875 0.09609375
0 0.5515625 0.20625 0.0546875 0.10078125
0 0.49765625 0.24140625 0.0484375 0.04140625
0 0.49609375 0.20078125 0.05390625 0.03203125
0 0.453125 0.2203125 0.02265625 0.084375
0 0.946875 0.14453125 0.0390625 0.03203125
0 0.0453125 0.21796875 0.02265625 0.08828125
0 0.39921875 0.2125 0.05546875 0.10078125
0 0.3609375 0.2203125 0.01953125 0.0875
0 0.3375 0.2203125 0.02265625 0.08671875
0 0.303125 0.209375 0.02890625 0.10859375
0 0.26875 0.2078125 0.0296875 0.1125
0 0.2234375 0.2109375 0.0515625 0.103125
0 0.17890625 0.2109375 0.0296875 0.09921875
0 0.14609375 0.221875 0.02421875 0.08203125
0 0.9140625 0.93203125 0.0359375 0.07421875
0 0.9484375 0.18515625 0.04296875 0.02890625
0 0.55859375 0.78203125 0.05859375 0.1140625
0 0.946875 0.24140625 0.034375 0.021875
0 0.32734375 0.65625 0.03671875 0.0984375
0 0.28671875 0.66015625 0.0375 0.10234375
0 0.24921875 0.6578125 0.03671875 0.1015625
0 0.2140625 0.753125 0.04140625 0.0765625
0 0.19609375 0.85703125 0.05390625 0.09140625
0 0.13515625 0.85859375 0.05625 0.084375
0 0.13671875 0.77109375 0.05859375 0.0796875
0 0.965625 0.50859375 0.06796875 0.12109375
0 0.9 0.51171875 0.05703125 0.12578125
0 0.83984375 0.51484375 0.05703125 0.10859375
0 0.79140625 0.51953125 0.0296875 0.0984375
0 0.74609375 0.5109375 0.053125 0.11640625
0 0.6890625 0.5109375 0.05234375 0.1125
0 0.640625 0.525 0.0375 0.08671875
0 0.55390625 0.515625 0.0359375 0.103125
0 0.50859375 0.51171875 0.04375 0.11484375
0 0.4640625 0.5125 0.040625 0.11015625
0 0.36796875 0.65703125 0.03515625 0.09765625
0 0.50625 0.78046875 0.03828125 0.1078125
0 0.459375 0.78125 0.05390625 0.103125
0 0.41015625 0.7890625 0.0375 0.103125
0 0.540625 0.646875 0.04453125 0.1015625
0 0.94765625 0.21640625 0.0328125 0.0234375
0 0.4953125 0.65859375 0.03671875 0.084375
0 0.45859375 0.6625 0.03515625 0.07890625
0 0.41171875 0.64921875 0.04609375 0.1125
0 0.58671875 0.65546875 0.03046875 0.08984375
0 0.6234375 0.6578125 0.03671875 0.09453125
0 0.67421875 0.66015625 0.0390625 0.0859375
0 0.41640625 0.53203125 0.03984375 0.07890625
0 0.71640625 0.65078125 0.03203125 0.0953125
0 0.79609375 0.6578125 0.03671875 0.09296875
0 0.834375 0.653125 0.0328125 0.10546875
0 0.87421875 0.65078125 0.040625 0.1046875
0 0.915625 0.65078125 0.0359375 0.10546875
0 0.96796875 0.6515625 0.0640625 0.10546875
0 0.2609375 0.7890625 0.04609375 0.125
0 0.31171875 0.7875 0.0390625 0.1203125
0 0.36328125 0.7859375 0.04765625 0.1125
0 0.7515625 0.65390625 0.03203125 0.10625
0 0.37421875 0.51171875 0.03984375 0.1234375
0 0.59765625 0.51171875 0.040625 0.11875
0 0.2890625 0.51484375 0.0453125 0.11171875
0 0.54296875 0.30625 0.05234375 0.08203125
0 0.4796875 0.3796875 0.06484375 0.103125
0 0.41953125 0.41796875 0.046875 0.02734375
0 0.37109375 0.415625 0.0421875 0.0390625
0 0.38046875 0.38046875 0.05078125 0.02578125
0 0.38046875 0.34609375 0.05078125 0.021875
0 0.38203125 0.3109375 0.053125 0.0390625
0 0.32109375 0.409375 0.0453125 0.04296875
0 0.31953125 0.36640625 0.05078125 0.034375
0 0.32734375 0.321875 0.0359375 0.02890625
0 0.26953125 0.29296875 0.0421875 0.02890625
0 0.26015625 0.334375 0.03984375 0.03359375
0 0.2640625 0.3734375 0.05390625 0.02578125
0 0.26328125 0.4125 0.05 0.04140625
0 0.20390625 0.40234375 0.0515625 0.04765625
0 0.2078125 0.3625 0.0515625 0.02265625
0 0.21484375 0.33203125 0.04453125 0.025
0 0.21796875 0.296875 0.0453125 0.02734375
0 0.13125 0.396875 0.06953125 0.07265625
0 0.065625 0.39765625 0.04921875 0.0640625
0 0.0328125 0.325 0.05390625 0.06484375
0 0.33203125 0.53359375 0.03203125 0.078125
0 0.58671875 0.31796875 0.02265625 0.06171875
0 0.54453125 0.3921875 0.06015625 0.0828125
0 0.61796875 0.40859375 0.028125 0.03828125
0 0.24296875 0.5234375 0.03515625 0.090625
0 0.19296875 0.571875 0.059375 0.08046875
0 0.1296875 0.57578125 0.05703125 0.07265625
0 0.975 0.3484375 0.05 0.15703125
0 0.92109375 0.35390625 0.05234375 0.134375
0 0.85859375 0.38046875 0.04140625 0.09296875
0 0.815625 0.38828125 0.03671875 0.078125
0 0.5890625 0.39453125 0.02265625 0.06796875
0 0.7125 0.3875 0.034375 0.1015625
0 0.61171875 0.33515625 0.02109375 0.0328125
0 0.7671875 0.365625 0.0484375 0.128125
0 0.6765625 0.39375 0.02890625 0.07265625
0 0.675 0.315625 0.02578125 0.078125
0 0.6453125 0.3203125 0.02421875 0.07421875
0 0.64609375 0.3953125 0.0265625 0.065625