0 0.6234375 0.43046875 0.165625 0.02421875
0 0.3140625 0.8375 0.17890625 0.02734375
0 0.946875 0.8484375 0.10625 0.021875
0 0.94453125 0.82734375 0.1109375 0.01953125
0 0.9375 0.8046875 0.125 0.015625
0 0.93515625 0.78828125 0.1296875 0.01953125
0 0.803125 0.85078125 0.16171875 0.02265625
0 0.8 0.82578125 0.15546875 0.02421875
0 0.790625 0.79453125 0.1515625 0.0234375
0 0.6421875 0.85703125 0.16171875 0.025
0 0.48203125 0.85859375 0.153125 0.0234375
0 0.48125 0.834375 0.15546875 0.02265625
0 0.640625 0.83125 0.16328125 0.0265625
0 0.63671875 0.80234375 0.15078125 0.021875
0 0.48125 0.8109375 0.1546875 0.02265625
0 0.471875 0.78671875 0.16875 0.0203125
0 0.315625 0.865625 0.17265625 0.028125
0 0.1296875 0.87265625 0.165625 0.0296875
0 0.63046875 0.77890625 0.14296875 0.02109375
0 0.27421875 0.3296875 0.16796875 0.021875
0 0.603125 0.265625 0.1328125 0.025
0 0.79140625 0.42734375 0.16875 0.02578125
0 0.79375 0.40390625 0.165625 0.021875
0 0.61484375 0.3859375 0.1625 0.01796875
0 0.61171875 0.4078125 0.15546875 0.02421875
0 0.45859375 0.43203125 0.1578125 0.02109375
0 0.453125 0.409375 0.1578125 0.021875
0 0.45234375 0.3875 0.1625 0.02109375
0 0.2859375 0.39296875 0.15625 0.01875
0 0.2859375 0.41328125 0.1625 0.02109375
0 0.76171875 0.6953125 0.16171875 0.01640625
0 0.76171875 0.7171875 0.16015625 0.021875
0 0.7671875 0.7375 0.1671875 0.0203125
0 0.9265625 0.69453125 0.146875 0.0171875
0 0.92890625 0.71640625 0.1421875 0.021875
0 0.928125 0.73828125 0.14375 0.0203125
0 0.125 0.65078125 0.14140625 0.0578125
0 0.26875 0.66796875 0.12421875 0.02109375
0 0.2640625 0.6453125 0.12265625 0.021875
0 0.3515625 0.64453125 0.0375 0.02109375
0 0.35078125 0.6671875 0.0359375 0.02109375
0 0.45234375 0.63984375 0.15859375 0.0234375
0 0.4515625 0.66328125 0.15703125 0.0234375
0 0.6078125 0.63515625 0.1515625 0.0203125
0 0.60703125 0.6578125 0.15078125 0.02578125
0 0.771875 0.6515625 0.16171875 0.04453125
0 0.7953125 0.38359375 0.153125 0.01640625
0 0.740625 0.2390625 0.13125 0.025
0 0.93984375 0.40390625 0.1203125 0.0234375
0 0.11171875 0.3078125 0.12265625 0.01953125
0 0.603125 0.24140625 0.13828125 0.0234375
0 0.45 0.26953125 0.16796875 0.02265625
0 0.4515625 0.24453125 0.1640625 0.02109375
0 0.29296875 0.26796875 0.14140625 0.02734375
0 0.29296875 0.24453125 0.146875 0.01953125
0 0.153125 0.2453125 0.121875 0.02421875
0 0.15703125 0.26953125 0.1265625 0.02265625
0 0.046875 0.27109375 0.09140625 0.02265625
0 0.0453125 0.24765625 0.08828125 0.02265625
0 0.925 0.34453125 0.128125 0.021875
0 0.9234375 0.321875 0.125 0.01875
0 0.7859375 0.34765625 0.14765625 0.0203125
0 0.78515625 0.3296875 0.15234375 0.015625
0 0.7875 0.30859375 0.14140625 0.021875
0 0.63125 0.35 0.1515625 0.01953125
0 0.63203125 0.3296875 0.1484375 0.01875
0 0.6359375 0.31171875 0.15703125 0.01796875
0 0.46328125 0.30546875 0.16328125 0.01796875
0 0.465625 0.3296875 0.1671875 0.021875
0 0.46796875 0.3515625 0.16875 0.01953125
0 0.2765625 0.353125 0.17265625 0.0234375
0 0.14375 0.728125 0.1671875 0.02578125
0 0.278125 0.30859375 0.1765625 0.01640625
0 0.115625 0.353125 0.13125 0.025
0 0.115625 0.32890625 0.13046875 0.021875
0 0.94140625 0.42578125 0.1171875 0.01640625
0 0.14375 0.75078125 0.16015625 0.01953125
0 0.60625 0.703125 0.14453125 0.015625
0 0.303125 0.7515625 0.15 0.0203125
0 0.61796875 0.134375 0.165625 0.02421875
0 0.615625 0.109375 0.1671875 0.025
0 0.44296875 0.10625 0.1640625 0.02578125
0 0.44765625 0.13359375 0.16796875 0.02578125
0 0.2890625 0.08828125 0.12890625 0.02578125
0 0.1578125 0.08671875 0.13515625 0.0234375
0 0.15546875 0.109375 0.1375 0.021875
0 0.290625 0.11328125 0.12890625 0.0234375
0 0.29375 0.1375 0.12734375 0.0234375
0 0.1546875 0.134375 0.14296875 0.0265625
0 0.03984375 0.13671875 0.0796875 0.02890625
0 0.78203125 0.13359375 0.16015625 0.0234375
0 0.040625 0.109375 0.08125 0.021875
0 0.9484375 0.19609375 0.103125 0.0265625
0 0.9484375 0.17109375 0.103125 0.0265625
0 0.81640625 0.19609375 0.159375 0.02265625
0 0.81875 0.171875 0.1578125 0.02421875
0 0.65234375 0.19609375 0.16875 0.02578125
0 0.64921875 0.17109375 0.16875 0.02421875
0 0.4640625 0.1984375 0.171875 0.0296875
0 0.15390625 0.2046875 0.1234375 0.02578125
0 0.15625 0.17890625 0.13203125 0.0265625
0 0.04609375 0.2046875 0.0890625 0.0234375
0 0.046875 0.18046875 0.09140625 0.02578125
0 0.03984375 0.0875 0.07890625 0.01875
0 0.78046875 0.10859375 0.1609375 0.02578125
0 0.1890625 0.01796875 0.04140625 0.0140625
0 0.36953125 0.02890625 0.040625 0.0203125
0 0.93125 0.11171875 0.1375 0.0171875
0 0.93359375 0.13359375 0.1328125 0.02421875
0 0.23359375 0.05078125 0.0390625 0.0203125
0 0.27734375 0.05234375 0.04375 0.02265625
0 0.23359375 0.03125 0.040625 0.01796875
0 0.27734375 0.03125 0.0453125 0.01953125
0 0.23359375 0.0171875 0.03984375 0.01171875
0 0.2765625 0.01484375 0.0421875 0.01171875
0 0.32421875 0.03046875 0.04453125 0.01796875
0 0.328125 0.05078125 0.040625 0.0203125
0 0.1921875 0.04453125 0.040625 0.034375
0 0.034375 0.84765625 0.06875 0.02421875
0 0.03671875 0.82421875 0.0703125 0.0171875
0 0.03671875 0.8046875 0.06953125 0.0234375
0 0.15 0.84140625 0.146875 0.03046875
0 0.61328125 0.03125 0.04296875 0.04765625
0 0.56953125 0.03203125 0.03515625 0.05
0 0.53203125 0.03125 0.03671875 0.053125
0 0.49453125 0.034375 0.0359375 0.0515625
0 0.4546875 0.04921875 0.04375 0.01875
0 0.303125 0.7296875 0.15390625 0.02109375
0 0.45390625 0.0296875 0.0421875 0.01796875
0 0.41015625 0.028125 0.0390625 0.0203125
0 0.4125 0.0484375 0.040625 0.01796875
0 0.36875 0.04921875 0.0390625 0.01484375
0 0.87578125 0.26015625 0.140625 0.0265625
0 0.87578125 0.23671875 0.1328125 0.02265625
0 0.296875 0.19140625 0.14140625 0.0515625
0 0.17109375 0.47265625 0.1359375 0.0171875
0 0.6109375 0.5453125 0.16015625 0.015625
0 0.45859375 0.5484375 0.15390625 0.01328125
0 0.77578125 0.54296875 0.16171875 0.015625
0 0.76171875 0.5609375 0.15546875 0.01796875
0 0.76640625 0.58359375 0.15390625 0.02109375
0 0.92421875 0.58515625 0.15078125 0.02578125
0 0.06328125 0.49609375 0.07265625 0.06171875
0 0.175 0.515625 0.14609375 0.0203125
0 0.1734375 0.49453125 0.1421875 0.0234375
0 0.290625 0.43515625 0.16484375 0.0203125
0 0.1328125 0.43515625 0.1453125 0.02109375
0 0.13046875 0.41484375 0.14375 0.0203125
0 0.61015625 0.5875 0.159375 0.0203125
0 0.12890625 0.39296875 0.1453125 0.02109375
0 0.771875 0.46328125 0.15859375 0.0140625
0 0.775 0.4828125 0.1625 0.01796875
0 0.778125 0.50625 0.15859375 0.02421875
0 0.61640625 0.509375 0.1546875 0.0203125
0 0.615625 0.4875 0.1625 0.01953125
0 0.6125 0.46796875 0.1578125 0.01875
0 0.45859375 0.475 0.15 0.0171875
0 0.45625 0.515625 0.1453125 0.01875
0 0.4578125 0.49453125 0.15234375 0.01953125
0 0.31015625 0.5140625 0.12578125 0.02421875
0 0.309375 0.4890625 0.13046875 0.02265625
0 0.7375 0.2640625 0.13515625 0.02421875
0 0.92890625 0.4953125 0.1421875 0.0421875
0 0.60546875 0.565625 0.15390625 0.02109375
0 0.925 0.56015625 0.14921875 0.02109375
0 0.44765625 0.5671875 0.15703125 0.01875
0 0.4515625 0.58984375 0.15390625 0.02265625
0 0.45703125 0.72421875 0.146875 0.01796875
0 0.45390625 0.74296875 0.14375 0.02109375
0 0.6046875 0.721875 0.14765625 0.0203125
0 0.5984375 0.740625 0.14375 0.0171875
0 0.928125 0.6203125 0.14375 0.0203125
0 0.4609375 0.7046875 0.14609375 0.015625
0 0.9265625 0.640625 0.1453125 0.01953125
0 0.93046875 0.6609375 0.1390625 0.0203125
0 0.11953125 0.5796875 0.17734375 0.0484375
0 0.2890625 0.55 0.1546875 0.0171875
0 0.28984375 0.571875 0.15546875 0.0203125
0 0.29140625 0.59453125 0.15859375 0.0203125