0 0.48671875 0.7171875 0.021875 0.0390625
0 0.828125 0.4171875 0.065625 0.07734375
0 0.5234375 0.6203125 0.053125 0.0671875
0 0.58359375 0.6265625 0.0484375 0.059375
0 0.64765625 0.62890625 0.05 0.0609375
0 0.7 0.6234375 0.03203125 0.04765625
0 0.75859375 0.63046875 0.03125 0.05
0 0.940625 0.140625 0.09296875 0.09609375
0 0.8484375 0.14609375 0.0875 0.0921875
0 0.76796875 0.13984375 0.05234375 0.1046875
0 0.709375 0.140625 0.06328125 0.10234375
0 0.65078125 0.159375 0.05 0.0625
0 0.6 0.1625 0.0484375 0.059375
0 0.546875 0.14453125 0.04296875 0.0875
0 0.50078125 0.1453125 0.0484375 0.08671875
0 0.453125 0.14296875 0.0484375 0.08125
0 0.40234375 0.13984375 0.0484375 0.0859375
0 0.35078125 0.13984375 0.04765625 0.0859375
0 0.29921875 0.14140625 0.05546875 0.08359375
0 0.24921875 0.1421875 0.0453125 0.08984375
0 0.19296875 0.12890625 0.059375 0.11328125
0 0.4671875 0.62109375 0.05703125 0.06875
0 0.4109375 0.6171875 0.04765625 0.06796875
0 0.34609375 0.6171875 0.07578125 0.065625
0 0.25078125 0.615625 0.08984375 0.06796875
0 0.92109375 0.86015625 0.06328125 0.0921875
0 0.97578125 0.84921875 0.0484375 0.1140625
0 0.18203125 0.70859375 0.05 0.05
0 0.2234375 0.70546875 0.02734375 0.05546875
0 0.26953125 0.7125 0.0234375 0.046875
0 0.2953125 0.7140625 0.02578125 0.0453125
0 0.3359375 0.7140625 0.0328125 0.0421875
0 0.3875 0.7078125 0.0265625 0.0390625
0 0.43671875 0.7078125 0.02265625 0.040625
0 0.1125 0.12578125 0.06328125 0.11796875
0 0.46484375 0.7171875 0.02109375 0.0390625
0 0.540625 0.7078125 0.02265625 0.053125
0 0.5671875 0.7125 0.02109375 0.059375
0 0.5953125 0.6984375 0.01953125 0.04140625
0 0.61953125 0.69765625 0.02109375 0.03515625
0 0.66171875 0.71484375 0.03515625 0.05234375
0 0.709375 0.71015625 0.04375 0.05546875
0 0.76875 0.71875 0.06796875 0.05234375
0 0.8359375 0.7109375 0.06171875 0.0671875
0 0.1703125 0.6171875 0.06953125 0.06484375
0 0.51640625 0.71484375 0.021875 0.04375
0 0.859375 0.8640625 0.04453125 0.09921875
0 0.9609375 0.27421875 0.03125 0.0765625
0 0.8625 0.2890625 0.0453125 0.0859375
0 0.1484375 0.40703125 0.0859375 0.06796875
0 0.98046875 0.5265625 0.0390625 0.1
0 0.93359375 0.53125 0.0484375 0.09921875
0 0.878125 0.5265625 0.040625 0.08125
0 0.83125 0.528125 0.040625 0.08828125
0 0.78046875 0.52578125 0.04765625 0.08359375
0 0.73046875 0.525 0.04921875 0.08515625
0 0.67890625 0.525 0.05078125 0.0828125
0 0.62734375 0.525 0.05234375 0.08203125
0 0.57734375 0.52265625 0.0484375 0.078125
0 0.51875 0.525 0.059375 0.08125
0 0.45625 0.5234375 0.0671875 0.0765625
0 0.384375 0.52578125 0.06796875 0.07421875
0 0.31015625 0.52578125 0.06796875 0.06875
0 0.24765625 0.5265625 0.0515625 0.06484375
0 0.19296875 0.51328125 0.03828125 0.078125
0 0.14453125 0.515625 0.05859375 0.07265625
0 0.96171875 0.68515625 0.0609375 0.08828125
0 0.90078125 0.66796875 0.028125 0.075
0 0.23671875 0.409375 0.0734375 0.07265625
0 0.321875 0.40859375 0.0796875 0.0703125
0 0.41171875 0.4109375 0.07109375 0.0734375
0 0.4765625 0.41484375 0.0359375 0.06875
0 0.81484375 0.28515625 0.0453125 0.08203125
0 0.76796875 0.28515625 0.040625 0.08125
0 0.7203125 0.2828125 0.04765625 0.0796875
0 0.67109375 0.28515625 0.04140625 0.071875
0 0.6265625 0.2875 0.0515625 0.08515625
0 0.57890625 0.28671875 0.03984375 0.0875
0 0.53203125 0.28515625 0.04453125 0.07265625
0 0.48515625 0.2828125 0.04609375 0.07578125
0 0.43828125 0.284375 0.04609375 0.08046875
0 0.90859375 0.28828125 0.040625 0.0890625
0 0.3609375 0.26953125 0.10546875 0.10390625
0 0.15 0.26953125 0.1078125 0.10390625
0 0.975 0.371875 0.05 0.06796875
0 0.8875 0.41796875 0.0421875 0.07578125
0 0.78671875 0.62734375 0.02578125 0.0578125
0 0.7375 0.415625 0.0484375 0.07109375
0 0.684375 0.41171875 0.05 0.07421875
0 0.63046875 0.41328125 0.046875 0.07265625
0 0.57109375 0.38515625 0.0515625 0.059375
0 0.51796875 0.409375 0.03515625 0.0765625
0 0.25859375 0.26796875 0.09921875 0.10234375
0 0.86328125 0.63125 0.0328125 0.05
0 0.81328125 0.85859375 0.04921875 0.1109375
0 0.6921875 0.8546875 0.0375 0.103125
0 0.7625 0.85625 0.04609375 0.1078125
0 0.18203125 0.84375 0.03671875 0.09296875
0 0.24140625 0.84921875 0.03515625 0.096875
0 0.27890625 0.8515625 0.02421875 0.09453125
0 0.30703125 0.8453125 0.02734375 0.1125
0 0.346875 0.84765625 0.03828125 0.0984375
0 0.3921875 0.85859375 0.034375 0.071875
0 0.82265625 0.63125 0.04140625 0.04921875
0 0.47109375 0.85703125 0.03125 0.08125
0 0.5046875 0.84765625 0.03359375 0.096875
0 0.54375 0.85078125 0.03828125 0.1046875
0 0.58125 0.84921875 0.0359375 0.10078125
0 0.61640625 0.8484375 0.034375 0.10234375
0 0.43125 0.84609375 0.040625 0.078125
0 0.65078125 0.85625 0.03515625 0.1125