0 0.9578125 0.38203125 0.02109375 0.02421875
0 0.96171875 0.3515625 0.0171875 0.028125
0 0.94140625 0.35390625 0.0203125 0.025
0 0.91796875 0.35625 0.01953125 0.02578125
0 0.89453125 0.36015625 0.0203125 0.03046875
0 0.86875 0.3609375 0.02265625 0.02734375
0 0.84140625 0.36484375 0.02265625 0.02734375
0 0.95390625 0.4109375 0.01953125 0.02734375
0 0.9203125 0.4140625 0.01171875 0.02421875
0 0.92109375 0.3859375 0.01328125 0.02578125
0 0.79296875 0.40234375 0.015625 0.025
0 0.81171875 0.39921875 0.015625 0.02578125
0 0.8328125 0.39609375 0.01484375 0.02578125
0 0.85234375 0.39453125 0.01796875 0.025
0 0.79140625 0.43359375 0.01875 0.03125
0 0.81015625 0.43203125 0.01328125 0.03203125
0 0.83203125 0.425 0.01796875 0.025
0 0.85859375 0.42265625 0.01953125 0.021875
0 0.93828125 0.38359375 0.0109375 0.02578125
0 0.76875 0.42109375 0.01953125 0.05390625
0 0.97890625 0.496875 0.0421875 0.02734375
0 0.93671875 0.4703125 0.03125 0.03046875
0 0.86953125 0.39140625 0.015625 0.025
0 0.90546875 0.41796875 0.01171875 0.0265625
0 0.88984375 0.42109375 0.01796875 0.02734375
0 0.90625 0.38828125 0.01328125 0.0265625
0 0.88984375 0.390625 0.01328125 0.028125
0 0.9359375 0.415625 0.01484375 0.0296875
0 0.978125 0.46484375 0.04375 0.02890625
0 0.934375 0.50390625 0.034375 0.03203125
0 0.06796875 0.9078125 0.09296875 0.05390625
0 0.87421875 0.51953125 0.0765625 0.04140625
0 0.06875 0.2765625 0.0296875 0.0125
0 0.10625 0.27421875 0.03046875 0.015625
0 0.103125 0.246875 0.034375 0.02578125
0 0.06484375 0.24921875 0.03671875 0.028125
0 0.02890625 0.24609375 0.03125 0.02578125
0 0.14296875 0.334375 0.0453125 0.1078125
0 0.090625 0.3390625 0.0484375 0.11015625
0 0.04140625 0.34296875 0.04140625 0.11328125
0 0.19921875 0.3296875 0.0453125 0.1109375
0 0.2453125 0.33046875 0.03984375 0.1078125
0 0.28671875 0.3328125 0.03203125 0.10234375
0 0.925 0.5734375 0.071875 0.04375
0 0.91328125 0.64296875 0.07578125 0.05078125
0 0.821875 0.59140625 0.08515625 0.03984375
0 0.8203125 0.63046875 0.08359375 0.0359375
0 0.82421875 0.67265625 0.08828125 0.040625
0 0.73828125 0.6203125 0.071875 0.034375
0 0.73671875 0.65625 0.06953125 0.03359375
0 0.7359375 0.69375 0.0671875 0.034375
0 0.034375 0.275 0.02734375 0.01171875
0 0.74453125 0.42421875 0.021875 0.06328125
0 0.72265625 0.43046875 0.01953125 0.04921875
0 0.68125 0.46015625 0.05625 0.06875
0 0.7078125 0.2546875 0.059375 0.0796875
0 0.7359375 0.146875 0.03046875 0.128125
0 0.77265625 0.15078125 0.0359375 0.13515625
0 0.84609375 0.15546875 0.046875 0.11796875
0 0.8890625 0.15625 0.03125 0.11640625
0 0.92265625 0.15859375 0.03203125 0.11640625
0 0.9625 0.15703125 0.03203125 0.10703125
0 0.9875 0.27578125 0.02421875 0.08671875
0 0.9578125 0.27734375 0.0234375 0.0875
0 0.05078125 0.78984375 0.084375 0.0578125
0 0.92421875 0.28203125 0.02578125 0.09921875
0 0.83984375 0.2859375 0.02890625 0.1109375
0 0.86875 0.28125 0.01953125 0.10390625
0 0.70859375 0.515625 0.04765625 0.03359375
0 0.8734375 0.478125 0.07890625 0.0359375
0 0.71015625 0.553125 0.04140625 0.03828125
0 0.665625 0.56015625 0.0375 0.0390625
0 0.98828125 0.40078125 0.0171875 0.0296875
0 0.81328125 0.36640625 0.015625 0.034375
0 0.790625 0.36796875 0.0171875 0.0390625
0 0.89375 0.28125 0.02890625 0.09921875
0 0.7875 0.2859375 0.03828125 0.10234375
0 0.64296875 0.29296875 0.0484375 0.1078125
0 0.34921875 0.24609375 0.03046875 0.0171875
0 0.4765625 0.72578125 0.0484375 0.03671875
0 0.53046875 0.7078125 0.04140625 0.03828125
0 0.58125 0.7015625 0.0421875 0.03203125
0 0.6328125 0.6875 0.04140625 0.0328125
0 0.67734375 0.6734375 0.034375 0.0328125
0 0.678125 0.63515625 0.04140625 0.0390625
0 0.6359375 0.64765625 0.03515625 0.04375
0 0.58671875 0.6609375 0.04453125 0.04296875
0 0.53203125 0.66875 0.05 0.034375
0 0.42109375 0.7421875 0.046875 0.03671875
0 0.4796875 0.68515625 0.05 0.03671875
0 0.3625 0.80625 0.0578125 0.04375
0 0.3625 0.759375 0.06015625 0.03984375
0 0.29765625 0.82734375 0.06484375 0.0421875
0 0.29140625 0.78046875 0.06953125 0.0421875
0 0.22578125 0.8484375 0.06640625 0.0515625
0 0.21953125 0.79765625 0.06953125 0.0453125
0 0.153125 0.87265625 0.07109375 0.0484375
0 0.146875 0.8234375 0.0734375 0.040625
0 0.13671875 0.77265625 0.07578125 0.05078125
0 0.41875 0.696875 0.05703125 0.0375
0 0.696875 0.14375 0.03515625 0.12890625
0 0.42734375 0.7859375 0.0515625 0.0453125
0 0.53515625 0.75 0.04921875 0.04375
0 0.3796875 0.24765625 0.02421875 0.0234375
0 0.409375 0.24765625 0.02421875 0.02265625
0 0.44296875 0.2484375 0.0234375 0.0265625
0 0.465625 0.246875 0.0171875 0.01953125
0 0.4921875 0.24296875 0.02109375 0.01953125
0 0.48984375 0.26875 0.01953125 0.01015625
0 0.3484375 0.271875 0.02734375 0.015625
0 0.378125 0.27109375 0.021875 0.015625
0 0.403125 0.27109375 0.0234375 0.01328125
0 0.4828125 0.76953125 0.05390625 0.03515625
0 0.4453125 0.26953125 0.0234375 0.0125
0 0.375 0.3234375 0.02734375 0.08125
0 0.4046875 0.32109375 0.02265625 0.078125
0 0.4296875 0.32109375 0.01875 0.0828125
0 0.459375 0.31796875 0.021875 0.08125
0 0.4890625 0.31640625 0.02265625 0.07578125
0 0.515625 0.31640625 0.02109375 0.0796875
0 0.6796875 0.7109375 0.03984375 0.03359375
0 0.634375 0.725 0.046875 0.03125
0 0.5859375 0.7359375 0.04609375 0.028125
0 0.46796875 0.26875 0.01875 0.0125
0 0.65234375 0.14609375 0.04140625 0.1390625
0 0.5375 0.46640625 0.0484375 0.0390625
0 0.04609375 0.6859375 0.0875 0.053125
0 0.4015625 0.13671875 0.04921875 0.1609375
0 0.34296875 0.1328125 0.05546875 0.16328125
0 0.27578125 0.12890625 0.06171875 0.165625
0 0.203125 0.60234375 0.0765625 0.05078125
0 0.278125 0.59453125 0.06796875 0.05390625
0 0.28125 0.64453125 0.06875 0.04453125
0 0.20859375 0.66015625 0.06953125 0.0484375
0 0.34609375 0.62265625 0.059375 0.03828125
0 0.409375 0.6140625 0.05625 0.04140625
0 0.4671875 0.60546875 0.05546875 0.040625
0 0.52421875 0.59296875 0.053125 0.0421875
0 0.4625 0.55859375 0.0609375 0.04765625
0 0.521875 0.54921875 0.05078125 0.03828125
0 0.571875 0.5390625 0.04375 0.03828125
0 0.203125 0.1203125 0.06640625 0.1796875
0 0.12578125 0.11640625 0.07109375 0.18125
0 0.04921875 0.11640625 0.06875 0.18671875
0 0.6640625 0.52109375 0.0390625 0.03515625
0 0.575 0.58046875 0.04453125 0.03671875
0 0.621875 0.571875 0.0421875 0.03515625
0 0.5125 0.1390625 0.046875 0.14921875
0 0.459375 0.13828125 0.05078125 0.15703125
0 0.61015625 0.14453125 0.03671875 0.14375
0 0.78359375 0.53671875 0.09375 0.04140625
0 0.07578125 0.53671875 0.08203125 0.05234375
0 0.14921875 0.46875 0.08359375 0.046875
0 0.22890625 0.459375 0.06953125 0.0453125
0 0.23359375 0.51171875 0.07265625 0.04765625
0 0.15546875 0.525 0.075 0.05703125
0 0.296875 0.45078125 0.0515625 0.05703125
0 0.30390625 0.5015625 0.05625 0.03828125
0 0.3625 0.43984375 0.05703125 0.04453125
0 0.56328125 0.14140625 0.04453125 0.14765625
0 0.421875 0.4359375 0.059375 0.04296875
0 0.3625 0.490625 0.06015625 0.04921875
0 0.5375 0.42265625 0.05390625 0.03828125
0 0.59296875 0.4609375 0.0515625 0.0421875
0 0.48203125 0.4296875 0.05546875 0.04296875
0 0.48359375 0.47578125 0.05703125 0.04453125
0 0.06171875 0.84921875 0.0890625 0.0546875
0 0.04140625 0.6328125 0.07890625 0.04609375
0 0.121875 0.62421875 0.07578125 0.04453125
0 0.13359375 0.6734375 0.07890625 0.04296875
0 0.4265625 0.484375 0.053125 0.05
0 0.62109375 0.53203125 0.04296875 0.0375