0 0.04609375 0.75703125 0.040625 0.07109375
0 0.65546875 0.6140625 0.02109375 0.06953125
0 0.628125 0.6046875 0.028125 0.08359375
0 0.59921875 0.6015625 0.02421875 0.0859375
0 0.05 0.61796875 0.046875 0.06640625
0 0.10234375 0.6078125 0.0484375 0.04765625
0 0.35625 0.68671875 0.0578125 0.06484375
0 0.22421875 0.7046875 0.05390625 0.0125
0 0.16015625 0.7546875 0.06484375 0.0515625
0 0.56875 0.6078125 0.02265625 0.06875
0 0.1625 0.65546875 0.05859375 0.01015625
0 0.16015625 0.63984375 0.05703125 0.0140625
0 0.2265625 0.646875 0.059375 0.0140625
0 0.76640625 0.89140625 0.05703125 0.01796875
0 0.978125 0.85625 0.0296875 0.07890625
0 0.290625 0.68515625 0.03984375 0.07109375
0 0.9109375 0.85390625 0.06015625 0.08515625
0 0.2328125 0.659375 0.06484375 0.00625
0 0.23125 0.66953125 0.06015625 0.0078125
0 0.165625 0.6765625 0.05390625 0.01328125
0 0.23046875 0.68125 0.05859375 0.0109375
0 0.1703125 0.6890625 0.053125 0.00703125
0 0.22734375 0.6921875 0.05390625 0.00703125
0 0.16484375 0.7 0.0515625 0.01015625
0 0.8375 0.85 0.05234375 0.10390625
0 0.5390625 0.60390625 0.0234375 0.078125
0 0.01328125 0.51953125 0.025 0.0578125
0 0.4625 0.59609375 0.0234375 0.07890625
0 0.75 0.49296875 0.02890625 0.0953125
0 0.70546875 0.496875 0.04609375 0.08671875
0 0.65859375 0.50078125 0.0296875 0.0734375
0 0.62421875 0.48984375 0.02421875 0.0875
0 0.59140625 0.48671875 0.02890625 0.09140625
0 0.12109375 0.540625 0.02734375 0.03125
0 0.25703125 0.47734375 0.03828125 0.0671875
0 0.2984375 0.47890625 0.02734375 0.07109375
0 0.784375 0.49375 0.03203125 0.096875
0 0.340625 0.49453125 0.03515625 0.05390625
0 0.371875 0.4671875 0.021875 0.096875
0 0.4 0.48515625 0.02578125 0.078125
0 0.43125 0.4796875 0.02578125 0.09375
0 0.46171875 0.48515625 0.02109375 0.08203125
0 0.49453125 0.4875 0.0234375 0.08515625
0 0.51953125 0.49375 0.01953125 0.07265625
0 0.55 0.49375 0.0359375 0.075
0 0.09453125 0.5140625 0.01953125 0.05546875
0 0.16015625 0.5703125 0.0296875 0.08671875
0 0.82421875 0.50390625 0.040625 0.078125
0 0.86640625 0.503125 0.034375 0.08671875
0 0.92109375 0.50078125 0.0640625 0.0765625
0 0.43515625 0.60234375 0.02265625 0.0546875
0 0.4078125 0.59765625 0.025 0.0625
0 0.37421875 0.5984375 0.0265625 0.059375
0 0.34140625 0.58984375 0.028125 0.071875
0 0.3109375 0.5890625 0.0234375 0.0640625
0 0.28359375 0.584375 0.01796875 0.06875
0 0.246875 0.58125 0.028125 0.0703125
0 0.2140625 0.5765625 0.025 0.07265625
0 0.7 0.61796875 0.0453125 0.07109375
0 0.7453125 0.61640625 0.03203125 0.0765625
0 0.778125 0.62265625 0.028125 0.0609375
0 0.82421875 0.640625 0.04609375 0.03984375
0 0.88125 0.615625 0.05546875 0.03125
0 0.421875 0.69296875 0.04609375 0.0734375
0 0.878125 0.64375 0.05234375 0.01171875
0 0.87421875 0.659375 0.04765625 0.01171875
0 0.98125 0.62890625 0.02109375 0.08359375
0 0.93828125 0.63046875 0.0546875 0.06640625
0 0.9796875 0.50234375 0.040625 0.0953125
0 0.5 0.596875 0.0375 0.084375
0 0.48828125 0.703125 0.046875 0.071875
0 0.7765625 0.83203125 0.0578125 0.0765625
0 0.628125 0.71328125 0.0609375 0.078125
0 0.37421875 0.2328125 0.03125 0.07265625
0 0.31015625 0.23515625 0.0328125 0.06484375
0 0.27265625 0.22890625 0.03046875 0.08359375
0 0.24453125 0.23515625 0.02265625 0.06171875
0 0.2171875 0.2375 0.02265625 0.06640625
0 0.18359375 0.2328125 0.034375 0.06953125
0 0.44765625 0.23046875 0.021875 0.071875
0 0.15 0.23125 0.02265625 0.0703125
0 0.05625 0.22109375 0.0640625 0.096875
0 0.0578125 0.51328125 0.0421875 0.05390625
0 0.159375 0.4453125 0.0375 0.059375
0 0.1171875 0.4421875 0.03046875 0.0546875
0 0.075 0.4421875 0.03828125 0.0546875
0 0.02265625 0.440625 0.04140625 0.053125
0 0.12578125 0.23359375 0.02421875 0.06796875
0 0.740625 0.375 0.0234375 0.04921875
0 0.4953125 0.2265625 0.05078125 0.08125
0 0.65390625 0.234375 0.0546875 0.05
0 0.13125 0.3515625 0.01953125 0.06953125
0 0.54765625 0.70625 0.0484375 0.07890625
0 0.10859375 0.3453125 0.01953125 0.0546875
0 0.05546875 0.346875 0.04140625 0.06015625
0 0.01484375 0.34765625 0.02734375 0.0671875
0 0.7734375 0.36171875 0.0375 0.08046875
0 0.575 0.21171875 0.09453125 0.1109375
0 0.80859375 0.3609375 0.03125 0.08359375
0 0.98046875 0.35625 0.0328125 0.10078125
0 0.9359375 0.3546875 0.03984375 0.09453125
0 0.89375 0.35234375 0.034375 0.10625
0 0.88671875 0.20546875 0.1203125 0.1125
0 0.7765625 0.2203125 0.05703125 0.07734375
0 0.715625 0.2203125 0.053125 0.0734375
0 0.85 0.36328125 0.0375 0.084375
0 0.709375 0.36171875 0.028125 0.0796875
0 0.41328125 0.22578125 0.03359375 0.08125
0 0.6390625 0.3609375 0.03125 0.0765625
0 0.4203125 0.79140625 0.06015625 0.05546875
0 0.3484375 0.80859375 0.03671875 0.04921875
0 0.2828125 0.834375 0.03203125 0.0125
0 0.29140625 0.81484375 0.04375 0.01328125
0 0.2984375 0.79296875 0.04609375 0.0140625
0 0.32109375 0.76328125 0.04921875 0.03046875
0 0.48984375 0.81171875 0.040625 0.08125
0 0.2390625 0.75625 0.0515625 0.034375
0 0.14765625 0.79453125 0.05625 0.00859375
0 0.9640625 0.74609375 0.03828125 0.0734375
0 0.91875 0.74609375 0.0421875 0.06796875
0 0.85234375 0.73671875 0.07890625 0.08203125
0 0.675 0.36171875 0.03359375 0.078125
0 0.7 0.71640625 0.06953125 0.075
0 0.1984375 0.803125 0.028125 0.0453125
0 0.5578125 0.80859375 0.0546875 0.06171875
0 0.77578125 0.725 0.06484375 0.08046875
0 0.50234375 0.35859375 0.0515625 0.06484375
0 0.553125 0.86015625 0.0546875 0.01953125
0 0.44453125 0.371875 0.04453125 0.04765625
0 0.38671875 0.378125 0.0484375 0.03125
0 0.38828125 0.34453125 0.0546875 0.03046875
0 0.30859375 0.36484375 0.021875 0.05234375
0 0.284375 0.36953125 0.01484375 0.0421875
0 0.2609375 0.353125 0.0203125 0.07109375
0 0.3375 0.36015625 0.0234375 0.05625
0 0.19765625 0.353125 0.02734375 0.07109375
0 0.165625 0.34921875 0.028125 0.06640625
0 0.7078125 0.80859375 0.05078125 0.0421875
0 0.69765625 0.86015625 0.0484375 0.0484375
0 0.628125 0.828125 0.06484375 0.08671875
0 0.2328125 0.35 0.02421875 0.075
0 0.5578125 0.36171875 0.0546875 0.06796875