0 0.72421875 0.08515625 0.0796875 0.0703125
0 0.8046875 0.084375 0.0796875 0.0703125
0 0.88828125 0.08359375 0.07890625 0.07578125
0 0.41953125 0.2171875 0.06640625 0.05390625
0 0.1609375 0.21953125 0.05703125 0.04921875
0 0.2203125 0.2203125 0.0609375 0.05703125
0 0.2828125 0.21953125 0.0578125 0.05390625
0 0.35078125 0.21796875 0.0640625 0.0546875
0 0.6421875 0.08515625 0.078125 0.06875
0 0.48671875 0.2171875 0.06484375 0.053125
0 0.553125 0.21875 0.0609375 0.0515625
0 0.62578125 0.21640625 0.06953125 0.05546875
0 0.09453125 0.21953125 0.07421875 0.05
0 0.5640625 0.08359375 0.075 0.06796875
0 0.69609375 0.215625 0.06484375 0.05625
0 0.403125 0.08515625 0.0765625 0.065625
0 0.3234375 0.08515625 0.07734375 0.065625
0 0.2421875 0.08671875 0.0796875 0.05859375
0 0.14921875 0.08359375 0.08046875 0.065625
0 0.06796875 0.08359375 0.078125 0.065625
0 0.29921875 0.95078125 0.0578125 0.02578125
0 0.36328125 0.95234375 0.06328125 0.02265625
0 0.428125 0.95390625 0.0609375 0.025
0 0.49296875 0.95234375 0.0625 0.0234375
0 0.55546875 0.95625 0.05859375 0.021875
0 0.6171875 0.95390625 0.0609375 0.025
0 0.68203125 0.9546875 0.06484375 0.021875
0 0.74765625 0.9546875 0.059375 0.02421875
0 0.81328125 0.94921875 0.06171875 0.02265625
0 0.4828125 0.08359375 0.08125 0.06953125
0 0.76640625 0.2140625 0.06953125 0.0578125
0 0.16953125 0.953125 0.06328125 0.02578125
0 0.0390625 0.27734375 0.0703125 0.05546875
0 0.1953125 0.565625 0.06953125 0.0609375
0 0.11796875 0.5671875 0.06796875 0.05703125
0 0.04296875 0.565625 0.075 0.0625
0 0.84453125 0.50625 0.06796875 0.05703125
0 0.76953125 0.50390625 0.071875 0.05546875
0 0.6984375 0.5046875 0.065625 0.05546875
0 0.62578125 0.50546875 0.0703125 0.05546875
0 0.5546875 0.50546875 0.0671875 0.05859375
0 0.484375 0.5046875 0.06640625 0.0515625
0 0.41484375 0.5046875 0.0703125 0.05859375
0 0.3421875 0.50625 0.06796875 0.05390625
0 0.2734375 0.5046875 0.0671875 0.05546875
0 0.2015625 0.50546875 0.07109375 0.0546875
0 0.13671875 0.5 0.0515625 0.046875
0 0.078125 0.496875 0.06328125 0.0421875
0 0.0234375 0.49296875 0.04375 0.04921875
0 0.8609375 0.41484375 0.075 0.059375
0 0.78515625 0.41953125 0.0703125 0.05703125
0 0.71484375 0.41875 0.065625 0.05859375
0 0.6078125 0.8296875 0.06015625 0.0265625
0 0.5296875 0.77890625 0.071875 0.0265625
0 0.2671875 0.56640625 0.06875 0.05859375
0 0.33828125 0.56796875 0.071875 0.06171875
0 0.5984375 0.7796875 0.06171875 0.0296875
0 0.66484375 0.78125 0.065625 0.02734375
0 0.671875 0.8296875 0.065625 0.02578125
0 0.73515625 0.83203125 0.0609375 0.02578125
0 0.803125 0.8296875 0.0671875 0.0265625
0 0.54140625 0.8578125 0.05859375 0.0265625
0 0.603125 0.859375 0.0609375 0.0265625
0 0.6703125 0.86015625 0.06328125 0.02578125
0 0.73359375 0.859375 0.0640625 0.0265625
0 0.8 0.85859375 0.0578125 0.0265625
0 0.03828125 0.9453125 0.0609375 0.03203125
0 0.10390625 0.953125 0.065625 0.021875
0 0.46640625 0.7703125 0.05234375 0.02890625
0 0.2359375 0.9515625 0.06484375 0.02421875
0 0.4765625 0.85703125 0.05859375 0.02890625
0 0.4125 0.85703125 0.0625 0.02734375
0 0.34921875 0.8578125 0.05703125 0.02421875
0 0.284375 0.86015625 0.0640625 0.02421875
0 0.2203125 0.86015625 0.06171875 0.02578125
0 0.15234375 0.86328125 0.0640625 0.02421875
0 0.08671875 0.86015625 0.059375 0.02578125
0 0.02578125 0.859375 0.0515625 0.0265625
0 0.79765625 0.7828125 0.07109375 0.02421875
0 0.73203125 0.7828125 0.0578125 0.03046875
0 0.84140625 0.215625 0.071875 0.0578125
0 0.41796875 0.76484375 0.0375 0.028125
0 0.54453125 0.82890625 0.065625 0.028125
0 0.2671875 0.76875 0.05859375 0.03125
0 0.80546875 0.675 0.06796875 0.05390625
0 0.7375 0.67578125 0.06484375 0.0515625
0 0.66796875 0.675 0.065625 0.05234375
0 0.53359375 0.6765625 0.07265625 0.05078125
0 0.4640625 0.6640625 0.06171875 0.0421875
0 0.39609375 0.6734375 0.0609375 0.0546875
0 0.32890625 0.6734375 0.06484375 0.053125
0 0.26015625 0.675 0.06875 0.05390625
0 0.18984375 0.67421875 0.0640625 0.0546875
0 0.11953125 0.675 0.06796875 0.05390625
0 0.05078125 0.671875 0.06484375 0.0578125
0 0.97890625 0.30703125 0.0421875 0.08359375
0 0.9703125 0.39140625 0.059375 0.0796875
0 0.9703125 0.478125 0.059375 0.078125
0 0.9515625 0.5671875 0.06328125 0.078125
0 0.84140625 0.57109375 0.06796875 0.05
0 0.76953125 0.56796875 0.0671875 0.06171875
0 0.7015625 0.5671875 0.0671875 0.0609375
0 0.55703125 0.56640625 0.06953125 0.0609375
0 0.6296875 0.56640625 0.07109375 0.05625
0 0.365625 0.77578125 0.06171875 0.0265625
0 0.87109375 0.67578125 0.05625 0.0578125
0 0.0625 0.78359375 0.06796875 0.03125
0 0.60234375 0.67578125 0.059375 0.0515625
0 0.484375 0.565625 0.0703125 0.0625
0 0.203125 0.771875 0.06328125 0.03828125
0 0.10078125 0.278125 0.04375 0.05859375
0 0.1625 0.278125 0.07421875 0.05546875
0 0.24921875 0.27890625 0.0734375 0.05859375
0 0.33203125 0.27890625 0.0765625 0.059375
0 0.12890625 0.77578125 0.0578125 0.0265625
0 0.484375 0.278125 0.06953125 0.05859375
0 0.559375 0.278125 0.07421875 0.06171875
0 0.63671875 0.27890625 0.07421875 0.059375
0 0.7125 0.2765625 0.07265625 0.0609375
0 0.79140625 0.27734375 0.0765625 0.059375
0 0.4078125 0.27890625 0.075 0.059375
0 0.0453125 0.41953125 0.075 0.05703125
0 0.12265625 0.42109375 0.07421875 0.05390625
0 0.196875 0.42265625 0.07265625 0.05546875
0 0.27109375 0.42109375 0.06953125 0.0546875
0 0.34453125 0.41953125 0.0734375 0.0609375
0 0.4171875 0.41953125 0.06796875 0.06015625
0 0.49140625 0.41953125 0.0734375 0.0609375
0 0.565625 0.41953125 0.06796875 0.0609375
0 0.64140625 0.41796875 0.0765625 0.0578125
0 0.87265625 0.2765625 0.0765625 0.0609375
0 0.4125 0.56953125 0.0703125 0.0578125