0 0.4609375 0.87109375 0.07890625 0.06796875
0 0.128125 0.41015625 0.0609375 0.0515625
0 0.1734375 0.47734375 0.0609375 0.0765625
0 0.17734375 0.82265625 0.08125 0.06328125
0 0.54453125 0.86171875 0.0734375 0.06484375
0 0.20546875 0.903125 0.0609375 0.06796875
0 0.17109375 0.74375 0.06015625 0.071875
0 0.84453125 0.821875 0.065625 0.059375
0 0.6984375 0.8390625 0.0640625 0.06484375
0 0.6234375 0.84921875 0.06875 0.05859375
0 0.16015625 0.56953125 0.059375 0.07734375
0 0.7703125 0.83359375 0.06875 0.05703125
0 0.825 0.11953125 0.07265625 0.07890625
0 0.4875 0.29140625 0.078125 0.08046875
0 0.453125 0.115625 0.0984375 0.08359375
0 0.37421875 0.11328125 0.05546875 0.08203125
0 0.31328125 0.1125 0.059375 0.08671875
0 0.7421875 0.1203125 0.08125 0.07734375
0 0.3765625 0.8828125 0.0765625 0.07578125
0 0.29921875 0.203125 0.06015625 0.084375
0 0.41328125 0.20234375 0.05234375 0.08515625
0 0.575 0.290625 0.07734375 0.0765625
0 0.3578125 0.20546875 0.05 0.0859375
0 0.56171875 0.20234375 0.07578125 0.08203125
0 0.65078125 0.203125 0.06953125 0.08046875
0 0.73671875 0.20234375 0.075 0.0796875
0 0.82109375 0.20078125 0.07265625 0.0734375
0 0.20625 0.296875 0.09765625 0.08359375
0 0.30625 0.29296875 0.090625 0.08203125
0 0.4015625 0.2921875 0.0765625 0.08359375
0 0.4828125 0.20234375 0.06015625 0.078125
0 0.28515625 0.8984375 0.07734375 0.0609375
0 0.2171875 0.38984375 0.075 0.08515625
0 0.75546875 0.76171875 0.06328125 0.05546875
0 0.575 0.38125 0.0734375 0.07421875
0 0.65546875 0.3765625 0.0671875 0.07734375
0 0.75 0.3734375 0.07734375 0.07890625
0 0.83203125 0.3734375 0.0734375 0.07421875
0 0.2546875 0.47578125 0.0890625 0.07578125
0 0.3421875 0.47109375 0.08046875 0.07265625
0 0.27734375 0.64453125 0.07734375 0.06640625
0 0.8296875 0.528125 0.053125 0.0625
0 0.75625 0.53515625 0.0609375 0.06796875
0 0.68046875 0.5375 0.071875 0.07109375
0 0.59375 0.54296875 0.06171875 0.06953125
0 0.52265625 0.546875 0.0671875 0.06875
0 0.440625 0.5515625 0.06875 0.0703125
0 0.36015625 0.56015625 0.08125 0.0734375
0 0.26171875 0.56953125 0.090625 0.07421875
0 0.825 0.45 0.0765625 0.065625
0 0.7484375 0.4546875 0.06171875 0.06796875
0 0.6796875 0.45703125 0.0671875 0.06796875
0 0.60625 0.46171875 0.0734375 0.071875
0 0.52578125 0.465625 0.07734375 0.078125
0 0.4375 0.46875 0.09140625 0.07578125
0 0.3609375 0.6375 0.07421875 0.06640625
0 0.4375 0.62890625 0.059375 0.0640625
0 0.51484375 0.628125 0.0640625 0.0703125
0 0.59296875 0.621875 0.06953125 0.06640625
0 0.6828125 0.77109375 0.0609375 0.06328125
0 0.60546875 0.77890625 0.0734375 0.06953125
0 0.52734375 0.78671875 0.071875 0.065625
0 0.6578125 0.2875 0.06796875 0.075
0 0.73828125 0.2890625 0.06640625 0.0671875
0 0.81640625 0.28984375 0.06328125 0.075
0 0.3125 0.38515625 0.09140625 0.08046875
0 0.403125 0.38515625 0.06875 0.0796875
0 0.48828125 0.38125 0.08046875 0.075
0 0.44375 0.79609375 0.071875 0.0625
0 0.8390625 0.75234375 0.0640625 0.05703125
0 0.35703125 0.803125 0.075 0.05859375
0 0.8375 0.68125 0.065625 0.06640625
0 0.759375 0.68828125 0.0671875 0.0640625
0 0.67890625 0.69296875 0.06953125 0.07109375
0 0.59140625 0.69921875 0.0828125 0.06953125
0 0.496875 0.70703125 0.06875 0.06796875
0 0.4171875 0.71484375 0.07578125 0.0703125
0 0.3375 0.73046875 0.07890625 0.0703125
0 0.24375 0.7390625 0.07265625 0.0734375
0 0.8265625 0.60390625 0.07421875 0.065625
0 0.7515625 0.61015625 0.05546875 0.06484375
0 0.2734375 0.81953125 0.08515625 0.06640625
0 0.66875 0.615625 0.0640625 0.06171875
0 0.64453125 0.1125 0.078125 0.08984375
0 0.553125 0.115625 0.0828125 0.08359375