0 0.4125 0.57421875 0.05 0.06484375
0 0.5328125 0.60625 0.0703125 0.1234375
0 0.609375 0.60625 0.075 0.12265625
0 0.15546875 0.27578125 0.071875 0.12578125
0 0.121875 0.434375 0.0703125 0.12890625
0 0.0515625 0.43515625 0.0671875 0.12421875
0 0.465625 0.5734375 0.05625 0.06875
0 0.1953125 0.43671875 0.071875 0.11640625
0 0.27578125 0.43828125 0.0828125 0.1171875
0 0.35703125 0.43671875 0.07734375 0.11640625
0 0.08203125 0.2796875 0.071875 0.11796875
0 0.4578125 0.07890625 0.0125 0.04609375
0 0.75390625 0.09921875 0.0796875 0.12578125
0 0.5875 0.10625 0.0828125 0.1234375
0 0.67109375 0.103125 0.08125 0.12890625
0 0.875 0.11171875 0.046875 0.09453125
0 0.93046875 0.090625 0.05 0.13671875
0 0.9796875 0.11640625 0.040625 0.08515625
0 0.128125 0.60703125 0.0609375 0.11328125
0 0.1984375 0.6046875 0.0765625 0.11953125
0 0.275 0.60390625 0.0671875 0.11875
0 0.35 0.6046875 0.06796875 0.12265625
0 0.465625 0.63984375 0.0546875 0.05625
0 0.41328125 0.6390625 0.0453125 0.06015625
0 0.41015625 0.40390625 0.0265625 0.0703125
0 0.50625 0.11328125 0.075 0.10703125
0 0.4375 0.403125 0.025 0.06875
0 0.584375 0.46640625 0.02109375 0.05859375
0 0.4390625 0.4671875 0.028125 0.06015625
0 0.94765625 0.253125 0.0765625 0.12578125
0 0.68984375 0.60546875 0.078125 0.12734375
0 0.771875 0.60625 0.08046875 0.12890625
0 0.93359375 0.60625 0.08046875 0.12265625
0 0.85234375 0.60703125 0.07265625 0.121875
0 0.94453125 0.43203125 0.0765625 0.11796875
0 0.8640625 0.434375 0.0734375 0.12265625
0 0.7796875 0.46171875 0.08125 0.0625
0 0.7828125 0.3921875 0.0859375 0.06640625
0 0.72109375 0.45703125 0.025 0.06953125
0 0.69375 0.4609375 0.0234375 0.0609375
0 0.665625 0.396875 0.025 0.07265625
0 0.6640625 0.46640625 0.021875 0.05859375
0 0.63828125 0.4671875 0.0234375 0.06015625
0 0.61015625 0.46484375 0.02421875 0.05859375
0 0.434375 0.0828125 0.0203125 0.04296875
0 0.63828125 0.39609375 0.02890625 0.078125
0 0.61171875 0.39765625 0.0234375 0.07421875
0 0.5828125 0.39765625 0.02421875 0.07109375
0 0.55703125 0.46796875 0.025 0.06796875
0 0.52890625 0.46796875 0.0265625 0.0625
0 0.55625 0.3984375 0.02421875 0.06796875
0 0.52890625 0.4 0.02890625 0.0703125
0 0.49921875 0.465625 0.0265625 0.0578125
0 0.4703125 0.46953125 0.0203125 0.05859375
0 0.496875 0.40078125 0.0265625 0.06875
0 0.46875 0.40234375 0.02421875 0.06796875
0 0.4109375 0.4703125 0.021875 0.05859375
0 0.45 0.14296875 0.02734375 0.07265625
0 0.82421875 0.1125 0.046875 0.096875
0 0.36875 0.11796875 0.0734375 0.12421875
0 0.2078125 0.0875 0.0203125 0.0734375
0 0.16875 0.15859375 0.0484375 0.0546875
0 0.16015625 0.090625 0.06015625 0.06640625
0 0.115625 0.159375 0.04921875 0.06171875
0 0.065625 0.14453125 0.04453125 0.09921875
0 0.0171875 0.13046875 0.03359375 0.12421875
0 0.171875 0.803125 0.06875 0.09296875
0 0.3359375 0.79609375 0.16953125 0.1734375
0 0.47578125 0.778125 0.0796875 0.15390625
0 0.5796875 0.8140625 0.07734375 0.09921875
0 0.6609375 0.8140625 0.078125 0.10390625
0 0.73203125 0.83125 0.0515625 0.07265625
0 0.7875 0.8328125 0.05 0.07578125
0 0.234375 0.08359375 0.025 0.07265625
0 0.846875 0.834375 0.05703125 0.07109375
0 0.42109375 0.14140625 0.021875 0.07109375
0 0.346875 0.23828125 0.0234375 0.06328125
0 0.3484375 0.30703125 0.02109375 0.06640625
0 0.321875 0.2390625 0.025 0.06953125
0 0.3234375 0.30703125 0.0203125 0.065625
0 0.29453125 0.23828125 0.02578125 0.07109375
0 0.296875 0.30703125 0.025 0.06015625
0 0.265625 0.23984375 0.02890625 0.06640625
0 0.2703125 0.3078125 0.025 0.06171875
0 0.23515625 0.23984375 0.03046875 0.07109375
0 0.20703125 0.23984375 0.021875 0.07109375
0 0.2109375 0.30703125 0.021875 0.05703125
0 0.2375 0.31015625 0.02734375 0.0640625
0 0.925 0.82421875 0.084375 0.08984375
0 0.2125 0.15859375 0.02421875 0.06015625
0 0.05625 0.60859375 0.065625 0.11015625
0 0.37265625 0.2390625 0.0265625 0.07265625
0 0.70078125 0.221875 0.02734375 0.06953125
0 0.7015625 0.29296875 0.02734375 0.06640625
0 0.4875 0.23359375 0.02578125 0.06484375
0 0.51328125 0.2328125 0.0203125 0.06796875
0 0.759375 0.28984375 0.025 0.06875
0 0.7890625 0.28828125 0.028125 0.065625
0 0.86171875 0.25703125 0.0828125 0.128125
0 0.23671875 0.15625 0.0203125 0.05859375
0 0.3734375 0.3078125 0.025 0.059375
0 0.28828125 0.1203125 0.078125 0.12578125
0 0.5359375 0.23125 0.02421875 0.07109375
0 0.73125 0.29140625 0.025 0.06953125
0 0.5625 0.23125 0.025 0.071875
0 0.590625 0.2296875 0.02578125 0.06875
0 0.73046875 0.2203125 0.028125 0.06953125
0 0.64453125 0.2234375 0.0234375 0.07734375
0 0.6703125 0.22578125 0.028125 0.071875
0 0.484375 0.30078125 0.0265625 0.06484375
0 0.4046875 0.30546875 0.03203125 0.06328125
0 0.4015625 0.23515625 0.03203125 0.0734375
0 0.51015625 0.30078125 0.0234375 0.06171875
0 0.5359375 0.29921875 0.02734375 0.06171875
0 0.56328125 0.2984375 0.025 0.06015625
0 0.6171875 0.2296875 0.0265625 0.0734375
0 0.59140625 0.29921875 0.0265625 0.06171875
0 0.6203125 0.29765625 0.0234375 0.06484375
0 0.6453125 0.2953125 0.02265625 0.06328125
0 0.67265625 0.29765625 0.0265625 0.06484375