0 0.10859375 0.3390625 0.05546875 0.07109375
0 0.16640625 0.33984375 0.06328125 0.07265625
0 0.2890625 0.33984375 0.05703125 0.0671875
0 0.34609375 0.33828125 0.05546875 0.0703125
0 0.40234375 0.33671875 0.05703125 0.06640625
0 0.340625 0.29375 0.05859375 0.01875
0 0.46484375 0.334375 0.06328125 0.06796875
0 0.528125 0.334375 0.059375 0.06640625
0 0.5921875 0.33515625 0.05859375 0.06953125
0 0.6609375 0.33203125 0.0640625 0.06640625
0 0.725 0.33125 0.06328125 0.07265625
0 0.78828125 0.33359375 0.059375 0.06875
0 0.85390625 0.3296875 0.065625 0.071875
0 0.9171875 0.32890625 0.0484375 0.0671875
0 0.48359375 0.76015625 0.0859375 0.0515625
0 0.57578125 0.76328125 0.084375 0.04765625
0 0.66484375 0.76015625 0.09375 0.05625
0 0.04453125 0.33984375 0.06796875 0.07265625
0 0.940625 0.75703125 0.09140625 0.05
0 0.90859375 0.68125 0.05703125 0.05
0 0.8546875 0.67734375 0.05 0.05859375
0 0.29921875 0.21328125 0.0453125 0.1015625
0 0.24296875 0.21640625 0.04609375 0.10390625
0 0.18515625 0.2171875 0.05703125 0.10234375
0 0.13203125 0.21484375 0.04140625 0.0984375
0 0.0796875 0.21796875 0.05234375 0.1
0 0.0234375 0.21796875 0.04609375 0.10234375
0 0.16015625 0.68671875 0.06171875 0.065625
0 0.22421875 0.684375 0.0640625 0.06171875
0 0.28125 0.6875 0.05234375 0.05625
0 0.33359375 0.68671875 0.04921875 0.0578125
0 0.440625 0.67890625 0.05390625 0.06328125
0 0.490625 0.68046875 0.046875 0.06484375
0 0.54140625 0.6828125 0.05078125 0.0609375
0 0.59453125 0.6796875 0.05234375 0.0578125
0 0.6484375 0.68046875 0.05625 0.0578125
0 0.7484375 0.68046875 0.05546875 0.059375
0 0.80390625 0.68046875 0.05078125 0.05859375
0 0.75859375 0.75859375 0.09296875 0.0546875
0 0.96015625 0.3265625 0.0375 0.0640625
0 0.9609375 0.42265625 0.04765625 0.06640625
0 0.9140625 0.4234375 0.03671875 0.06171875
0 0.2203125 0.53359375 0.04921875 0.05078125
0 0.27109375 0.53359375 0.0421875 0.04609375
0 0.31328125 0.53125 0.04375 0.040625
0 0.3578125 0.53046875 0.0359375 0.03828125
0 0.4078125 0.53125 0.0390625 0.0375
0 0.45078125 0.53046875 0.04609375 0.03828125
0 0.49921875 0.52734375 0.04609375 0.03984375
0 0.53828125 0.528125 0.0375 0.04296875
0 0.58046875 0.5296875 0.03984375 0.03984375
0 0.61953125 0.528125 0.03984375 0.0375
0 0.66328125 0.528125 0.03984375 0.03828125
0 0.70625 0.528125 0.04296875 0.040625
0 0.74921875 0.52734375 0.0421875 0.04296875
0 0.79453125 0.52734375 0.04375 0.04296875
0 0.83515625 0.528125 0.0390625 0.040625
0 0.93359375 0.5234375 0.040625 0.05703125
0 0.978125 0.51640625 0.040625 0.06328125
0 0.175 0.53203125 0.04140625 0.04921875
0 0.13828125 0.52734375 0.03203125 0.0578125
0 0.10546875 0.5265625 0.034375 0.05546875
0 0.06171875 0.528125 0.0328125 0.04921875
0 0.87109375 0.434375 0.040625 0.03671875
0 0.82890625 0.43515625 0.04609375 0.0375
0 0.78125 0.43671875 0.0375 0.040625
0 0.73984375 0.43359375 0.040625 0.0453125
0 0.6953125 0.43515625 0.03515625 0.04375
0 0.65390625 0.43515625 0.03671875 0.04296875
0 0.609375 0.434375 0.04296875 0.0421875
0 0.56484375 0.4390625 0.03203125 0.0515625
0 0.35390625 0.2125 0.0546875 0.10078125
0 0.4765625 0.44296875 0.040625 0.04375
0 0.34296875 0.44453125 0.040625 0.0421875
0 0.30078125 0.44140625 0.0421875 0.0484375
0 0.259375 0.43984375 0.03125 0.04375
0 0.2125 0.43984375 0.04609375 0.04765625
0 0.17109375 0.44140625 0.03515625 0.05078125
0 0.12734375 0.44140625 0.04375 0.0515625
0 0.08515625 0.43984375 0.03828125 0.053125
0 0.025 0.6203125 0.046875 0.10234375
0 0.38828125 0.440625 0.0421875 0.04296875
0 0.4109375 0.2125 0.0546875 0.1
0 0.22265625 0.33984375 0.04765625 0.0671875
0 0.52109375 0.2125 0.0578125 0.1015625
0 0.67265625 0.8390625 0.0578125 0.065625
0 0.7296875 0.83828125 0.05078125 0.0625
0 0.78828125 0.834375 0.06328125 0.06953125
0 0.846875 0.8328125 0.0515625 0.06796875
0 0.9078125 0.83203125 0.06875 0.0640625
0 0.96875 0.83046875 0.05078125 0.0625
0 0.9640625 0.8890625 0.059375 0.0484375
0 0.9015625 0.89375 0.05859375 0.04921875
0 0.6109375 0.84140625 0.0578125 0.06328125
0 0.84453125 0.8921875 0.05 0.05078125
0 0.02265625 0.7484375 0.04375 0.11796875
0 0.07265625 0.60703125 0.03125 0.04296875
0 0.10625 0.6046875 0.0359375 0.046875
0 0.1421875 0.60390625 0.03125 0.04296875
0 0.18125 0.6046875 0.0359375 0.0453125
0 0.34609375 0.60078125 0.0375 0.04140625
0 0.38984375 0.6015625 0.0328125 0.04765625
0 0.46796875 0.59765625 0.03828125 0.03984375
0 0.09453125 0.6875 0.0703125 0.06484375
0 0.55234375 0.8453125 0.06171875 0.0640625
0 0.48671875 0.84375 0.06015625 0.06640625
0 0.428125 0.84296875 0.0578125 0.065625
0 0.58203125 0.06953125 0.04921875 0.11484375
0 0.52109375 0.0734375 0.06484375 0.10625
0 0.46484375 0.075 0.04609375 0.10625
0 0.409375 0.07109375 0.0609375 0.11328125
0 0.35546875 0.0703125 0.0453125 0.11015625
0 0.2921875 0.05390625 0.05546875 0.0921875
0 0.2328125 0.0546875 0.05703125 0.0921875
0 0.17109375 0.06875 0.0625 0.1078125
0 0.115625 0.0703125 0.0484375 0.11171875
0 0.0546875 0.07421875 0.06640625 0.10859375
0 0.390625 0.76328125 0.09921875 0.04765625
0 0.29296875 0.76796875 0.09296875 0.04453125
0 0.196875 0.76796875 0.0984375 0.04609375
0 0.096875 0.76796875 0.08671875 0.04296875
0 0.121875 0.85078125 0.06328125 0.065625
0 0.19140625 0.84296875 0.0515625 0.0609375
0 0.2453125 0.84296875 0.04921875 0.065625
0 0.309375 0.8453125 0.06640625 0.05859375
0 0.371875 0.83984375 0.05390625 0.07109375
0 0.54765625 0.5984375 0.040625 0.04296875
0 0.46640625 0.21484375 0.04921875 0.09765625
0 0.85 0.75859375 0.08984375 0.053125
0 0.7515625 0.06640625 0.0625 0.10625
0 0.1921875 0.90078125 0.05390625 0.05078125
0 0.24765625 0.9015625 0.05546875 0.05078125
0 0.31171875 0.90234375 0.05859375 0.0546875
0 0.37265625 0.903125 0.05234375 0.05234375
0 0.4265625 0.9046875 0.05625 0.05390625
0 0.48515625 0.90390625 0.0578125 0.053125
0 0.546875 0.9 0.059375 0.0453125
0 0.60859375 0.9 0.04765625 0.05
0 0.66796875 0.89375 0.05546875 0.04453125
0 0.67421875 0.5984375 0.04140625 0.0375
0 0.71796875 0.596875 0.04375 0.03984375
0 0.721875 0.89453125 0.05546875 0.04375
0 0.85859375 0.209375 0.05078125 0.09609375
0 0.9125 0.20703125 0.0578125 0.09921875
0 0.78515625 0.89609375 0.05859375 0.05390625
0 0.63515625 0.06328125 0.05546875 0.10234375
0 0.6953125 0.06640625 0.05 0.10703125
0 0.5875 0.6 0.03984375 0.0375
0 0.8109375 0.06953125 0.05078125 0.1015625
0 0.8640625 0.06796875 0.053125 0.10390625
0 0.91875 0.06875 0.0515625 0.10546875
0 0.1265625 0.91015625 0.0671875 0.05546875
0 0.97265625 0.06796875 0.0546875 0.103125
0 0.9640625 0.20703125 0.0453125 0.09609375
0 0.63359375 0.5984375 0.03828125 0.03828125
0 0.58359375 0.209375 0.0515625 0.1
0 0.75703125 0.59765625 0.034375 0.0421875
0 0.6890625 0.2125 0.04140625 0.1015625
0 0.7375 0.20859375 0.05234375 0.09765625
0 0.80234375 0.20625 0.059375 0.09375
0 0.6359375 0.2078125 0.04765625 0.096875
0 0.87890625 0.6015625 0.0421875 0.053125
0 0.8375 0.596875 0.0390625 0.03828125
0 0.79609375 0.6 0.03671875 0.040625
0 0.9609375 0.59921875 0.0453125 0.0640625