0 0.415625 0.6875 0.03671875 0.090625
0 0.7921875 0.63359375 0.02265625 0.08984375
0 0.3375 0.7 0.03515625 0.1125
0 0.540625 0.678125 0.03984375 0.10546875
0 0.584375 0.66875 0.0390625 0.10390625
0 0.28359375 0.69921875 0.0390625 0.11484375
0 0.63125 0.6671875 0.04609375 0.1046875
0 0.6703125 0.6421875 0.02265625 0.0671875
0 0.76328125 0.6375 0.0296875 0.078125
0 0.3765625 0.6890625 0.03046875 0.0953125
0 0.49609375 0.68046875 0.0390625 0.10625
0 0.17109375 0.9140625 0.07109375 0.140625
0 0.85859375 0.6234375 0.02578125 0.08515625
0 0.88828125 0.6203125 0.0265625 0.0828125
0 0.94140625 0.6078125 0.034375 0.0765625
0 0.09296875 0.928125 0.0703125 0.13359375
0 0.2421875 0.89296875 0.06015625 0.11796875
0 0.31953125 0.85859375 0.065625 0.13671875
0 0.41953125 0.85703125 0.06484375 0.13203125
0 0.49375 0.84609375 0.06171875 0.125
0 0.55625 0.80546875 0.040625 0.08515625
0 0.23359375 0.71328125 0.0484375 0.12890625
0 0.60703125 0.790625 0.05 0.1
0 0.82578125 0.6375 0.03046875 0.05859375
0 0.1671875 0.73046875 0.05703125 0.11796875
0 0.946875 0.49296875 0.0234375 0.0859375
0 0.03125 0.73828125 0.05546875 0.1203125
0 0.7546875 0.79140625 0.03984375 0.09921875
0 0.18515625 0.4375 0.0578125 0.08984375
0 0.24765625 0.43828125 0.04921875 0.08828125
0 0.30859375 0.4390625 0.05234375 0.09140625
0 0.3546875 0.43515625 0.03359375 0.0859375
0 0.4859375 0.43671875 0.04609375 0.0859375
0 0.53671875 0.43359375 0.0421875 0.08515625
0 0.5859375 0.4359375 0.0453125 0.08359375
0 0.71015625 0.43515625 0.0390625 0.075
0 0.75 0.43828125 0.0328125 0.071875
0 0.78984375 0.5 0.040625 0.1015625
0 0.0953125 0.7390625 0.059375 0.11875
0 0.865625 0.49609375 0.040625 0.0875
0 0.09453125 0.54140625 0.12890625 0.025
0 0.10234375 0.59921875 0.1390625 0.06953125
0 0.3265625 0.5640625 0.0375 0.103125
0 0.3671875 0.55859375 0.03984375 0.09609375
0 0.403125 0.5484375 0.02421875 0.0765625
0 0.465625 0.5453125 0.03515625 0.078125
0 0.515625 0.54921875 0.04296875 0.08671875
0 0.5609375 0.55078125 0.040625 0.08515625
0 0.62890625 0.53671875 0.02890625 0.075
0 0.665625 0.53828125 0.02890625 0.07578125
0 0.7203125 0.540625 0.03984375 0.07734375
0 0.9125 0.496875 0.03515625 0.08359375
0 0.78828125 0.78125 0.0234375 0.09375
0 0.71640625 0.24453125 0.0390625 0.03984375
0 0.85390625 0.7828125 0.03984375 0.059375
0 0.78046875 0.25859375 0.04140625 0.0375
0 0.10859375 0.434375 0.059375 0.0921875
0 0.66484375 0.2375 0.0484375 0.0515625
0 0.6140625 0.22578125 0.02109375 0.053125
0 0.58515625 0.2234375 0.02734375 0.05625
0 0.48359375 0.21015625 0.084375 0.06484375
0 0.41640625 0.20234375 0.03203125 0.05546875
0 0.38125 0.19921875 0.03125 0.06171875
0 0.3515625 0.19609375 0.02734375 0.05546875
0 0.30546875 0.196875 0.0640625 0.04296875
0 0.81484375 0.7703125 0.021875 0.07578125
0 0.15859375 0.18125 0.065625 0.046875
0 0.6953125 0.1234375 0.06875 0.04921875
0 0.59140625 0.10859375 0.07265625 0.0453125
0 0.50078125 0.0640625 0.09140625 0.10546875
0 0.396875 0.0484375 0.0484375 0.08828125
0 0.35546875 0.04296875 0.03515625 0.08125
0 0.32109375 0.04140625 0.021875 0.07109375
0 0.28671875 0.0390625 0.0328125 0.06640625
0 0.25546875 0.034375 0.02734375 0.05703125
0 0.22734375 0.03046875 0.0265625 0.05078125
0 0.2 0.0296875 0.0234375 0.05
0 0.06328125 0.14921875 0.1171875 0.09765625
0 0.85703125 0.27578125 0.01328125 0.0515625
0 0.82734375 0.27421875 0.03515625 0.05625
0 0.92578125 0.27890625 0.0390625 0.05546875
0 0.93203125 0.746875 0.0390625 0.0921875
0 0.97265625 0.740625 0.03671875 0.090625
0 0.94375 0.3796875 0.0421875 0.08125
0 0.9 0.37421875 0.03515625 0.08046875
0 0.8625 0.37421875 0.034375 0.0796875
0 0.81328125 0.375 0.03125 0.078125
0 0.725 0.34921875 0.0484375 0.06328125
0 0.6671875 0.34453125 0.0453125 0.065625
0 0.6140625 0.340625 0.03828125 0.07265625
0 0.8828125 0.2765625 0.02890625 0.04765625
0 0.53125 0.33984375 0.0375 0.06875
0 0.57578125 0.34140625 0.0375 0.071875
0 0.44921875 0.34375 0.02890625 0.059375
0 0.41953125 0.3421875 0.02109375 0.0515625
0 0.38359375 0.31953125 0.04140625 0.0875
0 0.34453125 0.32265625 0.02734375 0.08203125
0 0.3046875 0.3140625 0.0515625 0.0984375
0 0.2515625 0.31015625 0.0484375 0.0921875
0 0.19375 0.315625 0.04765625 0.08984375
0 0.03203125 0.28828125 0.0546875 0.11953125
0 0.98671875 0.28359375 0.01875 0.059375
0 0.9609375 0.278125 0.02578125 0.05703125
0 0.4859375 0.340625 0.04296875 0.0671875
0 0.0390625 0.43125 0.07109375 0.0953125