0 0.27890625 0.4609375 0.03359375 0.07578125
0 0.3125 0.44765625 0.03515625 0.1078125
0 0.35234375 0.44921875 0.04453125 0.1109375
0 0.45546875 0.46953125 0.03515625 0.0890625
0 0.49765625 0.471875 0.04765625 0.09609375
0 0.55 0.475 0.04609375 0.096875
0 0.60078125 0.4828125 0.05390625 0.09765625
0 0.65625 0.475 0.05703125 0.11875
0 0.24140625 0.4421875 0.04296875 0.1125
0 0.39921875 0.46328125 0.04609375 0.0890625
0 0.4875 0.7421875 0.06484375 0.1015625
0 0.72265625 0.48515625 0.059375 0.12734375
0 0.025 0.290625 0.03359375 0.1125
0 0.03125 0.13515625 0.0265625 0.1265625
0 0.0640625 0.134375 0.0359375 0.12578125
0 0.096875 0.1296875 0.03046875 0.134375
0 0.1296875 0.128125 0.03828125 0.13125
0 0.16640625 0.1265625 0.0296875 0.1390625
0 0.20390625 0.12578125 0.04140625 0.1375
0 0.24140625 0.13828125 0.034375 0.1140625
0 0.2765625 0.1328125 0.03046875 0.1203125
0 0.30625 0.13125 0.028125 0.12421875
0 0.33671875 0.12109375 0.03515625 0.13671875
0 0.36796875 0.1203125 0.02578125 0.134375
0 0.41640625 0.12734375 0.06953125 0.1203125
0 0.48671875 0.12578125 0.07109375 0.11875
0 0.58125 0.13125 0.11328125 0.10625
0 0.69375 0.13203125 0.109375 0.103125
0 0.8109375 0.128125 0.1234375 0.11171875
0 0.059375 0.29140625 0.03359375 0.109375
0 0.09140625 0.29375 0.03203125 0.103125
0 0.13046875 0.29609375 0.0453125 0.10625
0 0.1671875 0.29609375 0.025 0.1078125
0 0.784375 0.48671875 0.06640625 0.1234375
0 0.8453125 0.49375 0.05390625 0.13125
0 0.91015625 0.49609375 0.075 0.1328125
0 0.896875 0.32890625 0.1171875 0.1015625
0 0.775 0.328125 0.1234375 0.09375
0 0.6609375 0.325 0.10390625 0.0953125
0 0.58671875 0.315625 0.03984375 0.10234375
0 0.51015625 0.3140625 0.03828125 0.09765625
0 0.20703125 0.44375 0.0265625 0.10078125
0 0.47421875 0.30390625 0.034375 0.1125
0 0.39921875 0.3 0.03203125 0.11875
0 0.36796875 0.29765625 0.03046875 0.1171875
0 0.33515625 0.29296875 0.03359375 0.128125
0 0.30234375 0.2921875 0.0296875 0.12578125
0 0.275 0.3046875 0.02421875 0.1
0 0.2484375 0.303125 0.028125 0.1015625
0 0.21875 0.296875 0.021875 0.1125
0 0.19296875 0.296875 0.028125 0.1109375
0 0.4375 0.3078125 0.0390625 0.10234375
0 0.1796875 0.4421875 0.02734375 0.0984375
0 0.05078125 0.7640625 0.0203125 0.0703125
0 0.1125 0.43515625 0.0234375 0.1
0 0.278125 0.70234375 0.05078125 0.103125
0 0.2328125 0.6953125 0.0390625 0.090625
0 0.19453125 0.69296875 0.03984375 0.09140625
0 0.15859375 0.6875 0.02890625 0.08671875
0 0.1328125 0.6796875 0.02421875 0.09375
0 0.10546875 0.6765625 0.0296875 0.08984375
0 0.05625 0.66640625 0.0390625 0.0890625
0 0.02109375 0.65859375 0.028125 0.0828125
0 0.025 0.7578125 0.0296875 0.06875
0 0.9140625 0.125 0.084375 0.1078125
0 0.06953125 0.76875 0.01328125 0.06875
0 0.0953125 0.7828125 0.03984375 0.0828125
0 0.1328125 0.784375 0.0171875 0.06484375
0 0.1578125 0.79609375 0.0296875 0.084375
0 0.32578125 0.7140625 0.0453125 0.09765625
0 0.18828125 0.8046875 0.02578125 0.0796875
0 0.259375 0.8171875 0.0296875 0.08203125
0 0.29296875 0.8234375 0.0359375 0.09375
0 0.33203125 0.83359375 0.03515625 0.0828125
0 0.371875 0.8421875 0.0421875 0.0953125
0 0.41953125 0.84921875 0.05234375 0.09375
0 0.47578125 0.86484375 0.05859375 0.10546875
0 0.53046875 0.878125 0.05 0.09453125
0 0.58515625 0.8921875 0.053125 0.0984375
0 0.63984375 0.9015625 0.05234375 0.1015625
0 0.69609375 0.92109375 0.05859375 0.10859375
0 0.759375 0.9375 0.0671875 0.10859375
0 0.1453125 0.43828125 0.03984375 0.103125
0 0.87578125 0.9546875 0.05546875 0.090625
0 0.93671875 0.9640625 0.06796875 0.071875
0 0.221875 0.8109375 0.0390625 0.0890625
0 0.3734375 0.7234375 0.04453125 0.103125
0 0.8203125 0.9515625 0.05 0.090625
0 0.978125 0.1234375 0.04296875 0.11015625
0 0.42421875 0.7234375 0.05859375 0.1140625
0 0.08203125 0.434375 0.040625 0.103125
0 0.01328125 0.43046875 0.02578125 0.0984375
0 0.01796875 0.5453125 0.03125 0.090625
0 0.05 0.54765625 0.03359375 0.0890625
0 0.0859375 0.553125 0.0375 0.090625
0 0.12265625 0.55625 0.03359375 0.090625
0 0.159375 0.55859375 0.03828125 0.096875
0 0.19140625 0.5703125 0.02734375 0.0734375
0 0.2234375 0.57421875 0.03359375 0.0796875
0 0.253125 0.57734375 0.025 0.078125
0 0.29140625 0.60390625 0.03984375 0.03671875
0 0.33671875 0.6140625 0.04140625 0.028125
0 0.37734375 0.6171875 0.03671875 0.0359375
0 0.41875 0.621875 0.0421875 0.03125
0 0.04453125 0.43125 0.0328125 0.09765625
0 0.53359375 0.6 0.05546875 0.1203125
0 0.475 0.59296875 0.0609375 0.1046875
0 0.65703125 0.77265625 0.05546875 0.115625
0 0.7171875 0.784375 0.05859375 0.11015625
0 0.778125 0.79765625 0.05859375 0.1203125
0 0.8375 0.8125 0.0578125 0.1015625
0 0.89296875 0.82578125 0.05234375 0.1125
0 0.5953125 0.759375 0.05859375 0.109375
0 0.9453125 0.6578125 0.06796875 0.1328125
0 0.63125 0.6140625 0.059375 0.1140625
0 0.95703125 0.8296875 0.06640625 0.125
0 0.68828125 0.6234375 0.05625 0.11796875
0 0.54296875 0.75390625 0.04296875 0.10390625
0 0.80390625 0.6390625 0.06171875 0.128125
0 0.87421875 0.64609375 0.071875 0.1265625
0 0.74453125 0.63203125 0.05390625 0.1140625