0 0.24921875 0.6609375 0.05703125 0.03125
0 0.30234375 0.4921875 0.06171875 0.125
0 0.3640625 0.48828125 0.05703125 0.121875
0 0.4203125 0.48671875 0.05234375 0.1171875
0 0.4734375 0.4859375 0.05234375 0.11640625
0 0.51328125 0.475 0.0203125 0.0984375
0 0.5796875 0.4796875 0.05078125 0.1125
0 0.68828125 0.4765625 0.053125 0.1125
0 0.84453125 0.4703125 0.046875 0.1046875
0 0.890625 0.46875 0.04140625 0.103125
0 0.93359375 0.46953125 0.04140625 0.103125
0 0.97421875 0.46953125 0.03515625 0.1
0 0.01484375 0.63046875 0.02890625 0.10625
0 0.04921875 0.628125 0.034375 0.10390625
0 0.115625 0.675 0.0703125 0.03125
0 0.18671875 0.6671875 0.0640625 0.03125
0 0.96015625 0.75078125 0.04921875 0.0328125
0 0.90625 0.7546875 0.04921875 0.0328125
0 0.85625 0.7625 0.04609375 0.0359375
0 0.95703125 0.7875 0.04609375 0.0359375
0 0.90625 0.78984375 0.05078125 0.034375
0 0.853125 0.80078125 0.05078125 0.03359375
0 0.73828125 0.79765625 0.06171875 0.0671875
0 0.6765625 0.79453125 0.0421875 0.06171875
0 0.62734375 0.8125 0.05234375 0.0734375
0 0.57265625 0.8203125 0.053125 0.0734375
0 0.9046875 0.08359375 0.04765625 0.0953125
0 0.95390625 0.0890625 0.05 0.096875
0 0.07578125 0.18203125 0.0703125 0.140625
0 0.14921875 0.18125 0.071875 0.1421875
0 0.2375 0.49140625 0.06171875 0.125
0 0.171875 0.49375 0.06171875 0.125
0 0.10234375 0.5 0.06796875 0.125
0 0.01171875 0.49921875 0.0234375 0.1046875
0 0.309375 0.65625 0.05703125 0.03125
0 0.85859375 0.08125 0.03671875 0.0953125
0 0.81640625 0.07734375 0.04453125 0.1
0 0.73671875 0.0609375 0.053125 0.121875
0 0.68046875 0.05859375 0.053125 0.1171875
0 0.6015625 0.05546875 0.05546875 0.1109375
0 0.53984375 0.0546875 0.0625 0.109375
0 0.47734375 0.0515625 0.05625 0.1015625
0 0.41484375 0.04765625 0.046875 0.0953125
0 0.35703125 0.046875 0.06328125 0.09375
0 0.27890625 0.0453125 0.0671875 0.090625
0 0.20703125 0.04375 0.07109375 0.0875
0 0.1296875 0.0390625 0.07421875 0.078125
0 0.0546875 0.0359375 0.06796875 0.071875
0 0.2296875 0.1859375 0.06484375 0.1390625
0 0.025 0.35625 0.04921875 0.11640625
0 0.146875 0.34609375 0.0609375 0.13125
0 0.21171875 0.346875 0.06328125 0.13046875
0 0.27578125 0.34453125 0.05703125 0.13125
0 0.34765625 0.34609375 0.06484375 0.128125
0 0.4125 0.34609375 0.05703125 0.128125
0 0.4734375 0.3453125 0.05703125 0.128125
0 0.56875 0.3484375 0.07421875 0.1140625
0 0.6453125 0.346875 0.07421875 0.1140625
0 0.71015625 0.346875 0.05078125 0.11171875
0 0.76953125 0.34765625 0.046875 0.11484375
0 0.8203125 0.34765625 0.046875 0.11484375
0 0.86953125 0.34921875 0.04609375 0.11484375
0 0.9453125 0.346875 0.04609375 0.1078125
0 0.9859375 0.346875 0.028125 0.1078125
0 0.08359375 0.34453125 0.059375 0.13125
0 0.296875 0.18671875 0.06484375 0.1375
0 0.634375 0.4765625 0.05390625 0.1125
0 0.434375 0.190625 0.0609375 0.13125
0 0.846875 0.5875 0.05078125 0.08203125
0 0.7453125 0.5703125 0.04921875 0.0265625
0 0.69375 0.56875 0.04921875 0.0265625
0 0.6375 0.571875 0.04921875 0.0265625
0 0.74453125 0.596875 0.04609375 0.025
0 0.69453125 0.59765625 0.04921875 0.02578125
0 0.6421875 0.6015625 0.04921875 0.02578125
0 0.4875 0.58203125 0.05390625 0.028125
0 0.43046875 0.5875 0.05703125 0.03046875
0 0.36953125 0.590625 0.05625 0.0296875
0 0.3046875 0.59296875 0.0609375 0.03046875
0 0.23828125 0.596875 0.06484375 0.03125
0 0.16875 0.6015625 0.0640625 0.03125
0 0.10078125 0.60546875 0.06484375 0.0328125
0 0.5453125 0.6109375 0.05234375 0.0265625
0 0.4875 0.61484375 0.05390625 0.02734375
0 0.43046875 0.6171875 0.05859375 0.025
0 0.3703125 0.65390625 0.05703125 0.03125
0 0.43203125 0.646875 0.05703125 0.03125
0 0.48984375 0.64375 0.05234375 0.02890625
0 0.54375 0.640625 0.0515625 0.02890625
0 0.59765625 0.6359375 0.0515625 0.0296875
0 0.64765625 0.63046875 0.046875 0.0265625
0 0.9015625 0.584375 0.05078125 0.08203125
0 0.69765625 0.62734375 0.046875 0.0265625
0 0.36875 0.1890625 0.06640625 0.1359375
0 0.10234375 0.63984375 0.06640625 0.0296875
0 0.17421875 0.63359375 0.06640625 0.0296875
0 0.2390625 0.62890625 0.06171875 0.028125
0 0.30390625 0.625 0.06015625 0.0265625
0 0.36875 0.621875 0.0609375 0.028125
0 0.74609375 0.62578125 0.046875 0.0265625
0 0.95625 0.57890625 0.05078125 0.08203125
0 0.79453125 0.6203125 0.04609375 0.0265625
0 0.04765625 0.7640625 0.0390625 0.096875
0 0.4984375 0.19375 0.0609375 0.13203125
0 0.01328125 0.77109375 0.02578125 0.096875
0 0.5703125 0.2046875 0.07265625 0.1203125
0 0.6453125 0.2046875 0.0703125 0.12109375
0 0.5140625 0.828125 0.06015625 0.0765625
0 0.390625 0.84453125 0.06015625 0.0765625
0 0.32578125 0.85625 0.06484375 0.07734375
0 0.25625 0.8609375 0.06875 0.0828125
0 0.7109375 0.20546875 0.05703125 0.11796875
0 0.7953125 0.2125 0.0546875 0.11171875
0 0.8546875 0.21015625 0.05703125 0.1171875
0 0.90546875 0.21171875 0.04296875 0.1171875
0 0.953125 0.21484375 0.0484375 0.115625
0 0.1875 0.86875 0.06640625 0.08203125
0 0.11484375 0.88046875 0.075 0.084375
0 0.45234375 0.8328125 0.06015625 0.0765625
0 0.01484375 0.89765625 0.0296875 0.0765625
0 0.053125 0.87421875 0.03359375 0.0703125
0 0.2609375 0.7453125 0.06328125 0.0859375
0 0.32734375 0.73984375 0.06796875 0.084375
0 0.4578125 0.725 0.05859375 0.0796875
0 0.11171875 0.76328125 0.07265625 0.0921875
0 0.51875 0.71875 0.06015625 0.08203125
0 0.39453125 0.73203125 0.06015625 0.078125
0 0.634375 0.696875 0.03828125 0.071875
0 0.58203125 0.715625 0.06015625 0.0828125
0 0.984375 0.665625 0.0296875 0.0328125
0 0.984375 0.696875 0.03125 0.03125
0 0.19140625 0.75625 0.07265625 0.0921875
0 0.9296875 0.68671875 0.071875 0.0671875
0 0.84375 0.69453125 0.0921875 0.06640625