0 0.9671875 0.69296875 0.0375 0.05546875
0 0.91953125 0.70625 0.05703125 0.0640625
0 0.86328125 0.703125 0.04765625 0.06953125
0 0.80390625 0.703125 0.05859375 0.065625
0 0.95 0.6 0.1 0.0875
0 0.86796875 0.59921875 0.0515625 0.0921875
0 0.81171875 0.596875 0.05078125 0.0984375
0 0.0765625 0.2609375 0.034375 0.08984375
0 0.01875 0.6234375 0.0375 0.09921875
0 0.15 0.24453125 0.0796875 0.10390625
0 0.6734375 0.27265625 0.046875 0.01328125
0 0.278125 0.25234375 0.05078125 0.09453125
0 0.33515625 0.2515625 0.0546875 0.09921875
0 0.38828125 0.26328125 0.03515625 0.078125
0 0.428125 0.2625 0.04140625 0.0828125
0 0.475 0.26328125 0.04453125 0.08515625
0 0.5171875 0.2828125 0.0234375 0.040625
0 0.546875 0.2796875 0.0296875 0.0453125
0 0.58671875 0.26171875 0.03984375 0.090625
0 0.625 0.2609375 0.034375 0.0890625
0 0.6765625 0.2875 0.04921875 0.0125
0 0.6765625 0.30234375 0.053125 0.01171875
0 0.2203125 0.25 0.0578125 0.096875
0 0.0609375 0.6234375 0.03984375 0.09921875
0 0.33125 0.7484375 0.0546875 0.08984375
0 0.2 0.63515625 0.06171875 0.078125
0 0.91796875 0.85546875 0.06640625 0.0234375
0 0.85234375 0.8546875 0.053125 0.025
0 0.75234375 0.27265625 0.03515625 0.078125
0 0.8109375 0.89453125 0.03671875 0.03046875
0 0.77109375 0.89609375 0.03359375 0.0296875
0 0.978125 0.79609375 0.04296875 0.078125
0 0.91875 0.79375 0.06796875 0.07421875
0 0.85078125 0.79609375 0.05546875 0.06640625
0 0.796875 0.79609375 0.0484375 0.06640625
0 0.73359375 0.7578125 0.06796875 0.09375
0 0.6625 0.75234375 0.0609375 0.08203125
0 0.57890625 0.75546875 0.065625 0.09140625
0 0.51640625 0.753125 0.05 0.09609375
0 0.4546875 0.75390625 0.06171875 0.090625
0 0.39140625 0.74453125 0.05703125 0.08515625
0 0.26953125 0.74609375 0.05390625 0.09140625
0 0.1296875 0.734375 0.05078125 0.08984375
0 0.07421875 0.7359375 0.05390625 0.0890625
0 0.025 0.73359375 0.03828125 0.09140625
0 0.73671875 0.65078125 0.06640625 0.08984375
0 0.65625 0.6421875 0.065625 0.07109375
0 0.59140625 0.64609375 0.053125 0.084375
0 0.53046875 0.64609375 0.06171875 0.08671875
0 0.46171875 0.64375 0.0640625 0.0859375
0 0.31875 0.6421875 0.0875 0.0796875
0 0.12109375 0.63125 0.065625 0.08046875
0 0.79296875 0.2703125 0.03515625 0.08203125
0 0.66015625 0.56328125 0.04453125 0.06171875
0 0.88125 0.253125 0.0421875 0.08984375
0 0.39453125 0.5453125 0.03515625 0.06328125
0 0.35390625 0.55078125 0.0359375 0.06796875
0 0.3140625 0.55 0.03671875 0.06953125
0 0.271875 0.54609375 0.0390625 0.07109375
0 0.23046875 0.53515625 0.0375 0.0484375
0 0.15859375 0.5453125 0.04921875 0.075
0 0.9453125 0.48515625 0.04296875 0.09140625
0 0.89453125 0.4859375 0.04765625 0.096875
0 0.840625 0.48828125 0.05 0.090625
0 0.77578125 0.465625 0.05859375 0.071875
0 0.6765625 0.4625 0.0515625 0.071875
0 0.43828125 0.55234375 0.04453125 0.07421875
0 0.61953125 0.46484375 0.053125 0.07109375
0 0.5140625 0.4609375 0.040625 0.07578125
0 0.46484375 0.4640625 0.0484375 0.07578125
0 0.41484375 0.45859375 0.04765625 0.07421875
0 0.3609375 0.459375 0.0375 0.06953125
0 0.315625 0.459375 0.03984375 0.071875
0 0.26875 0.45390625 0.04296875 0.07109375
0 0.19296875 0.4546875 0.0390625 0.07265625
0 0.15390625 0.45390625 0.02734375 0.0671875
0 0.01875 0.51484375 0.0375 0.10078125
0 0.9828125 0.87734375 0.034375 0.0421875
0 0.10703125 0.47421875 0.05859375 0.05859375
0 0.5625 0.46015625 0.04765625 0.07578125
0 0.50546875 0.5484375 0.05234375 0.0625
0 0.56640625 0.55703125 0.04375 0.059375
0 0.6125 0.55234375 0.03359375 0.05859375
0 0.9265625 0.25078125 0.03828125 0.09453125
0 0.959375 0.25234375 0.02265625 0.08828125
0 0.9875 0.2515625 0.025 0.09296875
0 0.01484375 0.3890625 0.02890625 0.09921875
0 0.05703125 0.38671875 0.04921875 0.10703125
0 0.11796875 0.3828125 0.03125 0.10234375
0 0.15390625 0.36328125 0.034375 0.0625
0 0.20703125 0.35703125 0.021875 0.078125
0 0.24375 0.35859375 0.04296875 0.07890625
0 0.29296875 0.3609375 0.0390625 0.0859375
0 0.33984375 0.36171875 0.046875 0.08125
0 0.3875 0.3609375 0.04296875 0.08046875
0 0.43046875 0.3609375 0.04140625 0.08046875
0 0.47421875 0.36484375 0.03515625 0.07734375
0 0.51953125 0.3625 0.04765625 0.08203125
0 0.5734375 0.3640625 0.04921875 0.07578125
0 0.61953125 0.3671875 0.03203125 0.0765625
0 0.6546875 0.36875 0.02890625 0.0734375
0 0.6890625 0.36953125 0.0328125 0.07265625
0 0.728125 0.36953125 0.0375 0.07578125
0 0.7734375 0.36953125 0.03359375 0.075
0 0.85625 0.371875 0.090625 0.0984375
0 0.759375 0.55078125 0.02578125 0.05546875
0 0.73125 0.55625 0.02265625 0.05703125
0 0.70234375 0.55625 0.0265625 0.0578125
0 0.8359375 0.2546875 0.0453125 0.09296875
0 0.01640625 0.8453125 0.03203125 0.08203125
0 0.96640625 0.37265625 0.065625 0.090625
0 0.03828125 0.2625 0.03203125 0.08984375
0 0.64921875 0.8625 0.06328125 0.0859375
0 0.7203125 0.86484375 0.06171875 0.084375
0 0.08125 0.8453125 0.06484375 0.0875
0 0.58046875 0.85625 0.05625 0.07421875
0 0.521875 0.85546875 0.05234375 0.075
0 0.4609375 0.83984375 0.0453125 0.04921875
0 0.3984375 0.853125 0.0625 0.0796875
0 0.328125 0.8515625 0.05625 0.0765625
0 0.26640625 0.8515625 0.06328125 0.08203125
0 0.14609375 0.8375 0.05234375 0.075
0 0.05390625 0.13515625 0.0546875 0.04375
0 0.12578125 0.1125 0.0515625 0.08984375
0 0.17734375 0.11171875 0.0453125 0.08515625
0 0.2390625 0.1 0.06953125 0.109375
0 0.91640625 0.3734375 0.02265625 0.08984375
0 0.6171875 0.11640625 0.03984375 0.09765625
0 0.7515625 0.121875 0.0515625 0.08671875
0 0.71171875 0.13046875 0.02109375 0.071875
0 0.66875 0.1125 0.05703125 0.10546875
0 0.575 0.12421875 0.04140625 0.07578125
0 0.91640625 0.11328125 0.05078125 0.10625
0 0.51484375 0.103125 0.075 0.11875
0 0.44921875 0.115625 0.05078125 0.0921875
0 0.80078125 0.12734375 0.040625 0.07890625
0 0.4 0.115625 0.04921875 0.08984375
0 0.29921875 0.11328125 0.04765625 0.0875
0 0.971875 0.11484375 0.05546875 0.109375
0 0.009375 0.2625 0.01875 0.08828125
0 0.35 0.115625 0.046875 0.08671875
0 0.8546875 0.109375 0.0625 0.11484375