0 0.36171875 0.68515625 0.0359375 0.11796875
0 0.32890625 0.68828125 0.028125 0.12265625
0 0.77421875 0.85625 0.03046875 0.14296875
0 0.2640625 0.67265625 0.021875 0.15859375
0 0.203125 0.67109375 0.028125 0.15859375
0 0.990625 0.76953125 0.01796875 0.08046875
0 0.971875 0.8703125 0.0453125 0.08671875
0 0.934375 0.8734375 0.02734375 0.0921875
0 0.9078125 0.87421875 0.0265625 0.0890625
0 0.87890625 0.8984375 0.02421875 0.06171875
0 0.85078125 0.89921875 0.0296875 0.06171875
0 0.81171875 0.85234375 0.040625 0.15
0 0.74140625 0.85546875 0.03515625 0.14375
0 0.70703125 0.85859375 0.034375 0.1390625
0 0.66875 0.85 0.0390625 0.14375
0 0.62890625 0.8515625 0.0328125 0.13984375
0 0.59375 0.85703125 0.03125 0.13671875
0 0.5609375 0.85625 0.034375 0.14140625
0 0.52421875 0.85703125 0.0390625 0.13984375
0 0.4859375 0.8546875 0.0359375 0.14375
0 0.4484375 0.85546875 0.03828125 0.14453125
0 0.41328125 0.85625 0.034375 0.14453125
0 0.378125 0.85546875 0.034375 0.14453125
0 0.3421875 0.8578125 0.0390625 0.14296875
0 0.23515625 0.671875 0.03515625 0.16015625
0 0.2953125 0.690625 0.0390625 0.11953125
0 0.39453125 0.68671875 0.0296875 0.11640625
0 0.3046875 0.8625 0.0328125 0.13828125
0 0.45859375 0.68671875 0.02890625 0.12421875
0 0.63046875 0.671875 0.0296875 0.15234375
0 0.6828125 0.628125 0.06796875 0.08828125
0 0.68203125 0.70703125 0.06875 0.07109375
0 0.7546875 0.6484375 0.0640625 0.08515625
0 0.7515625 0.7171875 0.0578125 0.05078125
0 0.8296875 0.60625 0.07109375 0.06171875
0 0.828125 0.65625 0.0703125 0.03203125
0 0.82109375 0.68828125 0.0640625 0.02890625
0 0.825 0.72421875 0.06640625 0.04140625
0 0.86484375 0.7921875 0.0390625 0.05
0 0.9078125 0.77734375 0.04296875 0.05390625
0 0.953125 0.74609375 0.046875 0.04296875
0 0.4265625 0.68984375 0.03359375 0.11796875
0 0.95234375 0.7875 0.0453125 0.0375
0 0.04453125 0.8640625 0.028125 0.14765625
0 0.075 0.86171875 0.028125 0.15078125
0 0.10234375 0.86328125 0.0265625 0.146875
0 0.134375 0.86328125 0.0359375 0.14609375
0 0.165625 0.86328125 0.025 0.14453125
0 0.19453125 0.8609375 0.034375 0.13984375
0 0.2296875 0.86171875 0.0359375 0.13671875
0 0.26796875 0.8625 0.040625 0.1375
0 0.171875 0.6734375 0.03515625 0.15546875
0 0.5609375 0.63515625 0.0546875 0.08671875
0 0.5046875 0.71015625 0.05625 0.06484375
0 0.5046875 0.628125 0.0546875 0.09296875
0 0.015625 0.8625 0.03046875 0.14921875
0 0.14375 0.6734375 0.0203125 0.15390625
0 0.28125 0.309375 0.0515625 0.08125
0 0.08515625 0.671875 0.025 0.159375
0 0.76796875 0.284375 0.025 0.11953125
0 0.790625 0.2828125 0.0203125 0.121875
0 0.81328125 0.28125 0.0265625 0.12265625
0 0.834375 0.28515625 0.015625 0.115625
0 0.85625 0.2796875 0.02734375 0.1265625
0 0.878125 0.2765625 0.0171875 0.12265625
0 0.903125 0.2828125 0.03359375 0.11015625
0 0.95234375 0.23046875 0.0578125 0.15859375
0 0.0828125 0.478125 0.0515625 0.10859375
0 0.13203125 0.47578125 0.04609375 0.1109375
0 0.1796875 0.47578125 0.046875 0.11171875
0 0.2296875 0.4765625 0.0484375 0.11171875
0 0.2765625 0.475 0.0421875 0.11015625
0 0.31953125 0.47421875 0.0453125 0.1125
0 0.4609375 0.471875 0.0453125 0.11015625
0 0.50859375 0.471875 0.04609375 0.1109375
0 0.5546875 0.4671875 0.0421875 0.11015625
0 0.5984375 0.46640625 0.0484375 0.10546875
0 0.6484375 0.46796875 0.04609375 0.11015625
0 0.771875 0.47109375 0.084375 0.11015625
0 0.8515625 0.47421875 0.075 0.10390625
0 0.92421875 0.41875 0.05703125 0.0984375
0 0.97734375 0.41640625 0.0453125 0.08515625
0 0.95546875 0.5453125 0.0703125 0.07890625
0 0.56015625 0.71015625 0.05390625 0.0609375
0 0.74453125 0.28125 0.0203125 0.12578125
0 0.29453125 0.22578125 0.0640625 0.071875
0 0.44140625 0.309375 0.0609375 0.09296875
0 0.3875 0.30625 0.046875 0.08828125
0 0.05703125 0.6734375 0.03125 0.1625
0 0.0265625 0.675 0.028125 0.16484375
0 0.00625 0.684375 0.0125 0.14609375
0 0.984375 0.65625 0.03046875 0.07109375
0 0.9484375 0.659375 0.040625 0.07421875
0 0.90234375 0.640625 0.028125 0.0421875
0 0.878125 0.63828125 0.0203125 0.0484375
0 0.178125 0.0703125 0.08671875 0.12890625
0 0.2453125 0.0703125 0.0453125 0.128125
0 0.32734375 0.07265625 0.11875 0.13125
0 0.47578125 0.06875 0.0921875 0.1375
0 0.40859375 0.06953125 0.040625 0.13671875
0 0.11484375 0.671875 0.034375 0.159375
0 0.56328125 0.07109375 0.08125 0.13359375
0 0.546875 0.30546875 0.0515625 0.08828125
0 0.6 0.30625 0.05390625 0.09140625
0 0.6625 0.07109375 0.1109375 0.128125
0 0.7421875 0.0671875 0.0453125 0.13359375
0 0.80390625 0.07421875 0.071875 0.13359375
0 0.8828125 0.07109375 0.0859375 0.1375
0 0.97265625 0.0515625 0.0546875 0.084375
0 0.05546875 0.296875 0.06953125 0.10703125
0 0.121875 0.3015625 0.0609375 0.10390625
0 0.2328125 0.22890625 0.0453125 0.084375
0 0.22578125 0.31171875 0.0578125 0.078125
0 0.33671875 0.30859375 0.0546875 0.084375
0 0.496875 0.3078125 0.05 0.09453125
0 0.603125 0.67109375 0.02578125 0.153125