0 0.59140625 0.65 0.05625 0.01796875
0 0.653125 0.65 0.053125 0.0171875
0 0.678125 0.78046875 0.05859375 0.009375
0 0.10078125 0.2796875 0.053125 0.0609375
0 0.9375 0.1796875 0.03828125 0.07890625
0 0.8640625 0.13515625 0.07109375 0.02890625
0 0.85859375 0.1875 0.07578125 0.06953125
0 0.79375 0.18515625 0.04921875 0.0703125
0 0.74921875 0.14375 0.0390625 0.0265625
0 0.6375 0.146875 0.03828125 0.01875
0 0.5859375 0.146875 0.05859375 0.04765625
0 0.64296875 0.1640625 0.03984375 0.009375
0 0.6953125 0.16328125 0.05859375 0.0140625
0 0.74609375 0.1890625 0.04375 0.06328125
0 0.1515625 0.2796875 0.04296875 0.06015625
0 0.69140625 0.19609375 0.0515625 0.04921875
0 0.7078125 0.64765625 0.0515625 0.01796875
0 0.76328125 0.6484375 0.05703125 0.01796875
0 0.81796875 0.65859375 0.04140625 0.0359375
0 0.76640625 0.66796875 0.053125 0.01875
0 0.71015625 0.66875 0.05859375 0.01640625
0 0.653125 0.6703125 0.0546875 0.01875
0 0.5953125 0.66953125 0.0625 0.01796875
0 0.5375 0.66953125 0.05078125 0.01796875
0 0.4859375 0.6703125 0.05546875 0.01953125
0 0.86875 0.65078125 0.028125 0.0265625
0 0.96171875 0.64453125 0.07421875 0.01875
0 0.6390625 0.1953125 0.04609375 0.05234375
0 0.95859375 0.6625 0.08125 0.01640625
0 0.09765625 0.175 0.04609375 0.0890625
0 0.24296875 0.29140625 0.04296875 0.03671875
0 0.68515625 0.3640625 0.028125 0.059375
0 0.715625 0.36484375 0.028125 0.05859375
0 0.76953125 0.365625 0.07265625 0.05703125
0 0.771875 0.33046875 0.07109375 0.0109375
0 0.82265625 0.371875 0.03046875 0.046875
0 0.85703125 0.37109375 0.0265625 0.0421875
0 0.9140625 0.37578125 0.03671875 0.02109375
0 0.909375 0.346875 0.03203125 0.03359375
0 0.98046875 0.30546875 0.0296875 0.0578125
0 0.953125 0.303125 0.01796875 0.06015625
0 0.8765625 0.2859375 0.01796875 0.04375
0 0.19921875 0.29140625 0.040625 0.03671875
0 0.84765625 0.29140625 0.02421875 0.04140625
0 0.8 0.28828125 0.02734375 0.04140625
0 0.74921875 0.29609375 0.06171875 0.0265625
0 0.6765625 0.2828125 0.07109375 0.053125
0 0.59453125 0.303125 0.0640625 0.01328125
0 0.59921875 0.2859375 0.071875 0.01640625
0 0.59765625 0.2703125 0.07421875 0.0171875
0 0.53203125 0.2828125 0.053125 0.0625
0 0.48125 0.28984375 0.04140625 0.04921875
0 0.4375 0.2921875 0.040625 0.03984375
0 0.3875 0.2921875 0.04609375 0.03984375
0 0.33828125 0.29296875 0.05 0.03515625
0 0.82421875 0.2890625 0.0203125 0.04375
0 0.03984375 0.7359375 0.06640625 0.03515625
0 0.10546875 0.73359375 0.04921875 0.0390625
0 0.15 0.7328125 0.03671875 0.0390625
0 0.5984375 0.78828125 0.0453125 0.01015625
0 0.60390625 0.825 0.03125 0.03203125
0 0.63828125 0.82265625 0.0359375 0.03828125
0 0.68515625 0.821875 0.04921875 0.0375
0 0.746875 0.8265625 0.065625 0.03046875
0 0.80078125 0.81640625 0.03359375 0.04921875
0 0.83515625 0.81171875 0.03203125 0.05703125
0 0.88828125 0.828125 0.06328125 0.03203125
0 0.959375 0.834375 0.06484375 0.02421875
0 0.959375 0.81015625 0.071875 0.01953125
0 0.93359375 0.784375 0.0515625 0.02578125
0 0.56875 0.81875 0.02109375 0.05
0 0.5859375 0.196875 0.05546875 0.04921875
0 0.46015625 0.19375 0.05390625 0.04765625
0 0.40625 0.14453125 0.06171875 0.05234375
0 0.3953125 0.1953125 0.06171875 0.05
0 0.34296875 0.1953125 0.0390625 0.04765625
0 0.34609375 0.1453125 0.03984375 0.04921875
0 0.29921875 0.1640625 0.028125 0.03359375
0 0.29296875 0.2 0.0359375 0.0390625
0 0.25078125 0.19375 0.03671875 0.04921875
0 0.20546875 0.196875 0.0359375 0.04453125
0 0.15546875 0.17421875 0.05546875 0.08984375
0 0.1 0.12265625 0.05234375 0.0140625
0 0.52421875 0.19609375 0.06328125 0.046875
0 0.5265625 0.8203125 0.046875 0.0453125
0 0.48125 0.81328125 0.0375 0.059375
0 0.440625 0.8125 0.03671875 0.0578125
0 0.196875 0.73359375 0.04296875 0.0390625
0 0.23828125 0.73359375 0.0328125 0.03984375
0 0.2921875 0.73203125 0.06328125 0.04453125
0 0.3546875 0.73203125 0.05703125 0.046875
0 0.4125 0.7328125 0.05703125 0.04609375
0 0.47109375 0.7296875 0.0546875 0.04453125
0 0.53203125 0.72890625 0.06640625 0.04921875
0 0.59609375 0.7265625 0.0578125 0.04609375
0 0.659375 0.728125 0.05703125 0.04453125
0 0.7265625 0.72578125 0.06328125 0.021875
0 0.7265625 0.74296875 0.0640625 0.0109375
0 0.7953125 0.74375 0.06015625 0.0140625
0 0.79375 0.7203125 0.065625 0.0296875
0 0.865625 0.72578125 0.03046875 0.03203125
0 0.95546875 0.715625 0.04765625 0.03046875
0 0.95625 0.7421875 0.04921875 0.02109375
0 0.0515625 0.80390625 0.09453125 0.028125
0 0.0546875 0.83671875 0.09609375 0.028125
0 0.1375 0.81953125 0.05390625 0.05859375
0 0.1921875 0.82578125 0.046875 0.04375
0 0.23828125 0.825 0.0375 0.04296875
0 0.26953125 0.81640625 0.01875 0.0609375
0 0.3 0.81484375 0.0234375 0.06328125
0 0.34296875 0.8234375 0.0515625 0.046875
0 0.34375 0.79296875 0.05859375 0.01171875
0 0.65078125 0.3640625 0.02890625 0.05703125
0 0.6140625 0.36484375 0.0296875 0.059375
0 0.1953125 0.25625 0.040625 0.0328125
0 0.50625 0.365625 0.0265625 0.0578125
0 0.43203125 0.58984375 0.040625 0.03359375
0 0.3890625 0.5921875 0.03203125 0.0359375
0 0.35 0.59140625 0.034375 0.03671875
0 0.3140625 0.59140625 0.03125 0.03515625
0 0.28125 0.5921875 0.034375 0.0375
0 0.24453125 0.590625 0.03203125 0.0375
0 0.20234375 0.58984375 0.04296875 0.03828125
0 0.15078125 0.590625 0.04609375 0.034375
0 0.10390625 0.5890625 0.0453125 0.03671875
0 0.965625 0.50703125 0.046875 0.0328125
0 0.9 0.52734375 0.02421875 0.02890625
0 0.92109375 0.50390625 0.0203125 0.0171875
0 0.90859375 0.48125 0.0265625 0.02265625
0 0.82578125 0.50859375 0.0625 0.0546875
0 0.76171875 0.51015625 0.05625 0.05390625
0 0.7 0.51328125 0.0609375 0.04765625
0 0.63671875 0.51328125 0.05859375 0.04765625
0 0.6953125 0.48203125 0.06015625 0.01171875
0 0.62421875 0.47734375 0.06328125 0.0140625
0 0.55546875 0.4875 0.02421875 0.00625
0 0.5703125 0.51640625 0.06171875 0.04921875
0 0.478125 0.59140625 0.0390625 0.0328125
0 0.5171875 0.59140625 0.0328125 0.034375
0 0.56953125 0.584375 0.065625 0.04921875
0 0.5171875 0.565625 0.03125 0.0125
0 0.53828125 0.65078125 0.04921875 0.01640625
0 0.48125 0.6484375 0.0546875 0.0203125
0 0.43671875 0.6609375 0.028125 0.0390625
0 0.39921875 0.6609375 0.03984375 0.03671875
0 0.3578125 0.6609375 0.03828125 0.034375
0 0.31875 0.6609375 0.0359375 0.03671875
0 0.28359375 0.66171875 0.03359375 0.03671875
0 0.24140625 0.6609375 0.0390625 0.0390625
0 0.2046875 0.6609375 0.02578125 0.0390625
0 0.1765625 0.6609375 0.02890625 0.0390625
0 0.51953125 0.51484375 0.0328125 0.05390625
0 0.14375 0.66328125 0.03125 0.040625
0 0.04296875 0.63671875 0.03125 0.03046875
0 0.01484375 0.6359375 0.025 0.0328125
0 0.58515625 0.3640625 0.028125 0.059375
0 0.8640625 0.6203125 0.0203125 0.03125
0 0.89296875 0.6078125 0.02578125 0.025
0 0.90546875 0.578125 0.025 0.0328125
0 0.82578125 0.5828125 0.053125 0.046875
0 0.76484375 0.5828125 0.06328125 0.04609375
0 0.69921875 0.58515625 0.06328125 0.04609375
0 0.6375 0.584375 0.06015625 0.04609375
0 0.10703125 0.6640625 0.03828125 0.0375
0 0.4875 0.5125 0.0203125 0.04921875
0 0.965625 0.58203125 0.059375 0.0328125
0 0.39921875 0.5125 0.05625 0.05078125
0 0.77109375 0.4390625 0.02265625 0.0328125
0 0.79296875 0.440625 0.02421875 0.0328125
0 0.82421875 0.43828125 0.02734375 0.0328125
0 0.97421875 0.421875 0.046875 0.0171875
0 0.97265625 0.4421875 0.0484375 0.01875
0 0.9046875 0.45390625 0.0234375 0.0234375
0 0.9078125 0.4265625 0.01796875 0.02578125
0 0.90078125 0.4 0.01953125 0.025
0 0.02578125 0.37734375 0.046875 0.06640625
0 0.11171875 0.3765625 0.04921875 0.03515625
0 0.7421875 0.440625 0.02421875 0.03046875
0 0.15703125 0.3765625 0.03984375 0.03828125
0 0.2375 0.37734375 0.0328125 0.03515625
0 0.275 0.37734375 0.0421875 0.034375
0 0.31171875 0.3765625 0.028125 0.0359375
0 0.3453125 0.36875 0.021875 0.05078125
0 0.3703125 0.365625 0.0265625 0.0546875
0 0.3984375 0.36875 0.01796875 0.05390625
0 0.42265625 0.36484375 0.02421875 0.05546875
0 0.4546875 0.51171875 0.0484375 0.0515625
0 0.4546875 0.36875 0.015625 0.0546875
0 0.478125 0.365625 0.01640625 0.0546875
0 0.2 0.378125 0.0390625 0.03359375
0 0.7203125 0.4421875 0.02109375 0.03359375
0 0.028125 0.18671875 0.0484375 0.0640625
0 0.665625 0.4390625 0.01953125 0.0359375
0 0.2984375 0.5203125 0.03359375 0.0359375
0 0.26015625 0.51875 0.04296875 0.03984375
0 0.34296875 0.51328125 0.05546875 0.05078125
0 0.68984375 0.43984375 0.02734375 0.0359375
0 0.034375 0.54921875 0.0640625 0.05
0 0.1453125 0.52109375 0.0390625 0.0375
0 0.03125 0.4703125 0.04921875 0.05625
0 0.09921875 0.43671875 0.03671875 0.034375
0 0.1359375 0.43828125 0.03046875 0.03203125
0 0.17265625 0.4375 0.04296875 0.03515625
0 0.2109375 0.43828125 0.034375 0.03203125
0 0.10078125 0.52109375 0.0390625 0.03828125
0 0.30078125 0.43828125 0.046875 0.0328125
0 0.34140625 0.4375 0.03671875 0.03359375
0 0.38046875 0.43671875 0.040625 0.03203125
0 0.41953125 0.4375 0.03515625 0.0328125
0 0.45546875 0.4375 0.03515625 0.03359375
0 0.49296875 0.4375 0.03671875 0.03515625
0 0.528125 0.43828125 0.03515625 0.034375
0 0.634375 0.43984375 0.0265625 0.03359375
0 0.6078125 0.4390625 0.025 0.03671875
0 0.58359375 0.440625 0.02265625 0.034375
0 0.25078125 0.4359375 0.0484375 0.03515625
0 0.559375 0.43828125 0.0234375 0.0328125