0 0.221875 0.64140625 0.02734375 0.015625
0 0.22265625 0.66328125 0.02890625 0.015625
0 0.265625 0.65390625 0.0375 0.01796875
0 0.2625 0.6734375 0.03359375 0.01796875
0 0.13125 0.559375 0.021875 0.01171875
0 0.1625 0.56796875 0.028125 0.01953125
0 0.1875 0.56875 0.009375 0.0140625
0 0.275 0.584375 0.0140625 0.03828125
0 0.22265625 0.571875 0.01796875 0.034375
0 0.246875 0.58203125 0.02109375 0.03984375
0 0.296875 0.58671875 0.0140625 0.05
0 0.3203125 0.56796875 0.0265625 0.10703125
0 0.35 0.5734375 0.021875 0.11171875
0 0.38515625 0.5859375 0.0421875 0.11640625
0 0.2015625 0.56015625 0.015625 0.05234375
0 0.18203125 0.6453125 0.03125 0.01328125
0 0.11171875 0.6265625 0.02578125 0.01328125
0 0.1484375 0.61796875 0.0234375 0.0140625
0 0.2296875 0.74609375 0.0421875 0.01328125
0 0.22421875 0.76796875 0.034375 0.01875
0 0.2671875 0.7703125 0.02734375 0.0171875
0 0.26875 0.790625 0.0328125 0.01484375
0 0.3 0.7703125 0.0140625 0.10078125
0 0.32734375 0.7765625 0.03125 0.07578125
0 0.35625 0.77890625 0.01640625 0.08359375
0 0.38125 0.78203125 0.02265625 0.1125
0 0.51796875 0.828125 0.0265625 0.1234375
0 0.48359375 0.8140625 0.034375 0.13203125
0 0.44765625 0.80078125 0.034375 0.11875
0 0.40859375 0.78984375 0.0296875 0.11328125
0 0.11875 0.60703125 0.025 0.0171875
0 0.58359375 0.61796875 0.0453125 0.13671875
0 0.14453125 0.6390625 0.0328125 0.0140625
0 0.184375 0.62734375 0.03359375 0.01796875
0 0.5359375 0.61328125 0.04375 0.14296875
0 0.13125 0.45703125 0.01875 0.06640625
0 0.4609375 0.5921875 0.04375 0.1359375
0 0.0859375 0.21953125 0.0140625 0.05
0 0.103125 0.21484375 0.0140625 0.04609375
0 0.1234375 0.21171875 0.015625 0.05078125
0 0.13828125 0.2140625 0.01328125 0.04921875
0 0.1578125 0.209375 0.015625 0.04296875
0 0.171875 0.20390625 0.009375 0.05390625
0 0.19375 0.2015625 0.0203125 0.0546875
0 0.21875 0.2015625 0.0125 0.0640625
0 0.24140625 0.19296875 0.0265625 0.05234375
0 0.26875 0.184375 0.0265625 0.07109375
0 0.29453125 0.17734375 0.021875 0.06953125
0 0.58515625 0.12421875 0.04453125 0.11796875
0 0.54609375 0.13125 0.0328125 0.11015625
0 0.5078125 0.1390625 0.03515625 0.10703125
0 0.46640625 0.15 0.0359375 0.09609375
0 0.06875 0.22109375 0.0125 0.03984375
0 0.08125 0.08359375 0.01796875 0.06640625
0 0.0625 0.090625 0.0125 0.0703125
0 0.2765625 0.34921875 0.0203125 0.07578125
0 0.1109375 0.45390625 0.0109375 0.06640625
0 0.1828125 0.75390625 0.034375 0.0125
0 0.15234375 0.4609375 0.015625 0.06484375
0 0.1734375 0.4703125 0.01953125 0.0546875
0 0.19765625 0.475 0.01875 0.05703125
0 0.21875 0.46484375 0.0203125 0.07109375
0 0.24609375 0.46953125 0.021875 0.08046875
0 0.49765625 0.60234375 0.025 0.13828125
0 0.27421875 0.490625 0.0265625 0.04375
0 0.11015625 0.35625 0.01796875 0.03984375
0 0.13203125 0.35859375 0.01875 0.03671875
0 0.159375 0.35234375 0.0203125 0.0625
0 0.1796875 0.3515625 0.0140625 0.07109375
0 0.2 0.346875 0.01875 0.07421875
0 0.221875 0.3484375 0.0203125 0.07265625
0 0.24921875 0.3515625 0.028125 0.07421875
0 0.084375 0.35703125 0.021875 0.03984375
0 0.18125 0.73515625 0.03203125 0.01484375
0 0.11875 0.70859375 0.0234375 0.0140625
0 0.14609375 0.7171875 0.0203125 0.01484375
0 0.80625 0.5421875 0.04765625 0.0921875
0 0.75546875 0.56328125 0.0421875 0.0375
0 0.709375 0.53359375 0.03671875 0.075
0 0.66328125 0.53359375 0.0375 0.0640625
0 0.98671875 0.7796875 0.02578125 0.15234375
0 0.346875 0.4078125 0.028125 0.08203125
0 0.309375 0.39765625 0.0328125 0.10234375
0 0.934375 0.771875 0.03984375 0.12421875
0 0.8765625 0.771875 0.046875 0.1359375
0 0.5 0.40546875 0.046875 0.13671875
0 0.8046875 0.6671875 0.071875 0.05546875
0 0.8125 0.7609375 0.05078125 0.1140625
0 0.7484375 0.7484375 0.0578125 0.09453125
0 0.66171875 0.72734375 0.0515625 0.08828125
0 0.8 0.95078125 0.02890625 0.09765625
0 0.89453125 0.56015625 0.0640625 0.06640625
0 0.76171875 0.93984375 0.0390625 0.1203125
0 0.97109375 0.58125 0.0578125 0.0828125
0 0.709375 0.37578125 0.04140625 0.06484375
0 0.4234375 0.584375 0.03125 0.12578125
0 0.95078125 0.10390625 0.0625 0.05234375
0 0.884375 0.1140625 0.05390625 0.05546875
0 0.82109375 0.125 0.04375 0.0515625
0 0.765625 0.13515625 0.05078125 0.0453125
0 0.7109375 0.14140625 0.0453125 0.04140625
0 0.66328125 0.146875 0.0453125 0.03984375
0 0.9875 0.37578125 0.02421875 0.07734375
0 0.9359375 0.378125 0.06484375 0.06953125
0 0.871875 0.37578125 0.05703125 0.06640625
0 0.815625 0.37734375 0.0546875 0.06640625
0 0.37734375 0.3953125 0.025 0.1125
0 0.41015625 0.4046875 0.0328125 0.12890625
0 0.45390625 0.4 0.0390625 0.13359375
0 0.759375 0.3734375 0.05390625 0.0625
0 0.6609375 0.37734375 0.04140625 0.04765625
0 0.14609375 0.73671875 0.02265625 0.01328125
0 0.7140625 0.92109375 0.046875 0.15703125
0 0.6234375 0.87890625 0.0296875 0.11953125
0 0.12109375 0.78359375 0.05 0.01875
0 0.11328125 0.80546875 0.0359375 0.01484375
0 0.1140625 0.8234375 0.03125 0.0140625
0 0.11484375 0.840625 0.03046875 0.01484375
0 0.15078125 0.83359375 0.02265625 0.065625
0 0.19453125 0.87890625 0.01484375 0.0375
0 0.21953125 0.896875 0.025 0.0296875
0 0.4109375 0.16328125 0.03203125 0.08125
0 0.253125 0.91953125 0.03046875 0.03515625
0 0.29921875 0.93203125 0.0140625 0.06640625
0 0.32734375 0.92578125 0.025 0.11328125
0 0.353125 0.9359375 0.01875 0.11640625
0 0.3734375 0.98203125 0.009375 0.0359375
0 0.41015625 0.96484375 0.0203125 0.046875
0 0.440625 0.15859375 0.01015625 0.07421875
0 0.11875 0.7265625 0.02578125 0.01953125
0 0.28046875 0.91953125 0.0125 0.0578125
0 0.378125 0.16640625 0.02734375 0.078125
0 0.3515625 0.159375 0.0234375 0.1
0 0.3234375 0.16484375 0.0265625 0.09296875
0 0.5859375 0.88671875 0.028125 0.08828125
0 0.5546875 0.84296875 0.03359375 0.1296875
0 0.09375 0.45234375 0.01796875 0.06328125
0 0.55625 0.4 0.0578125 0.15703125
0 0.61015625 0.41015625 0.0484375 0.14453125
0 0.3515625 0.03203125 0.03125 0.0453125
0 0.6640625 0.915625 0.028125 0.1296875
0 0.31875 0.0328125 0.01796875 0.05546875
0 0.25 0.0375 0.0296875 0.07421875
0 0.2203125 0.04765625 0.02109375 0.084375
0 0.19453125 0.04921875 0.021875 0.07890625
0 0.16875 0.06328125 0.01875 0.08828125
0 0.14296875 0.0640625 0.015625 0.07421875
0 0.1234375 0.071875 0.01640625 0.07109375
0 0.10234375 0.07890625 0.0203125 0.071875
0 0.2859375 0.03828125 0.025 0.05625