0 0.49296875 0.56484375 0.04453125 0.0875
0 0.0953125 0.17265625 0.02890625 0.05859375
0 0.44296875 0.56640625 0.04453125 0.0875
0 0.39609375 0.56640625 0.04453125 0.0875
0 0.34765625 0.56640625 0.04375 0.0875
0 0.63515625 0.67734375 0.046875 0.08515625
0 0.58359375 0.6765625 0.04453125 0.0875
0 0.0328125 0.17578125 0.02890625 0.05859375
0 0.0640625 0.17265625 0.02890625 0.05859375
0 0.1265625 0.171875 0.02734375 0.059375
0 0.09453125 0.26875 0.03125 0.065625
0 0.1859375 0.16875 0.021875 0.05703125
0 0.028125 0.26953125 0.03125 0.065625
0 0.06171875 0.27109375 0.03125 0.065625
0 0.596875 0.34609375 0.0390625 0.06640625
0 0.12734375 0.26796875 0.03046875 0.065625
0 0.16171875 0.2671875 0.03046875 0.065625
0 0.190625 0.2671875 0.02734375 0.06640625
0 0.0078125 0.38046875 0.015625 0.0703125
0 0.0359375 0.37734375 0.03515625 0.0765625
0 0.0734375 0.37578125 0.03515625 0.0765625
0 0.109375 0.3828125 0.0296875 0.0609375
0 0.15703125 0.17109375 0.02734375 0.059375
0 0.546875 0.55625 0.04375 0.07421875
0 0.45625 0.45546875 0.04921875 0.08984375
0 0.64140625 0.56953125 0.0421875 0.08359375
0 0.140625 0.38125 0.0296875 0.0609375
0 0.5921875 0.23984375 0.0375 0.07421875
0 0.54765625 0.24140625 0.0375 0.07421875
0 0.50546875 0.2421875 0.0375 0.07421875
0 0.46484375 0.2453125 0.0375 0.07421875
0 0.425 0.2453125 0.0375 0.07421875
0 0.38515625 0.24609375 0.0375 0.07421875
0 0.34296875 0.24765625 0.0390625 0.07421875
0 0.30390625 0.2484375 0.0390625 0.07421875
0 0.63671875 0.346875 0.03828125 0.06640625
0 0.5953125 0.56953125 0.0421875 0.08359375
0 0.55546875 0.34765625 0.03828125 0.06640625
0 0.47421875 0.34921875 0.0390625 0.06640625
0 0.63515625 0.2390625 0.0375 0.07421875
0 0.434375 0.35078125 0.03828125 0.06640625
0 0.39453125 0.35078125 0.03828125 0.06640625
0 0.35390625 0.353125 0.0390625 0.06640625
0 0.63828125 0.453125 0.04921875 0.090625
0 0.57890625 0.45390625 0.04921875 0.08984375
0 0.51171875 0.45625 0.04921875 0.08984375
0 0.40078125 0.4546875 0.04921875 0.08984375
0 0.34296875 0.45625 0.04921875 0.08984375
0 0.51484375 0.3484375 0.03828125 0.06640625
0 0.1734375 0.38203125 0.0296875 0.0625
0 0.590625 0.8546875 0.04921875 0.03828125
0 0.0125 0.48359375 0.025 0.0625
0 0.63984375 0.7671875 0.04609375 0.06640625
0 0.5875 0.7828125 0.04609375 0.0875
0 0.5390625 0.78125 0.0421875 0.08828125
0 0.49296875 0.78125 0.0421875 0.08828125
0 0.44765625 0.76328125 0.04609375 0.0703125
0 0.39765625 0.77734375 0.04140625 0.08515625
0 0.35 0.77734375 0.04921875 0.08671875
0 0.64296875 0.878125 0.04609375 0.07734375
0 0.5359375 0.86484375 0.05078125 0.0609375
0 0.4765625 0.875 0.05 0.07578125
0 0.34296875 0.67265625 0.04921875 0.0890625
0 0.4265625 0.871875 0.05 0.07578125
0 0.23359375 0.8296875 0.0234375 0.0609375
0 0.18125 0.84765625 0.03515625 0.078125
0 0.15 0.83359375 0.025 0.07578125
0 0.11953125 0.834375 0.0328125 0.059375
0 0.06953125 0.8546875 0.034375 0.06328125
0 0.03203125 0.85625 0.034375 0.059375
0 0.00625 0.85703125 0.0125 0.0578125
0 0.2328125 0.7578125 0.01640625 0.0578125
0 0.20625 0.75625 0.03046875 0.05859375
0 0.29296875 0.1453125 0.0375 0.08125
0 0.37578125 0.87265625 0.04375 0.0765625
0 0.39375 0.6734375 0.0453125 0.08671875
0 0.440625 0.675 0.04453125 0.08671875
0 0.4890625 0.675 0.04453125 0.08671875
0 0.04296875 0.48515625 0.0328125 0.059375
0 0.08046875 0.48359375 0.03828125 0.059375
0 0.1203125 0.48359375 0.03828125 0.059375
0 0.15859375 0.47890625 0.03203125 0.059375
0 0.19375 0.48203125 0.0359375 0.06171875
0 0.01171875 0.575 0.0234375 0.05859375
0 0.04375 0.575 0.03671875 0.0609375
0 0.08046875 0.57421875 0.0359375 0.0609375
0 0.11875 0.57578125 0.03671875 0.0609375
0 0.16015625 0.57578125 0.0359375 0.0609375
0 0.20390625 0.5734375 0.0359375 0.0609375
0 0.009375 0.66328125 0.01875 0.06171875
0 0.0375 0.66484375 0.034375 0.06015625
0 0.53671875 0.67578125 0.04453125 0.0875
0 0.109375 0.6640625 0.034375 0.06015625
0 0.1828125 0.665625 0.034375 0.059375
0 0.21953125 0.66640625 0.034375 0.06015625
0 0.01015625 0.753125 0.01953125 0.05859375
0 0.03671875 0.753125 0.03046875 0.05859375
0 0.06953125 0.75390625 0.03046875 0.0578125
0 0.1015625 0.75625 0.03046875 0.05859375
0 0.13671875 0.75390625 0.03046875 0.0578125
0 0.17109375 0.75546875 0.03046875 0.05859375
0 0.2015625 0.37890625 0.02265625 0.071875
0 0.334375 0.1453125 0.0375 0.08125
0 0.07265625 0.665625 0.034375 0.06015625
0 0.83671875 0.12890625 0.04921875 0.1
0 0.82734375 0.37890625 0.04375 0.10546875
0 0.73359375 0.38515625 0.02578125 0.09296875
0 0.9625 0.253125 0.04765625 0.10625
0 0.91015625 0.253125 0.04765625 0.10625
0 0.85859375 0.2546875 0.05234375 0.10625
0 0.80859375 0.25703125 0.03984375 0.1078125
0 0.98046875 0.12421875 0.03671875 0.1
0 0.87890625 0.3765625 0.04375 0.10546875
0 0.93671875 0.1265625 0.046875 0.1
0 0.78359375 0.134375 0.04140625 0.08984375
0 0.7421875 0.1359375 0.0375 0.08984375
0 0.63515625 0.12890625 0.0375 0.08125
0 0.59296875 0.12890625 0.0375 0.08125
0 0.55 0.13125 0.0375 0.08125
0 0.5078125 0.13359375 0.0375 0.08125
0 0.4625 0.1375 0.0375 0.08125
0 0.88671875 0.12890625 0.046875 0.1
0 0.92890625 0.378125 0.04375 0.10546875
0 0.9765625 0.37578125 0.04453125 0.10546875
0 0.7703125 0.50390625 0.04375 0.09375
0 0.97734375 0.85703125 0.0453125 0.08515625
0 0.9265625 0.85625 0.0515625 0.0828125
0 0.8703125 0.85390625 0.05234375 0.0828125
0 0.81796875 0.8515625 0.0515625 0.0828125
0 0.7578125 0.84921875 0.05546875 0.08203125
0 0.9828125 0.7328125 0.03359375 0.08984375
0 0.93828125 0.73125 0.053125 0.0890625
0 0.87890625 0.7328125 0.05234375 0.0890625
0 0.8203125 0.72890625 0.05234375 0.0890625
0 0.7625 0.72734375 0.05234375 0.0890625
0 0.8859375 0.621875 0.04140625 0.08359375
0 0.8390625 0.61953125 0.040625 0.084375
0 0.79375 0.61875 0.040625 0.084375
0 0.74765625 0.6171875 0.040625 0.084375
0 0.96171875 0.50234375 0.04375 0.09375
0 0.91015625 0.5015625 0.04375 0.09453125
0 0.81796875 0.50390625 0.04375 0.09375
0 0.41875 0.14140625 0.0375 0.08125
0 0.37890625 0.140625 0.0375 0.08125
0 0.86328125 0.5015625 0.04375 0.09453125