0 0.3046875 0.2109375 0.078125 0.03828125
0 0.8015625 0.24765625 0.046875 0.03359375
0 0.853125 0.24609375 0.05546875 0.03125
0 0.9109375 0.2453125 0.059375 0.03203125
0 0.9640625 0.24453125 0.0484375 0.03125
0 0.8015625 0.21328125 0.0515625 0.03359375
0 0.85078125 0.21328125 0.0484375 0.03359375
0 0.803125 0.18125 0.04296875 0.03359375
0 0.9625 0.2125 0.0515625 0.0359375
0 0.8484375 0.1796875 0.04609375 0.03125
0 0.90234375 0.17890625 0.06484375 0.0328125
0 0.96328125 0.17890625 0.05234375 0.02890625
0 0.03984375 0.11640625 0.0734375 0.0390625
0 0.0390625 0.07734375 0.075 0.03828125
0 0.90546875 0.2125 0.06171875 0.0359375
0 0.30625 0.246875 0.08125 0.03203125
0 0.5828125 0.16796875 0.07578125 0.04296875
0 0.2234375 0.2140625 0.08515625 0.0390625
0 0.06640625 0.034375 0.08125 0.0375
0 0.584375 0.209375 0.07734375 0.03984375
0 0.5859375 0.2453125 0.075 0.03203125
0 0.50859375 0.24609375 0.0796875 0.0296875
0 0.5078125 0.2109375 0.078125 0.040625
0 0.5078125 0.16953125 0.078125 0.04375
0 0.2234375 0.246875 0.084375 0.028125
0 0.4375 0.175 0.05859375 0.03515625
0 0.66171875 0.1671875 0.0796875 0.04140625
0 0.6625 0.2109375 0.078125 0.04453125
0 0.6625 0.24765625 0.08046875 0.03046875
0 0.74140625 0.246875 0.07265625 0.03203125
0 0.740625 0.2078125 0.0734375 0.04765625
0 0.74296875 0.16640625 0.07578125 0.03828125
0 0.37734375 0.17421875 0.06171875 0.0375
0 0.14453125 0.034375 0.075 0.0390625
0 0.7390625 0.034375 0.06875 0.0375
0 0.29765625 0.034375 0.08125 0.03671875
0 0.7484375 0.071875 0.0734375 0.03984375
0 0.81328125 0.08671875 0.05078125 0.0359375
0 0.8640625 0.0828125 0.04609375 0.040625
0 0.91796875 0.08125 0.06171875 0.03828125
0 0.97421875 0.0859375 0.0515625 0.03359375
0 0.81875 0.1203125 0.0515625 0.0328125
0 0.67421875 0.07265625 0.07265625 0.04453125
0 0.86953125 0.11875 0.0484375 0.03515625
0 0.97421875 0.11953125 0.0515625 0.0296875
0 0.75234375 0.1125 0.07890625 0.04296875
0 0.6765625 0.115625 0.07265625 0.0390625
0 0.68828125 0.85625 0.07265625 0.0265625
0 0.75390625 0.85703125 0.05234375 0.02109375
0 0.2953125 0.93203125 0.05859375 0.0328125
0 0.92109375 0.1171875 0.0546875 0.0328125
0 0.59296875 0.03515625 0.0734375 0.0359375
0 0.596875 0.0734375 0.08203125 0.040625
0 0.59609375 0.115625 0.0859375 0.04296875
0 0.28359375 0.07578125 0.08203125 0.0390625
0 0.2015625 0.0765625 0.0828125 0.0390625
0 0.11953125 0.07734375 0.08359375 0.0390625
0 0.11953125 0.115625 0.08203125 0.03984375
0 0.20234375 0.11640625 0.0859375 0.04140625
0 0.284375 0.1140625 0.07890625 0.0390625
0 0.36640625 0.11484375 0.07421875 0.04453125
0 0.44140625 0.11484375 0.0734375 0.04453125
0 0.51640625 0.1140625 0.0703125 0.0453125
0 0.5140625 0.07109375 0.075 0.03984375
0 0.51640625 0.0328125 0.0734375 0.03515625
0 0.440625 0.07265625 0.07578125 0.04140625
0 0.3640625 0.0734375 0.075 0.04140625
0 0.3765625 0.03515625 0.07109375 0.03984375
0 0.44453125 0.0328125 0.0671875 0.0375
0 0.22109375 0.034375 0.07421875 0.03671875
0 0.66640625 0.034375 0.0765625 0.03515625
0 0.278125 0.96796875 0.05703125 0.03046875
0 0.89921875 0.43984375 0.07578125 0.03828125
0 0.11328125 0.3984375 0.0703125 0.0375
0 0.17578125 0.440625 0.0640625 0.0328125
0 0.240625 0.4421875 0.0625 0.03515625
0 0.30546875 0.440625 0.06015625 0.034375
0 0.303125 0.409375 0.065625 0.025
0 0.2375 0.4109375 0.0625 0.0265625
0 0.178125 0.4109375 0.05703125 0.0265625
0 0.37578125 0.440625 0.0640625 0.034375
0 0.375 0.40703125 0.06484375 0.034375
0 0.4375 0.43984375 0.05703125 0.03828125
0 0.43671875 0.403125 0.05703125 0.0359375
0 0.4984375 0.44140625 0.05703125 0.03515625
0 0.4984375 0.4078125 0.0578125 0.03359375
0 0.55703125 0.44296875 0.05625 0.03046875
0 0.55703125 0.41015625 0.05625 0.03671875
0 0.0546875 0.503125 0.0640625 0.03671875
0 0.1234375 0.5015625 0.06796875 0.0375
0 0.0640625 0.53671875 0.0640625 0.03671875
0 0.1265625 0.53828125 0.0609375 0.0328125
0 0.18984375 0.53671875 0.06015625 0.03203125
0 0.18984375 0.50625 0.06171875 0.03046875
0 0.25078125 0.53984375 0.0609375 0.0328125
0 0.384375 0.778125 0.07109375 0.04765625
0 0.33203125 0.78671875 0.03671875 0.028125
0 0.29296875 0.79375 0.04140625 0.03828125
0 0.25 0.79453125 0.04296875 0.03203125
0 0.20625 0.79453125 0.04453125 0.0328125
0 0.1921875 0.82578125 0.0453125 0.03203125
0 0.0265625 0.81484375 0.0515625 0.04453125
0 0.1109375 0.43828125 0.06484375 0.0390625
0 0.0390625 0.40078125 0.075 0.0375
0 0.03984375 0.43984375 0.07265625 0.04140625
0 0.79375 0.690625 0.040625 0.0328125
0 0.6578125 0.5359375 0.05234375 0.03515625
0 0.65703125 0.50078125 0.05390625 0.034375
0 0.59609375 0.5015625 0.06796875 0.03359375
0 0.6015625 0.53515625 0.05859375 0.03515625
0 0.51953125 0.4921875 0.0796875 0.046875
0 0.51796875 0.53515625 0.08203125 0.03984375
0 0.4453125 0.53515625 0.053125 0.03671875
0 0.44765625 0.496875 0.0484375 0.03671875
0 0.384375 0.49296875 0.071875 0.03515625
0 0.38203125 0.5359375 0.0640625 0.03828125
0 0.25078125 0.50703125 0.0546875 0.028125
0 0.3078125 0.5078125 0.059375 0.0296875
0 0.31015625 0.53828125 0.0578125 0.03125
0 0.3765625 0.96171875 0.075 0.04296875
0 0.53828125 0.91953125 0.0796875 0.0375
0 0.5765625 0.59296875 0.05546875 0.0390625
0 0.64140625 0.63203125 0.0546875 0.03125
0 0.7046875 0.63046875 0.053125 0.03671875
0 0.7578125 0.63046875 0.0546875 0.0375
0 0.759375 0.59609375 0.0421875 0.0328125
0 0.70703125 0.596875 0.06328125 0.0328125
0 0.81171875 0.6328125 0.04765625 0.03671875
0 0.8625 0.6328125 0.05546875 0.03828125
0 0.91953125 0.63125 0.05078125 0.03671875
0 0.97109375 0.63125 0.05234375 0.03515625
0 0.81484375 0.5953125 0.059375 0.03359375
0 0.865625 0.59609375 0.04296875 0.03359375
0 0.92265625 0.5953125 0.0609375 0.03359375
0 0.9734375 0.596875 0.04140625 0.03515625
0 0.896875 0.690625 0.04453125 0.03515625
0 0.634375 0.59609375 0.0640625 0.0390625
0 0.728125 0.53515625 0.0875 0.0375
0 0.540625 0.9578125 0.08515625 0.03671875
0 0.81953125 0.440625 0.07734375 0.034375
0 0.93359375 0.3484375 0.04453125 0.03046875
0 0.978125 0.34765625 0.04375 0.03046875
0 0.9765625 0.31875 0.046875 0.02890625
0 0.9296875 0.31953125 0.0453125 0.03203125
0 0.88046875 0.31953125 0.05546875 0.03203125
0 0.8296875 0.3203125 0.04453125 0.03359375
0 0.78125 0.32265625 0.0515625 0.02890625
0 0.9375 0.2921875 0.05859375 0.01875
0 0.88671875 0.29296875 0.0359375 0.01796875
0 0.05 0.17109375 0.08671875 0.0421875
0 0.05390625 0.21015625 0.08046875 0.03671875
0 0.0546875 0.24375 0.084375 0.03046875
0 0.1390625 0.24375 0.08203125 0.03046875
0 0.13828125 0.2109375 0.084375 0.034375
0 0.13671875 0.1734375 0.08203125 0.0421875
0 0.21953125 0.17265625 0.08359375 0.0390625
0 0.303125 0.17109375 0.08203125 0.0421875
0 0.63125 0.95703125 0.0828125 0.0375
0 0.709375 0.91953125 0.059375 0.03984375
0 0.77421875 0.91953125 0.071875 0.040625
0 0.778125 0.9625 0.07265625 0.0390625
0 0.71015625 0.9609375 0.0640625 0.03671875
0 0.9625 0.9328125 0.07421875 0.08125
0 0.86875 0.9359375 0.08515625 0.078125
0 0.4546875 0.88359375 0.08203125 0.034375
0 0.37265625 0.88828125 0.0734375 0.03203125
0 0.44765625 0.9203125 0.07578125 0.0375
0 0.36875 0.92265625 0.07890625 0.0375
0 0.45703125 0.96171875 0.07890625 0.04140625
0 0.8828125 0.35078125 0.0578125 0.03359375
0 0.8296875 0.35234375 0.04765625 0.02890625
0 0.7796875 0.353125 0.05078125 0.0296875
0 0.73125 0.31953125 0.04375 0.02578125
0 0.74453125 0.4421875 0.07421875 0.0359375
0 0.67890625 0.44453125 0.05625 0.0296875
0 0.61875 0.44453125 0.0609375 0.0328125
0 0.61640625 0.415625 0.0625 0.02265625
0 0.671875 0.41640625 0.0484375 0.025
0 0.746875 0.40078125 0.084375 0.04453125
0 0.82421875 0.4015625 0.06953125 0.04453125
0 0.04140625 0.34609375 0.0765625 0.0375
0 0.04296875 0.30625 0.0796875 0.03828125
0 0.12109375 0.34453125 0.08203125 0.0390625
0 0.1234375 0.30625 0.0796875 0.0390625
0 0.19453125 0.34453125 0.06015625 0.03984375
0 0.19375 0.3046875 0.06015625 0.04296875
0 0.25703125 0.346875 0.0578125 0.03984375
0 0.6296875 0.91875 0.0796875 0.03828125
0 0.25625 0.3046875 0.06015625 0.0421875
0 0.3171875 0.3046875 0.059375 0.040625
0 0.37734375 0.31640625 0.0578125 0.03046875
0 0.38046875 0.3484375 0.0546875 0.034375
0 0.4359375 0.34921875 0.053125 0.0359375
0 0.434375 0.3140625 0.0546875 0.03046875
0 0.5015625 0.34765625 0.07265625 0.0359375
0 0.49453125 0.31484375 0.06484375 0.0328125
0 0.56015625 0.3125 0.06171875 0.03359375
0 0.56484375 0.3484375 0.05703125 0.03984375
0 0.6265625 0.34921875 0.0578125 0.03828125
0 0.68203125 0.34765625 0.053125 0.03671875
0 0.6203125 0.3140625 0.05703125 0.03125
0 0.67890625 0.3140625 0.05859375 0.03046875
0 0.73125 0.35 0.04296875 0.03515625
0 0.3171875 0.3453125 0.059375 0.04140625
0 0.72890625 0.496875 0.0859375 0.0390625
0 0.23046875 0.93046875 0.06640625 0.03125
0 0.521875 0.72421875 0.07578125 0.0375
0 0.14375 0.69296875 0.0578125 0.028125
0 0.1421875 0.725 0.06015625 0.03515625
0 0.08203125 0.728125 0.05625 0.0328125
0 0.0296875 0.72890625 0.04921875 0.03515625
0 0.09140625 0.66171875 0.06171875 0.02109375
0 0.14765625 0.6609375 0.04921875 0.0171875
0 0.22578125 0.6875 0.09921875 0.04140625
0 0.21796875 0.72578125 0.08828125 0.034375
0 0.30390625 0.72421875 0.0734375 0.0390625
0 0.31015625 0.678125 0.06171875 0.04453125
0 0.38046875 0.6765625 0.0765625 0.05234375
0 0.45546875 0.6890625 0.05078125 0.0359375
0 0.4578125 0.72578125 0.04765625 0.03671875
0 0.38671875 0.72578125 0.08359375 0.03671875
0 0.52265625 0.6859375 0.0734375 0.0359375
0 0.809375 0.496875 0.07265625 0.03828125
0 0.88515625 0.5359375 0.07578125 0.03984375
0 0.884375 0.49453125 0.07890625 0.0375
0 0.96171875 0.534375 0.07578125 0.04140625
0 0.9625 0.49609375 0.075 0.0359375
0 0.96796875 0.43984375 0.0625 0.04140625
0 0.96640625 0.39921875 0.065625 0.03984375
0 0.0421875 0.965625 0.0515625 0.03671875
0 0.08671875 0.6953125 0.05546875 0.03203125
0 0.040625 0.9296875 0.05390625 0.03515625
0 0.0296875 0.69375 0.05546875 0.03515625
0 0.940625 0.7765625 0.0453125 0.03359375
0 0.45546875 0.78203125 0.07109375 0.04140625
0 0.2390625 0.8265625 0.046875 0.0296875
0 0.28515625 0.828125 0.0453125 0.028125
0 0.328125 0.82734375 0.04296875 0.028125
0 0.384375 0.82421875 0.06484375 0.0390625
0 0.45078125 0.821875 0.0703125 0.034375
0 0.51796875 0.821875 0.0546875 0.0328125
0 0.51875 0.7859375 0.053125 0.0375
0 0.575 0.7890625 0.05703125 0.03828125
0 0.5765625 0.82421875 0.0546875 0.03203125
0 0.628125 0.825 0.0484375 0.03359375
0 0.62890625 0.7921875 0.04609375 0.03125
0 0.68828125 0.8203125 0.0625 0.0375
0 0.68671875 0.78359375 0.06640625 0.03515625
0 0.75 0.82265625 0.0453125 0.03671875
0 0.79921875 0.82265625 0.05390625 0.0390625
0 0.8546875 0.82265625 0.04921875 0.03828125
0 0.91484375 0.82265625 0.0703125 0.0359375
0 0.975 0.82109375 0.05 0.03203125
0 0.74609375 0.77578125 0.03671875 0.03359375
0 0.78671875 0.77578125 0.0453125 0.03359375
0 0.83671875 0.77734375 0.05546875 0.03125
0 0.89296875 0.77578125 0.04765625 0.0359375
0 0.98125 0.775 0.0375 0.0328125
0 0.0984375 0.9265625 0.05078125 0.03515625
0 0.80859375 0.53515625 0.0734375 0.03984375
0 0.5984375 0.6921875 0.07265625 0.03515625
0 0.1578125 0.9234375 0.0515625 0.04453125
0 0.21484375 0.9640625 0.053125 0.034375
0 0.59765625 0.72734375 0.0734375 0.03515625
0 0.57578125 0.63046875 0.0578125 0.03515625
0 0.503125 0.5921875 0.0859375 0.03671875
0 0.50078125 0.6296875 0.090625 0.0375
0 0.09765625 0.96328125 0.05390625 0.03671875
0 0.4265625 0.63125 0.053125 0.03671875
0 0.3625 0.59296875 0.075 0.028125
0 0.36484375 0.628125 0.0703125 0.04375
0 0.89765625 0.40078125 0.07109375 0.0390625
0 0.284375 0.628125 0.08203125 0.03828125
0 0.28359375 0.58984375 0.08046875 0.040625
0 0.20078125 0.590625 0.08046875 0.04296875
0 0.20234375 0.6296875 0.078125 0.0375
0 0.42734375 0.59296875 0.05078125 0.03984375
0 0.0734375 0.62578125 0.0578125 0.04765625
0 0.67578125 0.728125 0.07578125 0.0359375
0 0.67421875 0.690625 0.0796875 0.0390625
0 0.7421875 0.72734375 0.0546875 0.03671875
0 0.13125 0.62578125 0.05546875 0.0484375
0 0.79296875 0.72734375 0.0453125 0.0375
0 0.84296875 0.728125 0.0484375 0.0359375
0 0.89296875 0.72734375 0.05078125 0.034375
0 0.95390625 0.72578125 0.05625 0.03359375
0 0.1515625 0.96640625 0.05390625 0.03359375
0 0.84453125 0.69375 0.0578125 0.0375
0 0.74296875 0.6921875 0.05703125 0.03125
0 0.01875 0.6296875 0.0359375 0.05234375
0 0.0203125 0.58359375 0.0390625 0.04375
0 0.9515625 0.69140625 0.0578125 0.03359375