0 0.2796875 0.5171875 0.02265625 0.03984375
0 0.303125 0.51953125 0.021875 0.0421875
0 0.3296875 0.5203125 0.02578125 0.04296875
0 0.37109375 0.5125 0.01953125 0.0375
0 0.38984375 0.51484375 0.01640625 0.0375
0 0.4125 0.5171875 0.02578125 0.03984375
0 0.6859375 0.53046875 0.02578125 0.04453125
0 0.759375 0.44921875 0.0765625 0.07421875
0 0.65703125 0.528125 0.02578125 0.0484375
0 0.63125 0.52734375 0.021875 0.0515625
0 0.5984375 0.525 0.02734375 0.0578125
0 0.55234375 0.52109375 0.05 0.05
0 0.49296875 0.52578125 0.065625 0.04609375
0 0.25078125 0.51796875 0.03203125 0.03828125
0 0.43828125 0.5203125 0.02265625 0.040625
0 0.18046875 0.4984375 0.0609375 0.0609375
0 0.3859375 0.41953125 0.04609375 0.06953125
0 0.7109375 0.43359375 0.01796875 0.0484375
0 0.93515625 0.91875 0.0671875 0.13046875
0 0.8671875 0.909375 0.05625 0.146875
0 0.821875 0.89296875 0.0234375 0.10625
0 0.76328125 0.8984375 0.05 0.13046875
0 0.68359375 0.91953125 0.07265625 0.08359375
0 0.6078125 0.903125 0.0640625 0.0796875
0 0.5390625 0.875 0.06171875 0.078125
0 0.07734375 0.49921875 0.11953125 0.06171875
0 0.83984375 0.44765625 0.075 0.0265625
0 0.48671875 0.434375 0.02734375 0.0375
0 0.534375 0.42109375 0.03984375 0.071875
0 0.5765625 0.43359375 0.0265625 0.046875
0 0.603125 0.4328125 0.0140625 0.05234375
0 0.6265625 0.434375 0.025 0.05
0 0.65625 0.4328125 0.02421875 0.05234375
0 0.6859375 0.43359375 0.02265625 0.0484375
0 0.43984375 0.41796875 0.05078125 0.0671875
0 0.83828125 0.475 0.075 0.02890625
0 0.3765625 0.62734375 0.04609375 0.07421875
0 0.96796875 0.46484375 0.04921875 0.053125
0 0.97109375 0.79375 0.0578125 0.0875
0 0.80078125 0.76328125 0.0796875 0.0875
0 0.71796875 0.746875 0.0609375 0.08125
0 0.63671875 0.740625 0.06875 0.08984375
0 0.46484375 0.75390625 0.06875 0.08359375
0 0.39921875 0.72265625 0.046875 0.07890625
0 0.33359375 0.728125 0.05859375 0.08046875
0 0.89296875 0.7828125 0.08515625 0.09375
0 0.2609375 0.7234375 0.06015625 0.0796875
0 0.121875 0.75625 0.03203125 0.0625
0 0.1140625 0.8578125 0.053125 0.090625
0 0.1640625 0.86328125 0.046875 0.0859375
0 0.23046875 0.86015625 0.08515625 0.08203125
0 0.31171875 0.86640625 0.0578125 0.08984375
0 0.38359375 0.88125 0.0734375 0.07421875
0 0.471875 0.865625 0.06171875 0.06640625
0 0.17890625 0.71796875 0.04765625 0.08828125
0 0.9140625 0.46015625 0.04765625 0.06640625
0 0.975 0.60625 0.05 0.134375
0 0.85 0.59453125 0.059375 0.14296875
0 0.01171875 0.58671875 0.0234375 0.065625
0 0.05546875 0.58203125 0.05859375 0.0703125
0 0.471875 0.32578125 0.04609375 0.06875
0 0.109375 0.58984375 0.04921875 0.06484375
0 0.184375 0.62421875 0.06796875 0.02265625
0 0.2 0.58203125 0.0390625 0.05625
0 0.2390625 0.6171875 0.03359375 0.06328125
0 0.9140625 0.59921875 0.0640625 0.134375
0 0.2828125 0.61953125 0.0375 0.06875
0 0.428125 0.628125 0.0484375 0.07421875
0 0.4953125 0.62109375 0.046875 0.0875
0 0.56328125 0.61796875 0.04921875 0.0828125
0 0.61796875 0.62734375 0.05 0.0890625
0 0.6796875 0.646875 0.0546875 0.0609375
0 0.73125 0.5875 0.04609375 0.1390625
0 0.78515625 0.58828125 0.05859375 0.15703125
0 0.3265625 0.62421875 0.04453125 0.07265625
0 0.55546875 0.75 0.06484375 0.08984375
0 0.5546875 0.32109375 0.0515625 0.071875
0 0.02578125 0.40546875 0.05078125 0.04765625
0 0.11953125 0.01796875 0.01875 0.0328125
0 0.096875 0.0171875 0.01875 0.03125
0 0.06875 0.05546875 0.025 0.05390625
0 0.028125 0.05859375 0.05234375 0.0578125
0 0.40703125 0.0296875 0.07890625 0.0515625
0 0.49296875 0.0265625 0.08671875 0.0484375
0 0.5828125 0.02578125 0.0921875 0.0484375
0 0.09453125 0.66328125 0.0515625 0.05078125
0 0.034375 0.66015625 0.04609375 0.05
0 0.60859375 0.3203125 0.04765625 0.07265625
0 0.6578125 0.3203125 0.04609375 0.07109375
0 0.70234375 0.31796875 0.03984375 0.0765625
0 0.75703125 0.33359375 0.05078125 0.0984375
0 0.80859375 0.3328125 0.04140625 0.1015625
0 0.85 0.33125 0.02421875 0.10390625
0 0.89765625 0.3359375 0.065625 0.096875
0 0.9671875 0.334375 0.03515625 0.09921875
0 0.1046875 0.415625 0.0375 0.07109375
0 0.1578125 0.41640625 0.053125 0.07265625
0 0.265625 0.41796875 0.05078125 0.06875
0 0.2125 0.415625 0.0296875 0.07109375
0 0.30859375 0.41796875 0.021875 0.06953125
0 0.34375 0.41875 0.0359375 0.06953125
0 0.09921875 0.0609375 0.0234375 0.04140625
0 0.1265625 0.06015625 0.021875 0.03984375
0 0.6796875 0.02109375 0.096875 0.040625
0 0.24609375 0.03671875 0.09296875 0.07109375
0 0.43046875 0.325 0.02890625 0.0671875
0 0.38046875 0.32421875 0.046875 0.0734375
0 0.34453125 0.32578125 0.0234375 0.0765625
0 0.2953125 0.325 0.03828125 0.071875
0 0.159375 0.0375 0.040625 0.06953125
0 0.19453125 0.32578125 0.0828125 0.0734375
0 0.11953125 0.3296875 0.06328125 0.06640625
0 0.046875 0.325 0.04296875 0.06015625
0 0.96796875 0.16953125 0.05 0.15703125
0 0.8859375 0.17109375 0.04921875 0.15625
0 0.79140625 0.18984375 0.04765625 0.13046875
0 0.7328125 0.2015625 0.05859375 0.10390625
0 0.25625 0.3234375 0.0390625 0.06875
0 0.6625 0.18984375 0.06796875 0.128125
0 0.8390625 0.1796875 0.03515625 0.14453125
0 0.0171875 0.22578125 0.034375 0.0796875
0 0.14609375 0.22734375 0.0265625 0.07578125
0 0.19296875 0.20703125 0.05625 0.12109375
0 0.26015625 0.20234375 0.06875 0.11953125
0 0.34296875 0.209375 0.09765625 0.0953125
0 0.09609375 0.2078125 0.0421875 0.11328125
0 0.44453125 0.20625 0.1 0.10078125
0 0.51640625 0.22265625 0.03828125 0.06875
0 0.55703125 0.22109375 0.04296875 0.0734375
0 0.603125 0.2203125 0.0421875 0.075