0 0.178125 0.3734375 0.04453125 0.0640625
0 0.11015625 0.37734375 0.03359375 0.0640625
0 0.0671875 0.37734375 0.0421875 0.06640625
0 0.053125 0.26015625 0.05 0.075
0 0.1109375 0.2609375 0.04609375 0.0765625
0 0.2640625 0.26484375 0.04453125 0.06796875
0 0.215625 0.2625 0.04296875 0.0671875
0 0.309375 0.26328125 0.0421875 0.0671875
0 0.35390625 0.26328125 0.04453125 0.06875
0 0.41015625 0.2640625 0.040625 0.0703125
0 0.2265625 0.37578125 0.040625 0.065625
0 0.1640625 0.2625 0.04765625 0.0671875
0 0.328125 0.3765625 0.04609375 0.065625
0 0.278125 0.375 0.04296875 0.0640625
0 0.4234375 0.3765625 0.04140625 0.0625
0 0.47109375 0.37578125 0.04453125 0.0625
0 0.52109375 0.38984375 0.04453125 0.08984375
0 0.565625 0.390625 0.0359375 0.0890625
0 0.60390625 0.3890625 0.034375 0.0859375
0 0.640625 0.38828125 0.0359375 0.0875
0 0.67578125 0.3875 0.03359375 0.0890625
0 0.45546875 0.26171875 0.0390625 0.071875
0 0.08671875 0.4828125 0.03359375 0.0578125
0 0.140625 0.484375 0.03671875 0.05703125
0 0.17421875 0.4859375 0.02578125 0.05234375
0 0.22734375 0.48203125 0.0390625 0.0546875
0 0.27265625 0.484375 0.040625 0.0546875
0 0.37578125 0.3765625 0.04140625 0.0609375
0 0.509375 0.2796875 0.04453125 0.0859375
0 0.8421875 0.1609375 0.03203125 0.06875
0 0.60703125 0.2734375 0.04921875 0.0984375
0 0.03828125 0.128125 0.04375 0.08671875
0 0.09296875 0.13125 0.05234375 0.084375
0 0.153125 0.13203125 0.05078125 0.0828125
0 0.209375 0.13046875 0.03984375 0.0828125
0 0.26484375 0.13515625 0.05078125 0.0796875
0 0.3125 0.13203125 0.03828125 0.0828125
0 0.3578125 0.1328125 0.04453125 0.084375
0 0.4125 0.1328125 0.04921875 0.084375
0 0.46953125 0.13359375 0.04375 0.0796875
0 0.53125 0.146875 0.0515625 0.09375
0 0.58515625 0.146875 0.05078125 0.096875
0 0.6296875 0.14765625 0.03671875 0.09375
0 0.6765625 0.13515625 0.04921875 0.1234375
0 0.7265625 0.13359375 0.0453125 0.1234375
0 0.76875 0.14296875 0.03828125 0.103125
0 0.80703125 0.14375 0.03359375 0.1015625
0 0.3296875 0.484375 0.03515625 0.0578125
0 0.87578125 0.1609375 0.03515625 0.071875
0 0.91328125 0.16328125 0.03828125 0.0671875
0 0.95625 0.15 0.03828125 0.090625
0 0.96484375 0.28125 0.04765625 0.08984375
0 0.90234375 0.29140625 0.0515625 0.0765625
0 0.81015625 0.29765625 0.040625 0.0546875
0 0.76484375 0.2890625 0.04765625 0.06875
0 0.72421875 0.275 0.028125 0.0953125
0 0.69140625 0.27421875 0.034375 0.0984375
0 0.6546875 0.275 0.0359375 0.1015625
0 0.5578125 0.27265625 0.04609375 0.10234375
0 0.38203125 0.4828125 0.04921875 0.059375
0 0.45546875 0.584375 0.0390625 0.053125
0 0.49453125 0.496875 0.03984375 0.08203125
0 0.3125 0.58203125 0.04609375 0.0609375
0 0.26875 0.5828125 0.0359375 0.06328125
0 0.2265625 0.5828125 0.03515625 0.0578125
0 0.1890625 0.584375 0.0328125 0.0578125
0 0.1515625 0.58125 0.03828125 0.059375
0 0.10703125 0.584375 0.04140625 0.059375
0 0.1296875 0.69765625 0.08984375 0.07578125
0 0.2328125 0.6984375 0.103125 0.0875
0 0.33515625 0.6953125 0.1 0.08046875
0 0.4375 0.6953125 0.103125 0.08125
0 0.6390625 0.690625 0.09140625 0.0765625
0 0.35390625 0.584375 0.03984375 0.05703125
0 0.73203125 0.6875 0.090625 0.075
0 0.93125 0.678125 0.0375 0.075
0 0.91484375 0.7796875 0.08203125 0.0921875
0 0.825 0.784375 0.09296875 0.0890625
0 0.7296875 0.78984375 0.09609375 0.08359375
0 0.63203125 0.79296875 0.08515625 0.084375
0 0.54609375 0.796875 0.0921875 0.078125
0 0.44765625 0.7984375 0.0984375 0.0859375
0 0.3421875 0.796875 0.10546875 0.09140625
0 0.2375 0.79765625 0.09921875 0.09765625
0 0.1328125 0.79921875 0.10703125 0.10078125
0 0.4421875 0.48203125 0.04609375 0.059375
0 0.83203125 0.68359375 0.1 0.078125
0 0.396875 0.5828125 0.0421875 0.05546875
0 0.54296875 0.69140625 0.09921875 0.08125
0 0.83671875 0.5015625 0.03125 0.0625
0 0.5046875 0.60546875 0.04296875 0.0515625
0 0.58125 0.49453125 0.0359375 0.0734375
0 0.61953125 0.50625 0.03359375 0.05859375
0 0.65546875 0.50546875 0.034375 0.0609375
0 0.68984375 0.50703125 0.034375 0.0578125
0 0.72734375 0.5046875 0.0359375 0.059375
0 0.76484375 0.4984375 0.034375 0.06953125
0 0.8015625 0.496875 0.034375 0.071875
0 0.865625 0.4984375 0.02265625 0.0640625
0 0.903125 0.4921875 0.03984375 0.075
0 0.95078125 0.490625 0.03671875 0.07890625
0 0.540625 0.4953125 0.03984375 0.08046875
0 0.9625 0.5859375 0.03515625 0.0796875
0 0.9875 0.490625 0.02421875 0.07734375
0 0.909375 0.5828125 0.02734375 0.0734375
0 0.93359375 0.5859375 0.0140625 0.06015625
0 0.86171875 0.59296875 0.0625 0.0609375
0 0.81796875 0.59609375 0.01953125 0.06875
0 0.79296875 0.58828125 0.02890625 0.0765625
0 0.7609375 0.58828125 0.02734375 0.0765625
0 0.73046875 0.5890625 0.02890625 0.078125
0 0.696875 0.590625 0.0265625 0.07578125
0 0.6640625 0.6 0.0328125 0.0578125
0 0.62734375 0.60234375 0.03671875 0.0578125