0 0.3015625 0.7171875 0.02265625 0.04140625
0 0.23515625 0.77109375 0.02421875 0.04296875
0 0.23515625 0.81640625 0.0203125 0.03984375
0 0.2546875 0.6421875 0.0203125 0.04375
0 0.25625 0.6921875 0.02109375 0.04296875
0 0.2578125 0.73828125 0.01875 0.04296875
0 0.2640625 0.7828125 0.0234375 0.0359375
0 0.2640625 0.82890625 0.02109375 0.0484375
0 0.23515625 0.7234375 0.02109375 0.04609375
0 0.27734375 0.65625 0.01875 0.0484375
0 0.2953125 0.2109375 0.01875 0.153125
0 0.3171875 0.209375 0.02265625 0.1546875
0 0.33671875 0.20859375 0.015625 0.1625
0 0.3609375 0.20390625 0.02734375 0.1625
0 0.38984375 0.2078125 0.0296875 0.16171875
0 0.42109375 0.20234375 0.028125 0.16640625
0 0.47109375 0.19609375 0.0328125 0.18046875
0 0.30078125 0.6671875 0.021875 0.0515625
0 0.23203125 0.678125 0.01953125 0.03984375
0 0.20234375 0.215625 0.0171875 0.1296875
0 0.22109375 0.215625 0.01484375 0.13984375
0 0.790625 0.67734375 0.03515625 0.12265625
0 0.7578125 0.6765625 0.0265625 0.1265625
0 0.728125 0.66640625 0.02734375 0.11875
0 0.69453125 0.659375 0.0296875 0.11875
0 0.6671875 0.6484375 0.02109375 0.1171875
0 0.6421875 0.64140625 0.02265625 0.115625
0 0.61796875 0.63359375 0.01953125 0.1078125
0 0.59375 0.62578125 0.025 0.10703125
0 0.5671875 0.6203125 0.0234375 0.1109375
0 0.54296875 0.61328125 0.021875 0.1015625
0 0.75234375 0.17109375 0.05234375 0.225
0 0.81484375 0.16328125 0.05859375 0.23515625
0 0.87421875 0.15703125 0.0515625 0.25234375
0 0.9390625 0.146875 0.06640625 0.2671875
0 0.27421875 0.2125 0.02109375 0.14296875
0 0.2546875 0.2109375 0.0140625 0.13828125
0 0.23828125 0.21328125 0.0140625 0.140625
0 0.5046875 0.19921875 0.03203125 0.18515625
0 0.27890625 0.7046875 0.01953125 0.0390625
0 0.5390625 0.19140625 0.02734375 0.18984375
0 0.6078125 0.18515625 0.03828125 0.203125
0 0.3796875 0.815625 0.021875 0.0484375
0 0.35390625 0.796875 0.02265625 0.04375
0 0.33046875 0.7828125 0.02265625 0.04375
0 0.3046875 0.76484375 0.01875 0.0453125
0 0.33046875 0.88203125 0.02265625 0.0546875
0 0.30703125 0.86171875 0.01875 0.0546875
0 0.2875 0.84375 0.01953125 0.04375
0 0.46328125 0.94140625 0.065625 0.096875
0 0.2859375 0.7984375 0.0171875 0.03984375
0 0.4109375 0.94140625 0.0328125 0.0578125
0 0.4109375 0.88203125 0.0328125 0.0515625
0 0.40859375 0.82890625 0.03046875 0.0515625
0 0.4078125 0.7734375 0.02578125 0.05234375
0 0.3796875 0.76328125 0.02421875 0.053125
0 0.35234375 0.74609375 0.02265625 0.04609375
0 0.3265625 0.7328125 0.02109375 0.04921875
0 0.27890625 0.74453125 0.0203125 0.034375
0 0.54140625 0.97421875 0.07734375 0.05078125
0 0.73046875 0.96015625 0.10390625 0.07890625
0 0.62890625 0.92734375 0.08203125 0.12265625
0 0.6515625 0.18359375 0.0421875 0.21015625
0 0.7 0.1765625 0.04375 0.22109375
0 0.35625 0.84453125 0.02265625 0.04296875
0 0.35625 0.90078125 0.02421875 0.05703125
0 0.3828125 0.91875 0.0203125 0.05078125
0 0.38203125 0.865625 0.02109375 0.046875
0 0.33046875 0.8296875 0.021875 0.03984375
0 0.3078125 0.81171875 0.0171875 0.04140625
0 0.4578125 0.7140625 0.0703125 0.1265625
0 0.5375 0.75078125 0.0796875 0.14140625
0 0.3265625 0.68046875 0.02265625 0.05078125
0 0.6296875 0.784375 0.0953125 0.14765625
0 0.7359375 0.82734375 0.09921875 0.165625
0 0.86640625 0.87265625 0.153125 0.15625
0 0.35078125 0.6921875 0.02109375 0.053125
0 0.378125 0.70703125 0.02734375 0.053125
0 0.540625 0.88515625 0.07578125 0.1046875
0 0.56953125 0.1921875 0.0328125 0.19453125
0 0.459375 0.834375 0.0625 0.09375
0 0.23046875 0.58828125 0.02421875 0.04296875
0 0.4265625 0.4078125 0.015625 0.1109375
0 0.459375 0.41328125 0.0171875 0.1203125
0 0.4421875 0.41171875 0.01328125 0.1171875
0 0.30390625 0.3953125 0.015625 0.1015625
0 0.2421875 0.38828125 0.0125 0.09453125
0 0.2546875 0.390625 0.01171875 0.09765625
0 0.51953125 0.609375 0.02109375 0.1
0 0.49765625 0.603125 0.02109375 0.09140625
0 0.4671875 0.58828125 0.01875 0.0859375
0 0.44140625 0.58046875 0.01796875 0.0921875
0 0.425 0.57265625 0.0140625 0.090625
0 0.409375 0.5703125 0.01328125 0.08828125
0 0.3953125 0.56796875 0.01328125 0.08671875
0 0.378125 0.56328125 0.0171875 0.0859375
0 0.3625 0.559375 0.01015625 0.0828125
0 0.23203125 0.634375 0.01875 0.04375
0 0.334375 0.5515625 0.0125 0.08125
0 0.3203125 0.546875 0.0125 0.07578125
0 0.30859375 0.5421875 0.009375 0.0765625
0 0.29609375 0.53671875 0.01171875 0.07890625
0 0.28203125 0.53125 0.01328125 0.0765625
0 0.2671875 0.38984375 0.0125 0.096875
0 0.47734375 0.4140625 0.015625 0.125
0 0.49609375 0.41484375 0.0171875 0.1296875
0 0.35 0.55390625 0.01328125 0.07890625
0 0.5359375 0.4234375 0.0171875 0.12421875
0 0.60390625 0.43125 0.021875 0.140625
0 0.63125 0.43515625 0.02578125 0.14140625
0 0.659375 0.4390625 0.028125 0.1453125
0 0.68984375 0.440625 0.0265625 0.15078125
0 0.74765625 0.44921875 0.02734375 0.15234375
0 0.78125 0.45234375 0.03203125 0.16171875
0 0.58203125 0.42890625 0.02265625 0.13046875
0 0.81640625 0.45546875 0.034375 0.16875
0 0.321875 0.3984375 0.01484375 0.1015625
0 0.34296875 0.40078125 0.01328125 0.109375
0 0.35859375 0.40390625 0.01328125 0.10625
0 0.37265625 0.40703125 0.01484375 0.109375
0 0.38984375 0.40703125 0.0171875 0.10859375
0 0.51640625 0.4203125 0.01953125 0.12578125
0 0.85546875 0.46171875 0.0265625 0.15859375
0 0.41015625 0.40546875 0.01875 0.11328125
0 0.7171875 0.44609375 0.028125 0.15859375
0 0.25 0.52421875 0.0140625 0.07421875
0 0.55859375 0.42890625 0.01953125 0.1265625
0 0.26484375 0.528125 0.01328125 0.07578125
0 0.2828125 0.38984375 0.0140625 0.096875
0 0.23515625 0.521875 0.01328125 0.06875