0 0.3859375 0.80703125 0.02421875 0.06875
0 0.91640625 0.659375 0.05078125 0.04609375
0 0.35859375 0.80859375 0.02734375 0.07109375
0 0.04609375 0.81796875 0.09140625 0.04765625
0 0.3328125 0.79921875 0.021875 0.07265625
0 0.30703125 0.80625 0.02421875 0.07109375
0 0.16640625 0.81640625 0.1359375 0.046875
0 0.41171875 0.80859375 0.025 0.06640625
0 0.2625 0.79453125 0.06171875 0.0953125
0 0.3609375 0.671875 0.0296875 0.05546875
0 0.465625 0.803125 0.02578125 0.07890625
0 0.2859375 0.67734375 0.0390625 0.05703125
0 0.328125 0.6734375 0.034375 0.05390625
0 0.86328125 0.653125 0.04453125 0.05
0 0.9796875 0.5625 0.03984375 0.059375
0 0.9359375 0.56328125 0.0421875 0.059375
0 0.940625 0.77421875 0.06171875 0.0984375
0 0.87578125 0.7765625 0.06640625 0.09765625
0 0.81484375 0.775 0.04765625 0.10234375
0 0.76484375 0.8078125 0.0484375 0.07109375
0 0.71640625 0.80546875 0.034375 0.07421875
0 0.68359375 0.803125 0.03046875 0.08125
0 0.6546875 0.8046875 0.02734375 0.07890625
0 0.62421875 0.8046875 0.03125 0.0796875
0 0.58984375 0.8171875 0.03359375 0.05234375
0 0.55703125 0.81640625 0.03203125 0.053125
0 0.52421875 0.80390625 0.02421875 0.0765625
0 0.49609375 0.803125 0.028125 0.08125
0 0.43984375 0.80859375 0.02734375 0.0671875
0 0.7890625 0.678125 0.03203125 0.05859375
0 0.69765625 0.42265625 0.02890625 0.015625
0 0.73046875 0.67890625 0.0296875 0.05234375
0 0.39453125 0.67265625 0.01953125 0.0546875
0 0.25 0.67890625 0.02265625 0.0515625
0 0.0453125 0.63828125 0.090625 0.03984375
0 0.04375 0.59140625 0.0875 0.0421875
0 0.040625 0.54609375 0.08125 0.046875
0 0.9703125 0.4578125 0.05 0.06328125
0 0.44609375 0.67734375 0.0296875 0.05546875
0 0.48984375 0.65234375 0.04453125 0.02734375
0 0.48984375 0.678125 0.04609375 0.01875
0 0.48984375 0.69765625 0.04609375 0.0171875
0 0.52734375 0.6765625 0.0265625 0.05703125
0 0.55546875 0.6765625 0.021875 0.059375
0 0.57890625 0.66875 0.021875 0.07265625
0 0.75625 0.67421875 0.0171875 0.0578125
0 0.9140625 0.46171875 0.05234375 0.05546875
0 0.81171875 0.46015625 0.04921875 0.0609375
0 0.771875 0.45703125 0.02734375 0.06640625
0 0.7421875 0.46171875 0.02890625 0.0546875
0 0.71484375 0.4625 0.02421875 0.05390625
0 0.15703125 0.58828125 0.1125 0.04765625
0 0.15859375 0.63828125 0.12265625 0.046875
0 0.1671875 0.5296875 0.07890625 0.034375
0 0.2375 0.56328125 0.0296875 0.05625
0 0.26796875 0.5671875 0.02578125 0.0515625
0 0.6171875 0.66796875 0.0546875 0.07109375
0 0.671875 0.675 0.046875 0.0265625
0 0.67265625 0.696875 0.04765625 0.01328125
0 0.70625 0.665625 0.01640625 0.05546875
0 0.8625 0.45703125 0.05078125 0.06171875
0 0.8734375 0.5734375 0.046875 0.03671875
0 0.415625 0.67265625 0.02265625 0.06015625
0 0.4921875 0.553125 0.028125 0.05859375
0 0.28046875 0.35078125 0.04765625 0.06953125
0 0.23125 0.35 0.05 0.071875
0 0.14453125 0.31875 0.109375 0.096875
0 0.04296875 0.3171875 0.08515625 0.09765625
0 0.77578125 0.178125 0.0640625 0.1515625
0 0.70859375 0.178125 0.065625 0.15234375
0 0.64140625 0.21015625 0.0546875 0.09609375
0 0.5875 0.21015625 0.046875 0.09140625
0 0.534375 0.2109375 0.0515625 0.08984375
0 0.4796875 0.20625 0.05 0.1046875
0 0.33203125 0.34765625 0.0453125 0.065625
0 0.42734375 0.19921875 0.0421875 0.13359375
0 0.33515625 0.2078125 0.03828125 0.1171875
0 0.253125 0.2171875 0.1 0.08828125
0 0.16171875 0.1984375 0.06875 0.10859375
0 0.0609375 0.1984375 0.121875 0.09765625
0 0.2984375 0.56328125 0.02578125 0.053125
0 0.33203125 0.56484375 0.02734375 0.05703125
0 0.35703125 0.5640625 0.0171875 0.05546875
0 0.384375 0.56875 0.02109375 0.05078125
0 0.41015625 0.56796875 0.02578125 0.05234375
0 0.43515625 0.5640625 0.02265625 0.05859375
0 0.37890625 0.19921875 0.04609375 0.13515625
0 0.38828125 0.34140625 0.06875 0.08203125
0 0.4453125 0.359375 0.03828125 0.0390625
0 0.48359375 0.3515625 0.03671875 0.05390625
0 0.40859375 0.4421875 0.04765625 0.05078125
0 0.46015625 0.4625 0.0359375 0.04921875
0 0.496875 0.45859375 0.03046875 0.0640625
0 0.528125 0.46015625 0.028125 0.06015625
0 0.55703125 0.46484375 0.0296875 0.05234375
0 0.58125 0.4625 0.015625 0.0484375
0 0.59921875 0.46328125 0.01875 0.05
0 0.62265625 0.4609375 0.0265625 0.05625
0 0.6546875 0.459375 0.03046875 0.059375
0 0.68828125 0.46328125 0.02890625 0.04609375
0 0.15234375 0.47109375 0.109375 0.05
0 0.04765625 0.47265625 0.09453125 0.05
0 0.146875 0.41875 0.115625 0.05078125
0 0.04375 0.41875 0.08671875 0.053125
0 0.96484375 0.265625 0.0640625 0.09921875
0 0.9 0.284375 0.0390625 0.1375
0 0.8453125 0.290625 0.0625 0.14765625
0 0.76171875 0.33671875 0.046875 0.078125
0 0.7078125 0.3421875 0.05390625 0.075
0 0.65390625 0.3453125 0.053125 0.06171875
0 0.60234375 0.340625 0.04375 0.06953125
0 0.559375 0.3421875 0.03671875 0.0703125
0 0.51953125 0.3578125 0.0359375 0.04140625
0 0.46328125 0.56484375 0.028125 0.05703125
0 0.3578125 0.46015625 0.0421875 0.06015625
0 0.27265625 0.44921875 0.12421875 0.08125
0 0.54609375 0.5640625 0.028125 0.0609375
0 0.57421875 0.5625 0.02734375 0.06015625
0 0.6046875 0.56015625 0.03125 0.0609375
0 0.6375 0.55390625 0.028125 0.05625
0 0.68046875 0.56328125 0.0453125 0.059375
0 0.721875 0.55 0.03515625 0.0484375
0 0.77890625 0.57109375 0.0453125 0.04140625
0 0.51640625 0.54765625 0.015625 0.05234375
0 0.825 0.5765625 0.046875 0.03203125