0 0.62109375 0.43203125 0.04375 0.075
0 0.76484375 0.43046875 0.04765625 0.075
0 0.27890625 0.434375 0.04765625 0.075
0 0.3296875 0.43203125 0.046875 0.075
0 0.37890625 0.434375 0.0515625 0.071875
0 0.42578125 0.43515625 0.04296875 0.075
0 0.7140625 0.43046875 0.053125 0.075
0 0.5265625 0.4328125 0.04453125 0.075
0 0.5734375 0.4328125 0.0515625 0.075
0 0.665625 0.43046875 0.04296875 0.078125
0 0.47578125 0.434375 0.05546875 0.0765625
0 0.315625 0.7859375 0.03984375 0.075
0 0.86015625 0.428125 0.05 0.078125
0 0.05390625 0.9390625 0.0546875 0.07421875
0 0.9671875 0.7828125 0.0484375 0.05859375
0 0.9171875 0.7875 0.04453125 0.06640625
0 0.8703125 0.78828125 0.04765625 0.065625
0 0.82421875 0.7890625 0.04609375 0.0671875
0 0.78125 0.78671875 0.04140625 0.0578125
0 0.7375 0.7875 0.04375 0.0703125
0 0.6921875 0.7875 0.03984375 0.065625
0 0.6390625 0.78046875 0.04609375 0.075
0 0.5953125 0.78203125 0.04296875 0.0765625
0 0.5515625 0.7859375 0.04453125 0.0828125
0 0.5015625 0.78515625 0.0421875 0.08125
0 0.45703125 0.7859375 0.04921875 0.07890625
0 0.409375 0.784375 0.04296875 0.078125
0 0.359375 0.784375 0.04765625 0.07734375
0 0.23046875 0.434375 0.046875 0.0734375
0 0.27265625 0.78515625 0.04453125 0.075
0 0.1109375 0.93828125 0.06015625 0.0765625
0 0.16484375 0.903125 0.03984375 0.08203125
0 0.209375 0.9 0.04921875 0.090625
0 0.25234375 0.903125 0.03828125 0.090625
0 0.071875 0.16171875 0.04453125 0.06875
0 0.98515625 0.9078125 0.02890625 0.0734375
0 0.94921875 0.90703125 0.04765625 0.0734375
0 0.903125 0.9078125 0.0453125 0.0703125
0 0.86015625 0.9046875 0.040625 0.07734375
0 0.81640625 0.9078125 0.034375 0.0796875
0 0.7765625 0.90625 0.04609375 0.07421875
0 0.7296875 0.9046875 0.046875 0.0765625
0 0.22265625 0.79140625 0.05390625 0.06328125
0 0.68046875 0.90625 0.05078125 0.0796875
0 0.58125 0.90390625 0.04609375 0.084375
0 0.540625 0.903125 0.0359375 0.0828125
0 0.5 0.90234375 0.0390625 0.0890625
0 0.4578125 0.903125 0.04140625 0.0875
0 0.41796875 0.9015625 0.0296875 0.09140625
0 0.3765625 0.90390625 0.05078125 0.09453125
0 0.33515625 0.90234375 0.03359375 0.096875
0 0.2984375 0.90390625 0.04296875 0.09921875
0 0.63125 0.91015625 0.0484375 0.07265625
0 0.1625 0.79140625 0.0546875 0.0625
0 0.09140625 0.821875 0.0734375 0.0828125
0 0.03046875 0.8125 0.0515625 0.06328125
0 0.796875 0.55 0.05 0.0734375
0 0.7484375 0.55 0.04765625 0.0734375
0 0.696875 0.5515625 0.05234375 0.07578125
0 0.64765625 0.5515625 0.04453125 0.0765625
0 0.603125 0.55390625 0.04609375 0.0796875
0 0.55546875 0.553125 0.04921875 0.08125
0 0.50234375 0.55078125 0.053125 0.08125
0 0.453125 0.5484375 0.04765625 0.08515625
0 0.84453125 0.55078125 0.04609375 0.07734375
0 0.409375 0.55 0.03984375 0.08671875
0 0.3078125 0.54921875 0.0515625 0.0828125
0 0.25390625 0.55 0.046875 0.0859375
0 0.203125 0.5515625 0.0515625 0.0890625
0 0.14921875 0.553125 0.04921875 0.0828125
0 0.08671875 0.575 0.05 0.08828125
0 0.03828125 0.56015625 0.04765625 0.0703125
0 0.9625 0.4265625 0.0515625 0.075
0 0.91328125 0.42421875 0.04921875 0.08125
0 0.3578125 0.55078125 0.05 0.0828125
0 0.8125 0.42890625 0.04765625 0.078125
0 0.9 0.55078125 0.0609375 0.07734375
0 0.9859375 0.54921875 0.02734375 0.0765625
0 0.94765625 0.66640625 0.04765625 0.08125
0 0.903125 0.6671875 0.0421875 0.08359375
0 0.85703125 0.665625 0.05 0.07890625
0 0.8078125 0.66484375 0.04609375 0.0796875
0 0.76171875 0.665625 0.0453125 0.0828125
0 0.715625 0.6671875 0.04609375 0.08125
0 0.62890625 0.6671875 0.046875 0.084375
0 0.5796875 0.66640625 0.05234375 0.08125
0 0.9515625 0.55 0.04296875 0.075
0 0.5328125 0.66484375 0.0421875 0.084375
0 0.3953125 0.665625 0.04375 0.08125
0 0.35078125 0.66640625 0.04609375 0.08125
0 0.3 0.67109375 0.04609375 0.0796875
0 0.253125 0.6734375 0.0484375 0.0859375
0 0.20390625 0.671875 0.046875 0.08828125
0 0.153125 0.6546875 0.04765625 0.07109375
0 0.10078125 0.709375 0.04296875 0.0828125
0 0.04609375 0.68125 0.05703125 0.08359375
0 0.43984375 0.6671875 0.04453125 0.07890625
0 0.184375 0.434375 0.04453125 0.0734375
0 0.67109375 0.66953125 0.03828125 0.0796875
0 0.0875 0.4203125 0.05703125 0.06953125
0 0.125 0.1796875 0.06015625 0.0875
0 0.18359375 0.184375 0.059375 0.078125
0 0.24296875 0.184375 0.06015625 0.078125
0 0.29921875 0.18203125 0.05390625 0.08203125
0 0.35703125 0.1796875 0.05390625 0.0875
0 0.415625 0.178125 0.05546875 0.084375
0 0.471875 0.1828125 0.0546875 0.08359375
0 0.5296875 0.18359375 0.05390625 0.078125
0 0.58515625 0.18359375 0.05078125 0.078125
0 0.1390625 0.434375 0.0453125 0.07265625
0 0.6390625 0.1828125 0.0546875 0.08046875
0 0.725 0.1703125 0.03984375 0.1
0 0.77109375 0.16640625 0.04921875 0.10625
0 0.815625 0.165625 0.04140625 0.1046875
0 0.8578125 0.16953125 0.03828125 0.1125
0 0.90703125 0.165625 0.04921875 0.109375
0 0.953125 0.1640625 0.04296875 0.11328125
0 0.13203125 0.30390625 0.059375 0.0875
0 0.18984375 0.3078125 0.05546875 0.0796875
0 0.2515625 0.3078125 0.0671875 0.08125
0 0.68671875 0.1703125 0.0390625 0.10078125
0 0.31484375 0.30703125 0.05390625 0.07890625
0 0.36953125 0.3109375 0.0578125 0.08515625
0 0.7140625 0.3046875 0.05 0.084375
0 0.02890625 0.41328125 0.0578125 0.0703125
0 0.025 0.29921875 0.05 0.0734375
0 0.96953125 0.3046875 0.05 0.0890625
0 0.91640625 0.303125 0.05625 0.0859375
0 0.8625 0.3046875 0.0484375 0.08359375
0 0.81171875 0.30390625 0.0546875 0.08046875
0 0.76171875 0.3015625 0.0453125 0.0828125
0 0.66484375 0.30625 0.04765625 0.08125
0 0.42734375 0.31015625 0.05859375 0.08125
0 0.48671875 0.309375 0.0625 0.0765625
0 0.546875 0.3078125 0.0578125 0.0765625
0 0.60546875 0.3078125 0.05703125 0.0765625