0 0.43125 0.84140625 0.04609375 0.0359375
0 0.5796875 0.5953125 0.0796875 0.0734375
0 0.65859375 0.59609375 0.075 0.0796875
0 0.78828125 0.59921875 0.06484375 0.0796875
0 0.84921875 0.6046875 0.05625 0.0734375
0 0.9453125 0.615625 0.09375 0.06875
0 0.86171875 0.69765625 0.06328125 0.028125
0 0.934375 0.7109375 0.06953125 0.0359375
0 0.90546875 0.33515625 0.021875 0.034375
0 0.865625 0.74375 0.065625 0.03125
0 0.94609375 0.740625 0.06875 0.0265625
0 0.1140625 0.753125 0.0828125 0.059375
0 0.37265625 0.8328125 0.04609375 0.0515625
0 0.09375 0.8140625 0.053125 0.053125
0 0.203125 0.771875 0.04921875 0.05078125
0 0.30625 0.71484375 0.07578125 0.04375
0 0.30859375 0.771875 0.07734375 0.0578125
0 0.69140625 0.7640625 0.0609375 0.0421875
0 0.49375 0.83203125 0.0546875 0.05
0 0.609375 0.84453125 0.05390625 0.0296875
0 0.546875 0.83359375 0.04453125 0.0421875
0 0.625 0.80390625 0.03984375 0.04453125
0 0.3 0.8265625 0.06328125 0.04375
0 0.6125 0.7359375 0.06015625 0.04609375
0 0.42421875 0.7359375 0.04921875 0.03984375
0 0.42578125 0.78984375 0.04921875 0.0515625
0 0.2171875 0.825 0.08359375 0.0484375
0 0.56640625 0.78515625 0.06796875 0.0359375
0 0.39765625 0.325 0.01875 0.0328125
0 0.675 0.809375 0.04296875 0.0375
0 0.55234375 0.2203125 0.02265625 0.03671875
0 0.53125 0.21875 0.01796875 0.040625
0 0.509375 0.21875 0.01796875 0.0375
0 0.4859375 0.2203125 0.01796875 0.034375
0 0.4640625 0.21875 0.02109375 0.0375
0 0.43984375 0.2171875 0.01953125 0.04140625
0 0.5765625 0.21953125 0.01796875 0.03984375
0 0.4171875 0.2171875 0.0203125 0.040625
0 0.37265625 0.215625 0.02109375 0.0359375
0 0.3484375 0.21484375 0.01953125 0.0359375
0 0.32890625 0.21640625 0.01640625 0.034375
0 0.28828125 0.225 0.02578125 0.059375
0 0.26484375 0.228125 0.01640625 0.053125
0 0.21875 0.2203125 0.01796875 0.05234375
0 0.39375 0.2171875 0.01953125 0.03671875
0 0.49765625 0.596875 0.07734375 0.07109375
0 0.59609375 0.21953125 0.01796875 0.03828125
0 0.66953125 0.22265625 0.02109375 0.034375
0 0.68046875 0.846875 0.05078125 0.02421875
0 0.759375 0.76171875 0.05078125 0.05
0 0.96640625 0.27265625 0.06484375 0.14375
0 0.91640625 0.228125 0.01796875 0.0359375
0 0.89609375 0.22734375 0.02109375 0.034375
0 0.87265625 0.2265625 0.02109375 0.03359375
0 0.646875 0.2234375 0.025 0.03515625
0 0.85234375 0.2265625 0.02109375 0.0328125
0 0.8046875 0.22421875 0.0203125 0.0328125
0 0.7828125 0.225 0.01953125 0.03203125
0 0.759375 0.2234375 0.01953125 0.034375
0 0.73828125 0.2234375 0.02109375 0.03359375
0 0.71640625 0.22421875 0.0203125 0.0328125
0 0.69296875 0.2234375 0.02109375 0.0328125
0 0.8265625 0.2265625 0.01953125 0.0359375
0 0.415625 0.5890625 0.08046875 0.084375
0 0.74609375 0.48515625 0.01328125 0.0453125
0 0.24453125 0.59296875 0.0859375 0.084375
0 0.125 0.32109375 0.0234375 0.0359375
0 0.1015625 0.32109375 0.02265625 0.0359375
0 0.07890625 0.3203125 0.02265625 0.03671875
0 0.19921875 0.21796875 0.01640625 0.05234375
0 0.05625 0.3203125 0.02109375 0.03359375
0 0.03359375 0.31875 0.01953125 0.0359375
0 0.0125 0.31875 0.021875 0.0359375
0 0.33203125 0.32421875 0.01953125 0.0328125
0 0.34921875 0.325 0.01640625 0.0359375
0 0.88203125 0.3328125 0.02265625 0.034375
0 0.859375 0.3328125 0.02109375 0.0328125
0 0.8390625 0.33359375 0.02109375 0.0328125
0 0.79609375 0.33203125 0.02890625 0.03359375
0 0.7703125 0.33203125 0.0203125 0.0328125
0 0.75 0.33125 0.02109375 0.0328125
0 0.728125 0.33125 0.02109375 0.0328125
0 0.7078125 0.33125 0.01796875 0.03125
0 0.68515625 0.33046875 0.01953125 0.0328125
0 0.6625 0.33046875 0.02109375 0.0328125
0 0.64140625 0.33046875 0.01953125 0.0328125
0 0.596875 0.3296875 0.02734375 0.034375
0 0.5734375 0.3296875 0.02109375 0.034375
0 0.55390625 0.3296875 0.01640625 0.034375
0 0.53671875 0.3296875 0.0203125 0.034375
0 0.515625 0.3296875 0.02109375 0.03515625
0 0.4921875 0.328125 0.02265625 0.03515625
0 0.46328125 0.3265625 0.025 0.0359375
0 0.4359375 0.328125 0.01953125 0.0328125
0 0.41640625 0.32578125 0.01953125 0.034375
0 0.14765625 0.321875 0.021875 0.034375
0 0.171875 0.32265625 0.02265625 0.0359375
0 0.19453125 0.32421875 0.02109375 0.0359375
0 0.2171875 0.32421875 0.0203125 0.03671875
0 0.1703125 0.59296875 0.05234375 0.0609375
0 0.93359375 0.44375 0.06328125 0.1296875
0 0.8765625 0.49296875 0.04140625 0.0359375
0 0.878125 0.453125 0.04375 0.0421875
0 0.8390625 0.48359375 0.0265625 0.05234375
0 0.809375 0.47578125 0.0265625 0.065625
0 0.77578125 0.465625 0.03515625 0.0859375
0 0.37109375 0.32421875 0.02734375 0.0359375
0 0.7296875 0.484375 0.01484375 0.04296875
0 0.68046875 0.47265625 0.06796875 0.0765625
0 0.61796875 0.478125 0.0515625 0.06015625
0 0.56640625 0.47890625 0.05 0.059375
0 0.51484375 0.4609375 0.04375 0.09609375
0 0.47421875 0.465625 0.0328125 0.08671875
0 0.33203125 0.584375 0.08046875 0.075
0 0.4421875 0.4640625 0.0328125 0.084375
0 0.3765625 0.46640625 0.03203125 0.084375
0 0.34296875 0.46640625 0.034375 0.084375
0 0.30625 0.465625 0.0328125 0.084375
0 0.26875 0.4640625 0.03203125 0.084375
0 0.2359375 0.46015625 0.03515625 0.0875
0 0.20078125 0.4640625 0.03359375 0.0859375
0 0.16640625 0.46640625 0.03515625 0.0828125
0 0.12890625 0.4671875 0.03125 0.075
0 0.0984375 0.465625 0.0296875 0.07421875
0 0.0671875 0.465625 0.03203125 0.0734375
0 0.03359375 0.46484375 0.03203125 0.075
0 0.28671875 0.3265625 0.01953125 0.0359375
0 0.26484375 0.325 0.025 0.03828125
0 0.24140625 0.3234375 0.02421875 0.034375
0 0.40859375 0.465625 0.03046875 0.084375
0 0.1796875 0.2203125 0.02109375 0.0625
0 0.240625 0.2234375 0.02265625 0.0609375
0 0.13203125 0.2203125 0.01328125 0.05390625
0 0.153125 0.22109375 0.02265625 0.065625
0 0.03046875 0.109375 0.03125 0.04609375
0 0.06875 0.1 0.0421875 0.06953125
0 0.115625 0.090625 0.03515625 0.0859375
0 0.1515625 0.1 0.02890625 0.06875
0 0.18125 0.10234375 0.02734375 0.06875
0 0.21015625 0.10234375 0.0296875 0.0703125
0 0.2421875 0.103125 0.02890625 0.071875
0 0.30390625 0.090625 0.0359375 0.1
0 0.340625 0.0921875 0.0328125 0.096875
0 0.3734375 0.09140625 0.03515625 0.09921875
0 0.4078125 0.09609375 0.03203125 0.0953125
0 0.4421875 0.0953125 0.03203125 0.096875
0 0.47421875 0.09609375 0.03359375 0.096875
0 0.5078125 0.1 0.02890625 0.0921875
0 0.2703125 0.10234375 0.02734375 0.0703125
0 0.57578125 0.1 0.028125 0.0953125
0 0.54296875 0.09609375 0.03359375 0.1
0 0.11484375 0.2234375 0.0140625 0.0515625
0 0.0921875 0.21953125 0.0265625 0.0640625
0 0.06484375 0.21953125 0.021875 0.0609375
0 0.03984375 0.2203125 0.01328125 0.053125
0 0.9296875 0.128125 0.06328125 0.0546875
0 0.9296875 0.0703125 0.06328125 0.0609375
0 0.01640625 0.2171875 0.03203125 0.0609375
0 0.81796875 0.0859375 0.04296875 0.134375
0 0.78046875 0.1046875 0.03203125 0.096875
0 0.74609375 0.103125 0.03046875 0.0953125
0 0.709375 0.10234375 0.03828125 0.0953125
0 0.665625 0.1 0.03515625 0.096875
0 0.61875 0.078125 0.053125 0.1390625
0 0.8703125 0.0921875 0.05078125 0.1234375