0 0.4890625 0.665625 0.03359375 0.00703125
0 0.4421875 0.6953125 0.03671875 0.03125
0 0.44296875 0.67421875 0.0359375 0.0078125
0 0.403125 0.6734375 0.0296875 0.009375
0 0.4453125 0.6640625 0.0328125 0.0078125
0 0.409375 0.66328125 0.03125 0.0078125
0 0.3640625 0.68671875 0.0375 0.04375
0 0.5234375 0.66484375 0.03359375 0.00703125
0 0.403125 0.69453125 0.0359375 0.03046875
0 0.484375 0.675 0.034375 0.009375
0 0.5765625 0.6671875 0.040625 0.028125
0 0.48359375 0.69609375 0.0390625 0.0296875
0 0.525 0.696875 0.0390625 0.0296875
0 0.575 0.6375 0.03828125 0.03046875
0 0.615625 0.63828125 0.03828125 0.03046875
0 0.325 0.6859375 0.0375 0.04375
0 0.615625 0.6671875 0.03671875 0.028125
0 0.575 0.69765625 0.03984375 0.02734375
0 0.615625 0.69609375 0.03984375 0.02734375
0 0.65859375 0.6453125 0.034375 0.0296875
0 0.52421875 0.67578125 0.034375 0.009375
0 0.3640625 0.64921875 0.03671875 0.025
0 0.19140625 0.6953125 0.0328125 0.02578125
0 0.36328125 0.621875 0.03828125 0.0265625
0 0.1765625 0.53359375 0.075 0.028125
0 0.17421875 0.565625 0.07109375 0.028125
0 0.24453125 0.5484375 0.05390625 0.0703125
0 0.3015625 0.5484375 0.05703125 0.0703125
0 0.365625 0.55234375 0.06171875 0.06953125
0 0.4234375 0.5609375 0.0484375 0.05078125
0 0.4796875 0.559375 0.05 0.053125
0 0.53046875 0.5359375 0.04375 0.025
0 0.53125 0.5625 0.03984375 0.02421875
0 0.58046875 0.55703125 0.0453125 0.05703125
0 0.63046875 0.5546875 0.04609375 0.05703125
0 0.6765625 0.5484375 0.03828125 0.05390625
0 0.72890625 0.5546875 0.046875 0.05859375
0 0.32421875 0.64921875 0.0390625 0.0265625
0 0.79296875 0.565625 0.0578125 0.0140625
0 0.1765625 0.66015625 0.0265625 0.00625
0 0.203125 0.6609375 0.02109375 0.00859375
0 0.165625 0.67265625 0.03125 0.0140625
0 0.1984375 0.6734375 0.0296875 0.0140625
0 0.15703125 0.69296875 0.03359375 0.02578125
0 0.66875 0.6890625 0.04609375 0.04921875
0 0.23984375 0.621875 0.034375 0.02109375
0 0.27734375 0.62421875 0.0328125 0.02265625
0 0.23671875 0.65390625 0.0328125 0.02734375
0 0.27578125 0.6546875 0.03359375 0.02578125
0 0.23359375 0.68359375 0.03671875 0.02734375
0 0.27265625 0.68515625 0.03671875 0.03046875
0 0.3234375 0.621875 0.0390625 0.0265625
0 0.7921875 0.58203125 0.065625 0.01484375
0 0.71328125 0.64609375 0.04921875 0.03515625
0 0.159375 0.2265625 0.06328125 0.078125
0 0.7921875 0.67734375 0.04375 0.0765625
0 0.41796875 0.87890625 0.1390625 0.1046875
0 0.553125 0.89765625 0.128125 0.078125
0 0.6640625 0.85390625 0.09140625 0.0484375
0 0.67109375 0.90859375 0.08671875 0.05625
0 0.79453125 0.8703125 0.10234375 0.07421875
0 0.8046875 0.9234375 0.15390625 0.02421875
0 0.93984375 0.90234375 0.10234375 0.06640625
0 0.9390625 0.84609375 0.1046875 0.0125
0 0.940625 0.86171875 0.1046875 0.0125
0 0.903125 0.77734375 0.18125 0.06953125
0 0.778125 0.7765625 0.05703125 0.0640625
0 0.2359375 0.8828125 0.209375 0.10625
0 0.71484375 0.7734375 0.05703125 0.06328125
0 0.5828125 0.771875 0.0609375 0.06484375
0 0.5171875 0.76796875 0.0625 0.065625
0 0.45 0.784375 0.05703125 0.04140625
0 0.3890625 0.7859375 0.05703125 0.04140625
0 0.346875 0.7625 0.02265625 0.065625
0 0.31953125 0.75859375 0.02265625 0.0609375
0 0.284375 0.74453125 0.04375 0.01171875
0 0.2765625 0.7765625 0.04765625 0.05
0 0.24296875 0.2328125 0.028125 0.05859375
0 0.1984375 0.7859375 0.025 0.03515625
0 0.2265625 0.78359375 0.02421875 0.03515625
0 0.646875 0.77265625 0.05703125 0.06328125
0 0.73125 0.6921875 0.05859375 0.04375
0 0.11015625 0.89921875 0.01953125 0.0125
0 0.06015625 0.90078125 0.025 0.0171875
0 0.84296875 0.69140625 0.0453125 0.0453125
0 0.92109375 0.6671875 0.10390625 0.0875
0 0.00625 0.75078125 0.0125 0.0578125
0 0.03359375 0.75078125 0.03515625 0.05859375
0 0.0703125 0.75078125 0.03515625 0.0609375
0 0.10859375 0.7515625 0.0375 0.06015625
0 0.00703125 0.82734375 0.01328125 0.0265625
0 0.98359375 0.45703125 0.0328125 0.05546875
0 0.02734375 0.82734375 0.0234375 0.0265625
0 0.05234375 0.8265625 0.02265625 0.028125
0 0.07890625 0.825 0.025 0.028125
0 0.08671875 0.9 0.021875 0.0171875
0 0.10390625 0.82421875 0.02265625 0.028125
0 0.03359375 0.85234375 0.021875 0.02109375
0 0.05859375 0.85078125 0.025 0.01875
0 0.084375 0.85 0.02265625 0.01953125
0 0.10703125 0.84765625 0.0203125 0.0171875
0 0.10546875 0.87109375 0.02265625 0.01875
0 0.0796875 0.87265625 0.021875 0.0203125
0 0.0546875 0.871875 0.021875 0.0203125
0 0.02890625 0.87421875 0.021875 0.015625
0 0.0078125 0.8734375 0.015625 0.015625
0 0.01015625 0.9 0.01953125 0.01796875
0 0.0359375 0.90078125 0.021875 0.0171875
0 0.01015625 0.853125 0.0203125 0.02265625
0 0.92578125 0.459375 0.0796875 0.05078125
0 0.1734375 0.7828125 0.0234375 0.03515625
0 0.79609375 0.46171875 0.05390625 0.04765625
0 0.8734375 0.153125 0.04296875 0.08515625
0 0.53828125 0.18203125 0.0375 0.153125
0 0.81640625 0.190625 0.05 0.1453125
0 0.75625 0.19609375 0.05 0.1453125
0 0.703125 0.19453125 0.05 0.1453125
0 0.64453125 0.19375 0.05 0.1453125
0 0.19453125 0.02890625 0.09765625 0.05390625
0 0.5875 0.1953125 0.05 0.1453125
0 0.4703125 0.23359375 0.03125 0.07109375
0 0.43671875 0.2328125 0.03125 0.07109375
0 0.403125 0.2328125 0.03125 0.07109375
0 0.37109375 0.234375 0.0296875 0.07109375
0 0.33125 0.221875 0.04375 0.09375
0 0.2828125 0.21953125 0.04765625 0.09375
0 0.503125 0.23515625 0.03125 0.07109375
0 0.2109375 0.2328125 0.0328125 0.0625
0 0.103125 0.6421875 0.0421875 0.078125
0 0.0609375 0.6453125 0.0421875 0.078125
0 0.84921875 0.44296875 0.04921875 0.078125
0 0.02734375 0.5296875 0.05078125 0.05703125
0 0.084375 0.40078125 0.06328125 0.05859375
0 0.06171875 0.27890625 0.07890625 0.07421875
0 0.075 0.18359375 0.04765625 0.04140625
0 0.02421875 0.17578125 0.0453125 0.05234375
0 0.059375 0.04765625 0.11796875 0.090625
0 0.8953125 0.03203125 0.084375 0.0640625
0 0.7875 0.03046875 0.1046875 0.06015625
0 0.68046875 0.0296875 0.07578125 0.059375
0 0.5640625 0.0296875 0.128125 0.059375
0 0.43203125 0.0328125 0.12890625 0.06015625
0 0.303125 0.0328125 0.09140625 0.05546875
0 0.0859375 0.5203125 0.06328125 0.0703125
0 0.01875 0.64296875 0.0375 0.078125
0 0.93125 0.159375 0.059375 0.1125
0 0.165625 0.33671875 0.03671875 0.0734375
0 0.02421875 0.3953125 0.0453125 0.07109375
0 0.15703125 0.46171875 0.0203125 0.04296875
0 0.58515625 0.36015625 0.021875 0.02578125
0 0.69140625 0.36171875 0.03359375 0.0234375
0 0.73046875 0.3609375 0.03515625 0.02734375
0 0.76640625 0.334375 0.02734375 0.028125
0 0.8 0.3328125 0.02890625 0.02578125
0 0.7703125 0.36328125 0.03125 0.02578125
0 0.80546875 0.3625 0.03359375 0.02578125
0 0.8921875 0.30703125 0.07734375 0.0890625
0 0.96484375 0.31484375 0.0578125 0.0640625
0 0.553125 0.33125 0.02890625 0.0328125
0 0.4046875 0.4390625 0.03203125 0.02734375
0 0.20390625 0.46171875 0.0203125 0.04296875
0 0.2265625 0.46171875 0.0203125 0.04296875
0 0.43984375 0.44140625 0.03203125 0.0296875
0 0.39921875 0.4671875 0.03046875 0.0265625
0 0.4359375 0.46953125 0.03046875 0.0265625
0 0.2578125 0.45234375 0.02578125 0.0515625
0 0.48515625 0.459375 0.053125 0.04609375
0 0.54609375 0.46015625 0.053125 0.04609375
0 0.72734375 0.41875 0.05078125 0.0375
0 0.18125 0.46015625 0.0203125 0.04296875
0 0.69296875 0.33359375 0.03671875 0.03046875
0 0.63671875 0.34921875 0.0703125 0.04921875
0 0.58515625 0.33203125 0.02890625 0.02578125
0 0.7375 0.4609375 0.05546875 0.04375
0 0.2046875 0.33671875 0.03671875 0.0734375
0 0.6703125 0.4609375 0.053125 0.04609375
0 0.29296875 0.45390625 0.0296875 0.05234375
0 0.24375 0.3359375 0.03671875 0.0734375
0 0.60859375 0.459375 0.053125 0.04609375
0 0.34921875 0.45703125 0.05234375 0.03984375
0 0.33671875 0.346875 0.06328125 0.05625
0 0.4828125 0.34765625 0.06953125 0.04765625
0 0.40625 0.35 0.06796875 0.05078125
0 0.28125 0.33671875 0.03671875 0.07265625