0 0.0875 0.1140625 0.0421875 0.10625
0 0.17734375 0.121875 0.03515625 0.103125
0 0.13515625 0.1171875 0.05078125 0.11328125
0 0.0390625 0.109375 0.05703125 0.1140625
0 0.21796875 0.13515625 0.04453125 0.090625
0 0.12109375 0.2578125 0.02890625 0.109375
0 0.38984375 0.1515625 0.03828125 0.08828125
0 0.0375 0.25390625 0.05234375 0.1171875
0 0.3453125 0.1453125 0.03359375 0.0875
0 0.30625 0.14140625 0.0375 0.09921875
0 0.2671875 0.13515625 0.034375 0.090625
0 0.453125 0.1578125 0.02734375 0.0828125
0 0.48359375 0.16171875 0.02265625 0.08125
0 0.515625 0.1640625 0.02734375 0.0828125
0 0.540625 0.1671875 0.0203125 0.078125
0 0.5640625 0.171875 0.01328125 0.07890625
0 0.5859375 0.1734375 0.01796875 0.07578125
0 0.609375 0.17578125 0.02578125 0.0796875
0 0.63515625 0.1796875 0.01953125 0.071875
0 0.65390625 0.1796875 0.01640625 0.0734375
0 0.4234375 0.15546875 0.02734375 0.0828125
0 0.675 0.1828125 0.0203125 0.06875
0 0.72265625 0.1890625 0.01484375 0.0640625
0 0.7421875 0.190625 0.02265625 0.065625
0 0.76015625 0.19140625 0.01171875 0.065625
0 0.784375 0.190625 0.02734375 0.0734375
0 0.80546875 0.20546875 0.0125 0.04375
0 0.81953125 0.20703125 0.01796875 0.04140625
0 0.83515625 0.209375 0.01328125 0.04453125
0 0.8625 0.2109375 0.01640625 0.0390625
0 0.87890625 0.2203125 0.01171875 0.0328125
0 0.89140625 0.2171875 0.0109375 0.034375
0 0.92578125 0.20703125 0.01484375 0.0671875
0 0.9453125 0.2078125 0.02421875 0.0671875
0 0.7015625 0.184375 0.0265625 0.0703125
0 0.08515625 0.253125 0.0375 0.115625
0 0.521875 0.3796875 0.02734375 0.07578125
0 0.20390625 0.2625 0.0375 0.103125
0 0.828125 0.49921875 0.01796875 0.0546875
0 0.85 0.49765625 0.01796875 0.05625
0 0.8703125 0.49375 0.01640625 0.05
0 0.94375 0.48046875 0.01875 0.053125
0 0.96328125 0.4765625 0.01796875 0.053125
0 0.9234375 0.4828125 0.01796875 0.053125
0 0.08671875 0.7859375 0.05234375 0.0984375
0 0.140625 0.77421875 0.05546875 0.0765625
0 0.2046875 0.753125 0.04296875 0.0890625
0 0.8078125 0.503125 0.01953125 0.06328125
0 0.25546875 0.7421875 0.05390625 0.07109375
0 0.36015625 0.71015625 0.05546875 0.084375
0 0.4171875 0.690625 0.04765625 0.06796875
0 0.46640625 0.6578125 0.04140625 0.02265625
0 0.46953125 0.69296875 0.03671875 0.021875
0 0.50625 0.64765625 0.03828125 0.025
0 0.5171875 0.68359375 0.03828125 0.021875
0 0.55078125 0.63671875 0.034375 0.025
0 0.55234375 0.671875 0.034375 0.02578125
0 0.57890625 0.6671875 0.021875 0.0265625
0 0.30703125 0.7265625 0.0359375 0.06953125
0 0.60390625 0.66015625 0.02578125 0.021875
0 0.790625 0.50625 0.01484375 0.0609375
0 0.75703125 0.5109375 0.015625 0.0640625
0 0.28671875 0.58046875 0.03359375 0.0234375
0 0.29140625 0.6078125 0.03203125 0.01953125
0 0.2984375 0.640625 0.04296875 0.0203125
0 0.3328125 0.6 0.03359375 0.015625
0 0.3734375 0.59140625 0.03828125 0.01875
0 0.41328125 0.5828125 0.0359375 0.0203125
0 0.33984375 0.628125 0.0359375 0.01875
0 0.37734375 0.6203125 0.03359375 0.0203125
0 0.4140625 0.6109375 0.03828125 0.021875
0 0.77421875 0.50703125 0.0171875 0.0609375
0 0.46328125 0.57578125 0.04921875 0.08125
0 0.56640625 0.55625 0.03984375 0.07734375
0 0.60390625 0.56171875 0.02578125 0.034375
0 0.63359375 0.55546875 0.02734375 0.0375
0 0.659375 0.55078125 0.025 0.034375
0 0.68828125 0.54375 0.02578125 0.03671875
0 0.71484375 0.53984375 0.025 0.034375
0 0.7390625 0.534375 0.01640625 0.03359375
0 0.6875 0.5078125 0.03046875 0.0265625
0 0.73359375 0.49765625 0.01953125 0.03125
0 0.515625 0.565625 0.04609375 0.0796875
0 0.60625 0.634375 0.02578125 0.02578125
0 0.6265625 0.625 0.01640625 0.01640625
0 0.63359375 0.65234375 0.02109375 0.01875
0 0.4375 0.80625 0.04765625 0.01875
0 0.49375 0.75078125 0.03515625 0.028125
0 0.490625 0.78671875 0.03984375 0.0265625
0 0.54453125 0.771875 0.0328125 0.03125
0 0.58203125 0.7609375 0.03671875 0.03125
0 0.5796875 0.72265625 0.034375 0.03125
0 0.61796875 0.721875 0.02890625 0.065625
0 0.65078125 0.7140625 0.0328125 0.05
0 0.68515625 0.7 0.02265625 0.0125
0 0.43828125 0.7671875 0.04921875 0.0296875
0 0.68984375 0.7203125 0.028125 0.0140625
0 0.71640625 0.7109375 0.025 0.01171875
0 0.72421875 0.6625 0.03203125 0.01015625
0 0.73828125 0.68203125 0.03125 0.0109375
0 0.765625 0.6703125 0.0171875 0.0671875
0 0.81015625 0.65546875 0.03046875 0.0671875
0 0.83828125 0.64375 0.01953125 0.0546875
0 0.88359375 0.63125 0.02109375 0.0546875
0 0.925 0.6109375 0.02265625 0.0546875
0 0.95078125 0.61015625 0.02265625 0.0453125
0 0.71171875 0.69140625 0.02578125 0.01328125
0 0.38984375 0.81875 0.02890625 0.025
0 0.38984375 0.784375 0.03515625 0.028125
0 0.35078125 0.8359375 0.03984375 0.02578125
0 0.6609375 0.62421875 0.0203125 0.0640625
0 0.69296875 0.61640625 0.03828125 0.05234375
0 0.72890625 0.60859375 0.028125 0.06328125
0 0.7578125 0.590625 0.01953125 0.0703125
0 0.7875 0.5828125 0.0265625 0.06875
0 0.81484375 0.5765625 0.01953125 0.065625
0 0.83984375 0.571875 0.02734375 0.06328125
0 0.86328125 0.565625 0.01640625 0.0671875
0 0.88515625 0.559375 0.02109375 0.059375
0 0.90703125 0.55390625 0.01328125 0.059375
0 0.93203125 0.55078125 0.01640625 0.05625
0 0.95078125 0.5421875 0.01875 0.05625
0 0.08046875 0.884375 0.05703125 0.021875
0 0.0890625 0.9296875 0.05234375 0.0296875
0 0.15703125 0.8625 0.07734375 0.01953125
0 0.16875 0.90546875 0.06796875 0.0265625
0 0.234375 0.8328125 0.07265625 0.0328125
0 0.24140625 0.88046875 0.05234375 0.025
0 0.29765625 0.8171875 0.0453125 0.01875
0 0.30234375 0.85546875 0.0328125 0.0265625
0 0.3453125 0.79765625 0.03984375 0.0265625
0 0.2453125 0.6484375 0.04296875 0.0265625
0 0.2375 0.5890625 0.040625 0.0140625
0 0.2390625 0.6203125 0.0359375 0.01953125
0 0.18984375 0.65859375 0.05390625 0.0265625
0 0.01796875 0.4015625 0.0359375 0.121875
0 0.0625 0.396875 0.053125 0.1140625
0 0.1109375 0.396875 0.04140625 0.11484375
0 0.16328125 0.39296875 0.05703125 0.10390625
0 0.21328125 0.390625 0.034375 0.10625
0 0.25078125 0.3890625 0.040625 0.1046875
0 0.28828125 0.38671875 0.03125 0.10625
0 0.32578125 0.38359375 0.0375 0.0984375
0 0.36015625 0.3828125 0.02578125 0.096875
0 0.9640625 0.2921875 0.0234375 0.04765625
0 0.39453125 0.390625 0.03046875 0.075
0 0.4625 0.384375 0.03984375 0.07421875
0 0.49609375 0.38125 0.021875 0.0765625
0 0.55 0.3796875 0.025 0.0796875
0 0.5765625 0.3765625 0.02734375 0.0734375
0 0.60234375 0.37421875 0.02265625 0.0765625
0 0.6265625 0.371875 0.02421875 0.07265625
0 0.65078125 0.36875 0.02265625 0.07421875
0 0.6765625 0.36875 0.02265625 0.07109375
0 0.69609375 0.36953125 0.01875 0.071875
0 0.425 0.384375 0.0203125 0.0796875
0 0.940625 0.290625 0.01953125 0.0421875
0 0.884375 0.28671875 0.01875 0.0515625
0 0.84765625 0.28515625 0.01328125 0.05234375
0 0.259375 0.278125 0.040625 0.0765625
0 0.30078125 0.26796875 0.0375 0.09453125
0 0.34296875 0.265625 0.0390625 0.0921875
0 0.37734375 0.26953125 0.02890625 0.0859375
0 0.41484375 0.26875 0.03828125 0.0875
0 0.4734375 0.27109375 0.02734375 0.075
0 0.50546875 0.2734375 0.0296875 0.078125
0 0.534375 0.2734375 0.02578125 0.078125
0 0.56171875 0.27421875 0.0234375 0.0796875
0 0.58515625 0.2765625 0.02265625 0.075
0 0.61796875 0.2796875 0.03671875 0.06328125
0 0.64765625 0.278125 0.02265625 0.0671875
0 0.67109375 0.27890625 0.0234375 0.0671875
0 0.69453125 0.2796875 0.01953125 0.065625
0 0.71328125 0.28203125 0.01328125 0.065625
0 0.7328125 0.28203125 0.0203125 0.0640625
0 0.75234375 0.2859375 0.01328125 0.0515625
0 0.76875 0.2875 0.01796875 0.0546875
0 0.7859375 0.28125 0.01328125 0.059375
0 0.80234375 0.2828125 0.01640625 0.0609375
0 0.8203125 0.28671875 0.0125 0.059375
0 0.7171875 0.36640625 0.01953125 0.0703125
0 0.1609375 0.25859375 0.0484375 0.1109375
0 0.734375 0.365625 0.01328125 0.07265625
0 0.75859375 0.36953125 0.01171875 0.05078125
0 0.6046875 0.471875 0.02734375 0.03515625
0 0.63046875 0.4671875 0.025 0.040625
0 0.6609375 0.4640625 0.03046875 0.0359375
0 0.68828125 0.46015625 0.02578125 0.0421875
0 0.7375 0.453125 0.01953125 0.03828125
0 0.75703125 0.44765625 0.015625 0.03203125
0 0.778125 0.4453125 0.01796875 0.0296875
0 0.796875 0.4421875 0.015625 0.0328125
0 0.8171875 0.4375 0.02109375 0.034375
0 0.5328125 0.4984375 0.06171875 0.009375
0 0.834375 0.43125 0.01484375 0.0453125
0 0.8890625 0.4296875 0.01640625 0.0390625
0 0.9078125 0.421875 0.02265625 0.0421875
0 0.9421875 0.4171875 0.01796875 0.0359375
0 0.9625 0.41484375 0.01328125 0.040625
0 0.06015625 0.6359375 0.059375 0.03125
0 0.07109375 0.6796875 0.0578125 0.03515625
0 0.12265625 0.62734375 0.05390625 0.03125
0 0.13046875 0.6671875 0.05546875 0.028125
0 0.1875 0.6140625 0.0328125 0.03046875
0 0.86796875 0.43125 0.01875 0.0359375
0 0.54453125 0.4734375 0.06875 0.0078125
0 0.53671875 0.44375 0.059375 0.009375
0 0.43984375 0.48828125 0.08125 0.05234375
0 0.77578125 0.365625 0.01328125 0.05
0 0.81171875 0.36796875 0.0203125 0.0546875
0 0.83125 0.36640625 0.01328125 0.05
0 0.8484375 0.365625 0.01875 0.0515625
0 0.875 0.3625 0.02109375 0.0484375
0 0.8984375 0.3609375 0.0171875 0.0515625
0 0.92578125 0.3609375 0.01796875 0.04765625
0 0.94453125 0.35859375 0.01640625 0.05078125
0 0.97421875 0.35546875 0.02265625 0.0453125
0 0.0390625 0.52578125 0.05625 0.025
0 0.0953125 0.5203125 0.05 0.025
0 0.15859375 0.5125 0.05234375 0.025
0 0.209375 0.50625 0.04921875 0.02109375
0 0.2578125 0.49765625 0.04765625 0.025
0 0.30703125 0.49453125 0.03203125 0.02421875
0 0.0390625 0.56015625 0.05234375 0.0234375
0 0.1046875 0.55 0.05078125 0.025
0 0.1609375 0.54375 0.04140625 0.02265625
0 0.2109375 0.534375 0.04453125 0.02109375
0 0.2625 0.5265625 0.04296875 0.0203125
0 0.3078125 0.52265625 0.03359375 0.02109375
0 0.746875 0.371875 0.01328125 0.053125
0 0.71484375 0.45625 0.025 0.0359375