0 0.39765625 0.490625 0.06875 0.08046875
0 0.31953125 0.478125 0.078125 0.109375
0 0.25625 0.49375 0.05078125 0.06484375
0 0.19765625 0.4953125 0.06640625 0.07265625
0 0.1203125 0.50078125 0.06875 0.065625
0 0.06328125 0.603125 0.06953125 0.084375
0 0.0640625 0.49375 0.0390625 0.07109375
0 0.165625 0.60625 0.0625 0.09296875
0 0.21796875 0.60859375 0.03671875 0.08828125
0 0.26953125 0.60546875 0.065625 0.090625
0 0.4796875 0.490625 0.05625 0.0765625
0 0.3703125 0.59609375 0.0921875 0.09140625
0 0.11484375 0.44921875 0.0640625 0.034375
0 0.53515625 0.48984375 0.0546875 0.075
0 0.8078125 0.3640625 0.06953125 0.08515625
0 0.66015625 0.4875 0.0578125 0.07734375
0 0.453125 0.596875 0.07421875 0.08828125
0 0.33125 0.371875 0.06640625 0.07421875
0 0.4015625 0.36796875 0.065625 0.08125
0 0.471875 0.36796875 0.07578125 0.08515625
0 0.540625 0.36796875 0.05703125 0.08046875
0 0.603125 0.36796875 0.06015625 0.08125
0 0.6671875 0.3671875 0.06328125 0.0828125
0 0.7359375 0.36328125 0.07421875 0.08828125
0 0.88125 0.3671875 0.046875 0.0796875
0 0.940625 0.36484375 0.06640625 0.084375
0 0.96796875 0.4796875 0.0625 0.09375
0 0.896875 0.48671875 0.07734375 0.07890625
0 0.83125 0.48671875 0.05 0.08046875
0 0.77578125 0.4875 0.05859375 0.0828125
0 0.71875 0.4859375 0.05546875 0.07890625
0 0.6015625 0.48828125 0.06015625 0.08125
0 0.5296875 0.603125 0.0609375 0.084375
0 0.1578125 0.7203125 0.034375 0.08671875
0 0.67578125 0.59921875 0.05546875 0.09453125
0 0.11953125 0.721875 0.0421875 0.08515625
0 0.0734375 0.7234375 0.04453125 0.09375
0 0.0265625 0.72421875 0.0484375 0.0890625
0 0.03359375 0.8203125 0.06640625 0.0625
0 0.09921875 0.82109375 0.05859375 0.0609375
0 0.18046875 0.81640625 0.04296875 0.05390625
0 0.265625 0.3234375 0.059375 0.02890625
0 0.2203125 0.8203125 0.03203125 0.04765625
0 0.29296875 0.81640625 0.03125 0.04921875
0 0.496875 0.81640625 0.04296875 0.065625
0 0.55 0.8140625 0.0640625 0.06484375
0 0.65703125 0.81484375 0.046875 0.0625
0 0.70390625 0.81640625 0.04609375 0.06328125
0 0.7546875 0.83359375 0.0578125 0.02734375
0 0.25625 0.8203125 0.03125 0.04765625
0 0.60546875 0.59453125 0.08125 0.0953125
0 0.19921875 0.71875 0.05 0.0953125
0 0.29609375 0.72578125 0.03515625 0.08203125
0 0.7453125 0.5953125 0.08359375 0.10234375
0 0.81484375 0.59921875 0.05234375 0.0953125
0 0.88984375 0.59453125 0.08828125 0.10390625
0 0.9671875 0.60234375 0.06171875 0.08984375
0 0.9171875 0.71953125 0.07421875 0.08671875
0 0.84765625 0.71328125 0.06640625 0.07421875
0 0.2515625 0.7171875 0.0484375 0.09453125
0 0.78046875 0.728125 0.0609375 0.0578125
0 0.6515625 0.7234375 0.05546875 0.07421875
0 0.60546875 0.72734375 0.0359375 0.065625
0 0.56796875 0.728125 0.0375 0.065625
0 0.53671875 0.721875 0.02421875 0.08515625
0 0.50703125 0.71953125 0.03046875 0.0875
0 0.4453125 0.72890625 0.07890625 0.06796875
0 0.71484375 0.73359375 0.06328125 0.059375
0 0.26328125 0.3734375 0.06171875 0.07265625
0 0.89453125 0.9140625 0.0453125 0.09140625
0 0.2 0.3296875 0.06171875 0.02890625
0 0.90234375 0.025 0.09296875 0.040625
0 0.9046875 0.065625 0.09453125 0.03515625
0 0.9015625 0.10625 0.09453125 0.03828125
0 0.93671875 0.24375 0.06328125 0.08984375
0 0.846875 0.24296875 0.0671875 0.08828125
0 0.90390625 0.184375 0.06328125 0.0265625
0 0.796875 0.03046875 0.0890625 0.0375
0 0.771875 0.24765625 0.0578125 0.08203125
0 0.659375 0.246875 0.0546875 0.08359375
0 0.2015625 0.37734375 0.053125 0.0640625
0 0.540625 0.246875 0.05625 0.08671875
0 0.48359375 0.25 0.05703125 0.08125
0 0.425 0.246875 0.059375 0.0875
0 0.77109375 0.1765625 0.06953125 0.03828125
0 0.715625 0.24765625 0.05703125 0.0828125
0 0.52421875 0.1890625 0.07421875 0.0296875
0 0.803125 0.0671875 0.096875 0.0359375
0 0.72421875 0.0875 0.05390625 0.075
0 0.06328125 0.0796875 0.065625 0.0921875
0 0.13125 0.103125 0.06640625 0.04375
0 0.13203125 0.05625 0.06640625 0.04921875
0 0.1328125 0.01640625 0.06953125 0.03203125
0 0.203125 0.07734375 0.07578125 0.09375
0 0.26640625 0.07578125 0.0484375 0.09609375
0 0.803125 0.10546875 0.09375 0.0421875
0 0.325 0.08359375 0.0578125 0.08203125
0 0.43828125 0.0859375 0.053125 0.078125
0 0.4921875 0.071875 0.05 0.10703125
0 0.5328125 0.0828125 0.0296875 0.084375
0 0.56875 0.078125 0.03984375 0.09453125
0 0.61328125 0.07109375 0.0484375 0.1078125
0 0.671875 0.090625 0.05078125 0.06796875
0 0.3828125 0.08203125 0.05703125 0.08359375
0 0.34375 0.24609375 0.08671875 0.10078125
0 0.6 0.24765625 0.0640625 0.08515625
0 0.05 0.2390625 0.09921875 0.10546875
0 0.76640625 0.91328125 0.0453125 0.09375
0 0.81171875 0.9234375 0.04375 0.08203125
0 0.853125 0.91640625 0.0390625 0.090625
0 0.96640625 0.909375 0.0671875 0.096875
0 0.3546875 0.1765625 0.08203125 0.03828125
0 0.9515625 0.83203125 0.06015625 0.02734375
0 0.72109375 0.91328125 0.04609375 0.0953125
0 0.88671875 0.8015625 0.0609375 0.0328125
0 0.8265625 0.80078125 0.059375 0.03359375
0 0.82421875 0.83125 0.05859375 0.03125
0 0.75625 0.80234375 0.05703125 0.034375
0 0.06171875 0.16796875 0.09921875 0.03828125
0 0.0234375 0.371875 0.046875 0.07421875
0 0.08828125 0.35625 0.08359375 0.10390625
0 0.8875 0.8328125 0.06328125 0.02890625
0 0.67109375 0.91484375 0.04765625 0.09296875
0 0.9515625 0.80078125 0.059375 0.034375
0 0.56875 0.9 0.04921875 0.075
0 0.6234375 0.89765625 0.0453125 0.07421875
0 0.22109375 0.2359375 0.1046875 0.10859375
0 0.2875 0.246875 0.02890625 0.08671875
0 0.97578125 0.084375 0.04765625 0.08203125
0 0.0328125 0.9296875 0.05234375 0.08203125
0 0.075 0.92421875 0.03046875 0.08359375
0 0.1140625 0.9265625 0.04453125 0.08515625
0 0.13515625 0.2484375 0.06640625 0.08671875
0 0.1984375 0.909375 0.03125 0.07734375
0 0.23671875 0.9296875 0.0453125 0.08828125
0 0.28359375 0.925 0.04921875 0.07890625
0 0.3328125 0.9140625 0.04375 0.1
0 0.38125 0.9140625 0.04921875 0.09921875
0 0.434375 0.9140625 0.04921875 0.10078125
0 0.159375 0.92265625 0.04375 0.08359375