0 0.50234375 0.67109375 0.01640625 0.10546875
0 0.47890625 0.671875 0.03046875 0.1046875
0 0.37421875 0.6625 0.02578125 0.0953125
0 0.34375 0.6640625 0.034375 0.0921875
0 0.28671875 0.6625 0.02734375 0.090625
0 0.259375 0.6640625 0.03203125 0.0875
0 0.20234375 0.6671875 0.0328125 0.1125
0 0.175 0.66953125 0.02265625 0.11171875
0 0.15 0.66953125 0.025 0.11328125
0 0.11484375 0.66953125 0.0453125 0.1125
0 0.040625 0.6734375 0.0484375 0.1109375
0 0.9796875 0.54140625 0.040625 0.0921875
0 0.93984375 0.5453125 0.021875 0.10390625
0 0.91875 0.5453125 0.01640625 0.11328125
0 0.89375 0.5453125 0.03125 0.109375
0 0.8640625 0.5453125 0.02109375 0.1109375
0 0.84296875 0.54765625 0.02265625 0.10703125
0 0.81875 0.5453125 0.02421875 0.1015625
0 0.33203125 0.54453125 0.0515625 0.0984375
0 0.40390625 0.55 0.05234375 0.10625
0 0.4609375 0.5390625 0.0484375 0.10078125
0 0.51796875 0.55 0.0234375 0.10078125
0 0.540625 0.5484375 0.01875 0.103125
0 0.56640625 0.5515625 0.034375 0.1
0 0.528125 0.67109375 0.034375 0.10546875
0 0.61484375 0.55078125 0.025 0.10078125
0 0.64609375 0.55078125 0.0140625 0.096875
0 0.66484375 0.55 0.021875 0.096875
0 0.70625 0.54609375 0.0203125 0.096875
0 0.72421875 0.54453125 0.015625 0.09921875
0 0.74609375 0.546875 0.0296875 0.10234375
0 0.7953125 0.546875 0.02265625 0.09765625
0 0.6328125 0.5515625 0.01171875 0.09921875
0 0.57109375 0.67421875 0.01796875 0.0890625
0 0.58671875 0.6765625 0.0125 0.0890625
0 0.62109375 0.675 0.0296875 0.0875
0 0.25625 0.7875 0.0265625 0.0859375
0 0.2828125 0.778125 0.01796875 0.0859375
0 0.3 0.77890625 0.0203125 0.08515625
0 0.3296875 0.7875 0.0296875 0.1
0 0.37578125 0.7875 0.0328125 0.09609375
0 0.4234375 0.79921875 0.0296875 0.10546875
0 0.23125 0.78671875 0.025 0.0890625
0 0.50078125 0.778125 0.0859375 0.07890625
0 0.6453125 0.8671875 0.05703125 0.0921875
0 0.73046875 0.8734375 0.04609375 0.078125
0 0.80234375 0.87109375 0.0484375 0.07421875
0 0.89296875 0.87421875 0.046875 0.0828125
0 0.95390625 0.8765625 0.05859375 0.07890625
0 0.7265625 0.775 0.12578125 0.04453125
0 0.5828125 0.86640625 0.05859375 0.0859375
0 0.2421875 0.55078125 0.05078125 0.1046875
0 0.20625 0.784375 0.02421875 0.08515625
0 0.9765625 0.76796875 0.04609375 0.02578125
0 0.64765625 0.675 0.021875 0.0859375
0 0.67109375 0.66796875 0.01875 0.09140625
0 0.68671875 0.66796875 0.0125 0.0921875
0 0.703125 0.66796875 0.02109375 0.09296875
0 0.725 0.6703125 0.02109375 0.0875
0 0.74765625 0.6703125 0.025 0.08515625
0 0.178125 0.7828125 0.0296875 0.08828125
0 0.7921875 0.68125 0.04375 0.11328125
0 0.8515625 0.684375 0.0234375 0.115625
0 0.8734375 0.684375 0.01875 0.11484375
0 0.89375 0.6859375 0.021875 0.11953125
0 0.94921875 0.6953125 0.04375 0.11953125
0 0.9859375 0.6953125 0.02734375 0.11875
0 0.928125 0.76875 0.04765625 0.02578125
0 0.8265625 0.68125 0.02421875 0.1125
0 0.16484375 0.5421875 0.0515625 0.10078125
0 0.59921875 0.67578125 0.01484375 0.0890625
0 0.9953125 0.42578125 0.009375 0.0953125
0 0.553125 0.2796875 0.02421875 0.11953125
0 0.52890625 0.28046875 0.02421875 0.11796875
0 0.459375 0.28984375 0.0203125 0.109375
0 0.434375 0.28671875 0.028125 0.10234375
0 0.38515625 0.2859375 0.04375 0.1078125
0 0.30078125 0.27421875 0.046875 0.1109375
0 0.21875 0.28671875 0.0390625 0.1109375
0 0.165625 0.2796875 0.05 0.1078125
0 0.1015625 0.28203125 0.02734375 0.1015625
0 0.07265625 0.2828125 0.0296875 0.10078125
0 0.03046875 0.2890625 0.04375 0.1109375
0 0.98515625 0.1421875 0.0296875 0.1078125
0 0.94453125 0.14921875 0.0296875 0.10546875
0 0.91796875 0.14921875 0.0234375 0.10625
0 0.86328125 0.1484375 0.02734375 0.10859375
0 0.80859375 0.14765625 0.0453125 0.1078125
0 0.74609375 0.14921875 0.0296875 0.1125
0 0.0734375 0.55625 0.05625 0.103125
0 0.04609375 0.1328125 0.05078125 0.109375
0 0.1265625 0.14140625 0.0453125 0.1125
0 0.17578125 0.146875 0.04609375 0.11171875
0 0.24921875 0.13984375 0.05 0.1171875
0 0.32578125 0.1421875 0.05078125 0.12109375
0 0.60703125 0.290625 0.02578125 0.1
0 0.40546875 0.146875 0.05234375 0.11484375
0 0.509375 0.14609375 0.03125 0.11640625
0 0.5609375 0.140625 0.02734375 0.1140625
0 0.5921875 0.1421875 0.03203125 0.1109375
0 0.634375 0.1453125 0.02421875 0.11484375
0 0.66015625 0.1421875 0.021875 0.1109375
0 0.71640625 0.15 0.028125 0.11171875
0 0.47890625 0.14609375 0.03046875 0.11640625
0 0.63515625 0.2890625 0.0296875 0.103125
0 0.88984375 0.1453125 0.0234375 0.1125
0 0.68046875 0.41484375 0.0296875 0.10546875
0 0.54296875 0.41875 0.02734375 0.103125
0 0.5921875 0.4125 0.028125 0.1015625
0 0.621875 0.4109375 0.0296875 0.1046875
0 0.6546875 0.41640625 0.021875 0.1015625
0 0.7328125 0.41015625 0.0328125 0.10234375
0 0.7640625 0.41015625 0.03046875 0.1015625
0 0.4828125 0.42734375 0.03046875 0.1
0 0.8046875 0.4203125 0.0328125 0.103125
0 0.89296875 0.425 0.03046875 0.096875
0 0.91796875 0.42734375 0.01875 0.0953125
0 0.9390625 0.428125 0.02421875 0.09765625
0 0.96953125 0.4265625 0.01875 0.0984375
0 0.66953125 0.2890625 0.01953125 0.10390625
0 0.98515625 0.4265625 0.01328125 0.096875
0 0.83984375 0.42109375 0.03671875 0.103125
0 0.45625 0.42734375 0.021875 0.0984375
0 0.51640625 0.41875 0.025 0.10390625
0 0.41171875 0.4140625 0.02734375 0.1
0 0.69453125 0.2890625 0.03359375 0.10546875
0 0.75859375 0.2875 0.046875 0.10390625
0 0.8203125 0.28203125 0.04375 0.1078125
0 0.85390625 0.28828125 0.01640625 0.10625
0 0.8734375 0.2890625 0.02421875 0.10625
0 0.93828125 0.278125 0.02578125 0.11171875
0 0.98828125 0.2859375 0.01875 0.1109375
0 0.01875 0.41875 0.0375 0.103125
0 0.965625 0.2765625 0.02890625 0.1140625
0 0.19609375 0.41328125 0.04453125 0.10234375
0 0.25546875 0.4125 0.04140625 0.10625
0 0.31796875 0.4140625 0.03125 0.1015625
0 0.34609375 0.41328125 0.02578125 0.09921875
0 0.38828125 0.41640625 0.02109375 0.0984375
0 0.11328125 0.4140625 0.03828125 0.1015625