0 0.84609375 0.7609375 0.08671875 0.07265625
0 0.22734375 0.4328125 0.0421875 0.05703125
0 0.46640625 0.29375 0.03046875 0.03125
0 0.36953125 0.3421875 0.02890625 0.065625
0 0.4015625 0.34296875 0.0328125 0.0671875
0 0.5578125 0.65546875 0.04765625 0.0859375
0 0.5984375 0.6625 0.02421875 0.07109375
0 0.628125 0.6703125 0.03125 0.0640625
0 0.69453125 0.67734375 0.03671875 0.078125
0 0.82265625 0.66640625 0.05859375 0.0765625
0 0.88359375 0.67578125 0.05234375 0.075
0 0.7328125 0.6890625 0.02421875 0.07578125
0 0.9390625 0.33828125 0.06171875 0.0546875
0 0.6640625 0.7921875 0.03046875 0.0625
0 0.62421875 0.78671875 0.0375 0.059375
0 0.8234375 0.853125 0.0609375 0.08125
0 0.90234375 0.86171875 0.06171875 0.06640625
0 0.97421875 0.88046875 0.0515625 0.0703125
0 0.934375 0.7703125 0.05 0.0609375
0 0.76484375 0.69453125 0.0328125 0.078125
0 0.9546875 0.68046875 0.0640625 0.084375
0 0.70625 0.3671875 0.03125 0.04375
0 0.43671875 0.34296875 0.0359375 0.06953125
0 0.28828125 0.3390625 0.03046875 0.06640625
0 0.253125 0.33671875 0.03359375 0.06484375
0 0.0859375 0.18984375 0.040625 0.10078125
0 0.16015625 0.178125 0.04453125 0.1265625
0 0.19765625 0.1734375 0.0296875 0.13046875
0 0.2328125 0.18515625 0.040625 0.1046875
0 0.28203125 0.16484375 0.0578125 0.1515625
0 0.378125 0.1921875 0.02734375 0.08984375
0 0.3265625 0.34375 0.0390625 0.0640625
0 0.33203125 0.19296875 0.03828125 0.09140625
0 0.51171875 0.16953125 0.0671875 0.13125
0 0.56953125 0.15625 0.04296875 0.15625
0 0.6125 0.1578125 0.03203125 0.1625
0 0.653125 0.14609375 0.05 0.1796875
0 0.69921875 0.14140625 0.0453125 0.18203125
0 0.21484375 0.3375 0.03359375 0.0609375
0 0.17578125 0.33515625 0.03515625 0.06171875
0 0.190625 0.43203125 0.02734375 0.06015625
0 0.43515625 0.17265625 0.06796875 0.1296875
0 0.25 0.79609375 0.03046875 0.09140625
0 0.1859375 0.79140625 0.0140625 0.05
0 0.1703125 0.78828125 0.01171875 0.046875
0 0.49140625 0.3515625 0.0328125 0.0609375
0 0.53203125 0.3453125 0.04375 0.07421875
0 0.290625 0.28359375 0.03046875 0.03203125
0 0.728125 0.803125 0.02421875 0.0625
0 0.7578125 0.8109375 0.02265625 0.06015625
0 0.459375 0.73671875 0.0203125 0.06640625
0 0.4890625 0.746875 0.03203125 0.0609375
0 0.5203125 0.75390625 0.02109375 0.06875
0 0.54765625 0.7609375 0.02421875 0.06875
0 0.58046875 0.76875 0.02265625 0.07265625
0 0.425 0.75 0.03125 0.03515625
0 0.3328125 0.740625 0.0296875 0.02734375
0 0.38046875 0.74296875 0.03125 0.03203125
0 0.30234375 0.703125 0.0296875 0.06328125
0 0.24765625 0.696875 0.028125 0.071875
0 0.02578125 0.190625 0.01640625 0.09765625
0 0.0484375 0.19140625 0.03046875 0.1
0 0.1703125 0.64765625 0.0296875 0.046875
0 0.153125 0.78125 0.01484375 0.05390625
0 0.3 0.43671875 0.0296875 0.059375
0 0.325 0.44140625 0.0203125 0.05625
0 0.26796875 0.434375 0.028125 0.0609375
0 0.375 0.446875 0.03046875 0.05390625
0 0.2921875 0.61875 0.025 0.0640625
0 0.2671875 0.615625 0.02265625 0.065625
0 0.2453125 0.61328125 0.01796875 0.0625
0 0.22109375 0.609375 0.0203125 0.06953125
0 0.21171875 0.515625 0.034375 0.0578125
0 0.24453125 0.5203125 0.03046875 0.05390625
0 0.34765625 0.44765625 0.02421875 0.053125
0 0.37734375 0.5375 0.0390625 0.05546875
0 0.3046875 0.52890625 0.034375 0.0546875
0 0.27265625 0.525 0.02421875 0.05234375
0 0.5015625 0.55234375 0.034375 0.0578125
0 0.46796875 0.55234375 0.03046875 0.0515625
0 0.43359375 0.54609375 0.0203125 0.05625
0 0.409375 0.540625 0.021875 0.05703125
0 0.340625 0.5359375 0.034375 0.0578125
0 0.3609375 0.64609375 0.040625 0.0484375
0 0.40625 0.63046875 0.0453125 0.0828125
0 0.45859375 0.62578125 0.028125 0.0578125
0 0.853125 0.3390625 0.06875 0.05390625
0 0.896875 0.27734375 0.0546875 0.046875
0 0.96328125 0.27734375 0.046875 0.04921875
0 0.98125 0.13984375 0.0375 0.1703125
0 0.9328125 0.13671875 0.03984375 0.178125
0 0.8796875 0.140625 0.0515625 0.17890625
0 0.82578125 0.17265625 0.04296875 0.11953125
0 0.7546875 0.16875 0.0609375 0.12109375
0 0.740625 0.36875 0.02734375 0.04375
0 0.771875 0.36875 0.028125 0.046875
0 0.80234375 0.365625 0.021875 0.05546875
0 0.740625 0.2703125 0.03671875 0.028125
0 0.72734375 0.3015625 0.02890625 0.0296875
0 0.67734375 0.325 0.040625 0.03359375
0 0.5046875 0.6546875 0.028125 0.0625
0 0.56015625 0.54921875 0.05 0.07890625
0 0.6578125 0.5484375 0.05234375 0.05546875
0 0.32265625 0.634375 0.03203125 0.053125
0 0.77265625 0.57421875 0.04921875 0.08515625
0 0.546875 0.865625 0.040625 0.1
0 0.4890625 0.8515625 0.0609375 0.10859375
0 0.421875 0.8359375 0.05703125 0.103125
0 0.3421875 0.81328125 0.03515625 0.0828125
0 0.60390625 0.28515625 0.01875 0.02421875
0 0.6328125 0.31484375 0.034375 0.04375
0 0.5921875 0.8765625 0.03671875 0.10078125
0 0.665625 0.3640625 0.0359375 0.0453125
0 0.58359375 0.3546875 0.025 0.05
0 0.428125 0.2921875 0.02734375 0.02734375
0 0.30703125 0.8078125 0.0296875 0.0859375
0 0.2796875 0.80234375 0.0203125 0.08671875
0 0.44375 0.41171875 0.04765625 0.02734375
0 0.709375 0.5671875 0.04375 0.0796875
0 0.6203125 0.36328125 0.0375 0.046875
0 0.6625 0.91484375 0.06796875 0.08125
0 0.59765625 0.31484375 0.03046875 0.02578125
0 0.7421875 0.91640625 0.07421875 0.03203125
0 0.753125 0.94140625 0.0640625 0.01640625
0 0.91875 0.440625 0.1625 0.0890625
0 0.790625 0.4578125 0.075 0.08125
0 0.703125 0.45859375 0.065625 0.08515625
0 0.61171875 0.45078125 0.0625 0.08203125
0 0.55 0.44296875 0.05078125 0.0828125
0 0.5 0.4578125 0.025 0.05546875
0 0.884375 0.56875 0.16015625 0.09453125
0 0.43125 0.45546875 0.03046875 0.053125
0 0.50390625 0.41875 0.02734375 0.02421875
0 0.91171875 0.95546875 0.0640625 0.0890625
0 0.97578125 0.96953125 0.0484375 0.03984375
0 0.8359375 0.94921875 0.0671875 0.08984375
0 0.7453125 0.96015625 0.071875 0.015625
0 0.46640625 0.465625 0.03046875 0.05