0 0.83671875 0.42109375 0.10234375 0.0390625
0 0.94140625 0.46171875 0.09609375 0.0390625
0 0.834375 0.4640625 0.09375 0.0375
0 0.73359375 0.46484375 0.08359375 0.0359375
0 0.91328125 0.571875 0.08125 0.046875
0 0.60625 0.60234375 0.0875 0.0359375
0 0.715625 0.58203125 0.06875 0.0546875
0 0.73125 0.42265625 0.09140625 0.0359375
0 0.81015625 0.57265625 0.09140625 0.0546875
0 0.5125 0.60859375 0.0875 0.0359375
0 0.940625 0.41796875 0.09375 0.0390625
0 0.18125 0.2953125 0.05 0.0375
0 0.109375 0.575 0.11875 0.034375
0 0.60625 0.56328125 0.0875 0.0359375
0 0.51171875 0.56875 0.08515625 0.0375
0 0.41875 0.6109375 0.09140625 0.034375
0 0.41875 0.571875 0.09140625 0.034375
0 0.22734375 0.6203125 0.09140625 0.034375
0 0.228125 0.5796875 0.08984375 0.040625
0 0.32421875 0.61328125 0.08515625 0.0328125
0 0.321875 0.5765625 0.08984375 0.034375
0 0.03984375 0.7625 0.0625 0.046875
0 0.10234375 0.61484375 0.12109375 0.0328125
0 0.11328125 0.76015625 0.06875 0.0484375
0 0.50546875 0.85859375 0.08984375 0.0484375
0 0.10703125 0.7 0.07265625 0.05625
0 0.40703125 0.86640625 0.08984375 0.0484375
0 0.503125 0.80546875 0.08984375 0.0484375
0 0.409375 0.81171875 0.08984375 0.0484375
0 0.328125 0.89140625 0.06015625 0.0328125
0 0.26171875 0.89453125 0.06015625 0.0328125
0 0.196875 0.89921875 0.06015625 0.0328125
0 0.19296875 0.86328125 0.06015625 0.0328125
0 0.25625 0.86015625 0.0625 0.0328125
0 0.321875 0.85546875 0.06015625 0.0328125
0 0.13359375 0.88671875 0.05 0.0578125
0 0.07265625 0.89375 0.05 0.05625
0 0.66328125 0.47421875 0.04375 0.0328125
0 0.68203125 0.85 0.06484375 0.0375
0 0.76171875 0.84140625 0.06484375 0.0390625
0 0.83046875 0.834375 0.06484375 0.0375
0 0.609375 0.86484375 0.06484375 0.0390625
0 0.021875 0.896875 0.04375 0.053125
0 0.90078125 0.68828125 0.07265625 0.0421875
0 0.809375 0.6890625 0.09375 0.053125
0 0.70546875 0.68671875 0.08125 0.0328125
0 0.61171875 0.6640625 0.08515625 0.034375
0 0.51796875 0.66796875 0.08984375 0.0390625
0 0.6125 0.70859375 0.08359375 0.0484375
0 0.521875 0.7203125 0.08984375 0.05
0 0.41796875 0.71796875 0.09765625 0.0609375
0 0.3125 0.7359375 0.1 0.05
0 0.20546875 0.7359375 0.10234375 0.046875
0 0.0375 0.7046875 0.0625 0.05625
0 0.60625 0.47578125 0.04609375 0.0328125
0 0.18203125 0.3359375 0.05234375 0.0375
0 0.49609375 0.48203125 0.04609375 0.0328125
0 0.25 0.2984375 0.05 0.034375
0 0.3125 0.3 0.05390625 0.034375
0 0.37890625 0.2984375 0.05859375 0.034375
0 0.89140625 0.34609375 0.0625 0.0328125
0 0.88828125 0.30859375 0.06015625 0.0328125
0 0.80859375 0.34296875 0.07109375 0.0328125
0 0.81484375 0.30546875 0.07109375 0.0328125
0 0.72421875 0.33984375 0.07734375 0.0328125
0 0.24296875 0.33515625 0.05234375 0.0328125
0 0.64375 0.34453125 0.06640625 0.0328125
0 0.575 0.34140625 0.06640625 0.0328125
0 0.575 0.30703125 0.07109375 0.0328125
0 0.31640625 0.3359375 0.05859375 0.034375
0 0.38359375 0.3375 0.05859375 0.034375
0 0.45390625 0.2984375 0.05859375 0.034375
0 0.44296875 0.33359375 0.04375 0.0328125
0 0.496875 0.33515625 0.04375 0.0328125
0 0.55234375 0.47578125 0.04609375 0.0328125
0 0.64609375 0.30859375 0.06640625 0.0328125
0 0.05390625 0.29296875 0.05390625 0.0359375
0 0.72734375 0.303125 0.0875 0.034375
0 0.05546875 0.33359375 0.04765625 0.0328125
0 0.44140625 0.48046875 0.04609375 0.0328125
0 0.11640625 0.29296875 0.05 0.0328125
0 0.36796875 0.48046875 0.05625 0.0328125
0 0.30625 0.48203125 0.05859375 0.0328125
0 0.24140625 0.48203125 0.05859375 0.0328125
0 0.66171875 0.43671875 0.04375 0.0328125
0 0.60625 0.44140625 0.05 0.0328125
0 0.4875 0.44375 0.04609375 0.034375
0 0.6125 0.403125 0.05 0.0375
0 0.546875 0.40234375 0.05234375 0.0328125
0 0.54765625 0.4421875 0.05 0.034375
0 0.42421875 0.44453125 0.05234375 0.0359375
0 0.35859375 0.440625 0.04609375 0.0375
0 0.29921875 0.44453125 0.05625 0.0390625
0 0.2375 0.4453125 0.04609375 0.0375
0 0.11171875 0.3328125 0.04765625 0.034375