0 0.69609375 0.88359375 0.0375 0.0765625
0 0.65390625 0.8703125 0.03515625 0.0828125
0 0.6140625 0.8625 0.0359375 0.08125
0 0.54296875 0.84375 0.028125 0.09375
0 0.51015625 0.83828125 0.02890625 0.09375
0 0.48125 0.828125 0.02578125 0.1
0 0.4515625 0.82109375 0.02734375 0.0984375
0 0.4234375 0.8171875 0.025 0.0984375
0 0.57421875 0.8515625 0.03359375 0.08046875
0 0.725 0.13203125 0.03671875 0.1625
0 0.0921875 0.321875 0.01484375 0.05625
0 0.06796875 0.1734375 0.0203125 0.0984375
0 0.04453125 0.190625 0.02578125 0.05546875
0 0.175 0.15625 0.02734375 0.12890625
0 0.1984375 0.17578125 0.01640625 0.0921875
0 0.2171875 0.15703125 0.015625 0.125
0 0.2390625 0.184375 0.02109375 0.06875
0 0.26171875 0.16640625 0.02421875 0.109375
0 0.28671875 0.1546875 0.0265625 0.13359375
0 0.315625 0.15234375 0.02734375 0.1375
0 0.34375 0.16875 0.02578125 0.096875
0 0.3703125 0.16875 0.0203125 0.09609375
0 0.39375 0.16640625 0.02265625 0.1
0 0.41796875 0.1546875 0.0234375 0.12421875
0 0.4453125 0.15625 0.02421875 0.125
0 0.49921875 0.14375 0.0296875 0.14609375
0 0.53359375 0.140625 0.03515625 0.1453125
0 0.56796875 0.13203125 0.02734375 0.1609375
0 0.60390625 0.1484375 0.03828125 0.12421875
0 0.6484375 0.13203125 0.03046875 0.15
0 0.68359375 0.13125 0.03359375 0.15390625
0 0.39375 0.81015625 0.0265625 0.084375
0 0.01328125 0.30078125 0.01953125 0.0828125
0 0.03359375 0.29921875 0.01953125 0.0828125
0 0.0578125 0.3171875 0.01640625 0.0609375
0 0.07578125 0.3140625 0.0140625 0.0703125
0 0.10859375 0.31796875 0.01328125 0.0609375
0 0.3609375 0.81875 0.03203125 0.0484375
0 0.10390625 0.73671875 0.01328125 0.075
0 0.44375 0.4625 0.03359375 0.08125
0 0.1359375 0.65625 0.02890625 0.0484375
0 0.109375 0.6375 0.01796875 0.071875
0 0.13828125 0.75 0.01640625 0.06875
0 0.07265625 0.628125 0.01484375 0.06875
0 0.05390625 0.62421875 0.02109375 0.07578125
0 0.0328125 0.62109375 0.01484375 0.06875
0 0.0171875 0.6171875 0.01484375 0.06875
0 0.5328125 0.5953125 0.02890625 0.078125
0 0.4890625 0.584375 0.04140625 0.0921875
0 0.44140625 0.60859375 0.028125 0.03125
0 0.165625 0.6484375 0.01796875 0.06796875
0 0.40625 0.60390625 0.02890625 0.0296875
0 0.3375 0.56875 0.02578125 0.08125
0 0.3109375 0.55859375 0.02734375 0.0875
0 0.27890625 0.5640625 0.03046875 0.075
0 0.25 0.559375 0.02734375 0.0765625
0 0.2234375 0.55625 0.021875 0.071875
0 0.19765625 0.5515625 0.025 0.07109375
0 0.16953125 0.5484375 0.02890625 0.06875
0 0.125 0.53984375 0.0265625 0.06796875
0 0.0984375 0.53671875 0.02109375 0.06875
0 0.07578125 0.534375 0.01796875 0.06875
0 0.37109375 0.57265625 0.02265625 0.08046875
0 0.05625 0.5328125 0.0171875 0.0671875
0 0.184375 0.65234375 0.0203125 0.0734375
0 0.246875 0.659375 0.03046875 0.08515625
0 0.08828125 0.7328125 0.01328125 0.07109375
0 0.071875 0.7296875 0.015625 0.0640625
0 0.05625 0.72265625 0.01328125 0.0546875
0 0.040625 0.72578125 0.01484375 0.0640625
0 0.02421875 0.7171875 0.01328125 0.05546875
0 0.0078125 0.709375 0.01484375 0.05625
0 0.71328125 0.74921875 0.02890625 0.1109375
0 0.678125 0.7421875 0.0328125 0.1078125
0 0.6421875 0.73515625 0.03203125 0.1078125
0 0.609375 0.73046875 0.02578125 0.10625
0 0.21328125 0.671875 0.03203125 0.0484375
0 0.5796875 0.72265625 0.02421875 0.103125
0 0.51328125 0.71015625 0.03203125 0.09921875
0 0.47578125 0.7015625 0.03671875 0.0953125
0 0.440625 0.696875 0.03046875 0.0984375
0 0.4109375 0.68984375 0.02578125 0.09375
0 0.3796875 0.68515625 0.03359375 0.09453125
0 0.35 0.6796875 0.01875 0.090625
0 0.3265625 0.6734375 0.02578125 0.09140625
0 0.29921875 0.66875 0.021875 0.090625
0 0.0296875 0.41875 0.01796875 0.07421875
0 0.27578125 0.6640625 0.02421875 0.0890625
0 0.5453125 0.71796875 0.02890625 0.1
0 0.1203125 0.74296875 0.01328125 0.0671875
0 0.03671875 0.525 0.01953125 0.06875
0 0.69375 0.50859375 0.0390625 0.0265625
0 0.00859375 0.425 0.0171875 0.0515625
0 0.6734375 0.31484375 0.04609375 0.10625
0 0.609375 0.31328125 0.03828125 0.109375
0 0.56328125 0.31875 0.03984375 0.10078125
0 0.5171875 0.33359375 0.0390625 0.071875
0 0.47734375 0.35 0.03046875 0.0375
0 0.4421875 0.33046875 0.02734375 0.078125
0 0.41171875 0.328125 0.028125 0.06953125
0 0.37265625 0.3453125 0.0359375 0.0375
0 0.33984375 0.33046875 0.03046875 0.06875
0 0.2765625 0.4484375 0.0296875 0.065625
0 0.3 0.3453125 0.034375 0.0375
0 0.240625 0.32578125 0.02109375 0.0765625
0 0.21875 0.32109375 0.015625 0.0765625
0 0.19609375 0.328125 0.021875 0.05234375
0 0.16953125 0.30625 0.02265625 0.0953125
0 0.146875 0.30625 0.01953125 0.09609375
0 0.12578125 0.30390625 0.01875 0.08984375
0 0.30703125 0.45234375 0.02578125 0.065625
0 0.33671875 0.4515625 0.03046875 0.0765625
0 0.37109375 0.4578125 0.02578125 0.071875
0 0.40703125 0.48046875 0.03046875 0.03515625
0 0.26796875 0.34140625 0.02734375 0.0328125
0 0.01171875 0.5234375 0.0234375 0.0640625
0 0.32734375 0.78984375 0.025 0.09296875
0 0.24453125 0.44921875 0.02890625 0.05625
0 0.64921875 0.5046875 0.03984375 0.0359375
0 0.6015625 0.5 0.03984375 0.03125
0 0.60546875 0.465625 0.04453125 0.034375
0 0.5125 0.46640625 0.03828125 0.084375
0 0.4796875 0.4640625 0.03203125 0.08125
0 0.15703125 0.74921875 0.01640625 0.08125
0 0.17578125 0.75390625 0.01875 0.0734375
0 0.21015625 0.76875 0.01796875 0.075
0 0.19296875 0.76484375 0.01484375 0.06953125
0 0.22734375 0.77265625 0.01640625 0.0703125
0 0.3 0.784375 0.02109375 0.08671875
0 0.246875 0.778125 0.0203125 0.0734375
0 0.05078125 0.41953125 0.02109375 0.071875
0 0.06875 0.4375 0.0125 0.04375
0 0.0859375 0.434375 0.01484375 0.0640625
0 0.10234375 0.425 0.01640625 0.08359375
0 0.12578125 0.43125 0.02109375 0.071875
0 0.14921875 0.428125 0.0203125 0.0828125
0 0.1703125 0.43125 0.01796875 0.0765625
0 0.190625 0.43828125 0.01953125 0.0703125
0 0.21484375 0.44375 0.0265625 0.0265625
0 0.215625 0.46796875 0.02734375 0.015625
0 0.27578125 0.775 0.02734375 0.0921875
0 0.0890625 0.6328125 0.01484375 0.0671875
0 0.125 0.1546875 0.02578125 0.12734375
0 0.096875 0.1484375 0.02734375 0.134375