0 0.7328125 0.409375 0.03125 0.078125
0 0.45390625 0.28671875 0.046875 0.1078125
0 0.41015625 0.28671875 0.0421875 0.1078125
0 0.36484375 0.2890625 0.04765625 0.1078125
0 0.31640625 0.28515625 0.05 0.11484375
0 0.271875 0.28671875 0.03984375 0.1171875
0 0.22421875 0.28515625 0.05546875 0.11796875
0 0.17265625 0.2875 0.046875 0.1234375
0 0.4265625 0.8609375 0.0484375 0.08984375
0 0.1125 0.2875 0.07421875 0.125
0 0.86328125 0.40078125 0.015625 0.06875
0 0.8390625 0.40390625 0.03046875 0.07265625
0 0.8140625 0.4046875 0.021875 0.06796875
0 0.7875 0.4078125 0.028125 0.0734375
0 0.76171875 0.40703125 0.02421875 0.07421875
0 0.50625 0.8328125 0.05078125 0.08828125
0 0.70390625 0.41171875 0.02890625 0.07421875
0 0.6734375 0.41484375 0.03203125 0.08046875
0 0.63671875 0.4140625 0.03359375 0.090625
0 0.60234375 0.41796875 0.03515625 0.09375
0 0.5625 0.41640625 0.046875 0.0953125
0 0.5015625 0.4234375 0.04765625 0.10078125
0 0.5015625 0.28515625 0.05078125 0.10390625
0 0.546875 0.28359375 0.03828125 0.10546875
0 0.58515625 0.28203125 0.03828125 0.1015625
0 0.621875 0.28359375 0.034375 0.09765625
0 0.7734375 0.16328125 0.034375 0.096875
0 0.66328125 0.7953125 0.03359375 0.08359375
0 0.6515625 0.15703125 0.0515625 0.09921875
0 0.60859375 0.15859375 0.03203125 0.10078125
0 0.56953125 0.1546875 0.04609375 0.1109375
0 0.51953125 0.15 0.04765625 0.10703125
0 0.4734375 0.15 0.0421875 0.10625
0 0.41953125 0.14296875 0.06640625 0.1203125
0 0.359375 0.13984375 0.053125 0.115625
0 0.3 0.1375 0.06875 0.12421875
0 0.4609375 0.4265625 0.0390625 0.0984375
0 0.234375 0.13359375 0.0625 0.11796875
0 0.7546875 0.896875 0.0296875 0.0765625
0 0.784375 0.88984375 0.0296875 0.0640625
0 0.8140625 0.8828125 0.03125 0.06640625
0 0.8453125 0.871875 0.028125 0.05390625
0 0.34453125 0.88203125 0.0515625 0.09375
0 0.10234375 0.1265625 0.05625 0.12265625
0 0.03671875 0.11640625 0.0734375 0.13203125
0 0.8671875 0.28125 0.04609375 0.08125
0 0.7734375 0.28203125 0.03984375 0.0859375
0 0.728125 0.28515625 0.0515625 0.08984375
0 0.1671875 0.12890625 0.07265625 0.1265625
0 0.809375 0.16875 0.0359375 0.0859375
0 0.4171875 0.43046875 0.04765625 0.10625
0 0.31953125 0.434375 0.05625 0.12421875
0 0.50234375 0.69296875 0.034375 0.090625
0 0.46640625 0.7046875 0.03828125 0.08125
0 0.41953125 0.71328125 0.05234375 0.096875
0 0.365625 0.7234375 0.05234375 0.084375
0 0.3109375 0.74296875 0.05703125 0.1109375
0 0.25234375 0.74765625 0.05859375 0.10078125
0 0.19765625 0.74453125 0.04765625 0.1046875
0 0.12578125 0.7515625 0.04140625 0.11328125
0 0.240625 0.87421875 0.04765625 0.078125
0 0.1796875 0.88671875 0.04140625 0.08125
0 0.14609375 0.87734375 0.021875 0.115625
0 0.09765625 0.88203125 0.053125 0.13203125
0 0.0421875 0.93203125 0.05 0.09296875
0 0.5875 0.8078125 0.04296875 0.08828125
0 0.8546875 0.7375 0.02421875 0.06796875
0 0.8328125 0.73984375 0.021875 0.06328125
0 0.80703125 0.7484375 0.02890625 0.07578125
0 0.77265625 0.75234375 0.03828125 0.075
0 0.71171875 0.72734375 0.02421875 0.02734375
0 0.73125 0.77734375 0.03203125 0.078125
0 0.69921875 0.78203125 0.0328125 0.07109375
0 0.5390625 0.68203125 0.0390625 0.08125
0 0.57734375 0.67578125 0.0375 0.08828125
0 0.721875 0.64140625 0.04140625 0.0765625
0 0.75703125 0.634375 0.0296875 0.08359375
0 0.2625 0.4359375 0.05703125 0.13203125
0 0.146875 0.440625 0.07109375 0.134375
0 0.81796875 0.50546875 0.04140625 0.0765625
0 0.76640625 0.51640625 0.05546875 0.08515625
0 0.7171875 0.5234375 0.04296875 0.08125
0 0.671875 0.528125 0.0453125 0.08984375
0 0.628125 0.528125 0.04140625 0.08984375
0 0.5859375 0.5375 0.04296875 0.10625
0 0.53984375 0.54375 0.04609375 0.10078125
0 0.4859375 0.546875 0.05234375 0.10625
0 0.375 0.43203125 0.0421875 0.10703125
0 0.4375 0.5578125 0.05546875 0.10625
0 0.334375 0.57421875 0.04765625 0.11953125
0 0.2828125 0.58125 0.05859375 0.13125
0 0.22109375 0.5859375 0.06328125 0.1203125
0 0.10390625 0.59453125 0.046875 0.121875
0 0.04765625 0.60078125 0.0671875 0.15390625
0 0.03984375 0.7546875 0.0734375 0.115625
0 0.84765625 0.61875 0.03984375 0.07265625
0 0.81171875 0.621875 0.0328125 0.07890625
0 0.78359375 0.6265625 0.0234375 0.06796875
0 0.55 0.8234375 0.03515625 0.08046875
0 0.3828125 0.56796875 0.053125 0.12578125
0 0.8421875 0.171875 0.03203125 0.08359375
0 0.734375 0.16328125 0.0453125 0.1
0 0.628125 0.80078125 0.0390625 0.0734375
0 0.4921875 0.0296875 0.034375 0.0578125
0 0.53203125 0.034375 0.04140625 0.0640625
0 0.59453125 0.0359375 0.05234375 0.071875
0 0.65625 0.040625 0.04453125 0.0765625
0 0.70546875 0.04140625 0.0453125 0.08203125
0 0.74921875 0.046875 0.03828125 0.0890625
0 0.4484375 0.02890625 0.04765625 0.05703125
0 0.7796875 0.04765625 0.025 0.08828125
0 0.68828125 0.925 0.03359375 0.075
0 0.63671875 0.953125 0.03359375 0.07109375
0 0.603125 0.9640625 0.0359375 0.071875
0 0.85390625 0.05390625 0.03515625 0.090625
0 0.88828125 0.05546875 0.03046875 0.09453125
0 0.6578125 0.28359375 0.0390625 0.09765625
0 0.72421875 0.909375 0.03046875 0.065625
0 0.8765625 0.17265625 0.03359375 0.08125
0 0.8140625 0.05234375 0.03984375 0.09609375