0 0.97109375 0.5265625 0.0578125 0.04375
0 0.83515625 0.76875 0.0515625 0.03671875
0 0.025 0.50078125 0.046875 0.04453125
0 0.946875 0.37421875 0.06171875 0.1265625
0 0.89140625 0.37109375 0.04765625 0.1203125
0 0.8375 0.3765625 0.053125 0.10859375
0 0.7203125 0.415625 0.0265625 0.03671875
0 0.69140625 0.415625 0.02578125 0.0359375
0 0.665625 0.41875 0.021875 0.0375
0 0.02421875 0.5453125 0.0484375 0.0453125
0 0.63984375 0.41796875 0.0234375 0.03359375
0 0.5765625 0.41875 0.025 0.0375
0 0.70078125 0.38046875 0.02890625 0.0296875
0 0.665625 0.38046875 0.021875 0.0296875
0 0.8328125 0.8171875 0.0375 0.05078125
0 0.6390625 0.38125 0.0296875 0.03359375
0 0.5921875 0.384375 0.021875 0.03046875
0 0.56953125 0.3828125 0.02265625 0.0296875
0 0.60390625 0.41953125 0.02578125 0.03984375
0 0.70234375 0.34296875 0.028125 0.04140625
0 0.0296875 0.59140625 0.05546875 0.03984375
0 0.15390625 0.496875 0.06640625 0.04765625
0 0.4796875 0.53515625 0.06171875 0.04140625
0 0.4171875 0.53515625 0.0625 0.040625
0 0.73203125 0.48515625 0.06953125 0.04765625
0 0.66640625 0.4875 0.06015625 0.04140625
0 0.60390625 0.48828125 0.0578125 0.0453125
0 0.54140625 0.49140625 0.06015625 0.04453125
0 0.48046875 0.48984375 0.06015625 0.046875
0 0.084375 0.4984375 0.065625 0.04453125
0 0.41640625 0.49140625 0.06640625 0.04375
0 0.290625 0.5796875 0.0625 0.04140625
0 0.290625 0.53828125 0.0625 0.04375
0 0.290625 0.48984375 0.0671875 0.0515625
0 0.159375 0.58515625 0.06640625 0.04140625
0 0.0921875 0.58515625 0.065625 0.04296875
0 0.1578125 0.54140625 0.065625 0.0421875
0 0.090625 0.54296875 0.06875 0.03984375
0 0.35859375 0.5796875 0.06328125 0.04375
0 0.42109375 0.578125 0.05390625 0.04296875
0 0.67421875 0.34296875 0.02265625 0.04140625
0 0.10546875 0.24296875 0.05859375 0.11875
0 0.646875 0.34375 0.02734375 0.0390625
0 0.62109375 0.34296875 0.025 0.03671875
0 0.59609375 0.34609375 0.02265625 0.04375
0 0.57265625 0.346875 0.02578125 0.04375
0 0.4875 0.40703125 0.03671875 0.05625
0 0.45703125 0.40625 0.02578125 0.05703125
0 0.4890625 0.34296875 0.0328125 0.05546875
0 0.15703125 0.40390625 0.03515625 0.08828125
0 0.18515625 0.32109375 0.0203125 0.040625
0 0.1984375 0.3984375 0.01953125 0.03515625
0 0.2078125 0.43671875 0.02109375 0.0359375
0 0.26171875 0.40390625 0.0390625 0.08984375
0 0.29765625 0.403125 0.0328125 0.0890625
0 0.33203125 0.40078125 0.0328125 0.08125
0 0.3609375 0.39921875 0.02578125 0.0828125
0 0.39296875 0.40078125 0.0296875 0.08359375
0 0.19765625 0.36015625 0.0265625 0.0375
0 0.0453125 0.24296875 0.05859375 0.11953125
0 0.125 0.4046875 0.02734375 0.08984375
0 0.059375 0.40546875 0.03359375 0.090625
0 0.15 0.24375 0.02890625 0.11953125
0 0.1828125 0.28203125 0.03671875 0.03671875
0 0.253125 0.24453125 0.05546875 0.1140625
0 0.30859375 0.24609375 0.05703125 0.11328125
0 0.365625 0.2421875 0.05546875 0.10390625
0 0.42109375 0.2390625 0.05703125 0.1078125
0 0.47890625 0.240625 0.0578125 0.109375
0 0.09375 0.4046875 0.03359375 0.08984375
0 0.53515625 0.23984375 0.053125 0.1109375
0 0.64609375 0.240625 0.06015625 0.10546875
0 0.703125 0.2421875 0.05234375 0.1078125
0 0.75703125 0.24140625 0.0546875 0.10703125
0 0.83828125 0.2375 0.0546875 0.10390625
0 0.89453125 0.23828125 0.05078125 0.10546875
0 0.9453125 0.2359375 0.04921875 0.1015625
0 0.021875 0.40390625 0.03828125 0.0953125
0 0.58828125 0.240625 0.05078125 0.1109375
0 0.48125 0.57890625 0.05859375 0.04296875
0 0.5453125 0.5328125 0.0578125 0.04140625
0 0.54296875 0.57734375 0.06171875 0.0453125
0 0.43046875 0.7375 0.0578125 0.0421875
0 0.371875 0.8234375 0.06015625 0.03828125
0 0.37109375 0.78203125 0.05859375 0.04453125
0 0.37109375 0.73828125 0.0578125 0.03984375
0 0.309375 0.825 0.065625 0.03671875
0 0.30859375 0.7828125 0.0640625 0.046875
0 0.30625 0.73984375 0.065625 0.03828125
0 0.4328125 0.7796875 0.05625 0.0421875
0 0.7375 0.6875 0.05859375 0.04140625
0 0.6140625 0.690625 0.05859375 0.0453125
0 0.553125 0.69296875 0.06171875 0.04140625
0 0.4921875 0.69375 0.05703125 0.040625
0 0.43203125 0.69375 0.06328125 0.03984375
0 0.36875 0.69765625 0.0609375 0.0421875
0 0.30546875 0.696875 0.0640625 0.04296875
0 0.7375 0.64453125 0.06171875 0.0453125
0 0.6765625 0.68828125 0.06171875 0.03984375
0 0.675 0.64453125 0.05859375 0.0421875
0 0.434375 0.821875 0.059375 0.03984375
0 0.5546875 0.734375 0.059375 0.04140625
0 0.834375 0.7296875 0.05234375 0.040625
0 0.84140625 0.6859375 0.0578125 0.04140625
0 0.83828125 0.6421875 0.0609375 0.0421875
0 0.7453125 0.8140625 0.05078125 0.04453125
0 0.740625 0.76875 0.059375 0.0390625
0 0.68125 0.81484375 0.059375 0.04453125
0 0.6796875 0.771875 0.06171875 0.0390625
0 0.49453125 0.73515625 0.0609375 0.03984375
0 0.61875 0.81640625 0.05703125 0.03828125
0 0.5578125 0.81796875 0.05625 0.04140625
0 0.55703125 0.7765625 0.0578125 0.04140625
0 0.496875 0.8203125 0.05703125 0.04453125
0 0.49375 0.77734375 0.06171875 0.0421875
0 0.7390625 0.72890625 0.05859375 0.03984375
0 0.6765625 0.73125 0.05859375 0.04296875
0 0.615625 0.7328125 0.059375 0.040625
0 0.61796875 0.77421875 0.05546875 0.040625
0 0.55390625 0.646875 0.06328125 0.04296875
0 0.490625 0.65 0.06171875 0.04609375
0 0.428125 0.6515625 0.059375 0.0421875
0 0.98828125 0.37421875 0.0234375 0.121875
0 0.90859375 0.5734375 0.06640625 0.046875
0 0.97109375 0.57265625 0.0578125 0.04765625
0 0.97109375 0.4734375 0.0578125 0.04140625
0 0.98515625 0.2359375 0.0296875 0.103125
0 0.8421875 0.57421875 0.059375 0.046875
0 0.42265625 0.4015625 0.03203125 0.08203125
0 0.84140625 0.528125 0.05625 0.04296875
0 0.73359375 0.57265625 0.06328125 0.04375
0 0.6671875 0.575 0.0625 0.04375
0 0.60625 0.57421875 0.059375 0.04453125
0 0.734375 0.5296875 0.065625 0.04140625
0 0.66640625 0.53046875 0.0640625 0.04296875
0 0.60546875 0.53125 0.0578125 0.040625
0 0.8421875 0.48359375 0.053125 0.04296875
0 0.9046875 0.52734375 0.06796875 0.0421875
0 0.4578125 0.3421875 0.028125 0.05625
0 0.1046875 0.74921875 0.0625 0.03984375
0 0.10078125 0.6625 0.0609375 0.04921875
0 0.03828125 0.70625 0.0609375 0.04375
0 0.365625 0.65390625 0.06328125 0.0453125
0 0.30078125 0.653125 0.0640625 0.0453125
0 0.17578125 0.7890625 0.0671875 0.0421875
0 0.171875 0.83125 0.05625 0.04140625
0 0.1015625 0.70859375 0.06328125 0.040625
0 0.16796875 0.703125 0.05703125 0.04140625
0 0.0421875 0.74921875 0.06328125 0.040625
0 0.0375 0.66328125 0.05859375 0.0421875
0 0.16953125 0.746875 0.05859375 0.0421875
0 0.0453125 0.7890625 0.05703125 0.040625
0 0.04609375 0.83046875 0.05859375 0.04296875
0 0.11171875 0.7890625 0.0578125 0.040625
0 0.11171875 0.8328125 0.0609375 0.04296875