0 0.28828125 0.81640625 0.1234375 0.15234375
0 0.93046875 0.584375 0.0375 0.06796875
0 0.03203125 0.86953125 0.05625 0.1734375
0 0.8515625 0.60390625 0.03203125 0.0125
0 0.1 0.8453125 0.06875 0.16796875
0 0.96875 0.58515625 0.0375 0.05078125
0 0.42578125 0.77265625 0.10625 0.11953125
0 0.70078125 0.7046875 0.028125 0.06953125
0 0.62734375 0.73515625 0.028125 0.06015625
0 0.65703125 0.728125 0.02578125 0.0609375
0 0.6046875 0.6796875 0.0234375 0.01953125
0 0.72890625 0.69609375 0.021875 0.0640625
0 0.85390625 0.58984375 0.03984375 0.0125
0 0.75234375 0.69140625 0.015625 0.075
0 0.5125 0.71171875 0.04140625 0.08671875
0 0.8234375 0.59921875 0.015625 0.0390625
0 0.159375 0.64765625 0.13046875 0.12734375
0 0.78203125 0.60703125 0.01875 0.0375
0 0.77265625 0.684375 0.015625 0.0640625
0 0.50234375 0.47265625 0.0546875 0.09765625
0 0.56875 0.49296875 0.02421875 0.04140625
0 0.0390625 0.68046875 0.0734375 0.1015625
0 0.28046875 0.63125 0.10078125 0.1125
0 0.38125 0.61484375 0.07734375 0.10390625
0 0.8 0.6046875 0.0140625 0.04296875
0 0.46328125 0.60625 0.0578125 0.10234375
0 0.5921875 0.58125 0.05546875 0.08828125
0 0.6390625 0.62578125 0.02734375 0.0625
0 0.67421875 0.61796875 0.028125 0.0640625
0 0.7125 0.61484375 0.01796875 0.0609375
0 0.73046875 0.61640625 0.0140625 0.04921875
0 0.75234375 0.6109375 0.0234375 0.05078125
0 0.5296875 0.59453125 0.0515625 0.096875
0 0.8046875 0.678125 0.02421875 0.04453125
0 0.70390625 0.51484375 0.034375 0.0546875
0 0.2640625 0.9671875 0.0828125 0.065625
0 0.9453125 0.69453125 0.0109375 0.07109375
0 0.9578125 0.66875 0.01171875 0.06328125
0 0.9859375 0.64453125 0.02734375 0.01484375
0 0.9875 0.6609375 0.025 0.01328125
0 0.99453125 0.68046875 0.0109375 0.02109375
0 0.646875 0.51640625 0.03828125 0.0515625
0 0.93125 0.69765625 0.01171875 0.07421875
0 0.4265625 0.471875 0.090625 0.11796875
0 0.78515625 0.521875 0.028125 0.04140625
0 0.81171875 0.4984375 0.02109375 0.0640625
0 0.83828125 0.4984375 0.02109375 0.07421875
0 0.94375 0.496875 0.015625 0.0828125
0 0.9703125 0.49609375 0.03203125 0.08125
0 0.028125 0.44375 0.05234375 0.16640625
0 0.7484375 0.50703125 0.03359375 0.04375
0 0.9125 0.70546875 0.0265625 0.07734375
0 0.88828125 0.71015625 0.0109375 0.065625
0 0.8765625 0.7234375 0.01171875 0.0828125
0 0.35546875 0.91953125 0.06640625 0.04375
0 0.49140625 0.90078125 0.03671875 0.121875
0 0.55234375 0.88828125 0.05625 0.10625
0 0.578125 0.81640625 0.02734375 0.021875
0 0.63515625 0.8328125 0.03046875 0.096875
0 0.66875 0.8203125 0.0296875 0.1
0 0.69453125 0.80703125 0.01953125 0.0921875
0 0.71953125 0.79453125 0.02421875 0.08515625
0 0.74296875 0.78515625 0.02109375 0.08671875
0 0.76640625 0.77890625 0.01953125 0.08984375
0 0.78671875 0.77109375 0.01640625 0.08984375
0 0.8046875 0.76796875 0.0203125 0.0609375
0 0.8234375 0.75546875 0.01640625 0.06171875
0 0.8421875 0.75 0.01640625 0.06328125
0 0.8625 0.73203125 0.01640625 0.07890625
0 0.8265625 0.66875 0.01875 0.04453125
0 0.31484375 0.47265625 0.1125 0.13359375
0 0.9171875 0.49765625 0.0359375 0.08125
0 0.72421875 0.40625 0.0296875 0.04765625
0 0.84765625 0.28046875 0.01953125 0.0796875
0 0.88984375 0.29765625 0.02734375 0.06328125
0 0.91640625 0.315625 0.01796875 0.05
0 0.94765625 0.32265625 0.0234375 0.0453125
0 0.971875 0.32421875 0.01875 0.05
0 0.07421875 0.08046875 0.075 0.1453125
0 0.18125 0.47265625 0.13828125 0.14296875
0 0.92109375 0.40703125 0.028125 0.07109375
0 0.959375 0.40703125 0.03046875 0.0671875
0 0.8875 0.40625 0.021875 0.06875
0 0.865625 0.403125 0.02734375 0.07265625
0 0.828125 0.403125 0.021875 0.06640625
0 0.809375 0.39765625 0.0125 0.0796875
0 0.7890625 0.40703125 0.028125 0.05546875
0 0.7578125 0.41328125 0.03203125 0.03984375
0 0.75703125 0.3671875 0.0375 0.05
0 0.99140625 0.328125 0.0171875 0.0453125
0 0.69453125 0.403125 0.02265625 0.05703125
0 0.659375 0.403125 0.0390625 0.05390625
0 0.6546875 0.34921875 0.0609375 0.05
0 0.52265625 0.36484375 0.0953125 0.0296875
0 0.4984375 0.309375 0.0953125 0.07265625
0 0.3875 0.3234375 0.10625 0.090625
0 0.2640625 0.30859375 0.034375 0.08515625
0 0.21640625 0.30390625 0.04609375 0.0953125
0 0.78359375 0.26328125 0.03828125 0.0984375
0 0.71015625 0.23515625 0.05 0.10859375
0 0.64375 0.21640625 0.03984375 0.11875
0 0.5953125 0.20703125 0.04921875 0.1109375
0 0.15703125 0.29375 0.05 0.09453125
0 0.13046875 0.09296875 0.0296875 0.1375
0 0.234375 0.09765625 0.06875 0.18203125
0 0.33515625 0.06484375 0.11171875 0.09375
0 0.065625 0.28046875 0.0828125 0.1140625
0 0.44296875 0.11796875 0.07109375 0.0703125
0 0.3484375 0.16953125 0.10078125 0.0640625
0 0.434375 0.2 0.0453125 0.05859375
0 0.4921875 0.2203125 0.03828125 0.04609375