0 0.24140625 0.85546875 0.01796875 0.07890625
0 0.57734375 0.8640625 0.0140625 0.08203125
0 0.55625 0.859375 0.0140625 0.078125
0 0.534375 0.85703125 0.01171875 0.08046875
0 0.51328125 0.85234375 0.0171875 0.07734375
0 0.49296875 0.834375 0.01328125 0.084375
0 0.603125 0.840625 0.01171875 0.07890625
0 0.475 0.84140625 0.0171875 0.078125
0 0.45703125 0.84140625 0.01875 0.0734375
0 0.434375 0.84609375 0.01796875 0.075
0 0.9109375 0.603125 0.0125 0.084375
0 0.38984375 0.84140625 0.02421875 0.10078125
0 0.34921875 0.8203125 0.01328125 0.075
0 0.90546875 0.5140625 0.01171875 0.0890625
0 0.89140625 0.5140625 0.015625 0.08984375
0 0.91640625 0.51484375 0.0109375 0.08984375
0 0.884375 0.60390625 0.0125 0.0828125
0 0.8984375 0.603125 0.01328125 0.08359375
0 0.32265625 0.83984375 0.0359375 0.04375
0 0.0171875 0.84296875 0.034375 0.09375
0 0.36484375 0.8203125 0.01484375 0.06953125
0 0.053125 0.8609375 0.0203125 0.078125
0 0.14375 0.85546875 0.0109375 0.08203125
0 0.16484375 0.85546875 0.0234375 0.08125
0 0.1859375 0.85546875 0.01875 0.08125
0 0.221875 0.86015625 0.01640625 0.078125
0 0.2640625 0.8546875 0.0171875 0.0796875
0 0.0734375 0.859375 0.02109375 0.07421875
0 0.91328125 0.24296875 0.01328125 0.08984375
0 0.04609375 0.128125 0.03984375 0.08671875
0 0.43125 0.1890625 0.0125 0.08984375
0 0.45546875 0.19609375 0.02109375 0.08125
0 0.503125 0.19609375 0.053125 0.11484375
0 0.57421875 0.2 0.02109375 0.09375
0 0.628125 0.184375 0.02421875 0.08671875
0 0.665625 0.18125 0.01953125 0.09375
0 0.7125 0.19140625 0.0203125 0.09375
0 0.74765625 0.19453125 0.02265625 0.1015625
0 0.7953125 0.18515625 0.021875 0.1078125
0 0.82421875 0.19140625 0.0203125 0.0921875
0 0.8421875 0.190625 0.015625 0.09375
0 0.875 0.18125 0.0234375 0.096875
0 0.91875 0.14296875 0.01328125 0.1015625
0 0.934375 0.14296875 0.01328125 0.1015625
0 0.94765625 0.1421875 0.01328125 0.1015625
0 0.41796875 0.1859375 0.01171875 0.08828125
0 0.9265625 0.2421875 0.0140625 0.0890625
0 0.94140625 0.24296875 0.01328125 0.0921875
0 0.92109375 0.33359375 0.0125 0.084375
0 0.07265625 0.228125 0.0390625 0.103125
0 0.0828125 0.36484375 0.04453125 0.0984375
0 0.08984375 0.4609375 0.040625 0.08125
0 0.084375 0.56953125 0.03359375 0.0984375
0 0.1125 0.725 0.04296875 0.10234375
0 0.1265625 0.178125 0.0359375 0.10703125
0 0.17734375 0.1859375 0.021875 0.09765625
0 0.2125 0.18515625 0.0265625 0.0984375
0 0.25703125 0.18125 0.0203125 0.09453125
0 0.29140625 0.18203125 0.025 0.096875
0 0.33203125 0.19296875 0.0109375 0.09609375
0 0.34609375 0.19296875 0.0140625 0.09609375
0 0.37265625 0.17578125 0.0203125 0.10234375
0 0.90078125 0.42421875 0.01484375 0.0875
0 0.934375 0.3359375 0.0140625 0.08828125
0 0.90625 0.33359375 0.015625 0.08359375
0 0.61484375 0.84296875 0.01015625 0.07578125
0 0.77109375 0.85390625 0.01328125 0.08125
0 0.6421875 0.8359375 0.01328125 0.0734375
0 0.75234375 0.31796875 0.040625 0.0765625
0 0.78359375 0.3390625 0.01171875 0.084375
0 0.79609375 0.33984375 0.01015625 0.08671875
0 0.8171875 0.3359375 0.015625 0.090625
0 0.84921875 0.32421875 0.01015625 0.0875
0 0.8609375 0.32578125 0.0140625 0.084375
0 0.95234375 0.328125 0.0125 0.09453125
0 0.71015625 0.33125 0.01953125 0.09375
0 0.01171875 0.44921875 0.0109375 0.08359375
0 0.05 0.44921875 0.0109375 0.0828125
0 0.128125 0.4484375 0.01484375 0.0859375
0 0.14375 0.4484375 0.01640625 0.0875
0 0.18203125 0.45390625 0.02421875 0.0875
0 0.203125 0.4625 0.01484375 0.090625
0 0.2296875 0.465625 0.01640625 0.09296875
0 0.24765625 0.45234375 0.01328125 0.0859375
0 0.02578125 0.45 0.0125 0.08203125
0 0.66796875 0.32890625 0.0109375 0.08515625
0 0.65546875 0.328125 0.0125 0.090625
0 0.6203125 0.34609375 0.02734375 0.0625
0 0.1546875 0.3109375 0.0125 0.090625
0 0.1734375 0.31484375 0.0171875 0.08984375
0 0.21015625 0.32109375 0.0125 0.08828125
0 0.22421875 0.321875 0.01328125 0.0875
0 0.24921875 0.33203125 0.01015625 0.0875
0 0.259375 0.33046875 0.01171875 0.0875
0 0.29453125 0.33203125 0.021875 0.0859375
0 0.62578125 0.84375 0.0125 0.075
0 0.33125 0.33046875 0.0203125 0.08515625
0 0.36640625 0.325 0.02109375 0.08671875
0 0.4125 0.328125 0.01953125 0.084375
0 0.4421875 0.3296875 0.0171875 0.08125
0 0.46953125 0.33203125 0.01953125 0.08125
0 0.5046875 0.296875 0.03984375 0.0671875
0 0.5421875 0.3359375 0.0296875 0.0640625
0 0.5765625 0.34453125 0.0296875 0.05703125
0 0.61796875 0.28515625 0.03515625 0.05625
0 0.2625 0.45234375 0.0171875 0.08515625
0 0.2875 0.4625 0.01171875 0.0796875
0 0.3015625 0.4625 0.015625 0.08125
0 0.3703125 0.45703125 0.01171875 0.09296875
0 0.95234375 0.46171875 0.015625 0.084375
0 0.93828125 0.4609375 0.01015625 0.0859375
0 0.8546875 0.4546875 0.0140625 0.084375
0 0.83984375 0.4546875 0.01171875 0.08046875
0 0.81171875 0.45859375 0.01484375 0.08359375
0 0.79921875 0.45859375 0.01015625 0.084375
0 0.76796875 0.45 0.01328125 0.084375
0 0.7328125 0.45703125 0.01484375 0.08671875
0 0.7171875 0.46015625 0.0109375 0.0828125
0 0.68828125 0.4578125 0.015625 0.08359375
0 0.675 0.4578125 0.01171875 0.08203125
0 0.646875 0.45390625 0.009375 0.0828125
0 0.6359375 0.45390625 0.0125 0.084375
0 0.6046875 0.43671875 0.03046875 0.08515625
0 0.56484375 0.459375 0.01953125 0.08984375
0 0.5265625 0.4578125 0.02109375 0.08203125
0 0.4921875 0.45703125 0.01875 0.0859375
0 0.9859375 0.46328125 0.01015625 0.08515625
0 0.03515625 0.303125 0.03203125 0.0921875
0 0.99609375 0.4625 0.0078125 0.08359375
0 0.0546875 0.57421875 0.0203125 0.0921875
0 0.3984375 0.44921875 0.021875 0.0875
0 0.43203125 0.453125 0.0171875 0.08359375
0 0.4578125 0.45859375 0.01640625 0.0890625
0 0.3953125 0.57421875 0.01953125 0.08125
0 0.36171875 0.56875 0.01484375 0.07890625
0 0.33125 0.5796875 0.0125 0.07890625
0 0.31953125 0.58046875 0.01015625 0.078125
0 0.29609375 0.5765625 0.01484375 0.0828125
0 0.28359375 0.57578125 0.0125 0.084375
0 0.26484375 0.57109375 0.009375 0.08203125
0 0.2546875 0.5703125 0.01171875 0.084375
0 0.22421875 0.5828125 0.0125 0.07890625
0 0.21171875 0.58203125 0.01171875 0.08203125
0 0.1828125 0.571875 0.01328125 0.0859375
0 0.1671875 0.571875 0.01484375 0.08515625
0 0.1390625 0.58203125 0.01328125 0.08125
0 0.128125 0.58359375 0.00859375 0.09140625
0 0.01953125 0.60078125 0.0390625 0.1046875
0 0.00859375 0.32578125 0.01640625 0.0953125
0 0.91328125 0.425 0.0109375 0.0875
0 0.88359375 0.83515625 0.01015625 0.06015625
0 0.8375 0.56953125 0.01015625 0.075
0 0.85390625 0.56796875 0.01328125 0.0828125
0 0.9359375 0.57265625 0.01640625 0.08671875
0 0.9625 0.5796875 0.01328125 0.0796875
0 0.925 0.425 0.01328125 0.08828125
0 0.98203125 0.584375 0.00859375 0.08203125
0 0.9921875 0.5859375 0.01328125 0.0796875
0 0.82578125 0.5703125 0.01015625 0.0796875
0 0.0203125 0.71640625 0.03984375 0.109375
0 0.22421875 0.7125 0.01328125 0.08203125
0 0.24609375 0.71015625 0.01796875 0.08046875
0 0.265625 0.71171875 0.0140625 0.08125
0 0.36484375 0.69765625 0.01171875 0.08125
0 0.38203125 0.7 0.015625 0.0765625
0 0.41015625 0.728125 0.01953125 0.09609375
0 0.43671875 0.7296875 0.01640625 0.08515625
0 0.17578125 0.71015625 0.0390625 0.10859375
0 0.80234375 0.58125 0.01875 0.08046875
0 0.7875 0.58203125 0.0125 0.07890625
0 0.76171875 0.57265625 0.0140625 0.0765625
0 0.89375 0.83515625 0.01015625 0.0609375
0 0.4953125 0.56484375 0.01484375 0.06484375
0 0.47265625 0.5890625 0.00859375 0.0828125
0 0.46171875 0.590625 0.0125 0.08125
0 0.4359375 0.58125 0.01171875 0.08125
0 0.52890625 0.58515625 0.015625 0.0859375
0 0.54921875 0.5875 0.0140625 0.08671875
0 0.609375 0.54765625 0.02109375 0.065625
0 0.63515625 0.56953125 0.01484375 0.08125
0 0.65 0.56953125 0.01484375 0.08203125
0 0.66796875 0.5796875 0.01015625 0.08125
0 0.678125 0.58203125 0.01171875 0.071875
0 0.68828125 0.5765625 0.009375 0.0828125
0 0.7125 0.57890625 0.0109375 0.08046875
0 0.72578125 0.57734375 0.01484375 0.0828125
0 0.42421875 0.58203125 0.0109375 0.0828125
0 0.74921875 0.571875 0.01171875 0.078125
0 0.47421875 0.7234375 0.015625 0.08515625
0 0.4953125 0.72578125 0.01953125 0.0796875
0 0.95 0.5765625 0.009375 0.075
0 0.5515625 0.72265625 0.01953125 0.0828125
0 0.80234375 0.85859375 0.0125 0.07890625
0 0.7859375 0.853125 0.015625 0.08671875
0 0.75546875 0.834375 0.0109375 0.07109375
0 0.7359375 0.83359375 0.009375 0.06796875
0 0.71171875 0.846875 0.00859375 0.07421875
0 0.68984375 0.8484375 0.0125 0.071875
0 0.70234375 0.84765625 0.009375 0.07265625
0 0.6640625 0.83359375 0.0125 0.07109375
0 0.65390625 0.83515625 0.00859375 0.0703125
0 0.8828125 0.68515625 0.01328125 0.078125
0 0.89609375 0.68671875 0.01171875 0.07578125
0 0.51953125 0.728125 0.0171875 0.084375
0 0.8703125 0.8359375 0.01328125 0.06171875
0 0.9078125 0.6859375 0.01328125 0.0734375
0 0.8765625 0.7640625 0.01328125 0.08046875
0 0.8890625 0.76640625 0.01015625 0.07734375
0 0.90078125 0.765625 0.01171875 0.078125
0 0.82109375 0.8625 0.01640625 0.08828125
0 0.990625 0.8328125 0.01015625 0.07421875
0 0.74453125 0.83359375 0.009375 0.0703125
0 0.9609375 0.83203125 0.00859375 0.0765625
0 0.575 0.71953125 0.0203125 0.0796875
0 0.60546875 0.70390625 0.03515625 0.08828125
0 0.6328125 0.72578125 0.0125 0.0625
0 0.6453125 0.71640625 0.01171875 0.07421875
0 0.65546875 0.71484375 0.009375 0.07734375
0 0.978125 0.8328125 0.0109375 0.0734375
0 0.67421875 0.7265625 0.01328125 0.06640625
0 0.684375 0.7171875 0.01015625 0.07734375
0 0.72421875 0.71328125 0.0140625 0.07890625
0 0.696875 0.715625 0.0125 0.0765625
0 0.76953125 0.68984375 0.02890625 0.09375
0 0.79140625 0.72578125 0.01015625 0.07734375
0 0.809375 0.725 0.02265625 0.07578125
0 0.83046875 0.728125 0.0203125 0.08203125
0 0.99140625 0.70234375 0.0171875 0.084375
0 0.93671875 0.83203125 0.0140625 0.0765625
0 0.95 0.83203125 0.0109375 0.0765625
0 0.7390625 0.71015625 0.01171875 0.08203125