0 0.4 0.5421875 0.06171875 0.03125
0 0.04453125 0.45625 0.08515625 0.01953125
0 0.734375 0.659375 0.084375 0.04609375
0 0.04453125 0.43203125 0.084375 0.02109375
0 0.046875 0.48359375 0.08125 0.0203125
0 0.4765625 0.58515625 0.0703125 0.0359375
0 0.39609375 0.58671875 0.0671875 0.03203125
0 0.44375 0.725 0.053125 0.0296875
0 0.32421875 0.5546875 0.059375 0.0296875
0 0.12890625 0.5890625 0.05546875 0.03125
0 0.196875 0.5859375 0.05859375 0.0359375
0 0.2640625 0.5890625 0.053125 0.02890625
0 0.259375 0.5546875 0.05859375 0.0296875
0 0.8859375 0.75 0.0484375 0.0390625
0 0.8359375 0.76015625 0.05078125 0.0421875
0 0.77578125 0.76484375 0.05703125 0.0421875
0 0.68359375 0.75390625 0.05859375 0.0375
0 0.62109375 0.75625 0.046875 0.0359375
0 0.328125 0.5890625 0.05546875 0.03046875
0 0.56640625 0.76328125 0.0515625 0.03359375
0 0.5 0.765625 0.0546875 0.03984375
0 0.5 0.72421875 0.046875 0.0296875
0 0.4015625 0.64296875 0.1265625 0.03203125
0 0.38203125 0.76015625 0.04765625 0.0328125
0 0.2859375 0.74296875 0.04453125 0.025
0 0.28671875 0.7203125 0.05078125 0.01328125
0 0.14453125 0.7703125 0.078125 0.03984375
0 0.225 0.73671875 0.04609375 0.02421875
0 0.15234375 0.72578125 0.05390625 0.02734375
0 0.44453125 0.7609375 0.0453125 0.03046875
0 0.40078125 0.678125 0.11640625 0.0328125
0 0.8828125 0.5390625 0.06953125 0.021875
0 0.284375 0.63125 0.0984375 0.02109375
0 0.05859375 0.76640625 0.04609375 0.04453125
0 0.07265625 0.7171875 0.04921875 0.02421875
0 0.04609375 0.50625 0.0796875 0.01953125
0 0.04765625 0.53125 0.078125 0.01953125
0 0.140625 0.4578125 0.06171875 0.034375
0 0.2140625 0.45546875 0.05546875 0.02578125
0 0.28671875 0.453125 0.0546875 0.025
0 0.34765625 0.4546875 0.0453125 0.02578125
0 0.41953125 0.484375 0.053125 0.034375
0 0.4859375 0.4765625 0.04375 0.03125
0 0.62265625 0.49140625 0.06796875 0.03671875
0 0.69140625 0.4765625 0.046875 0.02890625
0 0.753125 0.478125 0.05625 0.01953125
0 0.753125 0.45 0.06484375 0.02734375
0 0.278125 0.6828125 0.11640625 0.034375
0 0.86015625 0.49140625 0.059375 0.03359375
0 0.54921875 0.55234375 0.06875 0.0296875
0 0.553125 0.58828125 0.0640625 0.03046875
0 0.66171875 0.54453125 0.07109375 0.03359375
0 0.74140625 0.546875 0.06796875 0.03359375
0 0.80703125 0.54453125 0.0546875 0.02890625
0 0.66953125 0.584375 0.06875 0.0359375
0 0.053125 0.57578125 0.0765625 0.021875
0 0.74609375 0.5859375 0.06328125 0.0359375
0 0.81796875 0.5765625 0.06328125 0.02578125
0 0.90703125 0.58359375 0.06953125 0.0375
0 0.01953125 0.7171875 0.03515625 0.0296875
0 0.03828125 0.6734375 0.06875 0.0171875
0 0.03671875 0.65390625 0.06953125 0.0171875
0 0.18828125 0.65078125 0.0609375 0.0359375
0 0.93203125 0.4921875 0.0671875 0.03125
0 0.1296875 0.5546875 0.05703125 0.0265625
0 0.78046875 0.40234375 0.07109375 0.03359375
0 0.6890625 0.3671875 0.05078125 0.02890625
0 0.88828125 0.03828125 0.05859375 0.0625
0 0.96484375 0.028125 0.065625 0.04921875
0 0.9578125 0.07265625 0.05234375 0.03359375
0 0.19921875 0.3625 0.059375 0.02578125
0 0.70703125 0.16015625 0.08203125 0.03359375
0 0.71640625 0.2 0.08359375 0.03984375
0 0.61015625 0.1578125 0.06875 0.034375
0 0.61328125 0.19921875 0.071875 0.0453125
0 0.52734375 0.1578125 0.07421875 0.03359375
0 0.52890625 0.2 0.06953125 0.040625
0 0.75703125 0.3671875 0.059375 0.02421875
0 0.4421875 0.15703125 0.07578125 0.034375
0 0.44453125 0.2 0.08046875 0.04296875
0 0.35859375 0.15234375 0.07578125 0.04296875
0 0.359375 0.19921875 0.0765625 0.0453125
0 0.11015625 0.1484375 0.071875 0.0421875
0 0.190625 0.1484375 0.0734375 0.0421875
0 0.27734375 0.153125 0.0796875 0.0390625
0 0.7078125 0.290625 0.0671875 0.06640625
0 0.78671875 0.290625 0.06171875 0.0671875
0 0.8625 0.29140625 0.071875 0.06640625
0 0.94296875 0.290625 0.06640625 0.06875
0 0.34453125 0.2875 0.065625 0.0671875
0 0.25390625 0.2828125 0.08125 0.07578125
0 0.128125 0.35859375 0.05546875 0.03515625
0 0.80703125 0.0640625 0.0625 0.04453125
0 0.70703125 0.0734375 0.05546875 0.02578125
0 0.8859375 0.08203125 0.06640625 0.015625
0 0.70859375 0.03984375 0.05 0.0328125
0 0.63046875 0.36953125 0.05625 0.02734375
0 0.71015625 0.40234375 0.05859375 0.03359375
0 0.63671875 0.40234375 0.06484375 0.03359375
0 0.56796875 0.40234375 0.05859375 0.03359375
0 0.0421875 0.378125 0.08046875 0.021875
0 0.0484375 0.40703125 0.0890625 0.01796875
0 0.56328125 0.3671875 0.06171875 0.03046875
0 0.128125 0.396875 0.05 0.034375
0 0.190625 0.39609375 0.0640625 0.03359375
0 0.2640625 0.3984375 0.0625 0.03515625
0 0.3328125 0.4 0.05859375 0.03828125
0 0.34140625 0.359375 0.06328125 0.0265625
0 0.6484375 0.07109375 0.053125 0.02578125
0 0.26875 0.36171875 0.05859375 0.03046875
0 0.6484375 0.0359375 0.0484375 0.0390625
0 0.53515625 0.0421875 0.12109375 0.0828125
0 0.38984375 0.0421875 0.125 0.0796875
0 0.26171875 0.040625 0.1234375 0.07890625
0 0.13671875 0.0390625 0.1140625 0.075