0 0.334375 0.396875 0.0203125 0.0328125
0 0.3125 0.4 0.0203125 0.03125
0 0.2546875 0.41015625 0.07890625 0.01171875
0 0.25859375 0.396875 0.08671875 0.0109375
0 0.98828125 0.309375 0.02265625 0.01875
0 0.08125 0.38828125 0.09140625 0.02578125
0 0.93984375 0.31015625 0.04765625 0.02890625
0 0.93125 0.278125 0.05 0.0296875
0 0.37734375 0.39296875 0.06796875 0.04140625
0 0.2484375 0.38203125 0.07265625 0.0125
0 0.45 0.38515625 0.06484375 0.0515625
0 0.72109375 0.38671875 0.06640625 0.01171875
0 0.54140625 0.40390625 0.0859375 0.0140625
0 0.6375 0.3671875 0.0859375 0.015625
0 0.634375 0.38671875 0.09765625 0.015625
0 0.6328125 0.403125 0.08828125 0.01640625
0 0.71796875 0.40234375 0.08046875 0.01484375
0 0.78046875 0.384375 0.03125 0.0578125
0 0.84453125 0.3859375 0.07421875 0.0140625
0 0.8375 0.403125 0.08125 0.015625
0 0.93203125 0.3875 0.0765625 0.01640625
0 0.8515625 0.3171875 0.0828125 0.0125
0 0.540625 0.3875 0.09140625 0.01640625
0 0.8453125 0.29765625 0.0765625 0.01796875
0 0.41171875 0.1921875 0.0390625 0.05546875
0 0.72109375 0.29296875 0.02734375 0.059375
0 0.98046875 0.2109375 0.0390625 0.0421875
0 0.93984375 0.21015625 0.034375 0.04140625
0 0.884375 0.21171875 0.07109375 0.03671875
0 0.81171875 0.2109375 0.07421875 0.0359375
0 0.75546875 0.20625 0.03828125 0.04765625
0 0.7078125 0.2015625 0.040625 0.04296875
0 0.65859375 0.2 0.04375 0.053125
0 0.6109375 0.2 0.03828125 0.053125
0 0.5609375 0.19609375 0.0484375 0.0484375
0 0.5078125 0.19765625 0.0453125 0.05625
0 0.76640625 0.3046875 0.0609375 0.03515625
0 0.4625 0.19453125 0.04296875 0.05703125
0 0.40546875 0.13515625 0.053125 0.05390625
0 0.346875 0.190625 0.0640625 0.053125
0 0.075 0.296875 0.0859375 0.01328125
0 0.07734375 0.3078125 0.07734375 0.009375
0 0.16328125 0.30078125 0.0765625 0.02734375
0 0.4015625 0.30625 0.0890625 0.03125
0 0.5078125 0.30625 0.090625 0.03515625
0 0.5765625 0.2953125 0.04140625 0.05625
0 0.621875 0.29609375 0.0375 0.05
0 0.6734375 0.29453125 0.04765625 0.05078125
0 0.98125 0.3640625 0.034375 0.0171875
0 0.98515625 0.3875 0.02890625 0.02109375
0 0.51640625 0.64609375 0.0484375 0.025
0 0.7359375 0.48203125 0.03125 0.03984375
0 0.1453125 0.69296875 0.10703125 0.01484375
0 0.71328125 0.5828125 0.03828125 0.021875
0 0.678125 0.628125 0.0453125 0.0328125
0 0.7546875 0.6234375 0.03125 0.04140625
0 0.7875 0.62734375 0.0203125 0.028125
0 0.84140625 0.6125 0.06328125 0.01953125
0 0.82421875 0.6328125 0.04140625 0.01328125
0 0.91484375 0.6171875 0.04140625 0.0390625
0 0.8953125 0.67109375 0.0484375 0.0453125
0 0.9515625 0.6734375 0.0375 0.03671875
0 0.98671875 0.66875 0.02578125 0.034375
0 0.04296875 0.81171875 0.034375 0.0609375
0 0.08203125 0.8109375 0.0296875 0.065625
0 0.11796875 0.81796875 0.0359375 0.04765625
0 0.1609375 0.815625 0.0390625 0.046875
0 0.159375 0.67578125 0.11953125 0.01953125
0 0.25703125 0.61484375 0.025 0.0265625
0 0.31875 0.615625 0.0390625 0.02109375
0 0.28984375 0.65703125 0.03359375 0.0171875
0 0.5640625 0.6421875 0.03515625 0.02109375
0 0.61875 0.628125 0.06015625 0.04375
0 0.80234375 0.56015625 0.03515625 0.04453125
0 0.65703125 0.56328125 0.028125 0.04296875
0 0.28359375 0.1953125 0.053125 0.05546875
0 0.21328125 0.1875 0.0796875 0.0546875
0 0.13125 0.17265625 0.08671875 0.07421875
0 0.19765625 0.8125 0.01640625 0.05078125
0 0.05703125 0.17265625 0.05625 0.078125
0 0.51015625 0.56796875 0.08125 0.0484375
0 0.35546875 0.6484375 0.03671875 0.0296875
0 0.44765625 0.6421875 0.059375 0.02421875
0 0.45078125 0.61171875 0.065625 0.028125
0 0.42734375 0.56796875 0.0515625 0.02421875
0 0.34453125 0.57421875 0.053125 0.021875
0 0.31875 0.65 0.02109375 0.0296875
0 0.01640625 0.17109375 0.02265625 0.08203125
0 0.253125 0.83125 0.06328125 0.01640625
0 0.30859375 0.81484375 0.01953125 0.034375
0 0.328125 0.81015625 0.0203125 0.0328125
0 0.25078125 0.4953125 0.02578125 0.03671875
0 0.32265625 0.4953125 0.02734375 0.03671875
0 0.28359375 0.49453125 0.03359375 0.03984375
0 0.590625 0.48515625 0.04296875 0.0421875
0 0.64375 0.48515625 0.040625 0.0390625
0 0.5140625 0.4875 0.05078125 0.0390625
0 0.46796875 0.4890625 0.04140625 0.0390625
0 0.06640625 0.5953125 0.1140625 0.01796875
0 0.4203125 0.490625 0.04296875 0.03828125
0 0.98125 0.47421875 0.0375 0.0265625
0 0.934375 0.47421875 0.05 0.02421875
0 0.934375 0.44765625 0.0421875 0.02578125
0 0.9734375 0.44453125 0.025 0.021875
0 0.884375 0.47890625 0.0453125 0.04140625
0 0.8265625 0.478125 0.046875 0.0421875
0 0.778125 0.48046875 0.04609375 0.03984375
0 0.3671875 0.4890625 0.05234375 0.03984375
0 0.52734375 0.6171875 0.05625 0.03125
0 0.07265625 0.61484375 0.10703125 0.01640625
0 0.19140625 0.58125 0.03671875 0.06484375
0 0.36484375 0.80078125 0.02890625 0.05625
0 0.40703125 0.80390625 0.04765625 0.04140625
0 0.45859375 0.8 0.03671875 0.040625
0 0.4984375 0.7796875 0.0390625 0.0578125
0 0.553125 0.78515625 0.0390625 0.0546875
0 0.5890625 0.7828125 0.0328125 0.046875
0 0.62890625 0.78046875 0.03671875 0.0515625
0 0.1484375 0.58203125 0.040625 0.07109375
0 0.6859375 0.78046875 0.06796875 0.05625
0 0.809375 0.77890625 0.04296875 0.0375
0 0.87265625 0.778125 0.05390625 0.0328125
0 0.925 0.76796875 0.04296875 0.0484375
0 0.9734375 0.76953125 0.04375 0.0515625
0 0.0484375 0.703125 0.078125 0.01015625
0 0.05234375 0.7171875 0.08515625 0.01171875
0 0.15546875 0.7109375 0.10546875 0.01328125
0 0.7578125 0.7796875 0.05078125 0.0359375
0 0.70078125 0.48125 0.0328125 0.0421875