0 0.7375 0.64765625 0.03359375 0.05
0 0.76875 0.6359375 0.02890625 0.053125
0 0.7984375 0.63125 0.02578125 0.04921875
0 0.9 0.6015625 0.03515625 0.04140625
0 0.865625 0.6125 0.0296875 0.0421875
0 0.7078125 0.6546875 0.02578125 0.0515625
0 0.9296875 0.59765625 0.01796875 0.034375
0 0.9625 0.6328125 0.040625 0.03359375
0 0.8328125 0.6203125 0.03359375 0.05078125
0 0.67734375 0.6640625 0.0328125 0.0546875
0 0.73671875 0.69609375 0.028125 0.0453125
0 0.6359375 0.72421875 0.04140625 0.0453125
0 0.67734375 0.71640625 0.03359375 0.0453125
0 0.7078125 0.7046875 0.0234375 0.046875
0 0.7703125 0.6890625 0.03125 0.05
0 0.80234375 0.6796875 0.02890625 0.04453125
0 0.834375 0.6671875 0.02890625 0.04140625
0 0.90078125 0.6421875 0.0359375 0.03671875
0 0.96484375 0.59921875 0.03515625 0.0265625
0 0.865625 0.6546875 0.0296875 0.04140625
0 0.6375 0.6734375 0.04140625 0.053125
0 0.95 0.69296875 0.053125 0.0671875
0 0.5328125 0.50234375 0.0484375 0.11171875
0 0.86484375 0.725 0.03671875 0.0703125
0 0.928125 0.6359375 0.0203125 0.0375
0 0.9625 0.084375 0.01328125 0.1
0 0.125 0.953125 0.1078125 0.078125
0 0.22265625 0.96875 0.0578125 0.0625
0 0.2828125 0.9453125 0.05234375 0.05625
0 0.33125 0.91875 0.03984375 0.059375
0 0.3375 0.965625 0.03828125 0.03125
0 0.2875 0.9875 0.0515625 0.02421875
0 0.3828125 0.91640625 0.04765625 0.08828125
0 0.90390625 0.709375 0.0359375 0.0640625
0 0.434375 0.896875 0.05078125 0.08984375
0 0.52421875 0.8625 0.04609375 0.09140625
0 0.57109375 0.840625 0.05 0.08984375
0 0.6171875 0.82578125 0.03671875 0.0921875
0 0.65390625 0.80625 0.0328125 0.0828125
0 0.684375 0.7953125 0.02734375 0.084375
0 0.7109375 0.78125 0.02734375 0.078125
0 0.7484375 0.7703125 0.0375 0.08515625
0 0.78828125 0.75625 0.03984375 0.0734375
0 0.82734375 0.7390625 0.03671875 0.0703125
0 0.48125 0.87890625 0.0390625 0.084375
0 0.59140625 0.69765625 0.0375 0.0640625
0 0.53203125 0.69765625 0.04765625 0.0515625
0 0.4828125 0.7375 0.04140625 0.0578125
0 0.64921875 0.2734375 0.04453125 0.03515625
0 0.71015625 0.28671875 0.06328125 0.05625
0 0.771875 0.2859375 0.05546875 0.05859375
0 0.82890625 0.2828125 0.059375 0.0515625
0 0.9203125 0.284375 0.07421875 0.0484375
0 0.984375 0.3375 0.03046875 0.05
0 0.6015625 0.27578125 0.0390625 0.040625
0 0.95625 0.36171875 0.01484375 0.04453125
0 0.9046875 0.365625 0.0171875 0.0453125
0 0.88671875 0.3671875 0.01640625 0.0484375
0 0.8671875 0.38125 0.01953125 0.021875
0 0.83828125 0.38515625 0.03359375 0.0203125
0 0.8078125 0.3875 0.02109375 0.02265625
0 0.778125 0.39296875 0.01796875 0.02265625
0 0.934375 0.3625 0.025 0.0453125
0 0.55 0.27578125 0.0390625 0.04296875
0 0.50625 0.2796875 0.03828125 0.09296875
0 0.459375 0.2796875 0.0546875 0.09375
0 0.62578125 0.1796875 0.04140625 0.071875
0 0.57734375 0.17578125 0.05234375 0.08125
0 0.49609375 0.1578125 0.10546875 0.109375
0 0.415625 0.159375 0.04609375 0.096875
0 0.353125 0.1546875 0.07421875 0.10546875
0 0.28125 0.15234375 0.028125 0.103125
0 0.22890625 0.14296875 0.07109375 0.12265625
0 0.153125 0.1375 0.07421875 0.1234375
0 0.06796875 0.1296875 0.08984375 0.1359375
0 0.08828125 0.27890625 0.08984375 0.121875
0 0.165625 0.28359375 0.05703125 0.1109375
0 0.2296875 0.28046875 0.06484375 0.1078125
0 0.29140625 0.28046875 0.053125 0.10625
0 0.353125 0.28125 0.05234375 0.10078125
0 0.40703125 0.28203125 0.04921875 0.096875
0 0.76015625 0.39375 0.0125 0.02265625
0 0.74296875 0.39375 0.0203125 0.025
0 0.8546875 0.3546875 0.021875 0.03046875
0 0.8296875 0.35859375 0.0234375 0.03125
0 0.86328125 0.4515625 0.01953125 0.078125
0 0.840625 0.475 0.02578125 0.0375
0 0.815625 0.4796875 0.0234375 0.0375
0 0.79140625 0.4859375 0.021875 0.03984375
0 0.76640625 0.48828125 0.02578125 0.0421875
0 0.840625 0.43515625 0.021875 0.0421875
0 0.81640625 0.43671875 0.0203125 0.04375
0 0.79375 0.4421875 0.02421875 0.04296875
0 0.76640625 0.4453125 0.02734375 0.040625
0 0.740625 0.48203125 0.025 0.065625
0 0.67578125 0.484375 0.01875 0.065625
0 0.70703125 0.4890625 0.0375 0.075
0 0.653125 0.4984375 0.02734375 0.07421875
0 0.6203125 0.50234375 0.03046875 0.0734375
0 0.58125 0.49296875 0.04375 0.10625
0 0.8890625 0.446875 0.02265625 0.0796875
0 0.67578125 0.18125 0.053125 0.07890625
0 0.91484375 0.44375 0.02421875 0.07734375
0 0.109375 0.4203125 0.0765625 0.1078125
0 0.80234375 0.3578125 0.02265625 0.03203125
0 0.7671875 0.3625 0.02109375 0.0375
0 0.740625 0.3625 0.02109375 0.03203125
0 0.70234375 0.384375 0.05390625 0.05546875
0 0.64765625 0.3890625 0.05 0.05625
0 0.59140625 0.39453125 0.06015625 0.06328125
0 0.5390625 0.39296875 0.03984375 0.06875
0 0.49609375 0.39921875 0.040625 0.07421875
0 0.44921875 0.4015625 0.04453125 0.0765625
0 0.39921875 0.40546875 0.040625 0.0796875
0 0.35859375 0.4109375 0.03984375 0.075
0 0.31640625 0.41484375 0.040625 0.07578125
0 0.2734375 0.4171875 0.04609375 0.0796875
0 0.22578125 0.425 0.03984375 0.08671875
0 0.17890625 0.42734375 0.0484375 0.084375
0 0.93984375 0.43984375 0.02578125 0.0765625
0 0.478125 0.51640625 0.0578125 0.1046875
0 0.7390625 0.1625 0.06328125 0.075
0 0.771875 0.21171875 0.0296875 0.01875
0 0.70390625 0.5859375 0.0265625 0.06015625
0 0.73125 0.571875 0.02734375 0.07734375
0 0.7578125 0.5671875 0.02578125 0.078125
0 0.784375 0.55859375 0.02109375 0.084375
0 0.80703125 0.55390625 0.02265625 0.075
0 0.8296875 0.5484375 0.0203125 0.08203125
0 0.6765625 0.5953125 0.0234375 0.0609375
0 0.853125 0.54453125 0.0265625 0.0734375
0 0.9 0.534375 0.01796875 0.06640625
0 0.91953125 0.53046875 0.015625 0.0703125
0 0.93984375 0.5234375 0.02265625 0.0625
0 0.97578125 0.5234375 0.046875 0.0375
0 0.97109375 0.5640625 0.03671875 0.0359375
0 0.978125 0.4109375 0.04375 0.04375
0 0.8796875 0.5375 0.02109375 0.0765625
0 0.54453125 0.60390625 0.03046875 0.0625
0 0.640625 0.5953125 0.03984375 0.078125
0 0.5890625 0.6046875 0.05859375 0.0828125
0 0.4796875 0.70078125 0.03515625 0.0171875
0 0.4359375 0.715625 0.0421875 0.03125
0 0.4359375 0.7765625 0.0453125 0.08828125
0 0.38515625 0.78984375 0.05 0.10234375
0 0.32890625 0.8140625 0.04921875 0.1
0 0.27578125 0.83125 0.05234375 0.1046875
0 0.21640625 0.8515625 0.05859375 0.109375
0 0.11953125 0.84765625 0.1125 0.09375
0 0.0984375 0.74921875 0.11640625 0.096875
0 0.19609375 0.709375 0.07421875 0.0890625
0 0.26875 0.6875 0.07265625 0.096875
0 0.3359375 0.671875 0.05859375 0.0875
0 0.39140625 0.65625 0.0546875 0.0828125
0 0.4453125 0.64140625 0.05078125 0.0890625
0 0.50078125 0.6125 0.05546875 0.0703125
0 0.984375 0.4578125 0.03046875 0.028125
0 0.06875 0.5546875 0.09609375 0.096875
0 0.0765625 0.64765625 0.08828125 0.0875
0 0.18203125 0.5765625 0.071875 0.096875
0 0.6515625 0.06953125 0.0453125 0.05234375
0 0.58984375 0.01640625 0.0609375 0.03125
0 0.590625 0.03984375 0.06328125 0.01484375
0 0.5921875 0.06796875 0.06640625 0.0390625
0 0.47578125 0.03984375 0.16171875 0.0765625
0 0.9125 0.21171875 0.02578125 0.0296875
0 0.940625 0.2140625 0.03046875 0.03125
0 0.975 0.2140625 0.03359375 0.0296875
0 0.97734375 0.18515625 0.0328125 0.028125
0 0.94609375 0.184375 0.02890625 0.0265625
0 0.91484375 0.1796875 0.03046875 0.03359375
0 0.878125 0.2109375 0.0390625 0.0265625
0 0.87734375 0.18046875 0.040625 0.0328125
0 0.83046875 0.20625 0.04921875 0.0328125
0 0.796875 0.20703125 0.01875 0.0265625
0 0.640625 0.0234375 0.02578125 0.0375
0 0.72890625 0.22421875 0.04921875 0.0453125
0 0.67578125 0.0140625 0.03515625 0.01953125
0 0.68515625 0.08046875 0.01640625 0.03828125
0 0.24921875 0.57109375 0.05703125 0.1
0 0.3109375 0.546875 0.05703125 0.115625
0 0.3640625 0.5375 0.0484375 0.11875
0 0.4203125 0.528125 0.05859375 0.1046875
0 0.94765625 0.0796875 0.01796875 0.1
0 0.9265625 0.0796875 0.01953125 0.10078125
0 0.90234375 0.078125 0.02265625 0.1
0 0.87890625 0.07265625 0.01484375 0.1015625
0 0.8609375 0.06796875 0.0171875 0.1046875
0 0.83046875 0.065625 0.03828125 0.1015625
0 0.7546875 0.01796875 0.10390625 0.0328125
0 0.71875 0.0484375 0.04921875 0.0203125
0 0.77578125 0.053125 0.06171875 0.02734375
0 0.77421875 0.0890625 0.05625 0.04296875
0 0.72109375 0.0796875 0.05078125 0.025
0 0.67421875 0.034375 0.03828125 0.0140625
0 0.978125 0.0859375 0.0109375 0.0984375