0 0.30078125 0.30390625 0.05078125 0.0796875
0 0.15859375 0.3046875 0.05390625 0.07890625
0 0.76328125 0.30625 0.075 0.07734375
0 0.20859375 0.30390625 0.04375 0.0796875
0 0.253125 0.303125 0.04140625 0.08046875
0 0.1078125 0.303125 0.04765625 0.0734375
0 0.35 0.30234375 0.03359375 0.08203125
0 0.59140625 0.2953125 0.04296875 0.10078125
0 0.44765625 0.3015625 0.046875 0.08515625
0 0.49765625 0.29453125 0.0484375 0.10078125
0 0.5453125 0.2953125 0.04140625 0.09765625
0 0.64375 0.3109375 0.05078125 0.071875
0 0.69609375 0.3109375 0.0546875 0.07265625
0 0.0515625 0.3078125 0.0640625 0.0625
0 0.3953125 0.3046875 0.053125 0.07890625
0 0.9125 0.19140625 0.1484375 0.10859375
0 0.20234375 0.1671875 0.04921875 0.10234375
0 0.77265625 0.18203125 0.04453125 0.084375
0 0.01640625 0.17265625 0.0328125 0.0765625
0 0.05703125 0.17265625 0.0375 0.084375
0 0.103125 0.16484375 0.053125 0.09375
0 0.153125 0.16953125 0.046875 0.1015625
0 0.24765625 0.16875 0.03984375 0.103125
0 0.29609375 0.16953125 0.04921875 0.103125
0 0.34609375 0.171875 0.05 0.10390625
0 0.396875 0.175 0.05078125 0.0921875
0 0.4515625 0.17890625 0.04140625 0.08828125
0 0.5015625 0.17578125 0.0453125 0.090625
0 0.54921875 0.178125 0.0453125 0.09296875
0 0.59609375 0.18359375 0.04140625 0.08359375
0 0.63984375 0.184375 0.04296875 0.0921875
0 0.69140625 0.18359375 0.0453125 0.08125
0 0.7296875 0.1859375 0.03125 0.078125
0 0.8125 0.18046875 0.03359375 0.07578125
0 0.8296875 0.3078125 0.05390625 0.07890625
0 0.52265625 0.4328125 0.0390625 0.0328125
0 0.0375 0.4171875 0.03125 0.05625
0 0.7890625 0.6046875 0.0640625 0.0765625
0 0.734375 0.61171875 0.03984375 0.07578125
0 0.68984375 0.6125 0.046875 0.07421875
0 0.625 0.60234375 0.0625 0.096875
0 0.5640625 0.590625 0.06328125 0.08828125
0 0.503125 0.6078125 0.04765625 0.08046875
0 0.453125 0.6046875 0.04765625 0.0703125
0 0.4015625 0.6 0.05078125 0.0890625
0 0.84375 0.609375 0.0390625 0.0875
0 0.33359375 0.621875 0.078125 0.04453125
0 0.21796875 0.6 0.0515625 0.0828125
0 0.1796875 0.6046875 0.02421875 0.0828125
0 0.13203125 0.60390625 0.04921875 0.0734375
0 0.08984375 0.60390625 0.0375 0.0734375
0 0.04453125 0.61328125 0.046875 0.0515625
0 0.8046875 0.48515625 0.04296875 0.0375
0 0.803125 0.5203125 0.03984375 0.02890625
0 0.76796875 0.52578125 0.0265625 0.01875
0 0.26953125 0.6046875 0.0453125 0.0796875
0 0.9109375 0.63046875 0.0828125 0.07578125
0 0.06875 0.7078125 0.09375 0.08359375
0 0.15390625 0.73984375 0.0734375 0.03203125
0 0.9359375 0.3375 0.1140625 0.11953125
0 0.7890625 0.8328125 0.16484375 0.0859375
0 0.63046875 0.83359375 0.12421875 0.1015625
0 0.4921875 0.828125 0.1359375 0.09296875
0 0.33984375 0.8265625 0.1484375 0.0890625
0 0.19453125 0.82265625 0.1265625 0.08828125
0 0.0828125 0.825 0.084375 0.0984375
0 0.8703125 0.7265625 0.06328125 0.08359375
0 0.80078125 0.73203125 0.05859375 0.078125
0 0.7234375 0.721875 0.08125 0.071875
0 0.63359375 0.7203125 0.06953125 0.09296875
0 0.55859375 0.74453125 0.0578125 0.02265625
0 0.484375 0.74375 0.0609375 0.0328125
0 0.49375 0.6984375 0.06328125 0.0390625
0 0.403125 0.715625 0.07265625 0.0828125
0 0.31484375 0.725 0.09296875 0.08046875
0 0.23125 0.73984375 0.05078125 0.02890625
0 0.23125 0.70078125 0.05546875 0.04296875
0 0.16015625 0.7 0.0671875 0.04453125
0 0.76875 0.50703125 0.025 0.0140625
0 0.765625 0.4890625 0.02734375 0.01875
0 0.55859375 0.70234375 0.0578125 0.0515625
0 0.73828125 0.52734375 0.0203125 0.01875
0 0.92109375 0.47734375 0.1265625 0.10625
0 0.8109375 0.409375 0.05546875 0.0734375
0 0.7625 0.409375 0.03046875 0.07734375
0 0.72734375 0.41484375 0.0359375 0.06484375
0 0.690625 0.41875 0.034375 0.0578125
0 0.64921875 0.421875 0.03359375 0.0453125
0 0.61171875 0.42578125 0.03515625 0.05078125
0 0.5671875 0.4234375 0.0421875 0.04765625
0 0.478125 0.4328125 0.04140625 0.0265625
0 0.434375 0.4328125 0.0390625 0.0265625
0 0.4765625 0.4015625 0.03828125 0.02421875
0 0.44296875 0.4015625 0.028125 0.021875
0 0.29921875 0.415625 0.05234375 0.06171875
0 0.24140625 0.41484375 0.0609375 0.0640625
0 0.1796875 0.40234375 0.03828125 0.0765625
0 0.146875 0.40078125 0.03046875 0.08515625
0 0.11015625 0.4 0.03515625 0.0890625
0 0.73828125 0.50859375 0.01796875 0.0140625
0 0.07265625 0.4015625 0.034375 0.08984375
0 0.02890625 0.4859375 0.0296875 0.02265625
0 0.02734375 0.5140625 0.03984375 0.021875
0 0.35625 0.415625 0.05078125 0.0578125
0 0.1484375 0.51015625 0.0671875 0.0375
0 0.70625 0.5109375 0.034375 0.0109375
0 0.7078125 0.5265625 0.0359375 0.0171875
0 0.0796875 0.5109375 0.0546875 0.0296875
0 0.709375 0.49609375 0.025 0.01328125
0 0.71328125 0.48046875 0.0375 0.01328125
0 0.65859375 0.515625 0.0421875 0.02890625
0 0.61640625 0.51875 0.03046875 0.02734375
0 0.61796875 0.4890625 0.02890625 0.0265625
0 0.584375 0.49765625 0.03359375 0.06328125
0 0.528125 0.49765625 0.06328125 0.06796875
0 0.6671875 0.4921875 0.02578125 0.01640625
0 0.421875 0.49921875 0.0296875 0.0609375
0 0.20078125 0.50625 0.01796875 0.0421875
0 0.371875 0.5078125 0.04375 0.0375
0 0.3140625 0.5140625 0.05234375 0.03046875
0 0.31015625 0.478125 0.05 0.0328125
0 0.2484375 0.48515625 0.0328125 0.01953125
0 0.46640625 0.496875 0.05546875 0.06796875
0 0.225 0.5140625 0.0328125 0.0234375
0 0.2671875 0.5125 0.040625 0.02421875