0 0.62265625 0.58125 0.0140625 0.0546875
0 0.50703125 0.39921875 0.046875 0.03125
0 0.10703125 0.1890625 0.0421875 0.03203125
0 0.884375 0.1609375 0.0484375 0.02578125
0 0.8875 0.1953125 0.040625 0.0265625
0 0.9375 0.19453125 0.040625 0.0328125
0 0.865625 0.11640625 0.05 0.028125
0 0.10234375 0.25703125 0.09453125 0.01875
0 0.0875 0.2921875 0.08828125 0.03203125
0 0.1765625 0.2875 0.0796875 0.0421875
0 0.23828125 0.2734375 0.040625 0.075
0 0.28671875 0.2921875 0.05078125 0.040625
0 0.34609375 0.26484375 0.04453125 0.0390625
0 0.34453125 0.3 0.04453125 0.02421875
0 0.403125 0.27890625 0.03125 0.078125
0 0.8234375 0.16015625 0.04921875 0.03203125
0 0.45078125 0.275 0.04921875 0.0734375
0 0.50859375 0.30078125 0.0421875 0.02734375
0 0.55546875 0.2828125 0.03359375 0.07265625
0 0.5953125 0.2828125 0.04140625 0.0671875
0 0.64765625 0.2671875 0.0484375 0.03203125
0 0.65078125 0.303125 0.0390625 0.0234375
0 0.73828125 0.26484375 0.04375 0.034375
0 0.7390625 0.30078125 0.0453125 0.021875
0 0.79453125 0.24765625 0.05078125 0.02578125
0 0.79453125 0.27734375 0.0546875 0.02734375
0 0.7 0.36953125 0.04296875 0.034375
0 0.6640625 0.371875 0.03046875 0.0328125
0 0.615625 0.40234375 0.053125 0.03671875
0 0.5015625 0.26015625 0.05390625 0.04609375
0 0.0609375 0.1890625 0.0359375 0.0359375
0 0.8296875 0.1953125 0.04375 0.03046875
0 0.71328125 0.19453125 0.05078125 0.02890625
0 0.103125 0.1546875 0.04765625 0.03046875
0 0.16640625 0.15234375 0.05 0.03046875
0 0.16640625 0.18515625 0.04609375 0.0328125
0 0.22109375 0.15625 0.05 0.0296875
0 0.2265625 0.1875 0.040625 0.02421875
0 0.28046875 0.15234375 0.04765625 0.0296875
0 0.28046875 0.1203125 0.04765625 0.0328125
0 0.696875 0.40625 0.03828125 0.028125
0 0.66171875 0.40546875 0.0296875 0.02890625
0 0.7765625 0.3703125 0.03359375 0.03828125
0 0.73828125 0.371875 0.034375 0.03671875
0 0.3375 0.12109375 0.04765625 0.03125
0 0.7765625 0.19453125 0.05703125 0.03046875
0 0.33828125 0.15390625 0.0515625 0.0296875
0 0.39765625 0.16796875 0.03828125 0.07421875
0 0.4546875 0.16875 0.028125 0.07890625
0 0.49921875 0.17578125 0.040625 0.06015625
0 0.5625 0.403125 0.0515625 0.0359375
0 0.55078125 0.1578125 0.0515625 0.03359375
0 0.61328125 0.159375 0.0515625 0.025
0 0.58203125 0.13046875 0.05859375 0.01640625
0 0.54921875 0.19140625 0.0546875 0.03046875
0 0.60546875 0.19140625 0.046875 0.02734375
0 0.67109375 0.1578125 0.053125 0.0328125
0 0.728125 0.1578125 0.04296875 0.034375
0 0.65546875 0.19375 0.05078125 0.03203125
0 0.28046875 0.1890625 0.05234375 0.028125
0 0.340625 0.1875 0.053125 0.034375
0 0.68671875 0.57265625 0.04609375 0.075
0 0.46328125 0.37734375 0.0296875 0.08046875
0 0.603125 0.475 0.046875 0.08203125
0 0.65078125 0.4828125 0.04140625 0.021875
0 0.653125 0.50703125 0.05 0.01953125
0 0.7 0.50859375 0.04296875 0.0171875
0 0.70546875 0.48515625 0.03203125 0.02734375
0 0.7515625 0.4859375 0.046875 0.0203125
0 0.75 0.50703125 0.0421875 0.0109375
0 0.74375 0.459375 0.0546875 0.01796875
0 0.79140625 0.49296875 0.02578125 0.05703125
0 0.81953125 0.496875 0.025 0.04375
0 0.84609375 0.4953125 0.02421875 0.0390625
0 0.88671875 0.4859375 0.0390625 0.021875
0 0.8859375 0.5078125 0.0390625 0.02109375
0 0.9328125 0.51015625 0.04375 0.01484375
0 0.9328125 0.4921875 0.04609375 0.02734375
0 0.92890625 0.46015625 0.03671875 0.01953125
0 0.86171875 0.45625 0.0515625 0.0203125
0 0.97890625 0.4953125 0.04140625 0.0546875
0 0.11328125 0.58671875 0.0359375 0.04765625
0 0.15390625 0.5796875 0.034375 0.05859375
0 0.19765625 0.58125 0.03671875 0.05625
0 0.29765625 0.5828125 0.0390625 0.0546875
0 0.34296875 0.5890625 0.03828125 0.03671875
0 0.384375 0.5890625 0.0390625 0.03984375
0 0.42578125 0.5765625 0.04140625 0.05703125
0 0.4640625 0.5796875 0.03125 0.0625
0 0.51015625 0.57734375 0.0375 0.06015625
0 0.5625 0.47578125 0.03203125 0.07734375
0 0.54921875 0.57890625 0.034375 0.06015625
0 0.5296875 0.4734375 0.03359375 0.0734375
0 0.41328125 0.48046875 0.04140625 0.07421875
0 0.50703125 0.3640625 0.0453125 0.03671875
0 0.56484375 0.36484375 0.046875 0.03671875
0 0.12109375 0.5 0.10390625 0.03046875
0 0.03671875 0.48203125 0.06328125 0.0640625
0 0.87734375 0.35625 0.0296875 0.0234375
0 0.9453125 0.40703125 0.04140625 0.01640625
0 0.4234375 0.3765625 0.04296875 0.07734375
0 0.38203125 0.3796875 0.0359375 0.0859375
0 0.33828125 0.3734375 0.04375 0.0828125
0 0.2953125 0.37578125 0.034375 0.08046875
0 0.24921875 0.378125 0.025 0.07734375
0 0.18359375 0.40703125 0.08203125 0.00859375
0 0.18125 0.3859375 0.084375 0.028125
0 0.10859375 0.3875 0.04453125 0.05546875
0 0.0609375 0.3875 0.03125 0.0640625
0 0.96953125 0.284375 0.0609375 0.0625
0 0.91015625 0.3078125 0.046875 0.01796875
0 0.9109375 0.28046875 0.04765625 0.03046875
0 0.85546875 0.29765625 0.0625 0.034375
0 0.8546875 0.26875 0.0484375 0.0203125
0 0.853125 0.2421875 0.053125 0.028125
0 0.79375 0.303125 0.0546875 0.0234375
0 0.12421875 0.46171875 0.0859375 0.03359375
0 0.209375 0.4859375 0.040625 0.0578125
0 0.2546875 0.4765625 0.040625 0.07734375
0 0.30625 0.4828125 0.046875 0.0703125
0 0.3625 0.4828125 0.053125 0.0703125
0 0.48046875 0.48046875 0.04609375 0.0734375
0 0.59453125 0.58125 0.04296875 0.0640625
0 0.96484375 0.78203125 0.03203125 0.0421875
0 0.89296875 0.78828125 0.07109375 0.034375
0 0.515625 0.66328125 0.0296875 0.0671875
0 0.48203125 0.66171875 0.0296875 0.0671875
0 0.446875 0.66953125 0.040625 0.06328125
0 0.4046875 0.665625 0.0421875 0.0578125
0 0.35703125 0.665625 0.03359375 0.059375
0 0.31640625 0.6640625 0.04921875 0.06015625
0 0.26796875 0.6640625 0.0328125 0.0609375
0 0.23125 0.66171875 0.03515625 0.0640625
0 0.171875 0.671875 0.0609375 0.0453125
0 0.11171875 0.66953125 0.0359375 0.06015625
0 0.03984375 0.67265625 0.06484375 0.05625
0 0.96875 0.59921875 0.05390625 0.0578125
0 0.91875 0.5828125 0.03515625 0.04921875
0 0.884375 0.58125 0.03359375 0.0625
0 0.94921875 0.3828125 0.04296875 0.02421875
0 0.896875 0.40625 0.046875 0.01953125
0 0.89453125 0.3828125 0.04921875 0.0234375
0 0.8375 0.40625 0.04453125 0.02578125
0 0.834375 0.38359375 0.0453125 0.02109375
0 0.83515625 0.3578125 0.05546875 0.02578125
0 0.7265625 0.34375 0.0390625 0.0109375
0 0.66796875 0.34375 0.0421875 0.01640625
0 0.77109375 0.40703125 0.0328125 0.02734375
0 0.73671875 0.4078125 0.03125 0.0265625
0 0.8421875 0.57890625 0.04609375 0.06015625
0 0.79375 0.57734375 0.0390625 0.06796875
0 0.7453125 0.57265625 0.0515625 0.0703125
0 0.54921875 0.6671875 0.025 0.06015625
0 0.57421875 0.66796875 0.021875 0.0609375
0 0.615625 0.66484375 0.04375 0.0671875
0 0.65625 0.6671875 0.028125 0.0671875
0 0.890625 0.75 0.084375 0.040625
0 0.80390625 0.74609375 0.07890625 0.04453125
0 0.80234375 0.7890625 0.0765625 0.03828125
0 0.73203125 0.7890625 0.053125 0.053125
0 0.6515625 0.78671875 0.0671875 0.0453125
0 0.5703125 0.7578125 0.0671875 0.0203125
0 0.578125 0.79296875 0.06875 0.028125
0 0.49375 0.79296875 0.08203125 0.02890625
0 0.49375 0.7609375 0.0765625 0.02578125
0 0.49765625 0.7328125 0.07421875 0.0234375
0 0.40546875 0.72734375 0.06796875 0.0203125
0 0.40234375 0.75859375 0.0765625 0.03046875
0 0.4 0.79765625 0.090625 0.03203125
0 0.64921875 0.5859375 0.02265625 0.05234375
0 0.31953125 0.79296875 0.06953125 0.02578125
0 0.23046875 0.7953125 0.06640625 0.0203125
0 0.23125 0.76015625 0.06484375 0.03515625
0 0.14296875 0.7953125 0.0640625 0.0265625
0 0.13203125 0.76796875 0.08125 0.02734375
0 0.1375 0.7359375 0.09296875 0.025
0 0.03515625 0.75625 0.0421875 0.0828125
0 0.9828125 0.6921875 0.034375 0.0515625
0 0.94765625 0.68984375 0.0265625 0.06171875
0 0.88671875 0.66640625 0.05390625 0.0640625
0 0.8421875 0.66640625 0.03203125 0.06875
0 0.7875 0.66484375 0.06640625 0.0640625
0 0.73359375 0.66640625 0.034375 0.065625
0 0.69375 0.6671875 0.04140625 0.06484375
0 0.31484375 0.7546875 0.07421875 0.03515625
0 0.24609375 0.5796875 0.0515625 0.05625
0 0.6171875 0.3625 0.04609375 0.03515625