0 0.0328125 0.51796875 0.04453125 0.07578125
0 0.159375 0.521875 0.10625 0.0921875
0 0.81796875 0.36015625 0.01953125 0.08203125
0 0.84375 0.359375 0.0296875 0.07890625
0 0.26171875 0.51484375 0.090625 0.1015625
0 0.3546875 0.50234375 0.08984375 0.084375
0 0.43671875 0.496875 0.07109375 0.0890625
0 0.51640625 0.48359375 0.07890625 0.07421875
0 0.58515625 0.48046875 0.053125 0.0796875
0 0.646875 0.4703125 0.0671875 0.06640625
0 0.70390625 0.46640625 0.04609375 0.06953125
0 0.7625 0.45703125 0.05625 0.05859375
0 0.8171875 0.45390625 0.04375 0.059375
0 0.078125 0.515625 0.04140625 0.0796875
0 0.79375 0.3609375 0.0265625 0.0796875
0 0.50703125 0.36875 0.046875 0.1046875
0 0.17109375 0.378125 0.0609375 0.12265625
0 0.5515625 0.3703125 0.03515625 0.09921875
0 0.58828125 0.365625 0.03984375 0.09296875
0 0.6265625 0.365625 0.034375 0.0953125
0 0.6625 0.3625 0.0328125 0.0921875
0 0.696875 0.36328125 0.03125 0.08984375
0 0.72890625 0.36171875 0.0296875 0.08515625
0 0.76328125 0.3625 0.03359375 0.08359375
0 0.37734375 0.37265625 0.04609375 0.109375
0 0.46328125 0.375 0.03125 0.09296875
0 0.97890625 0.3546875 0.03203125 0.07265625
0 0.9453125 0.3578125 0.03046875 0.07421875
0 0.90859375 0.35546875 0.03828125 0.071875
0 0.871875 0.3578125 0.0265625 0.0765625
0 0.865625 0.4484375 0.0484375 0.05390625
0 0.33203125 0.37578125 0.04296875 0.1140625
0 0.28203125 0.3734375 0.04921875 0.11171875
0 0.228125 0.3796875 0.05234375 0.11796875
0 0.42421875 0.37109375 0.0453125 0.11015625
0 0.91640625 0.4421875 0.046875 0.05546875
0 0.08828125 0.61171875 0.0296875 0.0734375
0 0.98203125 0.5078125 0.03515625 0.0546875
0 0.75390625 0.6125 0.05625 0.05625
0 0.815625 0.59765625 0.06171875 0.03828125
0 0.87890625 0.5828125 0.053125 0.040625
0 0.93046875 0.575 0.04140625 0.0515625
0 0.978125 0.56953125 0.04375 0.05
0 0.98125 0.61484375 0.0375 0.0421875
0 0.93671875 0.62734375 0.04296875 0.04375
0 0.68515625 0.62578125 0.06875 0.046875
0 0.88515625 0.640625 0.0484375 0.0515625
0 0.75703125 0.67421875 0.0671875 0.0609375
0 0.68984375 0.68828125 0.06015625 0.059375
0 0.6140625 0.7140625 0.0671875 0.0546875
0 0.52578125 0.73203125 0.07734375 0.06640625
0 0.43828125 0.7625 0.08671875 0.08203125
0 0.32890625 0.79765625 0.1046875 0.065625
0 0.196875 0.82578125 0.1375 0.0921875
0 0.821875 0.65078125 0.04765625 0.05390625
0 0.60625 0.64921875 0.0671875 0.06328125
0 0.52890625 0.65859375 0.07421875 0.05703125
0 0.428125 0.6859375 0.10625 0.05078125
0 0.934375 0.51171875 0.0484375 0.05
0 0.88515625 0.51640625 0.04921875 0.06015625
0 0.8265625 0.52890625 0.059375 0.06328125
0 0.7609375 0.54140625 0.06015625 0.06796875
0 0.69921875 0.55390625 0.0484375 0.06796875
0 0.64296875 0.5625 0.06328125 0.07265625
0 0.58046875 0.575 0.0578125 0.0765625
0 0.5046875 0.58515625 0.0671875 0.07578125
0 0.434375 0.596875 0.06484375 0.0859375
0 0.3578125 0.60625 0.075 0.090625
0 0.26875 0.6265625 0.0953125 0.09921875
0 0.16484375 0.64296875 0.09921875 0.10625
0 0.01640625 0.61953125 0.0328125 0.0765625
0 0.053125 0.6203125 0.0328125 0.075
0 0.1078125 0.38125 0.059375 0.13046875
0 0.19453125 0.740625 0.140625 0.059375
0 0.31171875 0.72265625 0.08984375 0.0828125
0 0.96328125 0.44140625 0.04296875 0.05078125
0 0.0375 0.40546875 0.075 0.0796875
0 0.5046875 0.25625 0.02265625 0.0890625
0 0.94765625 0.26875 0.04375 0.07421875
0 0.24921875 0.103125 0.03828125 0.10234375
0 0.28515625 0.10859375 0.03203125 0.0921875
0 0.3203125 0.1109375 0.03203125 0.09609375
0 0.353125 0.11796875 0.034375 0.08828125
0 0.38671875 0.1203125 0.028125 0.09609375
0 0.415625 0.12578125 0.02890625 0.09375
0 0.44609375 0.1265625 0.0234375 0.09375
0 0.47265625 0.13203125 0.02890625 0.08828125
0 0.49921875 0.134375 0.01953125 0.09140625
0 0.5203125 0.13828125 0.02578125 0.08359375
0 0.54921875 0.14140625 0.021875 0.08359375
0 0.57109375 0.14765625 0.0171875 0.071875
0 0.5953125 0.15078125 0.028125 0.078125
0 0.6234375 0.1546875 0.02421875 0.07578125
0 0.64609375 0.15546875 0.021875 0.06953125
0 0.21484375 0.1015625 0.03046875 0.096875
0 0.17734375 0.0921875 0.04140625 0.10546875
0 0.1328125 0.09140625 0.04140625 0.10078125
0 0.0890625 0.08359375 0.04375 0.10625
0 0.59609375 0.04609375 0.02265625 0.07734375
0 0.6234375 0.05 0.03203125 0.071875
0 0.66875 0.0625 0.025 0.07578125
0 0.6984375 0.065625 0.02578125 0.07109375
0 0.75234375 0.07578125 0.03671875 0.07734375
0 0.7984375 0.0890625 0.02109375 0.0609375
0 0.81640625 0.0890625 0.01015625 0.0703125
0 0.66875 0.15859375 0.0203125 0.065625
0 0.8296875 0.09609375 0.0125 0.05859375
0 0.86328125 0.0921875 0.03515625 0.06875
0 0.90078125 0.10390625 0.0203125 0.06640625
0 0.92265625 0.1125 0.01875 0.05703125
0 0.9421875 0.1140625 0.02109375 0.0625
0 0.96875 0.1171875 0.025 0.05625
0 0.015625 0.078125 0.03046875 0.10390625
0 0.0484375 0.08125 0.03515625 0.10078125
0 0.840625 0.0953125 0.01015625 0.065625
0 0.69296875 0.1609375 0.02890625 0.071875
0 0.71796875 0.165625 0.01640625 0.06328125
0 0.73515625 0.165625 0.0203125 0.06796875
0 0.453125 0.2546875 0.02578125 0.08984375
0 0.48046875 0.2546875 0.02265625 0.09296875
0 0.528125 0.25625 0.02109375 0.0875
0 0.553125 0.25703125 0.021875 0.08828125
0 0.578125 0.2578125 0.01875 0.08671875
0 0.60234375 0.2578125 0.0234375 0.08203125
0 0.62421875 0.259375 0.02265625 0.08515625
0 0.43046875 0.25234375 0.0171875 0.09375
0 0.64765625 0.26015625 0.01875 0.08046875
0 0.68671875 0.26015625 0.015625 0.08046875
0 0.70703125 0.26171875 0.01953125 0.0796875
0 0.7390625 0.25859375 0.04296875 0.08828125
0 0.78359375 0.26171875 0.04140625 0.08203125
0 0.82890625 0.2609375 0.04375 0.08359375
0 0.86796875 0.2640625 0.03515625 0.07734375
0 0.90390625 0.265625 0.034375 0.08125
0 0.665625 0.26015625 0.01875 0.078125
0 0.98359375 0.26953125 0.02109375 0.07421875
0 0.40234375 0.2515625 0.034375 0.0953125
0 0.33828125 0.24921875 0.0359375 0.10078125
0 0.753125 0.16796875 0.01328125 0.0640625
0 0.7734375 0.17109375 0.02109375 0.0671875
0 0.796875 0.175 0.0203125 0.059375
0 0.81640625 0.17578125 0.01875 0.06328125
0 0.83203125 0.17734375 0.01328125 0.0578125
0 0.865625 0.1828125 0.01171875 0.059375
0 0.88203125 0.184375 0.01484375 0.05703125
0 0.37109375 0.25078125 0.02578125 0.09375
0 0.90234375 0.1859375 0.01796875 0.05703125
0 0.04140625 0.2125 0.0828125 0.10078125
0 0.10859375 0.2359375 0.0375 0.1171875
0 0.1515625 0.23984375 0.04296875 0.10703125
0 0.19375 0.23984375 0.03671875 0.11015625
0 0.2328125 0.24453125 0.040625 0.1046875
0 0.2703125 0.24453125 0.03125 0.10703125
0 0.303125 0.2484375 0.028125 0.096875
0 0.98828125 0.19296875 0.0234375 0.05546875
0 0.85 0.18203125 0.01640625 0.05546875