0 0.90859375 0.75859375 0.03984375 0.0640625
0 0.95078125 0.75859375 0.04453125 0.0625
0 0.02265625 0.8578125 0.04453125 0.1203125
0 0.07265625 0.859375 0.05234375 0.1203125
0 0.1171875 0.8671875 0.03203125 0.1015625
0 0.8546875 0.765625 0.06015625 0.05
0 0.7953125 0.76640625 0.05703125 0.0484375
0 0.16484375 0.334375 0.1015625 0.0625
0 0.075 0.33359375 0.0765625 0.0640625
0 0.90625 0.21171875 0.04140625 0.071875
0 0.86171875 0.21171875 0.0453125 0.078125
0 0.79453125 0.2125 0.0890625 0.0765625
0 0.70859375 0.2125 0.08125 0.0703125
0 0.61875 0.2171875 0.08515625 0.07421875
0 0.53671875 0.21015625 0.07890625 0.071875
0 0.44453125 0.215625 0.0828125 0.071875
0 0.14140625 0.75546875 0.07421875 0.04609375
0 0.21015625 0.75625 0.05625 0.0484375
0 0.271875 0.7546875 0.06796875 0.0546875
0 0.33671875 0.7578125 0.06171875 0.0609375
0 0.40078125 0.7578125 0.06796875 0.0609375
0 0.46484375 0.75859375 0.06328125 0.0578125
0 0.53046875 0.74375 0.06328125 0.028125
0 0.53125 0.77265625 0.06484375 0.03125
0 0.60078125 0.75 0.06875 0.025
0 0.603125 0.7765625 0.06640625 0.0265625
0 0.67265625 0.765625 0.06953125 0.05859375
0 0.73828125 0.76640625 0.05546875 0.0453125
0 0.15078125 0.875 0.0375 0.096875
0 0.190625 0.86953125 0.03984375 0.1078125
0 0.3203125 0.8734375 0.0390625 0.09765625
0 0.9484375 0.8890625 0.0671875 0.0890625
0 0.3625 0.8703125 0.04453125 0.103125
0 0.409375 0.871875 0.05234375 0.10859375
0 0.4609375 0.8734375 0.0453125 0.10234375
0 0.509375 0.875 0.05390625 0.10625
0 0.56328125 0.87109375 0.05234375 0.096875
0 0.61875 0.87890625 0.0578125 0.09453125
0 0.67890625 0.88203125 0.06171875 0.0875
0 0.3609375 0.2171875 0.08515625 0.07265625
0 0.27265625 0.21640625 0.09140625 0.0734375
0 0.17890625 0.21796875 0.10078125 0.071875
0 0.07578125 0.2203125 0.1015625 0.071875
0 0.97421875 0.0546875 0.04921875 0.1046875
0 0.91875 0.059375 0.05703125 0.096875
0 0.8421875 0.07734375 0.0953125 0.0734375
0 0.77421875 0.07578125 0.0375 0.0796875
0 0.72890625 0.0734375 0.05078125 0.08359375
0 0.6609375 0.07421875 0.08984375 0.0765625
0 0.59140625 0.07578125 0.04609375 0.08359375
0 0.521875 0.07734375 0.0890625 0.08125
0 0.43359375 0.075 0.08671875 0.0796875
0 0.334375 0.0734375 0.1109375 0.0828125
0 0.2640625 0.334375 0.09453125 0.06171875
0 0.22734375 0.07578125 0.1046875 0.0859375
0 0.2796875 0.871875 0.03984375 0.09375
0 0.73515625 0.88125 0.05234375 0.0890625
0 0.7828125 0.8921875 0.03515625 0.0796875
0 0.82109375 0.88984375 0.03515625 0.084375
0 0.859375 0.8921875 0.03984375 0.08828125
0 0.896875 0.890625 0.0390625 0.0875
0 0.2359375 0.86875 0.0484375 0.10625
0 0.36171875 0.33515625 0.09453125 0.05859375
0 0.97734375 0.4359375 0.04453125 0.10703125
0 0.47578125 0.3296875 0.04921875 0.07734375
0 0.6078125 0.6671875 0.05234375 0.0765625
0 0.5546875 0.66640625 0.05546875 0.075
0 0.5015625 0.6703125 0.05078125 0.0671875
0 0.4484375 0.66953125 0.0546875 0.06640625
0 0.384375 0.665625 0.07265625 0.07890625
0 0.321875 0.6640625 0.05234375 0.0765625
0 0.27421875 0.66328125 0.04921875 0.078125
0 0.21171875 0.65546875 0.053125 0.028125
0 0.2140625 0.684375 0.0578125 0.02734375
0 0.1578125 0.6734375 0.0578125 0.04765625
0 0.10703125 0.6703125 0.04140625 0.05625
0 0.053125 0.6578125 0.0640625 0.08125
0 0.96875 0.54296875 0.05859375 0.046875
0 0.96953125 0.58203125 0.05859375 0.028125
0 0.89921875 0.55859375 0.08046875 0.0734375
0 0.825 0.5609375 0.0703125 0.0703125
0 0.75625 0.5609375 0.065625 0.0703125
0 0.68828125 0.55859375 0.07109375 0.078125
0 0.61953125 0.56328125 0.06328125 0.06875
0 0.56015625 0.5640625 0.05625 0.06875
0 0.11875 0.0796875 0.10859375 0.078125
0 0.5078125 0.559375 0.05078125 0.0796875
0 0.45703125 0.55625 0.05078125 0.08046875
0 0.41171875 0.553125 0.03984375 0.08671875
0 0.37265625 0.553125 0.03828125 0.08671875
0 0.3296875 0.553125 0.04453125 0.0890625
0 0.26875 0.55234375 0.07578125 0.0921875
0 0.190625 0.55390625 0.0796875 0.0875
0 0.12734375 0.55859375 0.04296875 0.084375
0 0.65625 0.66875 0.04296875 0.071875
0 0.4296875 0.32890625 0.03984375 0.078125
0 0.69765625 0.671875 0.03046875 0.0640625
0 0.79921875 0.6734375 0.04609375 0.065625
0 0.52578125 0.3328125 0.05078125 0.075
0 0.57578125 0.3203125 0.04140625 0.090625
0 0.6203125 0.32421875 0.0484375 0.08828125
0 0.67265625 0.32890625 0.05625 0.078125
0 0.72265625 0.3265625 0.04453125 0.078125
0 0.771875 0.3203125 0.05234375 0.08984375
0 0.81875 0.31875 0.0421875 0.0875
0 0.96875 0.325 0.05078125 0.075
0 0.0328125 0.44453125 0.05546875 0.0984375
0 0.0890625 0.4421875 0.05546875 0.103125
0 0.14375 0.4390625 0.05390625 0.0984375
0 0.2015625 0.4390625 0.06171875 0.09765625
0 0.26875 0.440625 0.07265625 0.1015625
0 0.334375 0.440625 0.05703125 0.1015625
0 0.3921875 0.44296875 0.05703125 0.09765625
0 0.44765625 0.440625 0.0625 0.09375
0 0.5046875 0.44140625 0.0546875 0.09375
0 0.5609375 0.4421875 0.05859375 0.0921875
0 0.62265625 0.44140625 0.06171875 0.0953125
0 0.6796875 0.4390625 0.05703125 0.1
0 0.7390625 0.4390625 0.05390625 0.0953125
0 0.79765625 0.4375 0.06171875 0.09765625
0 0.859375 0.4375 0.06015625 0.1015625
0 0.92265625 0.4359375 0.06640625 0.10625
0 0.025 0.5546875 0.0484375 0.090625
0 0.0796875 0.55703125 0.05078125 0.090625
0 0.9703125 0.6640625 0.059375 0.090625
0 0.91328125 0.6734375 0.05546875 0.078125
0 0.85390625 0.6703125 0.06171875 0.07265625
0 0.7421875 0.67109375 0.06015625 0.065625
0 0.0328125 0.07734375 0.06328125 0.090625