0 0.7984375 0.6671875 0.08046875 0.08671875
0 0.4296875 0.71640625 0.04453125 0.0546875
0 0.37890625 0.7 0.0453125 0.0515625
0 0.428125 0.6546875 0.0453125 0.05703125
0 0.478125 0.66953125 0.04296875 0.06484375
0 0.53671875 0.60625 0.1234375 0.0515625
0 0.41171875 0.571875 0.1 0.0640625
0 0.78828125 0.55078125 0.184375 0.08828125
0 0.80078125 0.4609375 0.19921875 0.08125
0 0.68359375 0.63828125 0.1296875 0.05703125
0 0.5296875 0.67734375 0.04921875 0.0578125
0 0.37421875 0.6390625 0.04609375 0.05625
0 0.5296875 0.74765625 0.05 0.06640625
0 0.5828125 0.69296875 0.053125 0.06328125
0 0.58359375 0.76953125 0.05234375 0.06875
0 0.67734375 0.72265625 0.11484375 0.0421875
0 0.67265625 0.79296875 0.10859375 0.08203125
0 0.80625 0.76875 0.1046875 0.07734375
0 0.80703125 0.85 0.1125 0.06796875
0 0.4609375 0.80859375 0.05 0.075
0 0.51796875 0.83515625 0.0390625 0.065625
0 0.61640625 0.88125 0.13515625 0.046875
0 0.78203125 0.94296875 0.16796875 0.06015625
0 0.6125 0.53046875 0.1421875 0.08203125
0 0.47890625 0.73359375 0.04140625 0.05390625
0 0.61171875 0.44921875 0.15546875 0.06796875
0 0.85546875 0.35390625 0.040625 0.09609375
0 0.4625 0.50703125 0.03671875 0.06171875
0 0.5640625 0.25703125 0.04609375 0.05234375
0 0.51328125 0.26015625 0.04296875 0.05234375
0 0.471875 0.26328125 0.028125 0.046875
0 0.44375 0.26640625 0.01640625 0.04765625
0 0.421875 0.26875 0.015625 0.04765625
0 0.371875 0.26953125 0.04140625 0.04921875
0 0.8578125 0.09140625 0.04609375 0.10859375
0 0.80078125 0.1 0.04765625 0.11171875
0 0.75703125 0.1078125 0.0328125 0.10234375
0 0.66796875 0.26015625 0.02421875 0.03671875
0 0.71328125 0.11484375 0.0375 0.10234375
0 0.63671875 0.128125 0.025 0.1
0 0.51015625 0.5125 0.04296875 0.0625
0 0.56796875 0.13984375 0.0234375 0.09296875
0 0.5375 0.14375 0.02734375 0.08828125
0 0.50234375 0.1515625 0.02734375 0.0875
0 0.4640625 0.1640625 0.01875 0.07265625
0 0.44296875 0.165625 0.02109375 0.0703125
0 0.41328125 0.17109375 0.01875 0.06875
0 0.390625 0.17578125 0.0203125 0.065625
0 0.67421875 0.121875 0.02578125 0.1015625
0 0.70625 0.2578125 0.0265625 0.0390625
0 0.60234375 0.134375 0.028125 0.096875
0 0.35625 0.35 0.015625 0.06796875
0 0.33203125 0.35 0.021875 0.06640625
0 0.50546875 0.4453125 0.046875 0.05859375
0 0.46015625 0.44296875 0.03828125 0.0671875
0 0.4140625 0.5 0.040625 0.05390625
0 0.36875 0.49296875 0.03828125 0.0625
0 0.80390625 0.35390625 0.03515625 0.0953125
0 0.75703125 0.3515625 0.040625 0.0921875
0 0.71640625 0.35625 0.0296875 0.0921875
0 0.6796875 0.353125 0.03046875 0.08984375
0 0.41171875 0.4359375 0.04140625 0.05859375
0 0.60625 0.35234375 0.03046875 0.08671875
0 0.57265625 0.353125 0.02421875 0.0875
0 0.54296875 0.353125 0.025 0.084375
0 0.5125 0.3546875 0.02109375 0.0859375
0 0.48203125 0.34921875 0.0265625 0.07890625
0 0.45546875 0.35234375 0.02578125 0.08359375
0 0.42734375 0.3546875 0.0234375 0.08046875
0 0.40390625 0.34921875 0.0171875 0.07265625
0 0.640625 0.35390625 0.0328125 0.09140625
0 0.38046875 0.35078125 0.02109375 0.07109375