0 0.48671875 0.17265625 0.0234375 0.14453125
0 0.2984375 0.4671875 0.01484375 0.10703125
0 0.31796875 0.47421875 0.02421875 0.11171875
0 0.340625 0.4765625 0.0203125 0.10859375
0 0.3609375 0.4796875 0.0203125 0.10546875
0 0.38125 0.48359375 0.01796875 0.11015625
0 0.40078125 0.48828125 0.015625 0.11796875
0 0.45859375 0.178125 0.0265625 0.14296875
0 0.27890625 0.21640625 0.015625 0.1125
0 0.4328125 0.1828125 0.02109375 0.13515625
0 0.37734375 0.21015625 0.0203125 0.1
0 0.3546875 0.21328125 0.0171875 0.09609375
0 0.33671875 0.2171875 0.0171875 0.0984375
0 0.315625 0.2109375 0.021875 0.11484375
0 0.2953125 0.2125 0.0140625 0.1140625
0 0.2640625 0.21953125 0.0125 0.10546875
0 0.39453125 0.20859375 0.0109375 0.10078125
0 0.828125 0.040625 0.021875 0.07421875
0 0.215625 0.22890625 0.021875 0.09921875
0 0.11328125 0.25078125 0.0109375 0.07734375
0 0.13203125 0.24453125 0.015625 0.08671875
0 0.1375 0.3421875 0.01015625 0.08046875
0 0.14921875 0.34296875 0.0109375 0.08359375
0 0.1765625 0.3421875 0.0140625 0.08671875
0 0.1609375 0.3421875 0.01328125 0.08203125
0 0.17578125 0.2390625 0.0140625 0.0890625
0 0.159375 0.23984375 0.01328125 0.08515625
0 0.19296875 0.2359375 0.01875 0.090625
0 0.20625 0.371875 0.0390625 0.08671875
0 0.25 0.34375 0.0296875 0.10234375
0 0.3140625 0.34140625 0.015625 0.10703125
0 0.2921875 0.3421875 0.02265625 0.0984375
0 0.3390625 0.37109375 0.0265625 0.05859375
0 0.3625 0.35859375 0.0171875 0.08359375
0 0.39375 0.35859375 0.040625 0.08671875
0 0.24140625 0.22578125 0.021875 0.1015625
0 0.4109375 0.18984375 0.0203125 0.13125
0 0.8546875 0.16015625 0.025 0.0921875
0 0.78828125 0.17109375 0.021875 0.08671875
0 0.2625 0.4625 0.01484375 0.1
0 0.45546875 0.5203125 0.03671875 0.08125
0 0.15625 0.53359375 0.01171875 0.08125
0 0.14375 0.53046875 0.0078125 0.0796875
0 0.1234375 0.5203125 0.0140625 0.06953125
0 0.12890625 0.4359375 0.009375 0.0765625
0 0.14140625 0.43828125 0.009375 0.07734375
0 0.15859375 0.44140625 0.0203125 0.07890625
0 0.2109375 0.43203125 0.0359375 0.02734375
0 0.21015625 0.48203125 0.03359375 0.06171875
0 0.49921875 0.5296875 0.04140625 0.09140625
0 0.55 0.540625 0.046875 0.09296875
0 0.52109375 0.45078125 0.0515625 0.04765625
0 0.4234375 0.49375 0.02421875 0.11953125
0 0.7609375 0.14765625 0.0265625 0.1390625
0 0.73828125 0.15078125 0.01953125 0.128125
0 0.71875 0.153125 0.0140625 0.13046875
0 0.8625 0.03046875 0.02578125 0.05859375
0 0.66953125 0.58125 0.0671875 0.08828125
0 0.28046875 0.46484375 0.01875 0.10546875
0 0.6046875 0.56875 0.05 0.07265625
0 0.8328125 0.61640625 0.07890625 0.08203125
0 0.24375 0.46015625 0.01875 0.0953125
0 0.5171875 0.16796875 0.0359375 0.14609375
0 0.575 0.15859375 0.03203125 0.153125
0 0.471875 0.34765625 0.028125 0.11328125
0 0.434375 0.35625 0.025 0.0953125
0 0.8234375 0.159375 0.0265625 0.0984375
0 0.5953125 0.34921875 0.053125 0.13671875
0 0.546875 0.3421875 0.03359375 0.12734375
0 0.696875 0.3546875 0.06328125 0.11171875
0 0.89296875 0.3078125 0.053125 0.06171875
0 0.81875 0.31015625 0.07265625 0.0640625
0 0.87265625 0.38828125 0.06875 0.08046875
0 0.78828125 0.38828125 0.0828125 0.08046875
0 0.62734375 0.16171875 0.0390625 0.13828125
0 0.6828125 0.15390625 0.0375 0.13828125
0 0.7890625 0.51484375 0.0640625 0.07578125
0 0.86875 0.525 0.0828125 0.071875
0 0.7484375 0.59921875 0.07109375 0.08671875
0 0.50859375 0.34140625 0.0375 0.11796875
0 0.115625 0.3421875 0.0140625 0.07578125
0 0.1828125 0.5453125 0.01875 0.07578125
0 0.0921875 0.58984375 0.009375 0.06953125
0 0.1140625 0.60078125 0.0140625 0.07578125
0 0.13046875 0.60703125 0.0140625 0.07421875
0 0.1453125 0.61640625 0.0125 0.07578125
0 0.159375 0.62265625 0.0109375 0.0796875
0 0.1671875 0.540625 0.009375 0.0796875
0 0.1046875 0.68515625 0.0125 0.07734375
0 0.1171875 0.69140625 0.01015625 0.07890625
0 0.13046875 0.70078125 0.0125 0.08671875
0 0.1453125 0.71171875 0.0125 0.08984375
0 0.090625 0.67265625 0.0140625 0.07578125
0 0.0546875 0.6484375 0.00859375 0.06640625
0 0.06640625 0.65390625 0.009375 0.07109375
0 0.07734375 0.66328125 0.009375 0.08046875
0 0.17265625 0.63203125 0.0125 0.08203125
0 0.10234375 0.59296875 0.0078125 0.07578125
0 0.1875 0.64296875 0.0125 0.08828125
0 0.08046875 0.5828125 0.0109375 0.071875
0 0.0515625 0.56875 0.0125 0.06796875
0 0.16953125 0.73359375 0.01171875 0.090625
0 0.1859375 0.74765625 0.01953125 0.0921875
0 0.20703125 0.75859375 0.0203125 0.09765625
0 0.22578125 0.775 0.0140625 0.1046875
0 0.2421875 0.7859375 0.01953125 0.10390625
0 0.2625 0.79765625 0.01953125 0.1125
0 0.28359375 0.8125 0.0203125 0.11171875
0 0.30390625 0.82734375 0.01796875 0.11796875
0 0.328125 0.8453125 0.02421875 0.12109375
0 0.35546875 0.8640625 0.028125 0.12421875
0 0.3890625 0.88828125 0.0296875 0.134375
0 0.44296875 0.93828125 0.0265625 0.11328125
0 0.4171875 0.92109375 0.01875 0.10859375
0 0.51640625 0.95390625 0.0328125 0.0921875
0 0.47890625 0.94375 0.0234375 0.1125
0 0.065625 0.57265625 0.01328125 0.06796875
0 0.20390625 0.6484375 0.015625 0.0859375
0 0.15703125 0.721875 0.0109375 0.0921875
0 0.23984375 0.66953125 0.01953125 0.09921875
0 0.40234375 0.6203125 0.01875 0.11484375
0 0.42578125 0.6265625 0.0171875 0.11640625
0 0.4546875 0.64296875 0.02109375 0.10859375
0 0.4875 0.65 0.0328125 0.11640625
0 0.6421875 0.87734375 0.053125 0.15859375
0 0.12734375 0.340625 0.00859375 0.0765625
0 0.528125 0.665625 0.03125 0.11796875
0 0.22109375 0.65703125 0.0140625 0.09296875
0 0.5671875 0.68359375 0.03671875 0.13046875
0 0.7171875 0.89765625 0.04375 0.14765625
0 0.77421875 0.92265625 0.04375 0.14296875
0 0.8296875 0.94765625 0.0453125 0.10390625
0 0.83125 0.77109375 0.0578125 0.16171875
0 0.7703125 0.7515625 0.05 0.15390625
0 0.71328125 0.7375 0.04375 0.13984375
0 0.38203125 0.61328125 0.0140625 0.10859375
0 0.359375 0.6046875 0.0203125 0.1109375
0 0.33671875 0.596875 0.0171875 0.09921875
0 0.30859375 0.58671875 0.02890625 0.09609375
0 0.2625 0.67890625 0.0203125 0.09765625
0 0.284375 0.68984375 0.02109375 0.103125
0 0.10703125 0.5140625 0.009375 0.06796875
0 0.30625 0.70390625 0.0203125 0.10546875
0 0.33125 0.715625 0.02734375 0.1125
0 0.3578125 0.728125 0.0203125 0.115625
0 0.659375 0.71953125 0.040625 0.13828125
0 0.38515625 0.74140625 0.03125 0.11640625
0 0.428125 0.75703125 0.0421875 0.11640625
0 0.4859375 0.7921875 0.03515625 0.1359375
0 0.528125 0.815625 0.0375 0.14140625
0 0.57890625 0.8421875 0.0390625 0.14296875
0 0.1359375 0.52734375 0.009375 0.07890625
0 0.265625 0.571875 0.01484375 0.09453125
0 0.2828125 0.578125 0.0171875 0.09453125
0 0.2484375 0.56640625 0.01171875 0.0921875
0 0.60859375 0.6984375 0.03515625 0.13671875