0 0.1578125 0.453125 0.15390625 0.053125
0 0.94609375 0.93046875 0.10703125 0.0171875
0 0.5859375 0.92578125 0.12421875 0.0203125
0 0.58671875 0.9046875 0.1265625 0.0171875
0 0.5875 0.884375 0.12421875 0.0203125
0 0.45703125 0.925 0.12734375 0.0171875
0 0.45859375 0.9046875 0.125 0.0203125
0 0.46015625 0.884375 0.12734375 0.0203125
0 0.32265625 0.92421875 0.140625 0.0203125
0 0.3234375 0.903125 0.14296875 0.0203125
0 0.3234375 0.87734375 0.1421875 0.025
0 0.175 0.9265625 0.15078125 0.02109375
0 0.71484375 0.8890625 0.12265625 0.01640625
0 0.17421875 0.903125 0.14921875 0.01953125
0 0.90625 0.8296875 0.10078125 0.01875
0 0.9078125 0.809375 0.10234375 0.01953125
0 0.9109375 0.7875 0.10078125 0.0171875
0 0.78125 0.83046875 0.1296875 0.0203125
0 0.78359375 0.80703125 0.13046875 0.01875
0 0.2875 0.5640625 0.13828125 0.01953125
0 0.4390625 0.509375 0.14921875 0.0203125
0 0.7875 0.78671875 0.12890625 0.015625
0 0.64765625 0.82890625 0.13359375 0.0234375
0 0.64921875 0.80625 0.13203125 0.0203125
0 0.17421875 0.87890625 0.14921875 0.025
0 0.65234375 0.78515625 0.13125 0.01875
0 0.7125 0.9078125 0.12421875 0.01640625
0 0.83515625 0.8890625 0.11328125 0.0203125
0 0.45234375 0.44296875 0.12890625 0.021875
0 0.45703125 0.46875 0.13828125 0.025
0 0.58671875 0.42265625 0.13125 0.01875
0 0.58984375 0.44453125 0.13671875 0.01875
0 0.59609375 0.47109375 0.13359375 0.0265625
0 0.7421875 0.4203125 0.1484375 0.02578125
0 0.7421875 0.44609375 0.1484375 0.0203125
0 0.7421875 0.47109375 0.14453125 0.0265625
0 0.8796875 0.421875 0.11796875 0.02421875
0 0.875 0.446875 0.1140625 0.0203125
0 0.71171875 0.92734375 0.12421875 0.0171875
0 0.875 0.47265625 0.11015625 0.0265625
0 0.1484375 0.54140625 0.13515625 0.0203125
0 0.14765625 0.56484375 0.1375 0.0203125
0 0.31171875 0.41796875 0.13984375 0.021875
0 0.2875 0.51484375 0.1390625 0.021875
0 0.2875 0.540625 0.13828125 0.025
0 0.43359375 0.5625 0.15078125 0.028125
0 0.94609375 0.91328125 0.1078125 0.0171875
0 0.946875 0.89296875 0.10625 0.0203125
0 0.83203125 0.92734375 0.11171875 0.0203125
0 0.83515625 0.9078125 0.11328125 0.01484375
0 0.1484375 0.51484375 0.12734375 0.025
0 0.45234375 0.41796875 0.1328125 0.025
0 0.5109375 0.82734375 0.12734375 0.0203125
0 0.51953125 0.784375 0.13203125 0.021875
0 0.72578125 0.6375 0.12421875 0.01875
0 0.725 0.61796875 0.12890625 0.015625
0 0.6015625 0.65703125 0.12109375 0.02734375
0 0.46171875 0.65859375 0.1515625 0.0265625
0 0.4609375 0.63203125 0.14921875 0.02421875
0 0.46171875 0.60390625 0.1515625 0.028125
0 0.31796875 0.659375 0.13125 0.02109375
0 0.31796875 0.6328125 0.13203125 0.02578125
0 0.1828125 0.6578125 0.13671875 0.021875
0 0.18125 0.6359375 0.1328125 0.01796875
0 0.7296875 0.659375 0.12421875 0.021875
0 0.1828125 0.6125 0.13984375 0.0265625
0 0.05625 0.63125 0.1125 0.021875
0 0.0546875 0.609375 0.10546875 0.0203125
0 0.8640625 0.56640625 0.1203125 0.0296875
0 0.85390625 0.53984375 0.11875 0.01875
0 0.84609375 0.51875 0.10234375 0.0171875
0 0.7203125 0.55234375 0.13515625 0.0390625
0 0.7234375 0.51875 0.13984375 0.0234375
0 0.58125 0.56640625 0.13671875 0.0203125
0 0.58046875 0.5421875 0.13515625 0.0234375
0 0.58203125 0.51484375 0.12578125 0.025
0 0.05703125 0.6578125 0.1140625 0.02421875
0 0.51640625 0.80625 0.12890625 0.01875
0 0.85859375 0.6578125 0.1234375 0.0234375
0 0.15546875 0.70078125 0.11640625 0.01875
0 0.36953125 0.828125 0.15 0.021875
0 0.3734375 0.79921875 0.14921875 0.03125
0 0.20625 0.83125 0.14921875 0.02578125
0 0.20546875 0.80234375 0.15234375 0.0265625
0 0.06015625 0.83359375 0.1203125 0.0203125
0 0.059375 0.81171875 0.11796875 0.0203125
0 0.840625 0.7484375 0.13203125 0.021875
0 0.840625 0.72578125 0.12421875 0.0203125
0 0.84140625 0.703125 0.12734375 0.02109375
0 0.7046875 0.74765625 0.1328125 0.0203125
0 0.065625 0.7515625 0.05546875 0.0828125
0 0.70625 0.72265625 0.13671875 0.025
0 0.565625 0.7234375 0.13046875 0.01953125
0 0.5640625 0.69921875 0.12734375 0.021875
0 0.42421875 0.74609375 0.14453125 0.0234375
0 0.42421875 0.71953125 0.14765625 0.025
0 0.4234375 0.696875 0.14296875 0.0171875
0 0.28359375 0.746875 0.13046875 0.01875
0 0.28359375 0.725 0.13046875 0.0203125
0 0.28125 0.70234375 0.13046875 0.021875
0 0.15625 0.746875 0.11328125 0.0203125
0 0.15546875 0.7234375 0.11640625 0.0203125
0 0.5703125 0.746875 0.13203125 0.02265625
0 0.31015625 0.45625 0.14609375 0.04765625
0 0.434375 0.5328125 0.14765625 0.0234375
0 0.153125 0.2375 0.17578125 0.0359375
0 0.69453125 0.159375 0.16015625 0.02890625
0 0.53671875 0.24375 0.14140625 0.0234375
0 0.53359375 0.21796875 0.14296875 0.0265625
0 0.5375 0.19296875 0.1390625 0.0234375
0 0.4296875 0.2078125 0.0328125 0.05625
0 0.325 0.240625 0.14609375 0.0296875
0 0.31953125 0.20546875 0.15625 0.0328125
0 0.03515625 0.2453125 0.06171875 0.08125
0 0.028125 0.153125 0.05 0.0953125
0 0.87578125 0.11171875 0.16171875 0.0328125
0 0.69296875 0.190625 0.16171875 0.025
0 0.8734375 0.0765625 0.1578125 0.03125
0 0.7125 0.0828125 0.1484375 0.025
0 0.7140625 0.05390625 0.1515625 0.028125
0 0.57265625 0.1078125 0.12734375 0.025
0 0.571875 0.0796875 0.1296875 0.025
0 0.571875 0.05234375 0.1296875 0.025
0 0.4390625 0.10625 0.13671875 0.02734375
0 0.4359375 0.07890625 0.13046875 0.02421875
0 0.43828125 0.05 0.13046875 0.02890625
0 0.28203125 0.0640625 0.12734375 0.115625
0 0.13203125 0.09140625 0.14453125 0.0546875
0 0.71171875 0.1109375 0.14296875 0.02421875
0 0.69296875 0.21640625 0.16015625 0.0203125
0 0.4359375 0.24609375 0.0578125 0.01875
0 0.85703125 0.184375 0.15390625 0.02890625
0 0.14921875 0.41171875 0.14140625 0.021875
0 0.91875 0.346875 0.03125 0.0828125
0 0.8859375 0.34453125 0.03046875 0.0796875
0 0.85390625 0.34609375 0.028125 0.0828125
0 0.821875 0.3359375 0.03203125 0.09375
0 0.784375 0.3359375 0.034375 0.090625
0 0.74375 0.33828125 0.03828125 0.09453125
0 0.70859375 0.34375 0.03046875 0.0828125
0 0.690625 0.24375 0.15703125 0.0296875
0 0.63828125 0.33671875 0.03515625 0.0921875
0 0.59921875 0.3375 0.0328125 0.09296875
0 0.559375 0.3359375 0.0421875 0.096875
0 0.51796875 0.34375 0.03515625 0.0796875
0 0.67578125 0.34296875 0.03203125 0.08203125
0 0.484375 0.34140625 0.02734375 0.0828125
0 0.85703125 0.215625 0.15390625 0.0265625
0 0.096875 0.3328125 0.040625 0.0921875
0 0.13515625 0.3328125 0.03671875 0.0890625
0 0.18046875 0.3328125 0.03828125 0.0921875
0 0.853125 0.24765625 0.15390625 0.03125
0 0.31328125 0.3296875 0.0546875 0.10625
0 0.36015625 0.3734375 0.03359375 0.021875
0 0.41171875 0.33515625 0.03515625 0.0953125
0 0.45 0.3359375 0.0359375 0.090625