0 0.14921875 0.47734375 0.05078125 0.11953125
0 0.96171875 0.25625 0.06171875 0.13828125
0 0.88828125 0.3125 0.0765625 0.09375
0 0.81171875 0.31328125 0.078125 0.09375
0 0.73515625 0.31328125 0.07109375 0.0953125
0 0.66328125 0.3171875 0.07265625 0.096875
0 0.58359375 0.31796875 0.08671875 0.090625
0 0.65859375 0.7734375 0.05390625 0.0765625
0 0.36953125 0.75234375 0.07265625 0.1171875
0 0.29765625 0.753125 0.07265625 0.11953125
0 0.85234375 0.771875 0.07265625 0.075
0 0.234375 0.76015625 0.05234375 0.1078125
0 0.1875 0.7578125 0.03828125 0.1109375
0 0.14453125 0.759375 0.04921875 0.109375
0 0.1 0.75859375 0.03828125 0.10703125
0 0.05078125 0.7625 0.05859375 0.10390625
0 0.06953125 0.509375 0.06015625 0.0515625
0 0.92890625 0.59140625 0.0734375 0.128125
0 0.98203125 0.7421875 0.03515625 0.115625
0 0.78359375 0.77109375 0.06640625 0.07890625
0 0.9484375 0.74375 0.03203125 0.1125
0 0.9109375 0.74375 0.03984375 0.1125
0 0.71953125 0.775 0.06328125 0.07890625
0 0.2875 0.4828125 0.04921875 0.1046875
0 0.0171875 0.10625 0.034375 0.16875
0 0.21328125 0.6203125 0.03984375 0.10234375
0 0.2546875 0.61953125 0.04375 0.103125
0 0.31015625 0.58125 0.06875 0.0640625
0 0.01640625 0.62421875 0.0296875 0.1046875
0 0.36953125 0.61796875 0.03671875 0.1046875
0 0.4078125 0.61171875 0.0390625 0.11875
0 0.4625 0.61796875 0.0578125 0.10546875
0 0.525 0.63125 0.06796875 0.0796875
0 0.47890625 0.484375 0.03828125 0.090625
0 0.53203125 0.48671875 0.06953125 0.0859375
0 0.60546875 0.4875 0.0765625 0.0859375
0 0.7453125 0.4828125 0.07265625 0.08203125
0 0.81484375 0.48515625 0.06484375 0.08671875
0 0.98125 0.90078125 0.03671875 0.0796875
0 0.94375 0.9 0.0328125 0.084375
0 0.8765625 0.48203125 0.06015625 0.09375
0 0.93515625 0.42734375 0.05234375 0.134375
0 0.0625 0.6203125 0.05703125 0.11484375
0 0.43203125 0.48515625 0.05234375 0.0921875
0 0.38125 0.4640625 0.05 0.13515625
0 0.33359375 0.48359375 0.04453125 0.1046875
0 0.4375 0.7796875 0.05546875 0.078125
0 0.24375 0.484375 0.0390625 0.10546875
0 0.2 0.48671875 0.04921875 0.0953125
0 0.11015625 0.471875 0.02578125 0.1359375
0 0.06015625 0.10625 0.05546875 0.16953125
0 0.4953125 0.77734375 0.05625 0.0828125
0 0.19453125 0.8890625 0.034375 0.115625
0 0.02890625 0.8921875 0.05 0.103125
0 0.76171875 0.1171875 0.05546875 0.11875
0 0.70859375 0.11875 0.04921875 0.121875
0 0.65625 0.1203125 0.05703125 0.11953125
0 0.60625 0.12109375 0.0453125 0.1203125
0 0.559375 0.12265625 0.0484375 0.11640625
0 0.509375 0.1234375 0.04921875 0.11875
0 0.45703125 0.125 0.05546875 0.11640625
0 0.40703125 0.12578125 0.04453125 0.11875
0 0.62734375 0.8875 0.03046875 0.1125
0 0.3546875 0.12890625 0.05859375 0.1125
0 0.30703125 0.1296875 0.040625 0.1140625
0 0.81640625 0.115625 0.046875 0.1203125
0 0.60625 0.771875 0.05234375 0.078125
0 0.90703125 0.9 0.0421875 0.084375
0 0.86640625 0.8875 0.0328125 0.1109375
0 0.83125 0.88828125 0.03046875 0.1125
0 0.796875 0.89140625 0.03359375 0.1078125
0 0.7609375 0.8921875 0.03671875 0.1078125
0 0.7265625 0.89140625 0.0328125 0.1078125
0 0.68984375 0.890625 0.03359375 0.109375
0 0.65859375 0.89765625 0.02890625 0.09375
0 0.2078125 0.13046875 0.04296875 0.11796875
0 0.159375 0.1296875 0.0546875 0.11875
0 0.1078125 0.10546875 0.04140625 0.17265625
0 0.25703125 0.1296875 0.05546875 0.11484375
0 0.55234375 0.7765625 0.05546875 0.084375
0 0.8640625 0.11484375 0.0484375 0.1171875
0 0.96640625 0.07578125 0.05078125 0.13046875
0 0.071875 0.8921875 0.0359375 0.1046875
0 0.109375 0.909375 0.025 0.0640625
0 0.1328125 0.91328125 0.021875 0.06328125
0 0.16015625 0.8921875 0.03359375 0.10859375
0 0.2296875 0.88515625 0.0375 0.109375
0 0.2625 0.88671875 0.02734375 0.10546875
0 0.29453125 0.88828125 0.0375 0.109375
0 0.32734375 0.8890625 0.028125 0.109375
0 0.3640625 0.89140625 0.03984375 0.103125
0 0.4078125 0.8890625 0.0421875 0.11171875
0 0.45 0.89140625 0.0328125 0.1015625
0 0.9125 0.1140625 0.05078125 0.115625
0 0.4875 0.89375 0.03828125 0.09609375
0 0.5921875 0.890625 0.0359375 0.1078125
0 0.50859375 0.32109375 0.06484375 0.09375
0 0.43359375 0.31875 0.0828125 0.09609375
0 0.36015625 0.32109375 0.06953125 0.0953125
0 0.29765625 0.32109375 0.05859375 0.096875
0 0.2421875 0.31875 0.04609375 0.1
0 0.20078125 0.309375 0.040625 0.12421875
0 0.165625 0.32265625 0.0296875 0.10390625
0 0.12265625 0.30859375 0.05546875 0.13125
0 0.071875 0.309375 0.04609375 0.13125
0 0.0234375 0.3109375 0.046875 0.128125
0 0.52578125 0.890625 0.034375 0.0984375
0 0.5578125 0.88671875 0.03203125 0.1046875
0 0.1125 0.61953125 0.04296875 0.1140625
0 0.165625 0.6125 0.05234375 0.11484375