0 0.95234375 0.5828125 0.09453125 0.08046875
0 0.95078125 0.484375 0.0984375 0.0875
0 0.7453125 0.48984375 0.10546875 0.08125
0 0.84921875 0.4859375 0.096875 0.0796875
0 0.18984375 0.6890625 0.08671875 0.07265625
0 0.021875 0.403125 0.0390625 0.09140625
0 0.0703125 0.40234375 0.046875 0.0859375
0 0.16796875 0.396875 0.09140625 0.090625
0 0.2625 0.3953125 0.090625 0.09375
0 0.3546875 0.39609375 0.0921875 0.09296875
0 0.4359375 0.40546875 0.0671875 0.06875
0 0.50703125 0.40546875 0.0703125 0.065625
0 0.5703125 0.41328125 0.05234375 0.046875
0 0.62421875 0.4140625 0.05078125 0.046875
0 0.68203125 0.39453125 0.059375 0.07421875
0 0.73671875 0.39375 0.04765625 0.078125
0 0.78125 0.39375 0.0421875 0.08046875
0 0.86015625 0.3890625 0.1078125 0.08515625
0 0.9578125 0.38828125 0.084375 0.08359375
0 0.03046875 0.30078125 0.02578125 0.08046875
0 0.07109375 0.30078125 0.05 0.08203125
0 0.1546875 0.29453125 0.09375 0.090625
0 0.24375 0.29140625 0.08125 0.08984375
0 0.33125 0.29140625 0.0875 0.0875
0 0.40703125 0.3203125 0.0609375 0.03046875
0 0.47265625 0.31953125 0.06484375 0.02734375
0 0.40625 0.2859375 0.06171875 0.03515625
0 0.471875 0.284375 0.06640625 0.03671875
0 0.53359375 0.27890625 0.05 0.04296875
0 0.64921875 0.4921875 0.084375 0.0796875
0 0.58828125 0.2671875 0.05234375 0.0609375
0 0.5625 0.49296875 0.08359375 0.0796875
0 0.4171875 0.49609375 0.07109375 0.08203125
0 0.4875 0.59296875 0.0640625 0.071875
0 0.41953125 0.59375 0.06953125 0.07265625
0 0.3421875 0.5921875 0.08046875 0.08046875
0 0.2625 0.59296875 0.07578125 0.08046875
0 0.1796875 0.5953125 0.0828125 0.078125
0 0.11796875 0.59453125 0.03046875 0.075
0 0.08828125 0.5953125 0.02734375 0.075
0 0.0578125 0.59765625 0.03359375 0.078125
0 0.0203125 0.5984375 0.0375 0.075
0 0.97578125 0.67890625 0.0484375 0.078125
0 0.93125 0.67421875 0.03515625 0.0703125
0 0.8578125 0.67578125 0.1109375 0.08046875
0 0.74296875 0.675 0.1078125 0.07421875
0 0.64765625 0.67578125 0.084375 0.06875
0 0.5640625 0.67734375 0.0796875 0.07109375
0 0.48984375 0.68125 0.06640625 0.065625
0 0.42578125 0.68359375 0.06015625 0.065625
0 0.35703125 0.68359375 0.075 0.06796875
0 0.6421875 0.58515625 0.078125 0.075
0 0.7375 0.58515625 0.10078125 0.07578125
0 0.846875 0.58125 0.10859375 0.07265625
0 0.27578125 0.684375 0.08046875 0.06875
0 0.03984375 0.503125 0.03671875 0.0765625
0 0.08515625 0.503125 0.034375 0.07890625
0 0.16640625 0.49921875 0.09375 0.0828125
0 0.25546875 0.4984375 0.0765625 0.08671875
0 0.3375 0.49609375 0.08359375 0.08671875
0 0.4875 0.496875 0.06484375 0.0734375
0 0.5609375 0.5859375 0.08203125 0.071875
0 0.59453125 0.315625 0.05 0.03125
0 0.64921875 0.27890625 0.053125 0.0390625
0 0.1203125 0.68828125 0.0375 0.0765625
0 0.08125 0.6875 0.0375 0.0703125
0 0.04453125 0.68984375 0.03203125 0.07109375
0 0.95078125 0.765625 0.0859375 0.07578125
0 0.8546875 0.7609375 0.10234375 0.07265625
0 0.753125 0.7609375 0.09921875 0.06875
0 0.65546875 0.7640625 0.09453125 0.06875
0 0.559375 0.765625 0.09609375 0.06796875
0 0.47734375 0.7671875 0.06328125 0.06640625
0 0.4109375 0.7703125 0.065625 0.06484375
0 0.34140625 0.771875 0.0734375 0.0640625
0 0.2640625 0.775 0.07734375 0.06796875
0 0.0203125 0.78046875 0.03828125 0.06640625
0 0.184375 0.77578125 0.0765625 0.0703125
0 0.0640625 0.78125 0.0359375 0.0703125
0 0.9578125 0.853125 0.084375 0.07265625
0 0.8578125 0.8484375 0.096875 0.06640625
0 0.759375 0.85390625 0.0984375 0.0734375
0 0.65703125 0.85703125 0.10234375 0.0703125
0 0.5578125 0.859375 0.09609375 0.0703125
0 0.45703125 0.86171875 0.09609375 0.0640625
0 0.36484375 0.86171875 0.07890625 0.06875
0 0.28203125 0.865625 0.08203125 0.07265625
0 0.19609375 0.875 0.08828125 0.0828125
0 0.115625 0.87109375 0.046875 0.071875
0 0.0703125 0.8703125 0.03984375 0.071875
0 0.1140625 0.78046875 0.0515625 0.071875
0 0.53515625 0.31875 0.05078125 0.03203125
0 0.9671875 0.1671875 0.06484375 0.10703125
0 0.853125 0.18125 0.06328125 0.08515625
0 0.65078125 0.31484375 0.0578125 0.03203125
0 0.70859375 0.2890625 0.0578125 0.0796875
0 0.79140625 0.28671875 0.10546875 0.078125
0 0.9046875 0.28515625 0.11796875 0.0828125
0 0.03046875 0.18984375 0.03828125 0.09296875
0 0.07421875 0.18828125 0.04296875 0.09140625
0 0.14296875 0.1984375 0.05 0.0296875
0 0.19296875 0.19609375 0.046875 0.02578125
0 0.1953125 0.221875 0.04921875 0.02265625
0 0.1453125 0.225 0.04609375 0.02109375
0 0.2421875 0.17109375 0.05078125 0.02890625
0 0.24609375 0.1984375 0.05234375 0.025
0 0.9078125 0.1765625 0.046875 0.08203125
0 0.2484375 0.2234375 0.05234375 0.0203125
0 0.303125 0.21953125 0.040625 0.0265625
0 0.30078125 0.171875 0.0375 0.01875
0 0.34375 0.1515625 0.05 0.053125
0 0.39453125 0.14921875 0.04921875 0.05390625
0 0.45 0.14765625 0.0578125 0.05859375
0 0.453125 0.20625 0.05546875 0.05625
0 0.40078125 0.20546875 0.05234375 0.05546875
0 0.34921875 0.20625 0.05 0.05234375
0 0.52421875 0.1828125 0.08515625 0.09140625
0 0.615625 0.18359375 0.09140625 0.0875
0 0.69375 0.190625 0.05625 0.0671875
0 0.74375 0.18515625 0.0421875 0.0796875
0 0.79140625 0.178125 0.0546875 0.084375
0 0.3 0.19375 0.046875 0.0265625