0 0.05234375 0.2421875 0.08984375 0.0390625
0 0.259375 0.22734375 0.05390625 0.046875
0 0.35234375 0.16015625 0.0546875 0.04765625
0 0.4109375 0.15859375 0.06328125 0.04453125
0 0.46640625 0.1578125 0.046875 0.046875
0 0.1453125 0.27890625 0.07734375 0.03671875
0 0.3546875 0.10859375 0.046875 0.0484375
0 0.40859375 0.1078125 0.0578125 0.05
0 0.46328125 0.10859375 0.0484375 0.0515625
0 0.51171875 0.109375 0.04765625 0.04921875
0 0.303125 0.16328125 0.0453125 0.04453125
0 0.58359375 0.16328125 0.06953125 0.0390625
0 0.67421875 0.13984375 0.0859375 0.08046875
0 0.7546875 0.115625 0.075 0.0375
0 0.84140625 0.11328125 0.09609375 0.04375
0 0.928125 0.1125 0.0796875 0.04609375
0 0.76015625 0.159375 0.07734375 0.04609375
0 0.84140625 0.15546875 0.075 0.04140625
0 0.921875 0.15625 0.08359375 0.03984375
0 0.05859375 0.28046875 0.07421875 0.0359375
0 0.5796875 0.12734375 0.07890625 0.0328125
0 0.140625 0.24140625 0.08671875 0.0390625
0 0.28984375 0.1078125 0.04765625 0.0484375
0 0.24765625 0.1609375 0.0515625 0.04765625
0 0.2078125 0.228125 0.0484375 0.04609375
0 0.5234375 0.27421875 0.04296875 0.04609375
0 0.48046875 0.27421875 0.0453125 0.04609375
0 0.42578125 0.27421875 0.0625 0.0484375
0 0.36953125 0.275 0.04765625 0.0484375
0 0.31796875 0.275 0.053125 0.0484375
0 0.26484375 0.2734375 0.053125 0.0453125
0 0.2140625 0.27421875 0.04765625 0.04375
0 0.2421875 0.1109375 0.05 0.053125
0 0.315625 0.22578125 0.05859375 0.046875
0 0.43046875 0.22734375 0.05546875 0.0484375
0 0.4875 0.22734375 0.04296875 0.04375
0 0.1125 0.1203125 0.1015625 0.0484375
0 0.12265625 0.1640625 0.08046875 0.0390625
0 0.0390625 0.16796875 0.06953125 0.0359375
0 0.1890625 0.1125 0.05 0.046875
0 0.19609375 0.1609375 0.03359375 0.0484375
0 0.0328125 0.1234375 0.05703125 0.0515625
0 0.37421875 0.225 0.05703125 0.046875
0 0.51640625 0.15625 0.053125 0.0453125
0 0.425 0.375 0.078125 0.03671875
0 0.596875 0.27890625 0.084375 0.03984375
0 0.29375 0.46640625 0.08203125 0.0375
0 0.3734375 0.46796875 0.07578125 0.0359375
0 0.453125 0.46796875 0.08359375 0.03515625
0 0.5546875 0.46640625 0.1171875 0.0359375
0 0.21875 0.428125 0.065625 0.03359375
0 0.37890625 0.42890625 0.078125 0.040625
0 0.459375 0.43203125 0.07890625 0.034375
0 0.55703125 0.46875 0.11328125 0.03984375
0 0.55859375 0.42421875 0.11015625 0.04765625
0 0.22265625 0.46640625 0.06171875 0.03671875
0 0.65 0.47109375 0.07578125 0.034375
0 0.73125 0.4734375 0.0828125 0.03359375
0 0.7328125 0.43671875 0.0734375 0.0390625
0 0.83828125 0.471875 0.128125 0.0375
0 0.8359375 0.43203125 0.1140625 0.034375
0 0.93984375 0.47421875 0.07734375 0.0375
0 0.94921875 0.4328125 0.08359375 0.0453125
0 0.05234375 0.5171875 0.1 0.05078125
0 0.17109375 0.525 0.09765625 0.0734375
0 0.2578125 0.5296875 0.0609375 0.075
0 0.6546875 0.434375 0.065625 0.0390625
0 0.14375 0.41953125 0.0640625 0.03984375
0 0.0875 0.42109375 0.0484375 0.03828125
0 0.15546875 0.46328125 0.06953125 0.040625
0 0.53203125 0.2265625 0.04296875 0.04453125
0 0.534375 0.3765625 0.04296875 0.03828125
0 0.2484375 0.33203125 0.075 0.0421875
0 0.334375 0.33203125 0.090625 0.04296875
0 0.42265625 0.33203125 0.0859375 0.04453125
0 0.4875 0.33125 0.0421875 0.04921875
0 0.5359375 0.33203125 0.0421875 0.03984375
0 0.60390625 0.378125 0.0765625 0.03828125
0 0.675 0.3765625 0.06796875 0.0359375
0 0.6 0.34296875 0.0859375 0.0328125
0 0.6828125 0.34375 0.07890625 0.0328125
0 0.753125 0.37734375 0.0703125 0.03671875
0 0.82421875 0.378125 0.07109375 0.040625
0 0.89609375 0.3765625 0.0703125 0.040625
0 0.76484375 0.33515625 0.05625 0.04296875
0 0.83046875 0.334375 0.075 0.040625
0 0.4875 0.375 0.046875 0.0390625
0 0.9125 0.33515625 0.08203125 0.03828125
0 0.028125 0.4234375 0.04765625 0.03671875
0 0.02421875 0.465625 0.04375 0.03046875
0 0.08515625 0.46171875 0.06953125 0.03671875
0 0.32734375 0.534375 0.0734375 0.078125
0 0.40546875 0.55234375 0.071875 0.0375
0 0.16875 0.3328125 0.08046875 0.040625
0 0.57578125 0.5546875 0.1171875 0.0375
0 0.6328125 0.63984375 0.071875 0.02890625
0 0.70703125 0.640625 0.0765625 0.0265625
0 0.96484375 0.678125 0.0703125 0.03125
0 0.9703125 0.64375 0.059375 0.0375
0 0.5515625 0.603125 0.06875 0.03046875
0 0.3375 0.375 0.08828125 0.03828125
0 0.2578125 0.37421875 0.06953125 0.0390625
0 0.1875 0.3734375 0.071875 0.0390625
0 0.10546875 0.3734375 0.08359375 0.04140625
0 0.03515625 0.3734375 0.05703125 0.04140625
0 0.09765625 0.328125 0.06796875 0.04375
0 0.0328125 0.33125 0.06171875 0.03671875
0 0.9109375 0.2265625 0.07421875 0.04921875
0 0.76328125 0.2265625 0.075 0.04765625
0 0.91015625 0.27109375 0.07265625 0.04296875
0 0.83671875 0.271875 0.07421875 0.04140625
0 0.76484375 0.2734375 0.06953125 0.04375
0 0.68359375 0.240625 0.08515625 0.03671875
0 0.68828125 0.27578125 0.08125 0.03359375
0 0.6 0.2390625 0.07890625 0.0390625
0 0.478125 0.553125 0.07421875 0.03984375
0 0.88515625 0.65625 0.08203125 0.06875
0 0.79375 0.6578125 0.0890625 0.06328125
0 0.8375 0.22578125 0.07109375 0.0484375
0 0.64296875 0.66953125 0.0671875 0.0328125
0 0.7125 0.671875 0.0703125 0.0359375
0 0.578125 0.5109375 0.11796875 0.046875
0 0.4015625 0.51640625 0.07265625 0.0359375
0 0.4765625 0.521875 0.06171875 0.02265625
0 0.67734375 0.55234375 0.08046875 0.04453125
0 0.80625 0.5609375 0.1640625 0.0296875
0 0.81640625 0.5296875 0.1609375 0.03046875
0 0.9484375 0.5234375 0.103125 0.03984375
0 0.9515625 0.5578125 0.096875 0.03125
0 0.04140625 0.64296875 0.06953125 0.0703125
0 0.6875 0.5125 0.06015625 0.034375
0 0.14140625 0.64765625 0.1140625 0.06015625
0 0.39296875 0.66796875 0.07265625 0.03203125
0 0.04140625 0.590625 0.0734375 0.03203125
0 0.44296875 0.6234375 0.0625 0.04375
0 0.46328125 0.665625 0.06640625 0.03359375
0 0.30625 0.62890625 0.0546875 0.03359375
0 0.375 0.628125 0.075 0.0421875
0 0.321875 0.6640625 0.065625 0.0296875
0 0.253125 0.66328125 0.075 0.03046875
0 0.2328125 0.628125 0.07265625 0.03125
0 0.13671875 0.59921875 0.0921875 0.03046875