0 0.38046875 0.39609375 0.04765625 0.0828125
0 0.32890625 0.3953125 0.04453125 0.08203125
0 0.27734375 0.39453125 0.05234375 0.08125
0 0.225 0.39296875 0.04609375 0.0765625
0 0.60859375 0.2625 0.05625 0.08984375
0 0.55234375 0.26328125 0.04609375 0.0875
0 0.4671875 0.26328125 0.10390625 0.08515625
0 0.33046875 0.2640625 0.04765625 0.08203125
0 0.278125 0.2625 0.05078125 0.084375
0 0.2234375 0.2625 0.04765625 0.08125
0 0.8578125 0.2578125 0.05703125 0.096875
0 0.9203125 0.2578125 0.06171875 0.0984375
0 0.978125 0.25859375 0.04296875 0.09765625
0 0.175 0.2640625 0.0453125 0.08125
0 0.9734375 0.09765625 0.0515625 0.11875
0 0.9234375 0.0984375 0.03984375 0.1171875
0 0.87421875 0.1015625 0.04765625 0.11328125
0 0.81875 0.103125 0.04140625 0.11484375
0 0.7734375 0.1046875 0.04375 0.11328125
0 0.72734375 0.115625 0.03828125 0.0875
0 0.6796875 0.11640625 0.04765625 0.08828125
0 0.6328125 0.109375 0.04140625 0.10703125
0 0.034375 0.33671875 0.06875 0.1015625
0 0.13046875 0.390625 0.04296875 0.07890625
0 0.79140625 0.25625 0.0671875 0.0953125
0 0.1765625 0.39140625 0.04296875 0.075
0 0.12421875 0.265625 0.04453125 0.0796875
0 0.6671875 0.25859375 0.05234375 0.090625
0 0.23671875 0.84140625 0.021875 0.0578125
0 0.53984375 0.1125 0.03125 0.10703125
0 0.8078125 0.68125 0.0515625 0.08828125
0 0.7484375 0.671875 0.0546875 0.084375
0 0.69140625 0.6703125 0.05 0.0859375
0 0.63671875 0.66640625 0.0484375 0.0890625
0 0.53046875 0.6578125 0.05625 0.08203125
0 0.47421875 0.6640625 0.04609375 0.059375
0 0.41796875 0.66171875 0.04296875 0.0640625
0 0.37265625 0.66015625 0.04296875 0.0609375
0 0.31953125 0.646875 0.04609375 0.07578125
0 0.27265625 0.64140625 0.040625 0.07421875
0 0.22578125 0.63671875 0.04296875 0.071875
0 0.18046875 0.6328125 0.04375 0.0765625
0 0.134375 0.63125 0.0421875 0.07109375
0 0.078125 0.59140625 0.0546875 0.084375
0 0.95 0.546875 0.0640625 0.09921875
0 0.88828125 0.5484375 0.053125 0.09375
0 0.828125 0.54375 0.05703125 0.0875
0 0.04765625 0.11875 0.06953125 0.096875
0 0.0421875 0.23046875 0.075 0.1015625
0 0.115625 0.14140625 0.0453125 0.071875
0 0.165625 0.13828125 0.053125 0.078125
0 0.865625 0.684375 0.05625 0.0875
0 0.58046875 0.11015625 0.04140625 0.10546875
0 0.92421875 0.68671875 0.05390625 0.090625
0 0.0875 0.715625 0.05234375 0.0953125
0 0.49765625 0.1140625 0.0453125 0.1078125
0 0.45078125 0.11484375 0.034375 0.1078125
0 0.41015625 0.115625 0.04296875 0.1046875
0 0.36640625 0.1171875 0.03671875 0.10234375
0 0.3296875 0.11875 0.0359375 0.10234375
0 0.43515625 0.396875 0.04453125 0.08359375
0 0.28046875 0.12109375 0.0296875 0.103125
0 0.6375 0.7859375 0.04296875 0.06953125
0 0.58515625 0.7796875 0.05 0.06875
0 0.53515625 0.77421875 0.04765625 0.0796875
0 0.48046875 0.76953125 0.046875 0.07890625
0 0.4296875 0.76171875 0.04765625 0.078125
0 0.38125 0.75625 0.04609375 0.075
0 0.3328125 0.75625 0.0453125 0.078125
0 0.28359375 0.74921875 0.04921875 0.06953125
0 0.2359375 0.74453125 0.04453125 0.075
0 0.18671875 0.740625 0.03828125 0.0703125
0 0.1453125 0.7359375 0.0390625 0.071875
0 0.08828125 0.8296875 0.05546875 0.09140625
0 0.028125 0.8171875 0.05546875 0.09375
0 0.0234375 0.71328125 0.046875 0.0984375
0 0.978125 0.69375 0.04375 0.09140625
0 0.4859375 0.3984375 0.05390625 0.08203125
0 0.2109375 0.125 0.03515625 0.1015625
0 0.60078125 0.40078125 0.05390625 0.084375
0 0.7359375 0.4078125 0.0421875 0.0828125
0 0.83125 0.40859375 0.0421875 0.08359375
0 0.9328125 0.4109375 0.0515625 0.08984375
0 0.9828125 0.41328125 0.034375 0.0875
0 0.03203125 0.4703125 0.0609375 0.1015625
0 0.13359375 0.51640625 0.04296875 0.0765625
0 0.17734375 0.515625 0.04140625 0.075
0 0.48203125 0.9703125 0.034375 0.059375
0 0.52265625 0.97265625 0.0390625 0.0546875
0 0.78984375 0.90859375 0.0421875 0.0734375
0 0.8390625 0.9125 0.04453125 0.0734375
0 0.43828125 0.9671875 0.03984375 0.06484375
0 0.2796875 0.51953125 0.05078125 0.0734375
0 0.38359375 0.52421875 0.05 0.0765625
0 0.43671875 0.52890625 0.04765625 0.08203125
0 0.4859375 0.5296875 0.0453125 0.08125
0 0.53984375 0.53203125 0.04765625 0.0859375
0 0.59765625 0.53671875 0.05390625 0.078125
0 0.89453125 0.91875 0.046875 0.0734375
0 0.95 0.9234375 0.05546875 0.07578125
0 0.540625 0.3984375 0.0484375 0.084375
0 0.76796875 0.5421875 0.05546875 0.090625
0 0.70625 0.53984375 0.06015625 0.0859375
0 0.65234375 0.53828125 0.04453125 0.0859375
0 0.33125 0.52421875 0.0421875 0.0765625
0 0.38828125 0.96328125 0.04140625 0.0734375
0 0.2265625 0.51796875 0.046875 0.0765625
0 0.26171875 0.95625 0.0375 0.0828125
0 0.68984375 0.7875 0.05 0.0828125
0 0.6703125 0.40625 0.08203125 0.08046875
0 0.85 0.80234375 0.05234375 0.0796875
0 0.90234375 0.80546875 0.04921875 0.0796875
0 0.32421875 0.95859375 0.08203125 0.0828125
0 0.95859375 0.8125 0.05703125 0.08671875
0 0.1421875 0.83671875 0.0390625 0.06640625
0 0.18828125 0.83828125 0.04375 0.071875
0 0.2484375 0.12421875 0.0359375 0.10390625
0 0.7953125 0.7953125 0.04921875 0.0859375
0 0.275 0.846875 0.0453125 0.06953125
0 0.33046875 0.8578125 0.04375 0.0703125
0 0.38046875 0.86015625 0.0375 0.07265625
0 0.74296875 0.79296875 0.04765625 0.0796875
0 0.4765625 0.871875 0.04765625 0.075
0 0.2203125 0.9546875 0.03671875 0.0890625
0 0.52734375 0.88046875 0.046875 0.0703125
0 0.5796875 0.88984375 0.046875 0.0640625
0 0.63125 0.89375 0.0484375 0.0703125
0 0.68046875 0.89453125 0.04609375 0.07421875
0 0.73515625 0.90234375 0.046875 0.0703125
0 0.42890625 0.86484375 0.0390625 0.0703125
0 0.1484375 0.9453125 0.034375 0.08828125
0 0.18359375 0.94921875 0.03203125 0.0921875