0 0.4078125 0.3265625 0.08046875 0.0890625
0 0.528125 0.31875 0.025 0.09609375
0 0.76171875 0.31484375 0.025 0.09609375
0 0.5734375 0.32109375 0.05859375 0.0890625
0 0.6953125 0.31953125 0.09765625 0.08671875
0 0.8640625 0.24765625 0.13359375 0.01796875
0 0.8609375 0.2671875 0.13359375 0.01640625
0 0.865625 0.28828125 0.13671875 0.0203125
0 0.9671875 0.26640625 0.065625 0.0578125
0 0.2328125 0.32890625 0.06484375 0.07578125
0 0.88125 0.3609375 0.1640625 0.0453125
0 0.1828125 0.31953125 0.0265625 0.09765625
0 0.27421875 0.72265625 0.01875 0.08125
0 0.18046875 0.72578125 0.021875 0.071875
0 0.15 0.72734375 0.01875 0.07421875
0 0.11640625 0.728125 0.0140625 0.06796875
0 0.10234375 0.728125 0.009375 0.06796875
0 0.0890625 0.72734375 0.01171875 0.06640625
0 0.071875 0.72109375 0.015625 0.0703125
0 0.05390625 0.72109375 0.0140625 0.06796875
0 0.8578125 0.62421875 0.1265625 0.0234375
0 0.75546875 0.596875 0.0265625 0.0765625
0 0.69921875 0.59296875 0.02890625 0.07734375
0 0.303125 0.321875 0.0609375 0.096875
0 0.63046875 0.59921875 0.025 0.07578125
0 0.81640625 0.4375 0.03359375 0.0640625
0 0.0609375 0.32578125 0.0796875 0.0875
0 0.978125 0.1703125 0.0328125 0.071875
0 0.6 0.59765625 0.02578125 0.07578125
0 0.34921875 0.32109375 0.02109375 0.09765625
0 0.853125 0.4359375 0.03125 0.06640625
0 0.62109375 0.31796875 0.0296875 0.09609375
0 0.2265625 0.45625 0.04921875 0.07421875
0 0.09453125 0.45625 0.09375 0.08984375
0 0.5234375 0.83671875 0.02578125 0.08203125
0 0.55546875 0.834375 0.021875 0.0796875
0 0.584375 0.82890625 0.02421875 0.08515625
0 0.621875 0.82734375 0.03125 0.08203125
0 0.6625 0.83203125 0.0265625 0.08828125
0 0.6921875 0.828125 0.025 0.07265625
0 0.68984375 0.44765625 0.0484375 0.084375
0 0.7421875 0.44765625 0.04765625 0.08671875
0 0.84296875 0.50625 0.1015625 0.01953125
0 0.846875 0.52890625 0.10078125 0.01953125
0 0.85703125 0.5515625 0.1203125 0.021875
0 0.73515625 0.8140625 0.02890625 0.06328125
0 0.7890625 0.834375 0.021875 0.06640625
0 0.821875 0.8328125 0.025 0.06328125
0 0.85625 0.81875 0.02734375 0.090625
0 0.90390625 0.8265625 0.0234375 0.0828125
0 0.93671875 0.828125 0.0265625 0.0796875
0 0.9703125 0.8296875 0.0265625 0.075
0 0.86640625 0.16328125 0.0296875 0.0921875
0 0.90078125 0.165625 0.03046875 0.0890625
0 0.9640625 0.053125 0.071875 0.01796875
0 0.5671875 0.59609375 0.021875 0.07265625
0 0.53125 0.6 0.01640625 0.071875
0 0.09140625 0.18515625 0.0875 0.090625
0 0.4921875 0.83203125 0.0203125 0.08046875
0 0.46015625 0.83046875 0.02265625 0.08046875
0 0.42890625 0.828125 0.0171875 0.07890625
0 0.41171875 0.828125 0.0125 0.07890625
0 0.9625 0.071875 0.075 0.01640625
0 0.025 0.18828125 0.03515625 0.08359375
0 0.95859375 0.0140625 0.0796875 0.0140625
0 0.8453125 0.0578125 0.1296875 0.04609375
0 0.8453125 0.02578125 0.1296875 0.01640625
0 0.70546875 0.06796875 0.1421875 0.02265625
0 0.70625 0.046875 0.14296875 0.015625
0 0.7046875 0.0265625 0.14453125 0.01875
0 0.55546875 0.04296875 0.10859375 0.0828125
0 0.4484375 0.04296875 0.06640625 0.0828125
0 0.35625 0.0765625 0.11015625 0.01640625
0 0.35546875 0.0578125 0.10859375 0.01875
0 0.18125 0.1875 0.0859375 0.08515625
0 0.353125 0.0390625 0.1046875 0.0140625
0 0.196875 0.05625 0.075 0.06484375
0 0.12109375 0.04921875 0.06484375 0.084375
0 0.03984375 0.046875 0.07421875 0.0859375
0 0.16875 0.84140625 0.01796875 0.08203125
0 0.190625 0.8421875 0.02265625 0.08046875
0 0.2234375 0.81328125 0.021875 0.05
0 0.28046875 0.83046875 0.0125 0.0765625
0 0.29453125 0.83125 0.0125 0.0765625
0 0.309375 0.82890625 0.0109375 0.07578125
0 0.32265625 0.82890625 0.0109375 0.07578125
0 0.33671875 0.834375 0.0125 0.07890625
0 0.3734375 0.82890625 0.0125 0.07890625
0 0.26640625 0.05 0.05546875 0.07578125
0 0.13984375 0.8421875 0.02109375 0.08203125
0 0.96171875 0.03125 0.0765625 0.0140625
0 0.09609375 0.825 0.015625 0.071875
0 0.7375 0.1765625 0.0625 0.0953125
0 0.7984375 0.16328125 0.0359375 0.0921875
0 0.834375 0.1625 0.02734375 0.09375
0 0.30859375 0.72265625 0.0203125 0.0796875
0 0.35 0.721875 0.021875 0.07890625
0 0.38125 0.71875 0.0234375 0.08125
0 0.41875 0.7171875 0.02109375 0.08203125
0 0.6046875 0.1703125 0.12109375 0.11796875
0 0.4453125 0.72109375 0.01640625 0.07578125
0 0.50703125 0.71953125 0.021875 0.075
0 0.296875 0.6046875 0.009375 0.07109375
0 0.3390625 0.60390625 0.01015625 0.071875
0 0.353125 0.60390625 0.01015625 0.06953125
0 0.3671875 0.603125 0.01328125 0.07578125
0 0.39296875 0.6 0.01171875 0.07421875
0 0.40546875 0.6 0.00859375 0.075
0 0.4765625 0.71796875 0.02265625 0.07421875
0 0.41875 0.6 0.00859375 0.075
0 0.4921875 0.17734375 0.0921875 0.1078125
0 0.93984375 0.16875 0.03203125 0.075
0 0.27734375 0.45234375 0.0390625 0.08125
0 0.32890625 0.4515625 0.046875 0.08359375
0 0.38671875 0.45078125 0.0484375 0.09140625
0 0.446875 0.45 0.04453125 0.0859375
0 0.4953125 0.4484375 0.04140625 0.08671875
0 0.5421875 0.446875 0.04453125 0.0890625
0 0.58828125 0.4515625 0.04140625 0.0765625
0 0.28671875 0.6046875 0.009375 0.07109375
0 0.6359375 0.44765625 0.040625 0.084375
0 0.21796875 0.63359375 0.05859375 0.0296875
0 0.09140625 0.609375 0.02890625 0.09453125
0 0.39375 0.1921875 0.0515625 0.07734375
0 0.33828125 0.18203125 0.0515625 0.0953125
0 0.2765625 0.17890625 0.05703125 0.1
0 0.059375 0.6078125 0.028125 0.09296875
0 0.0234375 0.61015625 0.028125 0.0828125
0 0.2734375 0.6046875 0.0125 0.07109375
0 0.11796875 0.84140625 0.01640625 0.0796875
0 0.43125 0.6 0.00859375 0.075
0 0.49921875 0.596875 0.01640625 0.075
0 0.96484375 0.715625 0.0703125 0.015625
0 0.9640625 0.696875 0.071875 0.015625
0 0.96015625 0.67890625 0.07890625 0.01328125
0 0.85625 0.72578125 0.13359375 0.0171875
0 0.8453125 0.6984375 0.115625 0.009375
0 0.46953125 0.5984375 0.01640625 0.075
0 0.846875 0.66953125 0.1140625 0.015625
0 0.7734375 0.71484375 0.025 0.08203125
0 0.8453125 0.68515625 0.11484375 0.01484375
0 0.4828125 0.59609375 0.00859375 0.07890625
0 0.54140625 0.71484375 0.0234375 0.07890625
0 0.57421875 0.72265625 0.0265625 0.08125
0 0.6109375 0.7234375 0.02890625 0.078125
0 0.70546875 0.71640625 0.021875 0.07734375
0 0.67734375 0.7171875 0.02265625 0.07890625
0 0.64453125 0.72265625 0.015625 0.07890625
0 0.7390625 0.71640625 0.0265625 0.0796875