0 0.79296875 0.778125 0.04453125 0.08359375
0 0.7640625 0.33671875 0.06875 0.0921875
0 0.68828125 0.33515625 0.06328125 0.090625
0 0.6140625 0.33203125 0.0796875 0.10078125
0 0.51484375 0.33203125 0.075 0.09609375
0 0.44453125 0.3359375 0.05625 0.09296875
0 0.38359375 0.3453125 0.04609375 0.0703125
0 0.3265625 0.3421875 0.0546875 0.08046875
0 0.2640625 0.34609375 0.0609375 0.0640625
0 0.83671875 0.33515625 0.06328125 0.08984375
0 0.20703125 0.34765625 0.0484375 0.075
0 0.06484375 0.33125 0.07734375 0.10390625
0 0.10625 0.2171875 0.065625 0.01484375
0 0.1046875 0.1921875 0.078125 0.03046875
0 0.1 0.16015625 0.06875 0.025
0 0.09453125 0.13125 0.07734375 0.021875
0 0.19609375 0.16484375 0.06953125 0.0234375
0 0.21171875 0.1953125 0.075 0.02578125
0 0.2078125 0.22265625 0.07734375 0.0234375
0 0.1421875 0.34375 0.06015625 0.0828125
0 0.1078125 0.2453125 0.0671875 0.034375
0 0.8984375 0.3359375 0.05078125 0.08828125
0 0.01875 0.46953125 0.0359375 0.0625
0 0.26875 0.5671875 0.053125 0.08515625
0 0.18984375 0.56328125 0.0765625 0.09140625
0 0.115625 0.57109375 0.06015625 0.07734375
0 0.04453125 0.56796875 0.06328125 0.0890625
0 0.95390625 0.45625 0.040625 0.0796875
0 0.89765625 0.459375 0.06015625 0.08125
0 0.8421875 0.45546875 0.0421875 0.0796875
0 0.76484375 0.446875 0.10390625 0.10390625
0 0.978125 0.33359375 0.04375 0.08515625
0 0.68046875 0.4578125 0.05 0.08984375
0 0.5671875 0.46015625 0.05078125 0.08671875
0 0.50234375 0.44765625 0.07265625 0.10703125
0 0.4359375 0.46484375 0.04609375 0.06796875
0 0.3546875 0.46953125 0.06015625 0.06875
0 0.275 0.45390625 0.07890625 0.1125
0 0.2109375 0.4640625 0.03984375 0.08671875
0 0.15625 0.4703125 0.05859375 0.07578125
0 0.07109375 0.44921875 0.065625 0.103125
0 0.62265625 0.45859375 0.04921875 0.084375
0 0.2 0.2515625 0.05390625 0.02578125
0 0.3125 0.23046875 0.05625 0.07109375
0 0.39296875 0.22421875 0.09453125 0.07890625
0 0.73984375 0.04765625 0.0578125 0.02265625
0 0.7390625 0.0703125 0.05625 0.02265625
0 0.74140625 0.09375 0.05703125 0.015625
0 0.67421875 0.06640625 0.04765625 0.07890625
0 0.61484375 0.05703125 0.05078125 0.0296875
0 0.6140625 0.08984375 0.059375 0.03515625
0 0.5546875 0.071875 0.04921875 0.071875
0 0.50546875 0.06953125 0.03671875 0.07109375
0 0.75390625 0.0171875 0.053125 0.0328125
0 0.4640625 0.0703125 0.03671875 0.075
0 0.38203125 0.07109375 0.03203125 0.07578125
0 0.34453125 0.075 0.03359375 0.07265625
0 0.29609375 0.09140625 0.0546875 0.03046875
0 0.29609375 0.05859375 0.05546875 0.0328125
0 0.22109375 0.06484375 0.08046875 0.09296875
0 0.140625 0.09140625 0.0703125 0.0296875
0 0.140625 0.05625 0.06015625 0.04140625
0 0.0625 0.05703125 0.06875 0.1078125
0 0.42265625 0.065625 0.04296875 0.07890625
0 0.80859375 0.03984375 0.04375 0.02421875
0 0.79453125 0.06640625 0.0453125 0.028125
0 0.79765625 0.09296875 0.0484375 0.0203125
0 0.49296875 0.2375 0.090625 0.05859375
0 0.565625 0.17421875 0.03828125 0.04921875
0 0.5609375 0.234375 0.03828125 0.06875
0 0.60078125 0.24765625 0.03203125 0.03984375
0 0.6421875 0.2421875 0.034375 0.046875
0 0.7203125 0.23515625 0.03359375 0.0609375
0 0.68046875 0.23515625 0.03125 0.0625
0 0.7125 0.171875 0.03984375 0.0546875
0 0.665625 0.17109375 0.03671875 0.05078125
0 0.7703125 0.228125 0.04921875 0.06796875
0 0.8609375 0.2234375 0.115625 0.08203125
0 0.9484375 0.23203125 0.05625 0.059375
0 0.965625 0.0625 0.04765625 0.08671875
0 0.91171875 0.09609375 0.0421875 0.01953125
0 0.9140625 0.071875 0.040625 0.02109375
0 0.85703125 0.0953125 0.05859375 0.01640625
0 0.853125 0.07734375 0.05078125 0.015625
0 0.91171875 0.05 0.04140625 0.02421875
0 0.85859375 0.05625 0.04765625 0.02109375
0 0.328125 0.5671875 0.0640625 0.08515625
0 0.83984375 0.7765625 0.03984375 0.08671875
0 0.39609375 0.56796875 0.06015625 0.07890625
0 0.53515625 0.56484375 0.0625 0.08515625
0 0.88203125 0.77734375 0.0421875 0.08515625
0 0.84921875 0.8796875 0.0625 0.08828125
0 0.78046875 0.88203125 0.0640625 0.08984375
0 0.71484375 0.88359375 0.06015625 0.09140625
0 0.64765625 0.88359375 0.0609375 0.08984375
0 0.5875 0.88359375 0.05859375 0.09140625
0 0.52578125 0.8859375 0.05703125 0.0921875
0 0.4578125 0.88671875 0.065625 0.090625
0 0.4 0.8734375 0.04921875 0.06796875
0 0.32421875 0.884375 0.07265625 0.090625
0 0.2484375 0.88359375 0.06875 0.09140625
0 0.17265625 0.88359375 0.04609375 0.09140625
0 0.1234375 0.88515625 0.03515625 0.08984375
0 0.98046875 0.8796875 0.0390625 0.08984375
0 0.07109375 0.88359375 0.05234375 0.10078125
0 0.1140625 0.7859375 0.06953125 0.0625
0 0.20703125 0.7796875 0.06171875 0.0625
0 0.26953125 0.7796875 0.05625 0.0546875
0 0.35546875 0.76953125 0.0421875 0.07734375
0 0.403125 0.78203125 0.0421875 0.08359375
0 0.45234375 0.7703125 0.0328125 0.07109375
0 0.496875 0.775 0.034375 0.065625
0 0.534375 0.7859375 0.03828125 0.078125
0 0.57578125 0.76953125 0.0359375 0.07421875
0 0.6203125 0.78671875 0.03515625 0.07890625
0 0.659375 0.78203125 0.034375 0.0765625
0 0.703125 0.77578125 0.03984375 0.08828125
0 0.7484375 0.77578125 0.0453125 0.090625
0 0.03203125 0.775 0.0640625 0.08125
0 0.46640625 0.56640625 0.053125 0.08515625
0 0.92109375 0.88125 0.0671875 0.0875
0 0.94375 0.68203125 0.06015625 0.05078125
0 0.91796875 0.7625 0.021875 0.0671875
0 0.9890625 0.6796875 0.021875 0.05703125
0 0.8234375 0.66953125 0.06328125 0.02890625
0 0.76171875 0.69609375 0.05625 0.02578125
0 0.759375 0.66640625 0.05 0.02734375
0 0.6953125 0.69453125 0.06015625 0.03828125
0 0.69453125 0.6578125 0.059375 0.02734375
0 0.59140625 0.6921875 0.05703125 0.0421875
0 0.53359375 0.69140625 0.05078125 0.0390625
0 0.59765625 0.64921875 0.065625 0.04296875
0 0.53671875 0.65 0.05234375 0.03828125
0 0.4671875 0.66875 0.0390625 0.0671875
0 0.88515625 0.68203125 0.04921875 0.05625
0 0.421875 0.6796875 0.0375 0.0671875
0 0.3390625 0.6734375 0.0359375 0.078125
0 0.946875 0.76171875 0.0265625 0.06328125
0 0.29140625 0.6875 0.03984375 0.05234375
0 0.234375 0.68125 0.059375 0.0890625
0 0.16875 0.68125 0.065625 0.071875
0 0.0953125 0.6765625 0.078125 0.08046875
0 0.02734375 0.67421875 0.05 0.08203125
0 0.97265625 0.55078125 0.04921875 0.071875
0 0.89921875 0.55546875 0.0796875 0.09140625
0 0.809375 0.56015625 0.065625 0.08671875
0 0.7421875 0.5609375 0.05625 0.08203125
0 0.678125 0.5671875 0.059375 0.0765625
0 0.60859375 0.5609375 0.06484375 0.08203125
0 0.37890625 0.6703125 0.0328125 0.07578125
0 0.81953125 0.69765625 0.05234375 0.02734375