0 0.2109375 0.65 0.0796875 0.01953125
0 0.21171875 0.6765625 0.08125 0.02109375
0 0.34609375 0.61953125 0.0671875 0.025
0 0.35859375 0.659375 0.065625 0.0359375
0 0.43203125 0.65234375 0.06015625 0.0390625
0 0.41875 0.6125 0.0640625 0.03359375
0 0.49296875 0.6109375 0.071875 0.02109375
0 0.4984375 0.64765625 0.05625 0.03671875
0 0.56640625 0.646875 0.06015625 0.03984375
0 0.64921875 0.63515625 0.08046875 0.04765625
0 0.6421875 0.596875 0.07578125 0.02109375
0 0.72890625 0.60390625 0.0609375 0.02890625
0 0.21953125 0.7140625 0.03515625 0.034375
0 0.70234375 0.78203125 0.0671875 0.03828125
0 0.77421875 0.7875 0.05078125 0.05
0 0.21015625 0.625 0.090625 0.021875
0 0.9703125 0.790625 0.03828125 0.034375
0 0.91328125 0.79140625 0.05078125 0.03359375
0 0.5609375 0.61015625 0.0546875 0.0265625
0 0.734375 0.63671875 0.07109375 0.03046875
0 0.62109375 0.79609375 0.0734375 0.04296875
0 0.84765625 0.76796875 0.06953125 0.04765625
0 0.8140625 0.66015625 0.06328125 0.06640625
0 0.1265625 0.65 0.046875 0.02734375
0 0.73203125 0.86953125 0.02265625 0.0375
0 0.96484375 0.88046875 0.06171875 0.04765625
0 0.9765625 0.84296875 0.04140625 0.02421875
0 0.91484375 0.840625 0.04453125 0.021875
0 0.90234375 0.8796875 0.05078125 0.0484375
0 0.840625 0.87109375 0.046875 0.06640625
0 0.775 0.87578125 0.0609375 0.05546875
0 0.9203125 0.684375 0.090625 0.078125
0 0.68515625 0.89140625 0.05625 0.02265625
0 0.60234375 0.8671875 0.1375 0.01875
0 0.4671875 0.8734375 0.0734375 0.0609375
0 0.37578125 0.8890625 0.075 0.0296875
0 0.28046875 0.89375 0.08671875 0.02265625
0 0.2796875 0.86328125 0.07578125 0.02734375
0 0.18046875 0.8828125 0.084375 0.03515625
0 0.084375 0.884375 0.08125 0.040625
0 0.5515625 0.78046875 0.04921875 0.02265625
0 0.7953125 0.7171875 0.05703125 0.03125
0 0.575 0.890625 0.13515625 0.01875
0 0.0765625 0.65078125 0.0296875 0.025
0 0.24609375 0.4453125 0.0703125 0.040625
0 0.15625 0.70234375 0.0625 0.0234375
0 0.53125 0.36953125 0.09609375 0.04453125
0 0.43125 0.37109375 0.0890625 0.0421875
0 0.33671875 0.37109375 0.08828125 0.0453125
0 0.2421875 0.3734375 0.0625 0.03984375
0 0.1859375 0.36953125 0.04609375 0.0453125
0 0.09375 0.38828125 0.12578125 0.0421875
0 0.078125 0.4921875 0.08125 0.03671875
0 0.640625 0.3671875 0.10390625 0.04453125
0 0.16875 0.4859375 0.046875 0.03671875
0 0.50078125 0.8046875 0.03515625 0.028125
0 0.49921875 0.7703125 0.0359375 0.0171875
0 0.45390625 0.7984375 0.0421875 0.04453125
0 0.38828125 0.80078125 0.0609375 0.0453125
0 0.33125 0.7890625 0.04375 0.02890625
0 0.27578125 0.7890625 0.046875 0.0546875
0 0.2328125 0.8046875 0.0296875 0.034375
0 0.5546875 0.80625 0.04609375 0.02265625
0 0.1859375 0.80390625 0.0375 0.03828125
0 0.75078125 0.3640625 0.09921875 0.040625
0 0.83671875 0.396875 0.0609375 0.0421875
0 0.20859375 0.59765625 0.09296875 0.02109375
0 0.13515625 0.2375 0.08046875 0.04453125
0 0.059375 0.2890625 0.06640625 0.0484375
0 0.14609375 0.28828125 0.08125 0.04765625
0 0.2375 0.290625 0.0703125 0.0578125
0 0.325 0.2796875 0.08828125 0.05546875
0 0.41953125 0.28046875 0.08671875 0.04765625
0 0.9171875 0.3953125 0.071875 0.03828125
0 0.51015625 0.278125 0.07109375 0.0453125
0 0.7015625 0.27578125 0.08828125 0.04296875
0 0.6953125 0.2296875 0.0765625 0.0421875
0 0.865625 0.24140625 0.078125 0.03984375
0 0.859375 0.28671875 0.0796875 0.03984375
0 0.95 0.2859375 0.0765625 0.03828125
0 0.84296875 0.35390625 0.05546875 0.0359375
0 0.91484375 0.3515625 0.0671875 0.03984375
0 0.6046875 0.2796875 0.084375 0.0453125
0 0.14140625 0.80546875 0.040625 0.03671875
0 0.60859375 0.22734375 0.08671875 0.05234375
0 0.29453125 0.71796875 0.06171875 0.04140625
0 0.80703125 0.53828125 0.0453125 0.0671875
0 0.88671875 0.55859375 0.04609375 0.03125
0 0.89296875 0.6015625 0.04609375 0.03671875
0 0.95546875 0.58671875 0.0515625 0.05859375
0 0.9703125 0.54609375 0.059375 0.0125
0 0.73515625 0.521875 0.0640625 0.0828125
0 0.65625 0.53125 0.08203125 0.078125
0 0.8390625 0.446875 0.0609375 0.028125
0 0.57109375 0.5140625 0.065625 0.03515625
0 0.4171875 0.55390625 0.06953125 0.0375
0 0.33515625 0.55390625 0.08203125 0.0375
0 0.040625 0.56640625 0.071875 0.04765625
0 0.11953125 0.565625 0.06796875 0.04453125
0 0.2078125 0.5421875 0.08671875 0.021875
0 0.1015625 0.7984375 0.02734375 0.0390625
0 0.2109375 0.5703125 0.0828125 0.02265625
0 0.5734375 0.55234375 0.0609375 0.03671875
0 0.93671875 0.4921875 0.0796875 0.03828125
0 0.496875 0.55078125 0.07578125 0.03046875
0 0.74921875 0.43359375 0.096875 0.03203125
0 0.365625 0.72109375 0.06328125 0.0328125
0 0.859375 0.49609375 0.04453125 0.0359375
0 0.7375 0.7171875 0.03828125 0.0421875
0 0.59765625 0.71484375 0.078125 0.040625
0 0.6765625 0.71796875 0.06953125 0.0421875
0 0.440625 0.72265625 0.07265625 0.0359375
0 0.02578125 0.71640625 0.04375 0.05390625
0 0.07109375 0.7328125 0.0328125 0.0171875
0 0.515625 0.71953125 0.0703125 0.03984375
0 0.16484375 0.73125 0.05703125 0.02578125
0 0.3328125 0.44296875 0.07265625 0.040625
0 0.4140625 0.440625 0.06796875 0.0375
0 0.4921875 0.44375 0.065625 0.03203125
0 0.65859375 0.43984375 0.06953125 0.03125
0 0.11171875 0.73203125 0.03359375 0.01796875
0 0.57578125 0.44140625 0.0828125 0.03203125