0 0.76015625 0.49140625 0.04609375 0.03046875
0 0.61015625 0.109375 0.01796875 0.0125
0 0.60703125 0.09296875 0.021875 0.01640625
0 0.5859375 0.09453125 0.015625 0.0390625
0 0.56796875 0.09453125 0.01875 0.03828125
0 0.546875 0.09609375 0.01640625 0.0390625
0 0.528125 0.09765625 0.01796875 0.04140625
0 0.50703125 0.096875 0.015625 0.03828125
0 0.48671875 0.09609375 0.01796875 0.0390625
0 0.46640625 0.09765625 0.015625 0.04140625
0 0.4328125 0.0984375 0.028125 0.0484375
0 0.3984375 0.09609375 0.02734375 0.04765625
0 0.36171875 0.096875 0.01796875 0.05234375
0 0.33984375 0.0984375 0.02421875 0.05078125
0 0.31875 0.1015625 0.01484375 0.04453125
0 0.30078125 0.10234375 0.01875 0.0453125
0 0.2828125 0.10078125 0.0140625 0.04609375
0 0.26328125 0.0984375 0.01875 0.0484375
0 0.63203125 0.08984375 0.02265625 0.046875
0 0.65703125 0.08828125 0.02578125 0.0484375
0 0.6828125 0.08671875 0.0234375 0.04765625
0 0.70703125 0.08671875 0.02265625 0.05
0 0.253125 0.26015625 0.06328125 0.0421875
0 0.25078125 0.16875 0.0546875 0.04296875
0 0.246875 0.21484375 0.0609375 0.04453125
0 0.190625 0.2609375 0.05859375 0.04375
0 0.1859375 0.21640625 0.05625 0.04140625
0 0.1359375 0.2296875 0.0390625 0.11171875
0 0.090625 0.24296875 0.0421875 0.07734375
0 0.9859375 0.08125 0.028125 0.05
0 0.24296875 0.09921875 0.0171875 0.0515625
0 0.9578125 0.08125 0.021875 0.05
0 0.9078125 0.08203125 0.025 0.04453125
0 0.88203125 0.0828125 0.02109375 0.04453125
0 0.85625 0.084375 0.0234375 0.0484375
0 0.83359375 0.08515625 0.0203125 0.04921875
0 0.80859375 0.084375 0.0234375 0.04921875
0 0.7828125 0.08515625 0.0265625 0.046875
0 0.75703125 0.08515625 0.02109375 0.05234375
0 0.7328125 0.0859375 0.01953125 0.0484375
0 0.9328125 0.08125 0.02265625 0.04453125
0 0.30625 0.22890625 0.040625 0.10546875
0 0.2171875 0.10234375 0.0265625 0.0484375
0 0.17265625 0.1015625 0.01953125 0.05078125
0 0.728125 0.71953125 0.03046875 0.07890625
0 0.7640625 0.71875 0.0390625 0.08125
0 0.8015625 0.71796875 0.03203125 0.08046875
0 0.83671875 0.71875 0.03828125 0.0796875
0 0.875 0.71640625 0.03515625 0.0765625
0 0.91640625 0.71484375 0.03515625 0.08203125
0 0.959375 0.7109375 0.04375 0.0359375
0 0.9625 0.74453125 0.05 0.02578125
0 0.03359375 0.903125 0.05234375 0.07421875
0 0.10859375 0.89296875 0.08828125 0.0828125
0 0.20703125 0.9 0.09921875 0.0875
0 0.27890625 0.9359375 0.03984375 0.02734375
0 0.31015625 0.8921875 0.04375 0.05
0 0.3609375 0.89765625 0.0375 0.0296875
0 0.3234375 0.93359375 0.04140625 0.02734375
0 0.36484375 0.9328125 0.0390625 0.02734375
0 0.4125 0.93125 0.0546875 0.0296875
0 0.69375 0.7203125 0.03359375 0.07890625
0 0.65703125 0.72109375 0.0359375 0.08125
0 0.6203125 0.72109375 0.034375 0.0796875
0 0.58046875 0.73125 0.03671875 0.059375
0 0.1546875 0.103125 0.0125 0.04296875
0 0.13984375 0.10625 0.0140625 0.04296875
0 0.121875 0.1046875 0.01796875 0.0453125
0 0.10234375 0.1046875 0.01796875 0.0484375
0 0.078125 0.10390625 0.02109375 0.046875
0 0.05625 0.10546875 0.02265625 0.05
0 0.97890625 0.62890625 0.0421875 0.05546875
0 0.028125 0.734375 0.04140625 0.075
0 0.19296875 0.10078125 0.0171875 0.046875
0 0.065625 0.7328125 0.028125 0.075
0 0.221875 0.7265625 0.0859375 0.07734375
0 0.30625 0.753125 0.05390625 0.03515625
0 0.3625 0.75234375 0.0453125 0.03125
0 0.365625 0.71953125 0.0328125 0.0328125
0 0.41484375 0.75078125 0.046875 0.03125
0 0.45703125 0.728125 0.0328125 0.07109375
0 0.4890625 0.728125 0.0296875 0.06640625
0 0.54296875 0.73203125 0.03359375 0.06171875
0 0.12734375 0.73203125 0.0890625 0.0765625
0 0.35234375 0.228125 0.04765625 0.10546875
0 0.39609375 0.22578125 0.0375 0.10234375
0 0.43828125 0.22421875 0.0390625 0.1015625
0 0.8734375 0.52265625 0.0546875 0.03046875
0 0.81875 0.5234375 0.04921875 0.0328125
0 0.9328125 0.48671875 0.05078125 0.03515625
0 0.8734375 0.4875 0.0546875 0.0359375
0 0.8171875 0.48828125 0.05234375 0.03515625
0 0.75859375 0.52421875 0.05 0.03125
0 0.71484375 0.50390625 0.03359375 0.07421875
0 0.678125 0.5046875 0.034375 0.07734375
0 0.640625 0.5078125 0.0359375 0.078125
0 0.46640625 0.53515625 0.03046875 0.040625
0 0.41640625 0.50078125 0.0453125 0.096875
0 0.37265625 0.503125 0.03671875 0.0921875
0 0.3328125 0.50390625 0.03828125 0.090625
0 0.5109375 0.903125 0.03359375 0.08125
0 0.54921875 0.90234375 0.0359375 0.08203125
0 0.5875 0.90078125 0.0375 0.078125
0 0.6296875 0.9 0.0390625 0.0796875
0 0.93125 0.5234375 0.0546875 0.0328125
0 0.10546875 0.6296875 0.1 0.08125
0 0.20234375 0.625 0.0859375 0.0890625
0 0.26796875 0.63203125 0.034375 0.06796875
0 0.8984375 0.6109375 0.04296875 0.08828125
0 0.85390625 0.615625 0.04296875 0.0765625
0 0.809375 0.6109375 0.0375 0.0859375
0 0.771875 0.61328125 0.03125 0.07890625
0 0.73203125 0.61484375 0.03984375 0.075
0 0.6890625 0.61640625 0.03671875 0.0765625
0 0.6390625 0.6078125 0.03671875 0.03203125
0 0.64375 0.64296875 0.0515625 0.034375
0 0.66796875 0.9046875 0.03046875 0.0703125
0 0.5875 0.64296875 0.0515625 0.0328125
0 0.45234375 0.64765625 0.0390625 0.02265625
0 0.45078125 0.61953125 0.0390625 0.02890625
0 0.41015625 0.6515625 0.0375 0.02578125
0 0.40859375 0.621875 0.0375 0.0296875
0 0.40625 0.5921875 0.03515625 0.02421875
0 0.3703125 0.6265625 0.03203125 0.06953125
0 0.33828125 0.62734375 0.0296875 0.07109375
0 0.30390625 0.6296875 0.03515625 0.06875
0 0.5046875 0.64453125 0.05 0.03125
0 0.70234375 0.903125 0.03359375 0.06640625
0 0.7421875 0.903125 0.040625 0.071875
0 0.7859375 0.903125 0.040625 0.07265625
0 0.14609375 0.37421875 0.04140625 0.10234375
0 0.103125 0.37890625 0.040625 0.10859375
0 0.0546875 0.37890625 0.0515625 0.1078125
0 0.959375 0.2046875 0.03984375 0.11640625
0 0.91171875 0.20625 0.0515625 0.11640625
0 0.8671875 0.20859375 0.03359375 0.11328125
0 0.82421875 0.20859375 0.04921875 0.11328125
0 0.77890625 0.2125 0.03984375 0.115625
0 0.27890625 0.37734375 0.03828125 0.1046875
0 0.73515625 0.21328125 0.04140625 0.11015625
0 0.65703125 0.21171875 0.04375 0.121875
0 0.6140625 0.21328125 0.0390625 0.1171875
0 0.553125 0.1546875 0.05703125 0.0453125
0 0.4890625 0.15859375 0.0609375 0.04296875
0 0.5578125 0.25234375 0.06015625 0.04375
0 0.49296875 0.2515625 0.065625 0.04140625
0 0.559375 0.2046875 0.06328125 0.05
0 0.49296875 0.2046875 0.06875 0.04765625
0 0.696875 0.2140625 0.03359375 0.109375
0 0.46484375 0.93125 0.04609375 0.03203125
0 0.32734375 0.3765625 0.04921875 0.10390625
0 0.57734375 0.4046875 0.0515625 0.0421875
0 0.8296875 0.9015625 0.04140625 0.07421875
0 0.8734375 0.89453125 0.03984375 0.08203125
0 0.915625 0.8953125 0.0375 0.08359375
0 0.9578125 0.89609375 0.04375 0.0796875
0 0.28046875 0.503125 0.059375 0.09765625
0 0.209375 0.50625 0.07265625 0.09765625
0 0.14921875 0.5046875 0.04375 0.096875
0 0.09765625 0.5078125 0.0484375 0.09453125
0 0.45859375 0.36640625 0.1828125 0.1125
0 0.03515625 0.5109375 0.04921875 0.0796875
0 0.9203125 0.36171875 0.05078125 0.1125
0 0.8578125 0.36640625 0.040625 0.1109375
0 0.81953125 0.36953125 0.0328125 0.09609375
0 0.7796875 0.37109375 0.04140625 0.08984375
0 0.73125 0.37421875 0.0421875 0.090625
0 0.68515625 0.37265625 0.0421875 0.1
0 0.63125 0.365625 0.04453125 0.0359375
0 0.6328125 0.40703125 0.05546875 0.034375
0 0.96796875 0.36015625 0.03828125 0.10546875
0 0.4484375 0.884375 0.05546875 0.0421875
0 0.2265625 0.375 0.05703125 0.10078125