0 0.66640625 0.684375 0.02421875 0.0609375
0 0.625 0.271875 0.01796875 0.0578125
0 0.6421875 0.271875 0.015625 0.06015625
0 0.66171875 0.27265625 0.02109375 0.0609375
0 0.68671875 0.27421875 0.025 0.0546875
0 0.7140625 0.27109375 0.02421875 0.059375
0 0.74609375 0.325 0.05390625 0.02734375
0 0.60625 0.27265625 0.015625 0.059375
0 0.753125 0.29921875 0.05234375 0.0234375
0 0.81484375 0.2671875 0.03359375 0.04375
0 0.8515625 0.26171875 0.03671875 0.09609375
0 0.86796875 0.3328125 0.06015625 0.0421875
0 0.92734375 0.2890625 0.04453125 0.11796875
0 0.615625 0.66640625 0.01875 0.0546875
0 0.596875 0.6546875 0.01640625 0.05234375
0 0.8015625 0.31796875 0.0390625 0.04296875
0 0.59921875 0.61796875 0.02734375 0.0171875
0 0.5890625 0.2734375 0.01640625 0.06015625
0 0.6390625 0.66484375 0.021875 0.059375
0 0.35078125 0.27890625 0.01171875 0.0359375
0 0.36328125 0.28125 0.01171875 0.03515625
0 0.37578125 0.2796875 0.0125 0.03671875
0 0.390625 0.271875 0.01328125 0.04765625
0 0.4046875 0.271875 0.01171875 0.05
0 0.42265625 0.2703125 0.02265625 0.059375
0 0.5734375 0.2734375 0.01328125 0.0578125
0 0.44140625 0.2734375 0.0140625 0.0609375
0 0.47734375 0.2703125 0.01328125 0.0625
0 0.49453125 0.26875 0.01484375 0.065625
0 0.51328125 0.26875 0.01953125 0.06953125
0 0.53359375 0.271875 0.0125 0.06640625
0 0.54765625 0.27578125 0.01171875 0.053125
0 0.559375 0.27578125 0.0125 0.0546875
0 0.46171875 0.2703125 0.01640625 0.0609375
0 0.96953125 0.46953125 0.06015625 0.1390625
0 0.578125 0.64921875 0.01640625 0.0375
0 0.54609375 0.62890625 0.01796875 0.053125
0 0.5328125 0.74765625 0.01484375 0.0640625
0 0.51171875 0.734375 0.0125 0.05546875
0 0.49609375 0.725 0.01640625 0.06015625
0 0.47890625 0.709375 0.01875 0.0578125
0 0.45859375 0.6984375 0.01640625 0.053125
0 0.4421875 0.684375 0.0125 0.053125
0 0.54609375 0.75546875 0.01171875 0.05625
0 0.428125 0.675 0.015625 0.05625
0 0.46171875 0.58359375 0.0203125 0.05625
0 0.45 0.5 0.01484375 0.05
0 0.3875 0.48125 0.01640625 0.04296875
0 0.37734375 0.54140625 0.015625 0.04375
0 0.40390625 0.54921875 0.01171875 0.05
0 0.41640625 0.55546875 0.0109375 0.05
0 0.41171875 0.6609375 0.01171875 0.0484375
0 0.5625 0.640625 0.01328125 0.03671875
0 0.559375 0.76953125 0.01328125 0.0625
0 0.59375 0.78984375 0.0234375 0.06875
0 0.52890625 0.61875 0.01328125 0.0515625
0 0.515625 0.609375 0.0140625 0.05703125
0 0.50078125 0.603125 0.01328125 0.05625
0 0.9046875 0.940625 0.05859375 0.059375
0 0.84921875 0.90703125 0.04609375 0.0609375
0 0.834375 0.9671875 0.03671875 0.0578125
0 0.57421875 0.778125 0.01484375 0.06484375
0 0.8859375 0.98515625 0.05 0.0296875
0 0.74375 0.88046875 0.0421875 0.1
0 0.70390625 0.85234375 0.03515625 0.0875
0 0.67421875 0.834375 0.021875 0.0921875
0 0.65234375 0.81796875 0.01796875 0.09140625
0 0.63515625 0.803125 0.0140625 0.1078125
0 0.61796875 0.7859375 0.01796875 0.1
0 0.79140625 0.9015625 0.05234375 0.10625
0 0.9109375 0.4640625 0.04609375 0.1328125
0 0.48046875 0.590625 0.0140625 0.0453125
0 0.82890625 0.44765625 0.04296875 0.128125
0 0.5984375 0.5609375 0.01640625 0.04921875
0 0.615625 0.56640625 0.01640625 0.05625
0 0.6328125 0.57421875 0.01640625 0.0515625
0 0.6484375 0.578125 0.015625 0.05078125
0 0.66953125 0.584375 0.02421875 0.05546875
0 0.71015625 0.56875 0.03203125 0.096875
0 0.5828125 0.553125 0.0109375 0.04765625
0 0.746875 0.5796875 0.03671875 0.1109375
0 0.825 0.60546875 0.04140625 0.1140625
0 0.8625 0.62265625 0.0265625 0.1140625
0 0.9 0.63125 0.046875 0.11640625
0 0.95 0.68515625 0.04921875 0.03828125
0 0.95859375 0.63984375 0.05625 0.046875
0 0.40859375 0.41328125 0.0140625 0.040625
0 0.78515625 0.59375 0.03359375 0.109375
0 0.42265625 0.41640625 0.0109375 0.046875
0 0.56875 0.54765625 0.01328125 0.046875
0 0.528125 0.5296875 0.01171875 0.0515625
0 0.86875 0.45546875 0.034375 0.1296875
0 0.6953125 0.69296875 0.02421875 0.08515625
0 0.7265625 0.7078125 0.03359375 0.090625
0 0.7640625 0.75625 0.0359375 0.02734375
0 0.765625 0.7265625 0.03828125 0.03046875
0 0.803125 0.74375 0.03359375 0.0796875
0 0.540625 0.53125 0.0140625 0.05625
0 0.84296875 0.75703125 0.0390625 0.11640625
0 0.93359375 0.790625 0.04765625 0.12421875
0 0.46640625 0.5015625 0.0109375 0.05390625
0 0.478125 0.50859375 0.01171875 0.053125
0 0.490625 0.51875 0.01171875 0.0546875
0 0.503125 0.52109375 0.01171875 0.0546875
0 0.51640625 0.52421875 0.0125 0.0515625
0 0.8875 0.77578125 0.03828125 0.1140625
0 0.43515625 0.4203125 0.01171875 0.0453125
0 0.5546875 0.53828125 0.0109375 0.0578125
0 0.465625 0.4265625 0.01328125 0.04921875
0 0.5140625 0.35546875 0.01171875 0.059375
0 0.53046875 0.3578125 0.01640625 0.059375
0 0.54609375 0.36015625 0.01171875 0.05625
0 0.55859375 0.36015625 0.01171875 0.05625
0 0.571875 0.3625 0.01484375 0.059375
0 0.60546875 0.3640625 0.0171875 0.065625
0 0.62421875 0.3671875 0.01328125 0.0640625
0 0.640625 0.36953125 0.01953125 0.0640625
0 0.65859375 0.37109375 0.0140625 0.0640625
0 0.678125 0.37265625 0.0203125 0.065625
0 0.69921875 0.37421875 0.01953125 0.0640625
0 0.72578125 0.428125 0.03125 0.1140625
0 0.75859375 0.434375 0.03046875 0.115625
0 0.45078125 0.42265625 0.01328125 0.046875
0 0.790625 0.43984375 0.03203125 0.121875
0 0.5015625 0.353125 0.01171875 0.05625
0 0.4890625 0.353125 0.01171875 0.0484375
0 0.5875 0.36328125 0.01328125 0.059375
0 0.5375 0.4421875 0.01328125 0.05234375
0 0.51171875 0.43828125 0.0125 0.0484375
0 0.525 0.44375 0.01171875 0.0484375
0 0.5515625 0.446875 0.01328125 0.05234375
0 0.56640625 0.4484375 0.01171875 0.0578125
0 0.475 0.3515625 0.0140625 0.0515625
0 0.59609375 0.45625 0.0125 0.059375
0 0.58203125 0.4515625 0.015625 0.05546875
0 0.61328125 0.45859375 0.01796875 0.0625
0 0.6296875 0.4625 0.015625 0.0640625
0 0.64921875 0.46796875 0.0203125 0.0625
0 0.66796875 0.471875 0.01796875 0.06328125
0 0.68984375 0.47265625 0.02265625 0.0671875
0 0.46015625 0.35078125 0.01171875 0.05
0 0.48125 0.4296875 0.01484375 0.0453125
0 0.4984375 0.4359375 0.0140625 0.04609375