0 0.34609375 0.37578125 0.04921875 0.071875
0 0.4328125 0.46328125 0.05703125 0.06796875
0 0.86328125 0.71796875 0.065625 0.0453125
0 0.79609375 0.71796875 0.06640625 0.0453125
0 0.67890625 0.7296875 0.06484375 0.04296875
0 0.60078125 0.7078125 0.04609375 0.0375
0 0.540625 0.72578125 0.06875 0.053125
0 0.48125 0.73125 0.05 0.0609375
0 0.421875 0.73125 0.05625 0.05078125
0 0.36875 0.72890625 0.03046875 0.05703125
0 0.3359375 0.721875 0.03125 0.06015625
0 0.29921875 0.734375 0.040625 0.06328125
0 0.23203125 0.73515625 0.03671875 0.0578125
0 0.19296875 0.7359375 0.040625 0.0578125
0 0.1578125 0.7234375 0.03125 0.0578125
0 0.1265625 0.7140625 0.03359375 0.053125
0 0.0796875 0.72734375 0.03984375 0.06171875
0 0.03203125 0.71953125 0.0390625 0.05234375
0 0.89765625 0.6421875 0.06796875 0.04609375
0 0.828125 0.64140625 0.0703125 0.04609375
0 0.74921875 0.6421875 0.08828125 0.04375
0 0.66171875 0.64609375 0.08515625 0.05078125
0 0.59765625 0.64921875 0.0421875 0.04609375
0 0.54296875 0.65078125 0.06484375 0.05078125
0 0.48359375 0.64375 0.040625 0.0375
0 0.05234375 0.6546875 0.06875 0.053125
0 0.4359375 0.6453125 0.0484375 0.03515625
0 0.48671875 0.5375 0.03671875 0.0421875
0 0.4421875 0.57421875 0.0421875 0.04453125
0 0.54140625 0.43359375 0.0703125 0.053125
0 0.6984375 0.42578125 0.09296875 0.05078125
0 0.796875 0.43046875 0.0703125 0.0515625
0 0.8671875 0.42890625 0.071875 0.05
0 0.559375 0.51640625 0.090625 0.05625
0 0.65078125 0.515625 0.09296875 0.053125
0 0.73046875 0.51328125 0.0671875 0.0578125
0 0.81953125 0.5109375 0.09296875 0.05625
0 0.9078125 0.50703125 0.08359375 0.0484375
0 0.97421875 0.5046875 0.05078125 0.05234375
0 0.5515625 0.584375 0.084375 0.05078125
0 0.62890625 0.5828125 0.06875 0.0546875
0 0.703125 0.58203125 0.06796875 0.04921875
0 0.79765625 0.5796875 0.04609375 0.04921875
0 0.859375 0.5796875 0.06796875 0.046875
0 0.93828125 0.5765625 0.090625 0.05234375
0 0.02421875 0.58046875 0.0484375 0.06015625
0 0.08359375 0.5765625 0.06875 0.06796875
0 0.1515625 0.57421875 0.06171875 0.05859375
0 0.20859375 0.5734375 0.05078125 0.05859375
0 0.25703125 0.57109375 0.046875 0.053125
0 0.346875 0.56796875 0.05546875 0.0609375
0 0.396875 0.56953125 0.04375 0.0609375
0 0.4859375 0.578125 0.0390625 0.03984375
0 0.2078125 0.64296875 0.040625 0.05234375
0 0.16328125 0.646875 0.0453125 0.046875
0 0.05390625 0.14375 0.05 0.0765625
0 0.825 0.2484375 0.0671875 0.0578125
0 0.9234375 0.2453125 0.1109375 0.0640625
0 0.05859375 0.37890625 0.053125 0.08203125
0 0.1390625 0.378125 0.0984375 0.075
0 0.2515625 0.37734375 0.05078125 0.06953125
0 0.29921875 0.375 0.04296875 0.071875
0 0.39140625 0.37734375 0.04140625 0.06953125
0 0.43671875 0.3765625 0.05078125 0.06953125
0 0.484375 0.375 0.040625 0.071875
0 0.540625 0.34453125 0.071875 0.05703125
0 0.6125 0.34296875 0.07109375 0.05078125
0 0.6890625 0.34140625 0.0734375 0.05703125
0 0.75859375 0.33671875 0.06484375 0.05390625
0 0.87421875 0.3359375 0.1015625 0.05859375
0 0.9578125 0.33359375 0.0671875 0.0515625
0 0.03671875 0.4703125 0.05703125 0.078125
0 0.0859375 0.46875 0.04296875 0.08046875
0 0.134375 0.46796875 0.05546875 0.07734375
0 0.18515625 0.46796875 0.04296875 0.075
0 0.23359375 0.46796875 0.05546875 0.07421875
0 0.2828125 0.4640625 0.040625 0.07578125
0 0.3296875 0.46328125 0.05625 0.06953125
0 0.38203125 0.4625 0.04609375 0.0703125
0 0.73828125 0.24921875 0.10390625 0.065625
0 0.625 0.2546875 0.090625 0.0578125
0 0.5390625 0.25546875 0.078125 0.0578125
0 0.4375 0.2140625 0.103125 0.025
0 0.10546875 0.14296875 0.0515625 0.07578125
0 0.15546875 0.13828125 0.04921875 0.084375
0 0.21171875 0.13828125 0.0625 0.08671875
0 0.26875 0.14140625 0.0515625 0.0796875
0 0.3203125 0.140625 0.0515625 0.078125
0 0.3671875 0.14296875 0.0421875 0.07265625
0 0.36796875 0.09765625 0.0421875 0.0203125
0 0.4140625 0.14375 0.03984375 0.0765625
0 0.47734375 0.14765625 0.07265625 0.059375
0 0.4765625 0.1 0.075 0.0359375
0 0.55625 0.1515625 0.06953125 0.05859375
0 0.484375 0.4609375 0.04453125 0.071875
0 0.68671875 0.15234375 0.08046875 0.0640625
0 0.77109375 0.14921875 0.07734375 0.05859375
0 0.846875 0.14921875 0.07421875 0.05859375
0 0.921875 0.1484375 0.071875 0.059375
0 0.7609375 0.0953125 0.0640625 0.05078125
0 0.84453125 0.0875 0.08203125 0.05546875
0 0.06640625 0.25234375 0.0875 0.10234375
0 0.15859375 0.253125 0.0875 0.103125
0 0.2390625 0.2546875 0.07265625 0.10234375
0 0.3640625 0.265625 0.0546875 0.0765625
0 0.41484375 0.26796875 0.04140625 0.07265625
0 0.46640625 0.26796875 0.05390625 0.07734375
0 0.68984375 0.08984375 0.07265625 0.0609375