0 0.603125 0.38203125 0.015625 0.03828125
0 0.2015625 0.9734375 0.05234375 0.053125
0 0.30390625 0.5140625 0.04921875 0.05390625
0 0.3578125 0.49921875 0.04140625 0.059375
0 0.40546875 0.48671875 0.03984375 0.05390625
0 0.4515625 0.47421875 0.0390625 0.0515625
0 0.48984375 0.459375 0.03125 0.03984375
0 0.52109375 0.453125 0.02890625 0.04765625
0 0.23125 0.534375 0.06171875 0.071875
0 0.54609375 0.29375 0.021875 0.0453125
0 0.54765625 0.3953125 0.02421875 0.0484375
0 0.5484375 0.4390625 0.025 0.03828125
0 0.57890625 0.43203125 0.02578125 0.03671875
0 0.6015625 0.42578125 0.01875 0.0421875
0 0.5796875 0.38515625 0.02734375 0.0359375
0 0.57734375 0.340625 0.02265625 0.03984375
0 0.55078125 0.34375 0.02734375 0.0453125
0 0.60390625 0.33984375 0.021875 0.04375
0 0.14921875 0.5578125 0.08515625 0.07734375
0 0.48828125 0.4125 0.034375 0.04765625
0 0.125 0.39609375 0.090625 0.07578125
0 0.2140625 0.38828125 0.0703125 0.07265625
0 0.1390625 0.478125 0.09609375 0.07265625
0 0.23046875 0.4609375 0.06796875 0.0671875
0 0.29375 0.38046875 0.0578125 0.06796875
0 0.3515625 0.37421875 0.04453125 0.0625
0 0.5203125 0.40234375 0.03125 0.04453125
0 0.40078125 0.3703125 0.03828125 0.04921875
0 0.48359375 0.3578125 0.034375 0.04765625
0 0.521875 0.35234375 0.02734375 0.046875
0 0.296875 0.45078125 0.059375 0.05703125
0 0.35625 0.43828125 0.0484375 0.05703125
0 0.40703125 0.42734375 0.046875 0.0546875
0 0.44921875 0.42109375 0.034375 0.0484375
0 0.4484375 0.3640625 0.03671875 0.04765625
0 0.2015625 0.30859375 0.06953125 0.06953125
0 0.62890625 0.415625 0.0203125 0.03359375
0 0.6515625 0.375 0.02109375 0.0375
0 0.70625 0.53984375 0.01484375 0.025
0 0.69140625 0.51875 0.01484375 0.02421875
0 0.678125 0.40234375 0.0375 0.02734375
0 0.68203125 0.365625 0.03359375 0.03203125
0 0.68359375 0.32890625 0.03125 0.028125
0 0.684375 0.2890625 0.0328125 0.03671875
0 0.6765625 0.52890625 0.0140625 0.02265625
0 0.709375 0.3953125 0.01796875 0.02890625
0 0.71328125 0.359375 0.01484375 0.0296875
0 0.7296875 0.359375 0.01640625 0.02890625
0 0.7140625 0.3265625 0.021875 0.034375
0 0.73203125 0.32578125 0.015625 0.03515625
0 0.721875 0.2859375 0.03515625 0.03671875
0 0.10078125 0.93046875 0.046875 0.13515625
0 0.72578125 0.39453125 0.015625 0.03046875
0 0.62890625 0.37734375 0.0234375 0.0328125
0 0.6578125 0.540625 0.01875 0.0234375
0 0.671875 0.5640625 0.015625 0.02109375
0 0.6296875 0.334375 0.02734375 0.04140625
0 0.65234375 0.33359375 0.01953125 0.03828125
0 0.63125 0.290625 0.0234375 0.04140625
0 0.6546875 0.290625 0.0203125 0.0390625
0 0.6578125 0.50625 0.0171875 0.03203125
0 0.6515625 0.63671875 0.01640625 0.025
0 0.6890625 0.5546875 0.01484375 0.02265625
0 0.66953125 0.62265625 0.01171875 0.02265625
0 0.703125 0.60546875 0.0125 0.02109375
0 0.653125 0.603125 0.01875 0.02265625
0 0.6703125 0.59375 0.0140625 0.0234375
0 0.6875 0.58515625 0.0140625 0.02109375
0 0.70546875 0.575 0.0171875 0.02421875
0 0.653125 0.571875 0.0140625 0.02421875
0 0.68515625 0.6125 0.01796875 0.01796875
0 0.18125 0.2390625 0.08125 0.053125
0 0.6484375 0.41484375 0.01875 0.03671875
0 0.34140625 0.30625 0.05 0.0640625
0 0.50546875 0.66484375 0.0296875 0.0390625
0 0.50625 0.621875 0.0375 0.03984375
0 0.48046875 0.76640625 0.03671875 0.04296875
0 0.4734375 0.72578125 0.025 0.0328125
0 0.4703125 0.6875 0.028125 0.0328125
0 0.43828125 0.803125 0.034375 0.04765625
0 0.434375 0.75390625 0.03515625 0.040625
0 0.43671875 0.7109375 0.03046875 0.0453125
0 0.43359375 0.66015625 0.0375 0.05625
0 0.390625 0.67890625 0.03671875 0.04921875
0 0.39453125 0.7328125 0.0375 0.03671875
0 0.3953125 0.78125 0.03515625 0.046875
0 0.3953125 0.83359375 0.0359375 0.0453125
0 0.3609375 0.859375 0.03125 0.05078125
0 0.3578125 0.80625 0.02890625 0.03828125
0 0.3546875 0.7546875 0.03046875 0.0484375
0 0.31875 0.89140625 0.0390625 0.05
0 0.31640625 0.83515625 0.034375 0.05703125
0 0.31328125 0.77734375 0.040625 0.05546875
0 0.25234375 0.75703125 0.04609375 0.06015625
0 0.25625 0.81875 0.046875 0.04375
0 0.2609375 0.871875 0.0421875 0.05703125
0 0.2625 0.9328125 0.05 0.05546875
0 0.18359375 0.7921875 0.059375 0.06875
0 0.18515625 0.859375 0.0546875 0.05703125
0 0.2828125 0.30390625 0.0578125 0.065625
0 0.19375 0.91796875 0.04765625 0.0484375
0 0.50546875 0.7046875 0.03984375 0.03828125
0 0.5140625 0.746875 0.025 0.04140625
0 0.46875 0.63828125 0.03046875 0.04765625
0 0.58828125 0.50703125 0.01953125 0.03984375
0 0.5578125 0.70703125 0.0203125 0.03359375
0 0.6296875 0.6234375 0.01796875 0.0296875
0 0.60546875 0.63828125 0.01953125 0.03125
0 0.58203125 0.6546875 0.0234375 0.03515625
0 0.62890625 0.66171875 0.0203125 0.0359375
0 0.5171875 0.3 0.02421875 0.04765625
0 0.48125 0.2421875 0.0421875 0.05625
0 0.484375 0.30390625 0.03515625 0.053125
0 0.5609375 0.5140625 0.02734375 0.03515625
0 0.440625 0.30234375 0.034375 0.053125
0 0.55625 0.66953125 0.0234375 0.0328125
0 0.584375 0.69140625 0.01875 0.03828125
0 0.60703125 0.60390625 0.02109375 0.03046875
0 0.62890625 0.5890625 0.01953125 0.0296875
0 0.55703125 0.63359375 0.021875 0.028125
0 0.61171875 0.49609375 0.01953125 0.03359375
0 0.634375 0.4828125 0.02109375 0.03984375
0 0.5609375 0.553125 0.021875 0.03203125
0 0.5859375 0.546875 0.01953125 0.03515625
0 0.609375 0.53203125 0.01953125 0.03125
0 0.396875 0.30546875 0.0453125 0.0625
0 0.58046875 0.61875 0.0171875 0.03828125
0 0.6359375 0.521875 0.0234375 0.03125
0 0.58515625 0.58203125 0.0171875 0.03125
0 0.6109375 0.5671875 0.02109375 0.03125
0 0.634375 0.55625 0.02109375 0.0359375
0 0.56015625 0.59765625 0.0203125 0.03359375
0 0.60390625 0.6734375 0.021875 0.03828125