0 0.34921875 0.67265625 0.0234375 0.07890625
0 0.37578125 0.6703125 0.02265625 0.07734375
0 0.403125 0.66875 0.028125 0.08359375
0 0.4328125 0.65859375 0.021875 0.08515625
0 0.46015625 0.6578125 0.02109375 0.07734375
0 0.540625 0.65859375 0.0140625 0.071875
0 0.5640625 0.65546875 0.01640625 0.06328125
0 0.62734375 0.65703125 0.01875 0.07265625
0 0.65078125 0.65703125 0.0171875 0.075
0 0.6765625 0.65546875 0.02421875 0.071875
0 0.4859375 0.6609375 0.01953125 0.08359375
0 0.5890625 0.65546875 0.01875 0.0734375
0 0.2296875 0.82109375 0.01796875 0.07109375
0 0.75234375 0.6546875 0.01796875 0.07421875
0 0.58984375 0.7875 0.04609375 0.03671875
0 0.66953125 0.79921875 0.015625 0.05625
0 0.69296875 0.7984375 0.02421875 0.0578125
0 0.71875 0.7984375 0.02734375 0.05234375
0 0.74453125 0.7953125 0.02421875 0.05
0 0.76796875 0.79453125 0.028125 0.05
0 0.8234375 0.80625 0.01875 0.05625
0 0.84609375 0.80390625 0.01953125 0.0515625
0 0.87265625 0.80390625 0.02421875 0.0515625
0 0.703125 0.65625 0.021875 0.0734375
0 0.89609375 0.8015625 0.0234375 0.05
0 0.95 0.796875 0.02109375 0.0546875
0 0.9875 0.65078125 0.025 0.06953125
0 0.959375 0.65 0.02890625 0.0703125
0 0.9046875 0.653125 0.028125 0.075
0 0.31875 0.64609375 0.01171875 0.07421875
0 0.871875 0.65390625 0.0296875 0.0640625
0 0.84921875 0.65546875 0.015625 0.0671875
0 0.79609375 0.65390625 0.01875 0.0765625
0 0.775 0.65546875 0.0203125 0.07265625
0 0.925 0.8015625 0.0203125 0.05
0 0.30546875 0.6484375 0.01171875 0.0734375
0 0.05859375 0.64609375 0.0140625 0.07578125
0 0.22421875 0.6484375 0.01796875 0.0765625
0 0.428125 0.53515625 0.05546875 0.09765625
0 0.47109375 0.5328125 0.021875 0.07265625
0 0.01640625 0.41328125 0.02734375 0.08125
0 0.071875 0.29140625 0.015625 0.084375
0 0.0890625 0.2921875 0.015625 0.084375
0 0.134375 0.29375 0.015625 0.084375
0 0.1546875 0.29609375 0.015625 0.084375
0 0.25546875 0.296875 0.015625 0.0765625
0 0.26953125 0.296875 0.01484375 0.08125
0 0.36015625 0.5203125 0.02421875 0.07734375
0 0.1984375 0.29375 0.021875 0.08203125
0 0.31875 0.2921875 0.03359375 0.09453125
0 0.36953125 0.2921875 0.0421875 0.0921875
0 0.41484375 0.29453125 0.03359375 0.09375
0 0.46875 0.29375 0.03359375 0.1015625
0 0.53046875 0.2921875 0.03203125 0.10390625
0 0.58203125 0.3 0.01484375 0.0828125
0 0.59921875 0.29765625 0.0171875 0.084375
0 0.634375 0.2953125 0.02109375 0.0859375
0 0.65546875 0.29296875 0.0203125 0.08828125
0 0.2203125 0.2921875 0.0171875 0.0828125
0 0.340625 0.5203125 0.01640625 0.07421875
0 0.28359375 0.525 0.0234375 0.071875
0 0.265625 0.52734375 0.0140625 0.07265625
0 0.2390625 0.64609375 0.01015625 0.07265625
0 0.25390625 0.646875 0.01875 0.0734375
0 0.196875 0.65546875 0.01171875 0.075
0 0.184375 0.66328125 0.01484375 0.06015625
0 0.16484375 0.6578125 0.02421875 0.07734375
0 0.13671875 0.65078125 0.0171875 0.07265625
0 0.1234375 0.65625 0.01171875 0.05546875
0 0.10859375 0.6515625 0.01640625 0.07421875
0 0.58359375 0.75625 0.04609375 0.0171875
0 0.04375 0.64609375 0.0109375 0.078125
0 0.0328125 0.64609375 0.0109375 0.078125
0 0.02109375 0.64609375 0.0140625 0.07734375
0 0.00859375 0.64609375 0.01171875 0.07734375
0 0.00546875 0.52421875 0.01015625 0.0828125
0 0.02109375 0.52578125 0.01875 0.0734375
0 0.10234375 0.5328125 0.01875 0.08203125
0 0.1234375 0.53046875 0.01875 0.08203125
0 0.16171875 0.52578125 0.01484375 0.07578125
0 0.17734375 0.52578125 0.01484375 0.07578125
0 0.2125 0.528125 0.01484375 0.0734375
0 0.22890625 0.52890625 0.01484375 0.0734375
0 0.290625 0.64921875 0.01953125 0.071875
0 0.5203125 0.7640625 0.05546875 0.0234375
0 0.5765625 0.178125 0.01953125 0.0875
0 0.47578125 0.79453125 0.03125 0.05703125
0 0.27265625 0.41484375 0.021875 0.0765625
0 0.23046875 0.41796875 0.01953125 0.078125
0 0.2140625 0.4140625 0.01484375 0.07578125
0 0.16875 0.4109375 0.01640625 0.0796875
0 0.153125 0.41328125 0.0171875 0.078125
0 0.10234375 0.415625 0.046875 0.07890625
0 0.0078125 0.29765625 0.0125 0.0828125
0 0.6078125 0.51484375 0.0171875 0.0734375
0 0.6359375 0.525 0.0296875 0.084375
0 0.725 0.5265625 0.01875 0.07734375
0 0.74765625 0.525 0.01875 0.07734375
0 0.76953125 0.52109375 0.01015625 0.0734375
0 0.7890625 0.52109375 0.015625 0.078125
0 0.8140625 0.52265625 0.02265625 0.07578125
0 0.834375 0.51875 0.01484375 0.0734375
0 0.859375 0.521875 0.0140625 0.071875
0 0.878125 0.5203125 0.01953125 0.07734375
0 0.28828125 0.415625 0.01640625 0.07578125
0 0.31484375 0.4234375 0.02578125 0.06015625
0 0.58203125 0.5234375 0.0265625 0.08671875
0 0.53125 0.521875 0.03828125 0.0859375
0 0.684375 0.18125 0.01875 0.075
0 0.6265625 0.17890625 0.0171875 0.0828125
0 0.6625 0.1796875 0.0125 0.07265625
0 0.7296875 0.18046875 0.03203125 0.0796875
0 0.79140625 0.18046875 0.03125 0.08828125
0 0.83984375 0.18203125 0.0296875 0.08515625
0 0.89296875 0.18671875 0.0328125 0.0765625
0 0.95234375 0.1890625 0.02734375 0.084375
0 0.94453125 0.52109375 0.02734375 0.084375
0 0.9484375 0.30078125 0.01796875 0.0875
0 0.97734375 0.3078125 0.015625 0.0765625
0 0.8984375 0.30234375 0.01171875 0.07265625
0 0.8875 0.3046875 0.01015625 0.0734375
0 0.85546875 0.3 0.021875 0.0890625
0 0.83359375 0.2984375 0.01640625 0.0859375
0 0.071875 0.16328125 0.034375 0.08828125
0 0.13046875 0.1640625 0.04375 0.0890625
0 0.1828125 0.171875 0.03828125 0.09921875
0 0.9625 0.30625 0.0125 0.078125
0 0.53359375 0.7984375 0.059375 0.03984375
0 0.98671875 0.5234375 0.02421875 0.08359375
0 0.8703125 0.41015625 0.01484375 0.07421875
0 0.42890625 0.175 0.0296875 0.0984375
0 0.484375 0.18046875 0.03203125 0.0984375
0 0.5515625 0.17734375 0.025 0.0859375
0 0.6921875 0.29765625 0.02890625 0.08828125
0 0.609375 0.178125 0.01484375 0.08125
0 0.1796875 0.81484375 0.01484375 0.04296875
0 0.165625 0.815625 0.0109375 0.04296875
0 0.15234375 0.81875 0.01640625 0.04296875
0 0.37421875 0.16796875 0.0296875 0.09375
0 0.13984375 0.8203125 0.0109375 0.04296875
0 0.01328125 0.828125 0.02265625 0.07734375
0 0.0609375 0.8234375 0.03359375 0.084375
0 0.2484375 0.8203125 0.0171875 0.07265625
0 0.265625 0.821875 0.0140625 0.071875
0 0.28046875 0.82421875 0.01640625 0.0734375
0 0.3 0.821875 0.0171875 0.075
0 0.428125 0.80703125 0.0515625 0.0484375
0 0.40859375 0.76953125 0.0484375 0.021875
0 0.12421875 0.825 0.01953125 0.0453125
0 0.890625 0.409375 0.0171875 0.0734375
0 0.3046875 0.1703125 0.0484375 0.0890625
0 0.8015625 0.29375 0.0203125 0.0828125
0 0.83828125 0.41015625 0.01640625 0.07421875
0 0.81640625 0.4109375 0.01640625 0.0765625
0 0.7859375 0.4140625 0.01484375 0.07578125
0 0.7640625 0.415625 0.01953125 0.0765625
0 0.725 0.41171875 0.03359375 0.0890625
0 0.6796875 0.4109375 0.0359375 0.08203125
0 0.6296875 0.40625 0.034375 0.084375
0 0.58671875 0.41171875 0.0296875 0.08359375
0 0.2421875 0.17109375 0.0484375 0.10390625
0 0.53984375 0.41796875 0.028125 0.08984375
0 0.4828125 0.4171875 0.0125 0.0734375
0 0.4515625 0.41953125 0.0203125 0.08046875
0 0.43125 0.41796875 0.0125 0.078125
0 0.39765625 0.41640625 0.01640625 0.07109375
0 0.3890625 0.4171875 0.009375 0.07578125
0 0.37109375 0.42265625 0.0234375 0.0625
0 0.3484375 0.41484375 0.01171875 0.07734375
0 0.33671875 0.41796875 0.01171875 0.07734375
0 0.5 0.41796875 0.01484375 0.075
0 0.7796875 0.29453125 0.02109375 0.08125