0 0.75859375 0.4625 0.03203125 0.07421875
0 0.3609375 0.5671875 0.03046875 0.0921875
0 0.6609375 0.825 0.053125 0.0140625
0 0.7203125 0.78203125 0.0546875 0.0765625
0 0.7203125 0.82734375 0.0546875 0.01328125
0 0.77734375 0.75703125 0.05546875 0.02890625
0 0.7875 0.7796875 0.0546875 0.01015625
0 0.7875 0.78828125 0.0546875 0.0078125
0 0.3265625 0.56875 0.03046875 0.0921875
0 0.78671875 0.8 0.059375 0.01328125
0 0.77890625 0.825 0.0578125 0.015625
0 0.85078125 0.80625 0.065625 0.078125
0 0.91640625 0.8015625 0.059375 0.08203125
0 0.9765625 0.7984375 0.0453125 0.0953125
0 0.290625 0.5828125 0.03515625 0.06640625
0 0.25234375 0.58515625 0.034375 0.065625
0 0.99296875 0.46484375 0.0140625 0.0765625
0 0.965625 0.4625 0.0296875 0.078125
0 0.92734375 0.465625 0.025 0.07109375
0 0.9 0.46875 0.02265625 0.075
0 0.8546875 0.46328125 0.02890625 0.07578125
0 0.82734375 0.4640625 0.01796875 0.07421875
0 0.1984375 0.1953125 0.03203125 0.096875
0 0.23046875 0.18984375 0.02421875 0.09921875
0 0.265625 0.1953125 0.0375 0.0921875
0 0.66015625 0.77734375 0.05703125 0.06171875
0 0.3078125 0.2 0.03828125 0.0828125
0 0.60234375 0.8265625 0.0546875 0.0171875
0 0.60390625 0.78203125 0.053125 0.01171875
0 0.5390625 0.68203125 0.03671875 0.08828125
0 0.58359375 0.70078125 0.04296875 0.05234375
0 0.63125 0.68203125 0.0484375 0.08671875
0 0.67890625 0.68828125 0.03984375 0.06953125
0 0.72578125 0.6921875 0.0421875 0.06484375
0 0.775 0.68984375 0.04453125 0.08125
0 0.83125 0.68671875 0.05859375 0.07421875
0 0.88828125 0.70234375 0.04375 0.04296875
0 0.934375 0.69765625 0.03984375 0.0609375
0 0.796875 0.459375 0.03515625 0.090625
0 0.3265625 0.79453125 0.071875 0.090625
0 0.4125 0.7984375 0.0609375 0.09375
0 0.4765625 0.76640625 0.0546875 0.04453125
0 0.478125 0.7953125 0.0546875 0.00859375
0 0.478125 0.80703125 0.0546875 0.009375
0 0.478125 0.825 0.05703125 0.01171875
0 0.4796875 0.8390625 0.0515625 0.0140625
0 0.54140625 0.83046875 0.05625 0.01640625
0 0.53984375 0.765625 0.05234375 0.04140625
0 0.5421875 0.7953125 0.0515625 0.01171875
0 0.53984375 0.8078125 0.0578125 0.009375
0 0.5984375 0.75390625 0.05703125 0.01484375
0 0.60078125 0.76875 0.05546875 0.01171875
0 0.596875 0.7984375 0.05234375 0.0125
0 0.35078125 0.2015625 0.03828125 0.0828125
0 0.38984375 0.2 0.03515625 0.08046875
0 0.43203125 0.20234375 0.03515625 0.0765625
0 0.7375 0.33828125 0.034375 0.08125
0 0.771875 0.3375 0.0203125 0.0765625
0 0.809375 0.33671875 0.034375 0.0875
0 0.8484375 0.3375 0.034375 0.0875
0 0.88515625 0.3375 0.03125 0.08125
0 0.92265625 0.33828125 0.03125 0.08125
0 0.9609375 0.3421875 0.03125 0.08125
0 0.2390625 0.459375 0.0375 0.07578125
0 0.28125 0.46015625 0.03203125 0.07734375
0 0.325 0.4640625 0.034375 0.07890625
0 0.36875 0.465625 0.0265625 0.07578125
0 0.4 0.465625 0.0296875 0.07265625
0 0.4296875 0.4625 0.01953125 0.08125
0 0.45625 0.46328125 0.02265625 0.0765625
0 0.490625 0.46328125 0.0328125 0.084375
0 0.51796875 0.46640625 0.01484375 0.06875
0 0.53828125 0.4640625 0.02265625 0.0734375
0 0.56875 0.46171875 0.0234375 0.08828125
0 0.59375 0.4625 0.02109375 0.08203125
0 0.61953125 0.46015625 0.02265625 0.08046875
0 0.64375 0.465625 0.021875 0.07265625
0 0.67734375 0.46015625 0.03671875 0.078125
0 0.71796875 0.45625 0.0328125 0.08515625
0 0.709375 0.3359375 0.01875 0.08125
0 0.6796875 0.334375 0.03203125 0.0890625
0 0.64453125 0.33203125 0.02890625 0.08515625
0 0.603125 0.33203125 0.0359375 0.09375
0 0.46796875 0.20546875 0.0203125 0.0765625
0 0.4921875 0.20625 0.0203125 0.07734375
0 0.5203125 0.2015625 0.0328125 0.0796875
0 0.5625 0.2 0.0421875 0.08515625
0 0.60625 0.1953125 0.03515625 0.096875
0 0.646875 0.20546875 0.03671875 0.0671875
0 0.68984375 0.19140625 0.040625 0.0984375
0 0.74453125 0.19765625 0.05078125 0.08515625
0 0.80390625 0.19765625 0.05546875 0.090625
0 0.86015625 0.20625 0.04921875 0.071875
0 0.934375 0.2015625 0.05625 0.0921875
0 0.49609375 0.6828125 0.040625 0.08984375
0 0.98359375 0.18984375 0.0328125 0.11171875
0 0.259375 0.33046875 0.0359375 0.09140625
0 0.296875 0.33046875 0.03515625 0.09140625
0 0.3359375 0.33203125 0.03515625 0.090625
0 0.37109375 0.3328125 0.03203125 0.090625
0 0.40703125 0.33046875 0.0328125 0.090625
0 0.44765625 0.33125 0.0328125 0.090625
0 0.49765625 0.3671875 0.05546875 0.028125
0 0.496875 0.3390625 0.05703125 0.02421875
0 0.49375 0.31328125 0.05078125 0.01796875
0 0.49375 0.28828125 0.05390625 0.0203125
0 0.55390625 0.34765625 0.04921875 0.05078125
0 0.21171875 0.34375 0.04921875 0.0703125
0 0.45390625 0.678125 0.03046875 0.078125
0 0.98203125 0.690625 0.034375 0.07265625
0 0.39375 0.6828125 0.02578125 0.0859375
0 0.4578125 0.56953125 0.02734375 0.09453125
0 0.4875 0.5703125 0.0265625 0.090625
0 0.51640625 0.571875 0.0265625 0.090625
0 0.58203125 0.57421875 0.02734375 0.08515625
0 0.61328125 0.57578125 0.02734375 0.08515625
0 0.64609375 0.57421875 0.028125 0.08828125
0 0.6765625 0.5734375 0.028125 0.08828125
0 0.7078125 0.57109375 0.0328125 0.0984375
0 0.73984375 0.59140625 0.02421875 0.05625
0 0.77734375 0.57734375 0.04375 0.08046875
0 0.8328125 0.5765625 0.0515625 0.08828125
0 0.87890625 0.5796875 0.028125 0.0890625
0 0.91953125 0.58828125 0.04140625 0.06640625
0 0.97109375 0.5875 0.0578125 0.07421875
0 0.25078125 0.68203125 0.02890625 0.0859375
0 0.28125 0.68359375 0.02578125 0.084375
0 0.309375 0.68046875 0.02265625 0.0828125
0 0.425 0.5703125 0.028125 0.09453125
0 0.39375 0.5671875 0.03046875 0.0921875
0 0.55 0.58671875 0.0328125 0.06640625
0 0.42421875 0.68203125 0.02265625 0.0859375
0 0.3640625 0.6828125 0.025 0.08984375
0 0.33671875 0.6828125 0.02890625 0.08828125