0 0.5046875 0.515625 0.05703125 0.11015625
0 0.40859375 0.51796875 0.0453125 0.1109375
0 0.3609375 0.51484375 0.0421875 0.11328125
0 0.309375 0.51640625 0.05 0.11640625
0 0.04765625 0.56015625 0.0953125 0.0640625
0 0.20625 0.525 0.05 0.109375
0 0.15390625 0.5234375 0.046875 0.11328125
0 0.6 0.51328125 0.03984375 0.10859375
0 0.03203125 0.67578125 0.0609375 0.09609375
0 0.09609375 0.67265625 0.05703125 0.09296875
0 0.1671875 0.6609375 0.05546875 0.1078125
0 0.22109375 0.6609375 0.04765625 0.109375
0 0.25859375 0.51953125 0.0484375 0.109375
0 0.64296875 0.5109375 0.0375 0.10546875
0 0.8328125 0.5125 0.03984375 0.09140625
0 0.73671875 0.5109375 0.03046875 0.10234375
0 0.596875 0.38515625 0.034375 0.1125
0 0.64609375 0.38125 0.05 0.11796875
0 0.70390625 0.37890625 0.0578125 0.11484375
0 0.7625 0.38046875 0.053125 0.1171875
0 0.81484375 0.37890625 0.03671875 0.11484375
0 0.84921875 0.37578125 0.02734375 0.115625
0 0.6953125 0.5125 0.04453125 0.10859375
0 0.27421875 0.65625 0.0515625 0.11796875
0 0.98984375 0.41328125 0.0203125 0.0390625
0 0.9796875 0.525 0.040625 0.0640625
0 0.94765625 0.47265625 0.03828125 0.021875
0 0.93125 0.52265625 0.05078125 0.06875
0 0.8796875 0.5109375 0.04921875 0.096875
0 0.7828125 0.515625 0.04375 0.09921875
0 0.95078125 0.40390625 0.05078125 0.05703125
0 0.89453125 0.40390625 0.053125 0.0625
0 0.321875 0.65703125 0.03515625 0.11953125
0 0.4046875 0.6578125 0.03984375 0.11328125
0 0.978125 0.771875 0.04375 0.1046875
0 0.93203125 0.765625 0.03984375 0.10078125
0 0.89609375 0.765625 0.0203125 0.10390625
0 0.86796875 0.790625 0.03203125 0.08828125
0 0.8328125 0.79453125 0.0328125 0.0890625
0 0.784375 0.7921875 0.05859375 0.10625
0 0.71640625 0.79609375 0.06171875 0.10390625
0 0.65078125 0.7984375 0.059375 0.10703125
0 0.596875 0.803125 0.040625 0.10078125
0 0.496875 0.80078125 0.05546875 0.11875
0 0.43359375 0.80390625 0.04765625 0.115625
0 0.38046875 0.80234375 0.04765625 0.11875
0 0.3234375 0.80234375 0.04921875 0.12734375
0 0.2703125 0.80625 0.05 0.12890625
0 0.21875 0.81875 0.05078125 0.11328125
0 0.1640625 0.82109375 0.053125 0.109375
0 0.0921875 0.84453125 0.06953125 0.078125
0 0.45703125 0.646875 0.05859375 0.1234375
0 0.51640625 0.65390625 0.05625 0.11328125
0 0.578125 0.6484375 0.04765625 0.10703125
0 0.63046875 0.64453125 0.04296875 0.1125
0 0.67734375 0.64921875 0.0375 0.096875
0 0.71796875 0.63828125 0.0359375 0.1
0 0.36328125 0.65546875 0.03515625 0.11484375
0 0.7640625 0.64375 0.04609375 0.0921875
0 0.55390625 0.3765625 0.04765625 0.1234375
0 0.95703125 0.6390625 0.0421875 0.096875
0 0.9921875 0.63515625 0.01484375 0.096875
0 0.02421875 0.8484375 0.0484375 0.0703125
0 0.03203125 0.775 0.0640625 0.05
0 0.1015625 0.77265625 0.0640625 0.0609375
0 0.83828125 0.63125 0.0453125 0.10390625
0 0.88203125 0.64921875 0.03515625 0.05
0 0.49921875 0.3859375 0.05703125 0.10859375
0 0.3875 0.3859375 0.0484375 0.1109375
0 0.83515625 0.128125 0.0390625 0.071875
0 0.7953125 0.14296875 0.0328125 0.03671875
0 0.75859375 0.1453125 0.03203125 0.03671875
0 0.7234375 0.1453125 0.0328125 0.034375
0 0.69375 0.13515625 0.0140625 0.04921875
0 0.67421875 0.1296875 0.02109375 0.06015625
0 0.646875 0.13203125 0.0234375 0.0578125
0 0.60859375 0.12265625 0.02578125 0.0765625
0 0.58515625 0.12265625 0.0140625 0.0734375
0 0.559375 0.11640625 0.028125 0.084375
0 0.5265625 0.115625 0.02578125 0.0875
0 0.47578125 0.11640625 0.0609375 0.084375
0 0.421875 0.13984375 0.03125 0.03671875
0 0.3859375 0.1375 0.034375 0.03828125
0 0.34609375 0.1140625 0.0265625 0.08671875
0 0.31484375 0.1125 0.02890625 0.0890625
0 0.27734375 0.10234375 0.0359375 0.10703125
0 0.23984375 0.1 0.03125 0.1078125
0 0.4421875 0.3875 0.05390625 0.1109375
0 0.1234375 0.1046875 0.05 0.1078125
0 0.03984375 0.103125 0.05078125 0.10546875
0 0.89921875 0.1375 0.06640625 0.05
0 0.96640625 0.12109375 0.046875 0.090625
0 0.19921875 0.1125 0.04140625 0.08984375
0 0.903125 0.24765625 0.06328125 0.11484375
0 0.96328125 0.2578125 0.04921875 0.09140625
0 0.33828125 0.3828125 0.046875 0.11875
0 0.234375 0.38046875 0.04609375 0.121875
0 0.17734375 0.3734375 0.065625 0.11796875
0 0.096875 0.371875 0.040625 0.0953125
0 0.05234375 0.3703125 0.03984375 0.09921875
0 0.015625 0.38359375 0.03125 0.06796875
0 0.09609375 0.2453125 0.034375 0.115625
0 0.0578125 0.2453125 0.0375 0.11953125
0 0.01875 0.2421875 0.0375 0.11328125
0 0.146875 0.259375 0.0609375 0.09375
0 0.28671875 0.38203125 0.05078125 0.11484375
0 0.31328125 0.240625 0.053125 0.12265625
0 0.25 0.23984375 0.059375 0.1265625
0 0.77578125 0.2515625 0.0484375 0.109375
0 0.71328125 0.25 0.04921875 0.10625
0 0.6625 0.24609375 0.04765625 0.1125
0 0.834375 0.2484375 0.0578125 0.1046875
0 0.55 0.26640625 0.046875 0.0765625
0 0.48515625 0.2421875 0.05390625 0.11953125
0 0.4265625 0.24140625 0.0515625 0.1265625
0 0.37109375 0.240625 0.05546875 0.1234375
0 0.609375 0.23984375 0.05625 0.12109375