0 0.13359375 0.48515625 0.034375 0.05078125
0 0.70390625 0.4375 0.0375 0.0265625
0 0.4234375 0.40234375 0.02734375 0.0671875
0 0.4515625 0.3984375 0.0234375 0.07890625
0 0.48046875 0.39765625 0.03046875 0.078125
0 0.5078125 0.39921875 0.025 0.0796875
0 0.53984375 0.41015625 0.03671875 0.05859375
0 0.56875 0.41171875 0.02109375 0.0625
0 0.59765625 0.4125 0.0328125 0.06015625
0 0.6296875 0.434375 0.02734375 0.02421875
0 0.09921875 0.471875 0.0359375 0.071875
0 0.06796875 0.471875 0.02265625 0.0734375
0 0.646875 0.3796875 0.03515625 0.028125
0 0.63203125 0.40859375 0.03359375 0.02578125
0 0.66328125 0.43515625 0.03984375 0.021875
0 0.70625 0.41015625 0.03671875 0.02578125
0 0.3953125 0.4 0.025 0.0703125
0 0.66796875 0.41015625 0.03359375 0.02734375
0 0.375 0.5671875 0.02890625 0.065625
0 0.35625 0.41796875 0.05 0.02890625
0 0.6671875 0.75 0.02890625 0.06171875
0 0.13828125 0.74375 0.09375 0.07265625
0 0.09921875 0.559375 0.02734375 0.07109375
0 0.13046875 0.559375 0.03046875 0.07109375
0 0.1625 0.559375 0.03515625 0.0265625
0 0.16328125 0.58671875 0.03359375 0.02421875
0 0.1984375 0.5875 0.0328125 0.02578125
0 0.2015625 0.559375 0.0390625 0.025
0 0.2421875 0.56875 0.03125 0.06875
0 0.2765625 0.56875 0.03359375 0.0671875
0 0.6296875 0.7515625 0.03046875 0.06171875
0 0.30625 0.56875 0.02265625 0.06640625
0 0.17265625 0.48671875 0.0390625 0.05
0 0.40703125 0.56484375 0.03125 0.07265625
0 0.43671875 0.56640625 0.0234375 0.075
0 0.4640625 0.57265625 0.02578125 0.071875
0 0.4921875 0.571875 0.0265625 0.07734375
0 0.52109375 0.57265625 0.02421875 0.0796875
0 0.5453125 0.571875 0.0234375 0.078125
0 0.56796875 0.56953125 0.01953125 0.08125
0 0.59140625 0.57265625 0.0234375 0.071875
0 0.6140625 0.571875 0.02265625 0.065625
0 0.340625 0.56796875 0.0390625 0.06796875
0 0.30859375 0.4171875 0.040625 0.02890625
0 0.3421875 0.2921875 0.16484375 0.103125
0 0.65546875 0.31171875 0.1265625 0.08359375
0 0.35625 0.390625 0.05 0.0234375
0 0.309375 0.3890625 0.04453125 0.028125
0 0.26796875 0.39609375 0.0296875 0.06171875
0 0.19375 0.384375 0.03828125 0.025
0 0.2328125 0.3875 0.0390625 0.02578125
0 0.2296875 0.41171875 0.03984375 0.01640625
0 0.190625 0.40859375 0.03515625 0.021875
0 0.1609375 0.396875 0.021875 0.0421875
0 0.13359375 0.384375 0.0265625 0.0234375
0 0.13515625 0.40859375 0.03125 0.02421875
0 0.50859375 0.30234375 0.1609375 0.1
0 0.103125 0.39453125 0.0234375 0.0484375
0 0.028125 0.46484375 0.03828125 0.046875
0 0.03359375 0.40703125 0.04296875 0.06640625
0 0.909375 0.22734375 0.0203125 0.06171875
0 0.88828125 0.22734375 0.01796875 0.06171875
0 0.8671875 0.2234375 0.021875 0.06015625
0 0.846875 0.22265625 0.0140625 0.06171875
0 0.81953125 0.221875 0.0375 0.0609375
0 0.79375 0.22890625 0.01484375 0.0453125
0 0.7484375 0.2328125 0.02890625 0.0546875
0 0.74140625 0.31328125 0.03046875 0.09140625
0 0.07890625 0.39375 0.02265625 0.04921875
0 0.21171875 0.475 0.034375 0.02578125
0 0.3125 0.84765625 0.03125 0.04609375
0 0.1375 0.44453125 0.03359375 0.021875
0 0.75234375 0.56875 0.03046875 0.04765625
0 0.79921875 0.5859375 0.04765625 0.05546875
0 0.8671875 0.6125 0.05625 0.0609375
0 0.77734375 0.65390625 0.02578125 0.059375
0 0.81875 0.675 0.03828125 0.07578125
0 0.86953125 0.696875 0.05390625 0.0859375
0 0.90390625 0.53671875 0.0609375 0.059375
0 0.75859375 0.746875 0.02734375 0.078125
0 0.825 0.7796875 0.0203125 0.0796875
0 0.8640625 0.79765625 0.03359375 0.0796875
0 0.76015625 0.840625 0.046875 0.0203125
0 0.75078125 0.86484375 0.04296875 0.0234375
0 0.796875 0.8859375 0.04609375 0.0265625
0 0.81640625 0.921875 0.05859375 0.034375
0 0.79140625 0.7625 0.0140625 0.07578125
0 0.66015625 0.8328125 0.07578125 0.03515625
0 0.83125 0.52421875 0.05078125 0.0578125
0 0.89296875 0.4546875 0.025 0.04609375
0 0.64921875 0.58125 0.0296875 0.06328125
0 0.475 0.5125 0.0453125 0.0234375
0 0.47890625 0.4859375 0.04140625 0.0234375
0 0.5140625 0.4875 0.02421875 0.07578125
0 0.5453125 0.4890625 0.03203125 0.07421875
0 0.5796875 0.49140625 0.03046875 0.071875
0 0.7875 0.51015625 0.03125 0.0484375
0 0.6171875 0.49296875 0.0359375 0.07109375
0 0.68046875 0.50625 0.034375 0.0546875
0 0.72265625 0.4796875 0.0359375 0.0234375
0 0.72109375 0.5140625 0.0359375 0.0421875
0 0.8453125 0.38046875 0.04453125 0.05
0 0.83515625 0.44453125 0.04296875 0.05390625
0 0.86875 0.45546875 0.021875 0.05078125
0 0.6484375 0.5 0.025 0.0640625
0 0.2109375 0.50234375 0.03671875 0.02734375
0 0.6546875 0.8703125 0.0765625 0.034375
0 0.596875 0.8703125 0.0375 0.03203125
0 0.41640625 0.74296875 0.028125 0.06875
0 0.45390625 0.74375 0.0328125 0.0671875
0 0.4859375 0.74375 0.02734375 0.06484375
0 0.5171875 0.746875 0.03203125 0.06171875
0 0.5546875 0.7484375 0.02578125 0.06171875
0 0.590625 0.7484375 0.03125 0.059375
0 0.384375 0.7390625 0.02890625 0.065625
0 0.43359375 0.5078125 0.0296875 0.025
0 0.4046875 0.48828125 0.02578125 0.0625
0 0.375 0.4890625 0.0265625 0.06015625
0 0.3421875 0.4875 0.03359375 0.0640625
0 0.3078125 0.47890625 0.03203125 0.0828125
0 0.27578125 0.478125 0.02890625 0.0828125
0 0.2453125 0.478125 0.03046875 0.0828125
0 0.4359375 0.48046875 0.03359375 0.0265625
0 0.6 0.8328125 0.04375 0.0375
0 0.35078125 0.7390625 0.028125 0.0671875
0 0.28203125 0.74140625 0.04140625 0.0671875
0 0.55546875 0.86953125 0.04296875 0.03671875
0 0.55234375 0.834375 0.0375 0.02890625
0 0.5109375 0.83046875 0.034375 0.0328125
0 0.5125 0.86484375 0.034375 0.03671875
0 0.475 0.859375 0.0328125 0.05546875
0 0.44453125 0.8484375 0.02734375 0.07265625
0 0.31953125 0.740625 0.03359375 0.06640625
0 0.41640625 0.846875 0.03125 0.071875
0 0.34609375 0.84765625 0.02890625 0.05234375
0 0.2640625 0.85 0.02421875 0.04375
0 0.23671875 0.85 0.0265625 0.0453125
0 0.2046875 0.8484375 0.0359375 0.04765625
0 0.20859375 0.7390625 0.03125 0.06328125
0 0.24375 0.74140625 0.034375 0.0703125
0 0.375 0.84921875 0.028125 0.06328125
0 0.684375 0.58125 0.03515625 0.0640625
0 0.89609375 0.8015625 0.01953125 0.075
0 0.08359375 0.6453125 0.03359375 0.06875
0 0.11640625 0.84765625 0.1109375 0.07109375
0 0.06875 0.7421875 0.0453125 0.07109375
0 0.02890625 0.85078125 0.0578125 0.0828125
0 0.0234375 0.7421875 0.02578125 0.0328125
0 0.02421875 0.703125 0.0265625 0.0296875
0 0.02265625 0.659375 0.02734375 0.0296875
0 0.0265625 0.61484375 0.0328125 0.0203125
0 0.68046875 0.66015625 0.040625 0.06484375
0 0.0234375 0.59296875 0.03828125 0.01953125
0 0.021875 0.54375 0.03515625 0.0328125
0 0.06953125 0.55625 0.02890625 0.07109375
0 0.93984375 0.93515625 0.05390625 0.0609375
0 0.9015625 0.88046875 0.05625 0.03828125
0 0.88046875 0.94609375 0.03515625 0.05703125
0 0.19765625 0.29296875 0.1203125 0.0703125
0 0.05546875 0.64375 0.01953125 0.06953125
0 0.01953125 0.5703125 0.0390625 0.021875
0 0.64765625 0.6609375 0.025 0.0671875
0 0.08046875 0.28828125 0.1125 0.08359375
0 0.58203125 0.671875 0.0265625 0.03984375
0 0.6140625 0.671875 0.03359375 0.040625
0 0.1125 0.64609375 0.01953125 0.06875
0 0.1828125 0.66796875 0.0359375 0.02421875
0 0.14453125 0.64140625 0.0390625 0.02734375
0 0.1859375 0.64140625 0.03828125 0.0234375
0 0.22265625 0.64765625 0.02578125 0.06875
0 0.2515625 0.6484375 0.0265625 0.0671875
0 0.28828125 0.65 0.0375 0.06484375
0 0.1421875 0.671875 0.0375 0.02578125
0 0.359375 0.65390625 0.03984375 0.06640625
0 0.3921875 0.6609375 0.0203125 0.04921875
0 0.421875 0.6671875 0.03984375 0.03671875
0 0.46171875 0.66796875 0.03359375 0.0375
0 0.4984375 0.6609375 0.0296875 0.06171875
0 0.55234375 0.66015625 0.0265625 0.06015625
0 0.32265625 0.65078125 0.0296875 0.06640625
0 0.52578125 0.66171875 0.0234375 0.06015625