0 0.57109375 0.3984375 0.05546875 0.053125
0 0.2765625 0.409375 0.01953125 0.04765625
0 0.51171875 0.40703125 0.05 0.05703125
0 0.5046875 0.34921875 0.04453125 0.0453125
0 0.4484375 0.40390625 0.05390625 0.0609375
0 0.38984375 0.40390625 0.0515625 0.06015625
0 0.32265625 0.40390625 0.06875 0.0515625
0 0.253125 0.41015625 0.021875 0.04921875
0 0.93671875 0.36171875 0.05078125 0.06875
0 0.2109375 0.4078125 0.01953125 0.05546875
0 0.19140625 0.4078125 0.0171875 0.05625
0 0.128125 0.459375 0.08359375 0.0890625
0 0.0625 0.48515625 0.04375 0.040625
0 0.015625 0.46484375 0.03125 0.08671875
0 0.98125 0.3703125 0.0375 0.053125
0 0.62734375 0.4 0.05546875 0.05078125
0 0.23203125 0.40859375 0.01953125 0.04921875
0 0.68359375 0.40078125 0.05078125 0.05859375
0 0.34140625 0.515625 0.053125 0.084375
0 0.80859375 0.40078125 0.05078125 0.05
0 0.71796875 0.52265625 0.04296875 0.07578125
0 0.67421875 0.5234375 0.0421875 0.075
0 0.63125 0.525 0.040625 0.07109375
0 0.58515625 0.53046875 0.0453125 0.0609375
0 0.5 0.52890625 0.04375 0.0625
0 0.4515625 0.528125 0.04609375 0.065625
0 0.396875 0.51953125 0.05625 0.08203125
0 0.7453125 0.3984375 0.053125 0.05
0 0.878125 0.34609375 0.0546875 0.1015625
0 0.221875 0.5421875 0.071875 0.05703125
0 0.16640625 0.56484375 0.0328125 0.07109375
0 0.1234375 0.55390625 0.0296875 0.04921875
0 0.06875 0.5953125 0.0515625 0.08984375
0 0.953125 0.48984375 0.09375 0.08203125
0 0.8703125 0.509375 0.06484375 0.0359375
0 0.8703125 0.47734375 0.06953125 0.02578125
0 0.2859375 0.51484375 0.04765625 0.0921875
0 0.82890625 0.23828125 0.034375 0.04140625
0 0.52578125 0.23984375 0.03046875 0.040625
0 0.75859375 0.240625 0.03203125 0.04140625
0 0.7984375 0.0734375 0.05 0.146875
0 0.74453125 0.075 0.0578125 0.1484375
0 0.6875 0.07578125 0.05625 0.14140625
0 0.63359375 0.07265625 0.0515625 0.1453125
0 0.55234375 0.103125 0.03671875 0.09296875
0 0.5171875 0.1046875 0.03359375 0.096875
0 0.4859375 0.103125 0.028125 0.09375
0 0.4578125 0.1015625 0.028125 0.09765625
0 0.428125 0.0984375 0.03203125 0.09296875
0 0.3859375 0.0859375 0.05078125 0.1203125
0 0.33203125 0.08515625 0.05078125 0.1203125
0 0.290625 0.1015625 0.0328125 0.08828125
0 0.259375 0.1015625 0.0265625 0.08671875
0 0.23125 0.103125 0.0265625 0.0859375
0 0.1828125 0.09453125 0.06875 0.11015625
0 0.10703125 0.1375 0.0734375 0.08828125
0 0.02421875 0.153125 0.0484375 0.0609375
0 0.85546875 0.0734375 0.0609375 0.146875
0 0.90546875 0.17109375 0.0359375 0.1234375
0 0.9703125 0.17578125 0.059375 0.1046875
0 0.05546875 0.29765625 0.06640625 0.07265625
0 0.72109375 0.240625 0.0390625 0.03828125
0 0.80859375 0.2796875 0.0671875 0.03203125
0 0.73671875 0.28125 0.065625 0.034375
0 0.66015625 0.27734375 0.065625 0.046875
0 0.58046875 0.28203125 0.06328125 0.034375
0 0.59296875 0.2421875 0.03359375 0.0375
0 0.5609375 0.2421875 0.02578125 0.0375
0 0.503125 0.2796875 0.0703125 0.028125
0 0.7953125 0.23984375 0.0328125 0.0390625
0 0.76484375 0.51953125 0.04453125 0.07421875
0 0.4453125 0.28046875 0.03046875 0.03671875
0 0.41171875 0.28046875 0.03359375 0.03671875
0 0.4390625 0.23828125 0.0234375 0.03984375
0 0.40546875 0.240625 0.03125 0.04296875
0 0.35703125 0.24609375 0.04609375 0.10546875
0 0.28671875 0.24296875 0.0421875 0.103125
0 0.2453125 0.26796875 0.03203125 0.0515625
0 0.1828125 0.24453125 0.04765625 0.1078125
0 0.48671875 0.2421875 0.02890625 0.04453125
0 0.8125 0.521875 0.040625 0.071875
0 0.53984375 0.52890625 0.0359375 0.0671875
0 0.22265625 0.61484375 0.03125 0.03046875
0 0.63046875 0.740625 0.053125 0.071875
0 0.56953125 0.73828125 0.05234375 0.07578125
0 0.51328125 0.73984375 0.04765625 0.07265625
0 0.45546875 0.76015625 0.06015625 0.0515625
0 0.390625 0.76328125 0.0578125 0.04921875
0 0.34453125 0.75 0.02890625 0.07890625
0 0.30703125 0.75078125 0.0359375 0.05859375
0 0.25 0.73828125 0.053125 0.0359375
0 0.159375 0.715625 0.0328125 0.06640625
0 0.13359375 0.70703125 0.01171875 0.05546875
0 0.08203125 0.71953125 0.04296875 0.053125
0 0.96328125 0.6015625 0.0734375 0.10078125
0 0.87265625 0.6328125 0.09921875 0.096875
0 0.6859375 0.74296875 0.05546875 0.06875
0 0.79140625 0.615625 0.03046875 0.025
0 0.73515625 0.63046875 0.06328125 0.02265625
0 0.74140625 0.603125 0.0671875 0.03046875
0 0.67890625 0.6421875 0.0421875 0.0515625
0 0.61328125 0.66015625 0.07109375 0.03515625
0 0.53671875 0.66484375 0.0765625 0.02734375
0 0.53359375 0.634375 0.0765625 0.03046875
0 0.45859375 0.6328125 0.07421875 0.09296875
0 0.38125 0.63984375 0.07421875 0.07578125
0 0.3 0.66484375 0.0734375 0.02578125
0 0.3015625 0.640625 0.078125 0.0171875
0 0.28515625 0.615625 0.08359375 0.03203125
0 0.24375 0.6703125 0.028125 0.01328125
0 0.2109375 0.67109375 0.02890625 0.01015625
0 0.740625 0.6625 0.0640625 0.02734375
0 0.74140625 0.73671875 0.05390625 0.07109375
0 0.79453125 0.6609375 0.04375 0.0296875
0 0.94765625 0.73359375 0.10390625 0.0625
0 0.2109375 0.65390625 0.028125 0.021875
0 0.79921875 0.7359375 0.053125 0.0734375
0 0.24140625 0.653125 0.03359375 0.02109375
0 0.0328125 0.72265625 0.0484375 0.04453125
0 0.9328125 0.86328125 0.13359375 0.1109375
0 0.8203125 0.87578125 0.08828125 0.09765625
0 0.73828125 0.871875 0.0625 0.08828125
0 0.66796875 0.87109375 0.07734375 0.0953125
0 0.4546875 0.83671875 0.103125 0.05390625
0 0.31953125 0.8703125 0.16328125 0.10390625
0 0.1484375 0.87578125 0.1234375 0.0578125
0 0.090625 0.821875 0.0171875 0.01953125
0 0.071875 0.821875 0.01953125 0.01875
0 0.56796875 0.88046875 0.1140625 0.084375
0 0.02578125 0.8046875 0.01796875 0.02109375
0 0.03359375 0.8234375 0.01953125 0.01484375
0 0.0125 0.8234375 0.0171875 0.0140625
0 0.10546875 0.8 0.01640625 0.01875
0 0.08671875 0.8 0.01796875 0.0203125
0 0.06640625 0.80234375 0.01953125 0.0171875
0 0.0453125 0.80390625 0.01953125 0.01953125
0 0.053125 0.82265625 0.01875 0.01796875
0 0.00703125 0.8046875 0.0140625 0.02109375