0 0.23515625 0.20234375 0.04453125 0.0859375
0 0.9015625 0.10078125 0.02421875 0.053125
0 0.92578125 0.10390625 0.02265625 0.059375
0 0.9484375 0.1078125 0.02421875 0.0515625
0 0.97890625 0.1046875 0.02734375 0.06640625
0 0.56796875 0.2015625 0.02734375 0.09375
0 0.5359375 0.21171875 0.0328125 0.075
0 0.37890625 0.2046875 0.03984375 0.07421875
0 0.421875 0.20859375 0.04375 0.08125
0 0.46328125 0.209375 0.0390625 0.07890625
0 0.5 0.21015625 0.03671875 0.078125
0 0.8796875 0.09765625 0.01953125 0.059375
0 0.33203125 0.2015625 0.05390625 0.08203125
0 0.85546875 0.096875 0.0328125 0.05546875
0 0.27265625 0.03984375 0.046875 0.0734375
0 0.75546875 0.071875 0.040625 0.06875
0 0.721875 0.0828125 0.03046875 0.06328125
0 0.68984375 0.078125 0.03515625 0.071875
0 0.65859375 0.075 0.02890625 0.075
0 0.6265625 0.06875 0.03359375 0.075
0 0.5921875 0.0671875 0.03515625 0.0765625
0 0.553125 0.0609375 0.0421875 0.0734375
0 0.5140625 0.05625 0.0359375 0.0828125
0 0.47109375 0.05234375 0.05078125 0.07265625
0 0.4203125 0.0453125 0.046875 0.084375
0 0.37265625 0.0421875 0.04921875 0.0765625
0 0.321875 0.040625 0.0515625 0.07734375
0 0.2171875 0.0390625 0.06171875 0.0734375
0 0.5953125 0.19921875 0.02890625 0.096875
0 0.8234375 0.0875 0.03125 0.07421875
0 0.6234375 0.1984375 0.02421875 0.09296875
0 0.32578125 0.74375 0.03515625 0.09296875
0 0.67265625 0.2015625 0.02734375 0.0890625
0 0.57265625 0.58125 0.03125 0.075
0 0.60390625 0.5765625 0.025 0.0640625
0 0.634375 0.57109375 0.03359375 0.075
0 0.66640625 0.56328125 0.03359375 0.059375
0 0.69453125 0.55859375 0.02578125 0.0578125
0 0.71953125 0.5546875 0.025 0.0484375
0 0.746875 0.546875 0.0265625 0.0625
0 0.7734375 0.5421875 0.0265625 0.04609375
0 0.54453125 0.5890625 0.02734375 0.059375
0 0.7984375 0.53125 0.02421875 0.06875
0 0.8453125 0.521875 0.02265625 0.06640625
0 0.86640625 0.515625 0.01796875 0.05390625
0 0.9046875 0.509375 0.02734375 0.0421875
0 0.92578125 0.503125 0.01640625 0.05390625
0 0.97734375 0.4875 0.02421875 0.0484375
0 0.27265625 0.7578125 0.05078125 0.084375
0 0.36640625 0.73515625 0.04609375 0.075
0 0.4078125 0.725 0.03515625 0.0765625
0 0.82421875 0.525 0.01875 0.059375
0 0.44296875 0.71796875 0.0359375 0.0640625
0 0.51171875 0.596875 0.03828125 0.07421875
0 0.403125 0.62109375 0.04453125 0.0875
0 0.57890625 0.459375 0.03125 0.0875
0 0.61015625 0.45078125 0.0265625 0.0796875
0 0.63671875 0.45546875 0.0265625 0.07109375
0 0.66640625 0.45234375 0.03359375 0.0640625
0 0.696875 0.4484375 0.02734375 0.0703125
0 0.7234375 0.4453125 0.02734375 0.06328125
0 0.75234375 0.43984375 0.02734375 0.075
0 0.77734375 0.434375 0.02109375 0.0640625
0 0.4734375 0.59921875 0.03828125 0.06875
0 0.82890625 0.42578125 0.02421875 0.0609375
0 0.87578125 0.4234375 0.02421875 0.065625
0 0.8984375 0.41640625 0.02109375 0.053125
0 0.9328125 0.4078125 0.0234375 0.05
0 0.95390625 0.40546875 0.01875 0.046875
0 0.97734375 0.40546875 0.03125 0.0484375
0 0.2703125 0.64375 0.05546875 0.07890625
0 0.3171875 0.63671875 0.0390625 0.09375
0 0.359375 0.62734375 0.04453125 0.075
0 0.85234375 0.4234375 0.0234375 0.06328125
0 0.48046875 0.709375 0.03125 0.05859375
0 0.51171875 0.70078125 0.03515625 0.053125
0 0.5453125 0.6875 0.03203125 0.0765625
0 0.63203125 0.7875 0.03046875 0.071875
0 0.65859375 0.77734375 0.01953125 0.0625
0 0.6828125 0.7703125 0.02734375 0.0765625
0 0.7203125 0.7453125 0.03359375 0.0578125
0 0.59921875 0.79921875 0.03359375 0.05859375
0 0.76796875 0.73046875 0.03046875 0.0515625
0 0.79296875 0.7234375 0.02109375 0.0640625
0 0.815625 0.71640625 0.02265625 0.04921875
0 0.54453125 0.821875 0.03125 0.059375
0 0.8359375 0.7 0.01796875 0.08203125
0 0.86875 0.69609375 0.015625 0.06015625
0 0.88671875 0.68828125 0.01953125 0.0453125
0 0.90703125 0.68671875 0.01953125 0.05
0 0.925 0.6796875 0.01484375 0.034375
0 0.9390625 0.67265625 0.01484375 0.0453125
0 0.95390625 0.66015625 0.01953125 0.040625
0 0.97109375 0.6546875 0.01171875 0.053125
0 0.98671875 0.65078125 0.02109375 0.0453125
0 0.85234375 0.6921875 0.01796875 0.0671875
0 0.51328125 0.83359375 0.02890625 0.0828125
0 0.47890625 0.8484375 0.03828125 0.053125
0 0.44375 0.8578125 0.02890625 0.06796875
0 0.57578125 0.67734375 0.03046875 0.0546875
0 0.60625 0.6671875 0.02890625 0.075
0 0.6421875 0.65390625 0.04375 0.0609375
0 0.67734375 0.6484375 0.02578125 0.059375
0 0.70703125 0.6421875 0.025 0.06875
0 0.74296875 0.62109375 0.03828125 0.059375
0 0.77421875 0.61484375 0.025 0.07109375
0 0.815625 0.60546875 0.0265625 0.05390625
0 0.84140625 0.59765625 0.0265625 0.0703125
0 0.86640625 0.59375 0.0234375 0.06015625
0 0.88515625 0.58984375 0.01328125 0.06484375
0 0.903125 0.58125 0.02109375 0.046875
0 0.92265625 0.57578125 0.01953125 0.05625
0 0.9421875 0.5703125 0.01796875 0.0453125
0 0.9625 0.56640625 0.0203125 0.053125
0 0.29609375 0.9140625 0.04140625 0.06875
0 0.3375 0.9 0.0421875 0.065625
0 0.37890625 0.8859375 0.03359375 0.053125
0 0.41640625 0.86640625 0.03046875 0.06875
0 0.5484375 0.4609375 0.02890625 0.08515625
0 0.64765625 0.2 0.0234375 0.0921875
0 0.5203125 0.4671875 0.02109375 0.08828125
0 0.46171875 0.4828125 0.0296875 0.0796875
0 0.790625 0.3296875 0.0296875 0.07890625
0 0.76328125 0.33203125 0.028125 0.0734375
0 0.74140625 0.33203125 0.01953125 0.0703125
0 0.7171875 0.33203125 0.02734375 0.06875
0 0.6921875 0.33515625 0.02421875 0.0734375
0 0.6625 0.33828125 0.03359375 0.0671875
0 0.6296875 0.340625 0.03125 0.071875
0 0.59609375 0.3421875 0.0375 0.06953125
0 0.56484375 0.34375 0.02421875 0.0734375
0 0.534375 0.3453125 0.0359375 0.071875
0 0.465625 0.3453125 0.040625 0.09140625
0 0.42421875 0.353125 0.0421875 0.07421875
0 0.38359375 0.35 0.03984375 0.09375
0 0.34140625 0.35625 0.04609375 0.0796875
0 0.8203125 0.32421875 0.02421875 0.0671875
0 0.29140625 0.36015625 0.05078125 0.0875
0 0.990625 0.209375 0.01875 0.071875
0 0.97265625 0.2109375 0.02109375 0.0703125
0 0.95390625 0.209375 0.01875 0.0734375
0 0.9359375 0.20625 0.0171875 0.078125
0 0.9203125 0.20703125 0.01171875 0.0765625
0 0.90390625 0.20546875 0.01953125 0.0734375
0 0.88515625 0.203125 0.01953125 0.0765625
0 0.86328125 0.2046875 0.02578125 0.078125
0 0.8328125 0.2078125 0.034375 0.071875
0 0.79296875 0.2046875 0.02734375 0.08125
0 0.765625 0.203125 0.02578125 0.0859375
0 0.74140625 0.2015625 0.02578125 0.08828125
0 0.71875 0.2015625 0.0203125 0.08828125
0 0.69765625 0.2015625 0.021875 0.08828125
0 0.24296875 0.36015625 0.04609375 0.0875
0 0.49296875 0.46953125 0.03203125 0.084375
0 0.28203125 0.203125 0.04765625 0.08515625
0 0.4296875 0.484375 0.03359375 0.0765625
0 0.3890625 0.490625 0.0421875 0.09296875
0 0.34765625 0.5 0.040625 0.075
0 0.3078125 0.50546875 0.03984375 0.08671875
0 0.259375 0.50859375 0.05546875 0.0796875
0 0.86328125 0.32734375 0.0171875 0.0546875
0 0.84375 0.32890625 0.02265625 0.06015625