0 0.371875 0.35859375 0.05234375 0.07265625
0 0.42578125 0.36171875 0.0484375 0.07109375
0 0.4765625 0.3671875 0.04453125 0.0578125
0 0.52734375 0.36796875 0.04765625 0.06015625
0 0.5734375 0.36875 0.03671875 0.05390625
0 0.65859375 0.27421875 0.078125 0.03828125
0 0.72890625 0.35390625 0.05625 0.08515625
0 0.303125 0.69609375 0.04296875 0.078125
0 0.25234375 0.70078125 0.04765625 0.0734375
0 0.20078125 0.70234375 0.0515625 0.07421875
0 0.15 0.70703125 0.02578125 0.07109375
0 0.11328125 0.70703125 0.03984375 0.0734375
0 0.6703125 0.353125 0.046875 0.08671875
0 0.621875 0.36796875 0.0484375 0.0546875
0 0.2578125 0.36484375 0.08046875 0.0578125
0 0.16875 0.36328125 0.08984375 0.06171875
0 0.103125 0.36640625 0.0390625 0.0546875
0 0.05390625 0.3640625 0.05625 0.059375
0 0.9828125 0.26875 0.03046875 0.059375
0 0.9171875 0.2640625 0.0328125 0.06796875
0 0.8765625 0.26328125 0.0359375 0.06796875
0 0.35390625 0.25234375 0.059375 0.06796875
0 0.41640625 0.2546875 0.059375 0.06796875
0 0.47578125 0.271875 0.05546875 0.0359375
0 0.5296875 0.27421875 0.04765625 0.03359375
0 0.58125 0.2765625 0.0515625 0.0359375
0 0.52734375 0.240625 0.06875 0.02265625
0 0.05390625 0.709375 0.0390625 0.07890625
0 0.7359375 0.2765625 0.0765625 0.0375
0 0.32421875 0.3578125 0.03828125 0.07265625
0 0.81640625 0.2765625 0.06953125 0.03828125
0 0.20390625 0.590625 0.06015625 0.07109375
0 0.953125 0.56875 0.03515625 0.065625
0 0.89609375 0.3546875 0.040625 0.0875
0 0.95234375 0.3546875 0.06328125 0.0859375
0 0.071875 0.46640625 0.05859375 0.08046875
0 0.1234375 0.46640625 0.03359375 0.08046875
0 0.17109375 0.46640625 0.05234375 0.078125
0 0.23125 0.46875 0.04375 0.07421875
0 0.3 0.48046875 0.06171875 0.04921875
0 0.2890625 0.25234375 0.065625 0.06875
0 0.365625 0.47890625 0.05703125 0.04453125
0 0.41796875 0.478125 0.0375 0.04296875
0 0.46640625 0.47890625 0.04375 0.04453125
0 0.50859375 0.47734375 0.03984375 0.04375
0 0.55390625 0.4765625 0.040625 0.0453125
0 0.59765625 0.4765625 0.0421875 0.04453125
0 0.9875 0.5640625 0.025 0.06875
0 0.93828125 0.4625 0.03984375 0.0671875
0 0.140625 0.5984375 0.059375 0.0578125
0 0.26875 0.58984375 0.05859375 0.0671875
0 0.3265625 0.5859375 0.0515625 0.06796875
0 0.3859375 0.584375 0.05 0.06796875
0 0.43828125 0.5796875 0.04375 0.0703125
0 0.48125 0.578125 0.040625 0.07265625
0 0.5421875 0.5828125 0.07734375 0.05390625
0 0.62109375 0.58203125 0.0765625 0.05703125
0 0.68125 0.56796875 0.03828125 0.0796875
0 0.728125 0.56484375 0.046875 0.090625
0 0.77265625 0.56328125 0.0375 0.090625
0 0.81875 0.5625 0.0484375 0.0859375
0 0.86875 0.56875 0.0421875 0.06484375
0 0.9140625 0.56953125 0.0390625 0.06484375
0 0.07265625 0.596875 0.06328125 0.06484375
0 0.2140625 0.25234375 0.08203125 0.0609375
0 0.48828125 0.03203125 0.0640625 0.05859375
0 0.03984375 0.2484375 0.075 0.06484375
0 0.2625 0.02578125 0.046875 0.0484375
0 0.20859375 0.0234375 0.0453125 0.0453125
0 0.16015625 0.0234375 0.04765625 0.0390625
0 0.1015625 0.0203125 0.05859375 0.0359375
0 0.034375 0.0203125 0.0640625 0.0359375
0 0.3484375 0.696875 0.04375 0.07421875
0 0.39375 0.6921875 0.040625 0.07265625
0 0.44140625 0.690625 0.0453125 0.07421875
0 0.49609375 0.6890625 0.05390625 0.06953125
0 0.55 0.68828125 0.04921875 0.0671875
0 0.61015625 0.6875 0.05390625 0.0671875
0 0.984375 0.66796875 0.03125 0.0640625
0 0.05078125 0.87109375 0.06328125 0.08046875
0 0.1140625 0.8734375 0.05234375 0.07109375
0 0.171875 0.86953125 0.05390625 0.07421875
0 0.22734375 0.865625 0.05234375 0.06875
0 0.2796875 0.85859375 0.04609375 0.06953125
0 0.3609375 0.84921875 0.078125 0.0765625
0 0.434375 0.84296875 0.0609375 0.075
0 0.515625 0.85078125 0.04140625 0.06328125
0 0.56484375 0.84609375 0.04921875 0.059375
0 0.6140625 0.84375 0.04140625 0.05625
0 0.66015625 0.82421875 0.0453125 0.08984375
0 0.7078125 0.81953125 0.0453125 0.0890625
0 0.75859375 0.828125 0.04765625 0.06796875
0 0.80390625 0.82734375 0.03515625 0.05234375
0 0.915625 0.80625 0.16640625 0.0703125
0 0.74921875 0.671875 0.16328125 0.078125
0 0.7859375 0.353125 0.04765625 0.08671875
0 0.340625 0.02734375 0.05 0.0546875
0 0.12734375 0.25 0.08359375 0.06328125
0 0.4171875 0.02890625 0.065625 0.05625
0 0.6125 0.0375 0.046875 0.0671875
0 0.98046875 0.16484375 0.03046875 0.06796875
0 0.940625 0.16171875 0.040625 0.06953125
0 0.89921875 0.16015625 0.0390625 0.06875
0 0.85859375 0.16015625 0.03828125 0.06640625
0 0.81953125 0.1609375 0.0296875 0.06484375
0 0.78125 0.1578125 0.04140625 0.06875
0 0.73359375 0.1546875 0.0375 0.0703125
0 0.6953125 0.15234375 0.0328125 0.06953125
0 0.64921875 0.15390625 0.04765625 0.0671875
0 0.59453125 0.153125 0.03515625 0.0609375
0 0.53671875 0.15 0.04375 0.0640625
0 0.4546875 0.1453125 0.05078125 0.06796875
0 0.40078125 0.1421875 0.04609375 0.0703125
0 0.56015625 0.034375 0.05234375 0.06640625
0 0.34375 0.1375 0.05625 0.06953125
0 0.23515625 0.13359375 0.04765625 0.0734375
0 0.6625 0.0390625 0.0484375 0.06875
0 0.709375 0.0421875 0.0390625 0.07265625
0 0.7515625 0.04375 0.0390625 0.07265625
0 0.79140625 0.04765625 0.0359375 0.065625
0 0.82890625 0.0515625 0.03203125 0.06484375
0 0.87265625 0.05 0.04140625 0.0671875
0 0.28828125 0.1296875 0.04609375 0.084375
0 0.92109375 0.05390625 0.0453125 0.0671875
0 0.9625 0.05546875 0.03359375 0.065625
0 0.053125 0.14609375 0.06328125 0.03046875
0 0.11875 0.14765625 0.059375 0.03203125
0 0.05546875 0.11328125 0.06484375 0.03203125
0 0.1203125 0.11484375 0.0609375 0.03046875
0 0.18359375 0.1296875 0.04765625 0.071875
0 0.83828125 0.35234375 0.053125 0.0859375