0 0.04921875 0.1265625 0.0375 0.08828125
0 0.3734375 0.10625 0.04140625 0.09921875
0 0.33203125 0.10859375 0.04375 0.09453125
0 0.94453125 0.1046875 0.0546875 0.109375
0 0.88984375 0.11015625 0.05546875 0.10078125
0 0.946875 0.25390625 0.06640625 0.11328125
0 0.79453125 0.11484375 0.06015625 0.11953125
0 0.11953125 0.11953125 0.04296875 0.07421875
0 0.1546875 0.1140625 0.028125 0.08671875
0 0.8421875 0.11875 0.0375 0.11171875
0 0.4125 0.09921875 0.034375 0.08828125
0 0.42109375 0.2234375 0.034375 0.09140625
0 0.496875 0.09296875 0.0390625 0.08515625
0 0.5453125 0.08984375 0.05859375 0.0953125
0 0.59609375 0.08984375 0.03828125 0.09921875
0 0.63828125 0.09140625 0.04140625 0.09296875
0 0.3296875 0.22734375 0.05078125 0.103125
0 0.37734375 0.2296875 0.04921875 0.096875
0 0.46015625 0.22265625 0.04375 0.09375
0 0.503125 0.21953125 0.03984375 0.096875
0 0.54765625 0.22265625 0.04765625 0.0921875
0 0.59296875 0.2234375 0.03671875 0.09921875
0 0.078125 0.12734375 0.021875 0.08828125
0 0.45078125 0.10078125 0.040625 0.0921875
0 0.88359375 0.2546875 0.05859375 0.11171875
0 0.84609375 0.79375 0.04921875 0.1078125
0 0.7765625 0.25546875 0.0515625 0.11328125
0 0.73125 0.89296875 0.04765625 0.1015625
0 0.775 0.9 0.040625 0.08984375
0 0.815625 0.90703125 0.040625 0.11015625
0 0.8625 0.91015625 0.05 0.10234375
0 0.91484375 0.91484375 0.0515625 0.11640625
0 0.9625 0.92578125 0.040625 0.096875
0 0.74453125 0.77265625 0.0453125 0.0953125
0 0.79375 0.7828125 0.0546875 0.0859375
0 0.63984375 0.21953125 0.053125 0.0984375
0 0.8953125 0.7984375 0.05 0.09765625
0 0.9578125 0.80078125 0.06796875 0.10234375
0 0.74921875 0.65703125 0.059375 0.103125
0 0.80546875 0.66484375 0.05390625 0.0921875
0 0.86484375 0.67109375 0.06171875 0.11328125
0 0.9203125 0.68125 0.046875 0.096875
0 0.96875 0.68046875 0.0453125 0.10078125
0 0.75625 0.53828125 0.0515625 0.09765625
0 0.8171875 0.53984375 0.06015625 0.09375
0 0.8734375 0.54296875 0.0546875 0.10078125
0 0.93359375 0.54375 0.065625 0.09921875
0 0.76484375 0.3953125 0.0484375 0.1234375
0 0.8140625 0.396875 0.05 0.11953125
0 0.865625 0.39765625 0.0515625 0.12265625
0 0.92109375 0.4109375 0.059375 0.0984375
0 0.97578125 0.40703125 0.046875 0.0984375
0 0.8296875 0.25546875 0.053125 0.1125
0 0.34140625 0.3453125 0.03359375 0.1
0 0.590625 0.48359375 0.04296875 0.103125
0 0.4171875 0.3453125 0.03515625 0.10390625
0 0.1890625 0.775 0.05703125 0.109375
0 0.01484375 0.65625 0.025 0.08359375
0 0.04375 0.659375 0.03515625 0.07890625
0 0.078125 0.66015625 0.03046875 0.08125
0 0.10859375 0.6640625 0.0328125 0.075
0 0.14140625 0.66796875 0.03125 0.0859375
0 0.175 0.23046875 0.0359375 0.08515625
0 0.13828125 0.23671875 0.0359375 0.09296875
0 0.10390625 0.23828125 0.03203125 0.090625
0 0.075 0.23671875 0.0234375 0.0890625
0 0.046875 0.23984375 0.0359375 0.08515625
0 0.015625 0.2328125 0.0296875 0.08203125
0 0.16171875 0.34296875 0.04140625 0.0921875
0 0.12109375 0.340625 0.03359375 0.0828125
0 0.05625 0.7640625 0.059375 0.109375
0 0.08671875 0.340625 0.034375 0.0828125
0 0.02890625 0.33671875 0.0328125 0.08125
0 0.18671875 0.46015625 0.03515625 0.0921875
0 0.1515625 0.45625 0.034375 0.0984375
0 0.11796875 0.45390625 0.028125 0.09140625
0 0.08515625 0.45390625 0.03125 0.09375
0 0.0578125 0.45234375 0.021875 0.08828125
0 0.03046875 0.44765625 0.0359375 0.09921875
0 0.15859375 0.5671875 0.03203125 0.0984375
0 0.12578125 0.5671875 0.03046875 0.09453125
0 0.09453125 0.56328125 0.03359375 0.09375
0 0.06171875 0.56328125 0.025 0.08671875
0 0.03671875 0.56015625 0.028125 0.08984375
0 0.0109375 0.55234375 0.01875 0.096875
0 0.17890625 0.6734375 0.0359375 0.075
0 0.0578125 0.33984375 0.025 0.07890625
0 0.3796875 0.34375 0.04140625 0.1015625
0 0.5234375 0.8328125 0.03203125 0.071875
0 0.45859375 0.82265625 0.03203125 0.07578125
0 0.45625 0.34765625 0.0390625 0.10078125
0 0.503125 0.34765625 0.0515625 0.10546875
0 0.553125 0.34375 0.0453125 0.11015625
0 0.59765625 0.34375 0.03828125 0.1125
0 0.6390625 0.34765625 0.0390625 0.10546875
0 0.3328125 0.46796875 0.03359375 0.10390625
0 0.36328125 0.47109375 0.02578125 0.09765625
0 0.39609375 0.475 0.03828125 0.10625
0 0.43125 0.4765625 0.03046875 0.09921875
0 0.47421875 0.47890625 0.034375 0.10078125
0 0.50703125 0.478125 0.03125 0.1015625
0 0.54609375 0.48046875 0.04375 0.10703125
0 0.63359375 0.484375 0.03984375 0.10625
0 0.3359375 0.5828125 0.04296875 0.08203125
0 0.4890625 0.82421875 0.02890625 0.08671875
0 0.37421875 0.5859375 0.0359375 0.0796875
0 0.45390625 0.59609375 0.03984375 0.0796875
0 0.42578125 0.81640625 0.0328125 0.08046875
0 0.39609375 0.8125 0.02578125 0.06953125
0 0.365625 0.80703125 0.03515625 0.08125
0 0.596875 0.71796875 0.05234375 0.096875
0 0.5453125 0.7125 0.04609375 0.103125
0 0.4125 0.590625 0.04140625 0.0890625
0 0.49921875 0.703125 0.04375 0.0859375
0 0.40703125 0.69296875 0.04375 0.08515625
0 0.36171875 0.69296875 0.04765625 0.08671875
0 0.6171875 0.61015625 0.0359375 0.0859375
0 0.5765625 0.60703125 0.04296875 0.09140625
0 0.53671875 0.60546875 0.0375 0.0859375
0 0.49453125 0.603125 0.03828125 0.09296875
0 0.45546875 0.69921875 0.0421875 0.0953125
0 0.125 0.76953125 0.07421875 0.09765625