0 0.81875 0.5453125 0.03203125 0.02734375
0 0.7796875 0.5515625 0.03671875 0.0359375
0 0.740625 0.55 0.0328125 0.03984375
0 0.78515625 0.5140625 0.03828125 0.034375
0 0.73984375 0.5171875 0.05078125 0.02890625
0 0.7046875 0.5546875 0.03125 0.053125
0 0.6765625 0.56328125 0.02578125 0.0375
0 0.63359375 0.55 0.06171875 0.084375
0 0.58046875 0.553125 0.04921875 0.078125
0 0.4875 0.58671875 0.04765625 0.025
0 0.48984375 0.55859375 0.04296875 0.03125
0 0.46328125 0.521875 0.05625 0.0203125
0 0.4421875 0.56328125 0.04609375 0.021875
0 0.44296875 0.59375 0.04453125 0.040625
0 0.3859375 0.56875 0.06953125 0.090625
0 0.31796875 0.578125 0.0640625 0.1078125
0 0.85703125 0.521875 0.0453125 0.0734375
0 0.903125 0.52578125 0.02265625 0.04453125
0 0.92421875 0.52734375 0.01953125 0.0421875
0 0.9234375 0.4859375 0.02109375 0.0421875
0 0.425 0.65234375 0.040625 0.021875
0 0.5203125 0.6640625 0.04296875 0.0171875
0 0.47421875 0.671875 0.04609375 0.03125
0 0.43203125 0.678125 0.03984375 0.01796875
0 0.51953125 0.69296875 0.04765625 0.0359375
0 0.47421875 0.70078125 0.03984375 0.01796875
0 0.42890625 0.7109375 0.05078125 0.03828125
0 0.37265625 0.71796875 0.05390625 0.0234375
0 0.37421875 0.6890625 0.0578125 0.02265625
0 0.37578125 0.66484375 0.0546875 0.02265625
0 0.3203125 0.70625 0.05234375 0.09140625
0 0.2578125 0.70625 0.0734375 0.08984375
0 0.18359375 0.75390625 0.06015625 0.04375
0 0.1265625 0.7609375 0.05234375 0.02890625
0 0.06796875 0.765625 0.03984375 0.0859375
0 0.025 0.76875 0.04375 0.078125
0 0.9578125 0.509375 0.0359375 0.0671875
0 0.25859375 0.615625 0.05625 0.03359375
0 0.18984375 0.628125 0.065625 0.04296875
0 0.9828125 0.7703125 0.02578125 0.08828125
0 0.18203125 0.58515625 0.0671875 0.0453125
0 0.43828125 0.41640625 0.07421875 0.1203125
0 0.30390625 0.421875 0.05390625 0.128125
0 0.24609375 0.42265625 0.0609375 0.12578125
0 0.18203125 0.425 0.05625 0.13046875
0 0.11875 0.42421875 0.06796875 0.13125
0 0.946875 0.19453125 0.01640625 0.084375
0 0.96796875 0.20078125 0.0265625 0.0734375
0 0.990625 0.209375 0.01796875 0.0796875
0 0.02734375 0.23515625 0.04453125 0.1125
0 0.01640625 0.3890625 0.02109375 0.09453125
0 0.04765625 0.390625 0.03828125 0.09296875
0 0.1 0.26640625 0.05859375 0.1203125
0 0.18125 0.271875 0.03671875 0.134375
0 0.2296875 0.27265625 0.05859375 0.13515625
0 0.28671875 0.27578125 0.05625 0.1296875
0 0.3359375 0.27265625 0.03515625 0.1234375
0 0.3796875 0.275 0.04296875 0.12578125
0 0.496875 0.41953125 0.04296875 0.115625
0 0.5375 0.41640625 0.03828125 0.109375
0 0.57421875 0.41640625 0.03515625 0.109375
0 0.6109375 0.4125 0.0390625 0.10390625
0 0.11875 0.59375 0.05546875 0.028125
0 0.15703125 0.54140625 0.0875 0.0359375
0 0.06015625 0.63515625 0.03046875 0.084375
0 0.02421875 0.6390625 0.03359375 0.09375
0 0.04765625 0.51953125 0.04453125 0.0859375
0 0.01484375 0.51953125 0.0203125 0.0859375
0 0.9875 0.40390625 0.025 0.06953125
0 0.95625 0.40859375 0.03828125 0.0796875
0 0.47109375 0.63984375 0.04375 0.0234375
0 0.91953125 0.40703125 0.03359375 0.0828125
0 0.86796875 0.40625 0.01953125 0.090625
0 0.8421875 0.40390625 0.03203125 0.0984375
0 0.8171875 0.40546875 0.01953125 0.0953125
0 0.79140625 0.40703125 0.03203125 0.1
0 0.75859375 0.41015625 0.03359375 0.09375
0 0.7203125 0.4171875 0.04296875 0.08828125
0 0.6859375 0.41171875 0.02578125 0.09921875
0 0.6515625 0.4140625 0.04609375 0.1046875
0 0.88984375 0.4109375 0.02734375 0.084375
0 0.12734375 0.63046875 0.06015625 0.040625
0 0.5765625 0.659375 0.040625 0.071875
0 0.6203125 0.6515625 0.04453125 0.0875
0 0.6609375 0.7671875 0.06953125 0.0296875
0 0.71171875 0.73515625 0.04609375 0.0578125
0 0.6734375 0.7296875 0.0328125 0.03828125
0 0.64296875 0.73125 0.02890625 0.0359375
0 0.59921875 0.75703125 0.05703125 0.08515625
0 0.55625 0.775 0.05078125 0.0609375
0 0.51796875 0.79453125 0.02578125 0.05390625
0 0.47890625 0.809375 0.0234375 0.03828125
0 0.478125 0.76953125 0.02578125 0.040625
0 0.4375 0.7953125 0.05625 0.0921875
0 0.371875 0.81015625 0.059375 0.0640625
0 0.3109375 0.828125 0.06171875 0.10078125
0 0.24453125 0.83984375 0.0765625 0.0796875
0 0.18828125 0.871875 0.03515625 0.0625
0 0.14453125 0.8828125 0.04921875 0.05
0 0.07578125 0.88671875 0.0328125 0.0796875
0 0.03515625 0.88671875 0.0515625 0.078125
0 0.7609375 0.73046875 0.05390625 0.0375
0 0.96796875 0.5859375 0.0375 0.07265625
0 0.7609375 0.69375 0.04765625 0.02890625
0 0.83515625 0.7125 0.05546875 0.0453125
0 0.94296875 0.77890625 0.05390625 0.0734375
0 0.87890625 0.83125 0.04140625 0.0484375
0 0.83359375 0.82421875 0.05546875 0.0703125
0 0.77734375 0.8328125 0.05703125 0.0875
0 0.721875 0.85703125 0.046875 0.0703125
0 0.66875 0.90234375 0.03984375 0.0515625
0 0.66171875 0.8515625 0.05390625 0.05
0 0.61015625 0.909375 0.04296875 0.0921875
0 0.55078125 0.921875 0.08515625 0.08046875
0 0.47265625 0.93125 0.071875 0.10078125
0 0.39765625 0.9765625 0.05078125 0.046875
0 0.3265625 0.96875 0.09140625 0.0625
0 0.23984375 0.9734375 0.04765625 0.0484375
0 0.9875 0.66953125 0.01796875 0.05625
0 0.9640625 0.66875 0.02890625 0.0578125
0 0.92109375 0.68203125 0.04140625 0.084375
0 0.878125 0.69921875 0.03984375 0.04375
0 0.8 0.72109375 0.0265625 0.0296875
0 0.51953125 0.6359375 0.0546875 0.03203125
0 0.92578125 0.59296875 0.04453125 0.0859375
0 0.56484375 0.2890625 0.03671875 0.1078125
0 0.2765625 0.1078125 0.05390625 0.12890625
0 0.33359375 0.1125 0.059375 0.13828125
0 0.4203125 0.1265625 0.0796875 0.1234375
0 0.4875 0.1328125 0.05390625 0.13515625
0 0.53046875 0.1421875 0.02109375 0.11640625
0 0.5484375 0.14375 0.015625 0.1171875
0 0.57890625 0.14296875 0.04453125 0.1203125
0 0.625 0.14765625 0.04453125 0.1171875
0 0.73203125 0.1625 0.04765625 0.10703125
0 0.89296875 0.1890625 0.02421875 0.08515625
0 0.9203125 0.1921875 0.03046875 0.07890625
0 0.8203125 0.5921875 0.03515625 0.01875
0 0.790625 0.59375 0.0265625 0.02265625
0 0.759375 0.596875 0.03515625 0.0171875
0 0.73046875 0.64765625 0.02578125 0.03828125
0 0.42578125 0.2765625 0.04921875 0.12578125
0 0.6921875 0.64375 0.03515625 0.078125
0 0.2109375 0.1 0.07578125 0.1390625
0 0.89140625 0.6203125 0.03046875 0.0390625
0 0.08359375 0.08125 0.05546875 0.1453125
0 0.76484375 0.625 0.03671875 0.028125
0 0.60234375 0.290625 0.034375 0.09921875
0 0.63359375 0.2890625 0.03046875 0.096875
0 0.7015625 0.29375 0.03203125 0.1
0 0.7375 0.29921875 0.03359375 0.096875
0 0.80390625 0.29453125 0.04453125 0.0875
0 0.83828125 0.29765625 0.01484375 0.09375
0 0.86328125 0.3 0.03515625 0.090625
0 0.89609375 0.30078125 0.02109375 0.090625
0 0.9171875 0.3046875 0.02265625 0.08125
0 0.94765625 0.3046875 0.02734375 0.08125
0 0.98046875 0.30703125 0.0390625 0.0765625
0 0.853125 0.62265625 0.04375 0.04453125
0 0.81796875 0.63984375 0.02421875 0.0203125
0 0.7890625 0.64453125 0.0328125 0.02734375
0 0.7640625 0.646875 0.01953125 0.0234375
0 0.8234375 0.6140625 0.0234375 0.0125
0 0.79765625 0.6171875 0.02890625 0.01875
0 0.02890625 0.10078125 0.05390625 0.1046875
0 0.66171875 0.66171875 0.0125 0.0359375
0 0.52890625 0.284375 0.04140625 0.1125