0 0.0203125 0.6078125 0.03984375 0.028125
0 0.0203125 0.57734375 0.040625 0.025
0 0.0765625 0.55234375 0.06484375 0.0234375
0 0.01875 0.54765625 0.0375 0.03046875
0 0.08671875 0.4625 0.08515625 0.03203125
0 0.08515625 0.428125 0.08359375 0.0328125
0 0.17734375 0.42890625 0.09609375 0.0328125
0 0.784375 0.471875 0.0640625 0.0296875
0 0.07578125 0.6046875 0.0625 0.0265625
0 0.1734375 0.4640625 0.08515625 0.03203125
0 0.80859375 0.58515625 0.0359375 0.0796875
0 0.76640625 0.58515625 0.03984375 0.0859375
0 0.7296875 0.5859375 0.03359375 0.08125
0 0.68828125 0.5875 0.0375 0.08046875
0 0.6515625 0.59296875 0.03515625 0.0703125
0 0.6109375 0.5875 0.03828125 0.084375
0 0.56875 0.60859375 0.04296875 0.0484375
0 0.52578125 0.59609375 0.03828125 0.0734375
0 0.4875 0.5921875 0.0328125 0.078125
0 0.30078125 0.55625 0.06328125 0.0171875
0 0.39375 0.55703125 0.06484375 0.0203125
0 0.43984375 0.60078125 0.053125 0.06640625
0 0.38203125 0.603125 0.05625 0.065625
0 0.32578125 0.6015625 0.053125 0.06484375
0 0.26953125 0.60390625 0.05234375 0.0671875
0 0.13984375 0.603125 0.059375 0.0296875
0 0.20703125 0.59921875 0.06484375 0.028125
0 0.20859375 0.56953125 0.0609375 0.0234375
0 0.1421875 0.5734375 0.059375 0.02734375
0 0.07578125 0.578125 0.06328125 0.02421875
0 0.25546875 0.4875 0.04921875 0.071875
0 0.5703125 0.4828125 0.03359375 0.078125
0 0.35859375 0.43828125 0.04921875 0.02890625
0 0.809375 0.34375 0.0375 0.078125
0 0.853125 0.34140625 0.040625 0.078125
0 0.89375 0.34140625 0.040625 0.0796875
0 0.9390625 0.340625 0.046875 0.08203125
0 0.97421875 0.3453125 0.01875 0.0734375
0 0.9859375 0.47890625 0.028125 0.0640625
0 0.75234375 0.346875 0.07109375 0.0765625
0 0.9515625 0.4796875 0.04296875 0.06328125
0 0.88984375 0.46484375 0.03203125 0.03671875
0 0.84609375 0.46875 0.05078125 0.025
0 0.64921875 0.47890625 0.04140625 0.078125
0 0.69375 0.478125 0.0421875 0.07421875
0 0.7328125 0.4765625 0.03515625 0.0765625
0 0.846875 0.5 0.05234375 0.0296875
0 0.90234375 0.4984375 0.05703125 0.0296875
0 0.69296875 0.34375 0.04296875 0.08046875
0 0.6515625 0.34609375 0.0390625 0.08125
0 0.60859375 0.34453125 0.04140625 0.0828125
0 0.35703125 0.48828125 0.04921875 0.0703125
0 0.4046875 0.484375 0.0421875 0.07578125
0 0.45 0.48359375 0.03671875 0.0796875
0 0.48984375 0.484375 0.04296875 0.078125
0 0.53125 0.48125 0.03984375 0.08046875
0 0.7875 0.5015625 0.06640625 0.0296875
0 0.6109375 0.4796875 0.03671875 0.08046875
0 0.1046875 0.3421875 0.1109375 0.034375
0 0.30234375 0.34921875 0.04609375 0.075
0 0.35078125 0.346875 0.04453125 0.0765625
0 0.39453125 0.346875 0.03828125 0.078125
0 0.4390625 0.3453125 0.04296875 0.08125
0 0.48203125 0.3453125 0.03984375 0.08125
0 0.52578125 0.34453125 0.0421875 0.08203125
0 0.5671875 0.3453125 0.040625 0.08125
0 0.30625 0.48671875 0.04921875 0.0703125
0 0.98203125 0.07890625 0.03515625 0.0875
0 0.88125 0.584375 0.0375 0.07890625
0 0.09921875 0.0640625 0.11328125 0.06328125
0 0.01640625 0.81953125 0.0328125 0.0703125
0 0.0953125 0.715625 0.06796875 0.021875
0 0.09453125 0.6828125 0.06875 0.034375
0 0.15546875 0.69140625 0.040625 0.0671875
0 0.2078125 0.70390625 0.05546875 0.04375
0 0.20859375 0.66953125 0.0578125 0.021875
0 0.2609375 0.7265625 0.0421875 0.0828125
0 0.30234375 0.72421875 0.03671875 0.08125
0 0.33984375 0.72265625 0.040625 0.078125
0 0.384375 0.734375 0.04453125 0.05625
0 0.109375 0.91328125 0.040625 0.0625
0 0.1625 0.94375 0.06640625 0.02734375
0 0.1671875 0.903125 0.03671875 0.04453125
0 0.2234375 0.9109375 0.04375 0.07734375
0 0.27265625 0.859375 0.04453125 0.05
0 0.26953125 0.81640625 0.03515625 0.0296875
0 0.31875 0.8390625 0.04765625 0.03125
0 0.0640625 0.81796875 0.0515625 0.06875
0 0.31875 0.875 0.04453125 0.0328125
0 0.11484375 0.8171875 0.04375 0.0703125
0 0.21796875 0.80703125 0.05 0.078125
0 0.92265625 0.584375 0.0390625 0.08125
0 0.9578125 0.5828125 0.0296875 0.07734375
0 0.9875 0.58515625 0.025 0.0734375
0 0.9828125 0.70546875 0.0328125 0.07421875
0 0.95 0.70546875 0.03359375 0.0734375
0 0.9140625 0.7078125 0.03359375 0.06953125
0 0.87578125 0.709375 0.03828125 0.0671875
0 0.83671875 0.709375 0.034375 0.071875
0 0.803125 0.7125 0.03828125 0.0671875
0 0.7546875 0.71015625 0.05078125 0.075
0 0.646875 0.71953125 0.03359375 0.06875
0 0.60859375 0.71640625 0.0375 0.075
0 0.5734375 0.7171875 0.03125 0.0765625
0 0.5375 0.71796875 0.03515625 0.07421875
0 0.49296875 0.71953125 0.053125 0.075
0 0.0328125 0.94609375 0.06484375 0.028125
0 0.021875 0.903125 0.04375 0.053125
0 0.16484375 0.80703125 0.04921875 0.08359375
0 0.36171875 0.8359375 0.0328125 0.07109375
0 0.4359375 0.72109375 0.05546875 0.0734375
0 0.52890625 0.8484375 0.053125 0.0765625
0 0.61328125 0.209375 0.05703125 0.10703125
0 0.3734375 0.08671875 0.10546875 0.0578125
0 0.7328125 0.2140625 0.05234375 0.10625
0 0.42109375 0.85078125 0.075 0.0703125
0 0.01875 0.05234375 0.0375 0.0890625
0 0.7765625 0.2234375 0.0328125 0.08671875
0 0.81875 0.21875 0.0453125 0.0875
0 0.86328125 0.21953125 0.04140625 0.0859375
0 0.9046875 0.2203125 0.03828125 0.084375
0 0.9453125 0.21875 0.03828125 0.08125
0 0.98203125 0.2203125 0.03515625 0.0765625
0 0.8453125 0.584375 0.03359375 0.0796875
0 0.94453125 0.08046875 0.0359375 0.08671875
0 0.88515625 0.0953125 0.075 0.0515625
0 0.80625 0.0953125 0.07421875 0.05390625
0 0.728125 0.09453125 0.078125 0.05234375
0 0.478125 0.090625 0.09921875 0.059375
0 0.5609375 0.228125 0.0359375 0.07109375
0 0.50859375 0.21875 0.059375 0.090625
0 0.67421875 0.2125 0.05859375 0.0984375
0 0.38984375 0.2046875 0.05546875 0.11171875
0 0.578125 0.846875 0.04140625 0.07421875
0 0.62265625 0.85625 0.04140625 0.0515625
0 0.70390625 0.85859375 0.0421875 0.0421875
0 0.74765625 0.853125 0.04140625 0.04296875
0 0.76640625 0.8140625 0.04453125 0.03125
0 0.79140625 0.85234375 0.03984375 0.04453125
0 0.83125 0.85078125 0.034375 0.04375
0 0.88203125 0.834375 0.05546875 0.06953125
0 0.93984375 0.83671875 0.053125 0.0625
0 0.09765625 0.3046875 0.09296875 0.0359375
0 0.07109375 0.21171875 0.07890625 0.03125
0 0.4484375 0.21640625 0.0578125 0.0859375
0 0.07421875 0.178125 0.07734375 0.025
0 0.1625 0.1765625 0.09140625 0.03125
0 0.15859375 0.21171875 0.09140625 0.034375
0 0.240625 0.2125 0.04453125 0.0875
0 0.2875 0.215625 0.04296875 0.0890625
0 0.33671875 0.20390625 0.0515625 0.1109375
0 0.26015625 0.0890625 0.10546875 0.05625