0 0.1171875 0.1671875 0.03203125 0.1015625
0 0.3015625 0.175 0.025 0.0796875
0 0.26953125 0.171875 0.03984375 0.08671875
0 0.22734375 0.15859375 0.040625 0.109375
0 0.47265625 0.1296875 0.03046875 0.03125
0 0.18125 0.19375 0.0328125 0.04296875
0 0.14921875 0.19453125 0.03046875 0.046875
0 0.08203125 0.1765625 0.03046875 0.071875
0 0.4984375 0.12890625 0.021875 0.03046875
0 0.628125 0.503125 0.0421875 0.0859375
0 0.38359375 0.17265625 0.034375 0.08671875
0 0.203125 0.696875 0.06796875 0.06640625
0 0.26875 0.69765625 0.06328125 0.06640625
0 0.33359375 0.69609375 0.065625 0.0703125
0 0.39921875 0.6953125 0.06640625 0.06875
0 0.4765625 0.69375 0.0828125 0.0546875
0 0.5828125 0.7015625 0.09921875 0.059375
0 0.68359375 0.7015625 0.10234375 0.059375
0 0.775 0.6953125 0.05625 0.065625
0 0.82890625 0.6953125 0.053125 0.06640625
0 0.88125 0.69765625 0.03828125 0.06953125
0 0.9296875 0.69609375 0.04921875 0.06875
0 0.93828125 0.6015625 0.0390625 0.08515625
0 0.89375 0.60234375 0.04296875 0.08828125
0 0.85078125 0.60234375 0.0421875 0.090625
0 0.80625 0.60234375 0.046875 0.09140625
0 0.76484375 0.603125 0.03671875 0.0890625
0 0.67734375 0.60390625 0.0421875 0.08828125
0 0.63359375 0.60546875 0.046875 0.090625
0 0.5890625 0.6078125 0.04140625 0.0875
0 0.54609375 0.60625 0.04609375 0.08359375
0 0.5015625 0.60390625 0.04375 0.08671875
0 0.97890625 0.64453125 0.0328125 0.0734375
0 0.4171875 0.6046875 0.0484375 0.08984375
0 0.37265625 0.60390625 0.0421875 0.0875
0 0.265625 0.603125 0.040625 0.08671875
0 0.23203125 0.603125 0.02578125 0.08671875
0 0.1953125 0.603125 0.046875 0.0875
0 0.15234375 0.60390625 0.03984375 0.09140625
0 0.109375 0.60546875 0.046875 0.0890625
0 0.13671875 0.69765625 0.065625 0.0640625
0 0.065625 0.60625 0.0421875 0.08984375
0 0.06953125 0.69921875 0.06796875 0.0671875
0 0.10234375 0.77890625 0.08203125 0.05859375
0 0.021875 0.896875 0.03359375 0.028125
0 0.0203125 0.8671875 0.03671875 0.028125
0 0.071875 0.86484375 0.0546875 0.03828125
0 0.071875 0.89921875 0.0546875 0.03046875
0 0.16015625 0.8765625 0.0796875 0.06953125
0 0.23125 0.88828125 0.04921875 0.05390625
0 0.3 0.875 0.07578125 0.0734375
0 0.37109375 0.87109375 0.065625 0.0640625
0 0.44296875 0.878125 0.06953125 0.07265625
0 0.50703125 0.878125 0.04921875 0.06953125
0 0.55859375 0.87734375 0.05546875 0.07109375
0 0.60546875 0.87890625 0.03828125 0.0734375
0 0.6625 0.87734375 0.07578125 0.07578125
0 0.890625 0.8921875 0.034375 0.0296875
0 0.890625 0.859375 0.03359375 0.03515625
0 0.92578125 0.8609375 0.03359375 0.03125
0 0.92578125 0.8921875 0.0328125 0.03125
0 0.97421875 0.865625 0.05078125 0.084375
0 0.97890625 0.75234375 0.0421875 0.0921875
0 0.928125 0.78203125 0.04609375 0.06484375
0 0.87578125 0.78203125 0.05859375 0.065625
0 0.78671875 0.7796875 0.071875 0.06953125
0 0.7109375 0.78125 0.0796875 0.0734375
0 0.63515625 0.78203125 0.0734375 0.07265625
0 0.56015625 0.7828125 0.0765625 0.07421875
0 0.48359375 0.7828125 0.075 0.07421875
0 0.40703125 0.78359375 0.07890625 0.07578125
0 0.31875 0.784375 0.0796875 0.07421875
0 0.24140625 0.78359375 0.07421875 0.0734375
0 0.02890625 0.78125 0.05625 0.06328125
0 0.34140625 0.1703125 0.05 0.0921875
0 0.02265625 0.60625 0.04140625 0.090625
0 0.3359375 0.503125 0.040625 0.08515625
0 0.02578125 0.27734375 0.04609375 0.1015625
0 0.071875 0.27890625 0.04765625 0.1046875
0 0.15859375 0.28125 0.03828125 0.0921875
0 0.20078125 0.2828125 0.0453125 0.09375
0 0.246875 0.28046875 0.0453125 0.0984375
0 0.29140625 0.28125 0.04375 0.1
0 0.33359375 0.27890625 0.0421875 0.103125
0 0.378125 0.278125 0.04609375 0.10234375
0 0.4703125 0.27890625 0.13828125 0.10078125
0 0.55546875 0.28828125 0.028125 0.08359375
0 0.634375 0.2828125 0.04921875 0.09921875
0 0.68203125 0.28203125 0.0453125 0.096875
0 0.73203125 0.27890625 0.053125 0.103125
0 0.78671875 0.27890625 0.04921875 0.10234375
0 0.8375 0.2765625 0.05078125 0.10390625
0 0.88359375 0.27578125 0.040625 0.10390625
0 0.928125 0.2828125 0.05078125 0.08984375
0 0.96171875 0.17109375 0.0453125 0.0921875
0 0.9140625 0.175 0.02734375 0.078125
0 0.8828125 0.17578125 0.034375 0.08125
0 0.8453125 0.17109375 0.03984375 0.0921875
0 0.76484375 0.165625 0.05078125 0.10234375
0 0.6953125 0.1671875 0.046875 0.103125
0 0.640625 0.16640625 0.0609375 0.10078125
0 0.584375 0.16953125 0.05390625 0.09453125
0 0.53359375 0.1734375 0.04296875 0.08671875
0 0.49609375 0.18125 0.0328125 0.06953125
0 0.46015625 0.18203125 0.0390625 0.07109375
0 0.4203125 0.1734375 0.03984375 0.0875
0 0.02421875 0.39453125 0.04140625 0.09375
0 0.2453125 0.5046875 0.0328125 0.08125
0 0.06640625 0.39296875 0.0453125 0.09609375
0 0.2359375 0.39453125 0.046875 0.09375
0 0.37578125 0.50078125 0.03984375 0.08125
0 0.50546875 0.50234375 0.0359375 0.0828125
0 0.54609375 0.503125 0.04375 0.08515625
0 0.58984375 0.50234375 0.03671875 0.0828125
0 0.053125 0.16953125 0.028125 0.08828125
0 0.66953125 0.503125 0.03984375 0.08671875
0 0.70859375 0.503125 0.03671875 0.0859375
0 0.7484375 0.49921875 0.0421875 0.0921875
0 0.790625 0.49921875 0.0421875 0.09140625
0 0.83125 0.50390625 0.03984375 0.0828125
0 0.871875 0.503125 0.0421875 0.08203125
0 0.9171875 0.49921875 0.0484375 0.08984375
0 0.95546875 0.49765625 0.02890625 0.08828125
0 0.98515625 0.56171875 0.02890625 0.06171875
0 0.9609375 0.38984375 0.0515625 0.09609375
0 0.87890625 0.390625 0.040625 0.0890625
0 0.84609375 0.3921875 0.02421875 0.0921875
0 0.80703125 0.3890625 0.053125 0.096875
0 0.7609375 0.38984375 0.0421875 0.09765625
0 0.71953125 0.38984375 0.04140625 0.0984375
0 0.67109375 0.39140625 0.05234375 0.1015625
0 0.6203125 0.39296875 0.0515625 0.096875
0 0.571875 0.39921875 0.03828125 0.08125
0 0.5359375 0.39453125 0.03671875 0.08984375
0 0.48984375 0.39609375 0.05390625 0.08984375
0 0.4390625 0.3921875 0.04765625 0.096875
0 0.38671875 0.40546875 0.05234375 0.07265625
0 0.3328125 0.39453125 0.04765625 0.09375
0 0.28359375 0.39453125 0.0484375 0.09375
0 0.1140625 0.390625 0.046875 0.09375
0 0.0203125 0.1703125 0.0390625 0.090625