0 0.62890625 0.56875 0.02109375 0.1046875
0 0.04375 0.17578125 0.025 0.10625
0 0.20078125 0.5890625 0.02890625 0.12109375
0 0.23203125 0.58359375 0.0296875 0.1109375
0 0.26171875 0.58125 0.02890625 0.1140625
0 0.2921875 0.58046875 0.03203125 0.11171875
0 0.32109375 0.57890625 0.025 0.11484375
0 0.34921875 0.575 0.0296875 0.10859375
0 0.3796875 0.57421875 0.03125 0.1109375
0 0.41015625 0.5703125 0.02734375 0.109375
0 0.43671875 0.57109375 0.02421875 0.10625
0 0.4640625 0.56875 0.028125 0.10234375
0 0.4921875 0.55078125 0.02578125 0.0953125
0 0.55078125 0.5625 0.02890625 0.10390625
0 0.57890625 0.58828125 0.02421875 0.06328125
0 0.60625 0.56875 0.02265625 0.10546875
0 0.65 0.5671875 0.01953125 0.10546875
0 0.67265625 0.56796875 0.02265625 0.10625
0 0.69453125 0.56328125 0.01953125 0.10234375
0 0.71640625 0.56328125 0.02265625 0.1046875
0 0.7390625 0.56171875 0.021875 0.10546875
0 0.7609375 0.56171875 0.0203125 0.1046875
0 0.79375 0.5609375 0.02578125 0.10234375
0 0.81796875 0.55703125 0.01875 0.10390625
0 0.89453125 0.49609375 0.02421875 0.115625
0 0.87109375 0.50078125 0.02265625 0.10390625
0 0.81171875 0.421875 0.02265625 0.1078125
0 0.7875 0.425 0.02421875 0.1046875
0 0.8796875 0.35390625 0.0234375 0.1140625
0 0.76171875 0.42421875 0.0234375 0.1078125
0 0.7375 0.4265625 0.0234375 0.1109375
0 0.1703125 0.5875 0.03125 0.11640625
0 0.7140625 0.428125 0.02265625 0.109375
0 0.13984375 0.59140625 0.0296875 0.1078125
0 0.08359375 0.59375 0.03046875 0.10859375
0 0.01640625 0.175 0.028125 0.10234375
0 0.89453125 0.8515625 0.01640625 0.0484375
0 0.86171875 0.67421875 0.01953125 0.0390625
0 0.8875 0.6609375 0.0171875 0.0390625
0 0.78359375 0.72421875 0.028125 0.10390625
0 0.73515625 0.7265625 0.02265625 0.1046875
0 0.7125 0.72734375 0.02421875 0.10625
0 0.6859375 0.72890625 0.02265625 0.10703125
0 0.66328125 0.7296875 0.021875 0.1078125
0 0.63828125 0.73203125 0.02578125 0.103125
0 0.6140625 0.7328125 0.0203125 0.103125
0 0.590625 0.73359375 0.02421875 0.10078125
0 0.56640625 0.73515625 0.0234375 0.10625
0 0.5390625 0.73984375 0.02265625 0.10390625
0 0.50859375 0.73359375 0.0265625 0.11796875
0 0.47734375 0.73828125 0.02890625 0.1171875
0 0.38203125 0.7453125 0.02890625 0.11875
0 0.35390625 0.74453125 0.02890625 0.12265625
0 0.32109375 0.746875 0.0328125 0.11953125
0 0.28984375 0.7484375 0.03046875 0.128125
0 0.259375 0.753125 0.03046875 0.11796875
0 0.22890625 0.753125 0.03125 0.11953125
0 0.19453125 0.7546875 0.03359375 0.11953125
0 0.16328125 0.75703125 0.028125 0.11953125
0 0.134375 0.7578125 0.02734375 0.1203125
0 0.10546875 0.7796875 0.02265625 0.08203125
0 0.078125 0.78125 0.025 0.08359375
0 0.05234375 0.78125 0.02578125 0.0828125
0 0.02265625 0.78515625 0.02578125 0.08203125
0 0.11171875 0.59453125 0.0234375 0.1109375
0 0.69140625 0.42734375 0.0203125 0.10859375
0 0.75859375 0.725 0.02109375 0.10546875
0 0.64765625 0.428125 0.02421875 0.103125
0 0.6296875 0.29375 0.0203125 0.10234375
0 0.65234375 0.29375 0.02578125 0.1
0 0.6765625 0.29453125 0.02109375 0.1015625
0 0.69921875 0.2921875 0.02109375 0.10390625
0 0.7203125 0.28984375 0.01953125 0.10234375
0 0.7421875 0.2875 0.0234375 0.103125
0 0.76484375 0.2875 0.02265625 0.10390625
0 0.79296875 0.2875 0.02734375 0.1
0 0.81796875 0.28828125 0.0234375 0.1
0 0.8234375 0.15703125 0.02421875 0.09609375
0 0.7984375 0.15703125 0.02578125 0.0953125
0 0.76015625 0.1578125 0.021875 0.09375
0 0.7359375 0.159375 0.025 0.09609375
0 0.7078125 0.15859375 0.025 0.0953125
0 0.6828125 0.1609375 0.0234375 0.0984375
0 0.65859375 0.16171875 0.0234375 0.0953125
0 0.60703125 0.16328125 0.02421875 0.1015625
0 0.58203125 0.1640625 0.02265625 0.09921875
0 0.4296875 0.17265625 0.021875 0.084375
0 0.40546875 0.1703125 0.02421875 0.08515625
0 0.37734375 0.1671875 0.0265625 0.08984375
0 0.3 0.1703125 0.025 0.09140625
0 0.2703125 0.16953125 0.03125 0.09375
0 0.23359375 0.16796875 0.028125 0.0953125
0 0.18046875 0.17109375 0.0296875 0.09375
0 0.125 0.1734375 0.0234375 0.1015625
0 0.1 0.17578125 0.02421875 0.10625
0 0.6703125 0.4296875 0.0203125 0.10390625
0 0.071875 0.1765625 0.028125 0.103125
0 0.60625 0.296875 0.02578125 0.1078125
0 0.5671875 0.2984375 0.02734375 0.109375
0 0.15234375 0.17265625 0.02734375 0.1046875
0 0.51171875 0.29609375 0.02890625 0.11171875
0 0.53984375 0.296875 0.02578125 0.11171875
0 0.625 0.42890625 0.01953125 0.103125
0 0.5578125 0.43203125 0.02890625 0.109375
0 0.52890625 0.4296875 0.02734375 0.10859375
0 0.3484375 0.43359375 0.02578125 0.1078125
0 0.31953125 0.43671875 0.02890625 0.1109375
0 0.2890625 0.43828125 0.0296875 0.1109375
0 0.26171875 0.4328125 0.02421875 0.10546875
0 0.228125 0.43984375 0.02890625 0.11875
0 0.19609375 0.44296875 0.0328125 0.11796875
0 0.16640625 0.4421875 0.02734375 0.12109375
0 0.13984375 0.44140625 0.02265625 0.12578125
0 0.03515625 0.4453125 0.046875 0.128125
0 0.0421875 0.321875 0.025 0.07734375
0 0.015625 0.32265625 0.02734375 0.07890625
0 0.58515625 0.4296875 0.02421875 0.1109375
0 0.06953125 0.32421875 0.02578125 0.078125
0 0.4546875 0.2984375 0.02890625 0.1140625
0 0.428125 0.29765625 0.025 0.11171875
0 0.48203125 0.2984375 0.0265625 0.11328125
0 0.36875 0.29453125 0.02421875 0.10546875
0 0.32578125 0.2984375 0.03125 0.1125
0 0.29453125 0.2984375 0.025 0.1125
0 0.3984375 0.29609375 0.03203125 0.11328125
0 0.2328125 0.30078125 0.0296875 0.1109375
0 0.20703125 0.30078125 0.0203125 0.1125
0 0.16796875 0.31875 0.0296875 0.0796875
0 0.12890625 0.321875 0.0234375 0.078125
0 0.10078125 0.32421875 0.02421875 0.0796875
0 0.26640625 0.3 0.03125 0.109375