0 0.5375 0.765625 0.03828125 0.06640625
0 0.3 0.87265625 0.03515625 0.05703125
0 0.25625 0.8734375 0.04453125 0.059375
0 0.51328125 0.275 0.03046875 0.08828125
0 0.7890625 0.7703125 0.0390625 0.065625
0 0.4421875 0.2765625 0.0296875 0.0921875
0 0.4046875 0.275 0.03828125 0.090625
0 0.36640625 0.27578125 0.02890625 0.0890625
0 0.334375 0.2734375 0.0328125 0.0859375
0 0.3 0.27734375 0.02734375 0.0859375
0 0.25 0.28515625 0.04921875 0.0734375
0 0.21328125 0.8703125 0.03515625 0.0578125
0 0.1734375 0.865625 0.03203125 0.0734375
0 0.06015625 0.8671875 0.04921875 0.065625
0 0.01640625 0.8734375 0.03203125 0.0546875
0 0.83203125 0.775 0.04375 0.065625
0 0.74453125 0.76875 0.03984375 0.0671875
0 0.478125 0.275 0.0375 0.0875
0 0.49921875 0.76484375 0.0375 0.065625
0 0.5 0.871875 0.0359375 0.0671875
0 0.4171875 0.7671875 0.04140625 0.065625
0 0.93984375 0.3015625 0.04296875 0.1140625
0 0.96796875 0.4328125 0.06328125 0.0765625
0 0.9671875 0.51328125 0.06484375 0.07734375
0 0.9453125 0.7203125 0.05859375 0.0546875
0 0.82265625 0.884375 0.03515625 0.0640625
0 0.78046875 0.88125 0.0375 0.059375
0 0.73984375 0.88125 0.03359375 0.06171875
0 0.69921875 0.87890625 0.03984375 0.05390625
0 0.45859375 0.76640625 0.0375 0.065625
0 0.66015625 0.88125 0.03125 0.05859375
0 0.58125 0.875 0.03515625 0.065625
0 0.53984375 0.8734375 0.0359375 0.065625
0 0.2015625 0.2859375 0.04296875 0.07421875
0 0.46171875 0.8703125 0.03671875 0.065625
0 0.42109375 0.875 0.03671875 0.0609375
0 0.3828125 0.8734375 0.03359375 0.059375
0 0.33984375 0.87421875 0.03984375 0.059375
0 0.3796875 0.765625 0.03046875 0.06171875
0 0.621875 0.87890625 0.0390625 0.05703125
0 0.15546875 0.2828125 0.04765625 0.075
0 0.07890625 0.1515625 0.05078125 0.075
0 0.06015625 0.2859375 0.04375 0.0671875
0 0.85 0.425 0.04609375 0.071875
0 0.0125 0.54609375 0.025 0.0609375
0 0.05 0.54375 0.03828125 0.06328125
0 0.09765625 0.5453125 0.03125 0.065625
0 0.13828125 0.5453125 0.03984375 0.0625
0 0.18125 0.546875 0.04140625 0.06171875
0 0.225 0.5515625 0.0390625 0.05078125
0 0.26875 0.55234375 0.03984375 0.0515625
0 0.31328125 0.5515625 0.03984375 0.05
0 0.35859375 0.553125 0.0421875 0.05
0 0.40546875 0.54921875 0.04609375 0.0578125
0 0.4546875 0.55 0.0359375 0.05625
0 0.49609375 0.5484375 0.03828125 0.0625
0 0.5359375 0.55 0.03515625 0.05859375
0 0.5796875 0.55 0.0421875 0.0546875
0 0.62421875 0.54921875 0.0375 0.0578125
0 0.6671875 0.5484375 0.0421875 0.059375
0 0.81484375 0.425 0.0203125 0.0703125
0 0.79296875 0.42578125 0.01875 0.06875
0 0.578125 0.7640625 0.03828125 0.0640625
0 0.61953125 0.7703125 0.04140625 0.06640625
0 0.0203125 0.2875 0.03359375 0.0640625
0 0.8703125 0.14453125 0.05703125 0.0703125
0 0.81875 0.146875 0.04375 0.06640625
0 0.77109375 0.14609375 0.0453125 0.06875
0 0.72109375 0.14609375 0.04140625 0.075
0 0.671875 0.14375 0.04921875 0.071875
0 0.6171875 0.14921875 0.04921875 0.0671875
0 0.4734375 0.15 0.04609375 0.06953125
0 0.10859375 0.2859375 0.04296875 0.06875
0 0.4203125 0.15234375 0.04453125 0.06875
0 0.32734375 0.1515625 0.04140625 0.06796875
0 0.27578125 0.1515625 0.04453125 0.0703125
0 0.23046875 0.15 0.040625 0.0734375
0 0.18359375 0.1484375 0.0421875 0.0765625
0 0.1328125 0.15 0.05078125 0.0734375
0 0.028125 0.15625 0.046875 0.06796875
0 0.7 0.76796875 0.03671875 0.0671875
0 0.66171875 0.7625 0.03515625 0.075
0 0.37578125 0.1515625 0.04375 0.0671875
0 0.7109375 0.5484375 0.03515625 0.059375
0 0.8 0.5453125 0.03515625 0.0703125
0 0.590625 0.28203125 0.03984375 0.06796875
0 0.00625 0.76640625 0.0125 0.0578125
0 0.62890625 0.4265625 0.0375 0.065625
0 0.79609375 0.66015625 0.03984375 0.0703125
0 0.75 0.6546875 0.04453125 0.0734375
0 0.703125 0.659375 0.03671875 0.0609375
0 0.65859375 0.659375 0.04296875 0.0609375
0 0.6140625 0.6609375 0.03671875 0.0625
0 0.57265625 0.65625 0.040625 0.0671875
0 0.5328125 0.65859375 0.03359375 0.0640625
0 0.03671875 0.7609375 0.034375 0.0640625
0 0.48984375 0.65859375 0.04140625 0.06328125
0 0.409375 0.66015625 0.03359375 0.0578125
0 0.37109375 0.66328125 0.03515625 0.05390625
0 0.31953125 0.66171875 0.04765625 0.0515625
0 0.275 0.65 0.02265625 0.078125
0 0.2359375 0.65859375 0.04140625 0.06328125
0 0.19296875 0.659375 0.0359375 0.0609375
0 0.14921875 0.659375 0.03828125 0.0578125
0 0.10625 0.6578125 0.03828125 0.06015625
0 0.0625 0.65703125 0.04140625 0.0578125
0 0.446875 0.66015625 0.03515625 0.06015625
0 0.07421875 0.7625 0.0328125 0.06484375
0 0.1140625 0.76484375 0.04140625 0.0609375
0 0.15859375 0.765625 0.03828125 0.0625
0 0.671875 0.42421875 0.04296875 0.0671875
0 0.39140625 0.42890625 0.03671875 0.06875
0 0.34765625 0.428125 0.04609375 0.0671875
0 0.55078125 0.41796875 0.02578125 0.084375
0 0.51796875 0.41875 0.03125 0.08671875
0 0.3015625 0.43203125 0.03828125 0.059375
0 0.26015625 0.43046875 0.040625 0.0578125
0 0.2140625 0.43046875 0.0390625 0.05859375
0 0.1671875 0.42578125 0.0390625 0.06640625
0 0.478125 0.428125 0.040625 0.06875
0 0.12265625 0.42578125 0.04375 0.0640625
0 0.715625 0.4265625 0.03671875 0.0703125
0 0.759375 0.425 0.04375 0.06875
0 0.43515625 0.42734375 0.040625 0.06796875
0 0.75625 0.54609375 0.04375 0.0703125
0 0.54609375 0.27421875 0.02890625 0.08515625
0 0.34375 0.76640625 0.03203125 0.0625
0 0.3109375 0.76875 0.03046875 0.059375
0 0.27734375 0.76875 0.028125 0.05859375
0 0.24296875 0.76484375 0.0328125 0.0609375
0 0.19921875 0.7640625 0.04296875 0.059375
0 0.01796875 0.65546875 0.0359375 0.0609375
0 0.84609375 0.54453125 0.046875 0.0671875
0 0.840625 0.6640625 0.03984375 0.06796875
0 0.5859375 0.41875 0.03515625 0.0875
0 0.6328125 0.284375 0.03828125 0.0625
0 0.6765625 0.284375 0.0390625 0.0625
0 0.725 0.284375 0.04609375 0.0640625
0 0.771875 0.28203125 0.04375 0.0640625
0 0.8171875 0.2828125 0.03984375 0.06484375
0 0.865625 0.28125 0.05078125 0.0671875
0 0.0265625 0.4234375 0.04375 0.07109375
0 0.07421875 0.4234375 0.04296875 0.06875