0 0.56171875 0.8359375 0.0296875 0.075
0 0.4125 0.8421875 0.0203125 0.08046875
0 0.528125 0.83671875 0.03359375 0.08125
0 0.4890625 0.8359375 0.03515625 0.07734375
0 0.46015625 0.84765625 0.01953125 0.0671875
0 0.38203125 0.8296875 0.0265625 0.0984375
0 0.43671875 0.84140625 0.02421875 0.07421875
0 0.59609375 0.83515625 0.034375 0.08046875
0 0.1953125 0.61953125 0.021875 0.08984375
0 0.16953125 0.62578125 0.02421875 0.07421875
0 0.14296875 0.62734375 0.02265625 0.0703125
0 0.1203125 0.62734375 0.0203125 0.0703125
0 0.090625 0.625 0.03515625 0.08203125
0 0.0546875 0.625 0.03046875 0.0875
0 0.22578125 0.6109375 0.03359375 0.0921875
0 0.6296875 0.83515625 0.03125 0.08046875
0 0.91875 0.09921875 0.040625 0.0765625
0 0.69765625 0.828125 0.0203125 0.08828125
0 0.2890625 0.1625 0.0484375 0.12109375
0 0.2390625 0.159375 0.046875 0.115625
0 0.19765625 0.2078125 0.01171875 0.06015625
0 0.184375 0.14453125 0.0140625 0.075
0 0.16015625 0.15859375 0.01640625 0.1109375
0 0.14296875 0.15859375 0.015625 0.1078125
0 0.66484375 0.83203125 0.03203125 0.0796875
0 0.11328125 0.18359375 0.03359375 0.06015625
0 0.0375 0.153125 0.03515625 0.121875
0 0.3546875 0.846875 0.02421875 0.08515625
0 0.33828125 0.16171875 0.0453125 0.11953125
0 0.3859375 0.16015625 0.04765625 0.121875
0 0.7546875 0.8390625 0.02734375 0.07109375
0 0.72578125 0.840625 0.02890625 0.0671875
0 0.07578125 0.1859375 0.03359375 0.0578125
0 0.4375 0.1625 0.04609375 0.121875
0 0.965625 0.0984375 0.04453125 0.07265625
0 0.60078125 0.70859375 0.02421875 0.0703125
0 0.278125 0.83359375 0.02109375 0.0984375
0 0.303125 0.83359375 0.025 0.09921875
0 0.3296875 0.83125 0.025 0.1015625
0 0.0203125 0.62421875 0.03671875 0.08359375
0 0.21796875 0.48203125 0.02421875 0.08125
0 0.18046875 0.48515625 0.03671875 0.0921875
0 0.13984375 0.48671875 0.0390625 0.09140625
0 0.1 0.48515625 0.0328125 0.0921875
0 0.02890625 0.4796875 0.034375 0.08203125
0 0.97890625 0.43203125 0.04140625 0.08203125
0 0.35234375 0.7015625 0.0234375 0.08828125
0 0.3234375 0.7046875 0.0265625 0.0859375
0 0.2953125 0.70390625 0.02421875 0.08359375
0 0.26796875 0.70078125 0.025 0.0796875
0 0.23359375 0.73984375 0.03203125 0.06328125
0 0.19921875 0.76875 0.03203125 0.03203125
0 0.1984375 0.7328125 0.03046875 0.034375
0 0.1625 0.746875 0.03671875 0.08046875
0 0.128125 0.7484375 0.0296875 0.0796875
0 0.09453125 0.75 0.0359375 0.07734375
0 0.0609375 0.7484375 0.02890625 0.0796875
0 0.0265625 0.75 0.0359375 0.078125
0 0.83203125 0.59140625 0.0609375 0.15390625
0 0.7671875 0.54921875 0.05234375 0.134375
0 0.66015625 0.5296875 0.0765625 0.1546875
0 0.24921875 0.8625 0.0265625 0.04765625
0 0.58125 0.52578125 0.07265625 0.16171875
0 0.22109375 0.86171875 0.02578125 0.0546875
0 0.1671875 0.86328125 0.0265625 0.05
0 0.37890625 0.70859375 0.02265625 0.071875
0 0.40625 0.70859375 0.02109375 0.06953125
0 0.43046875 0.71171875 0.021875 0.05859375
0 0.4546875 0.70703125 0.02265625 0.065625
0 0.48203125 0.7 0.0234375 0.07890625
0 0.51328125 0.703125 0.02734375 0.075
0 0.5390625 0.70625 0.01875 0.059375
0 0.56953125 0.70234375 0.028125 0.07890625
0 0.48515625 0.16171875 0.04375 0.12265625
0 0.6265625 0.70703125 0.01796875 0.06171875
0 0.6484375 0.70546875 0.021875 0.06015625
0 0.67265625 0.69921875 0.02109375 0.05859375
0 0.696875 0.70625 0.0234375 0.06796875
0 0.72109375 0.7046875 0.01953125 0.0625
0 0.74296875 0.70390625 0.02109375 0.06171875
0 0.7671875 0.70390625 0.021875 0.05859375
0 0.809375 0.77890625 0.0515625 0.15
0 0.8640625 0.7765625 0.0484375 0.1484375
0 0.91875 0.78125 0.05 0.14765625
0 0.03046875 0.84453125 0.0390625 0.03671875
0 0.03515625 0.8765625 0.03984375 0.025
0 0.1015625 0.84765625 0.0296875 0.03125
0 0.134375 0.846875 0.03125 0.02890625
0 0.1046875 0.87734375 0.03046875 0.02578125
0 0.1375 0.878125 0.0296875 0.02890625
0 0.19453125 0.8625 0.02421875 0.0484375
0 0.934375 0.43046875 0.04453125 0.0859375
0 0.0640625 0.4859375 0.034375 0.0859375
0 0.8375 0.43125 0.04765625 0.08671875
0 0.05703125 0.346875 0.02265625 0.08671875
0 0.02890625 0.34375 0.02734375 0.07578125
0 0.98359375 0.29765625 0.0328125 0.0703125
0 0.9859375 0.22421875 0.028125 0.0703125
0 0.875 0.1015625 0.0390625 0.06875
0 0.94609375 0.2984375 0.0390625 0.0640625
0 0.95 0.22421875 0.03984375 0.07421875
0 0.88671875 0.43125 0.0453125 0.08671875
0 0.90234375 0.29765625 0.04140625 0.065625
0 0.90625 0.225 0.040625 0.071875
0 0.85703125 0.30234375 0.04296875 0.06875
0 0.8578125 0.22421875 0.04453125 0.08125
0 0.96953125 0.03046875 0.046875 0.05859375
0 0.53125 0.16171875 0.04453125 0.11796875
0 0.58046875 0.1625 0.04453125 0.11171875
0 0.6265625 0.159375 0.046875 0.11484375
0 0.67265625 0.15859375 0.040625 0.12265625
0 0.084375 0.34921875 0.0265625 0.08671875
0 0.87421875 0.0296875 0.05078125 0.05703125
0 0.1140625 0.34375 0.028125 0.0828125
0 0.428125 0.53203125 0.07421875 0.16015625
0 0.759375 0.3578125 0.04140625 0.1
0 0.7125 0.3828125 0.0453125 0.05234375
0 0.7140625 0.32265625 0.04296875 0.05859375
0 0.659375 0.34453125 0.0546875 0.1203125
0 0.603125 0.346875 0.05390625 0.128125
0 0.5515625 0.34609375 0.04453125 0.12890625
0 0.28046875 0.53359375 0.0703125 0.16015625
0 0.35390625 0.546875 0.065625 0.15078125
0 0.14296875 0.3453125 0.02421875 0.0828125
0 0.92265625 0.03046875 0.040625 0.05546875
0 0.503125 0.34609375 0.04296875 0.12890625
0 0.4328125 0.3453125 0.07265625 0.13046875
0 0.35078125 0.346875 0.078125 0.134375
0 0.26640625 0.34296875 0.07421875 0.1328125
0 0.21015625 0.4203125 0.01171875 0.04140625
0 0.2015625 0.365625 0.0125 0.06015625
0 0.16875 0.3421875 0.0234375 0.0796875
0 0.5046875 0.52890625 0.075 0.16640625