0 0.89609375 0.07265625 0.03828125 0.096875
0 0.36953125 0.06484375 0.04609375 0.08515625
0 0.41640625 0.06484375 0.05 0.0859375
0 0.46484375 0.0640625 0.04453125 0.084375
0 0.50859375 0.065625 0.04921875 0.0828125
0 0.5546875 0.065625 0.04609375 0.084375
0 0.60625 0.06484375 0.05234375 0.08125
0 0.65625 0.06484375 0.04921875 0.08125
0 0.70546875 0.065625 0.05 0.0796875
0 0.7984375 0.0640625 0.04453125 0.0765625
0 0.84453125 0.0640625 0.04609375 0.07421875
0 0.2234375 0.409375 0.05078125 0.0671875
0 0.74609375 0.1828125 0.04140625 0.08828125
0 0.07734375 0.18203125 0.04453125 0.08125
0 0.88828125 0.221875 0.04140625 0.10390625
0 0.8375 0.18046875 0.04921875 0.09375
0 0.78984375 0.18125 0.046875 0.09375
0 0.31953125 0.0671875 0.05546875 0.0890625
0 0.7015625 0.17890625 0.0453125 0.078125
0 0.65078125 0.18359375 0.05234375 0.08125
0 0.60625 0.18046875 0.03671875 0.07265625
0 0.5671875 0.1796875 0.04140625 0.0828125
0 0.525 0.1796875 0.04140625 0.08203125
0 0.484375 0.1828125 0.03984375 0.07734375
0 0.4484375 0.1828125 0.02890625 0.078125
0 0.41328125 0.18671875 0.03671875 0.090625
0 0.3703125 0.18203125 0.03984375 0.0875
0 0.32109375 0.1828125 0.04375 0.0890625
0 0.271875 0.1828125 0.05078125 0.090625
0 0.22109375 0.184375 0.04921875 0.0890625
0 0.12578125 0.18046875 0.05390625 0.08515625
0 0.96484375 0.075 0.04375 0.0859375
0 0.26875 0.06640625 0.0453125 0.0890625
0 0.4546875 0.72578125 0.02890625 0.1015625
0 0.17421875 0.0671875 0.046875 0.09375
0 0.49609375 0.7328125 0.0453125 0.09296875
0 0.9390625 0.2171875 0.0546875 0.0984375
0 0.4234375 0.728125 0.0296875 0.0875
0 0.3921875 0.7328125 0.028125 0.0734375
0 0.3515625 0.73515625 0.04609375 0.078125
0 0.30234375 0.740625 0.04609375 0.05625
0 0.53984375 0.72890625 0.03671875 0.09375
0 0.26015625 0.7171875 0.040625 0.1
0 0.16484375 0.71484375 0.0734375 0.1015625
0 0.10234375 0.7140625 0.05234375 0.10234375
0 0.03671875 0.72109375 0.07265625 0.0984375
0 0.98515625 0.6046875 0.0296875 0.096875
0 0.9859375 0.346875 0.028125 0.096875
0 0.98828125 0.4734375 0.0234375 0.096875
0 0.21953125 0.715625 0.03671875 0.10234375
0 0.21953125 0.06640625 0.04609375 0.0953125
0 0.58984375 0.7328125 0.04609375 0.0828125
0 0.67265625 0.7296875 0.03984375 0.096875
0 0.125 0.06484375 0.04765625 0.090625
0 0.07578125 0.0671875 0.04921875 0.0859375
0 0.0265625 0.10078125 0.04921875 0.1171875
0 0.73046875 0.5984375 0.03984375 0.078125
0 0.778125 0.59375 0.0359375 0.0765625
0 0.81953125 0.5984375 0.046875 0.0859375
0 0.63203125 0.734375 0.0375 0.0890625
0 0.87890625 0.6015625 0.05 0.090625
0 0.97890625 0.72890625 0.04140625 0.0765625
0 0.93125 0.73203125 0.04765625 0.0734375
0 0.83203125 0.7328125 0.04140625 0.078125
0 0.790625 0.734375 0.03671875 0.0765625
0 0.75234375 0.7359375 0.04140625 0.08203125
0 0.7109375 0.72890625 0.03828125 0.09375
0 0.94140625 0.6 0.05546875 0.09375
0 0.07421875 0.3015625 0.04609375 0.0765625
0 0.87890625 0.7328125 0.05234375 0.075
0 0.175 0.3 0.04609375 0.084375
0 0.6890625 0.5 0.0421875 0.08125
0 0.63984375 0.5 0.04453125 0.08125
0 0.59453125 0.50078125 0.04609375 0.0796875
0 0.55 0.4984375 0.04609375 0.08125
0 0.50703125 0.50078125 0.04140625 0.0796875
0 0.4609375 0.50078125 0.04609375 0.0796875
0 0.73359375 0.49765625 0.040625 0.075
0 0.4140625 0.50390625 0.0421875 0.078125
0 0.3296875 0.503125 0.04140625 0.08046875
0 0.284375 0.50390625 0.04453125 0.0828125
0 0.234375 0.503125 0.05234375 0.08671875
0 0.1859375 0.503125 0.04140625 0.0859375
0 0.1375 0.5015625 0.04453125 0.0828125
0 0.09140625 0.50234375 0.04453125 0.0828125
0 0.37109375 0.50234375 0.0453125 0.07578125
0 0.04609375 0.50859375 0.03671875 0.10625
0 0.8203125 0.4984375 0.034375 0.08125
0 0.09296875 0.6015625 0.03984375 0.07890625
0 0.12421875 0.2984375 0.05390625 0.08203125
0 0.68515625 0.5984375 0.04375 0.08046875
0 0.640625 0.5984375 0.0421875 0.078125
0 0.59609375 0.5953125 0.04296875 0.08359375
0 0.5515625 0.596875 0.04296875 0.0859375
0 0.50859375 0.59765625 0.04296875 0.07890625
0 0.04375 0.6171875 0.05390625 0.06796875
0 0.46015625 0.59765625 0.04921875 0.0796875
0 0.36953125 0.6015625 0.05078125 0.08125
0 0.32578125 0.59609375 0.03671875 0.0703125
0 0.27890625 0.59453125 0.0421875 0.0796875
0 0.234375 0.59609375 0.04609375 0.0734375
0 0.1875 0.5984375 0.0453125 0.08125
0 0.14140625 0.5984375 0.0453125 0.0796875
0 0.41484375 0.59765625 0.03671875 0.08125
0 0.01328125 0.50703125 0.0265625 0.1140625
0 0.78046875 0.50078125 0.03828125 0.0671875
0 0.88984375 0.4765625 0.06015625 0.0953125
0 0.89609375 0.34921875 0.0671875 0.0921875
0 0.83671875 0.29765625 0.04375 0.0859375
0 0.790625 0.296875 0.0515625 0.0859375
0 0.7421875 0.29609375 0.04609375 0.1
0 0.69296875 0.2953125 0.05 0.09375
0 0.6015625 0.2984375 0.04453125 0.09765625
0 0.5578125 0.3 0.04453125 0.1015625
0 0.51171875 0.29609375 0.04921875 0.0921875
0 0.4625 0.29609375 0.04921875 0.09375
0 0.41171875 0.2984375 0.04765625 0.096875
0 0.36484375 0.3015625 0.0453125 0.0890625
0 0.31796875 0.30078125 0.04375 0.0921875
0 0.2703125 0.3 0.04765625 0.09375
0 0.9484375 0.47265625 0.0421875 0.090625
0 0.2234375 0.2984375 0.05 0.08828125
0 0.95390625 0.346875 0.03828125 0.09296875
0 0.03359375 0.375 0.04140625 0.1140625
0 0.64609375 0.2953125 0.04296875 0.0921875
0 0.603125 0.40078125 0.04609375 0.0828125
0 0.74296875 0.3984375 0.04453125 0.078125
0 0.696875 0.4015625 0.0453125 0.0796875
0 0.65078125 0.396875 0.04921875 0.078125
0 0.83125 0.396875 0.04453125 0.08046875
0 0.55625 0.3984375 0.0484375 0.0796875
0 0.5078125 0.40078125 0.04453125 0.0828125
0 0.46171875 0.3984375 0.04453125 0.078125
0 0.3640625 0.4 0.0484375 0.084375
0 0.31875 0.403125 0.0421875 0.078125
0 0.2734375 0.403125 0.0484375 0.078125
0 0.13203125 0.4015625 0.053125 0.084375
0 0.084375 0.40546875 0.03984375 0.078125
0 0.4140625 0.4 0.05234375 0.075
0 0.7875 0.3984375 0.04140625 0.08125