0 0.1546875 0.5109375 0.02265625 0.0609375
0 0.19375 0.4953125 0.025 0.06953125
0 0.21484375 0.49296875 0.0171875 0.075
0 0.234375 0.4875 0.0203125 0.06953125
0 0.075 0.6671875 0.02421875 0.0703125
0 0.02734375 0.6828125 0.02734375 0.08203125
0 0.05234375 0.6765625 0.0203125 0.0828125
0 0.09921875 0.66015625 0.0234375 0.08359375
0 0.121875 0.6515625 0.0203125 0.075
0 0.2546875 0.48828125 0.01796875 0.06171875
0 0.13359375 0.525 0.01875 0.05546875
0 0.61875 0.33984375 0.01015625 0.06796875
0 0.08828125 0.53359375 0.01875 0.065625
0 0.0671875 0.5359375 0.0234375 0.0671875
0 0.65 0.33984375 0.009375 0.053125
0 0.63984375 0.340625 0.0078125 0.05234375
0 0.62890625 0.34375 0.009375 0.0515625
0 0.56640625 0.3484375 0.015625 0.07734375
0 0.60859375 0.34140625 0.009375 0.075
0 0.6 0.3421875 0.009375 0.07109375
0 0.5890625 0.34453125 0.009375 0.07109375
0 0.57890625 0.346875 0.0078125 0.07421875
0 0.13984375 0.640625 0.015625 0.0796875
0 0.1109375 0.52890625 0.02421875 0.0625
0 0.1609375 0.63515625 0.025 0.07109375
0 0.36015625 0.54296875 0.025 0.03203125
0 0.20078125 0.62109375 0.0171875 0.0671875
0 0.55 0.35 0.0125 0.0796875
0 0.6515625 0.61953125 0.0109375 0.05859375
0 0.62734375 0.63984375 0.015625 0.05703125
0 0.6015625 0.6578125 0.0203125 0.05703125
0 0.575 0.6953125 0.0140625 0.03515625
0 0.55859375 0.6953125 0.01875 0.0640625
0 0.5375 0.70625 0.0203125 0.05546875
0 0.51796875 0.71953125 0.0171875 0.06015625
0 0.4984375 0.71796875 0.0203125 0.04609375
0 0.3828125 0.5328125 0.0203125 0.03359375
0 0.4140625 0.48125 0.0140625 0.0421875
0 0.4 0.48515625 0.015625 0.03984375
0 0.3796875 0.490625 0.0203125 0.03828125
0 0.35625 0.5 0.025 0.040625
0 0.3375 0.55703125 0.01796875 0.03203125
0 0.334375 0.52421875 0.01875 0.03359375
0 0.31171875 0.565625 0.0265625 0.0328125
0 0.3109375 0.534375 0.025 0.02578125
0 0.2828125 0.57421875 0.02890625 0.03046875
0 0.28046875 0.5421875 0.0328125 0.028125
0 0.25546875 0.59453125 0.0140625 0.07109375
0 0.2390625 0.6 0.01484375 0.07734375
0 0.21953125 0.6125 0.0203125 0.07109375
0 0.1828125 0.62890625 0.01875 0.0828125
0 0.53828125 0.35546875 0.009375 0.08203125
0 0.05625 0.11640625 0.02890625 0.0953125
0 0.50859375 0.36015625 0.015625 0.090625
0 0.5984375 0.16171875 0.0125 0.07109375
0 0.61015625 0.15859375 0.009375 0.07109375
0 0.62265625 0.17265625 0.0109375 0.04765625
0 0.63828125 0.171875 0.0109375 0.05078125
0 0.65 0.1734375 0.009375 0.05078125
0 0.66796875 0.1734375 0.0140625 0.04921875
0 0.58359375 0.15703125 0.0140625 0.07734375
0 0.02109375 0.2796875 0.0296875 0.09609375
0 0.096875 0.3359375 0.0640625 0.31953125
0 0.14375 0.2796875 0.025 0.07734375
0 0.1640625 0.2796875 0.0140625 0.07890625
0 0.19765625 0.27734375 0.0234375 0.07265625
0 0.21796875 0.2765625 0.01328125 0.07265625
0 0.2375 0.26484375 0.02265625 0.09296875
0 0.05078125 0.2765625 0.025 0.09921875
0 0.284375 0.315625 0.0578125 0.271875
0 0.5671875 0.1546875 0.0171875 0.07734375
0 0.5234375 0.1515625 0.0171875 0.07578125
0 0.0875 0.1203125 0.03125 0.08203125
0 0.1203125 0.1265625 0.0328125 0.0859375
0 0.146875 0.12890625 0.0203125 0.0828125
0 0.171875 0.13046875 0.028125 0.08125
0 0.24453125 0.11015625 0.0359375 0.12265625
0 0.29140625 0.11875 0.02734375 0.12734375
0 0.54453125 0.15703125 0.015625 0.07421875
0 0.3171875 0.121875 0.025 0.121875
0 0.3640625 0.1265625 0.02109375 0.11171875
0 0.4796875 0.7546875 0.0140625 0.05390625
0 0.38671875 0.13046875 0.021875 0.11171875
0 0.4203125 0.13515625 0.02890625 0.103125
0 0.46328125 0.1390625 0.0234375 0.10234375
0 0.49375 0.1421875 0.01875 0.09296875
0 0.3421875 0.125 0.02109375 0.11640625
0 0.33046875 0.2609375 0.0234375 0.1078125
0 0.353125 0.2578125 0.0203125 0.1046875
0 0.37421875 0.25859375 0.01875 0.10625
0 0.02421875 0.409375 0.0359375 0.09140625
0 0.153125 0.390625 0.0265625 0.08359375
0 0.175 0.390625 0.015625 0.08203125
0 0.19296875 0.3859375 0.021875 0.0796875
0 0.21328125 0.384375 0.015625 0.08203125
0 0.2296875 0.37265625 0.01484375 0.08828125
0 0.6859375 0.3140625 0.0140625 0.06171875
0 0.2453125 0.37265625 0.01328125 0.08515625
0 0.3765625 0.3796875 0.02734375 0.1046875
0 0.40078125 0.37890625 0.01875 0.10625
0 0.4375 0.37265625 0.025 0.09765625
0 0.4671875 0.36484375 0.01796875 0.09296875
0 0.48203125 0.36328125 0.0109375 0.09609375
0 0.49453125 0.3625 0.0125 0.08671875
0 0.34296875 0.3828125 0.0328125 0.1046875
0 0.6859375 0.253125 0.0171875 0.0515625
0 0.65390625 0.259375 0.0109375 0.06328125
0 0.6421875 0.25703125 0.009375 0.0625
0 0.4 0.25859375 0.01953125 0.09921875
0 0.4203125 0.25703125 0.01796875 0.10390625
0 0.4375 0.2578125 0.0171875 0.09765625
0 0.46484375 0.25703125 0.0203125 0.09296875
0 0.4828125 0.25625 0.01640625 0.08984375
0 0.503125 0.2546875 0.01640625 0.0890625
0 0.5171875 0.25625 0.01171875 0.08828125
0 0.53046875 0.2546875 0.0125 0.08203125
0 0.55078125 0.2546875 0.0140625 0.07890625
0 0.5640625 0.25546875 0.0109375 0.07890625
0 0.5765625 0.25390625 0.0109375 0.0765625
0 0.5875 0.25625 0.00859375 0.07578125
0 0.6046875 0.25390625 0.009375 0.07421875
0 0.6171875 0.259375 0.0125 0.0609375
0 0.63046875 0.25625 0.0125 0.06015625
0 0.525 0.35625 0.015625 0.08203125
0 0.46328125 0.7671875 0.01640625 0.05703125
0 0.28828125 0.91953125 0.028125 0.03984375
0 0.428125 0.7984375 0.021875 0.05546875
0 0.5625 0.51015625 0.0125 0.02890625
0 0.5484375 0.55703125 0.009375 0.01796875
0 0.5484375 0.5375 0.0109375 0.0171875
0 0.5359375 0.5640625 0.0125 0.0203125
0 0.53671875 0.540625 0.0125 0.01953125
0 0.54921875 0.5171875 0.0140625 0.0203125
0 0.5203125 0.565625 0.01796875 0.02265625
0 0.5203125 0.5421875 0.01796875 0.02265625
0 0.5265625 0.51953125 0.02265625 0.01953125
0 0.50078125 0.57421875 0.01796875 0.02890625
0 0.5015625 0.53984375 0.0171875 0.0375
0 0.4671875 0.59140625 0.0296875 0.03046875
0 0.46875 0.55703125 0.02734375 0.03203125
0 0.4375 0.5609375 0.025 0.0328125
0 0.440625 0.61328125 0.01875 0.025
0 0.421875 0.62421875 0.01796875 0.03046875
0 0.4015625 0.63359375 0.021875 0.02890625
0 0.57578125 0.50625 0.0140625 0.0359375
0 0.59296875 0.51328125 0.01875 0.05625
0 0.61171875 0.503125 0.01875 0.05859375
0 0.5765625 0.5375 0.0140625 0.02578125
0 0.2875 0.80546875 0.02578125 0.02890625
0 0.2578125 0.80390625 0.015625 0.05703125
0 0.2421875 0.815625 0.015625 0.06796875
0 0.2265625 0.825 0.0171875 0.06328125
0 0.209375 0.84296875 0.015625 0.0671875
0 0.19140625 0.85234375 0.01796875 0.06015625
0 0.1703125 0.8609375 0.0234375 0.071875
0 0.1484375 0.878125 0.01953125 0.05078125
0 0.36015625 0.64609375 0.021875 0.0359375
0 0.128125 0.88671875 0.0171875 0.05859375
0 0.08828125 0.909375 0.0203125 0.07109375
0 0.06640625 0.9265625 0.0234375 0.06953125
0 0.04140625 0.94140625 0.0234375 0.08125
0 0.015625 0.9546875 0.02890625 0.075
0 0.67890625 0.47734375 0.0140625 0.03203125
0 0.65 0.48828125 0.0125 0.04765625
0 0.6328125 0.496875 0.01015625 0.05078125
0 0.5609375 0.54296875 0.0125 0.03125
0 0.109375 0.9 0.01796875 0.05703125
0 0.31328125 0.79296875 0.025 0.03125
0 0.33515625 0.65859375 0.025 0.03359375
0 0.3296875 0.6203125 0.025 0.03671875
0 0.571875 0.465625 0.0125 0.01796875
0 0.5578125 0.46875 0.01328125 0.01796875
0 0.5453125 0.47421875 0.0125 0.0203125
0 0.571875 0.4453125 0.0125 0.01953125
0 0.5578125 0.45 0.0109375 0.0171875
0 0.54453125 0.45234375 0.0125 0.01953125
0 0.571875 0.42578125 0.0125 0.01484375
0 0.55859375 0.43046875 0.0109375 0.01953125
0 0.54609375 0.43125 0.01328125 0.01953125
0 0.52890625 0.4609375 0.015625 0.06328125
0 0.5125 0.46328125 0.015625 0.06640625
0 0.49453125 0.48671875 0.0171875 0.03359375
0 0.47109375 0.4921875 0.015625 0.03984375
0 0.45234375 0.48828125 0.0203125 0.06953125
0 0.4328125 0.51640625 0.01640625 0.02734375
0 0.41640625 0.521875 0.01484375 0.02890625
0 0.40078125 0.52421875 0.015625 0.03359375
0 0.5953125 0.44765625 0.01328125 0.034375
0 0.6125 0.4140625 0.0171875 0.02890625
0 0.628125 0.40703125 0.01484375 0.02578125
0 0.6109375 0.446875 0.015625 0.02890625
0 0.3109375 0.65 0.02421875 0.02421875
0 0.2859375 0.69375 0.02421875 0.03671875
0 0.2828125 0.65859375 0.0296875 0.01953125
0 0.25703125 0.7 0.0171875 0.06953125
0 0.23671875 0.7109375 0.01875 0.06640625
0 0.21875 0.71953125 0.015625 0.06953125
0 0.2015625 0.7265625 0.0171875 0.0671875
0 0.18359375 0.73515625 0.015625 0.0765625
0 0.3578125 0.60703125 0.025 0.03203125
0 0.1640625 0.74765625 0.0203125 0.06796875
0 0.1265625 0.765625 0.0203125 0.07109375
0 0.10390625 0.78046875 0.021875 0.07578125
0 0.0796875 0.7890625 0.0265625 0.07421875
0 0.0375 0.81171875 0.02109375 0.08984375
0 0.0125 0.82734375 0.02265625 0.07421875
0 0.64453125 0.421875 0.0078125 0.04296875
0 0.653125 0.4203125 0.009375 0.04140625
0 0.62734375 0.4390625 0.0125 0.03125
0 0.14609375 0.75546875 0.0171875 0.084375
0 0.446875 0.7796875 0.015625 0.0609375
0 0.02421875 0.11796875 0.0359375 0.090625
0 0.38203125 0.84921875 0.021875 0.02890625
0 0.31640625 0.87265625 0.0265625 0.09375
0 0.2640625 0.9140625 0.015625 0.084375
0 0.246875 0.9234375 0.01640625 0.09609375
0 0.22890625 0.9328125 0.0171875 0.1046875
0 0.20859375 0.94296875 0.021875 0.090625
0 0.18515625 0.9484375 0.0265625 0.07890625
0 0.4265625 0.68984375 0.01953125 0.01640625
0 0.47890625 0.659375 0.02109375 0.06015625
0 0.45859375 0.67265625 0.01796875 0.06171875
0 0.40546875 0.7109375 0.0203125 0.0734375
0 0.384375 0.72109375 0.021875 0.07578125
0 0.3609375 0.73671875 0.025 0.07734375
0 0.334375 0.7390625 0.025 0.06015625
0 0.4015625 0.796875 0.03046875 0.0703125
0 0.34453125 0.85390625 0.028125 0.08046875