0 0.2734375 0.12421875 0.04609375 0.078125
0 0.2328125 0.1203125 0.0390625 0.08515625
0 0.1875 0.121875 0.04765625 0.0859375
0 0.325 0.12578125 0.0515625 0.0859375
0 0.096875 0.121875 0.04140625 0.0765625
0 0.0484375 0.109375 0.05546875 0.103125
0 0.1421875 0.125 0.0484375 0.08125
0 0.37734375 0.125 0.04140625 0.0765625
0 0.18984375 0.3890625 0.071875 0.090625
0 0.503125 0.09921875 0.11640625 0.125
0 0.63828125 0.87109375 0.05 0.06875
0 0.5921875 0.86875 0.04296875 0.0734375
0 0.54296875 0.86484375 0.053125 0.06953125
0 0.49140625 0.86875 0.04609375 0.06953125
0 0.44375 0.86953125 0.04609375 0.06484375
0 0.3984375 0.87109375 0.04375 0.0640625
0 0.353125 0.86796875 0.04765625 0.05859375
0 0.3046875 0.86875 0.04609375 0.0625
0 0.25546875 0.8703125 0.04765625 0.06328125
0 0.20859375 0.86953125 0.04375 0.0671875
0 0.1609375 0.86953125 0.0515625 0.0671875
0 0.10625 0.8671875 0.05078125 0.0671875
0 0.68671875 0.87265625 0.04765625 0.06875
0 0.95625 0.765625 0.08671875 0.05
0 0.67734375 0.7203125 0.04765625 0.03125
0 0.734375 0.72578125 0.05078125 0.04375
0 0.7859375 0.7671875 0.05078125 0.03984375
0 0.73203125 0.76875 0.0546875 0.0390625
0 0.68125 0.76875 0.04609375 0.05
0 0.6328125 0.765625 0.04921875 0.0546875
0 0.559375 0.75234375 0.05078125 0.0703125
0 0.496875 0.74921875 0.05078125 0.071875
0 0.43515625 0.753125 0.04765625 0.06796875
0 0.37734375 0.7640625 0.04140625 0.04375
0 0.32421875 0.76484375 0.04375 0.0453125
0 0.275 0.7640625 0.04609375 0.04765625
0 0.86328125 0.765625 0.09609375 0.046875
0 0.2171875 0.7640625 0.04609375 0.0453125
0 0.7375 0.87421875 0.05390625 0.0703125
0 0.8265625 0.8703125 0.04140625 0.06953125
0 0.4265625 0.125 0.0375 0.075
0 0.1984375 0.47734375 0.07265625 0.04375
0 0.80546875 0.603125 0.08359375 0.0296875
0 0.9625 0.53125 0.07421875 0.090625
0 0.9546875 0.9703125 0.04296875 0.059375
0 0.9078125 0.9703125 0.05078125 0.0578125
0 0.8578125 0.96875 0.0484375 0.06171875
0 0.81015625 0.97109375 0.0453125 0.0578125
0 0.76171875 0.97265625 0.03984375 0.0515625
0 0.71484375 0.9734375 0.05859375 0.053125
0 0.67109375 0.971875 0.03203125 0.05546875
0 0.63203125 0.971875 0.046875 0.05625
0 0.7859375 0.87734375 0.03984375 0.0625
0 0.5859375 0.97109375 0.04296875 0.05625
0 0.4875 0.97109375 0.0515625 0.0578125
0 0.43828125 0.96875 0.0328125 0.0625
0 0.4 0.96796875 0.04375 0.0640625
0 0.3515625 0.96875 0.05078125 0.0609375
0 0.3 0.96875 0.05234375 0.059375
0 0.24453125 0.9703125 0.05703125 0.05390625
0 0.196875 0.965625 0.03515625 0.06875
0 0.15625 0.96640625 0.0453125 0.0625
0 0.1 0.96640625 0.0546875 0.0609375
0 0.96796875 0.871875 0.04375 0.071875
0 0.92265625 0.86953125 0.04609375 0.078125
0 0.875 0.86875 0.05078125 0.0734375
0 0.540625 0.97109375 0.04453125 0.0578125
0 0.12890625 0.759375 0.08984375 0.053125
0 0.871875 0.525 0.10078125 0.07734375
0 0.77109375 0.6640625 0.05078125 0.0609375
0 0.540625 0.38984375 0.06328125 0.0890625
0 0.47890625 0.390625 0.059375 0.08984375
0 0.4171875 0.3921875 0.06015625 0.0875
0 0.32890625 0.403125 0.103125 0.059375
0 0.253125 0.384375 0.04921875 0.0984375
0 0.10546875 0.390625 0.07734375 0.0890625
0 0.96328125 0.26953125 0.07265625 0.084375
0 0.8859375 0.2625 0.0640625 0.0984375
0 0.8140625 0.26640625 0.07734375 0.090625
0 0.63828125 0.2546875 0.059375 0.065625
0 0.571875 0.2703125 0.07265625 0.1
0 0.4953125 0.26953125 0.0828125 0.096875
0 0.4109375 0.27109375 0.08671875 0.09375
0 0.32578125 0.2671875 0.08125 0.08515625
0 0.2453125 0.26484375 0.08046875 0.090625
0 0.16171875 0.2640625 0.08125 0.090625
0 0.0859375 0.2640625 0.07109375 0.090625
0 0.95546875 0.1171875 0.05390625 0.08359375
0 0.9015625 0.11953125 0.0546875 0.084375
0 0.84921875 0.11875 0.05 0.0859375
0 0.80078125 0.11875 0.04921875 0.0859375
0 0.69453125 0.12109375 0.05390625 0.0890625
0 0.6171875 0.12109375 0.09296875 0.090625
0 0.8578125 0.65625 0.10078125 0.0578125
0 0.37578125 0.0484375 0.04296875 0.0703125
0 0.609375 0.4 0.0671875 0.0703125
0 0.83203125 0.39609375 0.07109375 0.078125
0 0.7484375 0.121875 0.046875 0.0921875
0 0.09921875 0.5390625 0.03046875 0.05
0 0.7203125 0.65859375 0.04765625 0.04765625
0 0.60546875 0.65703125 0.05390625 0.05625
0 0.54609375 0.61640625 0.05546875 0.0484375
0 0.665625 0.6578125 0.05234375 0.0515625
0 0.48828125 0.615625 0.04609375 0.04375
0 0.434375 0.6203125 0.053125 0.0453125
0 0.54609375 0.6640625 0.04296875 0.0484375
0 0.490625 0.65859375 0.0484375 0.040625
0 0.4328125 0.659375 0.03984375 0.0421875
0 0.9140625 0.390625 0.0828125 0.08359375
0 0.31640625 0.65703125 0.04453125 0.0453125
0 0.26328125 0.65859375 0.040625 0.0453125
0 0.21171875 0.659375 0.05078125 0.05234375
0 0.3734375 0.65703125 0.05078125 0.04375
0 0.1109375 0.4796875 0.06015625 0.05234375
0 0.14921875 0.540625 0.059375 0.05546875
0 0.21484375 0.534375 0.06796875 0.06484375
0 0.12734375 0.65859375 0.10859375 0.0453125
0 0.340625 0.534375 0.05078125 0.05859375
0 0.40859375 0.5359375 0.07578125 0.065625
0 0.46875 0.5375 0.04453125 0.0625
0 0.28359375 0.534375 0.06328125 0.059375
0 0.528125 0.53359375 0.06328125 0.059375
0 0.59453125 0.53515625 0.06953125 0.05625
0 0.65859375 0.5359375 0.05703125 0.06015625
0 0.72421875 0.540625 0.0671875 0.05625
0 0.78828125 0.5421875 0.06171875 0.0515625