0 0.5078125 0.12421875 0.0453125 0.01953125
0 0.50546875 0.1078125 0.04921875 0.0140625
0 0.06328125 0.17890625 0.02890625 0.07109375
0 0.4375 0.55546875 0.03125 0.04140625
0 0.365625 0.5453125 0.03046875 0.053125
0 0.33359375 0.55078125 0.02578125 0.04296875
0 0.30078125 0.54453125 0.03828125 0.03984375
0 0.23515625 0.52890625 0.0375 0.05234375
0 0.1921875 0.53125 0.03359375 0.04140625
0 0.15859375 0.5296875 0.02421875 0.04140625
0 0.12578125 0.5234375 0.03125 0.0421875
0 0.1015625 0.5203125 0.01875 0.03828125
0 0.07734375 0.5125 0.025 0.04375
0 0.04921875 0.5109375 0.0328125 0.04609375
0 0.06171875 0.5640625 0.0296875 0.02734375
0 0.04375 0.603125 0.02265625 0.0484375
0 0.065625 0.609375 0.01953125 0.0421875
0 0.46953125 0.559375 0.03359375 0.05546875
0 0.08828125 0.61171875 0.02421875 0.04765625
0 0.13046875 0.62109375 0.0234375 0.04921875
0 0.1515625 0.625 0.01875 0.05234375
0 0.184375 0.628125 0.034375 0.0515625
0 0.21875 0.63359375 0.03125 0.0546875
0 0.27734375 0.6484375 0.03671875 0.05
0 0.328125 0.6578125 0.0234375 0.05546875
0 0.3703125 0.66328125 0.02578125 0.04921875
0 0.403125 0.67109375 0.04140625 0.04921875
0 0.43984375 0.6796875 0.02890625 0.06328125
0 0.48359375 0.68671875 0.05234375 0.05859375
0 0.5515625 0.69140625 0.07890625 0.06484375
0 0.63828125 0.71796875 0.09375 0.07109375
0 0.73828125 0.72734375 0.065625 0.08984375
0 0.79296875 0.7453125 0.0453125 0.065625
0 0.10859375 0.61640625 0.01875 0.05234375
0 0.51015625 0.56640625 0.040625 0.05390625
0 0.57265625 0.56875 0.06015625 0.0453125
0 0.653125 0.5859375 0.09609375 0.0515625
0 0.06953125 0.39296875 0.0171875 0.04296875
0 0.05234375 0.3921875 0.0109375 0.04140625
0 0.0375 0.3921875 0.0171875 0.04140625
0 0.021875 0.39296875 0.01484375 0.0421875
0 0.00703125 0.39453125 0.0140625 0.04609375
0 0.01875 0.45 0.01953125 0.0265625
0 0.03515625 0.4515625 0.01484375 0.0265625
0 0.0546875 0.45390625 0.0234375 0.0328125
0 0.0765625 0.4546875 0.01875 0.03125
0 0.09609375 0.45625 0.01640625 0.0328125
0 0.11640625 0.4578125 0.02421875 0.03125
0 0.1375 0.459375 0.01875 0.0328125
0 0.1609375 0.46015625 0.025 0.0296875
0 0.18828125 0.46171875 0.0265625 0.0328125
0 0.228125 0.45703125 0.02890625 0.0515625
0 0.25625 0.4609375 0.02578125 0.046875
0 0.290625 0.46171875 0.03515625 0.0484375
0 0.7328125 0.58828125 0.059375 0.07421875
0 0.784375 0.59375 0.03984375 0.0890625
0 0.87109375 0.603125 0.090625 0.07734375
0 0.96484375 0.61328125 0.06953125 0.0921875
0 0.94765625 0.51484375 0.0640625 0.04375
0 0.71484375 0.4953125 0.1203125 0.05859375
0 0.9 0.74921875 0.10390625 0.0921875
0 0.58203125 0.50234375 0.0953125 0.01953125
0 0.50546875 0.47890625 0.05 0.0546875
0 0.0328125 0.184375 0.02890625 0.07421875
0 0.4390625 0.48125 0.02265625 0.0375
0 0.415625 0.47890625 0.0203125 0.034375
0 0.3859375 0.4703125 0.03515625 0.053125
0 0.34765625 0.4671875 0.03828125 0.0484375
0 0.57890625 0.48046875 0.09296875 0.0203125
0 0.94609375 0.95 0.10234375 0.1
0 0.84609375 0.9 0.0890625 0.07421875
0 0.84765625 0.95546875 0.08984375 0.03671875
0 0.0921875 0.30234375 0.02421875 0.03359375
0 0.121875 0.296875 0.02578125 0.0421875
0 0.14375 0.2953125 0.0171875 0.04375
0 0.140625 0.25 0.02109375 0.046875
0 0.165625 0.246875 0.03046875 0.04453125
0 0.16796875 0.29296875 0.03046875 0.04453125
0 0.23359375 0.27734375 0.0515625 0.065625
0 0.271875 0.2765625 0.02421875 0.0609375
0 0.29609375 0.28046875 0.028125 0.06015625
0 0.321875 0.2921875 0.02109375 0.03671875
0 0.35 0.27421875 0.0375 0.06953125
0 0.38984375 0.2734375 0.04296875 0.071875
0 0.43671875 0.26875 0.04453125 0.06484375
0 0.49453125 0.25703125 0.034375 0.09140625
0 0.53125 0.25859375 0.0390625 0.0921875
0 0.58828125 0.259375 0.025 0.08359375
0 0.62109375 0.253125 0.0390625 0.096875
0 0.55546875 0.1109375 0.046875 0.10625
0 0.6046875 0.10625 0.03984375 0.1
0 0.6484375 0.09453125 0.04453125 0.11328125
0 0.69765625 0.10234375 0.04921875 0.09140625
0 0.75625 0.09609375 0.06484375 0.09609375
0 0.8203125 0.075 0.0625 0.121875
0 0.0625 0.30234375 0.0296875 0.034375
0 0.8828125 0.07265625 0.0578125 0.1078125
0 0.96171875 0.24296875 0.0765625 0.09140625
0 0.88671875 0.2421875 0.0734375 0.09375
0 0.821875 0.2453125 0.05625 0.09921875
0 0.7671875 0.23515625 0.04765625 0.11953125
0 0.71875 0.246875 0.0515625 0.09921875
0 0.6671875 0.2515625 0.05234375 0.09296875
0 0.94765625 0.07578125 0.05546875 0.0953125
0 0.08984375 0.39375 0.01953125 0.046875
0 0.03671875 0.30234375 0.0203125 0.0328125
0 0.0359375 0.2671875 0.01875 0.03125
0 0.7734375 0.8953125 0.0546875 0.1265625
0 0.71796875 0.88203125 0.053125 0.13203125
0 0.56875 0.78359375 0.10078125 0.03203125
0 0.64921875 0.82109375 0.0796875 0.034375
0 0.64375 0.8796875 0.084375 0.07890625
0 0.54296875 0.85234375 0.0953125 0.1
0 0.4859375 0.76171875 0.05859375 0.04296875
0 0.471875 0.82421875 0.04296875 0.07578125
0 0.43046875 0.8109375 0.0375 0.09453125
0 0.3984375 0.79296875 0.021875 0.09296875
0 0.37578125 0.78828125 0.02265625 0.08359375
0 0.3546875 0.78125 0.0203125 0.0859375
0 0.3234375 0.78203125 0.03125 0.08671875
0 0.29609375 0.77890625 0.01640625 0.09609375
0 0.26171875 0.771875 0.03046875 0.06796875
0 0.23671875 0.76953125 0.0171875 0.07109375
0 0.215625 0.7609375 0.02734375 0.05859375
0 0.05859375 0.26875 0.02734375 0.0328125
0 0.09140625 0.2671875 0.028125 0.03359375
0 0.01953125 0.27109375 0.0140625 0.03125
0 0.00625 0.27109375 0.01171875 0.02890625
0 0.0078125 0.70546875 0.015625 0.0484375
0 0.02265625 0.709375 0.0125 0.0546875
0 0.0109375 0.30390625 0.02109375 0.03359375
0 0.04375 0.71171875 0.02578125 0.05078125
0 0.09375 0.715625 0.01953125 0.08203125
0 0.1125 0.72890625 0.01328125 0.07578125
0 0.13046875 0.73203125 0.015625 0.0734375
0 0.15234375 0.740625 0.01953125 0.0765625
0 0.171875 0.74375 0.01875 0.07265625
0 0.190625 0.74921875 0.01875 0.08203125
0 0.0703125 0.71328125 0.02265625 0.08359375
0 0.12578125 0.3953125 0.0234375 0.05
0 0.465625 0.48125 0.0265625 0.03671875
0 0.52578125 0.39140625 0.0484375 0.0921875
0 0.6671875 0.396875 0.0515625 0.08828125
0 0.18984375 0.39609375 0.03359375 0.0546875
0 0.2203125 0.3953125 0.0203125 0.059375
0 0.24375 0.3953125 0.02734375 0.05625
0 0.28203125 0.396875 0.0296875 0.06328125
0 0.321875 0.403125 0.04375 0.053125
0 0.71640625 0.4015625 0.0484375 0.08671875
0 0.35625 0.40546875 0.02421875 0.0453125
0 0.36796875 0.35625 0.034375 0.03984375
0 0.428125 0.40234375 0.05234375 0.0640625
0 0.42890625 0.35234375 0.05546875 0.03515625
0 0.48046875 0.390625 0.04296875 0.090625
0 0.5703125 0.4 0.03984375 0.07421875
0 0.6171875 0.3828125 0.0515625 0.1140625
0 0.38359375 0.40390625 0.02890625 0.05234375
0 0.7703125 0.40078125 0.05625 0.09453125
0 0.1515625 0.39609375 0.02578125 0.05234375
0 0.87890625 0.4015625 0.053125 0.10234375
0 0.1046875 0.17734375 0.02890625 0.0734375
0 0.16328125 0.175 0.065625 0.071875
0 0.2328125 0.15703125 0.0171875 0.08359375
0 0.25234375 0.153125 0.01875 0.08359375
0 0.2828125 0.1484375 0.0390625 0.09453125
0 0.31328125 0.1546875 0.0234375 0.07265625
0 0.8234375 0.4015625 0.04921875 0.096875
0 0.371875 0.14609375 0.03515625 0.075
0 0.40234375 0.14375 0.02578125 0.07421875
0 0.3390625 0.15078125 0.025 0.06875
0 0.50390625 0.159375 0.04140625 0.0171875
0 0.50703125 0.1421875 0.0390625 0.01640625
0 0.19609375 0.29140625 0.02109375 0.04453125
0 0.21796875 0.2328125 0.0328125 0.02109375
0 0.934375 0.4015625 0.05390625 0.10546875
0 0.4296875 0.1390625 0.028125 0.06796875