0 0.7703125 0.47109375 0.08671875 0.0609375
0 0.93203125 0.5578125 0.07265625 0.06640625
0 0.9359375 0.62421875 0.07734375 0.0609375
0 0.93203125 0.7109375 0.10078125 0.0703125
0 0.928125 0.7828125 0.0921875 0.06328125
0 0.92890625 0.8578125 0.08515625 0.0734375
0 0.84453125 0.878125 0.071875 0.05625
0 0.84453125 0.81953125 0.06796875 0.0609375
0 0.84453125 0.75625 0.06796875 0.0578125
0 0.8453125 0.7015625 0.06328125 0.05
0 0.7640625 0.7109375 0.08515625 0.0609375
0 0.76328125 0.7734375 0.0828125 0.05859375
0 0.7625 0.83359375 0.078125 0.05546875
0 0.76484375 0.8921875 0.07734375 0.0578125
0 0.68125 0.90390625 0.08046875 0.0640625
0 0.6796875 0.84140625 0.08046875 0.0609375
0 0.67890625 0.78125 0.07890625 0.0546875
0 0.59375 0.7953125 0.08984375 0.059375
0 0.59609375 0.85625 0.08515625 0.0515625
0 0.5953125 0.91484375 0.08515625 0.0640625
0 0.68046875 0.7171875 0.084375 0.0671875
0 0.5890625 0.7234375 0.0859375 0.0734375
0 0.4953125 0.7375 0.09140625 0.0734375
0 0.50390625 0.80625 0.0875 0.065625
0 0.5 0.86796875 0.09296875 0.05625
0 0.50703125 0.9296875 0.08203125 0.0640625
0 0.39375 0.94140625 0.1234375 0.07890625
0 0.85078125 0.5625 0.07421875 0.071875
0 0.85546875 0.63046875 0.075 0.0609375
0 0.77109375 0.6359375 0.08515625 0.06484375
0 0.7625 0.565625 0.08828125 0.07109375
0 0.68125 0.4765625 0.08359375 0.065625
0 0.58828125 0.484375 0.09609375 0.0671875
0 0.38046875 0.49375 0.078125 0.0515625
0 0.3875 0.540625 0.096875 0.04140625
0 0.28359375 0.5453125 0.10625 0.05
0 0.28359375 0.490625 0.10546875 0.06015625
0 0.175 0.49453125 0.10390625 0.0609375
0 0.1765625 0.55234375 0.1 0.0546875
0 0.06875 0.55546875 0.10625 0.059375
0 0.07109375 0.496875 0.0953125 0.05390625
0 0.0765625 0.684375 0.10234375 0.0625
0 0.184375 0.671875 0.10625 0.05625
0 0.2921875 0.66875 0.1046875 0.0609375
0 0.28671875 0.6140625 0.103125 0.0484375
0 0.39140625 0.61328125 0.09453125 0.053125
0 0.3953125 0.66328125 0.09609375 0.0453125
0 0.49765625 0.65703125 0.08203125 0.0671875
0 0.49140625 0.58515625 0.09140625 0.0734375
0 0.58203125 0.578125 0.08671875 0.07109375
0 0.5875 0.6453125 0.08828125 0.0625
0 0.68125 0.6421875 0.08671875 0.0703125
0 0.94140625 0.4609375 0.02421875 0.0515625
0 0.8984375 0.46640625 0.05078125 0.065625
0 0.84296875 0.46875 0.053125 0.0625
0 0.8984375 0.39921875 0.05234375 0.065625
0 0.38828125 0.8640625 0.125 0.0765625
0 0.8390625 0.4 0.0578125 0.06640625
0 0.72890625 0.409375 0.084375 0.0625
0 0.671875 0.56953125 0.0890625 0.071875
0 0.94453125 0.40078125 0.03515625 0.065625
0 0.25859375 0.87890625 0.12890625 0.075
0 0.1046875 0.7609375 0.10078125 0.0375
0 0.1265625 0.959375 0.1203125 0.0765625
0 0.07421875 0.090625 0.1015625 0.0359375
0 0.175 0.125 0.0921875 0.08125
0 0.17734375 0.059375 0.0859375 0.04609375
0 0.26953125 0.1265625 0.08671875 0.0765625
0 0.3640625 0.090625 0.09609375 0.0546875
0 0.365625 0.14453125 0.10234375 0.05
0 0.46796875 0.140625 0.10390625 0.0578125
0 0.45703125 0.090625 0.0828125 0.0421875
0 0.55 0.08984375 0.0984375 0.0375
0 0.5671875 0.13984375 0.0921875 0.0546875
0 0.64140625 0.13359375 0.04453125 0.0671875
0 0.6265625 0.07421875 0.04609375 0.053125
0 0.67890625 0.075 0.05234375 0.05
0 0.07265625 0.1375 0.11015625 0.05546875
0 0.7 0.1359375 0.0578125 0.0671875
0 0.7625 0.1359375 0.06328125 0.071875
0 0.828125 0.13828125 0.0578125 0.0671875
0 0.7984375 0.07578125 0.0515625 0.0453125
0 0.85 0.0796875 0.04765625 0.0421875
0 0.8859375 0.1390625 0.05078125 0.06328125
0 0.903125 0.07890625 0.04765625 0.0484375
0 0.96328125 0.08203125 0.05546875 0.04375
0 0.93828125 0.1390625 0.05078125 0.06640625
0 0.9828125 0.1390625 0.03359375 0.0671875
0 0.96484375 0.2984375 0.05234375 0.065625
0 0.90625 0.29765625 0.05234375 0.0703125
0 0.846875 0.2984375 0.0578125 0.06796875
0 0.82734375 0.246875 0.05078125 0.03671875
0 0.73984375 0.075 0.05234375 0.046875
0 0.77265625 0.24921875 0.05078125 0.034375
0 0.7875 0.30234375 0.0578125 0.0703125
0 0.72734375 0.30390625 0.0578125 0.06953125
0 0.109375 0.815625 0.09921875 0.0609375
0 0.2109375 0.8046875 0.09453125 0.05234375
0 0.20625 0.7515625 0.103125 0.04765625
0 0.3046875 0.74765625 0.09140625 0.0546875
0 0.4078125 0.73203125 0.0859375 0.0515625
0 0.39765625 0.7890625 0.08515625 0.05
0 0.30859375 0.7984375 0.08359375 0.0453125
0 0.53125 0.38046875 0.05078125 0.0734375
0 0.45625 0.44140625 0.06640625 0.1046875
0 0.3640625 0.359375 0.08984375 0.05703125
0 0.2578125 0.359375 0.1046875 0.0515625
0 0.2609375 0.4140625 0.09609375 0.05625
0 0.15625 0.4171875 0.10390625 0.059375
0 0.05 0.41796875 0.1 0.0578125
0 0.04765625 0.221875 0.0953125 0.059375
0 0.046875 0.27890625 0.09375 0.05390625
0 0.1578125 0.2796875 0.10390625 0.05
0 0.1515625 0.22421875 0.1109375 0.059375
0 0.2625 0.22578125 0.10546875 0.053125
0 0.2640625 0.2796875 0.10234375 0.053125
0 0.3671875 0.2265625 0.09921875 0.0484375
0 0.3640625 0.2796875 0.09609375 0.053125
0 0.46484375 0.29375 0.08828125 0.11796875
0 0.53359375 0.2421875 0.04375 0.06171875
0 0.54140625 0.3046875 0.0609375 0.06796875
0 0.603125 0.303125 0.06015625 0.07109375
0 0.703125 0.25390625 0.04765625 0.0265625
0 0.63125 0.246875 0.05859375 0.0390625
0 0.665625 0.30390625 0.06171875 0.0671875
0 0.26640625 0.95859375 0.12890625 0.078125
0 0.36640625 0.41328125 0.090625 0.0484375
0 0.59296875 0.41484375 0.0671875 0.07109375
0 0.65546875 0.4140625 0.04140625 0.05625