0 0.634375 0.29140625 0.04296875 0.06640625
0 0.45859375 0.09609375 0.03984375 0.05703125
0 0.50234375 0.0921875 0.04296875 0.06796875
0 0.2671875 0.190625 0.03828125 0.084375
0 0.31328125 0.190625 0.0390625 0.084375
0 0.36015625 0.190625 0.04765625 0.084375
0 0.40703125 0.1890625 0.03671875 0.084375
0 0.45625 0.18984375 0.046875 0.08515625
0 0.50546875 0.18984375 0.04609375 0.08359375
0 0.5515625 0.1890625 0.03828125 0.08671875
0 0.27578125 0.31328125 0.03984375 0.1125
0 0.3234375 0.3140625 0.046875 0.1109375
0 0.371875 0.31015625 0.0515625 0.11015625
0 0.3984375 0.0921875 0.04453125 0.06171875
0 0.421875 0.3109375 0.046875 0.11171875
0 0.46484375 0.290625 0.03984375 0.0375
0 0.521875 0.309375 0.046875 0.11796875
0 0.5796875 0.30546875 0.04296875 0.03046875
0 0.95625 0.23046875 0.05078125 0.1375
0 0.90234375 0.2328125 0.05 0.13828125
0 0.8484375 0.23203125 0.05078125 0.13984375
0 0.796875 0.23359375 0.04765625 0.14609375
0 0.98359375 0.38125 0.0296875 0.1109375
0 0.940625 0.38203125 0.046875 0.11328125
0 0.8921875 0.3828125 0.0421875 0.11640625
0 0.840625 0.38203125 0.05078125 0.11640625
0 0.7921875 0.3828125 0.04296875 0.1140625
0 0.47265625 0.3484375 0.040625 0.03671875
0 0.35390625 0.09296875 0.03984375 0.0625
0 0.31015625 0.09453125 0.04296875 0.06640625
0 0.2640625 0.09453125 0.0390625 0.06328125
0 0.07734375 0.10234375 0.05390625 0.0984375
0 0.0296875 0.22109375 0.0515625 0.10859375
0 0.0796875 0.2203125 0.04296875 0.1125
0 0.13125 0.21875 0.04140625 0.11015625
0 0.0203125 0.3359375 0.040625 0.0890625
0 0.0640625 0.33828125 0.040625 0.08671875
0 0.10859375 0.33828125 0.040625 0.09375
0 0.1546875 0.33984375 0.04140625 0.084375
0 0.03515625 0.4640625 0.0421875 0.08984375
0 0.078125 0.46328125 0.04453125 0.09140625
0 0.1265625 0.45859375 0.0328125 0.0890625
0 0.1625 0.46953125 0.03203125 0.0796875
0 0.07265625 0.57734375 0.0453125 0.10078125
0 0.12421875 0.56953125 0.0359375 0.096875
0 0.16328125 0.57421875 0.0421875 0.10625
0 0.0296875 0.6875 0.04296875 0.08359375
0 0.07421875 0.6875 0.040625 0.08359375
0 0.1203125 0.68828125 0.0453125 0.08515625
0 0.16875 0.68984375 0.0453125 0.0859375
0 0.04140625 0.79140625 0.03828125 0.096875
0 0.08515625 0.7921875 0.04140625 0.09375
0 0.13046875 0.79453125 0.03984375 0.09375
0 0.17578125 0.79453125 0.04375 0.09609375
0 0.0578125 0.88828125 0.04296875 0.0640625
0 0.1015625 0.8890625 0.03828125 0.06953125
0 0.14296875 0.89609375 0.04140625 0.06484375
0 0.18671875 0.9015625 0.03671875 0.06328125
0 0.984375 0.5109375 0.03125 0.10546875
0 0.0265625 0.10234375 0.04453125 0.09765625
0 0.94375 0.51015625 0.04609375 0.10625
0 0.840625 0.51015625 0.04375 0.10546875
0 0.52734375 0.74375 0.0421875 0.07265625
0 0.478125 0.74453125 0.03984375 0.07265625
0 0.43125 0.74453125 0.040625 0.06953125
0 0.37890625 0.746875 0.0375 0.07421875
0 0.334375 0.746875 0.040625 0.07265625
0 0.628125 0.67109375 0.03515625 0.06796875
0 0.58515625 0.66875 0.04140625 0.07109375
0 0.53125 0.66875 0.0453125 0.0703125
0 0.48125 0.67109375 0.03828125 0.06796875
0 0.4328125 0.66953125 0.040625 0.075
0 0.38671875 0.671875 0.04375 0.0734375
0 0.33984375 0.671875 0.0390625 0.07421875
0 0.30234375 0.8140625 0.0484375 0.0578125
0 0.296875 0.68515625 0.03828125 0.09375
0 0.57421875 0.565625 0.04375 0.0953125
0 0.5234375 0.5546875 0.0375 0.034375
0 0.525 0.60234375 0.03828125 0.0359375
0 0.48046875 0.5609375 0.03515625 0.1015625
0 0.434375 0.5609375 0.046875 0.10078125
0 0.38359375 0.56171875 0.04296875 0.10234375
0 0.33671875 0.559375 0.04453125 0.10078125
0 0.29140625 0.575 0.03828125 0.07421875
0 0.5265625 0.43828125 0.04375 0.1109375
0 0.478125 0.44375 0.04375 0.109375
0 0.43359375 0.44296875 0.0390625 0.1078125
0 0.3890625 0.44140625 0.040625 0.10234375
0 0.62109375 0.5609375 0.04140625 0.0953125
0 0.35 0.815625 0.0390625 0.05703125
0 0.39375 0.8125 0.0390625 0.0609375
0 0.4421875 0.81484375 0.04375 0.05546875
0 0.79140625 0.51171875 0.0453125 0.10390625
0 0.984375 0.63671875 0.03125 0.1015625
0 0.94609375 0.6390625 0.03359375 0.11015625
0 0.90625 0.67890625 0.03828125 0.09609375
0 0.859375 0.67578125 0.0421875 0.09375
0 0.82109375 0.671875 0.028125 0.09765625
0 0.78125 0.6671875 0.0421875 0.0953125
0 0.78515625 0.7640625 0.0375 0.0875
0 0.971875 0.80625 0.0421875 0.075
0 0.9234375 0.8046875 0.04140625 0.07109375
0 0.87734375 0.8046875 0.04453125 0.06953125
0 0.8359375 0.8046875 0.034375 0.065625
0 0.878125 0.88828125 0.0390625 0.08671875
0 0.8296875 0.8859375 0.04609375 0.090625
0 0.77890625 0.88359375 0.046875 0.08828125
0 0.625 0.9015625 0.03671875 0.07109375
0 0.5796875 0.89921875 0.0390625 0.07109375
0 0.53515625 0.89921875 0.04453125 0.06875
0 0.4890625 0.896875 0.04140625 0.0734375
0 0.4421875 0.89609375 0.04375 0.075
0 0.39609375 0.8953125 0.0359375 0.0734375
0 0.34765625 0.89609375 0.03828125 0.07578125
0 0.30390625 0.8953125 0.03984375 0.0734375
0 0.62734375 0.79453125 0.0421875 0.0953125
0 0.57734375 0.79921875 0.0453125 0.0875
0 0.53046875 0.8125 0.03515625 0.0578125
0 0.48671875 0.81484375 0.0359375 0.05625
0 0.8921875 0.51015625 0.04296875 0.10625
0 0.340625 0.43984375 0.04375 0.1
0 0.2921875 0.4421875 0.03984375 0.1