0 0.5890625 0.384375 0.03046875 0.03046875
0 0.61484375 0.384375 0.01953125 0.0296875
0 0.75546875 0.590625 0.0171875 0.02578125
0 0.48046875 0.61484375 0.0203125 0.04609375
0 0.5078125 0.6125 0.03671875 0.04765625
0 0.56796875 0.60625 0.03203125 0.06953125
0 0.60390625 0.60703125 0.0375 0.0671875
0 0.659375 0.615625 0.02734375 0.04375
0 0.696875 0.61640625 0.040625 0.04609375
0 0.7328125 0.62421875 0.02578125 0.028125
0 0.75859375 0.625 0.01953125 0.034375
0 0.7328125 0.5890625 0.025 0.0328125
0 0.78125 0.62421875 0.02578125 0.040625
0 0.809375 0.62421875 0.025 0.0390625
0 0.8453125 0.6203125 0.0203125 0.0484375
0 0.878125 0.6203125 0.0421875 0.0484375
0 0.90625 0.61875 0.0171875 0.046875
0 0.93515625 0.61484375 0.0234375 0.0484375
0 0.03125 0.684375 0.04296875 0.053125
0 0.07578125 0.6875 0.02734375 0.04765625
0 0.10859375 0.684375 0.03046875 0.04765625
0 0.1546875 0.70078125 0.040625 0.0484375
0 0.19296875 0.70546875 0.03046875 0.05234375
0 0.234375 0.7015625 0.03671875 0.0546875
0 0.27734375 0.70078125 0.04140625 0.0671875
0 0.32421875 0.7 0.053125 0.06640625
0 0.37109375 0.696875 0.040625 0.06171875
0 0.21953125 0.28203125 0.07890625 0.06328125
0 0.31640625 0.30078125 0.05625 0.04140625
0 0.3703125 0.30078125 0.05 0.034375
0 0.4453125 0.61640625 0.03515625 0.046875
0 0.409375 0.61640625 0.03515625 0.04765625
0 0.3609375 0.61640625 0.03515625 0.046875
0 0.325 0.61796875 0.02578125 0.05
0 0.88359375 0.4578125 0.01953125 0.04453125
0 0.9125 0.45703125 0.0296875 0.04296875
0 0.940625 0.45625 0.02421875 0.0421875
0 0.9765625 0.46796875 0.03359375 0.02109375
0 0.03671875 0.5125 0.05859375 0.0390625
0 0.10078125 0.50859375 0.05234375 0.0421875
0 0.17734375 0.52109375 0.04296875 0.05
0 0.24296875 0.53125 0.0734375 0.0265625
0 0.32421875 0.53125 0.0625 0.03046875
0 0.39921875 0.5328125 0.059375 0.03359375
0 0.45390625 0.5015625 0.06328125 0.0203125
0 0.48125 0.5359375 0.0796875 0.02578125
0 0.553125 0.53359375 0.059375 0.021875
0 0.42734375 0.2921875 0.0390625 0.05625
0 0.59609375 0.503125 0.059375 0.01640625
0 0.61484375 0.53359375 0.05234375 0.03046875
0 0.66484375 0.5359375 0.04296875 0.0203125
0 0.7375 0.53203125 0.06328125 0.03203125
0 0.7875 0.52578125 0.0296875 0.03984375
0 0.8203125 0.521875 0.02734375 0.0359375
0 0.878125 0.5328125 0.02890625 0.04921875
0 0.90859375 0.52734375 0.021875 0.0421875
0 0.93515625 0.52734375 0.03203125 0.04140625
0 0.98359375 0.55234375 0.0328125 0.03515625
0 0.07265625 0.60390625 0.06796875 0.03515625
0 0.178125 0.61015625 0.0484375 0.05
0 0.23125 0.61796875 0.040625 0.028125
0 0.271875 0.61875 0.04375 0.02890625
0 0.65 0.5015625 0.0421875 0.01796875
0 0.8578125 0.4546875 0.02578125 0.04140625
0 0.4671875 0.29609375 0.0328125 0.0546875
0 0.55703125 0.3 0.04765625 0.04453125
0 0.2796875 0.7828125 0.03671875 0.04921875
0 0.33203125 0.76015625 0.03046875 0.0234375
0 0.38203125 0.7796875 0.0296875 0.053125
0 0.5078125 0.78515625 0.04609375 0.06640625
0 0.553125 0.784375 0.0453125 0.06015625
0 0.634375 0.7859375 0.0390625 0.0484375
0 0.678125 0.784375 0.03515625 0.0515625
0 0.7265625 0.79140625 0.04609375 0.0453125
0 0.78359375 0.7921875 0.0609375 0.0390625
0 0.86328125 0.78515625 0.0421875 0.06328125
0 0.9125 0.78046875 0.04921875 0.059375
0 0.07421875 0.8703125 0.07734375 0.0609375
0 0.1703125 0.89140625 0.09609375 0.01796875
0 0.184375 0.85703125 0.0828125 0.02890625
0 0.3015625 0.853125 0.0890625 0.0296875
0 0.2953125 0.8875 0.09609375 0.028125
0 0.41171875 0.85234375 0.0703125 0.03359375
0 0.49296875 0.86953125 0.05 0.0515625
0 0.553125 0.871875 0.06015625 0.04609375
0 0.6375 0.87109375 0.075 0.04921875
0 0.70625 0.87109375 0.0546875 0.04921875
0 0.7859375 0.85546875 0.084375 0.03203125
0 0.78125 0.884375 0.08359375 0.0203125
0 0.8734375 0.8828125 0.08671875 0.01953125
0 0.87890625 0.8546875 0.07578125 0.03203125
0 0.95625 0.8609375 0.03515625 0.0234375
0 0.95546875 0.88359375 0.0390625 0.01796875
0 0.24140625 0.78515625 0.03671875 0.05625
0 0.20703125 0.771875 0.034375 0.04140625
0 0.17109375 0.771875 0.0296875 0.040625
0 0.11484375 0.78046875 0.05625 0.0375
0 0.60546875 0.2828125 0.0453125 0.075
0 0.65546875 0.2828125 0.0484375 0.07578125
0 0.74296875 0.296875 0.03203125 0.0578125
0 0.7796875 0.29296875 0.03359375 0.06328125
0 0.41015625 0.696875 0.0375 0.0609375
0 0.4625 0.70234375 0.0515625 0.06328125
0 0.509375 0.7 0.0296875 0.0671875
0 0.5546875 0.703125 0.03359375 0.0484375
0 0.58984375 0.7 0.0328125 0.0484375
0 0.634375 0.696875 0.040625 0.05625
0 0.675 0.67734375 0.02578125 0.03046875
0 0.76484375 0.6921875 0.03671875 0.0640625
0 0.87734375 0.6890625 0.04609375 0.0578125
0 0.5125 0.296875 0.04140625 0.0515625
0 0.9203125 0.69296875 0.03671875 0.059375
0 0.87109375 0.290625 0.04765625 0.06875
0 0.91640625 0.29140625 0.0421875 0.0703125
0 0.96875 0.31015625 0.05078125 0.040625
0 0.171875 0.38203125 0.0796875 0.028125
0 0.2484375 0.38046875 0.059375 0.0265625
0 0.315625 0.3875 0.06015625 0.03046875
0 0.39453125 0.3578125 0.05 0.028125
0 0.45078125 0.35859375 0.0515625 0.0265625
0 0.39140625 0.384375 0.05703125 0.02578125
0 0.45703125 0.38671875 0.059375 0.021875
0 0.5265625 0.378125 0.06484375 0.046875
0 0.96015625 0.6734375 0.03828125 0.028125
0 0.05859375 0.78359375 0.059375 0.04140625
0 0.8265625 0.296875 0.0390625 0.065625
0 0.8203125 0.45703125 0.0375 0.04296875
0 0.6328125 0.61796875 0.01953125 0.0484375
0 0.13671875 0.284375 0.0671875 0.06484375
0 0.42734375 0.4625 0.05859375 0.0265625
0 0.4296875 0.4296875 0.0515625 0.0328125
0 0.49765625 0.465625 0.0640625 0.028125
0 0.57890625 0.46328125 0.0875 0.03046875
0 0.66015625 0.46328125 0.071875 0.0296875
0 0.71953125 0.45625 0.03203125 0.0421875
0 0.76015625 0.45546875 0.0328125 0.0453125
0 0.78984375 0.45625 0.025 0.0421875
0 0.365625 0.4609375 0.0609375 0.021875
0 0.2984375 0.4328125 0.05078125 0.02421875
0 0.29921875 0.46171875 0.06015625 0.02265625
0 0.2375 0.45859375 0.05703125 0.02734375
0 0.1703125 0.45859375 0.0625 0.028125
0 0.3671875 0.43125 0.05703125 0.0234375
0 0.0546875 0.4390625 0.0375 0.0375
0 0.95625 0.390625 0.02734375 0.0359375
0 0.93046875 0.38828125 0.021875 0.04609375
0 0.64765625 0.384375 0.0421875 0.0375
0 0.90078125 0.38515625 0.03046875 0.04296875
0 0.68515625 0.38359375 0.021875 0.0390625
0 0.70859375 0.384375 0.02578125 0.040625
0 0.73671875 0.38671875 0.028125 0.03515625
0 0.7671875 0.38515625 0.03203125 0.04296875
0 0.8015625 0.38671875 0.02421875 0.034375
0 0.10234375 0.43515625 0.03671875 0.0375
0 0.8625 0.3859375 0.02578125 0.03828125
0 0.828125 0.38984375 0.02421875 0.04375