0 0.25703125 0.08828125 0.04921875 0.07109375
0 0.98515625 0.86640625 0.02890625 0.05390625
0 0.3671875 0.09453125 0.053125 0.06796875
0 0.42109375 0.09765625 0.04765625 0.05859375
0 0.47109375 0.10078125 0.0484375 0.06171875
0 0.196875 0.0859375 0.05546875 0.07109375
0 0.96640625 0.734375 0.053125 0.06953125
0 0.16484375 0.86484375 0.0484375 0.0625
0 0.9046875 0.72734375 0.05625 0.0734375
0 0.0765625 0.05703125 0.059375 0.07578125
0 0.02109375 0.0609375 0.034375 0.05234375
0 0.02109375 0.1375 0.0421875 0.0703125
0 0.52734375 0.10078125 0.04375 0.06484375
0 0.16328125 0.66953125 0.05703125 0.06171875
0 0.21640625 0.66796875 0.03671875 0.05234375
0 0.21015625 0.73046875 0.02421875 0.059375
0 0.24921875 0.7390625 0.0453125 0.065625
0 0.31484375 0.73515625 0.0546875 0.07109375
0 0.3828125 0.7390625 0.04921875 0.06875
0 0.4265625 0.7328125 0.02578125 0.05703125
0 0.471875 0.73828125 0.05078125 0.06953125
0 0.528125 0.734375 0.0484375 0.06640625
0 0.58125 0.7359375 0.0453125 0.065625
0 0.6359375 0.7375 0.0484375 0.0578125
0 0.68828125 0.73515625 0.0421875 0.0640625
0 0.74140625 0.7375 0.0515625 0.05625
0 0.79609375 0.73203125 0.05 0.0671875
0 0.8515625 0.6984375 0.04453125 0.065625
0 0.94765625 0.66640625 0.0390625 0.03984375
0 0.5796875 0.10390625 0.04921875 0.06171875
0 0.1359375 0.08359375 0.0515625 0.0625
0 0.6828125 0.1078125 0.0484375 0.0625
0 0.41796875 0.87578125 0.0328125 0.065625
0 0.4578125 0.8765625 0.04296875 0.0703125
0 0.50625 0.87265625 0.0375 0.065625
0 0.553125 0.87421875 0.04140625 0.0625
0 0.59765625 0.87265625 0.0421875 0.0625
0 0.646875 0.88125 0.04296875 0.0484375
0 0.6484375 0.82265625 0.04140625 0.05859375
0 0.69296875 0.821875 0.03125 0.05078125
0 0.69296875 0.87890625 0.03671875 0.04765625
0 0.7453125 0.8703125 0.04765625 0.05546875
0 0.86484375 0.86796875 0.0421875 0.05625
0 0.90859375 0.87109375 0.03125 0.05078125
0 0.94921875 0.86875 0.034375 0.0484375
0 0.41328125 0.5828125 0.05625 0.08203125
0 0.47578125 0.58125 0.05546875 0.08203125
0 0.5359375 0.58671875 0.0515625 0.07734375
0 0.5921875 0.58671875 0.05078125 0.075
0 0.5234375 0.49453125 0.046875 0.06640625
0 0.47109375 0.490625 0.04453125 0.0609375
0 0.41640625 0.4875 0.0453125 0.05546875
0 0.37109375 0.48671875 0.0328125 0.06015625
0 0.70703125 0.51171875 0.06015625 0.071875
0 0.64296875 0.584375 0.046875 0.07578125
0 0.37265625 0.88359375 0.04453125 0.06640625
0 0.3265625 0.8828125 0.03671875 0.06875
0 0.2859375 0.87734375 0.0375 0.06484375
0 0.234375 0.88359375 0.04921875 0.059375
0 0.36796875 0.38515625 0.08671875 0.04921875
0 0.2734375 0.3828125 0.0828125 0.04921875
0 0.06875 0.440625 0.08828125 0.07890625
0 0.07421875 0.578125 0.075 0.128125
0 0.18515625 0.50546875 0.07265625 0.06640625
0 0.16171875 0.58515625 0.0703125 0.08046875
0 0.26171875 0.5828125 0.09921875 0.0703125
0 0.35234375 0.58359375 0.0515625 0.08046875
0 0.45859375 0.38046875 0.08203125 0.0625
0 0.54609375 0.38203125 0.07265625 0.065625
0 0.62890625 0.38046875 0.0765625 0.065625
0 0.7078125 0.5890625 0.06171875 0.0703125
0 0.6984375 0.38984375 0.0390625 0.04609375
0 0.8046875 0.39375 0.03984375 0.04453125
0 0.85390625 0.39453125 0.040625 0.04296875
0 0.89765625 0.39453125 0.0375 0.04609375
0 0.94609375 0.3953125 0.053125 0.05
0 0.9828125 0.296875 0.0328125 0.0796875
0 0.9328125 0.29453125 0.059375 0.0796875
0 0.84765625 0.31484375 0.096875 0.03671875
0 0.03046875 0.8875 0.05234375 0.0546875
0 0.09140625 0.8515625 0.0484375 0.04921875
0 0.0984375 0.8984375 0.05 0.04296875
0 0.07421875 0.13359375 0.0546875 0.06953125
0 0.7484375 0.390625 0.04921875 0.046875
0 0.77265625 0.58671875 0.06015625 0.07109375
0 0.84375 0.58671875 0.06484375 0.065625
0 0.9109375 0.58125 0.05625 0.07890625
0 0.29296875 0.18671875 0.04765625 0.0609375
0 0.34609375 0.190625 0.04765625 0.06171875
0 0.41640625 0.19453125 0.03828125 0.05703125
0 0.459375 0.2 0.0390625 0.04375
0 0.50234375 0.196875 0.04140625 0.05625
0 0.54765625 0.1984375 0.04296875 0.053125
0 0.59921875 0.2 0.04453125 0.053125
0 0.64609375 0.1984375 0.0453125 0.05859375
0 0.6953125 0.2 0.0453125 0.065625
0 0.74609375 0.19921875 0.04765625 0.0640625
0 0.79453125 0.20234375 0.04296875 0.059375
0 0.1671875 0.1875 0.04140625 0.05078125
0 0.8421875 0.20625 0.0421875 0.05625
0 0.93828125 0.20703125 0.04921875 0.0609375
0 0.984375 0.21171875 0.03125 0.0421875
0 0.90078125 0.01484375 0.02734375 0.025
0 0.93828125 0.01640625 0.0328125 0.03125
0 0.98203125 0.0171875 0.03046875 0.0328125
0 0.98203125 0.11484375 0.03515625 0.06953125
0 0.934375 0.12109375 0.05 0.0578125
0 0.8859375 0.115625 0.0421875 0.05859375
0 0.83203125 0.11328125 0.04140625 0.0609375
0 0.78046875 0.11484375 0.0484375 0.0609375
0 0.73046875 0.1140625 0.04140625 0.05859375
0 0.8875 0.20625 0.0421875 0.05859375
0 0.6296875 0.109375 0.04921875 0.06328125
0 0.225 0.18359375 0.04609375 0.05390625
0 0.03203125 0.27265625 0.01953125 0.09765625
0 0.96953125 0.5828125 0.05078125 0.078125
0 0.928125 0.49296875 0.04609375 0.065625
0 0.86015625 0.4859375 0.053125 0.07109375
0 0.01484375 0.72734375 0.02890625 0.09921875
0 0.071875 0.725 0.075 0.115625
0 0.15859375 0.74609375 0.06484375 0.06953125
0 0.76171875 0.31484375 0.0421875 0.03125
0 0.70703125 0.31484375 0.05234375 0.03359375
0 0.7609375 0.27578125 0.0375 0.0359375
0 0.71171875 0.2734375 0.05390625 0.03671875
0 0.6171875 0.27734375 0.04296875 0.01796875
0 0.01015625 0.26953125 0.0203125 0.06953125
0 0.6421875 0.3109375 0.0484375 0.03203125
0 0.52578125 0.3125 0.05625 0.03515625
0 0.503125 0.28125 0.03515625 0.021875
0 0.465625 0.309375 0.0375 0.02890625
0 0.415625 0.3046875 0.053125 0.03515625
0 0.33828125 0.3078125 0.06484375 0.0359375
0 0.34765625 0.26328125 0.0640625 0.0359375
0 0.25625 0.30234375 0.0796875 0.040625
0 0.15625 0.29921875 0.0796875 0.03125
0 0.171875 0.2640625 0.07890625 0.028125
0 0.0953125 0.271875 0.03125 0.1140625
0 0.059375 0.28046875 0.02890625 0.096875
0 0.58828125 0.309375 0.04375 0.03828125