0 0.215625 0.16015625 0.053125 0.10859375
0 0.03046875 0.159375 0.040625 0.10546875
0 0.07890625 0.16015625 0.0453125 0.1015625
0 0.16015625 0.165625 0.05625 0.09765625
0 0.2671875 0.1625 0.034375 0.1125
0 0.9078125 0.19296875 0.03203125 0.0828125
0 0.4578125 0.1796875 0.03359375 0.08828125
0 0.18828125 0.80078125 0.04609375 0.08359375
0 0.234375 0.796875 0.04296875 0.084375
0 0.28046875 0.79765625 0.03984375 0.090625
0 0.03984375 0.903125 0.03515625 0.08203125
0 0.08203125 0.90234375 0.03671875 0.0796875
0 0.1203125 0.9015625 0.03203125 0.0796875
0 0.159375 0.90234375 0.03203125 0.0796875
0 0.19921875 0.903125 0.0296875 0.0828125
0 0.240625 0.9 0.03203125 0.08125
0 0.27890625 0.90234375 0.03359375 0.08515625
0 0.33125 0.88671875 0.04140625 0.1140625
0 0.3796875 0.884375 0.03984375 0.1140625
0 0.10078125 0.8015625 0.04921875 0.084375
0 0.4296875 0.8828125 0.0484375 0.1125
0 0.53046875 0.87890625 0.0375 0.10859375
0 0.5859375 0.88203125 0.04609375 0.109375
0 0.96875 0.8390625 0.05546875 0.03125
0 0.3296875 0.7515625 0.04140625 0.1109375
0 0.38125 0.72890625 0.0390625 0.1125
0 0.42734375 0.728125 0.040625 0.11015625
0 0.5265625 0.759375 0.0359375 0.109375
0 0.5734375 0.76015625 0.034375 0.1
0 0.61015625 0.75859375 0.03359375 0.10546875
0 0.65703125 0.69296875 0.053125 0.065625
0 0.8 0.72578125 0.078125 0.040625
0 0.80234375 0.78203125 0.08359375 0.04609375
0 0.4859375 0.8828125 0.0359375 0.1109375
0 0.8828125 0.70546875 0.06328125 0.06171875
0 0.04453125 0.80234375 0.04140625 0.08359375
0 0.0453125 0.6984375 0.04609375 0.09453125
0 0.3640625 0.16484375 0.13984375 0.115625
0 0.7625 0.28203125 0.09296875 0.0625
0 0.75703125 0.3515625 0.08515625 0.06640625
0 0.8421875 0.353125 0.07578125 0.0609375
0 0.94609375 0.29296875 0.084375 0.06953125
0 0.94140625 0.36015625 0.084375 0.0609375
0 0.04140625 0.4671875 0.0515625 0.0796875
0 0.09296875 0.46796875 0.040625 0.08125
0 0.1625 0.46796875 0.08125 0.07890625
0 0.2640625 0.465625 0.0984375 0.08203125
0 0.02890625 0.58203125 0.040625 0.1
0 0.075 0.58203125 0.03828125 0.10078125
0 0.278125 0.690625 0.0453125 0.08828125
0 0.12734375 0.58203125 0.05234375 0.1046875
0 0.22578125 0.59140625 0.0328125 0.08828125
0 0.26640625 0.590625 0.0328125 0.08359375
0 0.3046875 0.57421875 0.03203125 0.07421875
0 0.35234375 0.57265625 0.0359375 0.0921875
0 0.38984375 0.57265625 0.0328125 0.09609375
0 0.4203125 0.5734375 0.02265625 0.08828125
0 0.45390625 0.584375 0.03984375 0.10859375
0 0.4921875 0.58984375 0.03046875 0.1046875
0 0.528125 0.58828125 0.02890625 0.10390625
0 0.559375 0.58984375 0.028125 0.10234375
0 0.6015625 0.590625 0.0375 0.109375
0 0.63984375 0.58828125 0.02890625 0.10390625
0 0.17890625 0.590625 0.04296875 0.0828125
0 0.8828125 0.775 0.06171875 0.06171875
0 0.475 0.71875 0.03984375 0.10390625
0 0.96015625 0.709375 0.0609375 0.065625
0 0.68203125 0.1859375 0.0296875 0.0859375
0 0.64609375 0.18515625 0.02890625 0.08125
0 0.61015625 0.1875 0.03125 0.08515625
0 0.571875 0.18203125 0.03515625 0.07734375
0 0.5359375 0.18359375 0.03046875 0.08828125
0 0.95078125 0.77421875 0.05625 0.05546875
0 0.934375 0.615625 0.0234375 0.05625
0 0.96796875 0.61875 0.02265625 0.05390625
0 0.39296875 0.4515625 0.025 0.11015625
0 0.42890625 0.44921875 0.0265625 0.109375
0 0.46875 0.45234375 0.03125 0.1140625
0 0.50703125 0.4515625 0.03671875 0.11171875
0 0.72421875 0.1875 0.03515625 0.07890625
0 0.546875 0.4546875 0.0328125 0.11171875
0 0.6203125 0.4609375 0.02734375 0.115625
0 0.65625 0.4546875 0.03125 0.10703125
0 0.6921875 0.4578125 0.021875 0.1078125
0 0.72421875 0.45625 0.03203125 0.1046875
0 0.759375 0.45859375 0.03125 0.1140625
0 0.7984375 0.4578125 0.03671875 0.1140625
0 0.834375 0.459375 0.0203125 0.1078125
0 0.865625 0.45859375 0.03125 0.10625
0 0.90234375 0.4609375 0.0265625 0.1109375
0 0.98046875 0.459375 0.03828125 0.11015625
0 0.93984375 0.46171875 0.03125 0.10859375
0 0.49765625 0.18125 0.0390625 0.0828125
0 0.58515625 0.453125 0.03046875 0.1109375
0 0.7609375 0.18984375 0.028125 0.0828125
0 0.9015625 0.62109375 0.01953125 0.0515625
0 0.834375 0.190625 0.03046875 0.08203125
0 0.67578125 0.57578125 0.0234375 0.0953125
0 0.7109375 0.57734375 0.0328125 0.08984375
0 0.6765625 0.34453125 0.0625 0.078125
0 0.7625 0.6203125 0.028125 0.06171875
0 0.8 0.621875 0.03125 0.06171875
0 0.79765625 0.1875 0.034375 0.075
0 0.87734375 0.621875 0.02734375 0.05546875
0 0.9046875 0.5640625 0.028125 0.053125
0 0.940625 0.56015625 0.02578125 0.05390625
0 0.9765625 0.5609375 0.02578125 0.05
0 0.60546875 0.34375 0.05859375 0.08125
0 0.53515625 0.34140625 0.0703125 0.078125
0 0.47421875 0.3390625 0.03984375 0.08203125
0 0.84140625 0.6234375 0.03046875 0.0625
0 0.38671875 0.33671875 0.0375 0.08203125
0 0.87109375 0.190625 0.03515625 0.07734375
0 0.425 0.3390625 0.0328125 0.075
0 0.946875 0.19453125 0.034375 0.0765625
0 0.03828125 0.31796875 0.046875 0.10859375
0 0.084375 0.31953125 0.03359375 0.10390625
0 0.13203125 0.32109375 0.04375 0.1015625
0 0.98515625 0.19609375 0.0296875 0.0796875
0 0.1796875 0.31953125 0.0421875 0.10390625
0 0.228125 0.32265625 0.03984375 0.10234375
0 0.2703125 0.32109375 0.0328125 0.10546875
0 0.31640625 0.334375 0.03515625 0.08828125
0 0.35234375 0.33515625 0.03046875 0.084375