0 0.88359375 0.71171875 0.03359375 0.021875
0 0.82265625 0.7390625 0.0671875 0.0828125
0 0.89140625 0.746875 0.03828125 0.02578125
0 0.93046875 0.7 0.03359375 0.021875
0 0.934375 0.73359375 0.03828125 0.0234375
0 0.96953125 0.6921875 0.02578125 0.02265625
0 0.759375 0.77421875 0.03515625 0.0375
0 0.02421875 0.0546875 0.0484375 0.1078125
0 0.14140625 0.640625 0.046875 0.03125
0 0.1953125 0.6703125 0.0484375 0.02890625
0 0.14453125 0.6796875 0.0484375 0.028125
0 0.19453125 0.63203125 0.04140625 0.0265625
0 0.71015625 0.7734375 0.046875 0.0828125
0 0.07734375 0.65 0.05703125 0.0421875
0 0.08125 0.6921875 0.05546875 0.040625
0 0.02421875 0.70078125 0.04765625 0.034375
0 0.99296875 0.68671875 0.0125 0.025
0 0.9734375 0.7234375 0.021875 0.021875
0 0.26953125 0.63203125 0.090625 0.084375
0 0.65 0.7921875 0.05703125 0.08125
0 0.4015625 0.09375 0.0203125 0.08125
0 0.1671875 0.0625 0.04453125 0.12265625
0 0.99375 0.72109375 0.0125 0.0203125
0 0.9328125 0.13828125 0.02265625 0.08359375
0 0.90546875 0.1359375 0.021875 0.0890625
0 0.87890625 0.1328125 0.02890625 0.08828125
0 0.8328125 0.128125 0.02578125 0.0875
0 0.8015625 0.128125 0.02890625 0.090625
0 0.7671875 0.12265625 0.0296875 0.0953125
0 0.7359375 0.11953125 0.02421875 0.0921875
0 0.09609375 0.0578125 0.06953125 0.1140625
0 0.67109375 0.11171875 0.02109375 0.0953125
0 0.57578125 0.09921875 0.05859375 0.109375
0 0.52265625 0.096875 0.03046875 0.10390625
0 0.47265625 0.0890625 0.04375 0.1125
0 0.4328125 0.08984375 0.02109375 0.1046875
0 0.3734375 0.09375 0.02421875 0.08984375
0 0.3390625 0.090625 0.03046875 0.09296875
0 0.28828125 0.075 0.0625 0.115625
0 0.228125 0.06953125 0.04453125 0.109375
0 0.63203125 0.103125 0.04609375 0.109375
0 0.0203125 0.65625 0.040625 0.028125
0 0.88671875 0.4421875 0.028125 0.021875
0 0.9546875 0.55234375 0.02578125 0.01875
0 0.37109375 0.509375 0.09921875 0.06015625
0 0.48125 0.49609375 0.09765625 0.04140625
0 0.57890625 0.4890625 0.08671875 0.0390625
0 0.64375 0.45546875 0.0359375 0.03125
0 0.68515625 0.453125 0.028125 0.0296875
0 0.646875 0.4890625 0.04140625 0.025
0 0.6875 0.4859375 0.0296875 0.0265625
0 0.7296875 0.459375 0.03984375 0.071875
0 0.24921875 0.51875 0.11953125 0.04609375
0 0.77421875 0.45625 0.03984375 0.06796875
0 0.85234375 0.4453125 0.03203125 0.02265625
0 0.9203125 0.440625 0.02578125 0.021875
0 0.9515625 0.43671875 0.02734375 0.0203125
0 0.98203125 0.43671875 0.02734375 0.0203125
0 0.95703125 0.41328125 0.04609375 0.01640625
0 0.85 0.471875 0.028125 0.0203125
0 0.8859375 0.4671875 0.0265625 0.02109375
0 0.96015625 0.140625 0.01953125 0.08203125
0 0.81171875 0.453125 0.02890625 0.0734375
0 0.16640625 0.53125 0.034375 0.046875
0 0.12421875 0.534375 0.040625 0.05078125
0 0.07265625 0.540625 0.0390625 0.046875
0 0.98515625 0.528125 0.01640625 0.0203125
0 0.95625 0.5265625 0.0296875 0.0140625
0 0.984375 0.5015625 0.01953125 0.0203125
0 0.9546875 0.50625 0.02578125 0.02265625
0 0.9234375 0.53828125 0.028125 0.0609375
0 0.88671875 0.540625 0.0328125 0.0546875
0 0.984375 0.459375 0.028125 0.0171875
0 0.9515625 0.4609375 0.02265625 0.01875
0 0.9203125 0.4640625 0.02578125 0.0203125
0 0.74609375 0.35625 0.025 0.0890625
0 0.7828125 0.35390625 0.03984375 0.08671875
0 0.8203125 0.353125 0.02578125 0.0828125
0 0.84609375 0.35234375 0.02421875 0.08125
0 0.87265625 0.34921875 0.01640625 0.0796875
0 0.8953125 0.3515625 0.02890625 0.078125
0 0.92578125 0.3484375 0.02421875 0.075
0 0.95234375 0.3453125 0.02109375 0.07890625
0 0.9796875 0.346875 0.0234375 0.0765625
0 0.02265625 0.54453125 0.0453125 0.046875
0 0.98671875 0.55 0.01640625 0.01640625
0 0.984375 0.1484375 0.02421875 0.07265625
0 0.70234375 0.1140625 0.03515625 0.09375
0 0.50625 0.6234375 0.04609375 0.0203125
0 0.55390625 0.58671875 0.04296875 0.0265625
0 0.49609375 0.54375 0.0421875 0.01796875
0 0.503125 0.59296875 0.04296875 0.0265625
0 0.4390625 0.6078125 0.06640625 0.0921875
0 0.7109375 0.35703125 0.03515625 0.08984375
0 0.66953125 0.35703125 0.03359375 0.0953125
0 0.625 0.3609375 0.04296875 0.0921875
0 0.58984375 0.3625 0.025 0.09140625
0 0.55234375 0.3609375 0.03984375 0.1015625
0 0.5078125 0.36328125 0.0453125 0.10859375
0 0.4625 0.36640625 0.03671875 0.10625
0 0.4140625 0.365625 0.04453125 0.109375
0 0.36484375 0.365625 0.03203125 0.1109375
0 0.31953125 0.365625 0.04375 0.1125
0 0.59765625 0.58125 0.0328125 0.02265625
0 0.27109375 0.36953125 0.04453125 0.1125
0 0.1453125 0.371875 0.0546875 0.11875
0 0.075 0.3765625 0.06015625 0.12109375
0 0.01875 0.3828125 0.0375 0.1140625
0 0.99296875 0.25390625 0.0140625 0.0734375
0 0.965625 0.2453125 0.03125 0.078125
0 0.35859375 0.6203125 0.06953125 0.096875
0 0.94140625 0.25078125 0.015625 0.0859375
0 0.91953125 0.246875 0.02109375 0.084375
0 0.89609375 0.24765625 0.02265625 0.0796875
0 0.86953125 0.24375 0.02578125 0.08984375
0 0.83671875 0.240625 0.03828125 0.0890625
0 0.78203125 0.23671875 0.03515625 0.09140625
0 0.74375 0.240625 0.03203125 0.09296875
0 0.7109375 0.240625 0.03046875 0.0921875
0 0.209375 0.36875 0.0609375 0.1140625
0 0.5546875 0.61640625 0.03828125 0.01875
0 0.59765625 0.6109375 0.0328125 0.0234375
0 0.64765625 0.57890625 0.046875 0.08125
0 0.425 0.7328125 0.04609375 0.071875
0 0.36953125 0.746875 0.05390625 0.07578125
0 0.30546875 0.753125 0.06015625 0.071875
0 0.22421875 0.90390625 0.04453125 0.025
0 0.234375 0.92734375 0.040625 0.0140625
0 0.17109375 0.85078125 0.05234375 0.01640625
0 0.23515625 0.84375 0.04609375 0.01875
0 0.28046875 0.8890625 0.04765625 0.0203125
0 0.28828125 0.91484375 0.03828125 0.01953125
0 0.3328125 0.86875 0.05390625 0.02578125
0 0.34453125 0.89921875 0.04765625 0.015625
0 0.39140625 0.8578125 0.04453125 0.0203125
0 0.3953125 0.88671875 0.04453125 0.02109375
0 0.43984375 0.84296875 0.04765625 0.028125
0 0.44375 0.87265625 0.04453125 0.0171875
0 0.3921875 0.81171875 0.0546875 0.01796875
0 0.49140625 0.809375 0.05 0.03125
0 0.71171875 0.5671875 0.06171875 0.06640625
0 0.7734375 0.559375 0.05 0.065625
0 0.03515625 0.79921875 0.06640625 0.0296875
0 0.03984375 0.840625 0.06328125 0.0265625
0 0.1046875 0.7796875 0.06328125 0.0296875
0 0.17421875 0.76953125 0.05859375 0.028125
0 0.63046875 0.2375 0.0296875 0.0890625
0 0.10546875 0.82109375 0.059375 0.025
0 0.24375 0.765625 0.05546875 0.0765625
0 0.59375 0.821875 0.03828125 0.02578125
0 0.59296875 0.78359375 0.04453125 0.0328125
0 0.546875 0.83515625 0.04609375 0.025
0 0.54140625 0.796875 0.04296875 0.02578125
0 0.49140625 0.8515625 0.04140625 0.0296875
0 0.17578125 0.809375 0.0625 0.0265625
0 0.59296875 0.2359375 0.028125 0.0984375
0 0.66640625 0.24375 0.028125 0.0828125
0 0.1640625 0.91796875 0.0546875 0.01953125
0 0.5046875 0.2359375 0.0390625 0.1015625
0 0.45859375 0.234375 0.04375 0.1015625
0 0.4109375 0.23125 0.03828125 0.10234375
0 0.36484375 0.228125 0.04921875 0.1140625
0 0.31328125 0.225 0.04375 0.1125
0 0.25625 0.2203125 0.06015625 0.128125
0 0.18828125 0.21953125 0.06328125 0.12421875
0 0.121875 0.21484375 0.0609375 0.11796875
0 0.06015625 0.21796875 0.05078125 0.12421875
0 0.015625 0.2140625 0.03046875 0.12578125
0 0.69921875 0.67109375 0.03359375 0.021875
0 0.73828125 0.6640625 0.03671875 0.015625
0 0.66015625 0.70625 0.03671875 0.01875
0 0.70078125 0.7 0.03203125 0.0234375
0 0.16796875 0.9453125 0.05078125 0.015625
0 0.73671875 0.6921875 0.02578125 0.0171875
0 0.0953125 0.93359375 0.06015625 0.1046875
0 0.025 0.95 0.05 0.078125
0 0.98671875 0.61875 0.025 0.0625
0 0.95625 0.625 0.02421875 0.0625
0 0.77578125 0.6609375 0.03125 0.065625
0 0.925 0.63203125 0.0234375 0.0671875
0 0.89296875 0.640625 0.0328125 0.06796875
0 0.55390625 0.2375 0.04296875 0.1
0 0.85546875 0.646875 0.02734375 0.0703125
0 0.659375 0.678125 0.03828125 0.0234375
0 0.57265625 0.725 0.03671875 0.02265625
0 0.61875 0.71796875 0.034375 0.0203125
0 0.57421875 0.6953125 0.034375 0.02421875
0 0.8140625 0.65390625 0.0375 0.0671875
0 0.47578125 0.71796875 0.046875 0.06875
0 0.61328125 0.68671875 0.03125 0.025
0 0.52890625 0.7140625 0.04296875 0.0671875