0 0.0390625 0.57734375 0.02734375 0.10625
0 0.615625 0.503125 0.021875 0.08984375
0 0.58828125 0.5015625 0.0203125 0.090625
0 0.55859375 0.5046875 0.0265625 0.08984375
0 0.53046875 0.509375 0.02109375 0.0953125
0 0.50390625 0.5140625 0.0265625 0.0859375
0 0.475 0.5125 0.0203125 0.08828125
0 0.4515625 0.51953125 0.0203125 0.08984375
0 0.38125 0.5515625 0.0296875 0.096875
0 0.34765625 0.55703125 0.02734375 0.10390625
0 0.31875 0.55625 0.02265625 0.096875
0 0.2890625 0.55859375 0.02578125 0.10859375
0 0.26015625 0.56171875 0.02421875 0.11171875
0 0.234375 0.578125 0.0234375 0.08203125
0 0.20703125 0.57578125 0.02734375 0.08671875
0 0.17734375 0.57890625 0.03125 0.0796875
0 0.178125 0.69375 0.0265625 0.0984375
0 0.2078125 0.6921875 0.0328125 0.1125
0 0.24140625 0.6765625 0.02734375 0.09453125
0 0.26953125 0.68203125 0.02265625 0.1
0 0.2953125 0.68125 0.01640625 0.10546875
0 0.3203125 0.68828125 0.0234375 0.1
0 0.346875 0.6859375 0.02421875 0.1015625
0 0.375 0.6828125 0.0265625 0.09140625
0 0.4078125 0.68671875 0.02578125 0.103125
0 0.46328125 0.6265625 0.02109375 0.0859375
0 0.64375 0.503125 0.0265625 0.08671875
0 0.4890625 0.62265625 0.0234375 0.09296875
0 0.67421875 0.5 0.02265625 0.08203125
0 0.784375 0.63046875 0.021875 0.1
0 0.50234375 0.3640625 0.0171875 0.08515625
0 0.528125 0.371875 0.02734375 0.09921875
0 0.55546875 0.36875 0.021875 0.08828125
0 0.5859375 0.36640625 0.02265625 0.09375
0 0.61015625 0.346875 0.0234375 0.08828125
0 0.64140625 0.3546875 0.028125 0.08125
0 0.671875 0.35390625 0.02734375 0.08984375
0 0.70546875 0.35234375 0.028125 0.08359375
0 0.89375 0.321875 0.04375 0.0453125
0 0.94375 0.31875 0.03203125 0.05625
0 0.98515625 0.3203125 0.028125 0.0421875
0 0.98515625 0.4515625 0.0296875 0.134375
0 0.92421875 0.41484375 0.0359375 0.075
0 0.8875 0.471875 0.0265625 0.0359375
0 0.92265625 0.475 0.02265625 0.02890625
0 0.8546875 0.42109375 0.025 0.0796875
0 0.8125 0.409375 0.02265625 0.09140625
0 0.8015625 0.4984375 0.028125 0.07265625
0 0.84453125 0.4890625 0.034375 0.0390625
0 0.978125 0.62265625 0.0296875 0.09765625
0 0.94453125 0.62734375 0.0359375 0.09921875
0 0.9078125 0.62734375 0.02734375 0.09453125
0 0.8765625 0.625 0.028125 0.0953125
0 0.84375 0.62734375 0.028125 0.09375
0 0.81328125 0.63125 0.02890625 0.10859375
0 0.703125 0.503125 0.02734375 0.08203125
0 0.51875 0.62109375 0.0234375 0.08125
0 0.54375 0.61796875 0.021875 0.08359375
0 0.571875 0.61953125 0.0203125 0.08125
0 0.59140625 0.85 0.02109375 0.0765625
0 0.621875 0.84921875 0.02109375 0.08359375
0 0.65234375 0.85234375 0.0234375 0.07734375
0 0.6828125 0.8484375 0.02421875 0.07578125
0 0.7140625 0.84921875 0.0265625 0.075
0 0.7828125 0.934375 0.02421875 0.09921875
0 0.8109375 0.93984375 0.0265625 0.103125
0 0.84921875 0.9390625 0.03515625 0.1015625
0 0.88828125 0.93671875 0.03671875 0.10625
0 0.93046875 0.93359375 0.03828125 0.11328125
0 0.9703125 0.93515625 0.0375 0.10625
0 0.7171875 0.94609375 0.02421875 0.08515625
0 0.6859375 0.9453125 0.02421875 0.0921875
0 0.65390625 0.946875 0.021875 0.10078125
0 0.62578125 0.9421875 0.025 0.0921875
0 0.5953125 0.9453125 0.02421875 0.0921875
0 0.5671875 0.94140625 0.01953125 0.096875
0 0.53828125 0.94765625 0.021875 0.08515625
0 0.51015625 0.94375 0.02578125 0.0828125
0 0.48359375 0.94453125 0.0203125 0.08125
0 0.42265625 0.925 0.02890625 0.0984375
0 0.38984375 0.91875 0.02578125 0.0890625
0 0.35546875 0.9140625 0.03125 0.09296875
0 0.32421875 0.91875 0.02734375 0.0953125
0 0.2890625 0.9171875 0.02890625 0.09609375
0 0.5625 0.84609375 0.02578125 0.08359375
0 0.5078125 0.83671875 0.02578125 0.0828125
0 0.47734375 0.84921875 0.0265625 0.08203125
0 0.40546875 0.8 0.025 0.10625
0 0.6 0.62109375 0.028125 0.08125
0 0.62734375 0.61875 0.025 0.07890625
0 0.65625 0.59921875 0.01875 0.07421875
0 0.684375 0.60859375 0.021875 0.065625
0 0.71328125 0.59765625 0.02734375 0.084375
0 0.98984375 0.778125 0.01953125 0.1015625
0 0.95859375 0.78125 0.0296875 0.103125
0 0.928125 0.77890625 0.028125 0.10390625
0 0.89453125 0.78125 0.03125 0.10546875
0 0.8625 0.77890625 0.028125 0.11015625
0 0.83046875 0.784375 0.028125 0.096875
0 0.8015625 0.78671875 0.02578125 0.09765625
0 0.4765625 0.3640625 0.0265625 0.090625
0 0.709375 0.725 0.0234375 0.0765625
0 0.646875 0.72109375 0.02578125 0.0953125
0 0.61796875 0.7265625 0.02734375 0.0875
0 0.58671875 0.7265625 0.025 0.09296875
0 0.5578125 0.71328125 0.01875 0.07890625
0 0.50078125 0.728125 0.0265625 0.084375
0 0.47109375 0.73359375 0.0265625 0.08125
0 0.19765625 0.8109375 0.03125 0.096875
0 0.23046875 0.8078125 0.028125 0.1046875
0 0.2625 0.8109375 0.028125 0.09375
0 0.2953125 0.80703125 0.0328125 0.09453125
0 0.33125 0.80625 0.03515625 0.09375
0 0.36796875 0.8046875 0.03359375 0.1
0 0.67734375 0.72265625 0.02421875 0.08984375
0 0.2578125 0.921875 0.02734375 0.0953125
0 0.23125 0.9125 0.01953125 0.08515625
0 0.0125 0.15234375 0.025 0.1203125
0 0.0140625 0.70546875 0.02734375 0.12734375
0 0.046875 0.7140625 0.03671875 0.109375
0 0.1046875 0.69140625 0.02890625 0.10546875
0 0.02578125 0.8 0.025 0.05703125
0 0.05625 0.8203125 0.034375 0.071875
0 0.09375 0.81875 0.03046875 0.071875
0 0.08125 0.925 0.16171875 0.11484375
0 0.18984375 0.43203125 0.03125 0.1125
0 0.22109375 0.42578125 0.02421875 0.1171875
0 0.071875 0.57421875 0.03203125 0.10703125
0 0.2484375 0.43125 0.02421875 0.1109375
0 0.31328125 0.40625 0.0203125 0.10546875
0 0.33828125 0.42265625 0.02734375 0.11328125
0 0.37109375 0.42109375 0.0328125 0.1109375
0 0.44453125 0.3734375 0.02578125 0.09921875
0 0.8734375 0.24921875 0.0328125 0.09453125
0 0.91171875 0.24296875 0.0296875 0.0953125
0 0.95 0.24140625 0.03671875 0.09296875
0 0.9859375 0.240625 0.02734375 0.10234375
0 0.9609375 0.06640625 0.040625 0.13125
0 0.27890625 0.42734375 0.0328125 0.1125
0 0.01171875 0.5765625 0.0234375 0.103125
0 0.05 0.45859375 0.021875 0.08671875
0 0.02578125 0.44921875 0.0203125 0.08125
0 0.68203125 0.22578125 0.025 0.09296875
0 0.65234375 0.23046875 0.02421875 0.096875
0 0.62109375 0.234375 0.02421875 0.09296875
0 0.58828125 0.23984375 0.0203125 0.09765625
0 0.5609375 0.23671875 0.028125 0.10859375
0 0.528125 0.240625 0.02734375 0.10859375
0 0.49609375 0.24296875 0.021875 0.1078125
0 0.46640625 0.24453125 0.0234375 0.11328125
0 0.4375 0.25078125 0.02421875 0.1171875
0 0.35390625 0.28203125 0.03125 0.1078125
0 0.3203125 0.28359375 0.02578125 0.1046875
0 0.2921875 0.278125 0.01953125 0.12421875
0 0.25703125 0.28828125 0.0296875 0.1125
0 0.13828125 0.29765625 0.028125 0.1203125
0 0.17109375 0.2953125 0.02890625 0.12734375
0 0.2015625 0.29609375 0.02734375 0.1171875
0 0.23046875 0.28671875 0.02265625 0.11875
0 0.1578125 0.4359375 0.02578125 0.11875
0 0.8359375 0.27265625 0.03671875 0.14140625
0 0.0125 0.30078125 0.025 0.1265625
0 0.0390625 0.2953125 0.028125 0.1328125
0 0.91640625 0.07265625 0.03671875 0.140625
0 0.7109375 0.2265625 0.025 0.1046875
0 0.88125 0.07421875 0.03125 0.1453125
0 0.81015625 0.07734375 0.02890625 0.15390625
0 0.8453125 0.071875 0.034375 0.140625
0 0.115625 0.140625 0.02265625 0.12578125
0 0.14609375 0.1390625 0.02578125 0.1234375
0 0.17578125 0.134375 0.025 0.12109375
0 0.2046875 0.128125 0.0296875 0.12734375
0 0.23515625 0.125 0.0296875 0.125
0 0.26796875 0.11796875 0.025 0.13046875
0 0.2984375 0.11640625 0.02734375 0.13046875
0 0.33125 0.11328125 0.028125 0.134375
0 0.3609375 0.10625 0.02421875 0.13046875
0 0.8015625 0.275 0.028125 0.15
0 0.44765625 0.10078125 0.0234375 0.09140625
0 0.4796875 0.08359375 0.02578125 0.10546875
0 0.5125 0.0796875 0.02578125 0.115625
0 0.55 0.06796875 0.0265625 0.11953125
0 0.58046875 0.06484375 0.02890625 0.11484375
0 0.60703125 0.06875 0.021875 0.10625
0 0.63828125 0.0640625 0.02734375 0.115625
0 0.66953125 0.065625 0.025 0.0984375
0 0.4203125 0.103125 0.02578125 0.10703125
0 0.7046875 0.0546875 0.03125 0.1046875