0 0.78515625 0.48515625 0.09609375 0.0359375
0 0.6796875 0.4890625 0.09453125 0.02890625
0 0.68125 0.45546875 0.1046875 0.03125
0 0.58984375 0.4828125 0.078125 0.028125
0 0.58828125 0.44453125 0.07734375 0.03515625
0 0.43359375 0.4796875 0.0859375 0.03203125
0 0.51484375 0.446875 0.0703125 0.03515625
0 0.43203125 0.440625 0.084375 0.0328125
0 0.34296875 0.47890625 0.0765625 0.03671875
0 0.89609375 0.44453125 0.10390625 0.03671875
0 0.2796875 0.440625 0.0453125 0.0359375
0 0.34453125 0.43984375 0.0734375 0.03515625
0 0.51640625 0.48203125 0.06796875 0.0296875
0 0.8921875 0.48671875 0.09453125 0.04453125
0 0.671875 0.3375 0.07734375 0.04140625
0 0.340625 0.37265625 0.0703125 0.03671875
0 0.42109375 0.3390625 0.0796875 0.03515625
0 0.4265625 0.3734375 0.08828125 0.03515625
0 0.51484375 0.375 0.07734375 0.03515625
0 0.51328125 0.33984375 0.0734375 0.03515625
0 0.59296875 0.34453125 0.07421875 0.0390625
0 0.590625 0.38046875 0.0703125 0.034375
0 0.675 0.37890625 0.08203125 0.0421875
0 0.76328125 0.34375 0.07734375 0.040625
0 0.7640625 0.3828125 0.07734375 0.0390625
0 0.865625 0.33828125 0.11875 0.0421875
0 0.8578125 0.38046875 0.10390625 0.04296875
0 0.2640625 0.47890625 0.06484375 0.0359375
0 0.34921875 0.20859375 0.07734375 0.03203125
0 0.34375 0.3375 0.078125 0.034375
0 0.9484375 0.56328125 0.1015625 0.0375
0 0.7796875 0.74140625 0.10546875 0.046875
0 0.803125 0.596875 0.13046875 0.0390625
0 0.79140625 0.84453125 0.10625 0.02578125
0 0.78984375 0.87890625 0.109375 0.03671875
0 0.91015625 0.85 0.11484375 0.03984375
0 0.91484375 0.8875 0.1203125 0.03515625
0 0.3921875 0.7390625 0.11484375 0.0265625
0 0.38203125 0.778125 0.1078125 0.0390625
0 0.459375 0.778125 0.03984375 0.03984375
0 0.6 0.734375 0.23046875 0.04140625
0 0.5953125 0.778125 0.22578125 0.04375
0 0.353125 0.24609375 0.0828125 0.03671875
0 0.77890625 0.78515625 0.103125 0.0390625
0 0.89921875 0.7453125 0.09296875 0.03828125
0 0.89375 0.78671875 0.08515625 0.0421875
0 0.37421875 0.6390625 0.0953125 0.0203125
0 0.95078125 0.60234375 0.08203125 0.03984375
0 0.3796875 0.671875 0.10625 0.0421875
0 0.528125 0.6609375 0.08125 0.059375
0 0.62109375 0.66328125 0.103125 0.0578125
0 0.7125 0.66328125 0.08359375 0.05625
0 0.81796875 0.64765625 0.09921875 0.0171875
0 0.81953125 0.675 0.103125 0.03828125
0 0.93203125 0.64921875 0.11640625 0.01953125
0 0.93359375 0.68046875 0.12109375 0.03984375
0 0.3609375 0.5859375 0.0796875 0.03671875
0 0.3640625 0.55 0.08359375 0.0328125
0 0.44921875 0.55078125 0.0765625 0.0421875
0 0.453125 0.5890625 0.084375 0.0359375
0 0.615625 0.54375 0.22421875 0.04765625
0 0.61640625 0.5890625 0.22109375 0.04296875
0 0.80234375 0.559375 0.12890625 0.03671875
0 0.45859375 0.67109375 0.04140625 0.0359375
0 0.434375 0.2453125 0.0796875 0.03515625
0 0.81171875 0.15546875 0.1015625 0.04140625
0 0.52109375 0.24453125 0.07890625 0.040625
0 0.2609375 0.24375 0.028125 0.04140625
0 0.21171875 0.2453125 0.0453125 0.040625
0 0.2546875 0.2921875 0.0296875 0.04609375
0 0.20859375 0.29453125 0.040625 0.04140625
0 0.253125 0.3421875 0.0328125 0.04140625
0 0.2078125 0.34296875 0.0359375 0.0375
0 0.25078125 0.39375 0.03125 0.05390625
0 0.2015625 0.38984375 0.03203125 0.0453125
0 0.24375 0.44375 0.0296875 0.03359375
0 0.19921875 0.4453125 0.04921875 0.034375
0 0.20390625 0.48515625 0.0390625 0.040625
0 0.21015625 0.53046875 0.04765625 0.0328125
0 0.23515625 0.5734375 0.03046875 0.03671875
0 0.20859375 0.61875 0.034375 0.0390625
0 0.26328125 0.61484375 0.05 0.04296875
0 0.22265625 0.6796875 0.05 0.03125
0 0.275 0.6984375 0.028125 0.03046875
0 0.228125 0.71875 0.0328125 0.03046875
0 0.27890625 0.7390625 0.04140625 0.03515625
0 0.221875 0.7609375 0.040625 0.03203125
0 0.2796875 0.78046875 0.040625 0.0375
0 0.2234375 0.8078125 0.04296875 0.03828125
0 0.271875 0.82265625 0.05 0.03984375
0 0.22109375 0.8515625 0.03671875 0.034375
0 0.24375 0.8859375 0.04609375 0.0328125
0 0.96015625 0.38671875 0.07734375 0.03671875
0 0.96171875 0.35 0.07265625 0.03359375
0 0.971875 0.2578125 0.05625 0.03125
0 0.584375 0.865625 0.084375 0.0578125
0 0.21875 0.19609375 0.0421875 0.04296875
0 0.26171875 0.1953125 0.03828125 0.04921875
0 0.21953125 0.146875 0.0453125 0.0453125
0 0.26484375 0.1453125 0.0265625 0.04375
0 0.6171875 0.20703125 0.090625 0.0328125
0 0.6125 0.246875 0.0765625 0.046875
0 0.70390625 0.25546875 0.08359375 0.03671875
0 0.7046875 0.2171875 0.0828125 0.03046875
0 0.8 0.20703125 0.08359375 0.0171875
0 0.79609375 0.2265625 0.0890625 0.01875
0 0.80078125 0.25390625 0.09765625 0.0359375
0 0.89765625 0.25703125 0.075 0.034375
0 0.9046875 0.22265625 0.0921875 0.0328125
0 0.353125 0.14765625 0.06953125 0.03203125
0 0.35390625 0.1109375 0.0765625 0.0375
0 0.43828125 0.11484375 0.08125 0.03125
0 0.440625 0.14921875 0.0828125 0.03828125
0 0.5234375 0.14453125 0.08515625 0.04765625
0 0.51640625 0.2046875 0.07890625 0.03046875
0 0.61640625 0.15 0.0796875 0.0390625
0 0.7046875 0.10625 0.0859375 0.0265625
0 0.71015625 0.146875 0.0828125 0.0484375
0 0.80859375 0.09765625 0.1140625 0.01484375
0 0.80703125 0.11953125 0.1015625 0.01953125
0 0.91328125 0.12578125 0.090625 0.034375
0 0.9109375 0.16171875 0.08984375 0.03359375
0 0.49921875 0.875 0.07421875 0.0359375
0 0.49375 0.83828125 0.078125 0.0359375
0 0.415625 0.87578125 0.07890625 0.03203125
0 0.40859375 0.840625 0.065625 0.03828125
0 0.33515625 0.8390625 0.0703125 0.0359375
0 0.3359375 0.87421875 0.0734375 0.0328125
0 0.2703125 0.09453125 0.0359375 0.0546875
0 0.22109375 0.09609375 0.04765625 0.0546875
0 0.61015625 0.115625 0.08125 0.0265625
0 0.6796875 0.86875 0.08828125 0.0640625