0 0.621875 0.3296875 0.04765625 0.08125
0 0.96015625 0.30546875 0.07890625 0.13203125
0 0.8953125 0.3265625 0.0421875 0.09375
0 0.8 0.36171875 0.10234375 0.02265625
0 0.8015625 0.3359375 0.096875 0.02265625
0 0.68046875 0.33828125 0.0671875 0.06953125
0 0.053125 0.44921875 0.04375 0.09765625
0 0.575 0.32578125 0.04921875 0.0890625
0 0.37421875 0.31640625 0.0421875 0.115625
0 0.4671875 0.35 0.05546875 0.0359375
0 0.4671875 0.30546875 0.05625 0.04296875
0 0.4171875 0.31015625 0.0421875 0.128125
0 0.315625 0.31484375 0.03828125 0.11953125
0 0.26796875 0.31484375 0.059375 0.1171875
0 0.2125 0.31484375 0.0453125 0.11953125
0 0.09921875 0.4484375 0.04765625 0.09921875
0 0.52421875 0.33046875 0.05234375 0.08203125
0 0.14921875 0.4453125 0.04296875 0.0859375
0 0.83828125 0.47109375 0.0453125 0.07109375
0 0.25546875 0.45234375 0.053125 0.0796875
0 0.48828125 0.0421875 0.05078125 0.0578125
0 0.43359375 0.04609375 0.0515625 0.059375
0 0.38203125 0.0515625 0.04375 0.053125
0 0.028125 0.103125 0.04140625 0.03671875
0 0.96953125 0.86171875 0.0546875 0.07109375
0 0.89921875 0.85234375 0.0390625 0.0859375
0 0.85078125 0.85 0.053125 0.08125
0 0.8046875 0.84765625 0.03828125 0.0859375
0 0.75078125 0.84296875 0.0640625 0.0859375
0 0.684375 0.84140625 0.0546875 0.08359375
0 0.6234375 0.83984375 0.053125 0.08828125
0 0.578125 0.8421875 0.040625 0.08203125
0 0.53515625 0.8390625 0.03828125 0.090625
0 0.49453125 0.83984375 0.040625 0.08671875
0 0.4515625 0.8375 0.0375 0.08125
0 0.41328125 0.83828125 0.034375 0.0765625
0 0.3765625 0.8359375 0.03046875 0.08125
0 0.3359375 0.83671875 0.0484375 0.0796875
0 0.290625 0.834375 0.03984375 0.08828125
0 0.2484375 0.83828125 0.04609375 0.08125
0 0.20703125 0.8390625 0.03671875 0.08359375
0 0.16796875 0.8375 0.040625 0.0875
0 0.1234375 0.834375 0.04609375 0.08203125
0 0.48828125 0.1 0.0546875 0.05234375
0 0.59921875 0.0984375 0.0546875 0.05234375
0 0.65234375 0.09921875 0.05 0.05
0 0.54375 0.040625 0.0578125 0.059375
0 0.0234375 0.16875 0.04453125 0.0953125
0 0.07109375 0.16953125 0.0484375 0.09453125
0 0.13515625 0.171875 0.0640625 0.0875
0 0.19140625 0.15234375 0.04609375 0.128125
0 0.24765625 0.153125 0.0609375 0.12734375
0 0.30078125 0.14921875 0.04296875 0.1359375
0 0.34765625 0.153125 0.0453125 0.13359375
0 0.38828125 0.15546875 0.03359375 0.13203125
0 0.42734375 0.15390625 0.040625 0.128125
0 0.48359375 0.1734375 0.0609375 0.09375
0 0.540625 0.171875 0.0484375 0.090625
0 0.0765625 0.8328125 0.05078125 0.08515625
0 0.5953125 0.1703125 0.059375 0.090625
0 0.7125 0.1671875 0.05703125 0.090625
0 0.771875 0.14609375 0.03203125 0.134375
0 0.8125 0.14765625 0.046875 0.12890625
0 0.85859375 0.134375 0.046875 0.1015625
0 0.059375 0.325 0.0765625 0.02734375
0 0.0609375 0.35390625 0.07421875 0.02734375
0 0.15859375 0.31328125 0.06171875 0.1328125
0 0.95390625 0.1171875 0.0921875 0.02578125
0 0.95625 0.08125 0.0875 0.040625
0 0.65234375 0.03984375 0.05078125 0.0609375
0 0.596875 0.03984375 0.05078125 0.0609375
0 0.65703125 0.1703125 0.0515625 0.08125
0 0.19453125 0.44296875 0.046875 0.090625
0 0.97109375 0.7390625 0.0578125 0.08515625
0 0.859375 0.734375 0.03828125 0.08203125
0 0.46328125 0.56953125 0.0359375 0.08125
0 0.42421875 0.56953125 0.0421875 0.08125
0 0.37578125 0.56640625 0.04375 0.08359375
0 0.33359375 0.565625 0.0375 0.08671875
0 0.28828125 0.56953125 0.04296875 0.07734375
0 0.2390625 0.57109375 0.053125 0.07578125
0 0.19140625 0.5703125 0.04140625 0.08515625
0 0.14921875 0.57109375 0.040625 0.084375
0 0.103125 0.57421875 0.04375 0.0875
0 0.05859375 0.57109375 0.04296875 0.09375
0 0.928125 0.4625 0.0515625 0.0875
0 0.88046875 0.46484375 0.0328125 0.0765625
0 0.79765625 0.47421875 0.0375 0.065625
0 0.75234375 0.4703125 0.04453125 0.06328125
0 0.70859375 0.46796875 0.03671875 0.065625
0 0.659375 0.4859375 0.04765625 0.03828125
0 0.60703125 0.48515625 0.05625 0.03984375
0 0.534375 0.471875 0.0421875 0.07109375
0 0.49921875 0.4625 0.03359375 0.07109375
0 0.4703125 0.45703125 0.0234375 0.08125
0 0.41328125 0.4515625 0.04453125 0.06953125
0 0.37265625 0.45390625 0.03671875 0.06484375
0 0.31484375 0.4484375 0.0625 0.08828125
0 0.5234375 0.56796875 0.04296875 0.08359375
0 0.56328125 0.56953125 0.0375 0.084375
0 0.54375 0.09921875 0.05546875 0.0546875
0 0.6171875 0.578125 0.05703125 0.0921875
0 0.8109375 0.725 0.04765625 0.0921875
0 0.76796875 0.7265625 0.0390625 0.0890625
0 0.7203125 0.72734375 0.05 0.0921875
0 0.66796875 0.72890625 0.05390625 0.0875
0 0.603125 0.72578125 0.046875 0.0875
0 0.53359375 0.721875 0.03984375 0.08203125
0 0.4921875 0.71796875 0.03671875 0.075
0 0.4609375 0.721875 0.025 0.0671875
0 0.42734375 0.70859375 0.0375 0.078125
0 0.390625 0.70859375 0.03828125 0.07734375
0 0.35625 0.70625 0.02578125 0.08515625
0 0.903125 0.73125 0.05078125 0.08828125
0 0.32578125 0.70625 0.03359375 0.08515625
0 0.246875 0.71484375 0.0421875 0.08359375
0 0.20546875 0.715625 0.03984375 0.08125
0 0.15078125 0.7203125 0.040625 0.075
0 0.11015625 0.71796875 0.03046875 0.0765625
0 0.075 0.71484375 0.0421875 0.08203125
0 0.971875 0.578125 0.05625 0.1125
0 0.90625 0.58203125 0.0453125 0.09609375
0 0.846875 0.58125 0.0515625 0.096875
0 0.76953125 0.5796875 0.04375 0.09375
0 0.72578125 0.58203125 0.0453125 0.090625
0 0.675 0.5796875 0.05703125 0.0890625
0 0.28515625 0.71640625 0.03515625 0.08359375