0 0.33046875 0.5640625 0.04609375 0.0953125
0 0.51953125 0.221875 0.03125 0.0765625
0 0.47734375 0.2203125 0.03984375 0.07890625
0 0.440625 0.215625 0.03515625 0.078125
0 0.40078125 0.2125 0.034375 0.08046875
0 0.35546875 0.209375 0.0375 0.07734375
0 0.31328125 0.20859375 0.0421875 0.0859375
0 0.265625 0.2015625 0.0421875 0.0859375
0 0.984375 0.6203125 0.03125 0.071875
0 0.41015625 0.559375 0.03984375 0.096875
0 0.93046875 0.6265625 0.025 0.0796875
0 0.95546875 0.6234375 0.02421875 0.0734375
0 0.55859375 0.22421875 0.034375 0.078125
0 0.0359375 0.78125 0.071875 0.08125
0 0.1125 0.7703125 0.06953125 0.096875
0 0.1796875 0.765625 0.06328125 0.0890625
0 0.24140625 0.7765625 0.05234375 0.0578125
0 0.3734375 0.56171875 0.03359375 0.09375
0 0.59609375 0.228125 0.03515625 0.0765625
0 0.81015625 0.24375 0.025 0.075
0 0.6703125 0.23203125 0.03359375 0.0828125
0 0.40390625 0.340625 0.06875 0.0859375
0 0.34765625 0.3390625 0.03828125 0.0828125
0 0.29765625 0.33125 0.05078125 0.10078125
0 0.2484375 0.3375 0.04453125 0.0796875
0 0.20078125 0.334375 0.05078125 0.0875
0 0.14765625 0.33046875 0.05234375 0.090625
0 0.028125 0.3390625 0.05625 0.07109375
0 0.9671875 0.2546875 0.02890625 0.0671875
0 0.934375 0.25 0.0296875 0.075
0 0.909375 0.25625 0.0171875 0.0640625
0 0.88828125 0.25546875 0.02265625 0.0609375
0 0.8625 0.240625 0.01953125 0.0828125
0 0.8375 0.24921875 0.02265625 0.0640625
0 0.2984375 0.77578125 0.05234375 0.0421875
0 0.77890625 0.24140625 0.03203125 0.06796875
0 0.74296875 0.2359375 0.03359375 0.07421875
0 0.70625 0.2359375 0.03203125 0.0734375
0 0.63046875 0.22890625 0.02578125 0.075
0 0.35234375 0.771875 0.05078125 0.04765625
0 0.58984375 0.7421875 0.0265625 0.034375
0 0.45703125 0.753125 0.0484375 0.03671875
0 0.4671875 0.86328125 0.05 0.0671875
0 0.51875 0.85390625 0.04609375 0.05859375
0 0.5703125 0.84375 0.04296875 0.06015625
0 0.615625 0.8375 0.03984375 0.06015625
0 0.66015625 0.828125 0.03828125 0.0625
0 0.70703125 0.825 0.04609375 0.0546875
0 0.74921875 0.8234375 0.03359375 0.05625
0 0.78671875 0.81015625 0.03125 0.05625
0 0.41796875 0.86796875 0.04921875 0.0609375
0 0.828125 0.803125 0.03828125 0.065625
0 0.903125 0.7921875 0.0328125 0.05390625
0 0.9375 0.790625 0.0328125 0.05234375
0 0.971875 0.7796875 0.0359375 0.05
0 0.21953125 0.1984375 0.04140625 0.09296875
0 0.17421875 0.209375 0.02890625 0.0609375
0 0.1375 0.203125 0.03828125 0.065625
0 0.0921875 0.2015625 0.04296875 0.0671875
0 0.04453125 0.1984375 0.0484375 0.0625
0 0.86484375 0.796875 0.0328125 0.05625
0 0.36796875 0.8765625 0.05078125 0.07734375
0 0.31171875 0.8734375 0.0484375 0.0890625
0 0.2328125 0.896875 0.07734375 0.0734375
0 0.5125 0.7515625 0.05859375 0.0375
0 0.559375 0.74765625 0.02578125 0.0328125
0 0.478125 0.34375 0.06796875 0.084375
0 0.61875 0.7375 0.02734375 0.02734375
0 0.64765625 0.73515625 0.02578125 0.028125
0 0.6765625 0.73046875 0.02890625 0.034375
0 0.70625 0.72890625 0.028125 0.028125
0 0.73671875 0.7234375 0.0296875 0.03515625
0 0.76875 0.71875 0.03046875 0.03203125
0 0.80390625 0.71484375 0.03125 0.0390625
0 0.82890625 0.709375 0.01796875 0.03125
0 0.8515625 0.70390625 0.01796875 0.028125
0 0.87109375 0.7046875 0.02109375 0.03046875
0 0.89609375 0.70234375 0.021875 0.03125
0 0.921875 0.7 0.01796875 0.028125
0 0.93984375 0.696875 0.01796875 0.0296875
0 0.97890625 0.69296875 0.02421875 0.0234375
0 0.06015625 0.92265625 0.10546875 0.084375
0 0.14609375 0.9109375 0.05859375 0.065625
0 0.4 0.76484375 0.0421875 0.03125
0 0.5296875 0.3453125 0.03515625 0.07890625
0 0.746875 0.34921875 0.028125 0.075
0 0.6046875 0.3453125 0.03125 0.0796875
0 0.01484375 0.67578125 0.0296875 0.071875
0 0.97890625 0.53203125 0.03359375 0.06875
0 0.946875 0.53671875 0.02578125 0.0703125
0 0.91953125 0.53671875 0.02265625 0.0703125
0 0.89453125 0.5375 0.02265625 0.0703125
0 0.87265625 0.5375 0.01953125 0.0734375
0 0.846875 0.5421875 0.02421875 0.07734375
0 0.81953125 0.54296875 0.02890625 0.07734375
0 0.7859375 0.54453125 0.02890625 0.07734375
0 0.759375 0.54609375 0.02109375 0.07578125
0 0.73046875 0.546875 0.03359375 0.0890625
0 0.69296875 0.54453125 0.03046875 0.0828125
0 0.6609375 0.55 0.0296875 0.07265625
0 0.62890625 0.5546875 0.03125 0.0734375
0 0.59765625 0.55859375 0.0265625 0.0703125
0 0.56484375 0.559375 0.03203125 0.071875
0 0.5296875 0.5609375 0.0328125 0.0671875
0 0.059375 0.66484375 0.0546875 0.0921875
0 0.1140625 0.66015625 0.0484375 0.08359375
0 0.1703125 0.6609375 0.05625 0.078125
0 0.24140625 0.68984375 0.05234375 0.08359375
0 0.87734375 0.6296875 0.0328125 0.075
0 0.84453125 0.6328125 0.03046875 0.071875
0 0.809375 0.6359375 0.0359375 0.0796875
0 0.77734375 0.6390625 0.028125 0.0734375
0 0.74921875 0.6421875 0.0265625 0.07890625
0 0.7234375 0.6421875 0.02421875 0.078125
0 0.69296875 0.6453125 0.03046875 0.078125
0 0.6640625 0.6484375 0.0265625 0.08203125
0 0.4890625 0.55625 0.03671875 0.0875
0 0.959375 0.35390625 0.0203125 0.0703125
0 0.5703125 0.65390625 0.03359375 0.0828125
0 0.52890625 0.65703125 0.0375 0.0890625
0 0.49296875 0.6609375 0.03203125 0.0875
0 0.45625 0.6625 0.03359375 0.096875
0 0.41796875 0.671875 0.03984375 0.08125
0 0.37734375 0.6734375 0.03671875 0.0890625
0 0.3359375 0.6796875 0.0390625 0.08203125
0 0.29140625 0.684375 0.04296875 0.0890625
0 0.60390625 0.65546875 0.0296875 0.075
0 0.45078125 0.55625 0.0359375 0.08984375
0 0.03515625 0.45625 0.0453125 0.078125
0 0.0828125 0.4546875 0.04921875 0.07578125
0 0.90546875 0.44921875 0.028125 0.06875
0 0.93515625 0.44921875 0.028125 0.0671875
0 0.96328125 0.44765625 0.02421875 0.065625
0 0.9890625 0.43984375 0.02109375 0.07265625
0 0.01875 0.5578125 0.03671875 0.0828125
0 0.06328125 0.55625 0.05078125 0.0859375
0 0.1234375 0.553125 0.06015625 0.0828125
0 0.1796875 0.5515625 0.04609375 0.084375
0 0.8765625 0.45 0.02890625 0.07109375
0 0.23359375 0.5703125 0.05078125 0.096875
0 0.903125 0.353125 0.03046875 0.071875
0 0.87109375 0.353125 0.03046875 0.0734375
0 0.84140625 0.35234375 0.02421875 0.0703125
0 0.8125 0.353125 0.0296875 0.06875
0 0.778125 0.34921875 0.0359375 0.0765625
0 0.71171875 0.34765625 0.0359375 0.0765625
0 0.675 0.35 0.03515625 0.0734375
0 0.6390625 0.346875 0.03046875 0.0796875
0 0.93203125 0.3546875 0.02578125 0.0734375
0 0.56796875 0.3453125 0.0328125 0.0796875
0 0.84921875 0.4484375 0.02421875 0.078125
0 0.78203125 0.44921875 0.03203125 0.071875
0 0.13203125 0.45546875 0.046875 0.0734375
0 0.18125 0.45546875 0.05078125 0.071875
0 0.23046875 0.45859375 0.04140625 0.0828125
0 0.2765625 0.45703125 0.04140625 0.0859375
0 0.3203125 0.45546875 0.04453125 0.08359375
0 0.36328125 0.45625 0.03828125 0.08359375
0 0.40234375 0.4546875 0.040625 0.08203125
0 0.4390625 0.45390625 0.03203125 0.08046875
0 0.81953125 0.446875 0.03359375 0.07109375
0 0.48203125 0.4484375 0.05078125 0.08828125
0 0.56015625 0.453125 0.03046875 0.07578125
0 0.59375 0.4546875 0.03125 0.071875
0 0.62734375 0.45 0.03125 0.08125
0 0.65625 0.45 0.02578125 0.08125
0 0.68984375 0.446875 0.03046875 0.075
0 0.90703125 0.6296875 0.01953125 0.0734375
0 0.72265625 0.45 0.0265625 0.075
0 0.75234375 0.44921875 0.02890625 0.071875
0 0.525 0.4546875 0.03515625 0.0765625
0 0.284375 0.56640625 0.040625 0.09375
0 0.63359375 0.6546875 0.028125 0.075