0 0.4140625 0.39921875 0.140625 0.01484375
0 0.2734375 0.37109375 0.12734375 0.01640625
0 0.275 0.384375 0.13125 0.0078125
0 0.2734375 0.40234375 0.134375 0.01875
0 0.409375 0.3703125 0.12109375 0.0171875
0 0.40625 0.38515625 0.125 0.0109375
0 0.5328125 0.37109375 0.12109375 0.01328125
0 0.87578125 0.21796875 0.06015625 0.0796875
0 0.8140625 0.33984375 0.09296875 0.01640625
0 0.81484375 0.32421875 0.09296875 0.01640625
0 0.8140625 0.3078125 0.09296875 0.01640625
0 0.81640625 0.290625 0.09609375 0.01875
0 0.715625 0.33828125 0.09921875 0.0171875
0 0.7140625 0.32265625 0.09296875 0.01484375
0 0.71484375 0.30390625 0.09609375 0.021875
0 0.61015625 0.33828125 0.10390625 0.0171875
0 0.6140625 0.32109375 0.11015625 0.01640625
0 0.615625 0.303125 0.1046875 0.01953125
0 0.49921875 0.3390625 0.10859375 0.01640625
0 0.49765625 0.321875 0.11171875 0.0171875
0 0.503125 0.30390625 0.10625 0.0203125
0 0.47890625 0.28359375 0.0984375 0.01328125
0 0.38203125 0.3390625 0.11875 0.01953125
0 0.89296875 0.3015625 0.0375 0.0546875
0 0.3796875 0.321875 0.11796875 0.0171875
0 0.928125 0.30078125 0.0296875 0.05390625
0 0.1140625 0.19296875 0.040625 0.0859375
0 0.1984375 0.48125 0.1390625 0.02109375
0 0.753125 0.2171875 0.05859375 0.0875
0 0.7046875 0.21328125 0.0421875 0.08515625
0 0.62890625 0.2453125 0.1125 0.021875
0 0.621875 0.22421875 0.10234375 0.01953125
0 0.5421875 0.21796875 0.034375 0.071875
0 0.50625 0.21640625 0.03046875 0.0765625
0 0.4765625 0.215625 0.0328125 0.07578125
0 0.44609375 0.21484375 0.02578125 0.0765625
0 0.41484375 0.2125 0.0359375 0.0734375
0 0.37578125 0.21015625 0.03984375 0.0765625
0 0.3359375 0.209375 0.0390625 0.07734375
0 0.30078125 0.21640625 0.0296875 0.0640625
0 0.26796875 0.20859375 0.03828125 0.0796875
0 0.22578125 0.20625 0.0421875 0.0765625
0 0.06796875 0.18984375 0.04765625 0.09453125
0 0.1921875 0.45703125 0.14296875 0.02421875
0 0.38046875 0.3 0.12265625 0.021875
0 0.25078125 0.3203125 0.128125 0.01953125
0 0.1328125 0.37109375 0.146875 0.01875
0 0.1359375 0.38671875 0.140625 0.01328125
0 0.1328125 0.4046875 0.1359375 0.0171875
0 0.24609375 0.29765625 0.1328125 0.02734375
0 0.1078125 0.3390625 0.14609375 0.01875
0 0.10078125 0.31796875 0.1328125 0.021875
0 0.10390625 0.29609375 0.125 0.0234375
0 0.93515625 0.38515625 0.015625 0.0875
0 0.9109375 0.3890625 0.03046875 0.08359375
0 0.78125 0.39453125 0.10703125 0.0109375
0 0.78125 0.38046875 0.10703125 0.01640625
0 0.77890625 0.3671875 0.1109375 0.0109375
0 0.6453125 0.38671875 0.10859375 0.02265625
0 0.53828125 0.39609375 0.1109375 0.0109375
0 0.53671875 0.38359375 0.11015625 0.01328125
0 0.92578125 0.50078125 0.0984375 0.0140625
0 0.25390625 0.340625 0.134375 0.021875
0 0.92421875 0.4859375 0.10078125 0.0140625
0 0.8015625 0.47421875 0.09453125 0.0125
0 0.19765625 0.50078125 0.1375 0.015625
0 0.3390625 0.45546875 0.13125 0.01875
0 0.33515625 0.47578125 0.13125 0.02265625
0 0.33828125 0.49375 0.1375 0.01328125
0 0.4703125 0.4328125 0.12109375 0.021875
0 0.475 0.45078125 0.128125 0.0140625
0 0.47265625 0.4703125 0.13046875 0.02109375
0 0.4765625 0.48984375 0.1375 0.0171875
0 0.596875 0.45 0.1015625 0.015625
0 0.59921875 0.46640625 0.096875 0.01640625
0 0.59765625 0.4828125 0.0953125 0.01484375
0 0.70078125 0.44765625 0.1015625 0.01796875
0 0.70078125 0.46484375 0.09921875 0.01484375
0 0.70234375 0.4796875 0.10390625 0.0140625
0 0.8015625 0.4578125 0.09453125 0.01953125
0 0.91953125 0.4734375 0.10546875 0.00859375
0 0.9484375 0.20859375 0.08125 0.1
0 0.08359375 0.4765625 0.04453125 0.065625
0 0.921875 0.55390625 0.0828125 0.015625
0 0.9015625 0.778125 0.078125 0.0203125
0 0.16015625 0.753125 0.12578125 0.021875
0 0.15546875 0.73125 0.1328125 0.0140625
0 0.39609375 0.69609375 0.0984375 0.01875
0 0.4125 0.72734375 0.0984375 0.015625
0 0.4140625 0.74609375 0.09296875 0.02109375
0 0.5203125 0.696875 0.1 0.025
0 0.52109375 0.71640625 0.09921875 0.01328125
0 0.52109375 0.7328125 0.10234375 0.02109375
0 0.61953125 0.6890625 0.0921875 0.01875
0 0.61953125 0.70390625 0.09140625 0.0109375
0 0.6203125 0.72265625 0.09296875 0.02265625
0 0.7515625 0.67890625 0.0921875 0.01953125
0 0.75078125 0.69453125 0.0921875 0.0078125
0 0.75390625 0.71015625 0.08515625 0.02109375
0 0.78046875 0.76875 0.021875 0.0671875
0 0.8328125 0.6953125 0.06015625 0.0234375
0 0.73984375 0.76953125 0.05703125 0.0640625
0 0.5765625 0.815625 0.021875 0.03515625
0 0.80546875 0.21796875 0.04609375 0.084375
0 0.97578125 0.4 0.04765625 0.06171875
0 0.0390625 0.86640625 0.0703125 0.065625
0 0.1296875 0.83984375 0.0328125 0.06953125
0 0.16171875 0.8359375 0.03203125 0.07578125
0 0.2265625 0.85859375 0.05703125 0.0203125
0 0.196875 0.8140625 0.03125 0.03203125
0 0.24296875 0.815625 0.053125 0.02421875
0 0.2921875 0.80703125 0.02890625 0.046875
0 0.33046875 0.81796875 0.0328125 0.07734375
0 0.36015625 0.81484375 0.02421875 0.084375
0 0.4015625 0.834375 0.03984375 0.01484375
0 0.4375 0.83125 0.03125 0.0234375
0 0.50859375 0.7875 0.03125 0.05859375
0 0.5515625 0.81875 0.02734375 0.0265625
0 0.6734375 0.7734375 0.06953125 0.06875
0 0.92109375 0.56640625 0.08515625 0.00859375
0 0.91875 0.67265625 0.10625 0.01953125
0 0.92421875 0.703125 0.10078125 0.0125
0 0.2703125 0.56796875 0.10703125 0.01640625
0 0.4484375 0.54296875 0.08828125 0.02109375
0 0.4515625 0.56171875 0.09375 0.015625
0 0.5453125 0.52265625 0.10234375 0.01484375
0 0.5484375 0.54140625 0.09375 0.0171875
0 0.5515625 0.55625 0.09765625 0.0109375
0 0.6375 0.5125 0.0734375 0.01953125
0 0.6453125 0.53515625 0.0859375 0.0203125
0 0.646875 0.55234375 0.08046875 0.0125
0 0.7375 0.51171875 0.10234375 0.015625
0 0.73984375 0.528125 0.09765625 0.0171875
0 0.73984375 0.54453125 0.09765625 0.0140625
0 0.83359375 0.5234375 0.06796875 0.02109375
0 0.83984375 0.54140625 0.08125 0.01328125
0 0.92265625 0.5359375 0.07578125 0.015625
0 0.26328125 0.5515625 0.096875 0.0140625
0 0.9234375 0.690625 0.0984375 0.01484375
0 0.2625 0.53515625 0.09921875 0.0171875
0 0.1375 0.5625 0.12578125 0.0234375
0 0.1578125 0.6109375 0.1375 0.01640625
0 0.159375 0.628125 0.140625 0.01484375
0 0.16171875 0.6515625 0.13515625 0.03203125
0 0.0328125 0.6265625 0.04296875 0.0921875
0 0.31875 0.6078125 0.13828125 0.0265625
0 0.31328125 0.6265625 0.13515625 0.0109375
0 0.31875 0.64609375 0.121875 0.02109375
0 0.48046875 0.62734375 0.11640625 0.0328125
0 0.59296875 0.59765625 0.10859375 0.02109375
0 0.5984375 0.62109375 0.1109375 0.025
0 0.715625 0.61171875 0.10625 0.02109375
0 0.821875 0.58515625 0.09921875 0.01328125
0 0.8203125 0.6 0.103125 0.01328125
0 0.821875 0.6125 0.10390625 0.0109375
0 0.13515625 0.54140625 0.13203125 0.0171875
0 0.13828125 0.58046875 0.12578125 0.0125