0 0.96796875 0.6546875 0.0578125 0.0453125
0 0.90078125 0.73671875 0.03125 0.0390625
0 0.89609375 0.77734375 0.04140625 0.02734375
0 0.85390625 0.78671875 0.040625 0.03515625
0 0.81484375 0.7609375 0.03515625 0.03984375
0 0.81171875 0.803125 0.0390625 0.0421875
0 0.70390625 0.35703125 0.0296875 0.07578125
0 0.73359375 0.35703125 0.0296875 0.07421875
0 0.86015625 0.7484375 0.03828125 0.02890625
0 0.76484375 0.35703125 0.028125 0.07109375
0 0.840625 0.35703125 0.03046875 0.0734375
0 0.86953125 0.3546875 0.0296875 0.0734375
0 0.91015625 0.35390625 0.015625 0.0703125
0 0.8953125 0.35390625 0.01640625 0.071875
0 0.92890625 0.353125 0.02265625 0.06796875
0 0.95390625 0.3546875 0.025 0.065625
0 0.98046875 0.35078125 0.025 0.06640625
0 0.81484375 0.35546875 0.01953125 0.06875
0 0.94296875 0.7265625 0.03828125 0.0390625
0 0.821875 0.72578125 0.0390625 0.02578125
0 0.903125 0.70390625 0.03046875 0.02265625
0 0.88828125 0.66953125 0.04453125 0.0453125
0 0.8328125 0.68515625 0.046875 0.04140625
0 0.33359375 0.9671875 0.0828125 0.0453125
0 0.41796875 0.9375 0.0734375 0.05
0 0.48828125 0.91328125 0.06328125 0.04453125
0 0.5546875 0.89296875 0.05546875 0.04375
0 0.6140625 0.8734375 0.05546875 0.04453125
0 0.86484375 0.7171875 0.0421875 0.0234375
0 0.66796875 0.85 0.04609375 0.040625
0 0.76953125 0.81953125 0.0484375 0.03828125
0 0.771875 0.77421875 0.0375 0.03125
0 0.72578125 0.79140625 0.03828125 0.0375
0 0.98359375 0.70859375 0.03125 0.0296875
0 0.99140625 0.2828125 0.015625 0.078125
0 0.98125 0.74375 0.0375 0.03203125
0 0.934375 0.76640625 0.0296875 0.040625
0 0.71953125 0.8390625 0.04765625 0.04140625
0 0.971875 0.2796875 0.02421875 0.08046875
0 0.83046875 0.1375 0.04609375 0.16484375
0 0.92421875 0.27890625 0.01640625 0.0796875
0 0.128125 0.25390625 0.05234375 0.1
0 0.07421875 0.2484375 0.05 0.1125
0 0.02421875 0.246875 0.04765625 0.109375
0 0.015625 0.078125 0.03125 0.153125
0 0.06875 0.07890625 0.07109375 0.1578125
0 0.1515625 0.08203125 0.09453125 0.16328125
0 0.2484375 0.0859375 0.08203125 0.171875
0 0.17265625 0.25625 0.03046875 0.10625
0 0.33203125 0.08984375 0.08125 0.178125
0 0.48125 0.096875 0.0640625 0.1890625
0 0.55 0.09921875 0.0671875 0.19453125
0 0.615625 0.1078125 0.06328125 0.1921875
0 0.67734375 0.11796875 0.0578125 0.184375
0 0.73203125 0.125 0.05078125 0.17578125
0 0.78203125 0.134375 0.04765625 0.1703125
0 0.87421875 0.13828125 0.03828125 0.16171875
0 0.4109375 0.09453125 0.07421875 0.184375
0 0.22421875 0.2484375 0.0578125 0.109375
0 0.28046875 0.25 0.0484375 0.1140625
0 0.33125 0.25 0.04296875 0.1125
0 0.90625 0.278125 0.01875 0.08046875
0 0.88046875 0.27578125 0.02890625 0.0828125
0 0.85078125 0.2765625 0.0296875 0.08203125
0 0.82265625 0.2734375 0.02265625 0.0890625
0 0.79921875 0.27578125 0.02265625 0.08984375
0 0.7734375 0.2734375 0.0296875 0.08984375
0 0.7421875 0.2734375 0.02421875 0.0875
0 0.71484375 0.27265625 0.02578125 0.090625
0 0.6828125 0.26953125 0.03046875 0.09296875
0 0.65 0.26875 0.03203125 0.0921875
0 0.6125 0.26953125 0.0359375 0.09453125
0 0.578125 0.26796875 0.03046875 0.09765625
0 0.54609375 0.26640625 0.03515625 0.1015625
0 0.5078125 0.265625 0.0375 0.10546875
0 0.46640625 0.26328125 0.03984375 0.1046875
0 0.42578125 0.259375 0.0390625 0.1078125
0 0.378125 0.2546875 0.04453125 0.1109375
0 0.94609375 0.28046875 0.025 0.075
0 0.79296875 0.35625 0.02578125 0.0703125
0 0.55625 0.8421875 0.05546875 0.0421875
0 0.33515625 0.85390625 0.08828125 0.05234375
0 0.0953125 0.51015625 0.05 0.13203125
0 0.14609375 0.50234375 0.0515625 0.1203125
0 0.19453125 0.49765625 0.040625 0.12578125
0 0.2421875 0.4953125 0.04921875 0.11953125
0 0.29140625 0.4921875 0.0421875 0.121875
0 0.39609375 0.46328125 0.04375 0.06640625
0 0.44140625 0.4609375 0.04140625 0.06484375
0 0.47890625 0.4578125 0.0265625 0.0625
0 0.48125 0.52421875 0.0390625 0.06171875
0 0.4390625 0.5265625 0.0375 0.06171875
0 0.04296875 0.5140625 0.0546875 0.128125
0 0.39609375 0.528125 0.03828125 0.06328125
0 0.640625 0.46484375 0.03046875 0.04453125
0 0.609375 0.46640625 0.02421875 0.04453125
0 0.57890625 0.46796875 0.034375 0.04765625
0 0.60625 0.51484375 0.02421875 0.04765625
0 0.6359375 0.5140625 0.03125 0.05078125
0 0.665625 0.5109375 0.021875 0.0515625
0 0.69140625 0.46015625 0.025 0.0484375
0 0.71796875 0.45703125 0.0234375 0.04921875
0 0.715625 0.5046875 0.02421875 0.0375
0 0.68984375 0.50625 0.0234375 0.04140625
0 0.66953125 0.4625 0.02265625 0.0453125
0 0.5171875 0.521875 0.03046875 0.05625
0 0.0296875 0.3546875 0.046875 0.09609375
0 0.13671875 0.35390625 0.0390625 0.09609375
0 0.55234375 0.79375 0.06015625 0.05078125
0 0.25078125 0.94296875 0.0765625 0.05234375
0 0.16484375 0.96875 0.0921875 0.05390625
0 0.334375 0.915625 0.078125 0.0484375
0 0.41796875 0.88828125 0.0703125 0.04140625
0 0.48984375 0.86328125 0.06640625 0.0453125
0 0.6171875 0.82734375 0.05625 0.04296875
0 0.61953125 0.7859375 0.06640625 0.03828125
0 0.62421875 0.728125 0.084375 0.04453125
0 0.69375 0.7203125 0.05234375 0.040625
0 0.0875 0.35546875 0.053125 0.09921875
0 0.74453125 0.703125 0.0328125 0.05234375
0 0.73046875 0.75625 0.04140625 0.02578125
0 0.68046875 0.765625 0.05078125 0.03125
0 0.67265625 0.8046875 0.0390625 0.0359375
0 0.24765625 0.878125 0.08515625 0.0609375
0 0.15078125 0.9078125 0.1046875 0.059375
0 0.48828125 0.8109375 0.065625 0.05546875
0 0.33046875 0.3578125 0.0453125 0.1015625
0 0.28515625 0.36015625 0.03984375 0.10390625
0 0.23203125 0.3578125 0.0546875 0.10625
0 0.175 0.35703125 0.03125 0.09296875
0 0.78046875 0.73203125 0.03515625 0.04296875
0 0.54765625 0.52109375 0.0296875 0.05703125
0 0.41484375 0.83515625 0.07265625 0.05234375
0 0.81796875 0.44296875 0.03203125 0.0421875
0 0.91328125 0.59296875 0.034375 0.034375
0 0.8734375 0.6 0.040625 0.03203125
0 0.8296875 0.6140625 0.03984375 0.0359375
0 0.803125 0.575 0.0484375 0.0484375
0 0.0484375 0.9296875 0.096875 0.06875
0 0.121875 0.74765625 0.1125 0.06484375
0 0.2515625 0.71796875 0.14453125 0.0546875
0 0.24609375 0.6515625 0.14453125 0.0671875
0 0.109375 0.675 0.11953125 0.0609375
0 0.4109375 0.69140625 0.084375 0.0484375
0 0.95234375 0.5875 0.03515625 0.034375
0 0.4875 0.68359375 0.0640625 0.04296875
0 0.575 0.609375 0.06015625 0.04453125
0 0.50078125 0.621875 0.0734375 0.05234375
0 0.4203125 0.63359375 0.0859375 0.05703125
0 0.62109375 0.65234375 0.05703125 0.03828125
0 0.67890625 0.64140625 0.05390625 0.03203125
0 0.64140625 0.60078125 0.05703125 0.04765625
0 0.69921875 0.59296875 0.0578125 0.0484375
0 0.73359375 0.63203125 0.053125 0.028125
0 0.78203125 0.6203125 0.0484375 0.0359375
0 0.57890625 0.51953125 0.03203125 0.05
0 0.7515625 0.5796875 0.046875 0.0453125
0 0.85234375 0.559375 0.04140625 0.04375
0 0.56015625 0.66484375 0.06640625 0.0328125
0 0.9359375 0.54765625 0.03671875 0.040625
0 0.896875 0.55390625 0.04296875 0.04140625
0 0.86875 0.44296875 0.01875 0.04140625
0 0.89140625 0.43984375 0.02265625 0.04296875
0 0.815625 0.4890625 0.02109375 0.04453125
0 0.3796875 0.36015625 0.046875 0.096875
0 0.4671875 0.3625 0.03984375 0.08671875
0 0.50546875 0.359375 0.0328125 0.08359375
0 0.54296875 0.3578125 0.0359375 0.08359375
0 0.575 0.359375 0.02578125 0.078125
0 0.60546875 0.35859375 0.03046875 0.07890625
0 0.425 0.3609375 0.03984375 0.09375
0 0.67265625 0.35703125 0.03203125 0.0765625
0 0.97890625 0.540625 0.040625 0.03984375
0 0.640625 0.35625 0.03125 0.0765625
0 0.8890625 0.48203125 0.02109375 0.03984375
0 0.86640625 0.484375 0.0203125 0.040625
0 0.8421875 0.48515625 0.02734375 0.03984375
0 0.91484375 0.47734375 0.01953125 0.03984375
0 0.84921875 0.4421875 0.025 0.04296875
0 0.9375 0.47578125 0.021875 0.0375
0 0.95859375 0.47265625 0.01953125 0.0375
0 0.96171875 0.43125 0.0203125 0.0421875
0 0.9359375 0.43359375 0.03125 0.03984375