0 0.91875 0.51328125 0.05 0.071875
0 0.98203125 0.5109375 0.0359375 0.0765625
0 0.984375 0.4125 0.03046875 0.090625
0 0.9203125 0.4421875 0.08125 0.0234375
0 0.840625 0.44296875 0.075 0.02421875
0 0.9203125 0.41796875 0.07890625 0.0203125
0 0.5921875 0.4140625 0.0359375 0.0921875
0 0.7765625 0.409375 0.05078125 0.0921875
0 0.39921875 0.3265625 0.05859375 0.06796875
0 0.459375 0.3265625 0.05625 0.06640625
0 0.509375 0.31171875 0.03359375 0.09453125
0 0.546875 0.31015625 0.03671875 0.09609375
0 0.5859375 0.309375 0.0390625 0.09765625
0 0.62734375 0.31015625 0.0375 0.09609375
0 0.71484375 0.3078125 0.04609375 0.0984375
0 0.76640625 0.30703125 0.05390625 0.096875
0 0.82890625 0.3203125 0.059375 0.06953125
0 0.890625 0.31875 0.05625 0.071875
0 0.94140625 0.31484375 0.040625 0.06953125
0 0.840625 0.41875 0.07109375 0.021875
0 0.05 0.428125 0.03515625 0.07109375
0 0.01484375 0.44140625 0.02890625 0.04453125
0 0.30859375 0.4296875 0.05546875 0.06484375
0 0.3625 0.41875 0.04375 0.084375
0 0.4109375 0.41875 0.04453125 0.0890625
0 0.4640625 0.44140625 0.05703125 0.03671875
0 0.4640625 0.40546875 0.05625 0.03125
0 0.5125 0.41484375 0.034375 0.08984375
0 0.55 0.41328125 0.0359375 0.0921875
0 0.63046875 0.41328125 0.0359375 0.0921875
0 0.6765625 0.4125 0.03984375 0.09140625
0 0.721875 0.41015625 0.05078125 0.09140625
0 0.08984375 0.4265625 0.04296875 0.0703125
0 0.66875 0.309375 0.040625 0.09765625
0 0.6390625 0.703125 0.03984375 0.0734375
0 0.79765625 0.5140625 0.05 0.071875
0 0.8375 0.60546875 0.04296875 0.06875
0 0.78984375 0.6078125 0.03828125 0.06875
0 0.74921875 0.60703125 0.03828125 0.06875
0 0.70703125 0.60703125 0.040625 0.06875
0 0.66015625 0.6078125 0.0390625 0.06953125
0 0.61640625 0.609375 0.0390625 0.06953125
0 0.57265625 0.609375 0.0390625 0.06953125
0 0.5296875 0.609375 0.0390625 0.06953125
0 0.48828125 0.609375 0.0390625 0.06953125
0 0.44453125 0.60234375 0.0390625 0.0703125
0 0.34765625 0.6078125 0.06953125 0.0671875
0 0.2671875 0.609375 0.059375 0.06875
0 0.2125 0.60703125 0.04140625 0.08125
0 0.16953125 0.60703125 0.04296875 0.0796875
0 0.12109375 0.61015625 0.04375 0.08125
0 0.06875 0.6109375 0.05625 0.07734375
0 0.02421875 0.5296875 0.0484375 0.05625
0 0.07265625 0.52734375 0.03984375 0.06171875
0 0.3390625 0.3265625 0.0515625 0.06953125
0 0.884375 0.60546875 0.04375 0.06875
0 0.92890625 0.60625 0.0390625 0.06953125
0 0.97734375 0.603125 0.04453125 0.07265625
0 0.97734375 0.70234375 0.04453125 0.07265625
0 0.7515625 0.51484375 0.0390625 0.07109375
0 0.70625 0.51640625 0.040625 0.07109375
0 0.61328125 0.51484375 0.1234375 0.0765625
0 0.5125 0.5171875 0.0421875 0.06875
0 0.46640625 0.5171875 0.0421875 0.06875
0 0.3875 0.51875 0.10859375 0.06875
0 0.3046875 0.5390625 0.05078125 0.03125
0 0.2515625 0.53984375 0.05078125 0.0296875
0 0.20390625 0.52890625 0.040625 0.053125
0 0.86328125 0.51328125 0.05 0.07265625
0 0.1625 0.52890625 0.04140625 0.053125
0 0.47890625 0.7015625 0.0359375 0.071875
0 0.553125 0.70078125 0.0328125 0.0734375
0 0.59296875 0.703125 0.03984375 0.0734375
0 0.68828125 0.7015625 0.040625 0.07109375
0 0.734375 0.70078125 0.040625 0.071875
0 0.784375 0.70234375 0.0421875 0.071875
0 0.8328125 0.7015625 0.040625 0.07109375
0 0.8796875 0.70234375 0.040625 0.06953125
0 0.92578125 0.70078125 0.0421875 0.06875
0 0.11875 0.52578125 0.0390625 0.06328125
0 0.284375 0.32421875 0.04453125 0.07421875
0 0.17890625 0.31171875 0.04921875 0.09765625
0 0.959375 0.8296875 0.05 0.0796875
0 0.18828125 0.70078125 0.04765625 0.084375
0 0.2390625 0.70078125 0.04375 0.08203125
0 0.23203125 0.31015625 0.05 0.10078125
0 0.90546875 0.83125 0.05234375 0.075
0 0.85078125 0.83515625 0.04296875 0.0734375
0 0.7984375 0.834375 0.05 0.075
0 0.74765625 0.83515625 0.040625 0.078125
0 0.69453125 0.83671875 0.0546875 0.0734375
0 0.64296875 0.83515625 0.04375 0.07578125
0 0.59296875 0.8390625 0.04921875 0.071875
0 0.03359375 0.7046875 0.0640625 0.0875
0 0.43203125 0.82421875 0.02734375 0.084375
0 0.39296875 0.83359375 0.0421875 0.084375
0 0.46953125 0.83203125 0.03828125 0.084375
0 0.278125 0.8421875 0.05234375 0.078125
0 0.12734375 0.3125 0.04765625 0.09453125
0 0.08125 0.3140625 0.040625 0.0921875
0 0.03359375 0.3140625 0.0453125 0.08828125
0 0.3390625 0.84140625 0.06015625 0.0796875
0 0.13671875 0.709375 0.04140625 0.07265625
0 0.05546875 0.84296875 0.0390625 0.0796875
0 0.090625 0.71015625 0.0421875 0.07421875
0 0.3578125 0.70234375 0.0578125 0.06796875
0 0.29609375 0.70625 0.059375 0.06875
0 0.10703125 0.84296875 0.04921875 0.0796875
0 0.165625 0.83828125 0.0484375 0.08828125
0 0.21953125 0.83671875 0.04609375 0.0875
0 0.515625 0.70078125 0.03359375 0.071875