0 0.9203125 0.93515625 0.04375 0.07421875
0 0.746875 0.8296875 0.065625 0.040625
0 0.81796875 0.8390625 0.06171875 0.02890625
0 0.88125 0.828125 0.0578125 0.05390625
0 0.9265625 0.8359375 0.02421875 0.03828125
0 0.35703125 0.95703125 0.0578125 0.009375
0 0.68046875 0.834375 0.06171875 0.03359375
0 0.35703125 0.946875 0.0578125 0.0078125
0 0.29765625 0.946875 0.06171875 0.00859375
0 0.29765625 0.9359375 0.05625 0.0109375
0 0.35625 0.934375 0.059375 0.0125
0 0.96953125 0.83671875 0.0609375 0.0484375
0 0.61640625 0.83046875 0.059375 0.03984375
0 0.39609375 0.24375 0.0578125 0.0796875
0 0.39296875 0.94609375 0.0140625 0.04375
0 0.4671875 0.2328125 0.06796875 0.1015625
0 0.5390625 0.2375 0.07265625 0.09375
0 0.61328125 0.240625 0.06171875 0.0859375
0 0.671875 0.240625 0.0484375 0.08984375
0 0.715625 0.2328125 0.028125 0.03125
0 0.71796875 0.26640625 0.03359375 0.03515625
0 0.76015625 0.25234375 0.04921875 0.06015625
0 0.8140625 0.26171875 0.05 0.03359375
0 0.88125 0.228125 0.07421875 0.103125
0 0.9546875 0.225 0.0640625 0.09921875
0 0.08515625 0.3578125 0.05859375 0.1015625
0 0.33203125 0.240625 0.0671875 0.0859375
0 0.9703125 0.928125 0.05859375 0.0875
0 0.4265625 0.96171875 0.02578125 0.009375
0 0.51953125 0.946875 0.0296875 0.0140625
0 0.86484375 0.9234375 0.01796875 0.0828125
0 0.84375 0.92265625 0.0265625 0.08515625
0 0.8125 0.9234375 0.025 0.08203125
0 0.7828125 0.92421875 0.025 0.07890625
0 0.7578125 0.92265625 0.0234375 0.08203125
0 0.73046875 0.925 0.0265625 0.08515625
0 0.2578125 0.24375 0.07109375 0.0875
0 0.19921875 0.2375 0.04453125 0.09765625
0 0.1390625 0.36796875 0.03984375 0.08359375
0 0.14453125 0.23359375 0.05625 0.03359375
0 0.1484375 0.26875 0.05078125 0.03359375
0 0.0953125 0.2765625 0.0375 0.0140625
0 0.09609375 0.2609375 0.0375 0.01328125
0 0.09609375 0.2453125 0.03359375 0.015625
0 0.05703125 0.2765625 0.0359375 0.02109375
0 0.05234375 0.2578125 0.03984375 0.01640625
0 0.05078125 0.23828125 0.0390625 0.02109375
0 0.04921875 0.21875 0.0390625 0.01796875
0 0.98203125 0.096875 0.03203125 0.10234375
0 0.940625 0.1 0.0390625 0.09921875
0 0.68515625 0.93515625 0.04140625 0.05234375
0 0.63203125 0.92265625 0.04921875 0.0765625
0 0.5671875 0.94609375 0.06875 0.03828125
0 0.45 0.92109375 0.03828125 0.01484375
0 0.45078125 0.9359375 0.0359375 0.01328125
0 0.4546875 0.9484375 0.0390625 0.01171875
0 0.4578125 0.9609375 0.03125 0.0140625
0 0.49140625 0.9421875 0.028125 0.01171875
0 0.490625 0.95546875 0.02890625 0.0109375
0 0.5171875 0.96015625 0.02734375 0.009375
0 0.18359375 0.36640625 0.03515625 0.08046875
0 0.19140625 0.7140625 0.0625 0.07265625
0 0.27734375 0.36875 0.03828125 0.08046875
0 0.26328125 0.48125 0.04375 0.0921875
0 0.3171875 0.47890625 0.04609375 0.0921875
0 0.36484375 0.48203125 0.04296875 0.0859375
0 0.43046875 0.475 0.0671875 0.09609375
0 0.49609375 0.4796875 0.0546875 0.08671875
0 0.55546875 0.48125 0.06171875 0.08984375
0 0.61328125 0.484375 0.05390625 0.078125
0 0.68203125 0.484375 0.0640625 0.0796875
0 0.7484375 0.48203125 0.06875 0.0796875
0 0.81796875 0.4828125 0.06640625 0.0796875
0 0.88515625 0.48125 0.0609375 0.08125
0 0.94453125 0.48984375 0.05234375 0.065625
0 0.11015625 0.5984375 0.0625 0.034375
0 0.2109375 0.4828125 0.0515625 0.0921875
0 0.184375 0.5890625 0.075 0.0546875
0 0.278125 0.5625 0.0953125 0.0171875
0 0.27734375 0.59375 0.1015625 0.0421875
0 0.36875 0.584375 0.07578125 0.0640625
0 0.440625 0.6015625 0.0671875 0.0296875
0 0.4421875 0.57421875 0.06640625 0.021875
0 0.528125 0.59140625 0.096875 0.03671875
0 0.61484375 0.57890625 0.06953125 0.065625
0 0.675 0.578125 0.04921875 0.0671875
0 0.728125 0.5953125 0.0578125 0.034375
0 0.79375 0.58125 0.06953125 0.0203125
0 0.79609375 0.6015625 0.06640625 0.01953125
0 0.2984375 0.9609375 0.06015625 0.01015625
0 0.86484375 0.5953125 0.05390625 0.0390625
0 0.1875 0.5484375 0.0765625 0.0109375
0 0.23046875 0.35703125 0.0515625 0.1015625
0 0.153125 0.48203125 0.0515625 0.0890625
0 0.9421875 0.35234375 0.05078125 0.1046875
0 0.3234375 0.359375 0.04921875 0.1015625
0 0.4109375 0.3625 0.04609375 0.09140625
0 0.45546875 0.3703125 0.0359375 0.07734375
0 0.50703125 0.3625 0.05859375 0.0921875
0 0.56015625 0.80625 0.04140625 0.08046875
0 0.5015625 0.81015625 0.06171875 0.0734375
0 0.43125 0.8234375 0.05625 0.05390625
0 0.35234375 0.8140625 0.090625 0.06953125
0 0.2609375 0.79765625 0.0921875 0.046875
0 0.13984375 0.8171875 0.08828125 0.059375
0 0.896875 0.69296875 0.1015625 0.11015625
0 0.78359375 0.69296875 0.11015625 0.1109375
0 0.67109375 0.7109375 0.09765625 0.07421875
0 0.096875 0.48515625 0.053125 0.0828125
0 0.5796875 0.71015625 0.08125 0.06953125
0 0.43515625 0.69765625 0.04765625 0.09140625
0 0.38359375 0.6984375 0.0515625 0.08828125
0 0.3171875 0.709375 0.05546875 0.06640625
0 0.2546875 0.70859375 0.053125 0.06953125
0 0.1203125 0.7109375 0.0625 0.06953125
0 0.9625 0.58203125 0.04375 0.06328125
0 0.56484375 0.35859375 0.0421875 0.103125
0 0.6140625 0.35546875 0.046875 0.09921875
0 0.715625 0.35546875 0.0578125 0.10625
0 0.7734375 0.35546875 0.05390625 0.10703125
0 0.83125 0.35234375 0.0515625 0.10546875
0 0.8875 0.353125 0.05234375 0.10625
0 0.9203125 0.5828125 0.03671875 0.0640625
0 0.49609375 0.69609375 0.0671875 0.09375
0 0.18984375 0.903125 0.16171875 0.05390625
0 0.6625 0.35625 0.04609375 0.0984375
0 0.86015625 0.090625 0.04921875 0.1203125
0 0.9015625 0.1125 0.0203125 0.0671875
0 0.75703125 0.0875 0.04296875 0.1203125
0 0.71484375 0.0890625 0.0390625 0.1203125
0 0.66171875 0.0859375 0.053125 0.1296875
0 0.61328125 0.0875 0.040625 0.12890625
0 0.56171875 0.0875 0.04921875 0.125
0 0.509375 0.09140625 0.0515625 0.121875
0 0.80390625 0.090625 0.0421875 0.11640625
0 0.41640625 0.090625 0.04765625 0.12578125
0 0.3640625 0.0921875 0.0546875 0.1234375
0 0.3171875 0.0921875 0.0375 0.121875
0 0.25625 0.103125 0.078125 0.103125
0 0.15859375 0.109375 0.1 0.103125
0 0.06171875 0.09921875 0.08046875 0.11953125
0 0.46328125 0.0890625 0.04296875 0.125