0 0.28515625 0.71640625 0.065625 0.06796875
0 0.45625 0.4453125 0.0234375 0.05703125
0 0.4609375 0.54375 0.02734375 0.05859375
0 0.48984375 0.54296875 0.02421875 0.05703125
0 0.51640625 0.54609375 0.0234375 0.05703125
0 0.5421875 0.54609375 0.02421875 0.05390625
0 0.58125 0.55234375 0.0171875 0.0421875
0 0.63046875 0.54296875 0.02421875 0.0484375
0 0.65390625 0.5421875 0.01875 0.04921875
0 0.678125 0.54140625 0.02109375 0.05
0 0.42421875 0.45 0.0328125 0.05
0 0.70703125 0.54296875 0.021875 0.04453125
0 0.3859375 0.45078125 0.03359375 0.04921875
0 0.29765625 0.446875 0.04140625 0.05390625
0 0.7203125 0.3421875 0.01640625 0.0625
0 0.69453125 0.34375 0.0140625 0.05859375
0 0.675 0.34453125 0.01875 0.0578125
0 0.63359375 0.3375 0.05390625 0.07734375
0 0.565625 0.34609375 0.06015625 0.07265625
0 0.4984375 0.33984375 0.0453125 0.05859375
0 0.328125 0.33359375 0.08671875 0.0796875
0 0.22421875 0.33203125 0.09765625 0.0796875
0 0.10703125 0.33046875 0.1109375 0.090625
0 0.09609375 0.4421875 0.05625 0.06875
0 0.153125 0.44375 0.0515625 0.065625
0 0.20390625 0.44140625 0.0421875 0.06484375
0 0.61875 0.2296875 0.02421875 0.08359375
0 0.13046875 0.7171875 0.05234375 0.065625
0 0.25 0.4421875 0.0421875 0.0640625
0 0.34140625 0.446875 0.04140625 0.05703125
0 0.73984375 0.34375 0.01953125 0.0609375
0 0.73125 0.5359375 0.0203125 0.05
0 0.78046875 0.54296875 0.01796875 0.0421875
0 0.9828125 0.53828125 0.034375 0.0515625
0 0.9515625 0.53828125 0.021875 0.05078125
0 0.9296875 0.540625 0.015625 0.0453125
0 0.90546875 0.5421875 0.02890625 0.05078125
0 0.18359375 0.7140625 0.0375 0.0703125
0 0.859375 0.528125 0.025 0.0421875
0 0.225 0.71640625 0.04140625 0.065625
0 0.540625 0.215625 0.03203125 0.1109375
0 0.50390625 0.2125 0.03359375 0.11484375
0 0.46484375 0.2125 0.03046875 0.1140625
0 0.3390625 0.21796875 0.04453125 0.1015625
0 0.24140625 0.21953125 0.04609375 0.09765625
0 0.190625 0.21640625 0.0484375 0.09609375
0 0.1390625 0.20859375 0.03828125 0.10625
0 0.08359375 0.2140625 0.059375 0.10859375
0 0.9625 0.4484375 0.02890625 0.05078125
0 0.7578125 0.54453125 0.0234375 0.046875
0 0.934375 0.44765625 0.01875 0.04765625
0 0.8734375 0.44609375 0.0328125 0.05
0 0.7984375 0.5375 0.01171875 0.05
0 0.8171875 0.53359375 0.0125 0.04921875
0 0.83515625 0.528125 0.01328125 0.046875
0 0.48515625 0.44921875 0.02265625 0.04921875
0 0.51015625 0.45 0.01796875 0.0484375
0 0.540625 0.45078125 0.02109375 0.0484375
0 0.5671875 0.45 0.02109375 0.0484375
0 0.59296875 0.44765625 0.02578125 0.05234375
0 0.6171875 0.446875 0.0171875 0.05078125
0 0.6515625 0.44375 0.03203125 0.05703125
0 0.6828125 0.44609375 0.02578125 0.053125
0 0.734375 0.44453125 0.02265625 0.05625
0 0.771875 0.44296875 0.0296875 0.05859375
0 0.80234375 0.44609375 0.0265625 0.05625
0 0.83125 0.44296875 0.02734375 0.05703125
0 0.90703125 0.446875 0.02421875 0.05390625
0 0.7640625 0.34453125 0.02109375 0.059375
0 0.43046875 0.33359375 0.0875 0.0875
0 0.80703125 0.34375 0.021875 0.059375
0 0.7203125 0.62578125 0.03359375 0.05625
0 0.66171875 0.615625 0.034375 0.04375
0 0.628125 0.61171875 0.02109375 0.04140625
0 0.59609375 0.62578125 0.03984375 0.059375
0 0.553125 0.63671875 0.03203125 0.03125
0 0.50859375 0.6265625 0.04296875 0.06796875
0 0.4625 0.62578125 0.040625 0.05546875
0 0.75703125 0.62578125 0.0296875 0.05859375
0 0.4203125 0.62890625 0.0390625 0.05703125
0 0.33984375 0.6375 0.0234375 0.04921875
0 0.784375 0.34140625 0.01640625 0.065625
0 0.28828125 0.62890625 0.021875 0.0609375
0 0.2640625 0.62265625 0.02265625 0.059375
0 0.234375 0.6296875 0.028125 0.0609375
0 0.20703125 0.628125 0.02109375 0.059375
0 0.17578125 0.63046875 0.0328125 0.0328125
0 0.37734375 0.6328125 0.03984375 0.05
0 0.12109375 0.6390625 0.034375 0.04765625
0 0.7953125 0.62734375 0.03359375 0.05546875
0 0.91015625 0.64375 0.03515625 0.0203125
0 0.3515625 0.70703125 0.0578125 0.05625
0 0.425 0.7125 0.07265625 0.06484375
0 0.51171875 0.7328125 0.0546875 0.015625
0 0.5015625 0.69453125 0.0546875 0.0390625
0 0.5625 0.68046875 0.05546875 0.00859375
0 0.5609375 0.69453125 0.04375 0.00703125
0 0.56015625 0.7046875 0.03984375 0.0078125
0 0.846875 0.6296875 0.04765625 0.0484375
0 0.56015625 0.715625 0.046875 0.00703125
0 0.6328125 0.71015625 0.04921875 0.0671875
0 0.7015625 0.70390625 0.04609375 0.0609375
0 0.7515625 0.7 0.03984375 0.06015625
0 0.80078125 0.70390625 0.04453125 0.06171875
0 0.85859375 0.70234375 0.06640625 0.0609375
0 0.9609375 0.7046875 0.078125 0.05546875
0 0.98046875 0.646875 0.02734375 0.0140625
0 0.56328125 0.7296875 0.0453125 0.01171875
0 0.09921875 0.54765625 0.0328125 0.0609375
0 0.31328125 0.62734375 0.01875 0.05546875
0 0.16640625 0.5453125 0.02421875 0.05
0 0.834375 0.3453125 0.021875 0.05859375
0 0.85546875 0.34140625 0.0140625 0.0609375
0 0.87734375 0.3453125 0.021875 0.05859375
0 0.89921875 0.3421875 0.01953125 0.059375
0 0.92109375 0.34296875 0.01640625 0.06015625
0 0.94453125 0.34375 0.0234375 0.06171875
0 0.99296875 0.34765625 0.01328125 0.05703125
0 0.9703125 0.3484375 0.02265625 0.059375
0 0.9546875 0.23203125 0.02265625 0.0671875
0 0.1375 0.54921875 0.0203125 0.04765625
0 0.89453125 0.22578125 0.0203125 0.08515625
0 0.86171875 0.2265625 0.03359375 0.08125
0 0.82734375 0.2328125 0.028125 0.07265625
0 0.796875 0.24609375 0.02265625 0.046875
0 0.77109375 0.23203125 0.02421875 0.08125
0 0.91953125 0.228125 0.028125 0.08515625
0 0.4328125 0.55078125 0.02734375 0.04609375
0 0.365625 0.53125 0.03984375 0.07109375
0 0.33125 0.546875 0.02109375 0.06015625
0 0.2828125 0.5359375 0.06015625 0.0828125
0 0.5828125 0.21015625 0.0375 0.12265625
0 0.2265625 0.5359375 0.0234375 0.05078125
0 0.1953125 0.54453125 0.02265625 0.059375
0 0.73046875 0.23046875 0.02578125 0.08125
0 0.6953125 0.23046875 0.02734375 0.07109375
0 0.671875 0.228125 0.015625 0.06953125
0 0.4 0.55078125 0.02734375 0.05
0 0.64765625 0.23203125 0.028125 0.078125