0 0.4234375 0.6921875 0.05078125 0.0796875
0 0.48046875 0.6890625 0.05546875 0.08984375
0 0.54375 0.6890625 0.0609375 0.028125
0 0.54453125 0.7171875 0.0609375 0.0265625
0 0.60546875 0.6953125 0.05078125 0.071875
0 0.65859375 0.69921875 0.05234375 0.065625
0 0.71640625 0.69140625 0.053125 0.08359375
0 0.94765625 0.7203125 0.02578125 0.0515625
0 0.9734375 0.721875 0.025 0.046875
0 0.9921875 0.7234375 0.015625 0.05625
0 0.9578125 0.6734375 0.03203125 0.02890625
0 0.03359375 0.8109375 0.0390625 0.08359375
0 0.77421875 0.68984375 0.0578125 0.0828125
0 0.8328125 0.68984375 0.05546875 0.0828125
0 0.06953125 0.29296875 0.0390625 0.065625
0 0.121875 0.184375 0.0609375 0.07109375
0 0.9859375 0.80234375 0.02734375 0.03203125
0 0.9453125 0.80234375 0.05078125 0.0296875
0 0.83359375 0.80859375 0.06875 0.0859375
0 0.76953125 0.81796875 0.04921875 0.0703125
0 0.72109375 0.81796875 0.04765625 0.06953125
0 0.66484375 0.79140625 0.04296875 0.03046875
0 0.66875 0.834375 0.04375 0.03515625
0 0.6265625 0.8234375 0.03125 0.05703125
0 0.584375 0.81328125 0.0421875 0.0796875
0 0.5453125 0.8125 0.0359375 0.08046875
0 0.4890625 0.809375 0.0625 0.0859375
0 0.4296875 0.8078125 0.05859375 0.08515625
0 0.3703125 0.8078125 0.06015625 0.08515625
0 0.309375 0.80859375 0.05859375 0.084375
0 0.2484375 0.80703125 0.05625 0.08984375
0 0.18125 0.80625 0.06484375 0.0921875
0 0.07421875 0.81015625 0.04296875 0.0828125
0 0.22890625 0.18984375 0.03671875 0.0640625
0 0.1859375 0.178125 0.0375 0.0546875
0 0.3671875 0.6953125 0.05859375 0.075
0 0.31171875 0.69375 0.04765625 0.078125
0 0.2015625 0.68984375 0.04765625 0.0328125
0 0.2015625 0.7203125 0.05390625 0.02265625
0 0.515625 0.475 0.034375 0.06640625
0 0.4828125 0.475 0.03046875 0.065625
0 0.446875 0.47265625 0.034375 0.05859375
0 0.3328125 0.4734375 0.065625 0.05703125
0 0.25 0.478125 0.04921875 0.0484375
0 0.20078125 0.47890625 0.04296875 0.04609375
0 0.1234375 0.4796875 0.06484375 0.04296875
0 0.05703125 0.48515625 0.04296875 0.0265625
0 0.0578125 0.4578125 0.0390625 0.0234375
0 0.0140625 0.484375 0.028125 0.02734375
0 0.82734375 0.38515625 0.11640625 0.06171875
0 0.6859375 0.41015625 0.10703125 0.01953125
0 0.5796875 0.48046875 0.046875 0.05546875
0 0.68359375 0.3671875 0.06328125 0.06328125
0 0.43828125 0.37265625 0.04765625 0.090625
0 0.39609375 0.371875 0.03984375 0.0890625
0 0.3515625 0.37109375 0.04140625 0.09296875
0 0.309375 0.37109375 0.04375 0.09140625
0 0.7453125 0.15703125 0.0765625 0.05234375
0 0.175 0.38125 0.05234375 0.07578125
0 0.11796875 0.38125 0.059375 0.07421875
0 0.02578125 0.38046875 0.046875 0.07890625
0 0.80859375 0.26953125 0.07890625 0.0484375
0 0.640625 0.265625 0.08828125 0.0546875
0 0.24609375 0.29609375 0.0421875 0.06953125
0 0.1203125 0.2734375 0.0578125 0.0640625
0 0.5015625 0.37109375 0.0734375 0.09375
0 0.26015625 0.6921875 0.05546875 0.07734375
0 0.63984375 0.478125 0.04453125 0.05390625
0 0.859375 0.4765625 0.04765625 0.06171875
0 0.82265625 0.1765625 0.0734375 0.04296875
0 0.14921875 0.7171875 0.0359375 0.02734375
0 0.10859375 0.7015625 0.04453125 0.0546875
0 0.06953125 0.70234375 0.03359375 0.05703125
0 0.0265625 0.690625 0.04765625 0.07890625
0 0.93359375 0.55 0.04140625 0.0515625
0 0.93125 0.478125 0.01875 0.053125
0 0.95546875 0.4765625 0.01796875 0.0546875
0 0.84453125 0.59609375 0.04140625 0.0515625
0 0.7859375 0.5984375 0.071875 0.03984375
0 0.725 0.578125 0.04140625 0.0828125
0 0.67890625 0.578125 0.0484375 0.08125
0 0.71171875 0.46953125 0.0484375 0.04921875
0 0.63359375 0.57734375 0.04140625 0.08203125
0 0.503125 0.57578125 0.0421875 0.0828125
0 0.4625 0.5734375 0.034375 0.08828125
0 0.3921875 0.57421875 0.0984375 0.0890625
0 0.31484375 0.5796875 0.04609375 0.07734375
0 0.49609375 0.1796875 0.08125 0.04921875
0 0.5828125 0.19453125 0.0671875 0.08203125
0 0.665625 0.16015625 0.07265625 0.05078125
0 0.27109375 0.58046875 0.04375 0.0765625
0 0.22421875 0.5796875 0.0453125 0.078125
0 0.171875 0.58125 0.06171875 0.0765625
0 0.1140625 0.5703125 0.05546875 0.0921875
0 0.54765625 0.5765625 0.04609375 0.08671875
0 0.24453125 0.37421875 0.08203125 0.0828125