0 0.79765625 0.07265625 0.06953125 0.13984375
0 0.096875 0.08359375 0.071875 0.14921875
0 0.2796875 0.428125 0.028125 0.090625
0 0.24765625 0.43125 0.03046875 0.08828125
0 0.2109375 0.43125 0.03671875 0.09140625
0 0.1671875 0.4359375 0.0453125 0.0765625
0 0.1109375 0.4296875 0.04296875 0.0859375
0 0.03203125 0.440625 0.06015625 0.0796875
0 0.84765625 0.26796875 0.0828125 0.1046875
0 0.75859375 0.26953125 0.06953125 0.10390625
0 0.6796875 0.27421875 0.075 0.10390625
0 0.60546875 0.28515625 0.0609375 0.0859375
0 0.53359375 0.27890625 0.0609375 0.10234375
0 0.47109375 0.275 0.059375 0.11484375
0 0.3625 0.28359375 0.03984375 0.09765625
0 0.29453125 0.290625 0.06484375 0.08828125
0 0.19453125 0.28828125 0.115625 0.09296875
0 0.08828125 0.29921875 0.078125 0.0859375
0 0.865625 0.07265625 0.053125 0.14375
0 0.7046875 0.071875 0.10390625 0.1421875
0 0.51796875 0.078125 0.08359375 0.146875
0 0.4265625 0.07890625 0.09140625 0.1484375
0 0.334375 0.0796875 0.07578125 0.14921875
0 0.2578125 0.07890625 0.07109375 0.1484375
0 0.1765625 0.08984375 0.07578125 0.13515625
0 0.0265625 0.08046875 0.0515625 0.1546875
0 0.74453125 0.53828125 0.03671875 0.06796875
0 0.8734375 0.65703125 0.0265625 0.07421875
0 0.04609375 0.67890625 0.0421875 0.0796875
0 0.4828125 0.42578125 0.03671875 0.08515625
0 0.4421875 0.42890625 0.0375 0.08671875
0 0.4078125 0.43203125 0.028125 0.08203125
0 0.37734375 0.42890625 0.02578125 0.08359375
0 0.340625 0.4265625 0.03125 0.09375
0 0.3078125 0.43046875 0.02890625 0.09296875
0 0.83359375 0.55390625 0.0265625 0.075
0 0.7890625 0.753125 0.059375 0.015625
0 0.78828125 0.73828125 0.0609375 0.0140625
0 0.79453125 0.72578125 0.04921875 0.0125
0 0.71796875 0.75390625 0.04609375 0.01484375
0 0.71640625 0.73828125 0.05703125 0.0125
0 0.71640625 0.7265625 0.05546875 0.009375
0 0.5203125 0.7375 0.0546875 0.01640625
0 0.45703125 0.7421875 0.05390625 0.0140625
0 0.39609375 0.75078125 0.05234375 0.01640625
0 0.39375 0.73671875 0.05546875 0.0125
0 0.871875 0.55625 0.03359375 0.06640625
0 0.2625 0.7484375 0.046875 0.02265625
0 0.52890625 0.4265625 0.0484375 0.08125
0 0.93984375 0.75390625 0.03359375 0.07890625
0 0.5859375 0.4203125 0.0515625 0.0984375
0 0.7046875 0.415625 0.075 0.09375
0 0.69453125 0.5578125 0.0578125 0.06171875
0 0.640625 0.5453125 0.03515625 0.08359375
0 0.596875 0.55390625 0.034375 0.08203125
0 0.540625 0.51796875 0.0265625 0.0421875
0 0.50078125 0.56953125 0.0265625 0.021875
0 0.496875 0.5265625 0.02890625 0.0546875
0 0.43125 0.55546875 0.0390625 0.08046875
0 0.390625 0.56015625 0.0296875 0.07890625
0 0.3546875 0.5609375 0.0265625 0.078125
0 0.31484375 0.565625 0.03359375 0.07734375
0 0.27890625 0.57109375 0.02734375 0.07578125
0 0.22265625 0.56484375 0.03359375 0.07265625
0 0.1828125 0.56953125 0.0359375 0.0765625
0 0.146875 0.571875 0.03359375 0.07734375
0 0.1125 0.56953125 0.03359375 0.0734375
0 0.075 0.57421875 0.034375 0.065625
0 0.0296875 0.57265625 0.03984375 0.0796875
0 0.86484375 0.409375 0.06953125 0.096875
0 0.7875 0.41328125 0.08203125 0.10078125
0 0.6390625 0.41796875 0.0453125 0.1
0 0.9578125 0.6453125 0.03671875 0.0765625
0 0.33125 0.759375 0.053125 0.028125
0 0.940625 0.55 0.021875 0.075
0 0.11640625 0.81171875 0.0453125 0.103125
0 0.86484375 0.509375 0.03125 0.0171875
0 0.84140625 0.6625 0.0375 0.071875
0 0.7953125 0.6609375 0.04140625 0.07421875
0 0.74296875 0.665625 0.03984375 0.0234375
0 0.74375 0.63828125 0.040625 0.03125
0 0.7 0.66484375 0.0390625 0.07265625
0 0.63671875 0.665625 0.0765625 0.0703125
0 0.571875 0.66484375 0.0453125 0.06796875
0 0.52265625 0.66484375 0.04296875 0.06796875
0 0.46640625 0.69140625 0.05625 0.02265625
0 0.46640625 0.6625 0.05546875 0.034375
0 0.42421875 0.66953125 0.03046875 0.06796875
0 0.39140625 0.66796875 0.021875 0.06953125
0 0.36015625 0.6703125 0.03515625 0.07421875
0 0.3265625 0.6796875 0.02578125 0.06328125
0 0.29375 0.67109375 0.0328125 0.0703125
0 0.2515625 0.671875 0.0375 0.07578125
0 0.20234375 0.675 0.0453125 0.071875
0 0.12578125 0.675 0.03125 0.06953125
0 0.08984375 0.67578125 0.03046875 0.06328125
0 0.05 0.7671875 0.0375 0.0578125
0 0.97421875 0.54921875 0.03984375 0.07265625
0 0.08203125 0.76171875 0.01875 0.04765625
0 0.29140625 0.80078125 0.0515625 0.0515625
0 0.97890625 0.425 0.0203125 0.0453125
0 0.95390625 0.4265625 0.0296875 0.04296875
0 0.82421875 0.78828125 0.05234375 0.04296875
0 0.190625 0.82734375 0.03125 0.0625
0 0.6578125 0.7765625 0.05703125 0.0765625
0 0.73984375 0.78984375 0.05546875 0.05
0 0.83984375 0.75 0.01796875 0.0328125
0 0.39375 0.79296875 0.0484375 0.0546875
0 0.46171875 0.784375 0.05703125 0.06328125
0 0.5234375 0.784375 0.05859375 0.06484375
0 0.590625 0.78203125 0.0640625 0.07109375