0 0.26640625 0.56015625 0.053125 0.03828125
0 0.70078125 0.54765625 0.034375 0.03046875
0 0.70078125 0.56953125 0.034375 0.015625
0 0.746875 0.546875 0.04609375 0.025
0 0.74375 0.56953125 0.04140625 0.01875
0 0.7890625 0.5546875 0.03046875 0.0484375
0 0.81640625 0.55546875 0.028125 0.04609375
0 0.8484375 0.55390625 0.0328125 0.053125
0 0.89140625 0.5640625 0.04921875 0.046875
0 0.9375 0.56171875 0.03046875 0.01796875
0 0.934375 0.58671875 0.0421875 0.0171875
0 0.090625 0.2625 0.0484375 0.0359375
0 0.13203125 0.259375 0.03515625 0.04140625
0 0.35703125 0.2375 0.05546875 0.0234375
0 0.19140625 0.2453125 0.06015625 0.0703125
0 0.24453125 0.25234375 0.04453125 0.05625
0 0.3046875 0.26796875 0.05078125 0.02421875
0 0.35859375 0.2671875 0.0515625 0.03046875
0 0.65078125 0.5515625 0.0484375 0.05546875
0 0.6078125 0.5515625 0.03046875 0.0578125
0 0.47421875 0.55078125 0.0453125 0.05703125
0 0.52734375 0.559375 0.0484375 0.0359375
0 0.31796875 0.559375 0.04765625 0.04140625
0 0.13828125 0.5609375 0.05625 0.0359375
0 0.08046875 0.5484375 0.05703125 0.05546875
0 0.93515625 0.65 0.025 0.04453125
0 0.90703125 0.6484375 0.03046875 0.0453125
0 0.875 0.6609375 0.03046875 0.025
0 0.840625 0.65859375 0.0359375 0.028125
0 0.80546875 0.646875 0.0265625 0.05546875
0 0.571875 0.54375 0.03671875 0.0734375
0 0.76953125 0.66328125 0.04609375 0.02109375
0 0.72734375 0.65546875 0.03359375 0.0265625
0 0.93046875 0.61171875 0.03515625 0.02109375
0 0.6328125 0.6484375 0.04453125 0.04140625
0 0.5859375 0.646875 0.0515625 0.04453125
0 0.5453125 0.64296875 0.02890625 0.05390625
0 0.371875 0.54765625 0.05 0.059375
0 0.42734375 0.54375 0.046875 0.07265625
0 0.2 0.5484375 0.0640625 0.0609375
0 0.76484375 0.64140625 0.03515625 0.02421875
0 0.975 0.6140625 0.04609375 0.02890625
0 0.4125 0.4453125 0.04765625 0.0265625
0 0.975 0.5625 0.03671875 0.02421875
0 0.31484375 0.31875 0.1125 0.03671875
0 0.2046875 0.31875 0.09921875 0.034375
0 0.0953125 0.3171875 0.0921875 0.03125
0 0.09921875 0.36015625 0.10078125 0.046875
0 0.2 0.3625 0.10078125 0.04140625
0 0.29921875 0.3609375 0.09609375 0.0390625
0 0.4390625 0.34921875 0.0515625 0.0765625
0 0.48671875 0.35 0.04296875 0.07421875
0 0.52734375 0.3484375 0.0375 0.0734375
0 0.61640625 0.3296875 0.06484375 0.03671875
0 0.678125 0.3296875 0.05078125 0.03671875
0 0.6078125 0.36953125 0.06015625 0.0328125
0 0.66640625 0.37265625 0.05234375 0.0390625
0 0.72265625 0.37265625 0.059375 0.03828125
0 0.77578125 0.3484375 0.040625 0.08046875
0 0.815625 0.35078125 0.040625 0.075
0 0.93671875 0.34296875 0.06171875 0.03046875
0 0.87890625 0.37265625 0.05703125 0.02578125
0 0.940625 0.375 0.05546875 0.0234375
0 0.95234375 0.45234375 0.05390625 0.06953125
0 0.97265625 0.5859375 0.0421875 0.0203125
0 0.903125 0.45625 0.0265625 0.07109375
0 0.81875 0.45234375 0.0390625 0.06640625
0 0.978125 0.5390625 0.0421875 0.0234375
0 0.04296875 0.45859375 0.04609375 0.04296875
0 0.10234375 0.4609375 0.04296875 0.0390625
0 0.14453125 0.46015625 0.0375 0.03984375
0 0.18515625 0.4609375 0.04296875 0.03984375
0 0.2265625 0.4609375 0.034375 0.0390625
0 0.26328125 0.45 0.0328125 0.02578125
0 0.2625 0.475 0.0328125 0.0203125
0 0.3046875 0.471875 0.04609375 0.028125
0 0.3578125 0.4734375 0.04765625 0.0296875
0 0.4125 0.475 0.0421875 0.0265625
0 0.465625 0.446875 0.040625 0.02265625
0 0.5203125 0.446875 0.05078125 0.01640625
0 0.4640625 0.471875 0.053125 0.0234375
0 0.515625 0.47265625 0.0484375 0.021875
0 0.57578125 0.46953125 0.04921875 0.02890625
0 0.63046875 0.47265625 0.05 0.0328125
0 0.70234375 0.46484375 0.09453125 0.04609375
0 0.775 0.45390625 0.046875 0.06328125
0 0.86171875 0.45546875 0.05078125 0.07265625
0 0.45859375 0.640625 0.05390625 0.05859375
0 0.509375 0.6421875 0.0390625 0.05390625
0 0.35546875 0.66328125 0.053125 0.01640625
0 0.3203125 0.83203125 0.02578125 0.0484375
0 0.40546875 0.6625 0.05078125 0.01640625
0 0.2765625 0.840625 0.05625 0.0234375
0 0.21484375 0.8375 0.053125 0.03671875
0 0.16640625 0.821875 0.046875 0.06875
0 0.128125 0.81640625 0.025 0.0609375
0 0.05703125 0.82890625 0.034375 0.04765625
0 0.9640625 0.27421875 0.06015625 0.03203125
0 0.9015625 0.271875 0.0515625 0.0375
0 0.85 0.2703125 0.0515625 0.03046875
0 0.7953125 0.27265625 0.053125 0.03203125
0 0.79453125 0.23984375 0.05625 0.0328125
0 0.575 0.2703125 0.05078125 0.02734375
0 0.57421875 0.240625 0.05078125 0.03125
0 0.51171875 0.26328125 0.05078125 0.04140625
0 0.465625 0.25234375 0.0390625 0.05859375
0 0.41796875 0.25234375 0.05390625 0.06015625
0 0.8734375 0.821875 0.05234375 0.02421875
0 0.834375 0.828125 0.03046875 0.06015625
0 0.8078125 0.83671875 0.028125 0.0453125
0 0.76796875 0.8421875 0.04375 0.03359375
0 0.71796875 0.828125 0.0390625 0.05703125
0 0.67734375 0.8265625 0.0359375 0.065625
0 0.61015625 0.8265625 0.08984375 0.04296875
0 0.54453125 0.83203125 0.0375 0.0453125
0 0.50078125 0.82734375 0.02734375 0.0609375
0 0.459375 0.82109375 0.04609375 0.05546875
0 0.353125 0.8125 0.02890625 0.05390625
0 0.39609375 0.84140625 0.0515625 0.025
0 0.84765625 0.73125 0.0453125 0.053125
0 0.9203125 0.8203125 0.03828125 0.0734375
0 0.37734375 0.740625 0.06640625 0.03984375
0 0.43671875 0.72578125 0.040625 0.0609375
0 0.48046875 0.73203125 0.03828125 0.04453125
0 0.5234375 0.73359375 0.0390625 0.0453125
0 0.5734375 0.72421875 0.0421875 0.03203125
0 0.5703125 0.74921875 0.04296875 0.0171875
0 0.6140625 0.74921875 0.0359375 0.01796875
0 0.65390625 0.728125 0.03828125 0.0265625
0 0.65703125 0.75 0.04765625 0.0171875
0 0.7 0.73203125 0.03515625 0.05390625
0 0.87578125 0.8484375 0.0515625 0.015625
0 0.3046875 0.74375 0.0734375 0.03203125
0 0.75390625 0.73359375 0.03671875 0.05390625
0 0.909375 0.73046875 0.06015625 0.05859375
0 0.9703125 0.70390625 0.04765625 0.06875
0 0.03203125 0.6203125 0.05625 0.0328125
0 0.05390625 0.659375 0.06484375 0.0234375
0 0.1078125 0.6484375 0.04375 0.0453125
0 0.16796875 0.64140625 0.02578125 0.04375
0 0.21328125 0.6375 0.04765625 0.03046875
0 0.2109375 0.66328125 0.04296875 0.01796875
0 0.2640625 0.659375 0.046875 0.025
0 0.3546875 0.63984375 0.05 0.0203125
0 0.40390625 0.63828125 0.0484375 0.021875
0 0.80078125 0.7328125 0.046875 0.05
0 0.2109375 0.73203125 0.08359375 0.04453125
0 0.72734375 0.73203125 0.02109375 0.0546875
0 0.11484375 0.73359375 0.0859375 0.0578125
0 0.03671875 0.74140625 0.046875 0.0375