0 0.20625 0.34296875 0.04921875 0.03125
0 0.14140625 0.3140625 0.071875 0.0171875
0 0.90859375 0.49609375 0.040625 0.015625
0 0.60546875 0.44375 0.0453125 0.02734375
0 0.65 0.44140625 0.040625 0.02109375
0 0.69375 0.440625 0.0390625 0.02109375
0 0.73828125 0.4390625 0.03984375 0.02265625
0 0.78125 0.43828125 0.03671875 0.02578125
0 0.82578125 0.43515625 0.03984375 0.02265625
0 0.871875 0.43359375 0.0421875 0.02421875
0 0.91796875 0.43359375 0.04296875 0.0265625
0 0.96328125 0.4328125 0.04140625 0.02265625
0 0.37734375 0.42890625 0.03828125 0.021875
0 0.42421875 0.421875 0.04140625 0.0265625
0 0.46875 0.421875 0.034375 0.02109375
0 0.51171875 0.41953125 0.03515625 0.0265625
0 0.5578125 0.4203125 0.040625 0.025
0 0.5578125 0.44375 0.0375 0.021875
0 0.6015625 0.4171875 0.0390625 0.0234375
0 0.69296875 0.41484375 0.040625 0.021875
0 0.7359375 0.4140625 0.0375 0.02265625
0 0.78046875 0.4125 0.0453125 0.02265625
0 0.825 0.4078125 0.0375 0.02421875
0 0.86328125 0.40546875 0.03125 0.021875
0 0.91171875 0.40859375 0.040625 0.02109375
0 0.815625 0.38125 0.0421875 0.02578125
0 0.7109375 0.38203125 0.0375 0.0171875
0 0.6546875 0.38671875 0.03984375 0.01953125
0 0.609375 0.3875 0.03828125 0.02109375
0 0.55234375 0.3890625 0.040625 0.021875
0 0.5 0.3890625 0.04453125 0.01953125
0 0.94375 0.40078125 0.01875 0.0171875
0 0.04140625 0.5515625 0.0734375 0.0328125
0 0.64609375 0.41640625 0.03984375 0.025
0 0.51328125 0.44453125 0.04296875 0.01953125
0 0.8453125 0.8140625 0.1515625 0.03125
0 0.67734375 0.778125 0.07265625 0.0328125
0 0.18828125 0.82109375 0.05078125 0.00703125
0 0.1890625 0.81015625 0.0484375 0.00859375
0 0.18671875 0.80078125 0.05078125 0.009375
0 0.2296875 0.775 0.0453125 0.0203125
0 0.2515625 0.846875 0.04765625 0.009375
0 0.246875 0.83671875 0.04609375 0.0078125
0 0.24921875 0.828125 0.053125 0.00703125
0 0.24765625 0.81875 0.046875 0.0078125
0 0.2453125 0.809375 0.0453125 0.00703125
0 0.24609375 0.8 0.05078125 0.01015625
0 0.3109375 0.8453125 0.0515625 0.00703125
0 0.309375 0.8375 0.04921875 0.00703125
0 0.3078125 0.8265625 0.0453125 0.01015625
0 0.3046875 0.815625 0.04921875 0.0109375
0 0.303125 0.8046875 0.04921875 0.0078125
0 0.303125 0.7953125 0.04921875 0.00859375
0 0.29453125 0.778125 0.0578125 0.0234375
0 0.68125 0.81875 0.0765625 0.03984375
0 0.59765625 0.78046875 0.0703125 0.03515625
0 0.60078125 0.821875 0.07421875 0.04453125
0 0.51328125 0.78359375 0.0765625 0.034375
0 0.51796875 0.8234375 0.0796875 0.04140625
0 0.43671875 0.7875 0.07265625 0.03984375
0 0.03125 0.51015625 0.0421875 0.03359375
0 0.43828125 0.82890625 0.0734375 0.04140625
0 0.365625 0.80625 0.053125 0.0078125
0 0.365625 0.815625 0.0515625 0.009375
0 0.365625 0.825 0.05234375 0.0078125
0 0.36796875 0.834375 0.05390625 0.0078125
0 0.3671875 0.84375 0.05234375 0.00859375
0 0.35546875 0.77734375 0.0515625 0.02421875
0 0.3609375 0.79609375 0.04609375 0.0078125
0 0.1890625 0.83046875 0.04921875 0.009375
0 0.31953125 0.5578125 0.059375 0.01015625
0 0.31796875 0.53515625 0.053125 0.00703125
0 0.42578125 0.5109375 0.03671875 0.015625
0 0.5984375 0.53984375 0.03984375 0.01953125
0 0.640625 0.5421875 0.0390625 0.01640625
0 0.684375 0.5390625 0.04140625 0.01640625
0 0.7296875 0.5359375 0.0421875 0.015625
0 0.77265625 0.53515625 0.0359375 0.01640625
0 0.81953125 0.53359375 0.04296875 0.01796875
0 0.86328125 0.534375 0.0359375 0.01875
0 0.909375 0.5328125 0.04140625 0.01796875
0 0.9515625 0.53203125 0.04375 0.01875
0 0.99140625 0.53125 0.0171875 0.015625
0 0.9859375 0.51328125 0.028125 0.01640625
0 0.9875 0.4953125 0.02421875 0.015625
0 0.9515625 0.49609375 0.03984375 0.01796875
0 0.55 0.5390625 0.0390625 0.0203125
0 0.9515625 0.51484375 0.03671875 0.01328125
0 0.63671875 0.521875 0.03671875 0.01875
0 0.68359375 0.5203125 0.03828125 0.0171875
0 0.5921875 0.50234375 0.03828125 0.01796875
0 0.63671875 0.5015625 0.04765625 0.01953125
0 0.7265625 0.5015625 0.0390625 0.01953125
0 0.7265625 0.5203125 0.0390625 0.01328125
0 0.775 0.5171875 0.040625 0.0140625
0 0.7734375 0.50078125 0.03671875 0.01484375
0 0.81796875 0.50078125 0.03984375 0.0171875
0 0.81953125 0.51640625 0.0421875 0.0125
0 0.86484375 0.51484375 0.03828125 0.0171875
0 0.86640625 0.496875 0.03828125 0.0140625
0 0.91015625 0.5140625 0.03984375 0.01640625
0 0.68984375 0.48359375 0.021875 0.015625
0 0.59375 0.52109375 0.04296875 0.015625
0 0.509375 0.53984375 0.03984375 0.0234375
0 0.4703125 0.53828125 0.03359375 0.02421875
0 0.42578125 0.54296875 0.0453125 0.02734375
0 0.90703125 0.775 0.16328125 0.0390625
0 0.4484375 0.71484375 0.16171875 0.034375
0 0.4546875 0.6796875 0.1640625 0.02265625
0 0.59453125 0.709375 0.11484375 0.05078125
0 0.71484375 0.7046875 0.11171875 0.05078125
0 0.8109375 0.7046875 0.0625 0.046875
0 0.9546875 0.696875 0.0828125 0.0609375
0 0.8828125 0.69609375 0.0484375 0.02578125
0 0.88046875 0.7203125 0.04375 0.01953125
0 0.31796875 0.52421875 0.05546875 0.009375
0 0.31640625 0.5125 0.05703125 0.009375
0 0.3203125 0.5 0.0609375 0.01171875
0 0.12109375 0.55390625 0.0515625 0.01015625
0 0.12109375 0.54296875 0.05078125 0.00859375
0 0.11953125 0.53203125 0.04765625 0.00859375
0 0.11640625 0.5203125 0.0453125 0.01015625
0 0.1140625 0.51015625 0.04765625 0.00703125
0 0.38125 0.54375 0.040625 0.0265625
0 0.2421875 0.503125 0.05703125 0.01171875
0 0.24375 0.515625 0.05625 0.01015625
0 0.24765625 0.52578125 0.05390625 0.0078125
0 0.24609375 0.53671875 0.05703125 0.01015625
0 0.25 0.5484375 0.05859375 0.009375
0 0.31953125 0.54609375 0.05546875 0.009375
0 0.25078125 0.56015625 0.05703125 0.009375
0 0.1765625 0.515625 0.053125 0.01015625
0 0.17734375 0.5265625 0.05234375 0.009375
0 0.17734375 0.5375 0.05546875 0.01015625
0 0.178125 0.5484375 0.046875 0.00859375
0 0.18359375 0.56171875 0.053125 0.0109375
0 0.11171875 0.5 0.0484375 0.0109375
0 0.1734375 0.503125 0.0546875 0.01015625
0 0.190625 0.8390625 0.04921875 0.00703125
0 0.96484375 0.81171875 0.0703125 0.02734375
0 0.12109375 0.78515625 0.05703125 0.0234375
0 0.18671875 0.446875 0.04375 0.0328125
0 0.23515625 0.44765625 0.0453125 0.0328125
0 0.28203125 0.446875 0.04375 0.03125
0 0.32890625 0.44453125 0.04609375 0.03046875
0 0.14375 0.41171875 0.0328125 0.0296875
0 0.184375 0.4140625 0.04296875 0.0296875
0 0.23046875 0.41328125 0.046875 0.02890625
0 0.27890625 0.41328125 0.04765625 0.03125
0 0.33359375 0.40703125 0.040625 0.03046875
0 0.3734375 0.45 0.03828125 0.015625
0 0.425 0.44765625 0.0390625 0.01953125
0 0.46953125 0.4453125 0.0390625 0.02265625
0 0.4171875 0.64609375 0.0921875 0.0140625
0 0.4171875 0.63125 0.0953125 0.0109375
0 0.14453125 0.44375 0.03125 0.02734375
0 0.4203125 0.59921875 0.09140625 0.0171875
0 0.6171875 0.6375 0.03671875 0.0140625
0 0.60546875 0.6125 0.04375 0.03359375
0 0.6578125 0.6109375 0.04765625 0.0296875
0 0.65859375 0.63828125 0.03125 0.01171875
0 0.65703125 0.48359375 0.0328125 0.01328125
0 0.71640625 0.6390625 0.065625 0.02265625
0 0.71796875 0.60625 0.0515625 0.0328125
0 0.80390625 0.6109375 0.05234375 0.025
0 0.88359375 0.61875 0.06328125 0.0359375
0 0.959375 0.61328125 0.0796875 0.0328125
0 0.025 0.6453125 0.05 0.03125
0 0.08203125 0.659375 0.0546875 0.00859375
0 0.08203125 0.6484375 0.0484375 0.00859375
0 0.078125 0.63515625 0.05078125 0.009375
0 0.5546875 0.6296875 0.03671875 0.0296875
0 0.0875 0.44765625 0.040625 0.0296875
0 0.02421875 0.4078125 0.0484375 0.03515625
0 0.0296875 0.44765625 0.059375 0.03984375
0 0.73671875 0.48125 0.0359375 0.015625
0 0.5734375 0.4859375 0.0359375 0.0125
0 0.61796875 0.48515625 0.03515625 0.0109375
0 0.13515625 0.334375 0.07578125 0.015625
0 0.06015625 0.33515625 0.06328125 0.015625
0 0.13671875 0.353125 0.0828125 0.0140625
0 0.0484375 0.3546875 0.07734375 0.0171875
0 0.2578125 0.34296875 0.0515625 0.0359375
0 0.2140625 0.30625 0.04609375 0.03359375
0 0.26171875 0.3046875 0.04296875 0.03125
0 0.06015625 0.3078125 0.07421875 0.034375
0 0.14453125 0.29375 0.07890625 0.01484375
0 0.31796875 0.290625 0.0359375 0.13828125
0 0.35859375 0.2890625 0.040625 0.1375
0 0.4 0.28984375 0.03828125 0.1390625
0 0.4328125 0.2890625 0.02421875 0.1359375
0 0.46484375 0.28828125 0.0359375 0.13828125
0 0.9515625 0.284375 0.0375 0.11953125
0 0.19375 0.8484375 0.046875 0.0078125
0 0.9078125 0.27734375 0.02890625 0.13125
0 0.87109375 0.278125 0.03046875 0.1328125
0 0.83046875 0.2796875 0.02890625 0.13359375
0 0.79375 0.278125 0.03203125 0.1359375
0 0.0734375 0.6234375 0.04765625 0.00859375
0 0.7546875 0.2796875 0.0359375 0.13515625
0 0.68203125 0.28203125 0.03515625 0.1390625
0 0.64453125 0.28359375 0.0328125 0.13671875
0 0.60859375 0.284375 0.03046875 0.1375
0 0.57421875 0.284375 0.03359375 0.1390625
0 0.5375 0.2859375 0.03359375 0.1390625
0 0.5015625 0.2875 0.034375 0.1375
0 0.7171875 0.28125 0.0296875 0.13671875
0 0.07421875 0.6140625 0.05625 0.00703125
0 0.50234375 0.6296875 0.03046875 0.028125
0 0.14296875 0.65625 0.05234375 0.01015625
0 0.06328125 0.82734375 0.046875 0.0078125
0 0.065625 0.81796875 0.04921875 0.00859375
0 0.059375 0.80546875 0.04921875 0.01171875
0 0.13046875 0.84921875 0.04296875 0.01015625
0 0.1296875 0.8390625 0.04609375 0.00703125
0 0.12890625 0.83046875 0.04765625 0.00703125
0 0.12265625 0.815625 0.04375 0.009375
0 0.14140625 0.7015625 0.0484375 0.00859375
0 0.14375 0.7109375 0.05 0.0078125
0 0.14375 0.72109375 0.05078125 0.01015625
0 0.14296875 0.73125 0.05234375 0.00703125
0 0.1453125 0.7421875 0.05 0.01015625
0 0.08828125 0.69296875 0.034375 0.009375
0 0.08828125 0.70234375 0.0390625 0.00703125
0 0.0890625 0.71171875 0.03671875 0.00859375
0 0.08984375 0.72109375 0.03828125 0.00859375
0 0.0890625 0.73046875 0.03984375 0.00703125
0 0.065625 0.83671875 0.04921875 0.00703125
0 0.2078125 0.73125 0.05234375 0.00703125
0 0.06328125 0.84609375 0.04453125 0.01015625
0 0.071875 0.60234375 0.0484375 0.0125
0 0.2078125 0.73984375 0.05546875 0.00859375
0 0.203125 0.7125 0.05390625 0.0109375
0 0.20390625 0.7015625 0.05078125 0.0078125
0 0.2 0.690625 0.05078125 0.00859375
0 0.26953125 0.73984375 0.0515625 0.0078125
0 0.26875 0.7296875 0.046875 0.00859375
0 0.26875 0.72109375 0.05 0.0078125
0 0.26796875 0.7109375 0.05078125 0.0078125
0 0.2625 0.7015625 0.04765625 0.00859375
0 0.2609375 0.69140625 0.0546875 0.00625
0 0.3328125 0.7390625 0.05625 0.009375
0 0.32890625 0.7296875 0.0546875 0.0078125
0 0.32734375 0.7203125 0.0484375 0.00859375
0 0.32890625 0.71015625 0.0546875 0.00859375
0 0.13984375 0.69140625 0.0515625 0.00859375
0 0.32421875 0.7 0.05234375 0.00859375
0 0.32578125 0.6890625 0.04921875 0.00859375
0 0.0671875 0.85703125 0.04609375 0.01171875
0 0.03125 0.728125 0.0625 0.02734375
0 0.02890625 0.69765625 0.0578125 0.0265625
0 0.32734375 0.61171875 0.05234375 0.00859375
0 0.14296875 0.64609375 0.04921875 0.00859375
0 0.140625 0.63515625 0.053125 0.009375
0 0.14140625 0.62421875 0.05546875 0.00703125
0 0.13828125 0.61328125 0.04921875 0.00859375
0 0.1328125 0.60234375 0.05546875 0.01015625
0 0.20625 0.65625 0.05 0.01015625
0 0.20703125 0.64453125 0.04765625 0.0078125
0 0.20625 0.634375 0.04921875 0.0078125
0 0.203125 0.62265625 0.05 0.01015625
0 0.20234375 0.6125 0.05078125 0.00859375
0 0.1203125 0.80546875 0.04609375 0.009375
0 0.328125 0.5984375 0.053125 0.01015625
0 0.20390625 0.6 0.05078125 0.0109375
0 0.20625 0.72265625 0.05625 0.00703125
0 0.26640625 0.64296875 0.0453125 0.01015625
0 0.328125 0.62265625 0.05078125 0.009375
0 0.33046875 0.6328125 0.0515625 0.00859375
0 0.3296875 0.64296875 0.05 0.01015625
0 0.3328125 0.65390625 0.053125 0.0078125
0 0.2625 0.596875 0.053125 0.01171875
0 0.26484375 0.60859375 0.05234375 0.00859375
0 0.265625 0.61953125 0.05234375 0.0109375
0 0.26640625 0.65390625 0.05234375 0.0078125
0 0.26640625 0.63203125 0.0515625 0.00859375