0 0.40078125 0.52421875 0.01015625 0.0328125
0 0.3890625 0.525 0.01015625 0.0328125
0 0.3640625 0.48671875 0.0125 0.02890625
0 0.3765625 0.51953125 0.0125 0.0296875
0 0.36328125 0.515625 0.01171875 0.0296875
0 0.3421875 0.56640625 0.01953125 0.04140625
0 0.78828125 0.825 0.05703125 0.04453125
0 0.7890625 0.87578125 0.0609375 0.05234375
0 0.42578125 0.5328125 0.01328125 0.0328125
0 0.34296875 0.60546875 0.02109375 0.03515625
0 0.671875 0.82578125 0.05078125 0.0453125
0 0.621875 0.80390625 0.04609375 0.04296875
0 0.57734375 0.78046875 0.04140625 0.04453125
0 0.534375 0.76484375 0.03515625 0.03828125
0 0.83984375 0.90859375 0.03671875 0.059375
0 0.4125 0.5296875 0.01328125 0.0328125
0 0.3453125 0.64140625 0.021875 0.03125
0 0.85078125 0.6359375 0.028125 0.05
0 0.9359375 0.80234375 0.1265625 0.05546875
0 0.71171875 0.55625 0.0234375 0.04296875
0 0.71796875 0.51015625 0.02109375 0.0484375
0 0.73515625 0.6078125 0.01875 0.04453125
0 0.7390625 0.56171875 0.025 0.04375
0 0.74296875 0.51328125 0.021875 0.05078125
0 0.76015625 0.61484375 0.0265625 0.04296875
0 0.76484375 0.56875 0.028125 0.04765625
0 0.76953125 0.51640625 0.02734375 0.053125
0 0.7875 0.62265625 0.02109375 0.05
0 0.9765625 0.73984375 0.046875 0.0671875
0 0.79453125 0.57421875 0.025 0.04375
0 0.81953125 0.628125 0.0296875 0.04921875
0 0.821875 0.57890625 0.02734375 0.0484375
0 0.828125 0.52421875 0.02890625 0.0578125
0 0.4578125 0.7734375 0.028125 0.046875
0 0.853125 0.58515625 0.02890625 0.046875
0 0.85625 0.53046875 0.025 0.05546875
0 0.90234375 0.9328125 0.08671875 0.0578125
0 0.97421875 0.8921875 0.05078125 0.07890625
0 0.9046875 0.86640625 0.084375 0.06953125
0 0.796875 0.52265625 0.025 0.05390625
0 0.49296875 0.78984375 0.0375 0.0453125
0 0.83515625 0.9671875 0.0421875 0.0515625
0 0.571875 0.83359375 0.0390625 0.046875
0 0.3734375 0.38984375 0.01171875 0.059375
0 0.39140625 0.390625 0.01796875 0.05859375
0 0.41171875 0.3921875 0.01640625 0.0625
0 0.42890625 0.3921875 0.01328125 0.06484375
0 0.44453125 0.396875 0.0125 0.06484375
0 0.459375 0.396875 0.01484375 0.06796875
0 0.4765625 0.39765625 0.01640625 0.06640625
0 0.49609375 0.39765625 0.01640625 0.0671875
0 0.41328125 0.49609375 0.0109375 0.03125
0 0.42890625 0.5015625 0.01015625 0.03125
0 0.4453125 0.50234375 0.0171875 0.034375
0 0.46328125 0.50546875 0.01640625 0.034375
0 0.4828125 0.50546875 0.01640625 0.034375
0 0.4984375 0.51171875 0.01640625 0.034375
0 0.49296875 0.5484375 0.01640625 0.034375
0 0.4765625 0.5421875 0.01640625 0.034375
0 0.45859375 0.5421875 0.01640625 0.034375
0 0.671875 0.78046875 0.05078125 0.03515625
0 0.44140625 0.53671875 0.01640625 0.034375
0 0.5109375 0.403125 0.01015625 0.07265625
0 0.840625 0.846875 0.03828125 0.0546875
0 0.3578125 0.3890625 0.0140625 0.05859375
0 0.53359375 0.809375 0.03515625 0.0453125
0 0.34140625 0.3875 0.0109375 0.05859375
0 0.6328125 0.4078125 0.021875 0.06640625
0 0.61796875 0.853125 0.04453125 0.04453125
0 0.66875 0.878125 0.04140625 0.0453125
0 0.72265625 0.90546875 0.05546875 0.0484375
0 0.78203125 0.934375 0.0625 0.05859375
0 0.72890625 0.79921875 0.05390625 0.04609375
0 0.49765625 0.74609375 0.03515625 0.03359375
0 0.4609375 0.7296875 0.03359375 0.03125
0 0.53203125 0.40234375 0.021875 0.07421875
0 0.55234375 0.40625 0.01875 0.07265625
0 0.82421875 0.2703125 0.06015625 0.165625
0 0.88046875 0.26875 0.046875 0.16796875
0 0.9453125 0.24609375 0.07578125 0.08828125
0 0.94296875 0.31640625 0.0703125 0.053125
0 0.9265625 0.390625 0.0640625 0.07265625
0 0.8703125 0.425 0.0296875 0.0984375
0 0.83359375 0.42109375 0.03515625 0.096875
0 0.7921875 0.41796875 0.03828125 0.1
0 0.91171875 0.72890625 0.08359375 0.06015625
0 0.9375 0.66171875 0.1234375 0.07109375
0 0.915625 0.58359375 0.0875 0.07734375
0 0.71015625 0.603125 0.02734375 0.0484375
0 0.66015625 0.409375 0.0203125 0.0734375
0 0.925 0.50234375 0.0765625 0.08203125
0 0.69296875 0.50546875 0.02265625 0.046875
0 0.34296875 0.67578125 0.021875 0.03515625
0 0.60625 0.4046875 0.025 0.07265625
0 0.621875 0.75859375 0.04609375 0.03984375
0 0.5765625 0.73359375 0.040625 0.0390625
0 0.53671875 0.71875 0.03203125 0.0390625
0 0.49765625 0.70859375 0.0328125 0.03671875
0 0.46484375 0.690625 0.0328125 0.0421875
0 0.8453125 0.7890625 0.04765625 0.05390625
0 0.79140625 0.76640625 0.0546875 0.0625
0 0.73359375 0.74609375 0.05625 0.0453125
0 0.6734375 0.72578125 0.046875 0.05546875
0 0.5765625 0.4078125 0.02421875 0.078125
0 0.62578125 0.70625 0.0421875 0.0484375
0 0.534375 0.48046875 0.01640625 0.03984375
0 0.55234375 0.48359375 0.0140625 0.040625
0 0.57109375 0.4875 0.01875 0.04375
0 0.58984375 0.4921875 0.0140625 0.04296875
0 0.6015625 0.57421875 0.01953125 0.03984375
0 0.60546875 0.53515625 0.015625 0.03671875
0 0.68828125 0.55234375 0.01640625 0.0421875
0 0.6234375 0.58203125 0.01875 0.03671875
0 0.62578125 0.5390625 0.01875 0.04140625
0 0.628125 0.4953125 0.01640625 0.0453125
0 0.51640625 0.4796875 0.0171875 0.040625
0 0.58359375 0.57109375 0.0140625 0.03828125
0 0.565625 0.56640625 0.01953125 0.034375
0 0.54609375 0.5609375 0.01640625 0.03515625
0 0.5328125 0.5203125 0.015625 0.0359375
0 0.515625 0.5171875 0.015625 0.034375
0 0.40234375 0.49453125 0.00859375 0.02578125
0 0.39296875 0.49140625 0.009375 0.02578125
0 0.38046875 0.4890625 0.01015625 0.025
0 0.4828125 0.4703125 0.025 0.03359375
0 0.46484375 0.46875 0.01015625 0.0328125
0 0.728125 0.853125 0.05234375 0.046875
0 0.4484375 0.4671875 0.01484375 0.0359375
0 0.69375 0.4109375 0.03125 0.0859375
0 0.7265625 0.4171875 0.02578125 0.0828125
0 0.75703125 0.41484375 0.028125 0.090625
0 0.43046875 0.46484375 0.01640625 0.0359375
0 0.41171875 0.46015625 0.01328125 0.03515625
0 0.39609375 0.4609375 0.0125 0.034375
0 0.384375 0.46015625 0.0109375 0.0375
0 0.37265625 0.45625 0.009375 0.0328125
0 0.359375 0.45546875 0.0125 0.03125
0 0.55078125 0.52421875 0.01484375 0.03828125
0 0.56953125 0.5296875 0.01484375 0.03515625
0 0.58671875 0.53359375 0.01640625 0.0359375
0 0.51484375 0.55390625 0.0171875 0.03203125
0 0.53046875 0.55703125 0.01484375 0.0328125
0 0.6421875 0.584375 0.01484375 0.040625
0 0.57578125 0.690625 0.0421875 0.04375
0 0.60859375 0.49375 0.01953125 0.04375
0 0.790625 0.70546875 0.05 0.05234375
0 0.42578125 0.296875 0.0375 0.11171875
0 0.46171875 0.29453125 0.02265625 0.115625
0 0.48984375 0.29140625 0.02734375 0.11796875
0 0.84296875 0.72734375 0.04609375 0.05859375
0 0.55234375 0.28671875 0.02890625 0.13125
0 0.58984375 0.28515625 0.03671875 0.13515625
0 0.6328125 0.28359375 0.04140625 0.13828125
0 0.68359375 0.2796875 0.05234375 0.14375
0 0.73046875 0.27890625 0.0375 0.15
0 0.7703125 0.27734375 0.03515625 0.15703125
0 0.3921875 0.296875 0.02578125 0.1125
0 0.6484375 0.4984375 0.01953125 0.046875
0 0.665625 0.5453125 0.0234375 0.04140625
0 0.66796875 0.50078125 0.01796875 0.046875
0 0.6859375 0.59609375 0.0171875 0.04375
0 0.3984375 0.70546875 0.0265625 0.0296875
0 0.3703125 0.6921875 0.0234375 0.03515625
0 0.42734375 0.675 0.02578125 0.04140625
0 0.4 0.66640625 0.02734375 0.0421875
0 0.37265625 0.65546875 0.028125 0.03125
0 0.39921875 0.615625 0.0859375 0.04375
0 0.3453125 0.71484375 0.02265625 0.0375
0 0.665625 0.590625 0.0234375 0.04375
0 0.36171875 0.29765625 0.02890625 0.1046875
0 0.521875 0.28828125 0.028125 0.12578125
0 0.39453125 0.16875 0.01953125 0.121875
0 0.72890625 0.68828125 0.06015625 0.06015625
0 0.67265625 0.66875 0.04609375 0.0515625
0 0.6234375 0.653125 0.0453125 0.05078125
0 0.68984375 0.09296875 0.04921875 0.16640625
0 0.7484375 0.08515625 0.0515625 0.165625
0 0.36953125 0.1734375 0.025 0.1140625
0 0.87578125 0.07734375 0.06640625 0.1546875
0 0.95859375 0.06640625 0.071875 0.1328125
0 0.63984375 0.1078125 0.046875 0.1515625
0 0.57734375 0.63984375 0.04140625 0.04453125
0 0.5359375 0.67265625 0.0328125 0.0453125
0 0.80859375 0.08125 0.05234375 0.1625
0 0.4609375 0.64453125 0.03203125 0.04296875
0 0.49921875 0.659375 0.03515625 0.04375
0 0.42109375 0.1625 0.02734375 0.11953125
0 0.44921875 0.15078125 0.0234375 0.13359375
0 0.478125 0.1484375 0.02890625 0.13515625
0 0.5109375 0.13984375 0.0359375 0.1421875
0 0.64453125 0.54296875 0.015625 0.04140625
0 0.59453125 0.12109375 0.0421875 0.14921875
0 0.428125 0.71484375 0.03125 0.03671875
0 0.371875 0.7296875 0.02265625 0.03671875
0 0.396875 0.73984375 0.021875 0.0375
0 0.4265625 0.75546875 0.03046875 0.04375
0 0.5515625 0.13046875 0.03828125 0.140625