0 0.58203125 0.37421875 0.04921875 0.0546875
0 0.5375 0.37734375 0.01875 0.05234375
0 0.53203125 0.42734375 0.01953125 0.0125
0 0.4265625 0.54765625 0.053125 0.05078125
0 0.49375 0.38125 0.04453125 0.04140625
0 0.6421875 0.38125 0.0578125 0.04453125
0 0.70859375 0.3828125 0.05234375 0.0375
0 0.8515625 0.45546875 0.01875 0.03359375
0 0.846875 0.3734375 0.04140625 0.05390625
0 0.540625 0.4453125 0.0328125 0.0125
0 0.540625 0.4703125 0.03125 0.02734375
0 0.49765625 0.45859375 0.04140625 0.0546875
0 0.44609375 0.4640625 0.0390625 0.04140625
0 0.39921875 0.46484375 0.0359375 0.03828125
0 0.33671875 0.43671875 0.0390625 0.02578125
0 0.34765625 0.475 0.034375 0.0296875
0 0.30546875 0.4734375 0.03984375 0.02734375
0 0.21328125 0.46953125 0.04765625 0.04140625
0 0.1640625 0.46875 0.0296875 0.02734375
0 0.08984375 0.47890625 0.040625 0.09140625
0 0.0390625 0.4765625 0.040625 0.09453125
0 0.7828125 0.384375 0.0734375 0.028125
0 0.6265625 0.46015625 0.028125 0.05078125
0 0.16953125 0.54921875 0.04609375 0.03203125
0 0.2296875 0.5578125 0.06015625 0.02421875
0 0.23671875 0.521875 0.059375 0.0265625
0 0.30703125 0.540625 0.04921875 0.03671875
0 0.36640625 0.54453125 0.03984375 0.04765625
0 0.74453125 0.4609375 0.02421875 0.05
0 0.82578125 0.45625 0.0203125 0.04140625
0 0.58359375 0.4640625 0.0328125 0.04453125
0 0.89375 0.4578125 0.028125 0.04296875
0 0.95859375 0.471875 0.0625 0.02734375
0 0.97421875 0.37734375 0.040625 0.0421875
0 0.921875 0.36796875 0.05859375 0.06484375
0 0.6984375 0.4640625 0.0328125 0.04375
0 0.6625 0.46328125 0.02421875 0.0453125
0 0.60078125 0.0890625 0.05 0.034375
0 0.2515625 0.09140625 0.05 0.0390625
0 0.553125 0.2328125 0.01875 0.04140625
0 0.57890625 0.23125 0.01875 0.04140625
0 0.60703125 0.2328125 0.0203125 0.0390625
0 0.63359375 0.23125 0.02109375 0.03828125
0 0.6625 0.23125 0.01875 0.03828125
0 0.68515625 0.23203125 0.02109375 0.03984375
0 0.715625 0.234375 0.0296875 0.03125
0 0.753125 0.2328125 0.02890625 0.03203125
0 0.78515625 0.23125 0.02421875 0.03515625
0 0.8125 0.23046875 0.025 0.034375
0 0.8421875 0.2328125 0.0265625 0.03203125
0 0.871875 0.23046875 0.03359375 0.03359375
0 0.134375 0.32421875 0.065625 0.03203125
0 0.11953125 0.29765625 0.07578125 0.0125
0 0.20078125 0.31796875 0.0546875 0.0296875
0 0.275 0.3234375 0.06484375 0.01953125
0 0.28046875 0.290625 0.0578125 0.0265625
0 0.49140625 0.54765625 0.04921875 0.03828125
0 0.9703125 0.29921875 0.0328125 0.04921875
0 0.93828125 0.3 0.021875 0.05
0 0.90078125 0.2984375 0.03125 0.0453125
0 0.85859375 0.30078125 0.02265625 0.05234375
0 0.82421875 0.29375 0.021875 0.04453125
0 0.4015625 0.2234375 0.08828125 0.059375
0 0.79921875 0.29765625 0.025 0.04296875
0 0.68203125 0.31328125 0.0578125 0.02734375
0 0.61328125 0.315625 0.06953125 0.021875
0 0.53359375 0.3171875 0.075 0.025
0 0.4421875 0.290625 0.09140625 0.01796875
0 0.446875 0.3203125 0.08828125 0.02578125
0 0.35625 0.31796875 0.078125 0.03046875
0 0.75 0.3109375 0.065625 0.02890625
0 0.19453125 0.09453125 0.04375 0.03515625
0 0.33203125 0.23984375 0.02421875 0.0296875
0 0.25 0.38671875 0.07890625 0.0421875
0 0.2671875 0.0625 0.03828125 0.01953125
0 0.3171875 0.06015625 0.04765625 0.0203125
0 0.2984375 0.09296875 0.0375 0.0390625
0 0.36015625 0.090625 0.06015625 0.03515625
0 0.4203125 0.09296875 0.046875 0.03671875
0 0.41484375 0.05 0.06171875 0.03984375
0 0.478125 0.0859375 0.04453125 0.04375
0 0.51875 0.08515625 0.025 0.04296875
0 0.5484375 0.0859375 0.02578125 0.04375
0 0.59453125 0.0484375 0.0484375 0.03828125
0 0.65390625 0.07265625 0.0390625 0.06796875
0 0.709375 0.06953125 0.04921875 0.0671875
0 0.7640625 0.07109375 0.046875 0.0671875
0 0.821875 0.06640625 0.0453125 0.0671875
0 0.88203125 0.071875 0.053125 0.059375
0 0.9390625 0.071875 0.03828125 0.0578125
0 0.98203125 0.03671875 0.0359375 0.0390625
0 0.3375 0.3921875 0.0734375 0.03046875
0 0.42421875 0.39375 0.08125 0.03046875
0 0.26796875 0.23203125 0.03984375 0.05390625
0 0.2203125 0.21875 0.0453125 0.08125
0 0.13359375 0.2203125 0.0484375 0.07578125
0 0.02421875 0.0578125 0.04765625 0.03671875
0 0.15625 0.390625 0.0828125 0.040625
0 0.0859375 0.0578125 0.05 0.034375
0 0.2015625 0.0578125 0.046875 0.02890625
0 0.03046875 0.1 0.03984375 0.03359375
0 0.04765625 0.2078125 0.05234375 0.09453125
0 0.921875 0.22890625 0.0375 0.034375
0 0.95859375 0.22890625 0.03046875 0.03125
0 0.98515625 0.08046875 0.0296875 0.034375
0 0.14921875 0.05625 0.0421875 0.03046875
0 0.54375 0.5515625 0.0484375 0.03671875
0 0.98515625 0.86015625 0.0296875 0.040625
0 0.6078125 0.55 0.04765625 0.03359375
0 0.56796875 0.7734375 0.0640625 0.0484375
0 0.640625 0.77734375 0.06015625 0.028125
0 0.63671875 0.7484375 0.06484375 0.0296875
0 0.70859375 0.7625 0.0625 0.0671875
0 0.76484375 0.76484375 0.03671875 0.07421875
0 0.8375 0.759375 0.0546875 0.05859375
0 0.9 0.7609375 0.0359375 0.0671875
0 0.95625 0.7625 0.0421875 0.0609375
0 0.0578125 0.83828125 0.046875 0.08984375
0 0.1234375 0.8390625 0.05390625 0.08125
0 0.21953125 0.8375 0.034375 0.0453125
0 0.26171875 0.84609375 0.0328125 0.06171875
0 0.47734375 0.7578125 0.09140625 0.05234375
0 0.3171875 0.84296875 0.04375 0.04765625
0 0.421875 0.85078125 0.03828125 0.0671875
0 0.465625 0.8578125 0.0359375 0.06796875
0 0.5328125 0.865625 0.06328125 0.03984375
0 0.59140625 0.853125 0.0375 0.05625
0 0.6484375 0.84921875 0.0328125 0.05546875
0 0.71328125 0.859375 0.0671875 0.0359375
0 0.77890625 0.846875 0.04453125 0.0578125
0 0.82421875 0.85234375 0.03359375 0.0609375
0 0.8640625 0.84375 0.03359375 0.03984375
0 0.92265625 0.846875 0.06484375 0.0515625
0 0.0828125 0.09921875 0.04375 0.0328125
0 0.5515625 0.51484375 0.04765625 0.021875
0 0.371875 0.85390625 0.040625 0.0640625
0 0.34921875 0.76484375 0.10703125 0.0625
0 0.1375 0.096875 0.0453125 0.034375
0 0.55078125 0.68515625 0.078125 0.03046875
0 0.6734375 0.53984375 0.0625 0.0484375
0 0.9515625 0.68671875 0.084375 0.02734375
0 0.74140625 0.540625 0.0484375 0.0453125
0 0.84921875 0.5328125 0.046875 0.053125
0 0.8984375 0.53125 0.02734375 0.053125
0 0.96328125 0.5515625 0.0734375 0.025
0 0.95859375 0.621875 0.05703125 0.015625
0 0.8953125 0.625 0.0421875 0.025
0 0.8359375 0.628125 0.05078125 0.025
0 0.77578125 0.6234375 0.03828125 0.03984375
0 0.72109375 0.625 0.03984375 0.04140625
0 0.6 0.603125 0.0328125 0.02109375
0 0.64453125 0.6046875 0.0359375 0.02578125
0 0.9625 0.6390625 0.0640625 0.0078125
0 0.54765625 0.6265625 0.0453125 0.034375
0 0.60859375 0.63359375 0.06015625 0.01328125
0 0.4078125 0.68828125 0.08515625 0.0390625
0 0.11015625 0.70390625 0.04375 0.08203125
0 0.30546875 0.6859375 0.0890625 0.0375
0 0.3765625 0.60625 0.04296875 0.02578125
0 0.0484375 0.7125 0.053125 0.09140625
0 0.3078125 0.6109375 0.03359375 0.03125
0 0.240625 0.615625 0.03828125 0.0359375
0 0.18125 0.62109375 0.0484375 0.05
0 0.09765625 0.61015625 0.078125 0.05390625
0 0.54375 0.59296875 0.04375 0.0171875
0 0.209375 0.6875 0.09375 0.040625