0 0.846875 0.8359375 0.0296875 0.06953125
0 0.91640625 0.85 0.075 0.05546875
0 0.1421875 0.675 0.0953125 0.05703125
0 0.2375 0.6796875 0.0875 0.065625
0 0.321875 0.69453125 0.075 0.05625
0 0.62890625 0.71171875 0.0859375 0.06875
0 0.47890625 0.703125 0.08203125 0.06875
0 0.71953125 0.7203125 0.0890625 0.0765625
0 0.83125 0.740625 0.1234375 0.04765625
0 0.921875 0.740625 0.0515625 0.05234375
0 0.80859375 0.8328125 0.05 0.07265625
0 0.3953125 0.69921875 0.059375 0.06875
0 0.7546875 0.82734375 0.0359375 0.05390625
0 0.42109375 0.79375 0.059375 0.0703125
0 0.68359375 0.8203125 0.02421875 0.05390625
0 0.65546875 0.82265625 0.03359375 0.0515625
0 0.60234375 0.8140625 0.053125 0.05703125
0 0.54453125 0.80625 0.06015625 0.0734375
0 0.4796875 0.7984375 0.0578125 0.06171875
0 0.12578125 0.5765625 0.07421875 0.02109375
0 0.30390625 0.78515625 0.0640625 0.05390625
0 0.246875 0.7796875 0.046875 0.06328125
0 0.19375 0.77265625 0.06015625 0.0515625
0 0.47265625 0.31953125 0.03046875 0.01640625
0 0.87734375 0.59296875 0.0484375 0.0140625
0 0.8828125 0.5765625 0.0484375 0.01484375
0 0.80546875 0.58671875 0.0484375 0.028125
0 0.71640625 0.825 0.0375 0.059375
0 0.97265625 0.74453125 0.04765625 0.05625
0 0.20859375 0.415625 0.02578125 0.0234375
0 0.19765625 0.596875 0.0359375 0.0546875
0 0.78984375 0.4171875 0.0515625 0.0484375
0 0.74140625 0.4171875 0.0453125 0.04765625
0 0.69921875 0.41484375 0.04296875 0.05078125
0 0.65546875 0.41171875 0.0390625 0.0453125
0 0.61171875 0.4125 0.04609375 0.04375
0 0.56640625 0.4109375 0.04375 0.04453125
0 0.51171875 0.39453125 0.06328125 0.07890625
0 0.4640625 0.4015625 0.03125 0.05859375
0 0.43203125 0.4015625 0.0328125 0.0609375
0 0.40078125 0.4015625 0.02578125 0.0609375
0 0.36484375 0.4015625 0.0390625 0.06171875
0 0.3265625 0.4015625 0.03671875 0.06171875
0 0.296875 0.40625 0.02734375 0.0515625
0 0.26796875 0.40390625 0.02734375 0.05390625
0 0.2359375 0.40625 0.028125 0.0515625
0 0.175 0.415625 0.0359375 0.025
0 0.2078125 0.390625 0.02734375 0.02265625
0 0.17734375 0.3890625 0.0359375 0.0203125
0 0.1171875 0.4078125 0.075 0.03515625
0 0.1421875 0.3640625 0.06015625 0.02421875
0 0.96015625 0.52421875 0.0796875 0.0515625
0 0.95625 0.48671875 0.075 0.0234375
0 0.8859375 0.54140625 0.05 0.0203125
0 0.84453125 0.41328125 0.05703125 0.05546875
0 0.89453125 0.4171875 0.04296875 0.053125
0 0.94453125 0.4078125 0.053125 0.0734375
0 0.06328125 0.28828125 0.03359375 0.0484375
0 0.13515625 0.61015625 0.0921875 0.03125
0 0.9765625 0.271875 0.040625 0.0375
0 0.971875 0.309375 0.0484375 0.03203125
0 0.90546875 0.28515625 0.06171875 0.028125
0 0.84453125 0.28515625 0.05859375 0.0265625
0 0.78359375 0.28515625 0.0640625 0.02578125
0 0.7328125 0.28671875 0.040625 0.0234375
0 0.6859375 0.2875 0.05234375 0.0234375
0 0.61953125 0.28515625 0.07734375 0.02890625
0 0.90078125 0.3140625 0.06015625 0.02734375
0 0.83828125 0.3140625 0.06328125 0.02734375
0 0.88671875 0.51875 0.05625 0.0203125
0 0.778125 0.31328125 0.0578125 0.0265625
0 0.6625 0.3171875 0.059375 0.02421875
0 0.603125 0.3171875 0.05859375 0.0234375
0 0.5296875 0.2828125 0.06640625 0.0875
0 0.43203125 0.29375 0.0328125 0.07109375
0 0.4 0.29375 0.028125 0.0734375
0 0.378125 0.29296875 0.0203125 0.07265625
0 0.35625 0.2921875 0.0171875 0.0734375
0 0.33203125 0.29296875 0.025 0.07578125
0 0.30078125 0.30078125 0.0359375 0.05703125
0 0.2640625 0.296875 0.0359375 0.05234375
0 0.2234375 0.2875 0.04765625 0.06953125
0 0.71875 0.31484375 0.05703125 0.021875
0 0.890625 0.4953125 0.05078125 0.028125
0 0.09296875 0.2890625 0.02109375 0.0484375
0 0.8359375 0.51640625 0.03984375 0.0203125
0 0.8421875 0.65859375 0.0453125 0.02421875
0 0.83515625 0.62890625 0.03828125 0.0359375
0 0.7875 0.6171875 0.05625 0.02109375
0 0.78515625 0.63671875 0.0484375 0.015625
0 0.78515625 0.6546875 0.0484375 0.01953125
0 0.73671875 0.65390625 0.04296875 0.02109375
0 0.7375 0.634375 0.0453125 0.01796875
0 0.73671875 0.61796875 0.03828125 0.01640625
0 0.68359375 0.6234375 0.04140625 0.034375
0 0.68984375 0.65078125 0.05234375 0.01796875
0 0.64140625 0.6234375 0.0421875 0.025
0 0.58671875 0.62265625 0.06171875 0.05546875
0 0.5359375 0.640625 0.04296875 0.01953125
0 0.53359375 0.61796875 0.0390625 0.02421875
0 0.4921875 0.6125 0.04375 0.021875
0 0.4890625 0.6359375 0.04140625 0.0203125
0 0.4390625 0.6109375 0.05234375 0.05546875
0 0.36171875 0.62265625 0.075 0.02578125
0 0.3703125 0.59375 0.0796875 0.0265625
0 0.2890625 0.5859375 0.06484375 0.0296875
0 0.28671875 0.615625 0.06171875 0.02890625
0 0.23359375 0.6 0.0328125 0.05859375
0 0.8453125 0.49765625 0.05625 0.0140625
0 0.88828125 0.640625 0.05078125 0.06171875
0 0.959375 0.646875 0.06875 0.05390625
0 0.6390625 0.64765625 0.04296875 0.01796875
0 0.0484375 0.49765625 0.06484375 0.03046875
0 0.83359375 0.5359375 0.04453125 0.0203125
0 0.06015625 0.46171875 0.0625 0.028125
0 0.7875 0.5375 0.0390625 0.01953125
0 0.7890625 0.5109375 0.04375 0.0265625
0 0.73828125 0.5 0.0515625 0.02578125
0 0.73671875 0.5265625 0.0484375 0.02734375
0 0.68828125 0.5140625 0.03671875 0.053125
0 0.64453125 0.521875 0.04375 0.0375
0 0.5859375 0.52109375 0.04609375 0.04140625
0 0.53828125 0.509375 0.04296875 0.0515625
0 0.47578125 0.525 0.0421875 0.01796875
0 0.47421875 0.5015625 0.040625 0.025
0 0.43046875 0.5234375 0.040625 0.0171875
0 0.6375 0.49296875 0.02890625 0.0203125
0 0.43203125 0.5 0.03671875 0.0296875
0 0.390625 0.5203125 0.0390625 0.0171875
0 0.390625 0.503125 0.0390625 0.01640625
0 0.39453125 0.48515625 0.03125 0.0203125
0 0.346875 0.50390625 0.03671875 0.04765625
0 0.31171875 0.49609375 0.03203125 0.0625
0 0.28515625 0.49453125 0.02109375 0.06015625
0 0.23203125 0.5125 0.0359375 0.01953125
0 0.23359375 0.48828125 0.0375 0.0296875
0 0.19296875 0.4921875 0.040625 0.05703125
0 0.1328125 0.49609375 0.06796875 0.04296875