0 0.97421875 0.6640625 0.04921875 0.0203125
0 0.0359375 0.7890625 0.0671875 0.01953125
0 0.03671875 0.76796875 0.06875 0.0171875
0 0.0359375 0.73984375 0.071875 0.01875
0 0.13984375 0.78671875 0.115625 0.01953125
0 0.1390625 0.76484375 0.11796875 0.021875
0 0.45546875 0.76796875 0.059375 0.05703125
0 0.140625 0.73671875 0.1125 0.0234375
0 0.9578125 0.8875 0.03203125 0.08125
0 0.91796875 0.890625 0.03515625 0.08125
0 0.87890625 0.88984375 0.03359375 0.084375
0 0.259375 0.6625 0.08203125 0.0171875
0 0.25703125 0.64140625 0.08828125 0.01796875
0 0.4515625 0.6875 0.12265625 0.0234375
0 0.4421875 0.66328125 0.13515625 0.01875
0 0.97421875 0.68671875 0.04921875 0.01875
0 0.44375 0.6375 0.1328125 0.021875
0 0.584375 0.6640625 0.1375 0.01953125
0 0.58671875 0.64140625 0.14140625 0.01875
0 0.73203125 0.684375 0.134375 0.01796875
0 0.7296875 0.6625 0.140625 0.021875
0 0.7328125 0.63984375 0.13515625 0.01484375
0 0.8734375 0.6859375 0.13515625 0.0234375
0 0.878125 0.66171875 0.13515625 0.02421875
0 0.584375 0.68671875 0.1375 0.021875
0 0.25546875 0.7859375 0.10546875 0.01796875
0 0.66171875 0.875 0.040625 0.08359375
0 0.259375 0.73984375 0.096875 0.0234375
0 0.9859375 0.871875 0.02421875 0.07734375
0 0.51796875 0.7625 0.065625 0.0671875
0 0.58359375 0.76171875 0.05390625 0.06875
0 0.6484375 0.7671875 0.06484375 0.0640625
0 0.71484375 0.76875 0.06015625 0.05625
0 0.79375 0.765625 0.09453125 0.06640625
0 0.88046875 0.7765625 0.02578125 0.04296875
0 0.025 0.89140625 0.02421875 0.08515625
0 0.94609375 0.7796875 0.065625 0.04453125
0 0.07890625 0.88359375 0.02421875 0.08125
0 0.11171875 0.8828125 0.028125 0.090625
0 0.14609375 0.890625 0.025 0.0828125
0 0.190625 0.8921875 0.0328125 0.0859375
0 0.309375 0.8859375 0.08125 0.1015625
0 0.38515625 0.88984375 0.0421875 0.0796875
0 0.4609375 0.88671875 0.0453125 0.08671875
0 0.50390625 0.8875 0.03203125 0.08359375
0 0.55 0.890625 0.0375 0.08671875
0 0.5875 0.88984375 0.03515625 0.0875
0 0.6234375 0.890625 0.03046875 0.08359375
0 0.39375 0.76640625 0.059375 0.0546875
0 0.72109375 0.8890625 0.03203125 0.08671875
0 0.75859375 0.8921875 0.034375 0.08671875
0 0.80234375 0.89140625 0.0390625 0.084375
0 0.840625 0.89140625 0.034375 0.0875
0 0.25546875 0.765625 0.1046875 0.01796875
0 0.33515625 0.5203125 0.0546875 0.034375
0 0.76484375 0.55 0.15546875 0.0140625
0 0.334375 0.58203125 0.0484375 0.02890625
0 0.27265625 0.309375 0.165625 0.025
0 0.26875 0.2828125 0.15703125 0.0265625
0 0.27578125 0.25859375 0.1453125 0.021875
0 0.30546875 0.24140625 0.12421875 0.01015625
0 0.1546875 0.2390625 0.134375 0.00859375
0 0.44140625 0.3140625 0.159375 0.0265625
0 0.43984375 0.2859375 0.15703125 0.0265625
0 0.440625 0.26171875 0.153125 0.01875
0 0.60625 0.3125 0.15078125 0.02265625
0 0.096875 0.28125 0.1578125 0.0234375
0 0.6078125 0.2875 0.15234375 0.021875
0 0.06640625 0.40703125 0.128125 0.021875
0 0.06328125 0.38203125 0.12109375 0.0234375
0 0.2046875 0.409375 0.1375 0.0265625
0 0.20625 0.3828125 0.13046875 0.02421875
0 0.2046875 0.35859375 0.13671875 0.021875
0 0.45859375 0.409375 0.17890625 0.0234375
0 0.4609375 0.38515625 0.178125 0.0234375
0 0.4609375 0.36171875 0.178125 0.01953125
0 0.63515625 0.4140625 0.1609375 0.01875
0 0.9359375 0.315625 0.12734375 0.0265625
0 0.63671875 0.39453125 0.16015625 0.0171875
0 0.10078125 0.30625 0.15546875 0.02421875
0 0.9515625 0.14140625 0.096875 0.01484375
0 0.08984375 0.12109375 0.14921875 0.01171875
0 0.07109375 0.1421875 0.13203125 0.01953125
0 0.07109375 0.171875 0.13203125 0.0296875
0 0.153125 0.1609375 0.0234375 0.0484375
0 0.22734375 0.1109375 0.11953125 0.1578125
0 0.34765625 0.11328125 0.115625 0.1515625
0 0.4515625 0.13984375 0.03046875 0.10625
0 0.4828125 0.13984375 0.02734375 0.10390625
0 0.51015625 0.13984375 0.02421875 0.103125
0 0.103125 0.25625 0.15859375 0.02265625
0 0.55 0.14296875 0.0421875 0.0984375
0 0.65 0.15703125 0.05859375 0.0796875
0 0.7046875 0.14140625 0.0296875 0.09765625
0 0.73671875 0.1421875 0.03203125 0.09375
0 0.8046875 0.14375 0.034375 0.09609375
0 0.83671875 0.14453125 0.02578125 0.09296875
0 0.87109375 0.14453125 0.03828125 0.0953125
0 0.95390625 0.18671875 0.09140625 0.021875
0 0.95078125 0.1625 0.0953125 0.02265625
0 0.95390625 0.12265625 0.09140625 0.0171875
0 0.59140625 0.14375 0.03828125 0.1
0 0.63515625 0.3765625 0.16171875 0.01796875
0 0.79375 0.4140625 0.14609375 0.02109375
0 0.78984375 0.3890625 0.14375 0.0234375
0 0.60546875 0.59296875 0.15390625 0.0265625
0 0.7640625 0.6015625 0.1484375 0.01796875
0 0.76171875 0.58359375 0.14765625 0.0140625
0 0.7609375 0.5671875 0.15234375 0.015625
0 0.92265625 0.60234375 0.1515625 0.0171875
0 0.92265625 0.58515625 0.15234375 0.0140625
0 0.92578125 0.56875 0.1484375 0.0140625
0 0.92421875 0.553125 0.1515625 0.0125
0 0.1421875 0.6828125 0.14140625 0.0234375
0 0.446875 0.5453125 0.1296875 0.01640625
0 0.14609375 0.653125 0.13203125 0.0234375
0 0.2609375 0.6828125 0.0796875 0.01796875
0 0.03359375 0.6421875 0.06171875 0.0171875
0 0.034375 0.659375 0.0640625 0.0140625
0 0.03515625 0.68125 0.065625 0.025
0 0.3375 0.746875 0.04140625 0.021875
0 0.334375 0.7171875 0.0359375 0.03359375
0 0.32890625 0.6703125 0.0421875 0.0203125
0 0.33046875 0.6421875 0.05078125 0.025
0 0.33203125 0.61484375 0.04296875 0.025
0 0.14375 0.63515625 0.13359375 0.0109375
0 0.45078125 0.575 0.14140625 0.01953125
0 0.45 0.59765625 0.14140625 0.02265625
0 0.26640625 0.5671875 0.08125 0.025
0 0.7953125 0.36484375 0.1515625 0.0203125
0 0.934375 0.4140625 0.1296875 0.0234375
0 0.0390625 0.47890625 0.07734375 0.02109375
0 0.040625 0.4578125 0.08125 0.01953125
0 0.1515625 0.503125 0.16484375 0.0171875
0 0.44765625 0.50703125 0.15234375 0.02265625
0 0.6 0.5078125 0.1421875 0.021875
0 0.7484375 0.509375 0.14765625 0.02109375
0 0.89921875 0.51015625 0.1453125 0.02109375
0 0.45078125 0.4828125 0.14140625 0.0234375
0 0.03203125 0.503125 0.0640625 0.0203125
0 0.44921875 0.459375 0.14453125 0.021875
0 0.59921875 0.48515625 0.13671875 0.01953125
0 0.60078125 0.46328125 0.14453125 0.02109375
0 0.7484375 0.4859375 0.1421875 0.02109375
0 0.74921875 0.46328125 0.14453125 0.01953125
0 0.8984375 0.4875 0.1390625 0.02109375
0 0.90234375 0.465625 0.14609375 0.0203125
0 0.13984375 0.596875 0.1453125 0.0265625
0 0.153125 0.5578125 0.13125 0.0203125
0 0.259375 0.5953125 0.09140625 0.0234375
0 0.33671875 0.5515625 0.05234375 0.02578125