0 0.37109375 0.65703125 0.0296875 0.09609375
0 0.12734375 0.7640625 0.05625 0.0671875
0 0.95078125 0.8703125 0.03125 0.08828125
0 0.23984375 0.42890625 0.06796875 0.07265625
0 0.17578125 0.4234375 0.05703125 0.08203125
0 0.09765625 0.41640625 0.0859375 0.0984375
0 0.02734375 0.42421875 0.05234375 0.08203125
0 0.89296875 0.40546875 0.1875 0.28984375
0 0.75390625 0.309375 0.06171875 0.075
0 0.684375 0.3109375 0.06640625 0.07421875
0 0.6125 0.29453125 0.0671875 0.11171875
0 0.53515625 0.29609375 0.0796875 0.10703125
0 0.43125 0.30234375 0.11328125 0.08984375
0 0.3453125 0.31640625 0.05078125 0.0640625
0 0.24375 0.29609375 0.065625 0.103125
0 0.18203125 0.30546875 0.0578125 0.08359375
0 0.1265625 0.30703125 0.0484375 0.084375
0 0.06015625 0.30625 0.08125 0.08671875
0 0.97109375 0.18125 0.0578125 0.078125
0 0.44375 0.65859375 0.0375 0.08125
0 0.47890625 0.659375 0.03046875 0.084375
0 0.515625 0.66015625 0.03671875 0.08828125
0 0.55078125 0.6625 0.03359375 0.084375
0 0.58671875 0.66015625 0.034375 0.08046875
0 0.621875 0.659375 0.03515625 0.08203125
0 0.6609375 0.6578125 0.03671875 0.0796875
0 0.70859375 0.646875 0.05546875 0.09296875
0 0.7609375 0.6578125 0.05078125 0.08515625
0 0.3140625 0.41484375 0.075 0.09921875
0 0.38046875 0.4296875 0.0546875 0.0671875
0 0.4390625 0.4234375 0.06015625 0.08125
0 0.50625 0.41484375 0.06953125 0.0984375
0 0.33984375 0.6578125 0.03125 0.0953125
0 0.30625 0.65625 0.03046875 0.09453125
0 0.26953125 0.65625 0.03828125 0.096875
0 0.234375 0.6734375 0.03046875 0.05390625
0 0.19921875 0.671875 0.03359375 0.053125
0 0.15859375 0.678125 0.0328125 0.05390625
0 0.121875 0.67578125 0.0390625 0.05625
0 0.071875 0.66640625 0.05078125 0.07890625
0 0.015625 0.55859375 0.03125 0.0640625
0 0.0234375 0.6640625 0.04296875 0.0796875
0 0.753125 0.53125 0.07109375 0.1046875
0 0.684375 0.5421875 0.06328125 0.0828125
0 0.81171875 0.659375 0.04375 0.08828125
0 0.62421875 0.53515625 0.05625 0.096875
0 0.50546875 0.53828125 0.065625 0.08984375
0 0.4421875 0.53828125 0.05859375 0.0953125
0 0.36953125 0.53359375 0.08359375 0.10234375
0 0.30625 0.53515625 0.04296875 0.0984375
0 0.25546875 0.53515625 0.05703125 0.0953125
0 0.20078125 0.5390625 0.04921875 0.0890625
0 0.1484375 0.54140625 0.05390625 0.08515625
0 0.0984375 0.553125 0.03984375 0.075
0 0.05546875 0.553125 0.040625 0.06953125
0 0.72109375 0.4234375 0.06015625 0.06953125
0 0.63828125 0.4125 0.07421875 0.1015625
0 0.57109375 0.428125 0.0546875 0.06875
0 0.5640625 0.53828125 0.05078125 0.0890625
0 0.98515625 0.87109375 0.0296875 0.08984375
0 0.90625 0.18125 0.0671875 0.07890625
0 0.840625 0.08828125 0.0859375 0.025
0 0.309375 0.765625 0.07265625 0.06328125
0 0.40234375 0.753125 0.10078125 0.0578125
0 0.4890625 0.76328125 0.06484375 0.05859375
0 0.55625 0.76875 0.0703125 0.0625
0 0.62734375 0.765625 0.06796875 0.05703125
0 0.6984375 0.765625 0.06953125 0.05859375
0 0.7546875 0.76171875 0.0421875 0.05234375
0 0.7984375 0.75625 0.04296875 0.05234375
0 0.85 0.7671875 0.034375 0.0453125
0 0.965625 0.7625 0.0453125 0.06484375
0 0.025 0.865625 0.04765625 0.096875
0 0.06953125 0.865625 0.040625 0.0984375
0 0.11796875 0.865625 0.0546875 0.0984375
0 0.171875 0.86484375 0.05 0.09921875
0 0.221875 0.86484375 0.0515625 0.1
0 0.40390625 0.86640625 0.05 0.10390625
0 0.46328125 0.87578125 0.04375 0.08515625
0 0.5046875 0.86015625 0.0375 0.06796875
0 0.546875 0.87578125 0.0453125 0.07578125
0 0.59296875 0.87734375 0.0453125 0.07578125
0 0.690625 0.87578125 0.0375 0.0734375
0 0.73515625 0.8796875 0.046875 0.0796875
0 0.78125 0.878125 0.04375 0.07578125
0 0.83828125 0.85625 0.04296875 0.06953125
0 0.91171875 0.88046875 0.04609375 0.078125
0 0.21640625 0.76640625 0.1140625 0.0625
0 0.40625 0.65625 0.0390625 0.09765625
0 0.07578125 0.7640625 0.04609375 0.06875
0 0.02578125 0.76328125 0.0484375 0.06796875
0 0.859375 0.65859375 0.05234375 0.09609375
0 0.82421875 0.15859375 0.0875 0.04375
0 0.81875 0.20234375 0.090625 0.03828125
0 0.7265625 0.203125 0.078125 0.03984375
0 0.734375 0.1625 0.08125 0.03125
0 0.73359375 0.128125 0.0828125 0.0375
0 0.6375 0.2015625 0.0859375 0.04375
0 0.63984375 0.16328125 0.103125 0.0296875
0 0.6375 0.12265625 0.1046875 0.04140625
0 0.54609375 0.2140625 0.075 0.0234375
0 0.54765625 0.1859375 0.08203125 0.03125
0 0.5453125 0.1515625 0.07890625 0.03203125
0 0.85703125 0.0625 0.0828125 0.02265625
0 0.46640625 0.21015625 0.07265625 0.0296875
0 0.3875 0.21015625 0.075 0.03125
0 0.240625 0.17734375 0.05234375 0.02109375
0 0.31015625 0.21015625 0.07109375 0.0328125
0 0.240625 0.20625 0.05234375 0.03671875
0 0.390625 0.17265625 0.0640625 0.03671875
0 0.31328125 0.184375 0.0828125 0.01875
0 0.31015625 0.15546875 0.0734375 0.0328125
0 0.24296875 0.14765625 0.0578125 0.03671875
0 0.153125 0.20390625 0.0828125 0.040625
0 0.15234375 0.16484375 0.08125 0.034375
0 0.0484375 0.19765625 0.08671875 0.0578125
0 0.909375 0.65859375 0.04375 0.096875
0 0.4640625 0.17265625 0.078125 0.040625
0 0.82421875 0.11953125 0.08828125 0.034375
0 0.64609375 0.875 0.04609375 0.07734375