0 0.41484375 0.24453125 0.0671875 0.0390625
0 0.728125 0.24921875 0.075 0.034375
0 0.484375 0.24375 0.06796875 0.0390625
0 0.409375 0.28125 0.0671875 0.034375
0 0.48359375 0.28203125 0.0671875 0.034375
0 0.56328125 0.28359375 0.0671875 0.034375
0 0.553125 0.25234375 0.06015625 0.028125
0 0.65234375 0.21015625 0.075 0.03515625
0 0.7328125 0.2125 0.075 0.03515625
0 0.64921875 0.246875 0.075 0.03515625
0 0.64453125 0.284375 0.075 0.034375
0 0.79609375 0.29140625 0.0546875 0.02578125
0 0.8 0.22890625 0.0546875 0.02578125
0 0.79765625 0.2578125 0.0546875 0.02578125
0 0.86171875 0.2578125 0.0546875 0.02578125
0 0.28828125 0.2671875 0.02109375 0.04765625
0 0.26015625 0.26796875 0.02421875 0.05078125
0 0.23515625 0.271875 0.02890625 0.03828125
0 0.159375 0.2703125 0.06171875 0.0125
0 0.15625 0.284375 0.07265625 0.01640625
0 0.85078125 0.28984375 0.0546875 0.02578125
0 0.3234375 0.25859375 0.02578125 0.07265625
0 0.725 0.28671875 0.075 0.03515625
0 0.35625 0.259375 0.02578125 0.07734375
0 0.5328125 0.36953125 0.04765625 0.021875
0 0.61015625 0.64453125 0.06484375 0.025
0 0.3359375 0.684375 0.05078125 0.03515625
0 0.2734375 0.68515625 0.05078125 0.0296875
0 0.34296875 0.65078125 0.0546875 0.02890625
0 0.2796875 0.653125 0.053125 0.0296875
0 0.5703125 0.4296875 0.05625 0.05546875
0 0.56640625 0.48671875 0.05 0.0515625
0 0.63046875 0.4859375 0.046875 0.04921875
0 0.63203125 0.42890625 0.04375 0.05078125
0 0.6984375 0.43125 0.05703125 0.0515625
0 0.690625 0.48828125 0.053125 0.05390625
0 0.76171875 0.4296875 0.046875 0.0515625
0 0.7625 0.4875 0.05546875 0.04921875
0 0.83828125 0.43125 0.0765625 0.0515625
0 0.8359375 0.48984375 0.059375 0.0515625
0 0.928125 0.46796875 0.0765625 0.0453125
0 0.403125 0.68046875 0.04921875 0.03125
0 0.540625 0.6453125 0.06328125 0.02734375
0 0.53828125 0.67421875 0.05859375 0.028125
0 0.6078125 0.6765625 0.0609375 0.0265625
0 0.21796875 0.475 0.0484375 0.05
0 0.15390625 0.6859375 0.05234375 0.0296875
0 0.27109375 0.4765625 0.0515625 0.05
0 0.8921875 0.675 0.046875 0.0265625
0 0.81875 0.6859375 0.0640625 0.0265625
0 0.746875 0.68359375 0.05859375 0.03125
0 0.82265625 0.65625 0.06484375 0.0296875
0 0.94921875 0.38984375 0.090625 0.0546875
0 0.74921875 0.65390625 0.0546875 0.01953125
0 0.39609375 0.4265625 0.0515625 0.0546875
0 0.4546875 0.4265625 0.053125 0.05234375
0 0.39453125 0.48671875 0.053125 0.0578125
0 0.4546875 0.4859375 0.053125 0.059375
0 0.509375 0.48828125 0.05 0.0515625
0 0.5125 0.4296875 0.0453125 0.05234375
0 0.67890625 0.68125 0.05078125 0.02890625
0 0.3296875 0.4796875 0.05546875 0.04765625
0 0.15 0.4859375 0.0546875 0.05546875
0 0.14921875 0.56328125 0.0640625 0.03203125
0 0.21171875 0.5625 0.05234375 0.03359375
0 0.8203125 0.5890625 0.05625 0.03671875
0 0.7625 0.55234375 0.05546875 0.0359375
0 0.81875 0.55078125 0.046875 0.03359375
0 0.928125 0.6046875 0.04375 0.04375
0 0.9765625 0.60546875 0.046875 0.04296875
0 0.90078125 0.5203125 0.04140625 0.02109375
0 0.89453125 0.5 0.040625 0.01640625
0 0.89375 0.5421875 0.03828125 0.0203125
0 0.89296875 0.56015625 0.0375 0.0171875
0 0.88984375 0.58203125 0.03203125 0.01953125
0 0.88671875 0.60234375 0.03203125 0.01796875
0 0.88671875 0.62265625 0.0359375 0.01796875
0 0.8875 0.6390625 0.0265625 0.015625
0 0.15625 0.6546875 0.06171875 0.028125
0 0.21640625 0.6515625 0.05234375 0.02578125
0 0.76015625 0.5890625 0.05 0.03515625
0 0.69921875 0.59375 0.04140625 0.02734375
0 0.64609375 0.59609375 0.0453125 0.02421875
0 0.703125 0.56015625 0.05 0.0296875
0 0.21015625 0.6 0.05 0.02734375
0 0.26640625 0.56328125 0.0484375 0.0296875
0 0.3203125 0.56171875 0.04765625 0.03203125
0 0.3765625 0.56171875 0.05 0.0296875
0 0.2671875 0.596875 0.04453125 0.0359375
0 0.31875 0.596875 0.04453125 0.03203125
0 0.37265625 0.59765625 0.04765625 0.03203125
0 0.1484375 0.59765625 0.0578125 0.03359375
0 0.425 0.59609375 0.04375 0.03359375
0 0.48125 0.56328125 0.046875 0.0375
0 0.53203125 0.565625 0.04609375 0.03359375
0 0.590625 0.5640625 0.04296875 0.03359375
0 0.48359375 0.59609375 0.04140625 0.02109375
0 0.5359375 0.59765625 0.04765625 0.02265625
0 0.59140625 0.596875 0.05078125 0.0234375
0 0.6453125 0.56328125 0.05 0.0328125
0 0.43046875 0.55546875 0.0328125 0.0265625
0 0.15 0.4265625 0.06015625 0.05859375
0 0.23515625 0.421875 0.03984375 0.046875
0 0.85234375 0.37265625 0.06484375 0.01875
0 0.14609375 0.3328125 0.05703125 0.03125
0 0.94921875 0.28203125 0.04296875 0.0515625
0 0.940625 0.67421875 0.040625 0.028125
0 0.88828125 0.725 0.0828125 0.04140625
0 0.96328125 0.721875 0.06484375 0.03984375
0 0.878125 0.80234375 0.05078125 0.03359375
0 0.9359375 0.80234375 0.05234375 0.034375
0 0.98359375 0.8015625 0.028125 0.03515625
0 0.8046875 0.79296875 0.06796875 0.053125
0 0.8109375 0.7421875 0.05390625 0.0390625
0 0.846875 0.34140625 0.06015625 0.0234375
0 0.73359375 0.79765625 0.0625 0.05546875
0 0.66640625 0.75078125 0.053125 0.0328125
0 0.6 0.7421875 0.053125 0.03515625
0 0.60234375 0.79765625 0.05 0.059375
0 0.6640625 0.79765625 0.0546875 0.05390625
0 0.5296875 0.778125 0.084375 0.09609375
0 0.44609375 0.77421875 0.075 0.10390625
0 0.3328125 0.78125 0.115625 0.07734375
0 0.228125 0.76640625 0.0640625 0.02734375
0 0.16171875 0.7625 0.071875 0.02890625
0 0.15234375 0.809375 0.065625 0.05390625
0 0.22421875 0.80625 0.06640625 0.04765625
0 0.20859375 0.334375 0.0578125 0.03203125
0 0.14296875 0.3640625 0.05703125 0.0265625
0 0.7421875 0.74609375 0.05625 0.04296875
0 0.215625 0.68359375 0.0453125 0.03046875
0 0.7828125 0.371875 0.06328125 0.02421875
0 0.715625 0.3703125 0.05859375 0.0234375
0 0.65703125 0.371875 0.05078125 0.0265625
0 0.71328125 0.34140625 0.05390625 0.03046875
0 0.5921875 0.36640625 0.05078125 0.025
0 0.59609375 0.3375 0.0484375 0.02890625
0 0.53671875 0.3390625 0.05625 0.028125
0 0.46796875 0.36796875 0.0546875 0.028125
0 0.41015625 0.36875 0.0578125 0.02734375
0 0.65546875 0.34140625 0.053125 0.03203125
0 0.41171875 0.33828125 0.05546875 0.0296875
0 0.3453125 0.36796875 0.05859375 0.02578125
0 0.34375 0.33671875 0.06171875 0.0328125
0 0.20625 0.36484375 0.05859375 0.028125
0 0.47734375 0.33671875 0.05546875 0.0296875
0 0.278125 0.3640625 0.05625 0.03046875