0 0.76640625 0.8328125 0.03125 0.0890625
0 0.8390625 0.66328125 0.03515625 0.0859375
0 0.8765625 0.65859375 0.03828125 0.0859375
0 0.92265625 0.6515625 0.04453125 0.06953125
0 0.975 0.65 0.0484375 0.06171875
0 0.9390625 0.815625 0.03671875 0.03359375
0 0.87265625 0.81640625 0.02890625 0.0734375
0 0.83515625 0.821875 0.03984375 0.0734375
0 0.78828125 0.6921875 0.05390625 0.0265625
0 0.978125 0.80859375 0.0359375 0.0296875
0 0.73359375 0.7 0.05234375 0.03125
0 0.4328125 0.73515625 0.07265625 0.053125
0 0.6625 0.69140625 0.02578125 0.0703125
0 0.63359375 0.69609375 0.02578125 0.06953125
0 0.60234375 0.690625 0.03828125 0.0875
0 0.56328125 0.6984375 0.034375 0.09375
0 0.52421875 0.703125 0.03984375 0.0828125
0 0.48671875 0.7109375 0.028125 0.08359375
0 0.35546875 0.740625 0.078125 0.0484375
0 0.25625 0.7625 0.08671875 0.0453125
0 0.25 0.725 0.07421875 0.0171875
0 0.24921875 0.703125 0.07890625 0.0203125
0 0.7328125 0.8359375 0.034375 0.084375
0 0.68984375 0.6890625 0.025 0.0703125
0 0.69453125 0.8578125 0.040625 0.0625
0 0.9046875 0.825 0.0328125 0.03125
0 0.5671875 0.8828125 0.0671875 0.06171875
0 0.33515625 0.49375 0.03828125 0.0859375
0 0.28828125 0.496875 0.04609375 0.084375
0 0.0125 0.51640625 0.025 0.0953125
0 0.1609375 0.50703125 0.05625 0.08984375
0 0.10703125 0.5109375 0.04921875 0.08984375
0 0.05390625 0.5140625 0.05 0.09296875
0 0.1 0.365625 0.0546875 0.096875
0 0.15234375 0.37421875 0.04296875 0.0765625
0 0.384375 0.49296875 0.04765625 0.084375
0 0.24453125 0.390625 0.05625 0.03359375
0 0.35078125 0.384375 0.05390625 0.02890625
0 0.40234375 0.3828125 0.04609375 0.03046875
0 0.4453125 0.359375 0.03359375 0.0765625
0 0.48515625 0.35625 0.04140625 0.071875
0 0.5265625 0.35859375 0.04140625 0.065625
0 0.56796875 0.35546875 0.03515625 0.0640625
0 0.60546875 0.3734375 0.0359375 0.0265625
0 0.64609375 0.371875 0.03828125 0.028125
0 0.29765625 0.3875 0.04765625 0.0328125
0 0.68671875 0.37109375 0.03671875 0.02890625
0 0.46875 0.51328125 0.04140625 0.03125
0 0.546875 0.4734375 0.04140625 0.084375
0 0.05390625 0.76953125 0.09140625 0.0328125
0 0.05 0.7421875 0.07890625 0.01796875
0 0.04921875 0.7203125 0.0796875 0.01484375
0 0.015625 0.6421875 0.03125 0.09375
0 0.06875 0.63671875 0.06796875 0.090625
0 0.1359375 0.63046875 0.06328125 0.0953125
0 0.203125 0.621875 0.06484375 0.08984375
0 0.33984375 0.62578125 0.08046875 0.05
0 0.5078125 0.47734375 0.03359375 0.0859375
0 0.42421875 0.61171875 0.07734375 0.05
0 0.67265625 0.57421875 0.046875 0.0703125
0 0.78515625 0.56875 0.04453125 0.07109375
0 0.83984375 0.58125 0.04921875 0.03203125
0 0.88515625 0.55546875 0.03359375 0.065625
0 0.93359375 0.5484375 0.05703125 0.06171875
0 0.76015625 0.4625 0.1046875 0.0734375
0 0.640625 0.86875 0.06171875 0.053125
0 0.59765625 0.471875 0.04765625 0.08203125
0 0.62890625 0.578125 0.03515625 0.078125
0 0.06015625 0.79921875 0.08984375 0.0234375
0 0.7265625 0.36796875 0.03828125 0.028125
0 0.85625 0.3484375 0.040625 0.0421875
0 0.10078125 0.215625 0.06640625 0.096875
0 0.03203125 0.2484375 0.0640625 0.034375
0 0.06484375 0.07421875 0.065625 0.0890625
0 0.125 0.07734375 0.04921875 0.08125
0 0.17265625 0.0765625 0.04140625 0.08515625
0 0.21328125 0.0765625 0.03671875 0.0875
0 0.2609375 0.0828125 0.0546875 0.075
0 0.3140625 0.0828125 0.04921875 0.078125
0 0.1859375 0.2046875 0.0515625 0.11015625
0 0.3546875 0.08046875 0.02734375 0.08046875
0 0.48515625 0.078125 0.1265625 0.096875
0 0.60625 0.08125 0.109375 0.0859375
0 0.684375 0.08828125 0.04140625 0.075
0 0.78046875 0.0875 0.09765625 0.0828125
0 0.8625 0.0984375 0.04140625 0.0625
0 0.90625 0.1078125 0.03359375 0.05
0 0.9421875 0.09921875 0.0328125 0.065625
0 0.9796875 0.09765625 0.040625 0.0609375
0 0.3953125 0.07578125 0.04765625 0.1015625
0 0.790625 0.33984375 0.08671875 0.075
0 0.2390625 0.203125 0.04765625 0.1140625
0 0.32734375 0.21796875 0.03984375 0.0765625
0 0.953125 0.34453125 0.0640625 0.0453125
0 0.721875 0.21015625 0.08828125 0.08359375
0 0.784375 0.209375 0.0328125 0.0796875
0 0.81875 0.2078125 0.03203125 0.0796875
0 0.85390625 0.2078125 0.0328125 0.0796875
0 0.88828125 0.209375 0.03203125 0.07890625
0 0.92109375 0.20859375 0.03125 0.0765625
0 0.953125 0.2078125 0.0296875 0.0765625
0 0.28515625 0.21875 0.04140625 0.0765625
0 0.984375 0.215625 0.03125 0.059375
0 0.62734375 0.225 0.02890625 0.0546875
0 0.59375 0.21640625 0.034375 0.0703125
0 0.55546875 0.2203125 0.034375 0.078125
0 0.51875 0.21875 0.0359375 0.0703125
0 0.4828125 0.2203125 0.03359375 0.06875
0 0.44375 0.2203125 0.03828125 0.078125
0 0.403125 0.21875 0.03984375 0.0734375
0 0.365625 0.22578125 0.0328125 0.065625
0 0.66015625 0.225 0.03125 0.05234375
0 0.15546875 0.76328125 0.08984375 0.0625
0 0.6453125 0.46953125 0.04765625 0.0859375
0 0.20078125 0.9484375 0.1078125 0.05859375
0 0.0828125 0.9546875 0.0984375 0.053125
0 0.38671875 0.890625 0.07265625 0.0515625
0 0.48671875 0.8984375 0.07734375 0.0484375