0 0.21796875 0.60078125 0.046875 0.0765625
0 0.2671875 0.6 0.05078125 0.078125
0 0.31640625 0.59921875 0.046875 0.075
0 0.51015625 0.59921875 0.04609375 0.0734375
0 0.41953125 0.59921875 0.04296875 0.07578125
0 0.4625 0.59765625 0.04609375 0.078125
0 0.16640625 0.60078125 0.0578125 0.07890625
0 0.36484375 0.5984375 0.04921875 0.0765625
0 0.11484375 0.60546875 0.04453125 0.071875
0 0.90703125 0.45078125 0.04296875 0.08359375
0 0.01796875 0.60546875 0.03515625 0.0734375
0 0.97890625 0.6046875 0.0375 0.0609375
0 0.9515625 0.4515625 0.04609375 0.0828125
0 0.859375 0.45078125 0.05078125 0.084375
0 0.809375 0.45078125 0.04609375 0.08125
0 0.76328125 0.453125 0.04609375 0.0796875
0 0.71796875 0.453125 0.0453125 0.08125
0 0.66796875 0.45390625 0.05390625 0.084375
0 0.61953125 0.4546875 0.04296875 0.084375
0 0.06171875 0.6046875 0.05 0.0765625
0 0.55703125 0.5984375 0.04609375 0.075
0 0.78671875 0.6046875 0.04296875 0.065625
0 0.6515625 0.60546875 0.04140625 0.065625
0 0.65859375 0.72421875 0.04453125 0.075
0 0.615625 0.71796875 0.03828125 0.084375
0 0.575 0.721875 0.03828125 0.078125
0 0.5296875 0.7171875 0.03984375 0.0859375
0 0.4921875 0.7203125 0.03515625 0.08125
0 0.45078125 0.721875 0.04765625 0.084375
0 0.40859375 0.721875 0.03671875 0.084375
0 0.36953125 0.72109375 0.0421875 0.0828125
0 0.28359375 0.71953125 0.03671875 0.084375
0 0.2375 0.73125 0.04921875 0.0703125
0 0.1875 0.73046875 0.04921875 0.0703125
0 0.01171875 0.728125 0.0234375 0.07421875
0 0.14140625 0.72734375 0.04296875 0.0765625
0 0.09453125 0.72890625 0.046875 0.075
0 0.04765625 0.72890625 0.04140625 0.0765625
0 0.934375 0.603125 0.0453125 0.06640625
0 0.8828125 0.6046875 0.04296875 0.0671875
0 0.8359375 0.60390625 0.05078125 0.065625
0 0.57109375 0.453125 0.05234375 0.08046875
0 0.74375 0.6046875 0.0421875 0.06484375
0 0.6984375 0.6046875 0.04140625 0.0671875
0 0.60234375 0.6046875 0.03828125 0.065625
0 0.52265625 0.4515625 0.04375 0.08125
0 0.2359375 0.45078125 0.04921875 0.0828125
0 0.42734375 0.45 0.04453125 0.0859375
0 0.096875 0.2890625 0.05234375 0.0859375
0 0.04140625 0.28828125 0.04765625 0.0875
0 0.95546875 0.14453125 0.06015625 0.08984375
0 0.9 0.14375 0.04140625 0.090625
0 0.853125 0.1453125 0.0484375 0.09140625
0 0.803125 0.14375 0.0515625 0.0921875
0 0.75078125 0.128125 0.04296875 0.115625
0 0.70390625 0.128125 0.04140625 0.11875
0 0.65546875 0.12734375 0.04140625 0.1203125
0 0.15078125 0.28671875 0.05 0.090625
0 0.60625 0.1265625 0.05234375 0.11953125
0 0.49453125 0.1265625 0.03984375 0.1203125
0 0.43671875 0.1203125 0.04453125 0.12578125
0 0.3875 0.1203125 0.05234375 0.12578125
0 0.3375 0.1203125 0.03828125 0.125
0 0.2921875 0.1203125 0.053125 0.12421875
0 0.24453125 0.11875 0.04140625 0.1265625
0 0.1984375 0.1234375 0.04453125 0.1109375
0 0.15078125 0.1234375 0.04921875 0.11015625
0 0.0984375 0.1234375 0.04921875 0.10625
0 0.55859375 0.125 0.04296875 0.12109375
0 0.475 0.4515625 0.04765625 0.08203125
0 0.20625 0.2875 0.0546875 0.090625
0 0.31328125 0.28828125 0.05078125 0.0890625
0 0.38203125 0.45 0.04453125 0.0859375
0 0.33359375 0.45 0.04375 0.0875
0 0.284375 0.45 0.05078125 0.0859375
0 0.7046875 0.725 0.04609375 0.075
0 0.184375 0.4484375 0.04609375 0.0828125
0 0.13125 0.45 0.04453125 0.08125
0 0.08046875 0.45 0.053125 0.07734375
0 0.03046875 0.4515625 0.04765625 0.0765625
0 0.95546875 0.2953125 0.053125 0.0890625
0 0.2625 0.28828125 0.0515625 0.08984375
0 0.8984375 0.29296875 0.0390625 0.0921875
0 0.7953125 0.29453125 0.04296875 0.0875
0 0.74609375 0.2953125 0.053125 0.08828125
0 0.68984375 0.29375 0.05859375 0.0859375
0 0.63359375 0.29296875 0.04453125 0.0875
0 0.5828125 0.29375 0.05625 0.0890625
0 0.52734375 0.29296875 0.04453125 0.0921875
0 0.47734375 0.2921875 0.05546875 0.0890625
0 0.42265625 0.29140625 0.04609375 0.0890625
0 0.36953125 0.290625 0.05078125 0.090625
0 0.84609375 0.29296875 0.04296875 0.0875
0 0.7484375 0.7234375 0.0390625 0.075
0 0.32578125 0.72109375 0.03515625 0.0828125
0 0.04609375 0.134375 0.05625 0.0828125
0 0.98828125 0.86875 0.0234375 0.06875
0 0.95546875 0.8671875 0.04296875 0.07109375
0 0.91015625 0.865625 0.0421875 0.06875
0 0.86796875 0.871875 0.04140625 0.0625
0 0.82421875 0.87421875 0.046875 0.065625
0 0.7765625 0.875 0.03984375 0.06171875
0 0.7328125 0.87734375 0.04296875 0.0609375
0 0.68984375 0.8734375 0.0375 0.0671875
0 0.64609375 0.875 0.03828125 0.065625
0 0.6015625 0.86953125 0.05234375 0.0765625
0 0.55078125 0.871875 0.04921875 0.0796875
0 0.49921875 0.8765625 0.0453125 0.06953125
0 0.45859375 0.8765625 0.034375 0.0671875
0 0.3734375 0.87734375 0.04453125 0.0703125
0 0.32578125 0.8765625 0.04453125 0.0703125
0 0.4171875 0.87734375 0.04140625 0.06875
0 0.234375 0.8796875 0.04765625 0.06796875
0 0.79453125 0.7234375 0.0515625 0.075
0 0.2796875 0.8765625 0.04296875 0.0703125
0 0.89609375 0.725 0.04375 0.06875
0 0.94296875 0.72421875 0.04765625 0.06875
0 0.98828125 0.72109375 0.0234375 0.0765625
0 0.84609375 0.725 0.04921875 0.0703125
0 0.059375 0.8671875 0.03828125 0.1015625
0 0.1 0.88203125 0.04296875 0.06875
0 0.14296875 0.88125 0.04296875 0.0703125
0 0.1875 0.88046875 0.04609375 0.0671875
0 0.01953125 0.86875 0.03828125 0.1