0 0.871875 0.59921875 0.03203125 0.0453125
0 0.91875 0.5953125 0.0390625 0.06171875
0 0.9828125 0.59453125 0.034375 0.05625
0 0.2125 0.7203125 0.0265625 0.0765625
0 0.7 0.62109375 0.0578125 0.03359375
0 0.1765625 0.721875 0.03125 0.075
0 0.79765625 0.615625 0.03203125 0.03984375
0 0.75390625 0.6171875 0.040625 0.03828125
0 0.83203125 0.596875 0.0234375 0.0515625
0 0.65078125 0.60703125 0.03515625 0.07578125
0 0.41953125 0.61171875 0.03671875 0.07109375
0 0.5796875 0.60703125 0.0296875 0.06875
0 0.52734375 0.590625 0.03203125 0.06640625
0 0.25625 0.609375 0.02734375 0.0796875
0 0.28984375 0.609375 0.028125 0.0734375
0 0.328125 0.6015625 0.028125 0.0765625
0 0.3765625 0.61328125 0.0328125 0.06953125
0 0.46015625 0.61328125 0.03671875 0.07265625
0 0.49453125 0.5953125 0.0234375 0.07421875
0 0.246875 0.72578125 0.0328125 0.06015625
0 0.6125 0.59921875 0.02421875 0.06171875
0 0.278125 0.71953125 0.02578125 0.0703125
0 0.2515625 0.4875 0.0375 0.078125
0 0.35546875 0.715625 0.04765625 0.040625
0 0.21328125 0.8671875 0.02890625 0.10078125
0 0.2484375 0.865625 0.02734375 0.090625
0 0.28359375 0.859375 0.03046875 0.1015625
0 0.31953125 0.859375 0.02734375 0.09375
0 0.3453125 0.84375 0.01640625 0.0515625
0 0.378125 0.85625 0.02578125 0.08359375
0 0.4140625 0.853125 0.03671875 0.090625
0 0.1734375 0.62421875 0.065625 0.07578125
0 0.9515625 0.6859375 0.03828125 0.046875
0 0.90390625 0.68984375 0.0453125 0.05390625
0 0.85625 0.69140625 0.046875 0.05703125
0 0.80703125 0.690625 0.03671875 0.059375
0 0.759375 0.6921875 0.0421875 0.0625
0 0.70078125 0.6921875 0.03203125 0.0671875
0 0.6640625 0.69453125 0.03046875 0.06953125
0 0.62265625 0.71015625 0.0453125 0.0453125
0 0.57734375 0.7 0.03671875 0.0703125
0 0.54140625 0.70234375 0.025 0.06796875
0 0.51171875 0.7046875 0.028125 0.0734375
0 0.46796875 0.71015625 0.04765625 0.06796875
0 0.41796875 0.70625 0.04921875 0.06640625
0 0.31171875 0.7171875 0.03125 0.07421875
0 0.975 0.50234375 0.05 0.06796875
0 0.940625 0.26484375 0.0625 0.07734375
0 0.8625 0.5 0.04375 0.07578125
0 0.6046875 0.8375 0.0296875 0.08828125
0 0.5765625 0.834375 0.0234375 0.09453125
0 0.54296875 0.8375 0.0296875 0.0984375
0 0.51015625 0.840625 0.01875 0.0953125
0 0.4796875 0.84296875 0.0296875 0.0953125
0 0.44765625 0.8484375 0.021875 0.0921875
0 0.6375 0.82890625 0.02265625 0.09140625
0 0.153125 0.190625 0.071875 0.17421875
0 0.29453125 0.2171875 0.0671875 0.125
0 0.4078125 0.22109375 0.0453125 0.1171875
0 0.4609375 0.22578125 0.0484375 0.11484375
0 0.52734375 0.22421875 0.06796875 0.13359375
0 0.5875 0.22265625 0.04140625 0.1359375
0 0.628125 0.225 0.03046875 0.1390625
0 0.22265625 0.196875 0.0515625 0.15859375
0 0.6703125 0.82890625 0.03828125 0.0890625
0 0.709375 0.83984375 0.02890625 0.059375
0 0.7484375 0.825 0.0359375 0.078125
0 0.034375 0.77578125 0.06875 0.1203125
0 0.10546875 0.60546875 0.05234375 0.0953125
0 0.1203125 0.7125 0.0671875 0.0875
0 0.03515625 0.66484375 0.0703125 0.0546875
0 0.0375 0.59375 0.075 0.0609375
0 0.03671875 0.5171875 0.0734375 0.065625
0 0.1015625 0.52109375 0.04921875 0.065625
0 0.046875 0.4203125 0.09375 0.125
0 0.09765625 0.28515625 0.05703125 0.075
0 0.0828125 0.1796875 0.06796875 0.06875
0 0.9703125 0.78984375 0.04609375 0.10859375
0 0.915625 0.79140625 0.04296875 0.11171875
0 0.859375 0.79609375 0.04296875 0.10234375
0 0.81796875 0.80078125 0.0265625 0.1140625
0 0.78671875 0.82109375 0.03046875 0.07890625
0 0.66796875 0.225 0.02890625 0.1359375
0 0.9140625 0.5125 0.05546875 0.05234375
0 0.72421875 0.22578125 0.0484375 0.1453125
0 0.8515625 0.26875 0.01796875 0.05859375
0 0.215625 0.4875 0.02734375 0.07890625
0 0.2953125 0.4921875 0.0328125 0.0765625
0 0.33203125 0.49375 0.03125 0.07578125
0 0.36875 0.4921875 0.03671875 0.08046875
0 0.40625 0.48984375 0.03046875 0.07578125
0 0.51796875 0.49765625 0.025 0.06796875
0 0.171875 0.4875 0.0375 0.08203125
0 0.55078125 0.49609375 0.0296875 0.06484375
0 0.61484375 0.496875 0.03046875 0.06796875
0 0.6421875 0.49609375 0.0234375 0.065625
0 0.678125 0.4953125 0.03828125 0.06796875
0 0.7375 0.50078125 0.0390625 0.05546875
0 0.77265625 0.4921875 0.028125 0.0703125
0 0.8140625 0.50625 0.0453125 0.0625
0 0.58203125 0.4953125 0.025 0.0671875
0 0.79765625 0.24453125 0.0734375 0.1015625
0 0.8015625 0.3796875 0.0296875 0.09296875
0 0.86015625 0.38046875 0.08125 0.0859375
0 0.88125 0.26953125 0.0296875 0.05390625
0 0.1765625 0.86875 0.03515625 0.0984375
0 0.9875 0.246875 0.025 0.103125
0 0.18359375 0.37890625 0.04609375 0.0796875
0 0.2265625 0.38046875 0.034375 0.075
0 0.265625 0.3796875 0.03125 0.078125
0 0.959375 0.378125 0.08046875 0.08203125
0 0.309375 0.38203125 0.03046875 0.075
0 0.41875 0.3859375 0.040625 0.06640625
0 0.4609375 0.38359375 0.0328125 0.08515625
0 0.4984375 0.38203125 0.03671875 0.07890625
0 0.53203125 0.39453125 0.02109375 0.065625
0 0.56875 0.3828125 0.0421875 0.07734375
0 0.61796875 0.38671875 0.05 0.06796875
0 0.7203125 0.3734375 0.12265625 0.10390625
0 0.37109375 0.3859375 0.04140625 0.07109375
0 0.9859375 0.67890625 0.02578125 0.05625