0 0.228125 0.85390625 0.04140625 0.01953125
0 0.3078125 0.85546875 0.02890625 0.02421875
0 0.30703125 0.82890625 0.028125 0.01640625
0 0.26796875 0.8296875 0.03203125 0.02109375
0 0.34609375 0.85546875 0.0328125 0.02265625
0 0.27265625 0.85625 0.034375 0.02109375
0 0.3453125 0.82734375 0.03125 0.015625
0 0.9359375 0.82265625 0.04609375 0.015625
0 0.34609375 0.24765625 0.03671875 0.08046875
0 0.94453125 0.86953125 0.046875 0.0140625
0 0.853125 0.13359375 0.0484375 0.0765625
0 0.78203125 0.14296875 0.03125 0.05546875
0 0.7484375 0.13828125 0.03046875 0.06640625
0 0.71015625 0.13671875 0.0359375 0.06875
0 0.66640625 0.13359375 0.03984375 0.07421875
0 0.62109375 0.13984375 0.03515625 0.06640625
0 0.58125 0.13203125 0.03203125 0.07578125
0 0.54453125 0.13359375 0.03359375 0.08125
0 0.5078125 0.134375 0.03671875 0.078125
0 0.46796875 0.1296875 0.03671875 0.08203125
0 0.42734375 0.140625 0.0375 0.0640625
0 0.3875 0.140625 0.03359375 0.0640625
0 0.34921875 0.13828125 0.03203125 0.06640625
0 0.3109375 0.13828125 0.03515625 0.06640625
0 0.2671875 0.1375 0.034375 0.0703125
0 0.2296875 0.13671875 0.0375 0.06796875
0 0.1921875 0.13515625 0.03125 0.059375
0 0.1546875 0.13515625 0.02890625 0.059375
0 0.11640625 0.13359375 0.03125 0.0671875
0 0.06484375 0.11796875 0.059375 0.09765625
0 0.8875 0.8703125 0.04765625 0.01484375
0 0.225 0.825 0.0390625 0.01875
0 0.946875 0.85078125 0.04765625 0.015625
0 0.8890625 0.85234375 0.040625 0.015625
0 0.3 0.24609375 0.04296875 0.08125
0 0.25078125 0.24453125 0.05 0.0890625
0 0.19921875 0.24609375 0.0421875 0.08828125
0 0.1484375 0.246875 0.03984375 0.07109375
0 0.06171875 0.2421875 0.09453125 0.08359375
0 0.953125 0.1359375 0.03984375 0.06796875
0 0.903125 0.146875 0.046875 0.04140625
0 0.40390625 0.8109375 0.06015625 0.0203125
0 0.46796875 0.8171875 0.0625 0.01953125
0 0.54296875 0.81015625 0.05703125 0.015625
0 0.39140625 0.2453125 0.04296875 0.09140625
0 0.403125 0.83359375 0.0515625 0.01640625
0 0.54296875 0.83515625 0.0640625 0.015625
0 0.40703125 0.85546875 0.06171875 0.01875
0 0.4765625 0.85546875 0.06015625 0.01796875
0 0.54453125 0.85625 0.06015625 0.01875
0 0.625 0.78671875 0.08984375 0.09453125
0 0.7203125 0.796875 0.0671875 0.08359375
0 0.80703125 0.83046875 0.0515625 0.05859375
0 0.8953125 0.75234375 0.03671875 0.0359375
0 0.94609375 0.75546875 0.03671875 0.0328125
0 0.8875 0.834375 0.04765625 0.01328125
0 0.46953125 0.8359375 0.06171875 0.01171875
0 0.26875 0.80546875 0.03671875 0.01328125
0 0.93671875 0.534375 0.05 0.07265625
0 0.32265625 0.803125 0.0328125 0.02734375
0 0.6265625 0.353125 0.03359375 0.06328125
0 0.68046875 0.353125 0.03515625 0.065625
0 0.71875 0.353125 0.0328125 0.06796875
0 0.77421875 0.34765625 0.03515625 0.075
0 0.825 0.32734375 0.04453125 0.01953125
0 0.82109375 0.34921875 0.03984375 0.01640625
0 0.82265625 0.375 0.04609375 0.02265625
0 0.92890625 0.35078125 0.03203125 0.07890625
0 0.9671875 0.3515625 0.03828125 0.0796875
0 0.88828125 0.3546875 0.0359375 0.07890625
0 0.90859375 0.4515625 0.03046875 0.05546875
0 0.94921875 0.44609375 0.04296875 0.0546875
0 0.74140625 0.45859375 0.0296875 0.0765625
0 0.78359375 0.45703125 0.0453125 0.08515625
0 0.84375 0.45859375 0.04296875 0.084375
0 0.659375 0.4625 0.0375 0.0765625
0 0.70390625 0.4640625 0.03984375 0.0765625
0 0.58203125 0.35625 0.03984375 0.06640625
0 0.54765625 0.35703125 0.02109375 0.05625
0 0.51953125 0.35234375 0.03046875 0.06640625
0 0.48359375 0.353125 0.02734375 0.0625
0 0.50078125 0.24609375 0.0453125 0.090625
0 0.5546875 0.24765625 0.04140625 0.08515625
0 0.60390625 0.24609375 0.04140625 0.08515625
0 0.6515625 0.24609375 0.04765625 0.08828125
0 0.7 0.24296875 0.0484375 0.0953125
0 0.75234375 0.24296875 0.0484375 0.09765625
0 0.81953125 0.23984375 0.06953125 0.0921875
0 0.92421875 0.2546875 0.03515625 0.08125
0 0.57578125 0.46015625 0.03671875 0.075
0 0.96171875 0.2640625 0.03046875 0.06015625
0 0.20625 0.35 0.0375 0.07421875
0 0.259375 0.35078125 0.034375 0.06328125
0 0.3015625 0.35 0.03671875 0.0671875
0 0.3421875 0.35390625 0.03203125 0.065625
0 0.378125 0.35703125 0.03046875 0.06171875
0 0.2234375 0.80234375 0.03515625 0.02265625
0 0.41484375 0.35390625 0.02578125 0.0625
0 0.44921875 0.35078125 0.02890625 0.0734375
0 0.06796875 0.35703125 0.08359375 0.06171875
0 0.6171875 0.4578125 0.03984375 0.078125
0 0.378125 0.315625 0.034375 0.015625
0 0.48359375 0.4625 0.04453125 0.07734375
0 0.82421875 0.575 0.03984375 0.06953125
0 0.87421875 0.60625 0.05078125 0.0609375
0 0.87109375 0.6578125 0.04375 0.02265625
0 0.93359375 0.625 0.025 0.04609375
0 0.96015625 0.62421875 0.025 0.0515625
0 0.88984375 0.70703125 0.08515625 0.0296875
0 0.95859375 0.69296875 0.03125 0.05390625
0 0.76484375 0.67890625 0.1390625 0.07421875
0 0.78359375 0.571875 0.02734375 0.06875
0 0.615625 0.6703125 0.1171875 0.0703125
0 0.36875 0.6640625 0.075 0.0796875
0 0.23984375 0.678125 0.13671875 0.0828125
0 0.0984375 0.71171875 0.0484375 0.06875
0 0.15078125 0.71484375 0.034375 0.065625
0 0.11875 0.82421875 0.115625 0.103125
0 0.228125 0.77109375 0.03828125 0.02734375
0 0.26796875 0.77734375 0.03515625 0.02265625
0 0.5296875 0.46171875 0.04375 0.0734375
0 0.48515625 0.6734375 0.1171875 0.07421875
0 0.75 0.58203125 0.02734375 0.05625
0 0.43984375 0.2453125 0.04296875 0.08984375
0 0.6828125 0.57109375 0.0375 0.08359375
0 0.71796875 0.57890625 0.02890625 0.0609375
0 0.4390625 0.45703125 0.04140625 0.08359375
0 0.3921875 0.4578125 0.046875 0.08203125
0 0.34921875 0.45859375 0.03671875 0.07890625
0 0.30546875 0.45625 0.040625 0.08125
0 0.25703125 0.45625 0.04453125 0.0859375
0 0.025 0.43828125 0.04921875 0.04296875
0 0.08515625 0.440625 0.0421875 0.0375
0 0.1421875 0.43984375 0.05078125 0.03671875
0 0.21015625 0.45546875 0.03828125 0.08203125
0 0.24296875 0.565625 0.040625 0.08125
0 0.29453125 0.56796875 0.05078125 0.08515625
0 0.36015625 0.56484375 0.04140625 0.08671875
0 0.4125 0.56640625 0.046875 0.08125
0 0.46875 0.56640625 0.05078125 0.0796875
0 0.52109375 0.5671875 0.046875 0.07890625
0 0.634375 0.56796875 0.04609375 0.0796875
0 0.15078125 0.565625 0.08671875 0.07265625
0 0.578125 0.56953125 0.0546875 0.078125