0 0.01484375 0.64921875 0.0296875 0.06953125
0 0.103125 0.65625 0.0375 0.0625
0 0.065625 0.65546875 0.03046875 0.06171875
0 0.03984375 0.646875 0.01484375 0.059375
0 0.69296875 0.59453125 0.03203125 0.07109375
0 0.49453125 0.50390625 0.03125 0.06640625
0 0.67421875 0.5078125 0.0390625 0.0609375
0 0.6328125 0.50703125 0.03515625 0.0671875
0 0.59453125 0.503125 0.03359375 0.075
0 0.56015625 0.50390625 0.03125 0.071875
0 0.52890625 0.50234375 0.0296875 0.075
0 0.7140625 0.51484375 0.0375 0.05234375
0 0.1796875 0.6859375 0.0421875 0.059375
0 0.434375 0.6 0.02421875 0.06484375
0 0.2375 0.59609375 0.04296875 0.06875
0 0.2796875 0.584375 0.028125 0.04921875
0 0.34765625 0.59609375 0.0296875 0.06875
0 0.3765625 0.5984375 0.02578125 0.07421875
0 0.40546875 0.5953125 0.02734375 0.071875
0 0.46171875 0.59921875 0.028125 0.065625
0 0.4890625 0.59296875 0.02421875 0.0625
0 0.51640625 0.59453125 0.02734375 0.06796875
0 0.54765625 0.59375 0.03125 0.06796875
0 0.59140625 0.59765625 0.0265625 0.06640625
0 0.64921875 0.5984375 0.0515625 0.06640625
0 0.45859375 0.5 0.0296875 0.08046875
0 0.19609375 0.59453125 0.034375 0.065625
0 0.4265625 0.50703125 0.0296875 0.059375
0 0.946875 0.37890625 0.034375 0.0875
0 0.02421875 0.31328125 0.04609375 0.06171875
0 0.73984375 0.5984375 0.05546875 0.07578125
0 0.9703125 0.20390625 0.059375 0.08515625
0 0.340625 0.46484375 0.0296875 0.02890625
0 0.3375 0.51015625 0.02421875 0.05546875
0 0.30859375 0.496875 0.0296875 0.07734375
0 0.27265625 0.50078125 0.03515625 0.07734375
0 0.234375 0.503125 0.03984375 0.0640625
0 0.19453125 0.5046875 0.03125 0.06953125
0 0.15703125 0.50390625 0.03828125 0.06875
0 0.09609375 0.53984375 0.0328125 0.0734375
0 0.0515625 0.5359375 0.05 0.0765625
0 0.01171875 0.5375 0.02265625 0.08125
0 0.08828125 0.415625 0.02421875 0.09296875
0 0.04453125 0.41484375 0.05859375 0.0953125
0 0.98359375 0.37109375 0.03203125 0.0890625
0 0.9046875 0.37890625 0.04765625 0.08125
0 0.85625 0.38359375 0.04296875 0.0796875
0 0.7890625 0.36015625 0.08828125 0.121875
0 0.70546875 0.3671875 0.06171875 0.0921875
0 0.6421875 0.3640625 0.053125 0.08828125
0 0.58671875 0.3609375 0.0484375 0.09375
0 0.49921875 0.35546875 0.1109375 0.11171875
0 0.37265625 0.36640625 0.1125 0.07890625
0 0.2921875 0.3859375 0.0421875 0.04453125
0 0.19140625 0.39609375 0.140625 0.02421875
0 0.18203125 0.34375 0.1546875 0.07578125
0 0.06796875 0.3046875 0.04140625 0.09296875
0 0.38203125 0.5015625 0.0515625 0.06796875
0 0.78984375 0.60078125 0.02890625 0.075
0 0.90390625 0.175 0.0625 0.1390625
0 0.86796875 0.6046875 0.0515625 0.06953125
0 0.30234375 0.81484375 0.02734375 0.08359375
0 0.3453125 0.771875 0.03984375 0.071875
0 0.4140625 0.81875 0.0265625 0.08828125
0 0.4453125 0.80703125 0.03203125 0.08671875
0 0.48046875 0.8171875 0.03046875 0.08828125
0 0.5125 0.77578125 0.028125 0.07734375
0 0.54609375 0.81015625 0.03203125 0.0984375
0 0.578125 0.8203125 0.02890625 0.08828125
0 0.6140625 0.81796875 0.03125 0.0859375
0 0.64140625 0.7765625 0.01796875 0.065625
0 0.671875 0.790625 0.028125 0.08828125
0 0.7078125 0.81875 0.040625 0.0640625
0 0.75078125 0.81953125 0.0390625 0.06484375
0 0.8140625 0.78125 0.071875 0.07421875
0 0.88203125 0.7796875 0.0546875 0.07578125
0 0.9390625 0.7921875 0.046875 0.08359375
0 0.98359375 0.7890625 0.03203125 0.08671875
0 0.82578125 0.60078125 0.03046875 0.075
0 0.0578125 0.18125 0.06640625 0.09921875
0 0.1453125 0.1859375 0.0484375 0.13515625
0 0.19921875 0.178125 0.05625 0.153125
0 0.26953125 0.17734375 0.05 0.1421875
0 0.334375 0.18671875 0.0515625 0.134375
0 0.27109375 0.81484375 0.03203125 0.0796875
0 0.39140625 0.18828125 0.05546875 0.13359375
0 0.56953125 0.20078125 0.06171875 0.11953125
0 0.6828125 0.1734375 0.059375 0.1453125
0 0.75625 0.19296875 0.075 0.1171875
0 0.83046875 0.18359375 0.0609375 0.1375
0 0.5171875 0.190625 0.0375 0.11796875
0 0.0125 0.1828125 0.02421875 0.0953125
0 0.45703125 0.1890625 0.0703125 0.1328125
0 0.23828125 0.81640625 0.02734375 0.078125
0 0.625 0.17109375 0.04453125 0.15703125
0 0.175 0.81640625 0.0328125 0.07734375
0 0.20859375 0.815625 0.02890625 0.08125
0 0.80859375 0.49140625 0.0484375 0.09375
0 0.86328125 0.503125 0.05703125 0.07265625
0 0.90390625 0.4984375 0.01953125 0.08046875
0 0.94453125 0.490625 0.053125 0.0890625
0 0.98671875 0.49140625 0.02578125 0.08828125
0 0.9109375 0.61171875 0.02734375 0.053125
0 0.93828125 0.61015625 0.0234375 0.05234375
0 0.2171875 0.68125 0.02265625 0.06875
0 0.246875 0.67734375 0.025 0.05625
0 0.27109375 0.6859375 0.02265625 0.0625
0 0.29765625 0.68515625 0.02734375 0.0625
0 0.35234375 0.70078125 0.053125 0.03515625
0 0.4140625 0.6859375 0.06328125 0.0640625
0 0.4671875 0.6875 0.03828125 0.06796875
0 0.97265625 0.60234375 0.03671875 0.05078125
0 0.5421875 0.67734375 0.02734375 0.0453125
0 0.146875 0.80234375 0.02109375 0.10625
0 0.5078125 0.68359375 0.03125 0.06015625
0 0.1015625 0.7828125 0.06171875 0.1421875
0 0.03359375 0.79609375 0.0671875 0.1265625
0 0.97578125 0.68984375 0.0484375 0.0609375
0 0.92734375 0.68671875 0.04140625 0.05546875
0 0.88046875 0.69296875 0.0484375 0.06484375
0 0.825 0.690625 0.05625 0.06171875
0 0.7640625 0.6890625 0.0546875 0.06015625
0 0.715625 0.67890625 0.02109375 0.04609375
0 0.6765625 0.6859375 0.05625 0.02578125
0 0.76015625 0.49140625 0.040625 0.09765625
0 0.675 0.7109375 0.059375 0.02265625
0 0.60234375 0.6890625 0.03046875 0.0640625
0 0.63125 0.6890625 0.0265625 0.0640625
0 0.57109375 0.67421875 0.02578125 0.04140625