0 0.453125 0.58828125 0.03671875 0.0484375
0 0.94609375 0.4609375 0.0453125 0.1015625
0 0.8875 0.4625 0.0703125 0.10390625
0 0.8140625 0.46328125 0.0671875 0.10546875
0 0.74140625 0.46328125 0.07578125 0.103125
0 0.52734375 0.46328125 0.06875 0.10078125
0 0.5984375 0.4640625 0.071875 0.096875
0 0.95546875 0.34921875 0.05234375 0.11328125
0 0.53125 0.646875 0.053125 0.096875
0 0.59296875 0.64921875 0.065625 0.0984375
0 0.66328125 0.64921875 0.075 0.0984375
0 0.73125 0.64921875 0.06015625 0.09921875
0 0.79609375 0.65234375 0.065625 0.0953125
0 0.8640625 0.65 0.07109375 0.09765625
0 0.6703125 0.4625 0.065625 0.1015625
0 0.890625 0.353125 0.0734375 0.109375
0 0.66875 0.353125 0.0625 0.115625
0 0.74296875 0.35390625 0.075 0.1109375
0 0.45625 0.63671875 0.03515625 0.03515625
0 0.921875 0.6421875 0.03828125 0.10703125
0 0.46015625 0.67734375 0.03125 0.03671875
0 0.05234375 0.59609375 0.0703125 0.02421875
0 0.125 0.59296875 0.0640625 0.02109375
0 0.19140625 0.59453125 0.06640625 0.0265625
0 0.2625 0.59140625 0.065625 0.0234375
0 0.3296875 0.590625 0.0640625 0.02734375
0 0.815625 0.35234375 0.0703125 0.1078125
0 0.39765625 0.59921875 0.06875 0.02734375
0 0.1296875 0.6171875 0.05859375 0.0234375
0 0.19375 0.61953125 0.0671875 0.028125
0 0.26328125 0.6171875 0.0671875 0.025
0 0.021875 0.22734375 0.040625 0.09375
0 0.1125 0.234375 0.12421875 0.0765625
0 0.525 0.35 0.06484375 0.10390625
0 0.596875 0.35390625 0.07734375 0.10546875
0 0.44296875 0.52734375 0.05546875 0.01953125
0 0.06015625 0.621875 0.07421875 0.0234375
0 0.89921875 0.8140625 0.03984375 0.096875
0 0.13515625 0.41171875 0.06875 0.03828125
0 0.78671875 0.81171875 0.059375 0.0921875
0 0.3375 0.6671875 0.06484375 0.0203125
0 0.40546875 0.6625 0.06484375 0.0234375
0 0.33671875 0.64375 0.06328125 0.0234375
0 0.40234375 0.640625 0.065625 0.0171875
0 0.40078125 0.621875 0.0671875 0.01796875
0 0.33046875 0.61953125 0.0625 0.02421875
0 0.84609375 0.81640625 0.0578125 0.096875
0 0.03046875 0.13046875 0.0609375 0.08984375
0 0.14453125 0.11875 0.16171875 0.09921875
0 0.3015625 0.1171875 0.1390625 0.09921875
0 0.4296875 0.10703125 0.11328125 0.11640625
0 0.54375 0.10546875 0.10546875 0.11953125
0 0.40546875 0.6859375 0.06171875 0.02109375
0 0.65390625 0.1171875 0.08671875 0.0859375
0 0.93203125 0.125 0.08984375 0.0796875
0 0.9078125 0.23828125 0.0953125 0.084375
0 0.521875 0.2328125 0.15078125 0.096875
0 0.4140625 0.2390625 0.06015625 0.11640625
0 0.09140625 0.3515625 0.1453125 0.0796875
0 0.23515625 0.35 0.1375 0.0765625
0 0.38359375 0.34375 0.1375 0.07578125
0 0.3859375 0.4125 0.134375 0.05390625
0 0.27890625 0.41328125 0.06640625 0.04453125
0 0.209375 0.41171875 0.0640625 0.03828125
0 0.06328125 0.4125 0.06875 0.03671875
0 0.0359375 0.49296875 0.071875 0.02578125
0 0.7859375 0.1203125 0.10234375 0.08671875
0 0.034375 0.51796875 0.06875 0.0265625
0 0.340625 0.6890625 0.06328125 0.01875
0 0.2046875 0.64375 0.0609375 0.01875
0 0.34140625 0.8078125 0.0609375 0.02109375
0 0.3421875 0.78203125 0.06171875 0.02578125
0 0.28046875 0.81015625 0.059375 0.0171875
0 0.2828125 0.78984375 0.05859375 0.0234375
0 0.2140625 0.78359375 0.053125 0.01953125
0 0.2828125 0.85 0.05859375 0.01640625
0 0.28046875 0.82890625 0.059375 0.0234375
0 0.22109375 0.80859375 0.059375 0.025
0 0.2234375 0.84609375 0.05703125 0.02578125
0 0.16328125 0.85234375 0.05625 0.01796875
0 0.159375 0.83125 0.06015625 0.01953125
0 0.09921875 0.84453125 0.05625 0.03046875
0 0.26953125 0.64609375 0.06328125 0.02578125
0 0.1578125 0.809375 0.0609375 0.01953125
0 0.15078125 0.790625 0.06171875 0.01875
0 0.08671875 0.784375 0.04921875 0.0265625
0 0.08125 0.69453125 0.0546875 0.0234375
0 0.14296875 0.6921875 0.065625 0.0171875
0 0.06875 0.67109375 0.06015625 0.02421875
0 0.1359375 0.67109375 0.06328125 0.0234375
0 0.06640625 0.64453125 0.0640625 0.0203125
0 0.1375 0.646875 0.0671875 0.0234375
0 0.21171875 0.69296875 0.06015625 0.02109375
0 0.2765625 0.6890625 0.06171875 0.015625
0 0.2046875 0.66796875 0.06171875 0.02265625
0 0.26953125 0.6703125 0.06796875 0.01875
0 0.090625 0.80703125 0.0609375 0.0203125
0 0.1203125 0.48046875 0.078125 0.02734375
0 0.21796875 0.8265625 0.053125 0.0125
0 0.17578125 0.50859375 0.0734375 0.02890625
0 0.10546875 0.5125 0.0609375 0.02890625
0 0.33984375 0.82890625 0.05703125 0.01953125
0 0.34609375 0.84609375 0.0546875 0.0140625
0 0.40703125 0.85 0.05703125 0.01796875
0 0.4046875 0.83046875 0.0640625 0.0171875
0 0.409375 0.81015625 0.0609375 0.0171875
0 0.40390625 0.78828125 0.0609375 0.02265625
0 0.4609375 0.796875 0.03984375 0.04296875
0 0.5375 0.81640625 0.06328125 0.08203125
0 0.59921875 0.81328125 0.059375 0.08671875
0 0.66015625 0.81640625 0.065625 0.090625
0 0.72578125 0.8171875 0.06015625 0.09453125
0 0.46171875 0.834375 0.0390625 0.034375
0 0.25234375 0.50625 0.06796875 0.0328125
0 0.3234375 0.50234375 0.07109375 0.03046875
0 0.39296875 0.4984375 0.0625 0.02890625
0 0.45234375 0.48671875 0.046875 0.0625
0 0.35703125 0.4484375 0.06875 0.015625
0 0.1078125 0.53359375 0.05703125 0.009375
0 0.17265625 0.53203125 0.059375 0.015625
0 0.2390625 0.53359375 0.0609375 0.02109375
0 0.3015625 0.5328125 0.05859375 0.015625
0 0.20859375 0.471875 0.06640625 0.028125
0 0.371875 0.52734375 0.0671875 0.0203125