0 0.60859375 0.959375 0.03203125 0.08125
0 0.36328125 0.31015625 0.046875 0.075
0 0.81875 0.575 0.0171875 0.0578125
0 0.775 0.59296875 0.0234375 0.0375
0 0.70546875 0.60546875 0.02421875 0.0171875
0 0.70390625 0.57734375 0.02109375 0.0171875
0 0.74453125 0.596875 0.0359375 0.0375
0 0.7015625 0.54765625 0.02890625 0.03125
0 0.84375 0.578125 0.02265625 0.0546875
0 0.6734375 0.590625 0.03671875 0.0484375
0 0.59609375 0.60859375 0.03515625 0.0203125
0 0.5859375 0.584375 0.02265625 0.021875
0 0.5640625 0.6046875 0.021875 0.0453125
0 0.54140625 0.60546875 0.02109375 0.04765625
0 0.5171875 0.6078125 0.02265625 0.04765625
0 0.475 0.6015625 0.02734375 0.0203125
0 0.63515625 0.60390625 0.03828125 0.0328125
0 0.4828125 0.625 0.04453125 0.01953125
0 0.86640625 0.571875 0.01796875 0.053125
0 0.903125 0.56796875 0.0203125 0.0515625
0 0.93125 0.67890625 0.02734375 0.03046875
0 0.70234375 0.6671875 0.03671875 0.03515625
0 0.73828125 0.66015625 0.03203125 0.0328125
0 0.7703125 0.653125 0.0296875 0.03125
0 0.79921875 0.6484375 0.02890625 0.03359375
0 0.82890625 0.63984375 0.02578125 0.03828125
0 0.88359375 0.5703125 0.0140625 0.0546875
0 0.85703125 0.6359375 0.0234375 0.0375
0 0.903125 0.6296875 0.01171875 0.03671875
0 0.91640625 0.6265625 0.01328125 0.034375
0 0.9375 0.62109375 0.02734375 0.03359375
0 0.9640625 0.5671875 0.01953125 0.03671875
0 0.94296875 0.56796875 0.01796875 0.03671875
0 0.92109375 0.5640625 0.015625 0.05
0 0.8828125 0.6328125 0.02734375 0.0359375
0 0.44765625 0.61953125 0.02421875 0.0421875
0 0.4140625 0.615625 0.0359375 0.0578125
0 0.36328125 0.63125 0.059375 0.0453125
0 0.5484375 0.48359375 0.0328125 0.0640625
0 0.58828125 0.484375 0.03828125 0.06171875
0 0.63046875 0.48671875 0.04140625 0.05859375
0 0.6734375 0.4875 0.0421875 0.05546875
0 0.71171875 0.48203125 0.02421875 0.05859375
0 0.740625 0.48125 0.03046875 0.0609375
0 0.50859375 0.4859375 0.04375 0.0640625
0 0.7671875 0.48125 0.0203125 0.05625
0 0.81875 0.47578125 0.02265625 0.0609375
0 0.84609375 0.47421875 0.02421875 0.0625
0 0.86953125 0.47421875 0.0203125 0.0546875
0 0.88984375 0.47265625 0.0171875 0.05625
0 0.92109375 0.4671875 0.03515625 0.059375
0 0.959375 0.47265625 0.0328125 0.04921875
0 0.7921875 0.4765625 0.02734375 0.06328125
0 0.4625 0.4890625 0.04375 0.06953125
0 0.4125 0.49765625 0.05078125 0.0484375
0 0.359375 0.5 0.04921875 0.0546875
0 0.3046875 0.62734375 0.03984375 0.06953125
0 0.26796875 0.63046875 0.02734375 0.059375
0 0.1734375 0.6515625 0.03671875 0.04375
0 0.12578125 0.64765625 0.05625 0.06875
0 0.078125 0.6578125 0.03046875 0.053125
0 0.0421875 0.66484375 0.0375 0.0515625
0 0.03671875 0.53203125 0.0734375 0.028125
0 0.0328125 0.50234375 0.065625 0.0265625
0 0.09765625 0.51328125 0.040625 0.0546875
0 0.178125 0.52734375 0.046875 0.0203125
0 0.1734375 0.5015625 0.053125 0.02421875
0 0.17265625 0.471875 0.0578125 0.02421875
0 0.259375 0.51796875 0.04765625 0.02421875
0 0.29375 0.4859375 0.046875 0.0265625
0 0.309375 0.51484375 0.04609375 0.0296875
0 0.9046875 0.68515625 0.02421875 0.0359375
0 0.8609375 0.6953125 0.025 0.0375
0 0.828125 0.70078125 0.034375 0.03671875
0 0.79296875 0.7078125 0.034375 0.03359375
0 0.59921875 0.71953125 0.0359375 0.03125
0 0.5625 0.71953125 0.0296875 0.0515625
0 0.52578125 0.734375 0.040625 0.03359375
0 0.49296875 0.73359375 0.01875 0.0453125
0 0.4703125 0.7390625 0.0234375 0.0484375
0 0.4359375 0.7453125 0.040625 0.046875
0 0.6390625 0.7125 0.03359375 0.03359375
0 0.38828125 0.75703125 0.04609375 0.0453125
0 0.28359375 0.77890625 0.059375 0.0375
0 0.16171875 0.79765625 0.05546875 0.0703125
0 0.1015625 0.8140625 0.0609375 0.05390625
0 0.034375 0.8015625 0.06875 0.1046875
0 0.02890625 0.97109375 0.0578125 0.0578125
0 0.09296875 0.9609375 0.06015625 0.078125
0 0.3390625 0.76953125 0.04609375 0.04375
0 0.66796875 0.7015625 0.01796875 0.0421875
0 0.4171875 0.18203125 0.05078125 0.0609375
0 0.28203125 0.16796875 0.0390625 0.053125
0 0.98828125 0.59609375 0.02265625 0.0421875
0 0.98125 0.665625 0.02890625 0.04140625
0 0.45234375 0.31484375 0.03828125 0.065625
0 0.41015625 0.3109375 0.04140625 0.07578125
0 0.3140625 0.30625 0.046875 0.07265625
0 0.26796875 0.30546875 0.0375 0.0703125
0 0.1765625 0.29453125 0.04140625 0.075
0 0.1328125 0.2984375 0.0421875 0.065625
0 0.084375 0.2953125 0.0453125 0.06953125
0 0.01328125 0.2953125 0.02578125 0.05625
0 0.02890625 0.11875 0.05703125 0.084375
0 0.11171875 0.1484375 0.03359375 0.05
0 0.14765625 0.15078125 0.0328125 0.04765625
0 0.18203125 0.1515625 0.03046875 0.05390625
0 0.2171875 0.15703125 0.03046875 0.0484375
0 0.153125 0.946875 0.053125 0.071875
0 0.49296875 0.32109375 0.03828125 0.0734375
0 0.21171875 0.9328125 0.05078125 0.0703125
0 0.315625 0.9296875 0.06015625 0.025
0 0.7 0.83046875 0.03203125 0.015625
0 0.6984375 0.8109375 0.0328125 0.01875
0 0.73203125 0.821875 0.02890625 0.015625
0 0.73359375 0.8046875 0.02734375 0.021875
0 0.75546875 0.79609375 0.01328125 0.0515625
0 0.77109375 0.79296875 0.01171875 0.046875
0 0.6609375 0.81328125 0.03203125 0.01484375
0 0.78515625 0.78671875 0.01640625 0.05234375
0 0.8203125 0.78125 0.01640625 0.05
0 0.83359375 0.771875 0.01171875 0.0578125
0 0.8484375 0.76953125 0.01484375 0.05078125
0 0.86484375 0.759375 0.0140625 0.05234375
0 0.7078125 0.72734375 0.0421875 0.04375
0 0.75234375 0.71484375 0.0421875 0.0421875
0 0.80234375 0.784375 0.015625 0.05
0 0.66484375 0.83359375 0.03671875 0.0140625
0 0.62890625 0.8421875 0.02890625 0.01875
0 0.596875 0.83515625 0.02734375 0.046875
0 0.50625 0.97421875 0.0265625 0.0515625
0 0.5421875 0.96640625 0.03515625 0.0671875
0 0.57578125 0.95703125 0.0296875 0.0859375
0 0.6359375 0.946875 0.01875 0.0828125
0 0.66171875 0.93359375 0.03125 0.08515625
0 0.69453125 0.925 0.02734375 0.078125
0 0.7171875 0.92578125 0.01796875 0.05625
0 0.73984375 0.9078125 0.02578125 0.075
0 0.76953125 0.90078125 0.028125 0.078125
0 0.375 0.91171875 0.04296875 0.028125
0 0.4203125 0.8859375 0.04453125 0.046875
0 0.46484375 0.8765625 0.0328125 0.046875
0 0.4984375 0.8640625 0.0265625 0.04609375
0 0.53046875 0.8515625 0.03046875 0.0453125
0 0.565625 0.84453125 0.03046875 0.046875
0 0.2609375 0.91875 0.0421875 0.0671875
0 0.53046875 0.321875 0.03359375 0.06796875
0 0.7984375 0.578125 0.0203125 0.05703125
0 0.6078125 0.32890625 0.04375 0.06875
0 0.6359375 0.2296875 0.03984375 0.01875
0 0.6828125 0.2359375 0.04453125 0.01484375
0 0.71796875 0.23828125 0.0171875 0.021875
0 0.7375 0.240625 0.01640625 0.01953125
0 0.77578125 0.246875 0.021875 0.02265625
0 0.796875 0.25 0.0171875 0.02109375
0 0.8421875 0.2390625 0.01953125 0.05390625
0 0.86171875 0.2421875 0.0171875 0.05078125
0 0.878125 0.25859375 0.01328125 0.02578125
0 0.90078125 0.2515625 0.02265625 0.04609375
0 0.921875 0.25390625 0.01640625 0.053125
0 0.94296875 0.2546875 0.02109375 0.0609375
0 0.96640625 0.2609375 0.02109375 0.05078125
0 0.9875 0.2609375 0.01953125 0.0515625
0 0.5671875 0.325 0.034375 0.06796875
0 0.6265625 0.20546875 0.03984375 0.0265625
0 0.57578125 0.20546875 0.04609375 0.05625
0 0.81796875 0.2375 0.025 0.05625
0 0.98203125 0.35625 0.01484375 0.0453125
0 0.4984375 0.19609375 0.05234375 0.053125
0 0.64453125 0.3296875 0.03203125 0.065625
0 0.67109375 0.33984375 0.01875 0.04453125
0 0.68828125 0.3078125 0.02890625 0.015625
0 0.6921875 0.3421875 0.01640625 0.0453125
0 0.71015625 0.3421875 0.01796875 0.04609375
0 0.7546875 0.3375 0.02734375 0.059375
0 0.7828125 0.3421875 0.02109375 0.053125
0 0.73125 0.34375 0.02109375 0.046875
0 0.83125 0.346875 0.0203125 0.05625
0 0.8546875 0.34765625 0.021875 0.0578125
0 0.87890625 0.34921875 0.02109375 0.05390625
0 0.9 0.34921875 0.01796875 0.05625
0 0.91875 0.3484375 0.0171875 0.0609375
0 0.9421875 0.35234375 0.01640625 0.0484375
0 0.96171875 0.35 0.01875 0.05546875
0 0.8078125 0.3453125 0.01953125 0.05390625