0 0.7859375 0.4375 0.0515625 0.1015625
0 0.715625 0.5484375 0.03671875 0.0890625
0 0.67109375 0.546875 0.0375 0.090625
0 0.63203125 0.55234375 0.03671875 0.1
0 0.58984375 0.55390625 0.0375 0.0953125
0 0.54921875 0.55234375 0.04140625 0.09375
0 0.50078125 0.55390625 0.04375 0.0921875
0 0.4578125 0.55625 0.03515625 0.0921875
0 0.41953125 0.55703125 0.03203125 0.09609375
0 0.38046875 0.559375 0.03046875 0.0921875
0 0.3375 0.55859375 0.03515625 0.08984375
0 0.2984375 0.56171875 0.034375 0.09609375
0 0.25078125 0.5625 0.04609375 0.09609375
0 0.2015625 0.56171875 0.0453125 0.0921875
0 0.1515625 0.5625 0.0453125 0.09296875
0 0.0890625 0.5625 0.05234375 0.0921875
0 0.971875 0.4328125 0.04765625 0.10390625
0 0.9265625 0.434375 0.03828125 0.1015625
0 0.88125 0.43359375 0.04296875 0.09921875
0 0.83671875 0.434375 0.0421875 0.1015625
0 0.73515625 0.4390625 0.0515625 0.0984375
0 0.6875 0.4421875 0.03359375 0.0984375
0 0.64453125 0.43984375 0.04609375 0.1
0 0.59765625 0.440625 0.04140625 0.103125
0 0.55078125 0.446875 0.04609375 0.0921875
0 0.75234375 0.546875 0.03671875 0.08984375
0 0.8015625 0.546875 0.05390625 0.0921875
0 0.85703125 0.54375 0.05078125 0.090625
0 0.90625 0.5453125 0.0515625 0.08984375
0 0.41171875 0.7625 0.053125 0.07890625
0 0.35859375 0.76171875 0.04765625 0.07578125
0 0.2765625 0.76171875 0.059375 0.07734375
0 0.215625 0.7625 0.05625 0.0765625
0 0.15390625 0.765625 0.05546875 0.0703125
0 0.09375 0.76796875 0.06171875 0.0671875
0 0.03203125 0.771875 0.05546875 0.0625
0 0.94375 0.6484375 0.07265625 0.0703125
0 0.8765625 0.64765625 0.05625 0.0734375
0 0.81015625 0.64921875 0.06796875 0.075
0 0.7375 0.6515625 0.06875 0.07578125
0 0.50703125 0.44765625 0.0359375 0.0953125
0 0.66640625 0.65390625 0.065625 0.0703125
0 0.5375 0.65703125 0.05078125 0.07578125
0 0.48359375 0.6578125 0.04921875 0.078125
0 0.43359375 0.66171875 0.05234375 0.07578125
0 0.38046875 0.66171875 0.04765625 0.075
0 0.30625 0.6640625 0.09140625 0.071875
0 0.21640625 0.66640625 0.08515625 0.07421875
0 0.1390625 0.6671875 0.05390625 0.0734375
0 0.0875 0.6703125 0.04921875 0.078125
0 0.03125 0.678125 0.05859375 0.06875
0 0.9828125 0.540625 0.03359375 0.103125
0 0.95 0.54140625 0.03203125 0.0953125
0 0.59921875 0.65859375 0.06484375 0.071875
0 0.4671875 0.44609375 0.04140625 0.1
0 0.421875 0.44765625 0.03671875 0.0984375
0 0.378125 0.4484375 0.04296875 0.09453125
0 0.2265625 0.21953125 0.0484375 0.1078125
0 0.15625 0.22109375 0.0640625 0.11171875
0 0.09375 0.221875 0.053125 0.109375
0 0.040625 0.2265625 0.04453125 0.0984375
0 0.98046875 0.08125 0.03671875 0.1015625
0 0.94375 0.08125 0.0328125 0.1015625
0 0.90078125 0.08046875 0.0484375 0.1078125
0 0.84609375 0.0796875 0.05 0.1046875
0 0.78125 0.0859375 0.05859375 0.10078125
0 0.728125 0.084375 0.05 0.1046875
0 0.6734375 0.0875 0.04609375 0.11328125
0 0.2828125 0.2171875 0.04765625 0.1078125
0 0.625 0.0890625 0.04296875 0.1078125
0 0.52109375 0.09140625 0.04765625 0.10625
0 0.471875 0.0953125 0.04296875 0.1015625
0 0.42578125 0.103125 0.03671875 0.0875
0 0.38828125 0.1046875 0.034375 0.08203125
0 0.40078125 0.04609375 0.0796875 0.025
0 0.33515625 0.0984375 0.0484375 0.1046875
0 0.27890625 0.1 0.053125 0.10625
0 0.2265625 0.1 0.0484375 0.10546875
0 0.1671875 0.10078125 0.05703125 0.103125
0 0.1109375 0.1046875 0.0546875 0.10625
0 0.04921875 0.10625 0.05390625 0.096875
0 0.57578125 0.0890625 0.04609375 0.11328125
0 0.46953125 0.76328125 0.05390625 0.07890625
0 0.33046875 0.221875 0.04453125 0.1015625
0 0.5734375 0.2109375 0.05078125 0.10390625
0 0.33046875 0.45390625 0.040625 0.0953125
0 0.2859375 0.45390625 0.04140625 0.09375
0 0.20546875 0.45625 0.053125 0.090625
0 0.1265625 0.45625 0.04453125 0.08984375
0 0.90078125 0.3234375 0.05625 0.0984375
0 0.846875 0.32421875 0.04765625 0.09765625
0 0.79453125 0.325 0.04765625 0.09375
0 0.734375 0.325 0.06171875 0.09453125
0 0.66328125 0.334375 0.05 0.090625
0 0.60859375 0.33203125 0.04765625 0.0953125
0 0.3546875 0.3390625 0.05390625 0.09375
0 0.38359375 0.21796875 0.04921875 0.096875
0 0.30390625 0.33828125 0.04453125 0.0953125
0 0.178125 0.3390625 0.0546875 0.10078125
0 0.12265625 0.3421875 0.053125 0.1015625
0 0.0703125 0.3421875 0.0515625 0.1
0 0.965625 0.196875 0.04765625 0.10703125
0 0.91796875 0.1984375 0.04140625 0.10625
0 0.86875 0.20625 0.05234375 0.08984375
0 0.82421875 0.20625 0.034375 0.0875
0 0.77734375 0.2015625 0.05 0.10546875
0 0.7265625 0.2046875 0.046875 0.10859375
0 0.67734375 0.21171875 0.04296875 0.096875
0 0.625 0.20859375 0.04296875 0.09921875
0 0.25078125 0.3390625 0.04921875 0.0953125
0 0.53125 0.7546875 0.06796875 0.07265625
0 0.77734375 0.75078125 0.04609375 0.053125
0 0.67265625 0.75078125 0.06875 0.0765625
0 0.80703125 0.81640625 0.04921875 0.0234375
0 0.953125 0.8640625 0.0546875 0.03125
0 0.89921875 0.86484375 0.04921875 0.02578125
0 0.84609375 0.8640625 0.05234375 0.02890625
0 0.73828125 0.86953125 0.05390625 0.028125
0 0.6859375 0.87109375 0.05078125 0.0265625
0 0.540625 0.875 0.04609375 0.0265625
0 0.49140625 0.8734375 0.05 0.028125
0 0.434375 0.87734375 0.053125 0.028125
0 0.3796875 0.87578125 0.05078125 0.0296875
0 0.325 0.875 0.0546875 0.02578125
0 0.2765625 0.8765625 0.03984375 0.025
0 0.334375 0.82109375 0.04921875 0.02109375
0 0.28125 0.83046875 0.0484375 0.021875
0 0.5953125 0.8734375 0.053125 0.028125
0 0.12109375 0.8828125 0.04609375 0.025
0 0.17265625 0.8828125 0.05078125 0.0265625
0 0.728125 0.75703125 0.04140625 0.0609375
0 0.828125 0.753125 0.05078125 0.0625
0 0.87890625 0.753125 0.04453125 0.059375
0 0.9328125 0.74375 0.0515625 0.07890625
0 0.97890625 0.7390625 0.04140625 0.075
0 0.0734375 0.83359375 0.040625 0.021875
0 0.59921875 0.753125 0.06875 0.078125
0 0.02578125 0.878125 0.04296875 0.040625
0 0.06875 0.878125 0.04296875 0.0421875
0 0.121875 0.8328125 0.04765625 0.0265625
0 0.17421875 0.82890625 0.05078125 0.0234375
0 0.1203125 0.85859375 0.053125 0.0171875
0 0.171875 0.85546875 0.0421875 0.021875