0 0.28984375 0.27578125 0.02421875 0.1109375
0 0.315625 0.27578125 0.021875 0.1109375
0 0.3546875 0.2734375 0.04765625 0.1203125
0 0.40703125 0.2796875 0.02421875 0.11796875
0 0.440625 0.27734375 0.03984375 0.14140625
0 0.48515625 0.27421875 0.03828125 0.14765625
0 0.30859375 0.40390625 0.01640625 0.0734375
0 0.2296875 0.27734375 0.034375 0.1109375
0 0.3609375 0.5 0.0375 0.04296875
0 0.39453125 0.60703125 0.03828125 0.04140625
0 0.39296875 0.55859375 0.04140625 0.04921875
0 0.44609375 0.56796875 0.0375 0.046875
0 0.44453125 0.61953125 0.040625 0.0484375
0 0.4921875 0.63359375 0.0421875 0.0484375
0 0.35625 0.546875 0.025 0.040625
0 0.49296875 0.57734375 0.04765625 0.05078125
0 0.553125 0.59375 0.0453125 0.04375
0 0.5484375 0.5421875 0.05 0.05234375
0 0.603125 0.6609375 0.0453125 0.0515625
0 0.6 0.60546875 0.040625 0.04609375
0 0.61015625 0.55390625 0.04765625 0.05390625
0 0.6578125 0.68125 0.05078125 0.046875
0 0.54921875 0.6453125 0.0484375 0.0453125
0 0.6640625 0.62421875 0.07265625 0.04609375
0 0.35703125 0.59140625 0.0296875 0.0359375
0 0.321875 0.53671875 0.02734375 0.0328125
0 0.721875 0.7921875 0.07578125 0.0609375
0 0.85703125 0.83046875 0.1578125 0.07421875
0 0.20234375 0.46484375 0.021875 0.0328125
0 0.20234375 0.50078125 0.00859375 0.0296875
0 0.2109375 0.53984375 0.01640625 0.0234375
0 0.23359375 0.54765625 0.01953125 0.028125
0 0.3265625 0.5796875 0.02890625 0.040625
0 0.2265625 0.51015625 0.02265625 0.03125
0 0.2546875 0.47734375 0.02734375 0.0359375
0 0.2609375 0.51796875 0.0171875 0.03359375
0 0.26171875 0.559375 0.02421875 0.0296875
0 0.29140625 0.565625 0.02109375 0.03203125
0 0.2890625 0.52734375 0.0296875 0.03515625
0 0.2890625 0.48515625 0.03046875 0.03828125
0 0.22734375 0.46796875 0.0171875 0.03515625
0 0.675 0.56953125 0.065625 0.05390625
0 0.73046875 0.70390625 0.0734375 0.059375
0 0.8640625 0.75546875 0.15703125 0.06484375
0 0.74296875 0.4609375 0.03671875 0.1109375
0 0.79765625 0.48359375 0.05234375 0.1109375
0 0.85625 0.48828125 0.04609375 0.10390625
0 0.94609375 0.50390625 0.0515625 0.11484375
0 0.98984375 0.51328125 0.01953125 0.11953125
0 0.18203125 0.47890625 0.01640625 0.03046875
0 0.703125 0.45703125 0.03046875 0.11015625
0 0.1625 0.4578125 0.01640625 0.03515625
0 0.13984375 0.36484375 0.02265625 0.0484375
0 0.14375 0.31953125 0.02421875 0.0375
0 0.14140625 0.26875 0.02578125 0.05546875
0 0.11640625 0.2734375 0.0203125 0.09609375
0 0.16875 0.27265625 0.01953125 0.09609375
0 0.19453125 0.27421875 0.03046875 0.109375
0 0.16328125 0.4171875 0.025 0.0390625
0 0.66796875 0.45390625 0.034375 0.11328125
0 0.63125 0.434375 0.02890625 0.0953125
0 0.55625 0.4390625 0.03359375 0.09765625
0 0.86875 0.6796875 0.17109375 0.0796875
0 0.87421875 0.603125 0.17109375 0.06796875
0 0.23984375 0.3953125 0.01796875 0.07265625
0 0.26015625 0.3953125 0.01640625 0.0796875
0 0.27890625 0.3984375 0.0140625 0.078125
0 0.29375 0.3953125 0.01328125 0.075
0 0.33125 0.4078125 0.0203125 0.08359375
0 0.3546875 0.41171875 0.01953125 0.0828125
0 0.37109375 0.4125 0.009375 0.08203125
0 0.38828125 0.4140625 0.021875 0.08515625
0 0.41171875 0.42109375 0.02265625 0.08515625
0 0.43359375 0.42421875 0.021875 0.0859375
0 0.4640625 0.42578125 0.03515625 0.09296875
0 0.5 0.43203125 0.02109375 0.08671875
0 0.52421875 0.434375 0.02109375 0.0921875
0 0.2640625 0.27109375 0.0203125 0.10390625
0 0.53828125 0.27578125 0.0546875 0.15390625
0 0.66015625 0.2765625 0.0484375 0.1671875
0 0.7265625 0.28125 0.078125 0.175
0 0.6015625 0.2765625 0.05625 0.1546875
0 0.97421875 0.0609375 0.05 0.12109375
0 0.765625 0.07265625 0.08515625 0.14375
0 0.68984375 0.07578125 0.06015625 0.15078125
0 0.63125 0.07890625 0.04765625 0.15234375
0 0.57890625 0.08046875 0.05 0.1578125
0 0.44375 0.10078125 0.053125 0.14296875
0 0.39453125 0.109375 0.03671875 0.13984375
0 0.35859375 0.11640625 0.0296875 0.140625
0 0.3234375 0.1203125 0.03046875 0.1234375
0 0.5328125 0.08515625 0.040625 0.16015625
0 0.26171875 0.1328125 0.02578125 0.125
0 0.23125 0.13515625 0.02578125 0.1125
0 0.20546875 0.1390625 0.01875 0.10546875
0 0.18125 0.1421875 0.021875 0.109375
0 0.81015625 0.27578125 0.06796875 0.16171875
0 0.15703125 0.14140625 0.025 0.1078125
0 0.12578125 0.15 0.0296875 0.10078125
0 0.9078125 0.06796875 0.078125 0.12890625
0 0.96171875 0.27890625 0.0765625 0.19609375
0 0.8828125 0.278125 0.06875 0.18359375
0 0.28984375 0.121875 0.02734375 0.121875