0 0.2265625 0.8859375 0.1015625 0.01953125
0 0.02734375 0.4703125 0.05390625 0.08515625
0 0.8484375 0.40625 0.15 0.0234375
0 0.83515625 0.3796875 0.1484375 0.0234375
0 0.83828125 0.35234375 0.1453125 0.02578125
0 0.5453125 0.40625 0.13203125 0.015625
0 0.4125 0.37734375 0.12578125 0.025
0 0.4140625 0.40234375 0.12265625 0.02265625
0 0.409375 0.35078125 0.12578125 0.0265625
0 0.2828125 0.39921875 0.13515625 0.025
0 0.2765625 0.37265625 0.1296875 0.02265625
0 0.33671875 0.84453125 0.12578125 0.02265625
0 0.15390625 0.39765625 0.11328125 0.021875
0 0.1515625 0.378125 0.1046875 0.01328125
0 0.5421875 0.38203125 0.128125 0.02578125
0 0.2765625 0.3453125 0.13515625 0.028125
0 0.59375 0.8640625 0.1421875 0.02265625
0 0.340625 0.8859375 0.12109375 0.01796875
0 0.5765625 0.475 0.12578125 0.03046875
0 0.45234375 0.50546875 0.115625 0.0171875
0 0.4515625 0.484375 0.1140625 0.02109375
0 0.31953125 0.475 0.146875 0.02734375
0 0.3203125 0.503125 0.14609375 0.02734375
0 0.17265625 0.49921875 0.1421875 0.03125
0 0.07578125 0.4703125 0.03125 0.084375
0 0.33984375 0.86640625 0.121875 0.01796875
0 0.81953125 0.8875 0.0234375 0.025
0 0.73515625 0.88515625 0.13828125 0.01796875
0 0.7359375 0.86015625 0.13515625 0.02578125
0 0.6078125 0.8921875 0.1078125 0.01796875
0 0.1484375 0.359375 0.1171875 0.0234375
0 0.4609375 0.88828125 0.11484375 0.0171875
0 0.4609375 0.86875 0.1171875 0.01796875
0 0.4578125 0.84921875 0.11484375 0.021875
0 0.8265625 0.86171875 0.0265625 0.0234375
0 0.1453125 0.33671875 0.1078125 0.015625
0 0.859375 0.29921875 0.14375 0.0265625
0 0.03671875 0.365625 0.0421875 0.08125
0 0.2203125 0.83671875 0.1 0.01015625
0 0.1546875 0.8578125 0.025 0.07265625
0 0.1296875 0.86171875 0.01796875 0.06640625
0 0.059375 0.8890625 0.11875 0.021875
0 0.06015625 0.865625 0.11953125 0.0234375
0 0.06015625 0.83828125 0.11953125 0.03203125
0 0.94921875 0.79140625 0.1015625 0.0203125
0 0.9484375 0.76640625 0.10234375 0.0234375
0 0.86875 0.75625 0.03359375 0.02890625
0 0.8796875 0.78828125 0.03046875 0.02578125
0 0.83984375 0.7859375 0.02109375 0.0265625
0 0.834375 0.75234375 0.01640625 0.0234375
0 0.7484375 0.78828125 0.14921875 0.0234375
0 0.159375 0.25234375 0.1109375 0.02109375
0 0.15625 0.23359375 0.11171875 0.01484375
0 0.22109375 0.85390625 0.0984375 0.01953125
0 0.22578125 0.86953125 0.10234375 0.01015625
0 0.153125 0.27109375 0.11484375 0.01484375
0 0.15625 0.290625 0.1171875 0.021875
0 0.98046875 0.2390625 0.0390625 0.04296875
0 0.94375 0.23984375 0.025 0.0484375
0 0.95078125 0.290625 0.028125 0.04921875
0 0.85625 0.25078125 0.13203125 0.0234375
0 0.86171875 0.27421875 0.1390625 0.021875
0 0.57890625 0.50234375 0.1265625 0.0234375
0 0.7046875 0.29765625 0.15 0.02578125
0 0.07578125 0.3640625 0.025 0.07890625
0 0.55625 0.2453125 0.1390625 0.025
0 0.55625 0.29765625 0.1359375 0.0265625
0 0.42265625 0.29453125 0.13046875 0.0234375
0 0.42421875 0.2703125 0.13359375 0.0234375
0 0.42109375 0.24296875 0.13125 0.02890625
0 0.29921875 0.23515625 0.10390625 0.02890625
0 0.2859375 0.2921875 0.1359375 0.0265625
0 0.284375 0.26484375 0.1328125 0.02578125
0 0.559375 0.271875 0.13515625 0.02421875
0 0.715625 0.4609375 0.12890625 0.0234375
0 0.9625 0.4515625 0.075 0.025
0 0.709375 0.484375 0.12890625 0.0234375
0 0.94921875 0.64453125 0.1015625 0.0234375
0 0.878125 0.675 0.0296875 0.02890625
0 0.8796875 0.70078125 0.02734375 0.02109375
0 0.8390625 0.70078125 0.0234375 0.0203125
0 0.8421875 0.67734375 0.02421875 0.0203125
0 0.759375 0.65078125 0.1390625 0.0234375
0 0.95078125 0.67890625 0.0984375 0.025
0 0.75390625 0.69765625 0.14375 0.01875
0 0.60625 0.69296875 0.1390625 0.02421875
0 0.60390625 0.66640625 0.14140625 0.02734375
0 0.46875 0.696875 0.12421875 0.021875
0 0.47109375 0.6734375 0.11953125 0.02109375
0 0.33203125 0.69375 0.14140625 0.02109375
0 0.7046875 0.50703125 0.125 0.02734375
0 0.75390625 0.67421875 0.14453125 0.02578125
0 0.95 0.70390625 0.1 0.01953125
0 0.0578125 0.73359375 0.10859375 0.0203125
0 0.06015625 0.75703125 0.1140625 0.0234375
0 0.74609375 0.7609375 0.15 0.03125
0 0.58984375 0.784375 0.11640625 0.02265625
0 0.59921875 0.7609375 0.11796875 0.0203125
0 0.46328125 0.74296875 0.121875 0.01953125
0 0.46171875 0.765625 0.121875 0.02109375
0 0.46171875 0.78515625 0.11875 0.01484375
0 0.33828125 0.78359375 0.1234375 0.021875
0 0.33671875 0.76015625 0.12421875 0.0203125
0 0.33515625 0.73828125 0.121875 0.0203125
0 0.21484375 0.78515625 0.10625 0.01796875
0 0.21328125 0.76796875 0.10703125 0.01015625
0 0.21015625 0.7515625 0.1125 0.0203125
0 0.2046875 0.7328125 0.103125 0.0140625
0 0.1359375 0.76015625 0.025 0.06640625
0 0.05859375 0.7828125 0.1140625 0.025
0 0.33515625 0.66875 0.146875 0.02421875
0 0.18671875 0.69296875 0.14375 0.0234375
0 0.3375 0.64375 0.1421875 0.0171875
0 0.85390625 0.85703125 0.02265625 0.02578125
0 0.853125 0.8859375 0.0234375 0.021875
0 0.32421875 0.57578125 0.14375 0.0203125
0 0.3234375 0.5484375 0.14453125 0.02890625
0 0.175 0.59921875 0.13984375 0.0265625
0 0.17578125 0.57421875 0.14921875 0.0203125
0 0.17578125 0.5484375 0.1484375 0.02578125
0 0.45859375 0.6015625 0.128125 0.0203125
0 0.0703125 0.5703125 0.0578125 0.071875
0 0.9625 0.50625 0.075 0.0265625
0 0.9609375 0.4765625 0.078125 0.021875
0 0.0671875 0.25546875 0.04375 0.0953125
0 0.8515625 0.50859375 0.13515625 0.0234375
0 0.85 0.4859375 0.13515625 0.0203125
0 0.85234375 0.459375 0.1390625 0.02890625
0 0.01953125 0.57109375 0.0390625 0.07109375
0 0.459375 0.57890625 0.1234375 0.02265625
0 0.32109375 0.59921875 0.140625 0.0234375
0 0.58671875 0.578125 0.12109375 0.02109375
0 0.9359375 0.84921875 0.12734375 0.0203125
0 0.93515625 0.8703125 0.12890625 0.01796875
0 0.9359375 0.88984375 0.12734375 0.01875
0 0.96796875 0.4046875 0.0640625 0.0234375
0 0.459375 0.5546875 0.12421875 0.0234375
0 0.07734375 0.66875 0.0625 0.06796875
0 0.02265625 0.6671875 0.0453125 0.07109375
0 0.1859375 0.6671875 0.146875 0.0265625
0 0.959375 0.58203125 0.08125 0.02421875
0 0.95859375 0.55390625 0.08203125 0.028125
0 0.84375 0.6 0.128125 0.0234375
0 0.83515625 0.57109375 0.1203125 0.02734375
0 0.71015625 0.60234375 0.12578125 0.015625
0 0.70859375 0.5796875 0.11875 0.0234375
0 0.58515625 0.6015625 0.12265625 0.01953125
0 0.9578125 0.60703125 0.084375 0.02578125
0 0.01953125 0.25625 0.0390625 0.090625