0 0.59453125 0.3 0.059375 0.08828125
0 0.5109375 0.29296875 0.0796875 0.05625
0 0.63125 0.828125 0.03671875 0.08984375
0 0.665625 0.31171875 0.06328125 0.06640625
0 0.58828125 0.821875 0.0375 0.09140625
0 0.9328125 0.30625 0.053125 0.07890625
0 0.409375 0.82421875 0.04140625 0.0921875
0 0.73046875 0.41171875 0.065625 0.0984375
0 0.7890625 0.42578125 0.04765625 0.071875
0 0.84453125 0.43203125 0.04609375 0.06171875
0 0.9 0.4125 0.06015625 0.09921875
0 0.9640625 0.4265625 0.0578125 0.0703125
0 0.425 0.2890625 0.08203125 0.0625
0 0.46171875 0.82421875 0.05625 0.0921875
0 0.8640625 0.2953125 0.0640625 0.0953125
0 0.734375 0.2984375 0.0671875 0.08671875
0 0.11328125 0.846875 0.07421875 0.05078125
0 0.18984375 0.846875 0.0734375 0.05078125
0 0.26640625 0.84765625 0.075 0.05
0 0.34765625 0.8578125 0.08046875 0.03359375
0 0.34375 0.8171875 0.08203125 0.03828125
0 0.8 0.3109375 0.0515625 0.06953125
0 0.334375 0.2875 0.08984375 0.0640625
0 0.78125 0.19609375 0.0453125 0.07734375
0 0.15234375 0.28671875 0.08984375 0.0640625
0 0.59140625 0.03828125 0.0703125 0.07265625
0 0.5328125 0.03671875 0.040625 0.0734375
0 0.48671875 0.0375 0.0421875 0.06953125
0 0.440625 0.03671875 0.04296875 0.07265625
0 0.3921875 0.0359375 0.04375 0.0703125
0 0.3453125 0.03671875 0.04609375 0.06875
0 0.30546875 0.0390625 0.03046875 0.0640625
0 0.27421875 0.03984375 0.028125 0.065625
0 0.24140625 0.03828125 0.02734375 0.06328125
0 0.2109375 0.03984375 0.02578125 0.06015625
0 0.18125 0.040625 0.02578125 0.0609375
0 0.1328125 0.05546875 0.06484375 0.0328125
0 0.13046875 0.01875 0.06484375 0.0359375
0 0.0625 0.05390625 0.06875 0.0296875
0 0.059375 0.01953125 0.0734375 0.03828125
0 0.66640625 0.0375 0.0703125 0.071875
0 0.24375 0.28671875 0.0875 0.0640625
0 0.7421875 0.0390625 0.07421875 0.0734375
0 0.89765625 0.03984375 0.065625 0.078125
0 0.059375 0.2859375 0.090625 0.065625
0 0.25078125 0.19375 0.084375 0.06640625
0 0.33984375 0.19375 0.08671875 0.06875
0 0.4265625 0.19375 0.08359375 0.0671875
0 0.5828125 0.1375 0.04453125 0.03671875
0 0.52421875 0.19765625 0.08203125 0.0640625
0 0.621875 0.19453125 0.05234375 0.07265625
0 0.67578125 0.196875 0.04765625 0.0734375
0 0.72890625 0.19609375 0.05703125 0.078125
0 0.66640625 0.428125 0.05078125 0.06875
0 0.83515625 0.19765625 0.053125 0.075
0 0.89296875 0.2 0.05625 0.06875
0 0.9859375 0.19921875 0.02578125 0.07109375
0 0.94765625 0.19765625 0.04921875 0.07890625
0 0.9578125 0.03984375 0.05 0.07578125
0 0.82421875 0.0375 0.0734375 0.07421875
0 0.603125 0.41640625 0.065625 0.09296875
0 0.21640625 0.57109375 0.03359375 0.06953125
0 0.2609375 0.37734375 0.0765625 0.0625
0 0.30703125 0.4625 0.025 0.0203125
0 0.82890625 0.81328125 0.02421875 0.06328125
0 0.33671875 0.5328125 0.025 0.0296875
0 0.340625 0.56484375 0.05546875 0.0296875
0 0.10390625 0.7375 0.0796875 0.05546875
0 0.3375 0.7328125 0.078125 0.05859375
0 0.41640625 0.73046875 0.0765625 0.053125
0 0.50625 0.73203125 0.1015625 0.05234375
0 0.68359375 0.73359375 0.10234375 0.05234375
0 0.76640625 0.73125 0.0578125 0.05546875
0 0.8203125 0.721875 0.04765625 0.0421875
0 0.8859375 0.7296875 0.0625 0.05546875
0 0.38125 0.65234375 0.04921875 0.06171875
0 0.95234375 0.72890625 0.06796875 0.05625
0 0.98203125 0.8359375 0.03359375 0.0625
0 0.109375 0.5796875 0.0296875 0.05859375
0 0.3296875 0.65390625 0.05078125 0.06328125
0 0.3125 0.49453125 0.0453125 0.040625
0 0.278125 0.65546875 0.04921875 0.0625
0 0.28125 0.43046875 0.05546875 0.03984375
0 0.5078125 0.56640625 0.03671875 0.06953125
0 0.07734375 0.57890625 0.02734375 0.05859375
0 0.0453125 0.5796875 0.03046875 0.05703125
0 0.01484375 0.5796875 0.0265625 0.059375
0 0.15390625 0.6546875 0.06640625 0.059375
0 0.08359375 0.65625 0.06875 0.05703125
0 0.0234375 0.65859375 0.046875 0.0609375
0 0.178125 0.5734375 0.034375 0.06796875
0 0.18984375 0.7375 0.07890625 0.05234375
0 0.43125 0.6515625 0.05 0.05859375
0 0.5203125 0.37578125 0.084375 0.0609375
0 0.25390625 0.57265625 0.03515625 0.06484375
0 0.2921875 0.571875 0.03203125 0.06640625
0 0.328125 0.59296875 0.0296875 0.02421875
0 0.3640625 0.58984375 0.03125 0.021875
0 0.4046875 0.56640625 0.03046875 0.0734375
0 0.4375 0.5671875 0.02890625 0.06953125
0 0.471875 0.565625 0.03203125 0.0703125
0 0.540625 0.5671875 0.028125 0.06953125
0 0.22265625 0.65703125 0.0546875 0.0640625
0 0.94921875 0.8296875 0.0265625 0.06484375
0 0.51953125 0.65703125 0.03359375 0.0578125
0 0.98515625 0.64140625 0.028125 0.07890625
0 0.48515625 0.6578125 0.03203125 0.05546875
0 0.77578125 0.5296875 0.0546875 0.090625
0 0.71953125 0.5296875 0.05 0.09609375
0 0.67265625 0.528125 0.0421875 0.09296875
0 0.6234375 0.53125 0.04765625 0.08515625
0 0.57734375 0.5375 0.0421875 0.0671875
0 0.51171875 0.48203125 0.08046875 0.06015625
0 0.42578125 0.48515625 0.0703125 0.06015625
0 0.36796875 0.48515625 0.025 0.065625
0 0.25390625 0.48359375 0.06640625 0.0609375
0 0.17734375 0.484375 0.08125 0.06171875
0 0.0890625 0.4875 0.0875 0.05390625
0 0.021875 0.484375 0.04296875 0.06171875
0 0.0203125 0.37578125 0.040625 0.06640625
0 0.08515625 0.3765625 0.0828125 0.0625
0 0.175 0.37734375 0.08125 0.06171875
0 0.88828125 0.64453125 0.03515625 0.075
0 0.9171875 0.63828125 0.0171875 0.075
0 0.9625 0.53046875 0.06484375 0.09140625
0 0.6734375 0.8234375 0.03671875 0.0890625
0 0.5578125 0.65625 0.02890625 0.05546875
0 0.59375 0.65703125 0.03046875 0.05234375
0 0.62578125 0.6390625 0.02578125 0.08671875
0 0.6578125 0.6390625 0.034375 0.0890625
0 0.6921875 0.63984375 0.03125 0.08984375
0 0.75078125 0.646875 0.0328125 0.08125
0 0.77890625 0.63671875 0.01875 0.071875
0 0.80390625 0.6375 0.025 0.07265625
0 0.91328125 0.83203125 0.0328125 0.065625
0 0.83984375 0.64375 0.04296875 0.071875
0 0.14453125 0.5734375 0.03359375 0.06796875
0 0.79765625 0.83515625 0.0359375 0.071875
0 0.75703125 0.821875 0.03671875 0.0921875
0 0.715625 0.82265625 0.040625 0.09296875
0 0.875 0.83359375 0.03984375 0.06796875