0 0.521875 0.6546875 0.03125 0.0703125
0 0.459375 0.72421875 0.025 0.05703125
0 0.48828125 0.71953125 0.028125 0.04609375
0 0.51875 0.71875 0.0265625 0.05
0 0.6296875 0.66171875 0.0265625 0.07421875
0 0.659375 0.659375 0.025 0.0703125
0 0.7390625 0.61875 0.0265625 0.07734375
0 0.71015625 0.62109375 0.028125 0.07421875
0 0.490625 0.65703125 0.028125 0.075
0 0.525 0.35078125 0.02421875 0.071875
0 0.4984375 0.35 0.028125 0.0703125
0 0.465625 0.3484375 0.02734375 0.06953125
0 0.6859375 0.62265625 0.0203125 0.071875
0 0.46015625 0.65546875 0.0296875 0.075
0 0.4296875 0.66015625 0.028125 0.06953125
0 0.3984375 0.72109375 0.02734375 0.04453125
0 0.43515625 0.34921875 0.02734375 0.071875
0 0.3984375 0.66015625 0.03125 0.071875
0 0.365625 0.7015625 0.028125 0.05546875
0 0.97265625 0.665625 0.0546875 0.06796875
0 0.91640625 0.6953125 0.05 0.06328125
0 0.86171875 0.66875 0.0546875 0.0640625
0 0.33359375 0.7 0.03125 0.0578125
0 0.2953125 0.70625 0.0296875 0.04609375
0 0.2625 0.70703125 0.02890625 0.0453125
0 0.21875 0.703125 0.02578125 0.05703125
0 0.18984375 0.7046875 0.02734375 0.053125
0 0.134375 0.7 0.02109375 0.053125
0 0.42890625 0.7203125 0.03125 0.04296875
0 0.35625 0.29140625 0.0359375 0.17421875
0 0.25 0.290625 0.0359375 0.1765625
0 0.2875 0.28984375 0.034375 0.17578125
0 0.8015625 0.678125 0.05859375 0.07421875
0 0.73828125 0.70625 0.025 0.03984375
0 0.71015625 0.7078125 0.028125 0.0390625
0 0.6828125 0.70703125 0.01875 0.04140625
0 0.1671875 0.08046875 0.0375 0.15234375
0 0.2078125 0.0859375 0.03828125 0.1640625
0 0.24375 0.0828125 0.028125 0.1578125
0 0.2796875 0.0875 0.0375 0.16875
0 0.31640625 0.09140625 0.03671875 0.16796875
0 0.35234375 0.08828125 0.0328125 0.175
0 0.3875 0.090625 0.03125 0.17890625
0 0.42109375 0.09140625 0.0328125 0.18046875
0 0.45546875 0.09296875 0.03125 0.17890625
0 0.48984375 0.09375 0.03203125 0.18203125
0 0.559375 0.0953125 0.03671875 0.1828125
0 0.596875 0.0953125 0.0359375 0.1859375
0 0.634375 0.09609375 0.0359375 0.19140625
0 0.6703125 0.096875 0.034375 0.1859375
0 0.70625 0.096875 0.0328125 0.18828125
0 0.77421875 0.09921875 0.0375 0.1890625
0 0.8125 0.10390625 0.03203125 0.17890625
0 0.8484375 0.10078125 0.0390625 0.1875
0 0.8890625 0.1046875 0.0375 0.1921875
0 0.9234375 0.10625 0.0296875 0.190625
0 0.95546875 0.10703125 0.03125 0.184375
0 0.98828125 0.1140625 0.0234375 0.16640625
0 0.1828125 0.290625 0.03125 0.1703125
0 0.215625 0.28984375 0.0328125 0.175
0 0.97890625 0.515625 0.028125 0.06171875
0 0.32109375 0.29140625 0.0296875 0.1765625
0 0.5515625 0.34921875 0.02421875 0.07578125
0 0.15 0.29140625 0.03359375 0.16171875
0 0.8875 0.51484375 0.05390625 0.065625
0 0.42734375 0.43671875 0.028125 0.07265625
0 0.45625 0.43671875 0.02734375 0.06796875
0 0.42734375 0.50625 0.0265625 0.0609375
0 0.45625 0.50546875 0.0265625 0.0609375
0 0.484375 0.43828125 0.02578125 0.06640625
0 0.5109375 0.43828125 0.025 0.065625
0 0.51171875 0.5078125 0.025 0.06328125
0 0.5390625 0.496875 0.02578125 0.08828125
0 0.565625 0.49609375 0.025 0.084375
0 0.5953125 0.4953125 0.02578125 0.08515625
0 0.62421875 0.4953125 0.025 0.0921875
0 0.653125 0.49296875 0.028125 0.0921875
0 0.68125 0.49375 0.0265625 0.084375
0 0.709375 0.49609375 0.02421875 0.08671875
0 0.7359375 0.496875 0.0265625 0.0828125
0 0.778125 0.50859375 0.05234375 0.06484375
0 0.83359375 0.44765625 0.05703125 0.06484375
0 0.83203125 0.5140625 0.05234375 0.06328125
0 0.890625 0.446875 0.05390625 0.06953125
0 0.934375 0.44765625 0.0234375 0.0578125
0 0.9578125 0.44765625 0.0234375 0.0609375
0 0.92734375 0.51171875 0.0203125 0.06484375
0 0.95234375 0.51171875 0.025 0.06484375
0 0.98671875 0.4484375 0.0265625 0.06484375
0 0.5796875 0.35078125 0.02734375 0.07734375
0 0.9890625 0.3625 0.021875 0.06796875
0 0.9625 0.3625 0.0296875 0.06328125
0 0.484375 0.50625 0.0265625 0.0609375
0 0.9609375 0.284375 0.0328125 0.07890625
0 0.6125 0.35078125 0.02734375 0.07265625
0 0.640625 0.35234375 0.0265625 0.07421875
0 0.66875 0.353125 0.028125 0.0703125
0 0.696875 0.35546875 0.02578125 0.06875
0 0.72578125 0.3578125 0.02890625 0.0734375
0 0.75625 0.35703125 0.028125 0.0703125
0 0.71171875 0.27265625 0.021875 0.06953125
0 0.73515625 0.27109375 0.021875 0.071875
0 0.9890625 0.28671875 0.021875 0.08125
0 0.7828125 0.28515625 0.0265625 0.078125
0 0.7796875 0.35859375 0.01953125 0.065625
0 0.8046875 0.359375 0.0265625 0.06796875
0 0.87109375 0.29296875 0.0421875 0.0765625
0 0.85234375 0.36328125 0.0578125 0.06484375
0 0.9015625 0.2890625 0.01796875 0.07421875
0 0.92578125 0.28671875 0.028125 0.07734375
0 0.89375 0.36171875 0.02109375 0.06171875
0 0.92265625 0.36015625 0.025 0.0671875
0 0.81171875 0.284375 0.0234375 0.0765625