0 0.16015625 0.6484375 0.04609375 0.07890625
0 0.61171875 0.7578125 0.0375 0.07421875
0 0.696875 0.74453125 0.04296875 0.08828125
0 0.465625 0.76328125 0.04921875 0.07109375
0 0.52265625 0.76015625 0.0453125 0.07890625
0 0.65390625 0.740625 0.03515625 0.10546875
0 0.56875 0.759375 0.03828125 0.0703125
0 0.25390625 0.32265625 0.05625 0.0765625
0 0.35390625 0.7671875 0.04609375 0.071875
0 0.73203125 0.7296875 0.02890625 0.078125
0 0.10390625 0.6484375 0.05078125 0.071875
0 0.03984375 0.79296875 0.0765625 0.03125
0 0.04296875 0.828125 0.07265625 0.0390625
0 0.12109375 0.7765625 0.04296875 0.0703125
0 0.1765625 0.77734375 0.05625 0.07265625
0 0.68828125 0.33203125 0.0328125 0.06484375
0 0.73125 0.32734375 0.0484375 0.06640625
0 0.64140625 0.32578125 0.0578125 0.07578125
0 0.40859375 0.7625 0.04609375 0.08671875
0 0.5265625 0.32578125 0.05859375 0.0765625
0 0.4703125 0.3234375 0.04765625 0.071875
0 0.415625 0.32421875 0.04765625 0.078125
0 0.36328125 0.321875 0.04609375 0.0734375
0 0.19921875 0.32109375 0.04921875 0.08359375
0 0.1421875 0.31875 0.05078125 0.08125
0 0.08515625 0.31953125 0.0515625 0.0875
0 0.02890625 0.49765625 0.04140625 0.02890625
0 0.23984375 0.77265625 0.0515625 0.07578125
0 0.3 0.76953125 0.04296875 0.071875
0 0.584375 0.325 0.04921875 0.07265625
0 0.77734375 0.7421875 0.0515625 0.08828125
0 0.7375 0.8828125 0.0296875 0.1109375
0 0.8796875 0.72265625 0.0609375 0.08828125
0 0.33046875 0.6421875 0.07578125 0.07734375
0 0.41640625 0.44296875 0.05234375 0.0828125
0 0.365625 0.44296875 0.04921875 0.075
0 0.30703125 0.44453125 0.05703125 0.0859375
0 0.228125 0.43984375 0.078125 0.08828125
0 0.153125 0.43671875 0.05703125 0.09140625
0 0.08828125 0.440625 0.06484375 0.0890625
0 0.03359375 0.4625 0.0390625 0.02734375
0 0.978125 0.8546875 0.040625 0.13203125
0 0.934375 0.86484375 0.04609375 0.128125
0 0.8859375 0.8625 0.03984375 0.1375
0 0.846875 0.8765625 0.03828125 0.1125
0 0.80703125 0.8796875 0.03984375 0.11875
0 0.7703125 0.88125 0.03203125 0.1078125
0 0.82109375 0.74375 0.03671875 0.08671875
0 0.703125 0.8859375 0.03125 0.103125
0 0.6359375 0.8890625 0.03046875 0.10390625
0 0.6015625 0.88984375 0.02734375 0.11015625
0 0.5671875 0.8953125 0.034375 0.11015625
0 0.5296875 0.896875 0.03359375 0.1109375
0 0.46171875 0.896875 0.040625 0.11796875
0 0.41875 0.9 0.040625 0.11484375
0 0.3125 0.909375 0.03671875 0.11328125
0 0.27109375 0.9125 0.03828125 0.1109375
0 0.23515625 0.915625 0.03515625 0.11484375
0 0.19453125 0.91640625 0.03671875 0.11171875
0 0.15625 0.9171875 0.028125 0.11015625
0 0.121875 0.91796875 0.0390625 0.11484375
0 0.08359375 0.9234375 0.03671875 0.11015625
0 0.94453125 0.703125 0.0546875 0.12890625
0 0.6703125 0.8875 0.03203125 0.10625
0 0.2640625 0.64453125 0.0546875 0.075
0 0.49609375 0.878125 0.0265625 0.115625
0 0.4671875 0.64296875 0.0640625 0.08359375
0 0.37109375 0.2125 0.0421875 0.07578125
0 0.41875 0.2125 0.04140625 0.08203125
0 0.4953125 0.2015625 0.10546875 0.11484375
0 0.6046875 0.2015625 0.10546875 0.1125
0 0.675 0.22265625 0.0359375 0.07890625
0 0.7171875 0.21953125 0.04140625 0.07890625
0 0.76171875 0.22265625 0.03984375 0.07578125
0 0.8109375 0.21875 0.0484375 0.08125
0 0.8703125 0.20234375 0.05234375 0.1078125
0 0.91953125 0.23359375 0.0390625 0.08046875
0 0.96640625 0.2359375 0.04609375 0.078125
0 0.96015625 0.3484375 0.0625 0.0796875
0 0.80234375 0.31796875 0.05078125 0.07265625
0 0.48125 0.44765625 0.04921875 0.06328125
0 0.5625 0.4375 0.09609375 0.08515625
0 0.63046875 0.453125 0.02734375 0.05
0 0.66171875 0.45703125 0.028125 0.04375
0 0.69140625 0.45625 0.02734375 0.046875
0 0.7203125 0.45546875 0.02734375 0.04296875
0 0.31953125 0.20859375 0.040625 0.08359375
0 0.746875 0.45234375 0.01953125 0.04296875
0 0.2734375 0.20859375 0.0453125 0.08125
0 0.16875 0.20546875 0.046875 0.075
0 0.04296875 0.76171875 0.0859375 0.0203125
0 0.9359375 0.1078125 0.0421875 0.09765625
0 0.98125 0.11640625 0.0375 0.09140625
0 0.89140625 0.0671875 0.03984375 0.0953125
0 0.84453125 0.06875 0.0328125 0.10078125
0 0.8046875 0.065625 0.02734375 0.09765625
0 0.7515625 0.05859375 0.06796875 0.11484375
0 0.6921875 0.05859375 0.040625 0.1140625
0 0.64765625 0.05625 0.0421875 0.109375
0 0.5921875 0.05546875 0.06796875 0.10859375
0 0.5203125 0.05390625 0.065625 0.1046875
0 0.45546875 0.05390625 0.05390625 0.10234375
0 0.3859375 0.0515625 0.075 0.09921875
0 0.30234375 0.05234375 0.08125 0.10234375
0 0.22578125 0.05 0.0671875 0.09765625
0 0.14453125 0.04921875 0.08984375 0.09375
0 0.06171875 0.0453125 0.06015625 0.0875
0 0.06640625 0.2015625 0.046875 0.08203125
0 0.121875 0.20546875 0.04765625 0.0796875
0 0.21796875 0.20703125 0.0484375 0.0796875
0 0.77734375 0.45390625 0.02265625 0.046875
0 0.859375 0.3234375 0.0578125 0.08359375
0 0.875 0.4609375 0.04921875 0.0609375
0 0.81875 0.43828125 0.0578125 0.078125
0 0.45 0.559375 0.025 0.04296875
0 0.478125 0.5609375 0.0296875 0.046875
0 0.50546875 0.55859375 0.0234375 0.0484375
0 0.53359375 0.56015625 0.03046875 0.05625
0 0.56171875 0.55859375 0.028125 0.0484375
0 0.58828125 0.55390625 0.028125 0.04765625
0 0.6390625 0.5375 0.059375 0.0828125
0 0.39453125 0.55546875 0.025 0.0453125
0 0.70078125 0.5390625 0.05546875 0.07890625
0 0.82734375 0.53828125 0.05546875 0.06875
0 0.896875 0.58046875 0.0859375 0.0640625
0 0.971875 0.55703125 0.05625 0.10390625
0 0.7296875 0.63515625 0.06171875 0.06328125
0 0.8046875 0.63203125 0.075 0.06953125
0 0.6578125 0.64296875 0.075 0.05859375
0 0.58515625 0.634375 0.0578125 0.06953125
0 0.52890625 0.63515625 0.0546875 0.06640625
0 0.76484375 0.5390625 0.06328125 0.07421875
0 0.365625 0.56328125 0.028125 0.0453125
0 0.42421875 0.5625 0.0265625 0.05078125
0 0.22421875 0.55859375 0.02265625 0.046875
0 0.94296875 0.46328125 0.0765625 0.0703125
0 0.0734375 0.56328125 0.03203125 0.0484375
0 0.10703125 0.565625 0.025 0.046875
0 0.13515625 0.56171875 0.028125 0.04609375
0 0.16796875 0.5625 0.02890625 0.0453125
0 0.19765625 0.5625 0.02734375 0.0453125
0 0.253125 0.5609375 0.02734375 0.04765625
0 0.2828125 0.56015625 0.02578125 0.053125
0 0.3109375 0.5609375 0.0203125 0.04296875
0 0.3375 0.5625 0.02578125 0.05
0 0.40234375 0.63984375 0.059375 0.08515625