0 0.59296875 0.6140625 0.03203125 0.01953125
0 0.5609375 0.6625 0.025 0.02265625
0 0.62734375 0.63984375 0.0296875 0.02109375
0 0.58984375 0.6390625 0.02890625 0.0171875
0 0.55859375 0.6171875 0.0296875 0.01875
0 0.528125 0.6421875 0.02578125 0.01875
0 0.46171875 0.61953125 0.021875 0.0203125
0 0.490625 0.66484375 0.025 0.0171875
0 0.62578125 0.6140625 0.02734375 0.01953125
0 0.5953125 0.66328125 0.0296875 0.01953125
0 0.4921875 0.64296875 0.03125 0.0171875
0 0.52578125 0.61796875 0.0296875 0.02265625
0 0.49296875 0.61796875 0.03046875 0.02265625
0 0.5265625 0.66171875 0.03359375 0.021875
0 0.55859375 0.63828125 0.0234375 0.01796875
0 0.39296875 0.6484375 0.03203125 0.02265625
0 0.459375 0.6640625 0.0296875 0.01953125
0 0.59375 0.353125 0.02578125 0.05859375
0 0.96015625 0.7953125 0.07578125 0.04609375
0 0.63046875 0.3515625 0.03984375 0.05546875
0 0.75078125 0.2765625 0.096875 0.06796875
0 0.85625 0.27578125 0.1046875 0.06953125
0 0.9546875 0.27578125 0.06875 0.06953125
0 0.72265625 0.378125 0.0984375 0.0609375
0 0.82578125 0.36953125 0.10390625 0.06171875
0 0.9359375 0.37578125 0.1015625 0.06171875
0 0.38203125 0.48984375 0.03203125 0.0234375
0 0.38671875 0.5375 0.034375 0.05859375
0 0.425 0.53984375 0.03125 0.05234375
0 0.4578125 0.5375 0.0296875 0.05390625
0 0.56171875 0.3515625 0.0328125 0.0546875
0 0.4171875 0.49140625 0.02578125 0.02890625
0 0.41953125 0.4515625 0.03046875 0.03515625
0 0.45390625 0.45703125 0.034375 0.04296875
0 0.45390625 0.49453125 0.02890625 0.021875
0 0.49296875 0.4890625 0.0359375 0.02421875
0 0.4921875 0.53203125 0.03203125 0.0453125
0 0.52578125 0.53046875 0.03203125 0.04921875
0 0.52578125 0.48671875 0.025 0.02109375
0 0.4921875 0.46328125 0.02890625 0.0203125
0 0.5234375 0.46171875 0.03203125 0.02421875
0 0.48828125 0.43828125 0.028125 0.01875
0 0.48359375 0.41015625 0.0296875 0.02265625
0 0.52421875 0.4359375 0.0296875 0.02109375
0 0.56171875 0.5296875 0.0328125 0.05390625
0 0.38515625 0.45 0.02578125 0.034375
0 0.5265625 0.3546875 0.03359375 0.05859375
0 0.4890625 0.3546875 0.02890625 0.0625
0 0.45390625 0.35625 0.0328125 0.0625
0 0.45703125 0.1234375 0.0609375 0.0796875
0 0.72265625 0.17734375 0.0796875 0.0671875
0 0.81484375 0.17421875 0.0921875 0.0734375
0 0.9078125 0.17734375 0.0796875 0.06640625
0 0.3234375 0.2015625 0.0484375 0.07265625
0 0.375 0.203125 0.053125 0.06875
0 0.42578125 0.2015625 0.0421875 0.0671875
0 0.40703125 0.25078125 0.02734375 0.01953125
0 0.446875 0.2484375 0.0328125 0.02578125
0 0.3734375 0.27734375 0.034375 0.02265625
0 0.41640625 0.275 0.03671875 0.025
0 0.4515625 0.2765625 0.03046875 0.028125
0 0.4828125 0.278125 0.028125 0.021875
0 0.4859375 0.25625 0.0234375 0.0140625
0 0.5375 0.24375 0.0296875 0.03203125
0 0.521875 0.27734375 0.0328125 0.02578125
0 0.56015625 0.27734375 0.0296875 0.025
0 0.37109375 0.30546875 0.03515625 0.02265625
0 0.41328125 0.3046875 0.03984375 0.02421875
0 0.45234375 0.30703125 0.03203125 0.028125
0 0.484375 0.30546875 0.03125 0.0265625
0 0.521875 0.3078125 0.0328125 0.02578125
0 0.5625 0.30546875 0.03359375 0.0296875
0 0.5953125 0.30546875 0.0328125 0.02578125
0 0.63515625 0.29921875 0.03203125 0.02109375
0 0.63359375 0.27578125 0.0328125 0.02109375
0 0.634375 0.2453125 0.0375 0.028125
0 0.3765625 0.3515625 0.03984375 0.0609375
0 0.41796875 0.3546875 0.0375 0.0609375
0 0.5953125 0.5265625 0.0296875 0.04921875
0 0.63125 0.52421875 0.0375 0.04609375
0 0.39296875 0.62421875 0.03203125 0.02265625
0 0.56015625 0.4890625 0.0296875 0.0234375
0 0.43515625 0.8203125 0.02578125 0.02109375
0 0.43671875 0.853125 0.02890625 0.04296875
0 0.4 0.85390625 0.0328125 0.04296875
0 0.40078125 0.8171875 0.03125 0.0203125
0 0.63046875 0.7859375 0.0296875 0.025
0 0.59453125 0.7875 0.02890625 0.0234375
0 0.5640625 0.78671875 0.025 0.0234375
0 0.53046875 0.790625 0.03125 0.0203125
0 0.4984375 0.78828125 0.0296875 0.02421875
0 0.46640625 0.7890625 0.03046875 0.01875
0 0.43203125 0.78984375 0.0265625 0.01953125
0 0.39921875 0.79140625 0.03046875 0.01953125
0 0.6296875 0.7578125 0.021875 0.02109375
0 0.596875 0.76171875 0.0265625 0.02421875
0 0.56640625 0.7625 0.0296875 0.0265625
0 0.5296875 0.76484375 0.0234375 0.02109375
0 0.503125 0.76484375 0.03046875 0.01953125
0 0.46640625 0.7640625 0.028125 0.021875
0 0.43046875 0.76484375 0.0265625 0.02109375
0 0.46015625 0.64140625 0.03125 0.01875
0 0.62421875 0.6625 0.03046875 0.01875
0 0.72109375 0.6453125 0.10546875 0.0515625
0 0.82421875 0.64140625 0.0875 0.05546875
0 0.91875 0.640625 0.07265625 0.0484375
0 0.7046875 0.7265625 0.07578125 0.053125
0 0.7953125 0.72421875 0.103125 0.05078125
0 0.8875 0.70546875 0.07734375 0.034375
0 0.88359375 0.740625 0.06640625 0.0296875
0 0.9609375 0.7203125 0.07109375 0.04609375
0 0.4671875 0.81875 0.0296875 0.02109375
0 0.38984375 0.11953125 0.06015625 0.07265625
0 0.50078125 0.8171875 0.0296875 0.02109375
0 0.5625 0.8125 0.02890625 0.02109375
0 0.5953125 0.48671875 0.0296875 0.02109375
0 0.63125 0.48828125 0.03046875 0.02421875
0 0.56171875 0.46328125 0.0328125 0.0234375
0 0.59609375 0.459375 0.02578125 0.0265625
0 0.63046875 0.45703125 0.0328125 0.02265625
0 0.62890625 0.43359375 0.0328125 0.02578125
0 0.721875 0.47265625 0.096875 0.0625
0 0.8328125 0.46796875 0.10859375 0.06953125
0 0.92734375 0.46875 0.06015625 0.0625
0 0.71796875 0.56171875 0.08984375 0.05625
0 0.81640625 0.55859375 0.09609375 0.0578125
0 0.90546875 0.55625 0.078125 0.0546875
0 0.39140625 0.58203125 0.0296875 0.01640625
0 0.421875 0.58359375 0.0296875 0.01640625
0 0.459375 0.590625 0.0296875 0.01640625
0 0.4890625 0.590625 0.02890625 0.02109375
0 0.5203125 0.5875 0.02890625 0.021875
0 0.4328125 0.7125 0.03203125 0.06328125
0 0.3984375 0.715625 0.0375 0.0640625
0 0.3953125 0.67109375 0.03203125 0.02265625
0 0.55546875 0.584375 0.02890625 0.02109375
0 0.63046875 0.84765625 0.0296875 0.04296875
0 0.596875 0.84921875 0.02734375 0.04609375
0 0.5671875 0.84609375 0.028125 0.04140625
0 0.53203125 0.85078125 0.028125 0.03984375
0 0.49765625 0.85234375 0.02578125 0.0390625
0 0.46640625 0.853125 0.02421875 0.04296875
0 0.62890625 0.81171875 0.0328125 0.021875
0 0.59609375 0.81171875 0.025 0.02421875
0 0.53046875 0.81328125 0.028125 0.021875
0 0.328125 0.1203125 0.0546875 0.075
0 0.39765625 0.765625 0.03125 0.01796875
0 0.428125 0.66640625 0.02890625 0.01640625
0 0.46484375 0.7140625 0.028125 0.05546875
0 0.428125 0.62109375 0.03203125 0.01875
0 0.6296875 0.70234375 0.028125 0.0515625
0 0.596875 0.7015625 0.03515625 0.05
0 0.428125 0.64453125 0.03046875 0.01953125
0 0.56171875 0.70546875 0.03046875 0.05078125
0 0.4984375 0.70859375 0.03125 0.053125
0 0.53125 0.70625 0.02734375 0.05234375