0 0.940625 0.39140625 0.05859375 0.0765625
0 0.1203125 0.13125 0.0578125 0.07421875
0 0.959375 0.69140625 0.05859375 0.0703125
0 0.0671875 0.13046875 0.04609375 0.0765625
0 0.04921875 0.78046875 0.059375 0.05859375
0 0.11953125 0.76953125 0.040625 0.05625
0 0.1734375 0.78515625 0.059375 0.0578125
0 0.23671875 0.77578125 0.05546875 0.0578125
0 0.8890625 0.6890625 0.07265625 0.07421875
0 0.2921875 0.7890625 0.0515625 0.0484375
0 0.378125 0.7859375 0.025 0.053125
0 0.45546875 0.7859375 0.03515625 0.06015625
0 0.49453125 0.7859375 0.04140625 0.059375
0 0.6609375 0.77734375 0.05 0.028125
0 0.95078125 0.59375 0.05 0.075
0 0.04296875 0.6890625 0.04609375 0.0796875
0 0.33984375 0.7828125 0.03984375 0.0578125
0 0.08515625 0.68984375 0.03359375 0.08125
0 0.8140625 0.69296875 0.03671875 0.065625
0 0.73515625 0.690625 0.0359375 0.071875
0 0.04609375 0.5859375 0.05859375 0.08359375
0 0.10703125 0.5890625 0.05859375 0.0859375
0 0.184375 0.5953125 0.0578125 0.0796875
0 0.253125 0.5953125 0.05703125 0.0734375
0 0.3125 0.59453125 0.05703125 0.078125
0 0.38359375 0.5890625 0.07890625 0.09140625
0 0.77421875 0.6921875 0.034375 0.06875
0 0.44921875 0.59296875 0.0453125 0.07578125
0 0.66328125 0.878125 0.0359375 0.08359375
0 0.6359375 0.5875 0.08203125 0.09609375
0 0.70234375 0.58984375 0.04453125 0.08125
0 0.7625 0.58515625 0.0703125 0.09375
0 0.82421875 0.5921875 0.05 0.08046875
0 0.88828125 0.5859375 0.06953125 0.0921875
0 0.509375 0.5875 0.06484375 0.0921875
0 0.11875 0.68984375 0.02890625 0.08125
0 0.14921875 0.68984375 0.02890625 0.0828125
0 0.18515625 0.68828125 0.03671875 0.08125
0 0.58359375 0.88046875 0.04140625 0.0859375
0 0.30234375 0.68984375 0.0328125 0.075
0 0.3390625 0.6875 0.0359375 0.0765625
0 0.3796875 0.6875 0.040625 0.0828125
0 0.440625 0.696875 0.0671875 0.0609375
0 0.54296875 0.6875 0.05546875 0.06015625
0 0.45390625 0.88203125 0.04453125 0.078125
0 0.609375 0.678125 0.06484375 0.0671875
0 0.971875 0.878125 0.0421875 0.0890625
0 0.903125 0.8765625 0.06796875 0.0859375
0 0.8328125 0.875 0.06328125 0.084375
0 0.78046875 0.87734375 0.03828125 0.078125
0 0.746875 0.86875 0.02578125 0.071875
0 0.7046875 0.88046875 0.03984375 0.0796875
0 0.6828125 0.68515625 0.06015625 0.0671875
0 0.4 0.8796875 0.04453125 0.078125
0 0.34921875 0.8796875 0.04453125 0.08828125
0 0.3046875 0.878125 0.04140625 0.0875
0 0.225 0.6875 0.03984375 0.0828125
0 0.265625 0.690625 0.03828125 0.075
0 0.66328125 0.8046875 0.05078125 0.025
0 0.7703125 0.778125 0.05703125 0.028125
0 0.7140625 0.80703125 0.0484375 0.0234375
0 0.76953125 0.8078125 0.05546875 0.0234375
0 0.825 0.8078125 0.0484375 0.02734375
0 0.92890625 0.778125 0.05 0.021875
0 0.9296875 0.80390625 0.04921875 0.025
0 0.028125 0.8921875 0.03671875 0.07421875
0 0.08671875 0.884375 0.03671875 0.0671875
0 0.12734375 0.884375 0.03984375 0.0671875
0 0.18203125 0.86796875 0.03671875 0.0796875
0 0.22265625 0.87734375 0.03828125 0.08515625
0 0.26328125 0.8796875 0.0375 0.09140625
0 0.975 0.48671875 0.05 0.0765625
0 0.91875 0.4875 0.04921875 0.0734375
0 0.56796875 0.58984375 0.04765625 0.0765625
0 0.771875 0.49375 0.06328125 0.06640625
0 0.1546875 0.30625 0.0734375 0.034375
0 0.23125 0.27421875 0.0765625 0.0328125
0 0.23203125 0.30703125 0.06953125 0.0296875
0 0.30390625 0.2703125 0.06640625 0.0359375
0 0.30546875 0.30859375 0.06953125 0.034375
0 0.38203125 0.27578125 0.08125 0.1
0 0.4546875 0.28671875 0.05078125 0.07578125
0 0.50703125 0.2859375 0.05078125 0.07578125
0 0.5625 0.2890625 0.0484375 0.0703125
0 0.62578125 0.278125 0.075 0.09375
0 0.703125 0.2765625 0.07265625 0.0921875
0 0.775 0.275 0.0671875 0.09609375
0 0.84453125 0.2875 0.06484375 0.075
0 0.9078125 0.2828125 0.05078125 0.0828125
0 0.96328125 0.28515625 0.04921875 0.0734375
0 0.04765625 0.384375 0.06171875 0.0984375
0 0.8359375 0.4953125 0.06015625 0.0671875
0 0.153125 0.27421875 0.07421875 0.02578125
0 0.15390625 0.246875 0.07578125 0.02734375
0 0.0734375 0.30703125 0.07109375 0.03125
0 0.071875 0.27734375 0.07265625 0.021875
0 0.17734375 0.11015625 0.0484375 0.0234375
0 0.175 0.134375 0.04765625 0.02109375
0 0.17578125 0.159375 0.04765625 0.021875
0 0.2375 0.1359375 0.053125 0.06796875
0 0.29296875 0.13515625 0.04765625 0.0203125
0 0.29296875 0.1578125 0.04453125 0.02265625
0 0.33203125 0.15390625 0.025 0.034375
0 0.3984375 0.1328125 0.10078125 0.078125
0 0.17265625 0.3953125 0.05234375 0.0765625
0 0.5 0.1171875 0.0953125 0.10625
0 0.58515625 0.13671875 0.06640625 0.0703125
0 0.66015625 0.13125 0.075 0.08046875
0 0.73515625 0.12734375 0.06875 0.084375
0 0.7953125 0.1296875 0.04921875 0.084375
0 0.8640625 0.1359375 0.08046875 0.07265625
0 0.92421875 0.13515625 0.03203125 0.06875
0 0.96171875 0.13671875 0.03984375 0.0703125
0 0.065625 0.24765625 0.0765625 0.03125
0 0.49609375 0.05 0.115625 0.025
0 0.2328125 0.384375 0.05859375 0.1
0 0.1125 0.403125 0.05703125 0.0609375
0 0.371875 0.39375 0.05546875 0.0734375
0 0.71484375 0.49609375 0.04453125 0.0671875
0 0.6609375 0.4953125 0.0609375 0.06875
0 0.6046875 0.49375 0.04453125 0.06796875
0 0.54921875 0.49375 0.06171875 0.0671875
0 0.49296875 0.49375 0.04765625 0.0640625
0 0.43671875 0.4953125 0.059375 0.065625
0 0.378125 0.4953125 0.04609375 0.06875
0 0.321875 0.4953125 0.059375 0.0703125
0 0.2625 0.49921875 0.05703125 0.06484375
0 0.16015625 0.4875 0.0625 0.0875
0 0.08984375 0.4875 0.06953125 0.0890625
0 0.0265625 0.4984375 0.053125 0.065625
0 0.8796875 0.39453125 0.05703125 0.0734375
0 0.28046875 0.39921875 0.03203125 0.07109375
0 0.62421875 0.8796875 0.034375 0.08359375
0 0.4359375 0.3953125 0.05234375 0.075
0 0.5015625 0.39453125 0.05234375 0.0734375
0 0.565625 0.396875 0.05234375 0.06875
0 0.6859375 0.3953125 0.040625 0.075
0 0.74140625 0.39453125 0.0546875 0.071875
0 0.8046875 0.39296875 0.0609375 0.078125