0 0.128125 0.47734375 0.05078125 0.0953125
0 0.91484375 0.3578125 0.0453125 0.0890625
0 0.096875 0.60625 0.05546875 0.06953125
0 0.02890625 0.5046875 0.04609375 0.0703125
0 0.040625 0.61953125 0.05234375 0.046875
0 0.03828125 0.57734375 0.04375 0.0359375
0 0.37421875 0.5796875 0.04921875 0.0859375
0 0.6765625 0.7875 0.05234375 0.03828125
0 0.2171875 0.5875 0.05625 0.07890625
0 0.821875 0.75390625 0.128125 0.0390625
0 0.73125 0.7859375 0.04765625 0.0421875
0 0.53359375 0.7796875 0.0640625 0.015625
0 0.865625 0.35546875 0.0484375 0.08828125
0 0.61015625 0.77421875 0.078125 0.0796875
0 0.15625 0.5890625 0.0609375 0.075
0 0.81015625 0.35546875 0.05078125 0.08828125
0 0.03984375 0.3703125 0.071875 0.10234375
0 0.6984375 0.35703125 0.06640625 0.0875
0 0.128125 0.26640625 0.02578125 0.0609375
0 0.10078125 0.265625 0.0296875 0.059375
0 0.06953125 0.265625 0.028125 0.05703125
0 0.028125 0.26484375 0.046875 0.06640625
0 0.52890625 0.75390625 0.075 0.0328125
0 0.1203125 0.378125 0.05078125 0.01875
0 0.1890625 0.3890625 0.07578125 0.0296875
0 0.11875 0.39921875 0.04765625 0.01875
0 0.25 0.3640625 0.04375 0.078125
0 0.29609375 0.36640625 0.03828125 0.0765625
0 0.35625 0.38828125 0.0703125 0.03515625
0 0.42890625 0.38671875 0.07265625 0.03515625
0 0.50078125 0.35859375 0.0671875 0.0890625
0 0.56640625 0.35546875 0.06328125 0.08984375
0 0.6328125 0.3578125 0.06484375 0.08828125
0 0.75859375 0.35625 0.04765625 0.0890625
0 0.45546875 0.79140625 0.06640625 0.04375
0 0.37421875 0.69453125 0.03828125 0.05703125
0 0.32109375 0.78125 0.06640625 0.07109375
0 0.81875 0.68671875 0.04765625 0.06015625
0 0.871875 0.68515625 0.053125 0.0578125
0 0.91875 0.734375 0.0453125 0.0375
0 0.9890625 0.72265625 0.021875 0.05859375
0 0.9625 0.7296875 0.028125 0.046875
0 0.9421875 0.55859375 0.0375 0.06328125
0 0.98046875 0.55625 0.0390625 0.065625
0 0.7796875 0.575 0.05703125 0.08046875
0 0.71875 0.5765625 0.06015625 0.0859375
0 0.65625 0.5765625 0.0609375 0.0890625
0 0.59609375 0.5796875 0.05859375 0.08671875
0 0.53671875 0.57890625 0.05703125 0.084375
0 0.4734375 0.5796875 0.06171875 0.0828125
0 0.271875 0.58203125 0.0484375 0.0828125
0 0.32421875 0.58125 0.04921875 0.0828125
0 0.7 0.68359375 0.04453125 0.0609375
0 0.3875 0.77734375 0.06171875 0.06953125
0 0.65234375 0.6828125 0.0453125 0.059375
0 0.58359375 0.69140625 0.0296875 0.0484375
0 0.25078125 0.79765625 0.06953125 0.03671875
0 0.17734375 0.784375 0.07421875 0.07421875
0 0.03125 0.79921875 0.03828125 0.0515625
0 0.09140625 0.7046875 0.06484375 0.078125
0 0.0328125 0.70234375 0.04609375 0.0796875
0 0.15390625 0.68671875 0.04453125 0.075
0 0.19765625 0.68515625 0.04296875 0.07890625
0 0.23984375 0.6984375 0.03828125 0.04921875
0 0.284375 0.70078125 0.03984375 0.0484375
0 0.32890625 0.69609375 0.04609375 0.0546875
0 0.1578125 0.26640625 0.034375 0.05859375
0 0.4171875 0.69453125 0.04140625 0.0546875
0 0.45703125 0.69765625 0.0375 0.04921875
0 0.50234375 0.69609375 0.04296875 0.04765625
0 0.54609375 0.6953125 0.0421875 0.04375
0 0.61328125 0.684375 0.02578125 0.06328125
0 0.24453125 0.26640625 0.06953125 0.06484375
0 0.4203125 0.5796875 0.0390625 0.08515625
0 0.36015625 0.2484375 0.04296875 0.096875
0 0.89453125 0.88671875 0.05234375 0.0328125
0 0.8390625 0.8890625 0.05546875 0.0515625
0 0.7625 0.8515625 0.046875 0.05703125
0 0.7109375 0.86328125 0.04453125 0.0765625
0 0.6609375 0.8671875 0.04921875 0.07890625
0 0.60625 0.87890625 0.05390625 0.071875
0 0.5265625 0.8375 0.075 0.01953125
0 0.95390625 0.88515625 0.05703125 0.03984375
0 0.53515625 0.8546875 0.07109375 0.015625
0 0.87421875 0.23984375 0.0734375 0.10625
0 0.80078125 0.2390625 0.06953125 0.1078125
0 0.73359375 0.240625 0.0578125 0.1078125
0 0.68203125 0.25859375 0.04375 0.07109375
0 0.44921875 0.83984375 0.07109375 0.0203125
0 0.45390625 0.859375 0.07734375 0.015625
0 0.5375 0.87109375 0.0765625 0.01640625
0 0.9671875 0.2578125 0.04609375 0.06171875
0 0.45546875 0.87421875 0.07578125 0.0125
0 0.89609375 0.82890625 0.05078125 0.028125
0 0.1765625 0.47578125 0.04375 0.09453125
0 0.98671875 0.82578125 0.02578125 0.02734375
0 0.81796875 0.784375 0.1203125 0.01953125
0 0.971875 0.37421875 0.05546875 0.0546875
0 0.9640625 0.46875 0.071875 0.04921875
0 0.88984375 0.46796875 0.06640625 0.0953125
0 0.73125 0.48671875 0.034375 0.059375
0 0.67265625 0.4609375 0.0828125 0.02734375
0 0.94921875 0.8265625 0.05078125 0.03046875
0 0.671875 0.48515625 0.07578125 0.021875
0 0.60546875 0.46875 0.04453125 0.090625
0 0.55 0.46953125 0.05078125 0.09140625
0 0.48984375 0.471875 0.06015625 0.08671875
0 0.42421875 0.47421875 0.05703125 0.08828125
0 0.36015625 0.47421875 0.05703125 0.0984375
0 0.29453125 0.475 0.0640625 0.0953125
0 0.2296875 0.475 0.06015625 0.0953125
0 0.67265625 0.5046875 0.07734375 0.01484375
0 0.31015625 0.253125 0.05546875 0.084375
0 0.46015625 0.88828125 0.07734375 0.0125
0 0.54140625 0.8875 0.0734375 0.0125
0 0.46875 0.9046875 0.0765625 0.0171875
0 0.63515625 0.24453125 0.04609375 0.1
0 0.5890625 0.246875 0.0453125 0.1
0 0.54453125 0.2546875 0.0390625 0.08671875
0 0.4515625 0.2640625 0.04609375 0.06484375
0 0.4046875 0.2484375 0.04453125 0.09765625
0 0.265625 0.8734375 0.065625 0.0703125
0 0.49921875 0.253125 0.05 0.08125
0 0.15859375 0.90078125 0.028125 0.01953125
0 0.1125 0.9 0.053125 0.04453125
0 0.0609375 0.90234375 0.04765625 0.04375
0 0.0171875 0.903125 0.03046875 0.04140625
0 0.82578125 0.8296875 0.04375 0.0140625
0 0.54375 0.90390625 0.06875 0.01796875
0 0.2 0.8921875 0.053125 0.0453125