0 0.98203125 0.92265625 0.03515625 0.05703125
0 0.66328125 0.64765625 0.05078125 0.05
0 0.721875 0.615625 0.04921875 0.05078125
0 0.77421875 0.62265625 0.059375 0.046875
0 0.71875 0.66796875 0.05078125 0.05234375
0 0.76640625 0.67421875 0.0515625 0.05859375
0 0.5640625 0.4125 0.0390625 0.03984375
0 0.971875 0.98125 0.05625 0.03671875
0 0.878125 0.709375 0.059375 0.0546875
0 0.9484375 0.72578125 0.0703125 0.06953125
0 0.83515625 0.35234375 0.03125 0.07265625
0 0.8671875 0.35234375 0.034375 0.07734375
0 0.90234375 0.35390625 0.034375 0.075
0 0.94296875 0.3515625 0.0421875 0.0796875
0 0.98203125 0.3515625 0.03515625 0.0765625
0 0.8171875 0.6890625 0.05625 0.0609375
0 0.8875 0.65390625 0.0703125 0.0546875
0 0.8421875 0.93671875 0.065625 0.05
0 0.92578125 0.89453125 0.078125 0.04921875
0 0.70078125 0.228125 0.04765625 0.13046875
0 0.6578125 0.23671875 0.03984375 0.128125
0 0.6203125 0.2390625 0.03359375 0.12421875
0 0.58359375 0.24140625 0.04140625 0.11953125
0 0.74921875 0.22890625 0.05078125 0.1390625
0 0.796875 0.21796875 0.04453125 0.14453125
0 0.8453125 0.21484375 0.05234375 0.1421875
0 0.91171875 0.9546875 0.06171875 0.06328125
0 0.90234375 0.20703125 0.05859375 0.15234375
0 0.63984375 0.79296875 0.04375 0.04375
0 0.696875 0.81015625 0.059375 0.0453125
0 0.6390625 0.8421875 0.04765625 0.04453125
0 0.68359375 0.8546875 0.0421875 0.04609375
0 0.7296875 0.88046875 0.0453125 0.05859375
0 0.7828125 0.9015625 0.05234375 0.0625
0 0.853125 0.87578125 0.05859375 0.0515625
0 0.96640625 0.19609375 0.0671875 0.1484375
0 0.79765625 0.42734375 0.03046875 0.06875
0 0.62734375 0.51015625 0.02734375 0.08125
0 0.65078125 0.5125 0.02109375 0.08984375
0 0.62265625 0.415625 0.02578125 0.0546875
0 0.7734375 0.35234375 0.0328125 0.071875
0 0.7421875 0.353125 0.02421875 0.0640625
0 0.71328125 0.353125 0.03203125 0.0609375
0 0.6453125 0.41796875 0.01875 0.059375
0 0.665625 0.4171875 0.021875 0.059375
0 0.68984375 0.41953125 0.021875 0.07109375
0 0.60078125 0.41015625 0.01953125 0.0625
0 0.71484375 0.42265625 0.02578125 0.065625
0 0.7640625 0.42265625 0.03046875 0.065625
0 0.565625 0.3578125 0.04609375 0.06640625
0 0.68671875 0.3515625 0.0203125 0.0640625
0 0.66328125 0.35234375 0.025 0.06640625
0 0.63671875 0.35390625 0.025 0.06328125
0 0.54296875 0.484375 0.0375 0.03515625
0 0.559375 0.44921875 0.05 0.0296875
0 0.73671875 0.42109375 0.021875 0.065625
0 0.98515625 0.43515625 0.0296875 0.075
0 0.953125 0.43671875 0.03046875 0.06875
0 0.603125 0.7359375 0.0453125 0.04375
0 0.67109375 0.5140625 0.02109375 0.0890625
0 0.696875 0.51796875 0.02734375 0.096875
0 0.72578125 0.5171875 0.0328125 0.096875
0 0.75390625 0.521875 0.0234375 0.1078125
0 0.78203125 0.53046875 0.0265625 0.09453125
0 0.81015625 0.534375 0.03125 0.09296875
0 0.84296875 0.53984375 0.03046875 0.10078125
0 0.87578125 0.5453125 0.03828125 0.0984375
0 0.91171875 0.55078125 0.0375 0.1109375
0 0.95078125 0.55859375 0.034375 0.11171875
0 0.9828125 0.55 0.034375 0.103125
0 0.80390625 0.353125 0.03046875 0.06953125
0 0.88828125 0.43359375 0.03203125 0.06796875
0 0.8578125 0.4296875 0.028125 0.06796875
0 0.8296875 0.43046875 0.02890625 0.06875
0 0.59375 0.821875 0.0421875 0.04453125
0 0.5953125 0.77734375 0.04140625 0.03828125
0 0.6046875 0.50703125 0.01953125 0.084375
0 0.921875 0.43359375 0.03359375 0.071875