0 0.67421875 0.3171875 0.0296875 0.0921875
0 0.30859375 0.49296875 0.03828125 0.0546875
0 0.459375 0.53828125 0.03359375 0.03125
0 0.4203125 0.4109375 0.0328125 0.03359375
0 0.4203125 0.44375 0.03515625 0.028125
0 0.42109375 0.47578125 0.0328125 0.03125
0 0.42265625 0.509375 0.034375 0.02890625
0 0.07421875 0.5375 0.040625 0.05234375
0 0.72578125 0.23828125 0.059375 0.025
0 0.45859375 0.50546875 0.034375 0.03125
0 0.66484375 0.240625 0.05859375 0.03125
0 0.5890625 0.25546875 0.03046875 0.034375
0 0.55703125 0.25078125 0.03046875 0.034375
0 0.525 0.253125 0.03125 0.03046875
0 0.0703125 0.48203125 0.03828125 0.053125
0 0.06640625 0.42421875 0.0375 0.06015625
0 0.11953125 0.53828125 0.034375 0.05078125
0 0.1140625 0.4859375 0.03828125 0.0515625
0 0.62109375 0.25859375 0.02890625 0.03359375
0 0.490625 0.2546875 0.034375 0.0328125
0 0.45625 0.47109375 0.034375 0.03203125
0 0.45546875 0.40390625 0.034375 0.03125
0 0.596875 0.540625 0.03359375 0.03125
0 0.56328125 0.54140625 0.0328125 0.03359375
0 0.56328125 0.50703125 0.0328125 0.0328125
0 0.5625 0.47265625 0.0328125 0.03203125
0 0.5625 0.4390625 0.03359375 0.03359375
0 0.5609375 0.40546875 0.03515625 0.03046875
0 0.5265625 0.4046875 0.034375 0.03125
0 0.45546875 0.4375 0.03359375 0.03203125
0 0.5265625 0.43828125 0.03515625 0.03359375
0 0.52890625 0.50703125 0.03359375 0.03125
0 0.52890625 0.540625 0.03359375 0.03203125
0 0.490625 0.4046875 0.034375 0.03203125
0 0.49140625 0.43828125 0.0328125 0.03203125
0 0.49140625 0.471875 0.03359375 0.03359375
0 0.4921875 0.50625 0.0328125 0.03046875
0 0.49375 0.5390625 0.034375 0.0328125
0 0.528125 0.47265625 0.0328125 0.03203125
0 0.596875 0.5078125 0.0328125 0.0296875
0 0.45625 0.25390625 0.03125 0.03203125
0 0.29375 0.36015625 0.03984375 0.0609375
0 0.38828125 0.53671875 0.034375 0.03359375
0 0.3859375 0.50390625 0.03359375 0.03046875
0 0.38515625 0.47109375 0.034375 0.03203125
0 0.42421875 0.540625 0.03359375 0.02890625
0 0.040625 0.3453125 0.01171875 0.06640625
0 0.0875 0.35 0.0375 0.06015625
0 0.15 0.353125 0.03671875 0.06484375
0 0.353125 0.53671875 0.0328125 0.03359375
0 0.15390625 0.28515625 0.015625 0.06015625
0 0.103125 0.28828125 0.0125 0.0609375
0 0.11953125 0.28828125 0.0171875 0.05625
0 0.18671875 0.2859375 0.03125 0.0515625
0 0.228125 0.2875 0.03671875 0.06171875
0 0.26640625 0.28984375 0.03671875 0.06484375
0 0.30390625 0.29609375 0.034375 0.06640625
0 0.34140625 0.296875 0.034375 0.03515625
0 0.13984375 0.2875 0.01171875 0.0609375
0 0.4234375 0.253125 0.03046875 0.03203125
0 0.35 0.5046875 0.03671875 0.028125
0 0.346875 0.44140625 0.03984375 0.03125
0 0.2359375 0.35546875 0.03984375 0.0609375
0 0.1921875 0.3546875 0.03984375 0.06875
0 0.109375 0.4234375 0.0390625 0.06953125
0 0.1609375 0.42421875 0.04296875 0.065625
0 0.165625 0.4859375 0.03671875 0.053125
0 0.16796875 0.54140625 0.0375 0.053125
0 0.21484375 0.5453125 0.0328125 0.05
0 0.34765625 0.47421875 0.03828125 0.03125
0 0.2640625 0.5453125 0.03515625 0.053125
0 0.34609375 0.36875 0.03515625 0.034375
0 0.26328125 0.4921875 0.0375 0.04921875
0 0.21015625 0.490625 0.0328125 0.053125
0 0.20625 0.42734375 0.03828125 0.0703125
0 0.25703125 0.43046875 0.03828125 0.0703125
0 0.3 0.428125 0.04140625 0.07265625
0 0.34453125 0.4078125 0.03828125 0.03203125
0 0.3046875 0.54765625 0.0328125 0.05
0 0.596875 0.475 0.0328125 0.03359375
0 0.59765625 0.440625 0.03515625 0.0296875
0 0.596875 0.40625 0.0328125 0.03359375
0 0.10859375 0.63359375 0.16328125 0.134375
0 0.0171875 0.4125 0.03359375 0.084375
0 0.028125 0.48046875 0.0359375 0.0453125
0 0.03203125 0.5328125 0.0328125 0.0578125
0 0.8703125 0.32109375 0.040625 0.1015625
0 0.93359375 0.3875 0.07421875 0.025
0 0.93359375 0.359375 0.06875 0.02734375
0 0.275 0.6390625 0.16484375 0.1296875
0 0.73984375 0.38203125 0.04140625 0.028125
0 0.82421875 0.3875 0.0453125 0.034375
0 0.871875 0.390625 0.04765625 0.03125
0 0.9609375 0.45234375 0.0234375 0.09609375
0 0.93203125 0.45 0.034375 0.08671875
0 0.896875 0.4515625 0.03203125 0.08359375
0 0.8625 0.4515625 0.03515625 0.0828125
0 0.82421875 0.45078125 0.03828125 0.08359375
0 0.78125 0.3828125 0.03984375 0.02890625
0 0.7859375 0.4484375 0.034375 0.08203125
0 0.2796875 0.77109375 0.15625 0.128125
0 0.43046875 0.62890625 0.13515625 0.1421875
0 0.63671875 0.3734375 0.0359375 0.0328125
0 0.640625 0.3359375 0.0359375 0.03515625
0 0.63984375 0.29921875 0.034375 0.0375
0 0.709375 0.3125 0.0375 0.09765625
0 0.75859375 0.31484375 0.04375 0.10234375
0 0.6859375 0.38125 0.0609375 0.0296875
0 0.8125 0.315625 0.04140625 0.10390625
0 0.1203125 0.771875 0.1578125 0.13203125
0 0.684375 0.77421875 0.09453125 0.12890625
0 0.8875 0.77734375 0.0984375 0.13046875
0 0.89296875 0.640625 0.10546875 0.1328125
0 0.78828125 0.6375 0.0953125 0.13515625
0 0.690625 0.6375 0.09921875 0.134375
0 0.56796875 0.77265625 0.13515625 0.13671875
0 0.56875 0.62890625 0.134375 0.13984375
0 0.43203125 0.7703125 0.13203125 0.1359375
0 0.78515625 0.77578125 0.10234375 0.1296875
0 0.7484375 0.446875 0.0375 0.08515625
0 0.7109375 0.45 0.03515625 0.0796875
0 0.675 0.446875 0.03515625 0.0828125
0 0.49296875 0.3375 0.0359375 0.03515625
0 0.49296875 0.371875 0.0359375 0.03125
0 0.53046875 0.3359375 0.034375 0.028125
0 0.94453125 0.32890625 0.0765625 0.03046875
0 0.8546875 0.23984375 0.04765625 0.02578125
0 0.796875 0.2421875 0.06640625 0.028125
0 0.52890625 0.36875 0.034375 0.034375
0 0.45703125 0.334375 0.034375 0.0296875
0 0.5671875 0.334375 0.034375 0.03203125
0 0.6 0.37109375 0.03359375 0.03515625
0 0.56484375 0.36953125 0.0328125 0.0328125
0 0.634375 0.4078125 0.03671875 0.03046875
0 0.6328125 0.4421875 0.0328125 0.03203125
0 0.6328125 0.47578125 0.0359375 0.02890625
0 0.63203125 0.509375 0.03515625 0.03125
0 0.63203125 0.54296875 0.0328125 0.0328125
0 0.60390625 0.3359375 0.03515625 0.03359375
0 0.45703125 0.36796875 0.03359375 0.03515625
0 0.42109375 0.36796875 0.03515625 0.034375
0 0.4203125 0.3328125 0.034375 0.03359375
0 0.66484375 0.528125 0.0296875 0.0734375
0 0.6984375 0.52734375 0.034375 0.071875
0 0.7328125 0.5265625 0.0296875 0.06875
0 0.76796875 0.5265625 0.03515625 0.06953125
0 0.80390625 0.5296875 0.0328125 0.07265625
0 0.8390625 0.5296875 0.034375 0.0703125
0 0.87421875 0.53046875 0.03203125 0.07265625
0 0.91171875 0.5328125 0.040625 0.0703125
0 0.9453125 0.5375 0.025 0.071875
0 0.421875 0.296875 0.03515625 0.0328125
0 0.45859375 0.30234375 0.03359375 0.03125
0 0.49453125 0.3015625 0.0328125 0.03359375
0 0.53046875 0.30546875 0.03515625 0.03046875
0 0.56640625 0.29765625 0.034375 0.0390625
0 0.60234375 0.2984375 0.03671875 0.03515625
0 0.38359375 0.3328125 0.03515625 0.03359375
0 0.384375 0.36796875 0.034375 0.0296875
0 0.37890625 0.29921875 0.03671875 0.0296875
0 0.34609375 0.3328125 0.034375 0.03359375