0 0.853125 0.65234375 0.046875 0.06328125
0 0.9078125 0.90625 0.05859375 0.1109375
0 0.278125 0.4984375 0.0296875 0.03984375
0 0.24921875 0.5 0.021875 0.0375
0 0.225 0.49765625 0.01875 0.04140625
0 0.184375 0.4609375 0.05859375 0.05625
0 0.1234375 0.46171875 0.0546875 0.0609375
0 0.07421875 0.453125 0.03359375 0.04140625
0 0.9703125 0.93203125 0.059375 0.12109375
0 0.0265625 0.45625 0.05234375 0.06640625
0 0.0734375 0.36484375 0.06953125 0.075
0 0.0140625 0.3609375 0.028125 0.06875
0 0.28203125 0.38984375 0.0296875 0.0546875
0 0.31953125 0.38984375 0.03515625 0.05703125
0 0.35546875 0.3890625 0.034375 0.05625
0 0.39140625 0.390625 0.03203125 0.0484375
0 0.15546875 0.365625 0.0828125 0.06640625
0 0.36796875 0.4859375 0.0390625 0.059375
0 0.41484375 0.4890625 0.03828125 0.0609375
0 0.45859375 0.503125 0.03671875 0.03359375
0 0.72890625 0.56875 0.04296875 0.05703125
0 0.775 0.56796875 0.03203125 0.059375
0 0.8125 0.56953125 0.03125 0.059375
0 0.85625 0.56875 0.03671875 0.0578125
0 0.9671875 0.5109375 0.06171875 0.10625
0 0.9046875 0.51640625 0.04453125 0.09921875
0 0.84609375 0.4984375 0.0375 0.0546875
0 0.809375 0.4984375 0.03671875 0.05859375
0 0.76640625 0.4953125 0.0359375 0.0609375
0 0.72578125 0.49453125 0.04140625 0.06015625
0 0.678125 0.49375 0.03515625 0.0609375
0 0.64140625 0.4953125 0.034375 0.05859375
0 0.60234375 0.4921875 0.034375 0.0640625
0 0.55546875 0.4921875 0.04609375 0.0609375
0 0.50625 0.49296875 0.0453125 0.06015625
0 0.428125 0.39140625 0.0375 0.0578125
0 0.671875 0.571875 0.0421875 0.0515625
0 0.4671875 0.39296875 0.03671875 0.0578125
0 0.60234375 0.3953125 0.06796875 0.06875
0 0.5703125 0.2734375 0.02890625 0.08671875
0 0.53984375 0.2703125 0.02734375 0.0984375
0 0.50859375 0.27265625 0.02265625 0.08828125
0 0.478125 0.27265625 0.03125 0.090625
0 0.4453125 0.2703125 0.02734375 0.08984375
0 0.41875 0.2703125 0.01875 0.08671875
0 0.60234375 0.27265625 0.02734375 0.09375
0 0.38828125 0.2671875 0.034375 0.09296875
0 0.315625 0.26484375 0.0359375 0.096875
0 0.2765625 0.2671875 0.02734375 0.0796875
0 0.22578125 0.26171875 0.03671875 0.1
0 0.159375 0.2640625 0.07890625 0.07734375
0 0.078125 0.265625 0.07421875 0.07109375
0 0.01875 0.2625 0.03671875 0.06796875
0 0.353125 0.265625 0.025 0.0921875
0 0.63125 0.27109375 0.01953125 0.09609375
0 0.66171875 0.27578125 0.0234375 0.09375
0 0.69765625 0.2921875 0.03359375 0.06796875
0 0.675 0.39609375 0.0609375 0.0671875
0 0.7375 0.39765625 0.0390625 0.0703125
0 0.78046875 0.3984375 0.03515625 0.07109375
0 0.821875 0.39609375 0.04140625 0.0703125
0 0.86328125 0.39921875 0.0390625 0.06953125
0 0.9140625 0.403125 0.046875 0.08671875
0 0.97109375 0.40234375 0.0578125 0.08828125
0 0.9765625 0.27265625 0.046875 0.1078125
0 0.93359375 0.27734375 0.0359375 0.09609375
0 0.9 0.2765625 0.021875 0.0953125
0 0.8734375 0.27578125 0.02578125 0.09296875
0 0.84296875 0.28828125 0.02578125 0.07265625
0 0.80703125 0.28828125 0.03203125 0.075
0 0.771875 0.28984375 0.03828125 0.06953125
0 0.7359375 0.290625 0.03203125 0.06328125
0 0.52890625 0.3921875 0.075 0.065625
0 0.61328125 0.565625 0.0609375 0.0609375
0 0.31328125 0.48203125 0.0390625 0.06015625
0 0.49453125 0.56640625 0.04765625 0.053125
0 0.13203125 0.74609375 0.040625 0.11640625
0 0.1828125 0.74296875 0.04765625 0.11953125
0 0.24140625 0.74453125 0.05078125 0.11640625
0 0.290625 0.7453125 0.0390625 0.11875
0 0.34296875 0.75390625 0.0578125 0.11640625
0 0.396875 0.75078125 0.04296875 0.10625
0 0.0796875 0.74609375 0.05390625 0.1203125
0 0.44140625 0.74921875 0.04296875 0.1125
0 0.5453125 0.7515625 0.0421875 0.1109375
0 0.6015625 0.746875 0.0609375 0.11484375
0 0.66484375 0.75703125 0.04921875 0.09765625
0 0.71875 0.75703125 0.04296875 0.11875
0 0.77109375 0.75625 0.05 0.1140625
0 0.83359375 0.74921875 0.0484375 0.11015625
0 0.48984375 0.75390625 0.05 0.115625
0 0.028125 0.74453125 0.04296875 0.1140625
0 0.01796875 0.903125 0.03515625 0.10390625
0 0.0625 0.9015625 0.04296875 0.12890625
0 0.86015625 0.91953125 0.0328125 0.10546875
0 0.81796875 0.90625 0.0421875 0.1234375
0 0.771875 0.90546875 0.03828125 0.128125
0 0.73125 0.9046875 0.03515625 0.1234375
0 0.69609375 0.91015625 0.03046875 0.115625
0 0.65390625 0.9046875 0.03515625 0.1234375
0 0.60859375 0.90625 0.04296875 0.12578125
0 0.55625 0.9203125 0.04765625 0.09765625
0 0.490625 0.90625 0.0703125 0.11953125
0 0.4203125 0.90234375 0.065625 0.11484375
0 0.35546875 0.91015625 0.05078125 0.10546875
0 0.30703125 0.9109375 0.0390625 0.1078125
0 0.253125 0.90078125 0.0578125 0.12890625
0 0.18984375 0.90078125 0.0609375 0.125
0 0.5484375 0.56953125 0.05234375 0.046875
0 0.89921875 0.77109375 0.07421875 0.1125
0 0.971875 0.78515625 0.05625 0.109375
0 0.12265625 0.90390625 0.065625 0.11875
0 0.92578125 0.66875 0.078125 0.0453125
0 0.2359375 0.63671875 0.05703125 0.065625
0 0.18359375 0.63984375 0.0375 0.059375
0 0.13671875 0.6390625 0.04921875 0.0640625
0 0.0875 0.64140625 0.03671875 0.0625
0 0.0375 0.6390625 0.053125 0.053125
0 0.15234375 0.559375 0.03515625 0.04609375
0 0.278125 0.65078125 0.02109375 0.04140625
0 0.0359375 0.5671875 0.0515625 0.06640625
0 0.2703125 0.56171875 0.0390625 0.06015625
0 0.31484375 0.56171875 0.0375 0.05625
0 0.3640625 0.56171875 0.03515625 0.05625
0 0.40390625 0.5609375 0.0375 0.0515625
0 0.4453125 0.565625 0.0421875 0.0484375
0 0.92421875 0.61328125 0.08671875 0.04765625
0 0.225 0.56171875 0.0390625 0.06015625
0 0.3 0.653125 0.0125 0.0359375
0 0.10078125 0.5671875 0.046875 0.0578125
0 0.34765625 0.65234375 0.01953125 0.04453125
0 0.3234375 0.65 0.01953125 0.04609375
0 0.80078125 0.66875 0.03671875 0.02578125
0 0.75625 0.64921875 0.04375 0.06328125
0 0.715625 0.6453125 0.0328125 0.0609375
0 0.6484375 0.6578125 0.0328125 0.03359375
0 0.5953125 0.65625 0.05703125 0.04375
0 0.5375 0.64375 0.046875 0.05859375
0 0.68125 0.6515625 0.02421875 0.05234375
0 0.4578125 0.61953125 0.03125 0.0140625
0 0.49609375 0.65546875 0.021875 0.03828125
0 0.47109375 0.6546875 0.0171875 0.03984375
0 0.446875 0.65390625 0.0203125 0.040625
0 0.421875 0.653125 0.0203125 0.0421875
0 0.3953125 0.6515625 0.0234375 0.0421875
0 0.37265625 0.6515625 0.01640625 0.04296875