0 0.0453125 0.05 0.05546875 0.096875
0 0.0390625 0.1921875 0.05390625 0.1140625
0 0.08984375 0.196875 0.04609375 0.10078125
0 0.13359375 0.2 0.04296875 0.09609375
0 0.18359375 0.22578125 0.05546875 0.0484375
0 0.346875 0.19140625 0.04140625 0.11875
0 0.29921875 0.190625 0.05234375 0.1203125
0 0.090625 0.05078125 0.03359375 0.0953125
0 0.3890625 0.1953125 0.03984375 0.1109375
0 0.42421875 0.2015625 0.02421875 0.0921875
0 0.4546875 0.19375 0.0359375 0.10703125
0 0.58203125 0.6609375 0.04375 0.0484375
0 0.24140625 0.22734375 0.05546875 0.046875
0 0.13046875 0.05078125 0.04140625 0.1
0 0.2921875 0.05390625 0.0359375 0.0953125
0 0.209375 0.05 0.03828125 0.0984375
0 0.25546875 0.05234375 0.03984375 0.096875
0 0.3296875 0.05078125 0.03046875 0.1
0 0.36484375 0.05078125 0.04140625 0.1
0 0.40390625 0.05703125 0.03203125 0.0875
0 0.440625 0.05546875 0.03671875 0.08203125
0 0.490625 0.05625 0.04296875 0.096875
0 0.603125 0.05390625 0.05 0.1015625
0 0.65703125 0.05234375 0.04765625 0.103125
0 0.73359375 0.040625 0.06171875 0.07578125
0 0.79921875 0.040625 0.06953125 0.0796875
0 0.871875 0.04296875 0.07109375 0.08125
0 0.9421875 0.04296875 0.06953125 0.0796875
0 0.1703125 0.05625 0.03828125 0.0890625
0 0.5421875 0.0515625 0.053125 0.1015625
0 0.5359375 0.6609375 0.04765625 0.046875
0 0.509375 0.88125 0.04765625 0.05390625
0 0.321875 0.8703125 0.07265625 0.0796875
0 0.3921875 0.88203125 0.06640625 0.05546875
0 0.45546875 0.88125 0.05859375 0.05390625
0 0.55078125 0.878125 0.0375 0.05
0 0.61015625 0.87265625 0.07890625 0.06171875
0 0.6796875 0.86015625 0.0546875 0.075
0 0.7375 0.859375 0.06015625 0.07578125
0 0.8 0.85625 0.05859375 0.0796875
0 0.8609375 0.85546875 0.06171875 0.078125
0 0.93203125 0.85703125 0.08203125 0.08125
0 0.83125 0.46796875 0.0671875 0.0859375
0 0.7640625 0.46640625 0.06015625 0.0859375
0 0.70078125 0.46875 0.06796875 0.0875
0 0.253125 0.88359375 0.06640625 0.0546875
0 0.646875 0.484375 0.03359375 0.0625
0 0.5765625 0.48671875 0.03515625 0.0671875
0 0.53125 0.478125 0.05078125 0.0828125
0 0.478125 0.49453125 0.05078125 0.046875
0 0.42734375 0.496875 0.04765625 0.0453125
0 0.38515625 0.47734375 0.03203125 0.08203125
0 0.35 0.47890625 0.0328125 0.075
0 0.3109375 0.475 0.04609375 0.08125
0 0.2578125 0.478125 0.04609375 0.08125
0 0.21640625 0.47578125 0.0375 0.0828125
0 0.16484375 0.475 0.06015625 0.08984375
0 0.11015625 0.496875 0.05 0.0453125
0 0.0484375 0.47734375 0.06875 0.0859375
0 0.01875 0.340625 0.03515625 0.11953125
0 0.6140625 0.484375 0.0328125 0.0640625
0 0.18359375 0.88359375 0.0625 0.0578125
0 0.11875 0.884375 0.0671875 0.05703125
0 0.296875 0.5828125 0.0578125 0.0421875
0 0.75 0.7140625 0.05234375 0.0796875
0 0.690625 0.71640625 0.06640625 0.075
0 0.62734375 0.74609375 0.05 0.0546875
0 0.57890625 0.74765625 0.04453125 0.0515625
0 0.53671875 0.746875 0.03984375 0.05078125
0 0.49375 0.746875 0.04375 0.05
0 0.446875 0.74375 0.04765625 0.05625
0 0.3984375 0.75625 0.04609375 0.03515625
0 0.35234375 0.75625 0.04140625 0.0390625
0 0.2984375 0.7484375 0.06328125 0.05703125
0 0.17109375 0.75 0.065625 0.05859375
0 0.1015625 0.75234375 0.06953125 0.0546875
0 0.03359375 0.7515625 0.06328125 0.05390625
0 0.05625 0.88125 0.05546875 0.0515625
0 0.33203125 0.665625 0.04765625 0.03671875
0 0.38671875 0.6625 0.059375 0.04296875
0 0.44140625 0.6609375 0.04765625 0.04609375
0 0.48984375 0.66015625 0.04140625 0.046875
0 0.97734375 0.715625 0.04296875 0.07890625
0 0.28203125 0.66640625 0.04609375 0.0375
0 0.2390625 0.6640625 0.04140625 0.040625
0 0.18515625 0.66015625 0.06015625 0.05
0 0.12421875 0.659375 0.0609375 0.053125
0 0.059375 0.659375 0.06640625 0.0515625
0 0.0421875 0.5734375 0.07109375 0.05546875
0 0.1078125 0.575 0.05390625 0.0515625
0 0.63046875 0.65546875 0.046875 0.046875
0 0.16953125 0.57578125 0.065625 0.053125
0 0.23515625 0.578125 0.06484375 0.05
0 0.07109375 0.3734375 0.06171875 0.059375
0 0.80859375 0.7109375 0.05859375 0.07578125
0 0.86640625 0.71328125 0.05625 0.075
0 0.91484375 0.3359375 0.06171875 0.090625
0 0.17890625 0.3390625 0.04921875 0.12578125
0 0.23671875 0.38359375 0.06484375 0.0421875
0 0.290625 0.34453125 0.03515625 0.11484375
0 0.32890625 0.34296875 0.03984375 0.1203125
0 0.36875 0.3453125 0.04140625 0.1203125
0 0.41171875 0.35078125 0.04140625 0.10859375
0 0.4625 0.35078125 0.05234375 0.1015625
0 0.51796875 0.34140625 0.05625 0.1171875
0 0.58046875 0.34140625 0.06640625 0.1125
0 0.1265625 0.33984375 0.04921875 0.13203125
0 0.64140625 0.3828125 0.05 0.040625
0 0.78125 0.334375 0.06875 0.08671875
0 0.85 0.3359375 0.06953125 0.084375
0 0.95078125 0.5984375 0.06328125 0.08359375
0 0.9734375 0.3359375 0.0515625 0.08984375
0 0.9828125 0.20625 0.03359375 0.078125
0 0.9359375 0.20625 0.0375 0.0796875
0 0.90625 0.20625 0.02265625 0.08203125
0 0.85625 0.2 0.0703125 0.09296875
0 0.9265625 0.715625 0.059375 0.0796875
0 0.70703125 0.33671875 0.06953125 0.08671875
0 0.89921875 0.465625 0.06484375 0.084375
0 0.9640625 0.4671875 0.06484375 0.08125
0 0.5234375 0.575 0.0578125 0.0421875
0 0.49296875 0.19375 0.03359375 0.11015625
0 0.46328125 0.578125 0.03984375 0.046875
0 0.61796875 0.19609375 0.03203125 0.1046875
0 0.58203125 0.57890625 0.04296875 0.04375
0 0.625 0.578125 0.04296875 0.0421875
0 0.69609375 0.60234375 0.06015625 0.0796875
0 0.75546875 0.603125 0.05859375 0.08203125
0 0.8203125 0.60078125 0.06328125 0.084375
0 0.88515625 0.60078125 0.0640625 0.0796875
0 0.6578125 0.22890625 0.04765625 0.0375
0 0.7203125 0.196875 0.07421875 0.0890625
0 0.78984375 0.19921875 0.06328125 0.09296875
0 0.40859375 0.578125 0.06015625 0.04765625
0 0.3515625 0.58203125 0.04609375 0.04453125
0 0.534375 0.2265625 0.04921875 0.0484375
0 0.58125 0.1953125 0.0375 0.10703125