0 0.38203125 0.453125 0.07109375 0.03671875
0 0.38203125 0.41796875 0.07265625 0.0328125
0 0.30859375 0.45234375 0.07265625 0.0328125
0 0.30625 0.41796875 0.07265625 0.034375
0 0.23203125 0.45078125 0.071875 0.03359375
0 0.22890625 0.41640625 0.071875 0.0328125
0 0.0203125 0.4078125 0.040625 0.03984375
0 0.15546875 0.41640625 0.07109375 0.034375
0 0.0828125 0.44921875 0.07421875 0.0328125
0 0.08203125 0.4140625 0.06796875 0.03515625
0 0.021875 0.44609375 0.04375 0.0359375
0 0.02890625 0.346875 0.0578125 0.03828125
0 0.0296875 0.3046875 0.059375 0.040625
0 0.45546875 0.4203125 0.07109375 0.034375
0 0.15859375 0.45 0.071875 0.03203125
0 0.4546875 0.45546875 0.07265625 0.0328125
0 0.9890625 0.45625 0.021875 0.0421875
0 0.52734375 0.45546875 0.06875 0.0328125
0 0.8890625 0.8640625 0.06640625 0.03203125
0 0.96015625 0.86796875 0.06875 0.0296875
0 0.94453125 0.56953125 0.071875 0.03125
0 0.946875 0.53515625 0.06875 0.03515625
0 0.09453125 0.34921875 0.07109375 0.0375
0 0.98671875 0.415625 0.02578125 0.0375
0 0.89921875 0.43984375 0.07421875 0.0671875
0 0.81796875 0.4546875 0.06640625 0.03671875
0 0.74765625 0.4546875 0.0671875 0.0359375
0 0.82109375 0.41640625 0.07109375 0.03828125
0 0.7484375 0.4171875 0.06953125 0.03671875
0 0.671875 0.45703125 0.07109375 0.03046875
0 0.59921875 0.45546875 0.071875 0.0328125
0 0.675 0.421875 0.0734375 0.0359375
0 0.6 0.42109375 0.07265625 0.0328125
0 0.52734375 0.42109375 0.06875 0.0328125
0 0.09609375 0.3109375 0.06484375 0.03671875
0 0.64375 0.3203125 0.07578125 0.03828125
0 0.171875 0.31328125 0.078125 0.03828125
0 0.76484375 0.16640625 0.1046875 0.0609375
0 0.659375 0.203125 0.10234375 0.09765625
0 0.5515625 0.20234375 0.10234375 0.09765625
0 0.47265625 0.215625 0.0515625 0.06875
0 0.40546875 0.215625 0.08046875 0.071875
0 0.32265625 0.2140625 0.08046875 0.0703125
0 0.24140625 0.215625 0.08046875 0.06484375
0 0.878125 0.1671875 0.11640625 0.06328125
0 0.16328125 0.234375 0.07109375 0.0203125
0 0.16171875 0.21328125 0.07109375 0.01875
0 0.0859375 0.2125 0.06875 0.01875
0 0.16171875 0.19296875 0.07265625 0.01953125
0 0.08515625 0.19296875 0.06953125 0.01875
0 0.1859375 0.16796875 0.065625 0.02578125
0 0.11640625 0.16875 0.06640625 0.02578125
0 0.02421875 0.20234375 0.0484375 0.0796875
0 0.08671875 0.23359375 0.07109375 0.0203125
0 0.17421875 0.35078125 0.071875 0.0359375
0 0.76796875 0.225 0.11171875 0.05390625
0 0.97109375 0.2203125 0.05703125 0.02734375
0 0.25546875 0.353125 0.0765625 0.03515625
0 0.2515625 0.31484375 0.0765625 0.0390625
0 0.33359375 0.35390625 0.0734375 0.03515625
0 0.33125 0.315625 0.07734375 0.03828125
0 0.41015625 0.35625 0.0765625 0.0359375
0 0.409375 0.31796875 0.075 0.03828125
0 0.48671875 0.35625 0.07421875 0.03671875
0 0.89453125 0.21875 0.08203125 0.03359375
0 0.4875 0.31796875 0.07421875 0.03671875
0 0.56484375 0.31953125 0.07578125 0.03515625
0 0.89609375 0.83046875 0.06875 0.03203125
0 0.72265625 0.35703125 0.0765625 0.0375
0 0.725 0.31953125 0.075 0.03515625
0 0.80234375 0.35625 0.07421875 0.03984375
0 0.8046875 0.3140625 0.07734375 0.0390625
0 0.878125 0.35390625 0.0734375 0.0390625
0 0.5640625 0.35625 0.075 0.03671875
0 0.82109375 0.85859375 0.06484375 0.0453125
0 0.0234375 0.73671875 0.046875 0.0515625
0 0.8265625 0.81796875 0.0640625 0.0296875
0 0.12109375 0.559375 0.071875 0.03671875
0 0.0390625 0.521875 0.06796875 0.03671875
0 0.0484375 0.559375 0.06875 0.03515625
0 0.0484375 0.64453125 0.06171875 0.05625
0 0.11875 0.64765625 0.06875 0.05546875
0 0.18984375 0.6484375 0.06875 0.05546875
0 0.2625 0.6359375 0.06796875 0.0734375
0 0.33515625 0.6109375 0.0671875 0.025
0 0.40625 0.61015625 0.0671875 0.02578125
0 0.334375 0.65078125 0.06875 0.0515625
0 0.40546875 0.65078125 0.06875 0.0515625
0 0.475 0.65078125 0.0671875 0.0515625
0 0.54453125 0.653125 0.065625 0.0515625
0 0.6125 0.65390625 0.0671875 0.05234375
0 0.68046875 0.62890625 0.065625 0.034375
0 0.11484375 0.5203125 0.07734375 0.0390625
0 0.19453125 0.5578125 0.07421875 0.03359375
0 0.18828125 0.51953125 0.065625 0.0390625
0 0.27109375 0.5484375 0.07265625 0.05546875
0 0.875 0.534375 0.06953125 0.03359375
0 0.87109375 0.56875 0.06953125 0.03359375
0 0.80078125 0.50546875 0.06953125 0.01484375
0 0.8015625 0.53125 0.0671875 0.034375
0 0.8 0.56640625 0.06796875 0.03359375
0 0.73046875 0.53359375 0.06953125 0.03046875
0 0.728125 0.56640625 0.0703125 0.03125
0 0.6796875 0.6640625 0.06328125 0.03359375
0 0.6578125 0.534375 0.06875 0.0296875
0 0.5859375 0.53359375 0.06875 0.02890625
0 0.58359375 0.56484375 0.07265625 0.03046875
0 0.49921875 0.50859375 0.071875 0.02890625
0 0.425 0.5078125 0.06953125 0.02734375
0 0.5078125 0.553125 0.07421875 0.0578125
0 0.4265625 0.55078125 0.07109375 0.05546875
0 0.35 0.54765625 0.0703125 0.05703125
0 0.65703125 0.565625 0.06640625 0.03125
0 0.7546875 0.85625 0.06328125 0.05
0 0.75 0.6109375 0.0625 0.0140625
0 0.7484375 0.634375 0.0640625 0.03203125
0 0.3625 0.74453125 0.065625 0.05234375
0 0.29296875 0.74296875 0.0671875 0.04921875
0 0.22265625 0.7421875 0.06875 0.05078125
0 0.15390625 0.740625 0.0671875 0.05390625
0 0.084375 0.740625 0.0671875 0.05
0 0.0234375 0.83515625 0.046875 0.0609375
0 0.08125 0.85 0.06328125 0.04296875
0 0.2203125 0.8375 0.0671875 0.06328125
0 0.2921875 0.8359375 0.06640625 0.06484375
0 0.3609375 0.8375 0.0625 0.06484375
0 0.47734375 0.821875 0.05859375 0.05859375
0 0.54296875 0.8453125 0.0703125 0.06015625
0 0.6203125 0.84765625 0.06484375 0.06015625
0 0.68671875 0.84765625 0.06171875 0.0578125
0 0.75859375 0.8140625 0.06484375 0.02890625
0 0.43125 0.74453125 0.0671875 0.05234375
0 0.5015625 0.746875 0.06875 0.05234375
0 0.5703125 0.74921875 0.06328125 0.0546875
0 0.6390625 0.75 0.0671875 0.053125
0 0.81484375 0.63515625 0.0671875 0.0296875
0 0.746875 0.66796875 0.06484375 0.03359375
0 0.8140625 0.66875 0.065625 0.03515625
0 0.9578125 0.6625 0.07109375 0.05390625
0 0.88671875 0.63984375 0.065625 0.03046875
0 0.884375 0.671875 0.06875 0.03046875
0 0.98359375 0.73046875 0.0328125 0.03125
0 0.81875 0.6109375 0.0671875 0.0140625
0 0.98046875 0.76484375 0.0390625 0.0328125
0 0.9234375 0.7640625 0.075 0.0296875
0 0.84921875 0.72578125 0.06875 0.034375
0 0.8484375 0.7625 0.07109375 0.03515625
0 0.7765625 0.7171875 0.06640625 0.02890625
0 0.77734375 0.75703125 0.06328125 0.04765625
0 0.70859375 0.75625 0.06328125 0.04921875
0 0.70703125 0.715625 0.06484375 0.02578125
0 0.9234375 0.73359375 0.075 0.0296875
0 0.64140625 0.3578125 0.07578125 0.03515625
0 0.871875 0.3140625 0.05625 0.03984375