0 0.3921875 0.67265625 0.03359375 0.04765625
0 0.43203125 0.67578125 0.02890625 0.05390625
0 0.47734375 0.68515625 0.03671875 0.03828125
0 0.33046875 0.66953125 0.065625 0.0359375
0 0.67734375 0.70234375 0.025 0.05390625
0 0.52421875 0.68515625 0.03671875 0.0453125
0 0.8796875 0.72890625 0.04609375 0.071875
0 0.57578125 0.6875 0.03828125 0.06171875
0 0.93515625 0.73125 0.05234375 0.0625
0 0.82734375 0.71796875 0.04453125 0.0671875
0 0.71796875 0.70703125 0.040625 0.05859375
0 0.8546875 0.83046875 0.0625 0.071875
0 0.72578125 0.44453125 0.053125 0.03359375
0 0.70703125 0.8078125 0.05546875 0.0671875
0 0.59765625 0.43046875 0.065625 0.0296875
0 0.18671875 0.6359375 0.0390625 0.04921875
0 0.78359375 0.4375 0.0375 0.0578125
0 0.8328125 0.4328125 0.046875 0.071875
0 0.884375 0.44296875 0.04921875 0.06484375
0 0.9421875 0.44453125 0.04921875 0.06328125
0 0.65625 0.46328125 0.0359375 0.03671875
0 0.6546875 0.50234375 0.0375 0.02265625
0 0.6609375 0.5296875 0.03671875 0.025
0 0.64921875 0.55546875 0.03515625 0.01953125
0 0.65078125 0.5796875 0.03828125 0.0203125
0 0.65234375 0.60546875 0.040625 0.025
0 0.646875 0.63046875 0.03828125 0.0203125
0 0.6453125 0.65546875 0.03828125 0.021875
0 0.64140625 0.6796875 0.04296875 0.021875
0 0.6390625 0.70390625 0.034375 0.0203125
0 0.6375 0.72734375 0.0390625 0.0203125
0 0.63671875 0.75 0.03359375 0.02109375
0 0.63828125 0.7984375 0.05390625 0.06953125
0 0.77890625 0.8171875 0.05390625 0.0703125
0 0.146875 0.63125 0.03203125 0.04921875
0 0.253125 0.75546875 0.0625 0.034375
0 0.0765625 0.625 0.028125 0.05
0 0.9328125 0.83828125 0.05 0.07734375
0 0.9796875 0.84375 0.0390625 0.07734375
0 0.15859375 0.69296875 0.06796875 0.01640625
0 0.05390625 0.69609375 0.02265625 0.03984375
0 0.69140625 0.6125 0.03359375 0.06015625
0 0.728125 0.6140625 0.0328125 0.05859375
0 0.7671875 0.62421875 0.03828125 0.05078125
0 0.81640625 0.61875 0.0546875 0.0703125
0 0.871875 0.62421875 0.0515625 0.0703125
0 0.94765625 0.64453125 0.08984375 0.0484375
0 0.35703125 0.4890625 0.03671875 0.05546875
0 0.40234375 0.490625 0.03828125 0.05234375
0 0.44375 0.51015625 0.03515625 0.02734375
0 0.44375 0.48125 0.03203125 0.0265625
0 0.48671875 0.51484375 0.03984375 0.02734375
0 0.4828125 0.48515625 0.0359375 0.028125
0 0.528125 0.503125 0.03203125 0.0546875
0 0.56796875 0.51875 0.03515625 0.0296875
0 0.60859375 0.521875 0.03515625 0.0296875
0 0.7328125 0.51953125 0.0421875 0.059375
0 0.78359375 0.52421875 0.05078125 0.0625
0 0.83203125 0.528125 0.0421875 0.05859375
0 0.87890625 0.5359375 0.0328125 0.03984375
0 0.96875 0.53828125 0.046875 0.06015625
0 0.1515625 0.3734375 0.02578125 0.04296875
0 0.7375 0.3265625 0.0609375 0.0890625
0 0.4890625 0.4203125 0.04375 0.040625
0 0.54296875 0.78203125 0.0296875 0.0484375
0 0.49375 0.775 0.05 0.05859375
0 0.42265625 0.76484375 0.034375 0.05078125
0 0.37890625 0.76640625 0.028125 0.04375
0 0.0453125 0.6203125 0.025 0.05
0 0.01796875 0.615625 0.0234375 0.0484375
0 0.03828125 0.54375 0.04296875 0.053125
0 0.134375 0.56015625 0.0328125 0.03515625
0 0.171875 0.56015625 0.02578125 0.04296875
0 0.2125 0.56640625 0.04609375 0.040625
0 0.31640625 0.57265625 0.03359375 0.05078125
0 0.35 0.57421875 0.02734375 0.04921875
0 0.390625 0.57734375 0.02734375 0.059375
0 0.42734375 0.5875 0.02265625 0.04921875
0 0.4703125 0.59609375 0.03515625 0.04609375
0 0.51875 0.6109375 0.03828125 0.025
0 0.52421875 0.58359375 0.04140625 0.0265625
0 0.11015625 0.62734375 0.02890625 0.05078125
0 0.55859375 0.5984375 0.0203125 0.05625
0 0.26796875 0.54375 0.046875 0.0421875
0 0.2625 0.58359375 0.04296875 0.01796875
0 0.26953125 0.60390625 0.05 0.01796875
0 0.259375 0.6265625 0.0421875 0.01875
0 0.2609375 0.64765625 0.0484375 0.01328125
0 0.26015625 0.6671875 0.046875 0.021875
0 0.2546875 0.6890625 0.0453125 0.01640625
0 0.2578125 0.70859375 0.04375 0.01640625
0 0.26484375 0.728125 0.03984375 0.01796875
0 0.02578125 0.70625 0.03125 0.04921875
0 0.10078125 0.72890625 0.06640625 0.03984375
0 0.1671875 0.73203125 0.03671875 0.02890625
0 0.315625 0.7671875 0.05078125 0.0234375
0 0.59296875 0.59921875 0.03125 0.0625
0 0.409375 0.40390625 0.03515625 0.02578125
0 0.64375 0.35078125 0.03125 0.0296875
0 0.409375 0.428125 0.03984375 0.01953125
0 0.36796875 0.4015625 0.03828125 0.0265625
0 0.33125 0.32578125 0.0421875 0.053125
0 0.3765625 0.32890625 0.04296875 0.04921875
0 0.42421875 0.33046875 0.0453125 0.05546875
0 0.471875 0.33515625 0.03984375 0.05078125
0 0.51328125 0.33828125 0.03203125 0.04453125
0 0.59609375 0.33671875 0.0421875 0.0515625
0 0.6578125 0.3203125 0.04375 0.0296875
0 0.80546875 0.34140625 0.05390625 0.059375
0 0.8609375 0.34375 0.05 0.0546875
0 0.9171875 0.34453125 0.05234375 0.0578125
0 0.97578125 0.346875 0.0484375 0.05859375
0 0.3109375 0.48359375 0.03203125 0.0515625
0 0.07265625 0.36171875 0.03359375 0.053125
0 0.0328125 0.3625 0.03828125 0.0484375
0 0.30078125 0.41015625 0.0265625 0.040625
0 0.175 0.46953125 0.02421875 0.053125
0 0.14921875 0.47265625 0.025 0.04609375
0 0.33125 0.40703125 0.0265625 0.05
0 0.0828125 0.4703125 0.028125 0.0328125
0 0.04921875 0.46640625 0.0328125 0.03828125
0 0.01328125 0.46328125 0.0265625 0.040625
0 0.11015625 0.3625 0.03671875 0.05625
0 0.11796875 0.46484375 0.03203125 0.05390625
0 0.36796875 0.4265625 0.03828125 0.0203125