0 0.925 0.63359375 0.05390625 0.05
0 0.83203125 0.5515625 0.04140625 0.053125
0 0.86640625 0.55234375 0.02421875 0.05234375
0 0.8875 0.55234375 0.01796875 0.0484375
0 0.90703125 0.55234375 0.01953125 0.046875
0 0.934375 0.553125 0.03046875 0.04765625
0 0.97890625 0.559375 0.0328125 0.0359375
0 0.9734375 0.62578125 0.04296875 0.06796875
0 0.78046875 0.62734375 0.04609375 0.05625
0 0.7875 0.22890625 0.03984375 0.078125
0 0.67421875 0.628125 0.04609375 0.0578125
0 0.9265625 0.79453125 0.07578125 0.075
0 0.8515625 0.79375 0.07109375 0.07421875
0 0.7796875 0.79375 0.07109375 0.0734375
0 0.7015625 0.790625 0.06953125 0.0671875
0 0.63046875 0.7953125 0.07265625 0.07421875
0 0.4859375 0.8078125 0.06328125 0.06015625
0 0.378125 0.81015625 0.06796875 0.05546875
0 0.3109375 0.80859375 0.0671875 0.0546875
0 0.240625 0.8109375 0.06640625 0.05
0 0.1703125 0.8078125 0.07421875 0.05625
0 0.97421875 0.7046875 0.0359375 0.05078125
0 0.1 0.81171875 0.06875 0.0546875
0 0.98828125 0.33125 0.0234375 0.040625
0 0.61875 0.38671875 0.02265625 0.0234375
0 0.6109375 0.41484375 0.0265625 0.0265625
0 0.63671875 0.4234375 0.02578125 0.0234375
0 0.6234375 0.4453125 0.01953125 0.01875
0 0.60546875 0.45390625 0.01640625 0.01875
0 0.6 0.47578125 0.01796875 0.021875
0 0.62109375 0.4859375 0.01953125 0.01875
0 0.60859375 0.509375 0.02265625 0.021875
0 0.5859375 0.49921875 0.021875 0.021875
0 0.03046875 0.81484375 0.06015625 0.0515625
0 0.7265625 0.628125 0.04375 0.05625
0 0.9203125 0.70546875 0.03359375 0.0515625
0 0.85546875 0.7078125 0.03046875 0.04609375
0 0.62421875 0.62578125 0.040625 0.059375
0 0.56015625 0.6328125 0.06171875 0.0484375
0 0.49609375 0.628125 0.06484375 0.0578125
0 0.41171875 0.6328125 0.09765625 0.04765625
0 0.33515625 0.63046875 0.05546875 0.05390625
0 0.278125 0.63046875 0.059375 0.053125
0 0.21328125 0.628125 0.071875 0.05625
0 0.1390625 0.63125 0.06015625 0.0515625
0 0.071875 0.63203125 0.071875 0.05078125
0 0.03359375 0.715625 0.0671875 0.053125
0 0.88828125 0.71015625 0.02734375 0.0421875
0 0.14453125 0.7125 0.0734375 0.06015625
0 0.2875 0.715625 0.05234375 0.0515625
0 0.35078125 0.715625 0.07421875 0.05
0 0.43359375 0.7125 0.08125 0.05546875
0 0.54921875 0.7078125 0.06640625 0.05078125
0 0.615625 0.70234375 0.04921875 0.05390625
0 0.66328125 0.7015625 0.04609375 0.0515625
0 0.71171875 0.703125 0.04921875 0.05
0 0.76171875 0.70390625 0.046875 0.053125
0 0.8 0.7046875 0.02578125 0.053125
0 0.8265625 0.70390625 0.02578125 0.053125
0 0.22265625 0.71796875 0.07421875 0.05
0 0.5546875 0.8078125 0.05390625 0.053125
0 0.2515625 0.5484375 0.07109375 0.05
0 0.7796875 0.54921875 0.04296875 0.0546875
0 0.184375 0.36796875 0.06015625 0.02265625
0 0.21171875 0.39765625 0.04453125 0.03125
0 0.26484375 0.3953125 0.05625 0.0375
0 0.33984375 0.4015625 0.07265625 0.03359375
0 0.4109375 0.4015625 0.06328125 0.034375
0 0.47265625 0.40234375 0.06015625 0.034375
0 0.15390625 0.39609375 0.06640625 0.0328125
0 0.525 0.403125 0.046875 0.03125
0 0.5640625 0.371875 0.04375 0.0265625
0 0.62421875 0.33515625 0.04609375 0.0265625
0 0.625 0.30625 0.04296875 0.02890625
0 0.6703125 0.328125 0.03515625 0.040625
0 0.73828125 0.33046875 0.09375 0.03984375
0 0.8515625 0.3328125 0.10859375 0.034375
0 0.51953125 0.3734375 0.03984375 0.025
0 0.984375 0.40625 0.02890625 0.05
0 0.9234375 0.23359375 0.0453125 0.07890625
0 0.02734375 0.39453125 0.0546875 0.0296875
0 0.73671875 0.23046875 0.05625 0.0703125
0 0.5609375 0.296875 0.06796875 0.0578125
0 0.51171875 0.3078125 0.02890625 0.0328125
0 0.8765625 0.23203125 0.04453125 0.0765625
0 0.48125 0.3046875 0.0328125 0.03671875
0 0.44609375 0.303125 0.03671875 0.0390625
0 0.0875 0.39609375 0.06015625 0.0328125
0 0.4078125 0.30234375 0.03984375 0.0390625
0 0.3625 0.2765625 0.04453125 0.02890625
0 0.30234375 0.3046875 0.07265625 0.02578125
0 0.2234375 0.2953125 0.07109375 0.0421875
0 0.15546875 0.2921875 0.06640625 0.0484375
0 0.08125 0.2921875 0.0765625 0.04765625
0 0.01953125 0.29375 0.03828125 0.046875
0 0.3640625 0.30625 0.04609375 0.0296875
0 0.95 0.40625 0.02109375 0.04375
0 0.92890625 0.4078125 0.021875 0.04453125
0 0.884375 0.403125 0.04609375 0.05078125
0 0.10390625 0.46640625 0.06875 0.053125
0 0.0328125 0.46328125 0.065625 0.0546875
0 0.18046875 0.44140625 0.0625 0.028125
0 0.234375 0.4484375 0.040625 0.0234375
0 0.28046875 0.446875 0.04765625 0.021875
0 0.04609375 0.5453125 0.07890625 0.053125
0 0.1734375 0.475 0.06953125 0.03828125
0 0.83125 0.23046875 0.0453125 0.075
0 0.3953125 0.54921875 0.10078125 0.0515625
0 0.48203125 0.54921875 0.07109375 0.0515625
0 0.55625 0.54921875 0.0765625 0.0515625
0 0.62265625 0.55 0.0421875 0.053125
0 0.67421875 0.54921875 0.04765625 0.0546875
0 0.72578125 0.55 0.04140625 0.05546875
0 0.315625 0.5484375 0.05703125 0.05078125
0 0.23203125 0.478125 0.0453125 0.03515625
0 0.28203125 0.4765625 0.05078125 0.034375
0 0.33203125 0.47734375 0.04765625 0.0359375
0 0.83203125 0.403125 0.040625 0.05078125
0 0.7828125 0.4015625 0.04453125 0.0515625
0 0.7359375 0.4015625 0.0453125 0.05390625
0 0.68203125 0.4 0.04609375 0.0515625
0 0.96953125 0.48046875 0.04140625 0.05
0 0.928125 0.47578125 0.04453125 0.0609375
0 0.87890625 0.48125 0.0484375 0.0515625
0 0.83203125 0.48125 0.03984375 0.05390625
0 0.78203125 0.4796875 0.04609375 0.0546875
0 0.7296875 0.4796875 0.04453125 0.05390625
0 0.67734375 0.478125 0.0484375 0.053125
0 0.5296875 0.471875 0.05 0.05078125
0 0.48046875 0.47109375 0.046875 0.0515625
0 0.43203125 0.4703125 0.04921875 0.05
0 0.38125 0.47734375 0.0484375 0.0359375
0 0.51015625 0.28203125 0.02578125 0.0203125