0 0.51484375 0.46171875 0.0375 0.0734375
0 0.2546875 0.44453125 0.0390625 0.08125
0 0.428125 0.459375 0.04296875 0.06953125
0 0.37890625 0.45078125 0.040625 0.084375
0 0.3375 0.4484375 0.0359375 0.08125
0 0.296875 0.4453125 0.0375 0.0859375
0 0.475 0.453125 0.03359375 0.06953125
0 0.0578125 0.43125 0.03046875 0.08046875
0 0.16953125 0.4375 0.0328125 0.0796875
0 0.13125 0.43515625 0.03828125 0.07890625
0 0.0921875 0.43515625 0.03671875 0.084375
0 0.02109375 0.43046875 0.0390625 0.07734375
0 0.95078125 0.3078125 0.04453125 0.0875
0 0.55234375 0.4640625 0.03671875 0.07421875
0 0.90390625 0.30625 0.04296875 0.0859375
0 0.86015625 0.30625 0.040625 0.08515625
0 0.209375 0.43984375 0.0328125 0.08203125
0 0.6015625 0.46796875 0.03828125 0.075
0 0.8546875 0.63671875 0.04296875 0.121875
0 0.69375 0.47265625 0.04296875 0.0734375
0 0.81875 0.3046875 0.04296875 0.08203125
0 0.575 0.6140625 0.040625 0.10546875
0 0.6140625 0.6203125 0.040625 0.109375
0 0.65625 0.62421875 0.040625 0.1109375
0 0.696875 0.628125 0.0375 0.1078125
0 0.73515625 0.62578125 0.0375 0.1046875
0 0.77109375 0.6171875 0.034375 0.0859375
0 0.64140625 0.46953125 0.040625 0.0765625
0 0.809375 0.62734375 0.040625 0.1078125
0 0.97890625 0.65234375 0.04140625 0.128125
0 0.9828125 0.48359375 0.034375 0.0765625
0 0.93515625 0.484375 0.0421875 0.078125
0 0.8875 0.48046875 0.04609375 0.08125
0 0.83203125 0.47890625 0.03984375 0.0765625
0 0.7890625 0.47578125 0.0453125 0.075
0 0.7359375 0.4671875 0.03984375 0.07265625
0 0.903125 0.6390625 0.046875 0.11171875
0 0.77734375 0.30234375 0.03984375 0.07421875
0 0.63984375 0.13828125 0.05078125 0.09765625
0 0.68984375 0.30390625 0.03984375 0.0828125
0 0.765625 0.13671875 0.05546875 0.0953125
0 0.7046875 0.140625 0.05234375 0.08828125
0 0.55390625 0.14453125 0.03515625 0.08828125
0 0.5140625 0.14296875 0.03515625 0.08828125
0 0.43828125 0.1265625 0.0328125 0.1234375
0 0.40546875 0.12890625 0.03125 0.11875
0 0.36953125 0.13046875 0.03515625 0.11796875
0 0.8296875 0.1234375 0.06640625 0.11953125
0 0.33359375 0.13046875 0.0359375 0.1125
0 0.25078125 0.1484375 0.03125 0.08359375
0 0.215625 0.13046875 0.03671875 0.11484375
0 0.18046875 0.146875 0.03359375 0.08046875
0 0.146875 0.13828125 0.03046875 0.10234375
0 0.1140625 0.15234375 0.0328125 0.0734375
0 0.05 0.15234375 0.028125 0.06953125
0 0.5375 0.609375 0.03515625 0.11015625
0 0.2875 0.1296875 0.0375 0.115625
0 0.89375 0.1171875 0.053125 0.128125
0 0.9765625 0.12109375 0.046875 0.11953125
0 0.59609375 0.1453125 0.03125 0.078125
0 0.65 0.303125 0.0375 0.078125
0 0.54453125 0.296875 0.0234375 0.06640625
0 0.6125 0.30078125 0.0390625 0.07734375
0 0.57578125 0.3015625 0.0359375 0.07265625
0 0.446875 0.2921875 0.04140625 0.07890625
0 0.40703125 0.29140625 0.03828125 0.08046875
0 0.371875 0.2984375 0.03125 0.07265625
0 0.3328125 0.290625 0.03828125 0.07265625
0 0.29921875 0.2953125 0.02578125 0.06640625
0 0.271875 0.2953125 0.0265625 0.06640625
0 0.23515625 0.29609375 0.034375 0.0671875
0 0.2 0.2953125 0.03515625 0.06953125
0 0.16484375 0.29375 0.03359375 0.071875
0 0.13125 0.29296875 0.03359375 0.07109375
0 0.09375 0.29296875 0.034375 0.06796875
0 0.034375 0.284375 0.0390625 0.08203125
0 0.48125 0.14453125 0.03046875 0.08203125
0 0.734375 0.303125 0.0421875 0.08203125
0 0.5 0.6078125 0.0328125 0.103125
0 0.08203125 0.1421875 0.03203125 0.09375
0 0.4359375 0.60078125 0.03671875 0.0984375
0 0.47734375 0.74296875 0.0265625 0.08046875
0 0.5078125 0.7578125 0.03203125 0.09140625
0 0.54140625 0.76015625 0.03125 0.08671875
0 0.58203125 0.73828125 0.02734375 0.0828125
0 0.6171875 0.76796875 0.034375 0.08984375
0 0.6515625 0.74375 0.03046875 0.08359375
0 0.6875 0.7625 0.034375 0.08828125
0 0.725 0.7875 0.03359375 0.09375
0 0.7609375 0.7734375 0.0375 0.090625
0 0.8015625 0.8 0.03828125 0.096875
0 0.45 0.72734375 0.0234375 0.075
0 0.8421875 0.79765625 0.03984375 0.09765625
0 0.9234375 0.8078125 0.04609375 0.1015625
0 0.96015625 0.7859375 0.0296875 0.10390625
0 0.25859375 0.859375 0.10625 0.03828125
0 0.36953125 0.903125 0.1125 0.028125
0 0.503125 0.921875 0.1328125 0.04140625
0 0.15078125 0.86484375 0.09453125 0.03203125
0 0.04609375 0.8515625 0.090625 0.0359375
0 0.653125 0.94765625 0.13671875 0.04140625
0 0.0171875 0.128125 0.034375 0.1203125
0 0.46796875 0.61328125 0.0296875 0.0859375
0 0.88203125 0.803125 0.03359375 0.10234375
0 0.41484375 0.73828125 0.0328125 0.08046875
0 0.79921875 0.9703125 0.1484375 0.0453125
0 0.33828125 0.740625 0.03203125 0.08515625
0 0.40078125 0.596875 0.03046875 0.09453125
0 0.3703125 0.74375 0.0328125 0.0859375
0 0.3265625 0.59921875 0.02578125 0.09140625
0 0.2609375 0.59140625 0.03828125 0.09609375
0 0.22734375 0.59140625 0.03046875 0.0953125
0 0.196875 0.58828125 0.02890625 0.08828125
0 0.1625 0.58359375 0.03203125 0.08984375
0 0.13046875 0.58046875 0.028125 0.08984375
0 0.1 0.57890625 0.0296875 0.0859375
0 0.06796875 0.575 0.03046875 0.09453125
0 0.03515625 0.57109375 0.0296875 0.08828125
0 0.36015625 0.6 0.03828125 0.09375
0 0.06640625 0.70703125 0.02734375 0.075
0 0.09296875 0.7109375 0.02890625 0.0796875
0 0.0140625 0.70078125 0.02578125 0.0796875
0 0.12421875 0.7140625 0.02890625 0.0796875
0 0.15390625 0.71953125 0.028125 0.07734375
0 0.18203125 0.72265625 0.0296875 0.078125
0 0.21484375 0.72265625 0.03125 0.0875
0 0.2453125 0.72578125 0.028125 0.08515625
0 0.275 0.73203125 0.02890625 0.08671875
0 0.0390625 0.70078125 0.025 0.07890625
0 0.30703125 0.7375 0.02890625 0.0859375