0 0.4328125 0.82421875 0.0328125 0.04765625
0 0.4859375 0.8390625 0.0390625 0.078125
0 0.521875 0.83515625 0.02734375 0.07734375
0 0.22265625 0.65078125 0.03203125 0.04765625
0 0.5625 0.83984375 0.03828125 0.08515625
0 0.63046875 0.840625 0.04140625 0.08359375
0 0.67421875 0.83515625 0.03671875 0.0796875
0 0.7109375 0.83671875 0.03125 0.07421875
0 0.39609375 0.84296875 0.03046875 0.0671875
0 0.17109375 0.8453125 0.03828125 0.084375
0 0.31171875 0.85078125 0.025 0.071875
0 0.2796875 0.84921875 0.03515625 0.06953125
0 0.24375 0.8421875 0.0328125 0.08046875
0 0.2078125 0.846875 0.0328125 0.084375
0 0.1296875 0.846875 0.04375 0.08359375
0 0.0515625 0.88046875 0.1 0.03046875
0 0.04921875 0.846875 0.09453125 0.02890625
0 0.9859375 0.74765625 0.028125 0.0546875
0 0.28203125 0.63046875 0.075 0.01484375
0 0.34609375 0.840625 0.03671875 0.0765625
0 0.30078125 0.653125 0.08203125 0.02890625
0 0.7578125 0.85234375 0.0453125 0.06015625
0 0.39921875 0.6515625 0.03203125 0.05078125
0 0.23203125 0.740625 0.0328125 0.0484375
0 0.2765625 0.74609375 0.0421875 0.06015625
0 0.3125 0.7484375 0.02578125 0.0609375
0 0.33671875 0.7359375 0.021875 0.040625
0 0.4 0.740625 0.0296875 0.0453125
0 0.43515625 0.7421875 0.025 0.053125
0 0.46015625 0.7390625 0.0171875 0.04921875
0 0.48828125 0.73984375 0.02109375 0.0484375
0 0.52109375 0.73984375 0.0328125 0.0484375
0 0.75390625 0.8109375 0.02890625 0.01953125
0 0.7921875 0.803125 0.04296875 0.009375
0 0.82421875 0.8140625 0.0328125 0.0109375
0 0.92734375 0.74453125 0.053125 0.01640625
0 0.81328125 0.85234375 0.0546875 0.05546875
0 0.88046875 0.8515625 0.05625 0.053125
0 0.203125 0.73515625 0.01796875 0.0390625
0 0.36875 0.659375 0.025 0.0484375
0 0.1703125 0.75234375 0.04140625 0.040625
0 0.79375 0.6390625 0.0296875 0.025
0 0.43671875 0.66875 0.028125 0.0546875
0 0.484375 0.65703125 0.0484375 0.05859375
0 0.53828125 0.65 0.046875 0.0515625
0 0.58359375 0.6765625 0.03515625 0.03359375
0 0.58515625 0.63984375 0.03359375 0.03515625
0 0.6265625 0.65703125 0.0421875 0.065625
0 0.6734375 0.66015625 0.03984375 0.0609375
0 0.71484375 0.6609375 0.03046875 0.059375
0 0.78046875 0.6640625 0.0859375 0.015625
0 0.8 0.68203125 0.0765625 0.0171875
0 0.86171875 0.6765625 0.01953125 0.0171875
0 0.88671875 0.6609375 0.02578125 0.05078125
0 0.92109375 0.665625 0.03359375 0.04765625
0 0.9625 0.6703125 0.0359375 0.0265625
0 0.75625 0.64140625 0.02890625 0.0265625
0 0.8375 0.64609375 0.02890625 0.03671875
0 0.90078125 0.765625 0.06171875 0.02265625
0 0.415625 0.57109375 0.046875 0.05703125
0 0.8390625 0.7546875 0.0140625 0.04765625
0 0.26015625 0.4078125 0.0359375 0.01875
0 0.3109375 0.4046875 0.02734375 0.01796875
0 0.34453125 0.40390625 0.02890625 0.0171875
0 0.38984375 0.40625 0.040625 0.021875
0 0.43828125 0.4015625 0.04453125 0.0296875
0 0.496875 0.4 0.04609375 0.02890625
0 0.5515625 0.3890625 0.0421875 0.0515625
0 0.2 0.41484375 0.03046875 0.00859375
0 0.60546875 0.3890625 0.0484375 0.0546875
0 0.74140625 0.3890625 0.06015625 0.0515625
0 0.80703125 0.38984375 0.059375 0.0515625
0 0.86796875 0.390625 0.0546875 0.0546875
0 0.9140625 0.40546875 0.028125 0.05703125
0 0.95078125 0.4078125 0.034375 0.053125
0 0.9828125 0.40390625 0.028125 0.05390625
0 0.08984375 0.48125 0.0484375 0.0609375
0 0.66796875 0.3921875 0.04921875 0.0484375
0 0.134375 0.48359375 0.034375 0.06171875
0 0.21015625 0.396875 0.03203125 0.0203125
0 0.115625 0.396875 0.04609375 0.0171875
0 0.903125 0.80859375 0.09296875 0.02265625
0 0.05859375 0.31171875 0.06015625 0.0515625
0 0.19765625 0.31328125 0.04765625 0.04765625
0 0.2546875 0.31484375 0.05546875 0.0453125
0 0.3078125 0.31796875 0.04375 0.0421875
0 0.359375 0.31953125 0.0484375 0.0390625
0 0.4359375 0.30625 0.0703125 0.06171875
0 0.1640625 0.396875 0.0421875 0.025
0 0.540625 0.3140625 0.05625 0.04921875
0 0.66875 0.3140625 0.04765625 0.046875
0 0.74296875 0.31796875 0.05078125 0.0375
0 0.81640625 0.31328125 0.065625 0.0484375
0 0.884375 0.3140625 0.0609375 0.0453125
0 0.934375 0.315625 0.0296875 0.04375
0 0.96953125 0.3140625 0.0421875 0.03828125
0 0.06015625 0.3953125 0.03671875 0.0203125
0 0.61875 0.31484375 0.04921875 0.0453125
0 0.85390625 0.75859375 0.01171875 0.04140625
0 0.17109375 0.4765625 0.0296875 0.06640625
0 0.25546875 0.48125 0.03203125 0.0625
0 0.6796875 0.56953125 0.04296875 0.059375
0 0.4671875 0.5703125 0.04140625 0.0578125
0 0.521875 0.559375 0.04375 0.04609375
0 0.57421875 0.565625 0.04765625 0.0484375
0 0.62265625 0.56796875 0.0390625 0.05546875
0 0.63984375 0.73828125 0.0375 0.05625
0 0.68359375 0.74609375 0.04140625 0.0640625
0 0.34609375 0.5671875 0.0234375 0.05625
0 0.72421875 0.7453125 0.034375 0.0609375
0 0.8078125 0.75 0.02734375 0.04921875
0 0.73125 0.57265625 0.0484375 0.0546875
0 0.78046875 0.571875 0.04296875 0.04921875
0 0.825 0.57109375 0.04296875 0.046875
0 0.89921875 0.57578125 0.08203125 0.04140625
0 0.971875 0.575 0.05546875 0.03984375
0 0.15703125 0.66328125 0.02890625 0.053125
0 0.76328125 0.73359375 0.034375 0.03828125
0 0.21875 0.47734375 0.03671875 0.0703125
0 0.3140625 0.56953125 0.034375 0.0640625
0 0.2234375 0.571875 0.0546875 0.05546875
0 0.29609375 0.4828125 0.0453125 0.06015625
0 0.35 0.4859375 0.04375 0.05703125
0 0.43203125 0.46484375 0.04609375 0.0640625
0 0.51171875 0.496875 0.053125 0.0234375
0 0.528125 0.4609375 0.034375 0.046875
0 0.58671875 0.48203125 0.03359375 0.0546875
0 0.63203125 0.4828125 0.0453125 0.0546875
0 0.2703125 0.55703125 0.0296875 0.046875
0 0.690625 0.48203125 0.0421875 0.05625
0 0.76328125 0.48359375 0.03359375 0.06015625
0 0.8125 0.47578125 0.03984375 0.0671875
0 0.89453125 0.46875 0.0734375 0.01953125
0 0.915625 0.4953125 0.08359375 0.0234375
0 0.02109375 0.54765625 0.03828125 0.0640625
0 0.10546875 0.578125 0.0390625 0.05546875
0 0.15859375 0.57109375 0.05234375 0.0515625
0 0.72890625 0.48125 0.03046875 0.053125
0 0.94140625 0.853125 0.05546875 0.04921875