0 0.034375 0.16484375 0.02421875 0.02109375
0 0.03671875 0.184375 0.025 0.01328125
0 0.578125 0.47890625 0.12578125 0.015625
0 0.58984375 0.2875 0.12734375 0.015625
0 0.44921875 0.48125 0.128125 0.01640625
0 0.31484375 0.4390625 0.13359375 0.02421875
0 0.31328125 0.46328125 0.13359375 0.02265625
0 0.3171875 0.48359375 0.13359375 0.01640625
0 0.1765625 0.440625 0.13671875 0.0234375
0 0.175 0.4640625 0.1390625 0.021875
0 0.175 0.484375 0.1375 0.0140625
0 0.0515625 0.44140625 0.103125 0.0234375
0 0.58984375 0.34453125 0.12109375 0.02265625
0 0.7125 0.3859375 0.12421875 0.0140625
0 0.71328125 0.3671875 0.12421875 0.01796875
0 0.828125 0.3828125 0.10078125 0.01171875
0 0.825 0.36640625 0.09609375 0.01796875
0 0.0515625 0.46484375 0.103125 0.0203125
0 0.0515625 0.4859375 0.103125 0.01875
0 0.98203125 0.36484375 0.0359375 0.0109375
0 0.98125 0.38046875 0.0375 0.01796875
0 0.91640625 0.359375 0.08359375 0.0234375
0 0.0328125 0.1421875 0.0234375 0.02265625
0 0.92109375 0.38125 0.07734375 0.0171875
0 0.81796875 0.34609375 0.1046875 0.02109375
0 0.5875 0.36796875 0.1234375 0.021875
0 0.12578125 0.1828125 0.14921875 0.0171875
0 0.2984375 0.078125 0.14375 0.01875
0 0.12421875 0.1328125 0.14921875 0.02578125
0 0.4578125 0.2890625 0.13203125 0.015625
0 0.72265625 0.2890625 0.13046875 0.0140625
0 0.7203125 0.27109375 0.1265625 0.01953125
0 0.7203125 0.24921875 0.1234375 0.0203125
0 0.86484375 0.2859375 0.14453125 0.01328125
0 0.86171875 0.26796875 0.14453125 0.0203125
0 0.8578125 0.2453125 0.15 0.0234375
0 0.9703125 0.28515625 0.0578125 0.01171875
0 0.9703125 0.2671875 0.059375 0.021875
0 0.97109375 0.24296875 0.0578125 0.0203125
0 0.04375 0.3921875 0.08671875 0.01640625
0 0.04375 0.37109375 0.0875 0.0203125
0 0.04296875 0.35 0.08515625 0.0203125
0 0.12421875 0.159375 0.14921875 0.02421875
0 0.0421875 0.3296875 0.08359375 0.0171875
0 0.1671875 0.36484375 0.1421875 0.025
0 0.1640625 0.33984375 0.1421875 0.0234375
0 0.32109375 0.38671875 0.1375 0.0171875
0 0.321875 0.3671875 0.13828125 0.01796875
0 0.3234375 0.34375 0.1421875 0.0234375
0 0.45859375 0.390625 0.11796875 0.01328125
0 0.45859375 0.37265625 0.12109375 0.01796875
0 0.4578125 0.3515625 0.1171875 0.0203125
0 0.5859375 0.38671875 0.1234375 0.01328125
0 0.45078125 0.46015625 0.12734375 0.02109375
0 0.2796875 0.13671875 0.14375 0.02421875
0 0.2796875 0.16328125 0.14296875 0.025
0 0.28046875 0.18515625 0.14453125 0.01484375
0 0.17109375 0.3875 0.140625 0.01796875
0 0.57890625 0.459375 0.12421875 0.02109375
0 0.8921875 0.45 0.0765625 0.0125
0 0.578125 0.43515625 0.12265625 0.0203125
0 0.696875 0.065625 0.10859375 0.0203125
0 0.696875 0.04375 0.1046875 0.0203125
0 0.80546875 0.08515625 0.1015625 0.0125
0 0.8046875 0.0671875 0.1 0.0203125
0 0.80234375 0.04375 0.1015625 0.0234375
0 0.90859375 0.0890625 0.1 0.0109375
0 0.90703125 0.07578125 0.09609375 0.0140625
0 0.87421875 0.846875 0.0828125 0.009375
0 0.671875 0.82578125 0.03359375 0.06640625
0 0.70546875 0.82421875 0.02890625 0.06640625
0 0.7375 0.821875 0.0328125 0.06640625
0 0.77421875 0.81953125 0.03359375 0.06640625
0 0.07734375 0.86796875 0.14140625 0.0234375
0 0.109375 0.834375 0.08515625 0.03046875
0 0.21875 0.871875 0.10546875 0.0125
0 0.21875 0.8578125 0.10546875 0.01484375
0 0.21953125 0.83984375 0.10234375 0.0171875
0 0.3265625 0.865625 0.10078125 0.01328125
0 0.32734375 0.85078125 0.1015625 0.01484375
0 0.42421875 0.86328125 0.0875 0.01171875
0 0.42421875 0.84375 0.084375 0.0203125
0 0.5234375 0.859375 0.090625 0.0125
0 0.52265625 0.84453125 0.08671875 0.01484375
0 0.51796875 0.82109375 0.08359375 0.0140625
0 0.51875 0.8046875 0.08515625 0.01484375
0 0.60859375 0.80078125 0.08125 0.015625
0 0.61015625 0.8234375 0.084375 0.0140625
0 0.61015625 0.8390625 0.08203125 0.0125
0 0.6109375 0.85390625 0.08046875 0.01171875
0 0.69921875 0.0828125 0.10625 0.0125
0 0.45 0.4375 0.12890625 0.0203125
0 0.575 0.0390625 0.13046875 0.02421875
0 0.57578125 0.08203125 0.13515625 0.0125
0 0.703125 0.47890625 0.12109375 0.0125
0 0.703125 0.4609375 0.12109375 0.0203125
0 0.703125 0.440625 0.12109375 0.01796875
0 0.81015625 0.47578125 0.08828125 0.0109375
0 0.8078125 0.459375 0.08046875 0.01640625
0 0.80078125 0.4390625 0.06796875 0.01953125
0 0.90234375 0.4765625 0.08203125 0.0078125
0 0.9 0.4640625 0.0765625 0.01328125
0 0.5921875 0.24453125 0.1296875 0.021875
0 0.8921875 0.43515625 0.0734375 0.01171875
0 0.971875 0.46796875 0.05625 0.0171875
0 0.9671875 0.45078125 0.065625 0.0140625
0 0.965625 0.43359375 0.06796875 0.015625
0 0.059375 0.58203125 0.11796875 0.01796875
0 0.06015625 0.559375 0.1203125 0.02421875
0 0.0609375 0.5359375 0.12109375 0.01875
0 0.1875 0.5796875 0.13203125 0.01484375
0 0.1890625 0.559375 0.134375 0.0203125
0 0.18984375 0.5359375 0.1296875 0.0234375
0 0.32734375 0.5765625 0.140625 0.015625
0 0.32890625 0.55625 0.1390625 0.02109375
0 0.32890625 0.534375 0.1390625 0.0203125
0 0.3265625 0.5171875 0.1390625 0.00859375
0 0.46484375 0.5734375 0.1234375 0.01796875
0 0.46328125 0.55234375 0.125 0.02109375
0 0.46328125 0.53125 0.12421875 0.01875
0 0.43984375 0.078125 0.134375 0.0140625
0 0.440625 0.0578125 0.1359375 0.0234375
0 0.43828125 0.03125 0.1359375 0.0234375
0 0.57578125 0.06328125 0.13203125 0.02265625
0 0.58984375 0.26796875 0.1296875 0.021875
0 0.96484375 0.153125 0.06953125 0.0171875
0 0.45625 0.26796875 0.13125 0.0234375
0 0.45390625 0.14296875 0.13203125 0.02421875
0 0.45703125 0.1671875 0.13046875 0.021875
0 0.4578125 0.1875 0.1296875 0.015625
0 0.36640625 0.13671875 0.02734375 0.02421875
0 0.36796875 0.16171875 0.02734375 0.025
0 0.36875 0.184375 0.02734375 0.0171875
0 0.8515625 0.83046875 0.0890625 0.01796875
0 0.965625 0.8421875 0.06796875 0.01015625
0 0.96875 0.81953125 0.0625 0.0078125
0 0.96328125 0.8078125 0.07265625 0.01171875
0 0.9578125 0.7921875 0.08046875 0.01328125
0 0.965625 0.73125 0.06875 0.009375
0 0.96484375 0.71796875 0.06953125 0.009375
0 0.9640625 0.70390625 0.07109375 0.0125
0 0.9609375 0.690625 0.06640625 0.0078125
0 0.88671875 0.69140625 0.08125 0.009375
0 0.8859375 0.70859375 0.07734375 0.0140625
0 0.88828125 0.7234375 0.07734375 0.0125
0 0.88828125 0.73671875 0.078125 0.0109375
0 0.78515625 0.69765625 0.115625 0.01953125
0 0.7859375 0.71796875 0.1171875 0.01875
0 0.7875 0.7375 0.1171875 0.0171875
0 0.6640625 0.7015625 0.11953125 0.01953125
0 0.66640625 0.72421875 0.11875 0.01953125
0 0.665625 0.74296875 0.11953125 0.015625
0 0.54453125 0.74609375 0.1203125 0.01796875
0 0.54453125 0.72578125 0.1203125 0.0203125
0 0.590625 0.18828125 0.13203125 0.015625
0 0.590625 0.16796875 0.13125 0.02421875
0 0.590625 0.14140625 0.13125 0.02421875
0 0.96796875 0.17265625 0.0640625 0.01875
0 0.29609375 0.02890625 0.14375 0.0234375
0 0.9671875 0.53828125 0.065625 0.0140625
0 0.88984375 0.54140625 0.07890625 0.0125
0 0.96640625 0.553125 0.06640625 0.01328125
0 0.14765625 0.02578125 0.14921875 0.02421875
0 0.14921875 0.05234375 0.15 0.0234375
0 0.15 0.07578125 0.1484375 0.01796875
0 0.0359375 0.025 0.07109375 0.02421875
0 0.0359375 0.053125 0.071875 0.02421875
0 0.88984375 0.55546875 0.08125 0.01171875
0 0.96796875 0.56484375 0.0640625 0.0078125
0 0.89140625 0.56640625 0.07734375 0.0078125
0 0.796875 0.55 0.0984375 0.0171875
0 0.54140625 0.7015625 0.12109375 0.01796875
0 0.79921875 0.56640625 0.0984375 0.01328125
0 0.6953125 0.53203125 0.0953125 0.0203125
0 0.696875 0.5515625 0.0984375 0.01640625
0 0.6984375 0.56796875 0.0984375 0.0140625
0 0.58515625 0.534375 0.109375 0.01796875
0 0.58671875 0.55234375 0.1078125 0.01640625
0 0.58515625 0.56875 0.10859375 0.01484375
0 0.73125 0.1890625 0.1328125 0.01328125
0 0.7328125 0.1703125 0.1296875 0.0203125
0 0.73046875 0.14921875 0.134375 0.02109375
0 0.8640625 0.1890625 0.1234375 0.009375
0 0.8671875 0.1734375 0.11953125 0.01875
0 0.8640625 0.153125 0.1203125 0.0203125
0 0.96953125 0.18671875 0.0609375 0.0078125
0 0.778125 0.51171875 0.09765625 0.01171875
0 0.45859375 0.24375 0.13125 0.0234375
0 0.42265625 0.7046875 0.11015625 0.01953125
0 0.4265625 0.75078125 0.1140625 0.01640625
0 0.203125 0.6265625 0.12421875 0.01953125
0 0.20078125 0.6484375 0.1328125 0.01796875
0 0.1984375 0.66875 0.13125 0.01875
0 0.06796875 0.6265625 0.1359375 0.021875
0 0.06640625 0.6515625 0.1328125 0.021875
0 0.065625 0.67265625 0.13125 0.01796875
0 0.96328125 0.61796875 0.07265625 0.01953125
0 0.965625 0.64375 0.06875 0.015625
0 0.89765625 0.5171875 0.07890625 0.0109375
0 0.890625 0.52890625 0.0828125 0.01015625
0 0.96875 0.52421875 0.0609375 0.01015625
0 0.0359375 0.0765625 0.07109375 0.015625
0 0.98125 0.046875 0.0375 0.01953125
0 0.98125 0.06953125 0.0375 0.02109375
0 0.98203125 0.08828125 0.0359375 0.01328125
0 0.90625 0.05703125 0.0953125 0.0203125
0 0.29765625 0.0546875 0.14375 0.0234375
0 0.9640625 0.1359375 0.07109375 0.0125
0 0.04609375 0.28671875 0.0890625 0.0140625
0 0.04453125 0.265625 0.0890625 0.025
0 0.04375 0.23828125 0.0875 0.0234375
0 0.1640625 0.28671875 0.14375 0.01484375
0 0.1625 0.265625 0.14375 0.02578125
0 0.1703125 0.24140625 0.12890625 0.0203125
0 0.30859375 0.2875 0.13828125 0.015625
0 0.3078125 0.26640625 0.1390625 0.0234375
0 0.3078125 0.240625 0.140625 0.0234375
0 0.3296875 0.6671875 0.12265625 0.01484375
0 0.42421875 0.73203125 0.11640625 0.01796875
0 0.3296875 0.64921875 0.11953125 0.0171875
0 0.40546875 0.66640625 0.02109375 0.01875
0 0.30546875 0.715625 0.11796875 0.01953125
0 0.30625 0.7375 0.11640625 0.0203125
0 0.3046875 0.75546875 0.1171875 0.0140625
0 0.190625 0.721875 0.10546875 0.01484375
0 0.1828125 0.7421875 0.11953125 0.0203125
0 0.1828125 0.759375 0.11953125 0.0140625
0 0.06015625 0.72265625 0.1203125 0.0203125
0 0.0609375 0.74453125 0.121875 0.01953125
0 0.0609375 0.7640625 0.12109375 0.01640625
0 0.88359375 0.6078125 0.07578125 0.01484375
0 0.88515625 0.62421875 0.078125 0.0140625
0 0.3296875 0.628125 0.11953125 0.0203125
0 0.8890625 0.65234375 0.08046875 0.009375
0 0.8875 0.63984375 0.07734375 0.01328125
0 0.796875 0.634375 0.09296875 0.0171875
0 0.40390625 0.646875 0.02109375 0.0171875
0 0.40234375 0.62578125 0.021875 0.01953125
0 0.4796875 0.65859375 0.12109375 0.01796875
0 0.47734375 0.6375 0.12109375 0.02109375
0 0.47734375 0.61796875 0.1234375 0.015625
0 0.5953125 0.65703125 0.10390625 0.01328125
0 0.7984375 0.61484375 0.09140625 0.01875
0 0.5953125 0.63984375 0.10703125 0.01640625
0 0.6984375 0.6546875 0.0984375 0.0125
0 0.69921875 0.6375 0.096875 0.01875
0 0.7015625 0.6171875 0.0984375 0.01875
0 0.796875 0.6515625 0.09375 0.015625
0 0.59609375 0.62109375 0.1078125 0.0171875
0 0.79453125 0.5296875 0.09296875 0.01953125