0 0.16328125 0.128125 0.065625 0.0109375
0 0.65234375 0.94921875 0.04453125 0.0734375
0 0.08984375 0.1171875 0.078125 0.06796875
0 0.225 0.79921875 0.03203125 0.0875
0 0.18671875 0.80078125 0.04296875 0.08515625
0 0.14296875 0.8 0.03515625 0.0828125
0 0.10078125 0.803125 0.0390625 0.07734375
0 0.05859375 0.8046875 0.0375 0.07734375
0 0.01953125 0.80546875 0.0390625 0.0796875
0 0.884375 0.659375 0.06171875 0.09375
0 0.8265625 0.6625 0.04765625 0.0890625
0 0.7765625 0.665625 0.04296875 0.0875
0 0.72734375 0.66640625 0.0453125 0.0875
0 0.621875 0.6671875 0.07578125 0.0765625
0 0.56171875 0.6625 0.04453125 0.0890625
0 0.26796875 0.8 0.04609375 0.084375
0 0.51484375 0.66171875 0.04453125 0.09140625
0 0.38125 0.66015625 0.053125 0.084375
0 0.33359375 0.6625 0.04296875 0.0890625
0 0.28359375 0.68203125 0.05078125 0.053125
0 0.1890625 0.625 0.06796875 0.01875
0 0.18984375 0.6734375 0.05546875 0.06796875
0 0.1234375 0.67265625 0.06640625 0.071875
0 0.06328125 0.66796875 0.0359375 0.08046875
0 0.02265625 0.67109375 0.04453125 0.078125
0 0.88671875 0.5359375 0.0671875 0.084375
0 0.82265625 0.5265625 0.0546875 0.10703125
0 0.7640625 0.53828125 0.05078125 0.0859375
0 0.71328125 0.53671875 0.05 0.0890625
0 0.46875 0.6640625 0.04453125 0.090625
0 0.6546875 0.53046875 0.06484375 0.1
0 0.3109375 0.8015625 0.0375 0.0828125
0 0.403125 0.8015625 0.0390625 0.08125
0 0.0234375 0.11171875 0.046875 0.0765625
0 0.7546875 0.9296875 0.06328125 0.1015625
0 0.69765625 0.903125 0.04296875 0.034375
0 0.603125 0.946875 0.04765625 0.075
0 0.55390625 0.9453125 0.04921875 0.071875
0 0.509375 0.9484375 0.040625 0.07734375
0 0.46875 0.92265625 0.0359375 0.0671875
0 0.42265625 0.95 0.05 0.07421875
0 0.346875 0.90703125 0.03984375 0.06875
0 0.29296875 0.95 0.04765625 0.065625
0 0.24140625 0.95078125 0.04453125 0.06875
0 0.18984375 0.94765625 0.046875 0.0703125
0 0.35546875 0.8015625 0.04453125 0.0828125
0 0.13671875 0.94765625 0.059375 0.0703125
0 0.0203125 0.9453125 0.03984375 0.07734375
0 0.98359375 0.7484375 0.03203125 0.07578125
0 0.94375 0.75 0.03671875 0.0875
0 0.86875 0.8015625 0.04609375 0.08046875
0 0.82265625 0.80234375 0.04609375 0.0796875
0 0.771875 0.80234375 0.04765625 0.0796875
0 0.71796875 0.80234375 0.053125 0.0765625
0 0.6703125 0.79296875 0.040625 0.0765625
0 0.58515625 0.8015625 0.04453125 0.078125
0 0.53984375 0.8015625 0.04609375 0.0828125
0 0.4953125 0.78515625 0.03984375 0.0796875
0 0.44765625 0.8 0.0453125 0.0828125
0 0.07265625 0.9484375 0.06328125 0.0703125
0 0.59921875 0.53984375 0.04609375 0.08125
0 0.8359375 0.9359375 0.0734375 0.09921875
0 0.50546875 0.5421875 0.04453125 0.08515625
0 0.54375 0.259375 0.04140625 0.0859375
0 0.5546875 0.19453125 0.0515625 0.034375
0 0.49375 0.265625 0.0484375 0.08515625
0 0.4984375 0.20390625 0.04921875 0.0328125
0 0.39921875 0.2625 0.05859375 0.084375
0 0.4015625 0.20234375 0.06015625 0.0265625
0 0.340625 0.2609375 0.05390625 0.090625
0 0.2859375 0.265625 0.0515625 0.08203125
0 0.2328125 0.265625 0.05234375 0.08515625
0 0.17890625 0.26015625 0.05234375 0.090625
0 0.12890625 0.2609375 0.046875 0.08984375
0 0.0828125 0.2609375 0.04453125 0.09140625
0 0.590625 0.25859375 0.05 0.0875
0 0.03515625 0.26171875 0.04609375 0.0875
0 0.8921875 0.11015625 0.07734375 0.0578125
0 0.74140625 0.10390625 0.06484375 0.06875
0 0.67109375 0.1109375 0.07265625 0.059375
0 0.5953125 0.11484375 0.07109375 0.0578125
0 0.5234375 0.109375 0.0703125 0.0671875
0 0.45078125 0.11015625 0.0671875 0.0671875
0 0.3796875 0.1125 0.06875 0.0609375
0 0.3078125 0.11875 0.0703125 0.05703125
0 0.234375 0.1171875 0.0671875 0.0578125
0 0.1625 0.140625 0.06484375 0.01328125
0 0.1625 0.09296875 0.06640625 0.0578125
0 0.5515625 0.540625 0.04140625 0.0796875
0 0.96484375 0.10703125 0.06015625 0.0609375
0 0.6390625 0.19765625 0.05234375 0.03125
0 0.81171875 0.11328125 0.0671875 0.05
0 0.6421875 0.2609375 0.04609375 0.08984375
0 0.43359375 0.54375 0.07890625 0.075
0 0.3671875 0.49296875 0.0515625 0.0453125
0 0.50625 0.48359375 0.04609375 0.025
0 0.69296875 0.19140625 0.046875 0.04140625
0 0.365625 0.553125 0.0453125 0.05703125
0 0.29296875 0.54453125 0.07890625 0.0765625
0 0.09921875 0.54453125 0.11328125 0.07734375
0 0.8375 0.390625 0.05390625 0.090625
0 0.78515625 0.390625 0.05078125 0.090625
0 0.71015625 0.40859375 0.08984375 0.053125
0 0.621875 0.4125 0.084375 0.05390625
0 0.5234375 0.41171875 0.10859375 0.0546875
0 0.20625 0.54609375 0.09140625 0.0765625
0 0.3328125 0.3921875 0.05078125 0.0859375
0 0.69296875 0.26015625 0.05234375 0.090625
0 0.7578125 0.25546875 0.0515625 0.0875
0 0.8234375 0.2453125 0.06875 0.03515625
0 0.82421875 0.2828125 0.06796875 0.03515625
0 0.4125 0.4140625 0.10703125 0.05234375
0 0.04765625 0.39453125 0.0375 0.0828125
0 0.09296875 0.39375 0.0421875 0.084375
0 0.43359375 0.48828125 0.04765625 0.0328125
0 0.15 0.384375 0.06640625 0.0359375
0 0.2765625 0.39921875 0.05390625 0.0765625
0 0.15 0.42109375 0.0671875 0.0359375
0 0.2171875 0.390625 0.0640625 0.03125
0 0.215625 0.42265625 0.0578125 0.03125