0 0.34453125 0.540625 0.04453125 0.06953125
0 0.3921875 0.5390625 0.04609375 0.06796875
0 0.51796875 0.5375 0.06640625 0.07578125
0 0.58515625 0.53828125 0.05546875 0.075
0 0.6390625 0.5375 0.05234375 0.071875
0 0.80234375 0.44921875 0.06328125 0.06328125
0 0.6953125 0.54375 0.05 0.07109375
0 0.74453125 0.54609375 0.05 0.06640625
0 0.80546875 0.5421875 0.0515625 0.06796875
0 0.85546875 0.54375 0.0453125 0.0640625
0 0.90546875 0.5421875 0.0421875 0.06953125
0 0.9546875 0.54296875 0.05078125 0.06015625
0 0.93046875 0.7296875 0.084375 0.04453125
0 0.871875 0.7265625 0.03515625 0.05234375
0 0.2953125 0.540625 0.05234375 0.06953125
0 0.23984375 0.540625 0.05625 0.06953125
0 0.0546875 0.54765625 0.0546875 0.06328125
0 0.15 0.546875 0.04296875 0.06484375
0 0.10546875 0.5484375 0.04375 0.06328125
0 0.8359375 0.7265625 0.0328125 0.05234375
0 0.01484375 0.5484375 0.02578125 0.0609375
0 0.95859375 0.45703125 0.046875 0.04765625
0 0.9078125 0.4484375 0.05546875 0.0640625
0 0.54140625 0.2390625 0.11328125 0.08515625
0 0.6765625 0.2390625 0.1359375 0.08515625
0 0.76484375 0.24296875 0.03984375 0.08046875
0 0.81171875 0.24453125 0.04296875 0.07734375
0 0.85546875 0.24296875 0.03671875 0.08125
0 0.89609375 0.24296875 0.03671875 0.07734375
0 0.93203125 0.2453125 0.03203125 0.078125
0 0.965625 0.2515625 0.03046875 0.06171875
0 0.19453125 0.5453125 0.03515625 0.0625
0 0.98984375 0.25234375 0.0203125 0.0609375
0 0.80234375 0.7265625 0.03359375 0.05234375
0 0.74140625 0.7109375 0.04765625 0.02890625
0 0.66171875 0.6359375 0.02890625 0.06796875
0 0.6203125 0.63515625 0.053125 0.06171875
0 0.56796875 0.63359375 0.0421875 0.0609375
0 0.5171875 0.63671875 0.053125 0.06015625
0 0.45625 0.63359375 0.0359375 0.0703125
0 0.42265625 0.6328125 0.02890625 0.0671875
0 0.38671875 0.634375 0.0296875 0.06875
0 0.28359375 0.6328125 0.05078125 0.071875
0 0.24453125 0.63359375 0.028125 0.07109375
0 0.21640625 0.63515625 0.03046875 0.06875
0 0.1546875 0.6359375 0.028125 0.06640625
0 0.1265625 0.634375 0.03203125 0.07421875
0 0.0921875 0.634375 0.034375 0.07578125
0 0.059375 0.6359375 0.02890625 0.0734375
0 0.0125 0.6375 0.025 0.06484375
0 0.85703125 0.44921875 0.04375 0.06328125
0 0.65234375 0.4515625 0.04140625 0.05859375
0 0.70234375 0.63203125 0.046875 0.07109375
0 0.74921875 0.74140625 0.0546875 0.0296875
0 0.753125 0.63046875 0.04609375 0.06640625
0 0.8671875 0.6296875 0.05234375 0.0703125
0 0.690625 0.7328125 0.05 0.05
0 0.63671875 0.7265625 0.05625 0.065625
0 0.575 0.725 0.03984375 0.065625
0 0.5265625 0.725 0.0546875 0.06640625
0 0.46953125 0.721875 0.04609375 0.06953125
0 0.4203125 0.72265625 0.03671875 0.07265625
0 0.3828125 0.7265625 0.0390625 0.06484375
0 0.33515625 0.72421875 0.04296875 0.06640625
0 0.2921875 0.72421875 0.03359375 0.0640625
0 0.2515625 0.72578125 0.04140625 0.06796875
0 0.2 0.721875 0.0453125 0.06484375
0 0.15546875 0.72421875 0.0421875 0.06953125
0 0.1109375 0.72734375 0.04609375 0.06875
0 0.0609375 0.72578125 0.0453125 0.06640625
0 0.0203125 0.72734375 0.03671875 0.06640625
0 0.97734375 0.6296875 0.0453125 0.06796875
0 0.9234375 0.63046875 0.05703125 0.06953125
0 0.80625 0.6296875 0.0625 0.0671875
0 0.50859375 0.3734375 0.04296875 0.05390625
0 0.553125 0.3703125 0.04765625 0.06015625
0 0.59921875 0.3703125 0.04140625 0.06796875
0 0.17109375 0.85234375 0.03828125 0.06640625
0 0.2171875 0.853125 0.04609375 0.0640625
0 0.26875 0.85 0.04140625 0.07421875
0 0.309375 0.85 0.02890625 0.06796875
0 0.3390625 0.853125 0.03359375 0.075
0 0.37578125 0.85 0.03828125 0.0765625
0 0.4203125 0.846875 0.0453125 0.07265625
0 0.4609375 0.84765625 0.0375 0.071875
0 0.51484375 0.84609375 0.0609375 0.065625
0 0.59609375 0.83125 0.07734375 0.09140625
0 0.7 0.83671875 0.10625 0.08046875
0 0.82890625 0.83828125 0.08984375 0.07265625
0 0.9140625 0.83671875 0.08125 0.0703125
0 0.746875 0.4484375 0.0453125 0.0640625
0 0.97734375 0.8359375 0.0453125 0.05859375
0 0.5453125 0.1625 0.13359375 0.059375
0 0.675 0.1625 0.1203125 0.05859375
0 0.12734375 0.8453125 0.0421875 0.07265625
0 0.071875 0.84921875 0.05 0.06796875
0 0.6984375 0.45 0.04765625 0.0609375
0 0.9421875 0.69453125 0.090625 0.01796875
0 0.01953125 0.85234375 0.03046875 0.071875
0 0.79375 0.3625 0.04140625 0.07734375
0 0.74609375 0.36484375 0.04375 0.07578125
0 0.70234375 0.36328125 0.0421875 0.08125
0 0.65078125 0.36875 0.0515625 0.0703125
0 0.8421875 0.3609375 0.0484375 0.0765625
0 0.93359375 0.36484375 0.05625 0.0703125
0 0.98125 0.36796875 0.03671875 0.07578125
0 0.02265625 0.45078125 0.04140625 0.0671875
0 0.8859375 0.36171875 0.03828125 0.07890625
0 0.134375 0.45 0.06015625 0.06953125
0 0.190625 0.44921875 0.05234375 0.06796875
0 0.33515625 0.4453125 0.05546875 0.06796875
0 0.3953125 0.4484375 0.05625 0.06796875
0 0.45859375 0.4484375 0.0625 0.06484375
0 0.5125 0.45234375 0.03828125 0.06328125
0 0.60625 0.44921875 0.05078125 0.06171875
0 0.078125 0.4515625 0.053125 0.06796875
0 0.5546875 0.45 0.04609375 0.065625