0 0.92109375 0.3671875 0.02265625 0.0484375
0 0.453125 0.58671875 0.0390625 0.0125
0 0.40078125 0.63203125 0.04765625 0.021875
0 0.39921875 0.60390625 0.053125 0.02265625
0 0.4 0.57578125 0.0546875 0.021875
0 0.34453125 0.63984375 0.0484375 0.02734375
0 0.3359375 0.60703125 0.05234375 0.02265625
0 0.45234375 0.6015625 0.04140625 0.009375
0 0.27109375 0.60859375 0.05625 0.025
0 0.22421875 0.65703125 0.05546875 0.0234375
0 0.20859375 0.61875 0.04609375 0.034375
0 0.146875 0.6296875 0.06015625 0.02890625
0 0.159375 0.66640625 0.0640625 0.02109375
0 0.0890625 0.6734375 0.06640625 0.02578125
0 0.025 0.68046875 0.04296875 0.03203125
0 0.2828125 0.6484375 0.0578125 0.02421875
0 0.45625 0.615625 0.0421875 0.0109375
0 0.459375 0.63203125 0.04609375 0.01015625
0 0.49453125 0.60390625 0.01875 0.065625
0 0.9 0.56640625 0.03203125 0.02578125
0 0.85546875 0.5546875 0.02890625 0.0625
0 0.37734375 0.7421875 0.0453125 0.02421875
0 0.75234375 0.56484375 0.0109375 0.07109375
0 0.778125 0.56484375 0.034375 0.06484375
0 0.7328125 0.56640625 0.01328125 0.06796875
0 0.7140625 0.56875 0.01484375 0.065625
0 0.67265625 0.58046875 0.01953125 0.06328125
0 0.65 0.5796875 0.01796875 0.06796875
0 0.61875 0.575 0.01640625 0.06796875
0 0.59921875 0.57578125 0.01796875 0.078125
0 0.578125 0.5859375 0.015625 0.06953125
0 0.55703125 0.58828125 0.021875 0.07421875
0 0.534375 0.59140625 0.015625 0.075
0 0.515625 0.59921875 0.01171875 0.06484375
0 0.025 0.64375 0.05 0.03046875
0 0.93359375 0.52421875 0.034375 0.015625
0 0.98828125 0.44453125 0.02265625 0.0640625
0 0.9390625 0.45546875 0.02734375 0.05078125
0 0.76015625 0.24609375 0.02109375 0.03359375
0 0.7203125 0.24609375 0.02734375 0.021875
0 0.75859375 0.2796875 0.0296875 0.021875
0 0.71171875 0.27578125 0.02734375 0.02734375
0 0.6671875 0.26171875 0.02578125 0.0625
0 0.61796875 0.2640625 0.03125 0.05625
0 0.80078125 0.26015625 0.03046875 0.0640625
0 0.578125 0.26015625 0.02734375 0.06640625
0 0.4484375 0.39609375 0.0296875 0.03671875
0 0.48046875 0.39296875 0.0296875 0.0375
0 0.52109375 0.390625 0.034375 0.040625
0 0.55390625 0.38671875 0.02734375 0.03984375
0 0.62265625 0.3765625 0.0328125 0.0546875
0 0.58671875 0.37265625 0.02890625 0.0625
0 0.5453125 0.25859375 0.03203125 0.06875
0 0.82578125 0.25625 0.01796875 0.06953125
0 0.84765625 0.25703125 0.0171875 0.06796875
0 0.88515625 0.25546875 0.02734375 0.065625
0 0.89609375 0.45546875 0.02109375 0.0625
0 0.8703125 0.45703125 0.0203125 0.059375
0 0.83203125 0.465625 0.01640625 0.0484375
0 0.81171875 0.46875 0.01484375 0.0546875
0 0.78828125 0.46953125 0.025 0.05390625
0 0.7109375 0.47265625 0.02421875 0.05859375
0 0.6640625 0.4859375 0.0328125 0.05546875
0 0.63671875 0.48203125 0.0171875 0.0578125
0 0.2046875 0.35625 0.04453125 0.01640625
0 0.1421875 0.38671875 0.0703125 0.09375
0 0.06875 0.38828125 0.06953125 0.1
0 0.98046875 0.2546875 0.01796875 0.05703125
0 0.909375 0.25546875 0.015625 0.0625
0 0.93125 0.259375 0.025 0.053125
0 0.9609375 0.25859375 0.021875 0.05625
0 0.9609375 0.4484375 0.0125 0.06171875
0 0.6578125 0.36640625 0.0265625 0.053125
0 0.9390625 0.53984375 0.0359375 0.0125
0 0.93984375 0.565625 0.028125 0.0109375
0 0.55390625 0.73203125 0.01484375 0.01484375
0 0.5765625 0.73046875 0.0140625 0.015625
0 0.05078125 0.83203125 0.059375 0.02109375
0 0.11015625 0.81328125 0.06015625 0.02578125
0 0.103125 0.7796875 0.0453125 0.01796875
0 0.08359375 0.7578125 0.05625 0.01640625
0 0.56328125 0.715625 0.0234375 0.009375
0 0.5859375 0.7171875 0.0140625 0.009375
0 0.6109375 0.709375 0.01953125 0.0140625
0 0.6484375 0.7203125 0.01796875 0.01875
0 0.646875 0.69375 0.01796875 0.01796875
0 0.69296875 0.71328125 0.0171875 0.01640625
0 0.71171875 0.7078125 0.0140625 0.01484375
0 0.72890625 0.70703125 0.015625 0.01640625
0 0.5984375 0.72734375 0.0171875 0.00625
0 0.5828125 0.65546875 0.0203125 0.01640625
0 0.55703125 0.678125 0.03046875 0.02265625
0 0.4859375 0.70703125 0.034375 0.03828125
0 0.34453125 0.7046875 0.04296875 0.02109375
0 0.28671875 0.7046875 0.03984375 0.02109375
0 0.2546875 0.74453125 0.03671875 0.01171875
0 0.24765625 0.72109375 0.0375 0.021875
0 0.328125 0.76796875 0.04296875 0.03046875
0 0.278125 0.78046875 0.0453125 0.03125
0 0.2265625 0.78828125 0.04375 0.03046875
0 0.17265625 0.80078125 0.05546875 0.028125
0 0.20546875 0.7546875 0.0375 0.01015625
0 0.203125 0.73046875 0.0390625 0.02421875
0 0.15234375 0.75546875 0.04921875 0.0296875
0 0.41875 0.68359375 0.0515625 0.0171875
0 0.43125 0.71875 0.04140625 0.0234375
0 0.44140625 0.7421875 0.04296875 0.01015625
0 0.43359375 0.75859375 0.0453125 0.0140625
0 0.74609375 0.7046875 0.01484375 0.01640625
0 0.93828125 0.553125 0.028125 0.01015625
0 0.775 0.696875 0.01796875 0.01484375
0 0.72578125 0.659375 0.05546875 0.01015625
0 0.409375 0.35546875 0.03125 0.0421875
0 0.35390625 0.35234375 0.03203125 0.0421875
0 0.315625 0.35625 0.03359375 0.04140625
0 0.37734375 0.4 0.03515625 0.03984375
0 0.33671875 0.40234375 0.0375 0.04140625
0 0.29609375 0.40390625 0.0390625 0.0484375
0 0.44375 0.35546875 0.03046875 0.0421875
0 0.2578125 0.4046875 0.0359375 0.0484375
0 0.20703125 0.4 0.04921875 0.01640625
0 0.2046875 0.37890625 0.0484375 0.01953125
0 0.08125 0.72421875 0.04140625 0.009375
0 0.9734375 0.55859375 0.01875 0.0109375
0 0.97109375 0.5453125 0.0171875 0.01171875
0 0.9671875 0.5296875 0.01875 0.0140625
0 0.20859375 0.42265625 0.05234375 0.02109375
0 0.4734375 0.35078125 0.0265625 0.0390625
0 0.4125 0.39921875 0.02578125 0.03828125
0 0.89765625 0.36796875 0.0234375 0.04453125
0 0.7734375 0.6625 0.02109375 0.0140625
0 0.7578125 0.675 0.015625 0.01171875
0 0.8234375 0.69140625 0.0546875 0.01328125
0 0.84921875 0.67578125 0.01640625 0.01171875
0 0.8671875 0.68359375 0.01640625 0.0140625
0 0.85390625 0.653125 0.0171875 0.015625
0 0.80546875 0.659375 0.015625 0.01328125
0 0.8171875 0.64609375 0.01328125 0.01015625
0 0.80546875 0.63359375 0.015625 0.0078125
0 0.8109375 0.621875 0.0109375 0.00859375
0 0.79609375 0.675 0.01640625 0.01015625
0 0.8953125 0.6640625 0.0203125 0.0375
0 0.915625 0.6625 0.01484375 0.03515625
0 0.9375 0.65859375 0.01640625 0.046875
0 0.975 0.64609375 0.03125 0.0625
0 0.7203125 0.6375 0.0234375 0.01328125
0 0.68984375 0.371875 0.0234375 0.06015625
0 0.8171875 0.5640625 0.03515625 0.05078125
0 0.76796875 0.371875 0.03515625 0.05390625
0 0.4984375 0.2625 0.0453125 0.065625
0 0.44140625 0.2625 0.04296875 0.065625
0 0.39609375 0.2609375 0.040625 0.06640625
0 0.34921875 0.2609375 0.046875 0.06640625
0 0.29140625 0.2609375 0.05859375 0.06875
0 0.22265625 0.26171875 0.06171875 0.075
0 0.1546875 0.26171875 0.0578125 0.07109375
0 0.090625 0.2484375 0.06328125 0.10078125
0 0.03046875 0.246875 0.05078125 0.0984375
0 0.86171875 0.1265625 0.03203125 0.0328125
0 0.96875 0.15625 0.03515625 0.04375
0 0.9203125 0.1578125 0.03125 0.03203125
0 0.890625 0.15625 0.021875 0.0296875
0 0.61328125 0.4859375 0.021875 0.05390625
0 0.71796875 0.375 0.02578125 0.0515625
0 0.840625 0.1625 0.04375 0.02734375
0 0.79296875 0.1578125 0.025 0.04140625
0 0.759375 0.15703125 0.025 0.0328125
0 0.7296875 0.15546875 0.0234375 0.034375
0 0.6953125 0.1453125 0.040625 0.04375
0 0.69921875 0.0984375 0.046875 0.04765625
0 0.64609375 0.15078125 0.0328125 0.04921875
0 0.59140625 0.125 0.04140625 0.075
0 0.5484375 0.12734375 0.0453125 0.0796875
0 0.50546875 0.12890625 0.04140625 0.075
0 0.4125 0.1125 0.096875 0.1
0 0.27109375 0.109375 0.11171875 0.09140625
0 0.16640625 0.09765625 0.0515625 0.11328125
0 0.925 0.11328125 0.05078125 0.03671875
0 0.096875 0.09765625 0.06328125 0.109375
0 0.584375 0.4875 0.02734375 0.06171875
0 0.4390625 0.4984375 0.05 0.01328125
0 0.95546875 0.3609375 0.02109375 0.0578125
0 0.9859375 0.359375 0.02421875 0.05703125
0 0.0625 0.509375 0.0546875 0.0109375
0 0.075 0.5296875 0.05859375 0.009375
0 0.078125 0.54375 0.06640625 0.0078125
0 0.08203125 0.56015625 0.07109375 0.0109375
0 0.146875 0.52265625 0.0515625 0.02109375
0 0.15390625 0.55078125 0.0546875 0.01953125
0 0.21640625 0.54453125 0.04921875 0.0140625
0 0.27890625 0.5328125 0.05546875 0.03203125
0 0.33828125 0.53125 0.046875 0.028125
0 0.33359375 0.5015625 0.059375 0.01953125
0 0.31640625 0.4625 0.05546875 0.015625
0 0.54921875 0.48828125 0.02734375 0.0625
0 0.3234375 0.48203125 0.05234375 0.0140625
0 0.45546875 0.5203125 0.05078125 0.0171875
0 0.38359375 0.4515625 0.05390625 0.015625
0 0.43984375 0.446875 0.0515625 0.01328125
0 0.49609375 0.4421875 0.04609375 0.01328125
0 0.5 0.46015625 0.05390625 0.0109375
0 0.49140625 0.4765625 0.04609375 0.0140625
0 0.50859375 0.4984375 0.0515625 0.01171875
0 0.5109375 0.51796875 0.04921875 0.0125
0 0.38046875 0.47109375 0.05 0.01328125
0 0.43828125 0.46640625 0.05078125 0.0125
0 0.38515625 0.48671875 0.0421875 0.0125
0 0.43671875 0.48203125 0.0515625 0.01171875
0 0.38828125 0.503125 0.040625 0.0125
0 0.39765625 0.5265625 0.05390625 0.0171875
0 0.03203125 0.0953125 0.0546875 0.10625
0 0.38046875 0.76640625 0.0390625 0.01796875
0 0.82265625 0.3703125 0.02421875 0.0578125
0 0.8453125 0.36953125 0.0171875 0.0453125
0 0.87109375 0.3671875 0.021875 0.04375