0 0.546875 0.4390625 0.01953125 0.02265625
0 0.29296875 0.54375 0.034375 0.0328125
0 0.33046875 0.53359375 0.02734375 0.03359375
0 0.528125 0.41328125 0.02109375 0.03125
0 0.415625 0.38046875 0.01484375 0.0359375
0 0.43203125 0.3765625 0.0140625 0.0375
0 0.471875 0.37265625 0.02890625 0.03515625
0 0.46953125 0.33515625 0.028125 0.0328125
0 0.43203125 0.3375 0.02734375 0.0359375
0 0.58828125 0.328125 0.02109375 0.02890625
0 0.50078125 0.41640625 0.02265625 0.03046875
0 0.52890625 0.44453125 0.0125 0.025
0 0.03359375 0.5 0.0640625 0.046875
0 0.48203125 0.45390625 0.01953125 0.02890625
0 0.60859375 0.35625 0.01875 0.0265625
0 0.6078125 0.32734375 0.015625 0.02890625
0 0.62578125 0.3234375 0.01640625 0.028125
0 0.62578125 0.35390625 0.01484375 0.02734375
0 0.6421875 0.32421875 0.01171875 0.028125
0 0.65703125 0.32265625 0.01328125 0.025
0 0.6578125 0.35 0.01484375 0.025
0 0.64296875 0.35234375 0.01015625 0.021875
0 0.6765625 0.3453125 0.0140625 0.02734375
0 0.690625 0.3453125 0.00859375 0.0296875
0 0.703125 0.3453125 0.009375 0.0265625
0 0.50625 0.44921875 0.0203125 0.02578125
0 0.2515625 0.55078125 0.040625 0.03515625
0 0.03359375 0.5546875 0.06015625 0.03984375
0 0.0921875 0.5421875 0.05234375 0.03671875
0 0.15078125 0.5296875 0.04765625 0.034375
0 0.20234375 0.51875 0.04296875 0.03359375
0 0.2484375 0.51015625 0.03671875 0.0328125
0 0.290625 0.4984375 0.03125 0.03828125
0 0.3296875 0.48984375 0.0296875 0.03046875
0 0.36015625 0.48125 0.021875 0.03046875
0 0.39453125 0.4734375 0.02578125 0.02890625
0 0.42734375 0.46796875 0.02734375 0.0265625
0 0.45546875 0.46015625 0.02265625 0.02734375
0 0.140625 0.47890625 0.06953125 0.04140625
0 0.20546875 0.56171875 0.03984375 0.0328125
0 0.4671875 0.5546875 0.02421875 0.02734375
0 0.103125 0.59140625 0.04453125 0.03828125
0 0.31171875 0.61015625 0.02890625 0.03671875
0 0.06796875 0.06953125 0.0546875 0.12421875
0 0.27265625 0.625 0.03515625 0.03359375
0 0.22578125 0.6421875 0.04140625 0.03671875
0 0.1859375 0.75234375 0.03828125 0.03359375
0 0.13046875 0.765625 0.04296875 0.03984375
0 0.0765625 0.79296875 0.05 0.0375
0 0.17421875 0.69765625 0.06171875 0.0328125
0 0.0640625 0.7390625 0.06484375 0.0359375
0 0.675 0.43671875 0.01171875 0.02421875
0 0.66171875 0.44140625 0.01328125 0.02578125
0 0.34765625 0.59921875 0.02421875 0.02734375
0 0.6421875 0.4453125 0.01328125 0.025
0 0.61015625 0.45703125 0.0140625 0.02421875
0 0.590625 0.46015625 0.015625 0.025
0 0.5734375 0.46484375 0.0140625 0.028125
0 0.571875 0.4046875 0.01953125 0.0296875
0 0.53125 0.47578125 0.01796875 0.02578125
0 0.5078125 0.48359375 0.0171875 0.0265625
0 0.4828125 0.48671875 0.02421875 0.02421875
0 0.45546875 0.49609375 0.0203125 0.02734375
0 0.43046875 0.50390625 0.02421875 0.03203125
0 0.39921875 0.51171875 0.0203125 0.02734375
0 0.3671875 0.52109375 0.025 0.0265625
0 0.62734375 0.45 0.01171875 0.0234375
0 0.159375 0.578125 0.0359375 0.0390625
0 0.23046875 0.6875 0.03671875 0.0328125
0 0.3140625 0.653125 0.0296875 0.02890625
0 0.040625 0.60703125 0.04921875 0.04375
0 0.675 0.4109375 0.01484375 0.0234375
0 0.65859375 0.41484375 0.01015625 0.02265625
0 0.64453125 0.41953125 0.01328125 0.021875
0 0.628125 0.42421875 0.009375 0.01796875
0 0.6453125 0.390625 0.0125 0.0234375
0 0.62578125 0.39609375 0.01640625 0.02578125
0 0.60859375 0.3984375 0.0140625 0.02734375
0 0.6109375 0.42734375 0.015625 0.0234375
0 0.5890625 0.43203125 0.01328125 0.01796875
0 0.5734375 0.4359375 0.01640625 0.02421875
0 0.2734375 0.66875 0.02734375 0.0296875
0 0.590625 0.403125 0.01328125 0.0265625
0 0.43984375 0.6328125 0.0171875 0.028125
0 0.41328125 0.6453125 0.02109375 0.02578125
0 0.38671875 0.65703125 0.02109375 0.025
0 0.38359375 0.61875 0.02421875 0.028125
0 0.44140625 0.59453125 0.02109375 0.034375
0 0.41328125 0.6078125 0.0296875 0.028125
0 0.35546875 0.67578125 0.0375 0.02890625
0 0.31953125 0.69453125 0.028125 0.02578125
0 0.27734375 0.709375 0.03125 0.03515625
0 0.2359375 0.72890625 0.03828125 0.03203125
0 0.3546875 0.6359375 0.0328125 0.025
0 0.49453125 0.5453125 0.02890625 0.028125
0 0.55234375 0.47109375 0.01875 0.02578125
0 0.5890625 0.359375 0.01953125 0.03125
0 0.16328125 0.2859375 0.034375 0.0484375
0 0.31328125 0.346875 0.03125 0.04140625
0 0.06484375 0.41796875 0.0515625 0.04765625
0 0.12578125 0.4140625 0.04375 0.0453125
0 0.178125 0.40390625 0.0453125 0.04296875
0 0.23515625 0.3984375 0.0453125 0.0484375
0 0.2765625 0.3953125 0.03359375 0.040625
0 0.3140625 0.39140625 0.03359375 0.04453125
0 0.35234375 0.38671875 0.03359375 0.04140625
0 0.38125 0.384375 0.01953125 0.04140625
0 0.39921875 0.38203125 0.0140625 0.03671875
0 0.35625 0.2453125 0.0265625 0.07109375
0 0.32890625 0.24375 0.02421875 0.0765625
0 0.68046875 0.52890625 0.02265625 0.03125
0 0.65703125 0.54375 0.0140625 0.0296875
0 0.6390625 0.55078125 0.01640625 0.028125
0 0.621875 0.55546875 0.0125 0.02265625
0 0.603125 0.56328125 0.01328125 0.021875
0 0.13203125 0.28828125 0.034375 0.04453125
0 0.4671875 0.58671875 0.021875 0.02421875
0 0.49375 0.578125 0.02109375 0.02578125
0 0.51953125 0.56640625 0.015625 0.0234375
0 0.540625 0.55703125 0.01640625 0.02734375
0 0.46875 0.61953125 0.021875 0.0296875
0 0.2671875 0.3484375 0.04765625 0.04296875
0 0.51875 0.59921875 0.01953125 0.02578125
0 0.56171875 0.54765625 0.01796875 0.02265625
0 0.584375 0.5390625 0.01640625 0.02265625
0 0.603125 0.52890625 0.015625 0.02578125
0 0.65 0.51328125 0.025 0.02578125
0 0.5625 0.578125 0.0171875 0.0203125
0 0.58359375 0.5703125 0.01484375 0.0203125
0 0.540625 0.5890625 0.0203125 0.02734375
0 0.18046875 0.35390625 0.05859375 0.05234375
0 0.49296875 0.61015625 0.0203125 0.02578125
0 0.0578125 0.3625 0.05546875 0.0515625
0 0.56796875 0.14375 0.025 0.1078125
0 0.546875 0.13828125 0.01953125 0.10390625
0 0.5234375 0.13359375 0.02421875 0.10234375
0 0.49453125 0.125 0.02890625 0.109375
0 0.46953125 0.11796875 0.0234375 0.121875
0 0.44140625 0.109375 0.0296875 0.1296875
0 0.6359375 0.1515625 0.034375 0.090625
0 0.41171875 0.109375 0.03359375 0.12890625
0 0.3328125 0.09609375 0.0484375 0.13515625
0 0.296875 0.1 0.0234375 0.121875
0 0.22578125 0.075 0.0390625 0.1453125
0 0.17734375 0.0734375 0.05546875 0.1390625
0 0.1234375 0.07109375 0.05234375 0.1375
0 0.11953125 0.3609375 0.053125 0.0484375
0 0.378125 0.10390625 0.03828125 0.1234375
0 0.68359375 0.1578125 0.02578125 0.08125
0 0.265625 0.08515625 0.03671875 0.1375
0 0.03125 0.253125 0.05625 0.11875
0 0.70625 0.2640625 0.02109375 0.065625
0 0.60625 0.15234375 0.01953125 0.09140625
0 0.67109375 0.2640625 0.03203125 0.06328125
0 0.4921875 0.25703125 0.02421875 0.090625
0 0.47109375 0.25625 0.01953125 0.0875
0 0.446875 0.253125 0.02734375 0.09765625
0 0.60546875 0.25859375 0.0390625 0.075
0 0.1921875 0.2859375 0.01875 0.04609375
0 0.08359375 0.25234375 0.04375 0.12421875
0 0.1234375 0.2328125 0.02578125 0.06171875
0 0.41015625 0.2578125 0.04296875 0.09921875
0 0.15546875 0.23125 0.03125 0.059375
0 0.35546875 0.2921875 0.034375 0.0203125
0 0.23046875 0.25078125 0.05546875 0.0921875
0 0.296875 0.246875 0.0375 0.09296875