0 0.821875 0.23984375 0.0953125 0.02734375
0 0.93359375 0.2109375 0.10625 0.0796875
0 0.884375 0.146875 0.059375 0.04765625
0 0.9453125 0.0296875 0.05546875 0.05859375
0 0.80078125 0.1734375 0.06328125 0.10234375
0 0.72734375 0.190625 0.07890625 0.13671875
0 0.7328125 0.67734375 0.05078125 0.06484375
0 0.56015625 0.1875 0.065625 0.13515625
0 0.56640625 0.67265625 0.06953125 0.075
0 0.63359375 0.6703125 0.05703125 0.07421875
0 0.68359375 0.678125 0.04296875 0.0578125
0 0.89609375 0.03125 0.04609375 0.05859375
0 0.784375 0.67734375 0.05078125 0.06796875
0 0.8328125 0.67578125 0.0453125 0.071875
0 0.64296875 0.1765625 0.0859375 0.16328125
0 0.84921875 0.03125 0.04765625 0.059375
0 0.353125 0.034375 0.18515625 0.06328125
0 0.71640625 0.03359375 0.10546875 0.0578125
0 0.659375 0.7859375 0.07578125 0.06328125
0 0.51328125 0.78671875 0.11328125 0.06171875
0 0.40234375 0.7859375 0.1078125 0.059375
0 0.33046875 0.76796875 0.03671875 0.08515625
0 0.28984375 0.76796875 0.04375 0.08515625
0 0.25 0.76875 0.03671875 0.08359375
0 0.20859375 0.77109375 0.040625 0.0875
0 0.171875 0.77109375 0.03203125 0.08671875
0 0.13828125 0.7734375 0.03515625 0.09140625
0 0.103125 0.7765625 0.03359375 0.0859375
0 0.05234375 0.79296875 0.0578125 0.04140625
0 0.03671875 0.72265625 0.0703125 0.0609375
0 0.1109375 0.66328125 0.06171875 0.07421875
0 0.16875 0.66484375 0.05234375 0.07578125
0 0.225 0.665625 0.06015625 0.07578125
0 0.28515625 0.66484375 0.06015625 0.07578125
0 0.34921875 0.66484375 0.06328125 0.0765625
0 0.41171875 0.6671875 0.05625 0.08203125
0 0.4875 0.66953125 0.071875 0.0796875
0 0.72734375 0.78984375 0.059375 0.0703125
0 0.7921875 0.7546875 0.06328125 0.0640625
0 0.8625 0.75625 0.078125 0.06015625
0 0.9390625 0.76171875 0.07421875 0.0703125
0 0.60078125 0.034375 0.1234375 0.06171875
0 0.4921875 0.034375 0.09453125 0.0625
0 0.1765625 0.03359375 0.165625 0.065625
0 0.06796875 0.05390625 0.05 0.0234375
0 0.065625 0.02890625 0.0453125 0.02734375
0 0.05703125 0.87734375 0.071875 0.0703125
0 0.13125 0.87265625 0.071875 0.08515625
0 0.2109375 0.8734375 0.084375 0.08203125
0 0.35625 0.87578125 0.1109375 0.0859375
0 0.8015625 0.0328125 0.046875 0.05703125
0 0.43671875 0.8765625 0.05078125 0.08828125
0 0.5296875 0.87890625 0.04765625 0.09140625
0 0.58671875 0.878125 0.05078125 0.09140625
0 0.6328125 0.87734375 0.040625 0.08671875
0 0.678125 0.8765625 0.05078125 0.0890625
0 0.728125 0.87734375 0.04921875 0.08984375
0 0.778125 0.87890625 0.05 0.0875
0 0.8734375 0.878125 0.05546875 0.0859375
0 0.92265625 0.8796875 0.0421875 0.08828125
0 0.9640625 0.88046875 0.040625 0.0875
0 0.484375 0.87734375 0.04375 0.08828125
0 0.99140625 0.87578125 0.01640625 0.07578125
0 0.96015625 0.440625 0.0796875 0.1078125
0 0.9453125 0.653125 0.05859375 0.04296875
0 0.1546875 0.328125 0.06953125 0.0796875
0 0.08671875 0.31875 0.06171875 0.10234375
0 0.0265625 0.35 0.05078125 0.04296875
0 0.80078125 0.3234375 0.0578125 0.09375
0 0.85859375 0.32109375 0.05703125 0.0984375
0 0.915625 0.32109375 0.05703125 0.09921875
0 0.9734375 0.321875 0.05234375 0.0984375
0 0.6796875 0.44765625 0.06796875 0.10078125
0 0.609375 0.40859375 0.0578125 0.03671875
0 0.609375 0.46328125 0.05625 0.0703125
0 0.5515625 0.46328125 0.0515625 0.06875
0 0.55 0.40859375 0.05625 0.040625
0 0.4875 0.4421875 0.06484375 0.1078125
0 0.425 0.45625 0.0515625 0.075
0 0.2234375 0.33203125 0.065625 0.07265625
0 0.3578125 0.44296875 0.06796875 0.10546875
0 0.22578125 0.446875 0.0703125 0.08828125
0 0.16328125 0.45390625 0.04765625 0.078125
0 0.103125 0.45078125 0.05546875 0.08828125
0 0.03671875 0.41796875 0.06953125 0.04140625
0 0.03359375 0.459375 0.0640625 0.04453125
0 0.81328125 0.45546875 0.053125 0.0875
0 0.865625 0.4515625 0.03671875 0.08828125
0 0.984375 0.56484375 0.03125 0.10234375
0 0.9328125 0.57109375 0.071875 0.09375
0 0.06796875 0.00703125 0.05 0.01328125
0 0.8671875 0.57578125 0.05625 0.08515625
0 0.81015625 0.57265625 0.046875 0.090625
0 0.66171875 0.5640625 0.09375 0.11015625
0 0.8859375 0.64921875 0.0578125 0.03671875
0 0.29140625 0.4609375 0.053125 0.06484375
0 0.9453125 0.69375 0.059375 0.0375
0 0.278125 0.32265625 0.03359375 0.0921875
0 0.40390625 0.31875 0.07578125 0.10078125
0 0.98984375 0.68515625 0.0203125 0.05
0 0.03359375 0.6453125 0.06640625 0.0609375
0 0.03671875 0.559375 0.07265625 0.05234375
0 0.12265625 0.56015625 0.08828125 0.10234375
0 0.19296875 0.5609375 0.05078125 0.10390625
0 0.26171875 0.56015625 0.0875 0.10546875
0 0.33515625 0.5609375 0.059375 0.10703125
0 0.4046875 0.56171875 0.0796875 0.1046875
0 0.47109375 0.57109375 0.05 0.0921875
0 0.53671875 0.565625 0.059375 0.09765625
0 0.58828125 0.56171875 0.03828125 0.071875
0 0.471875 0.221875 0.08515625 0.06796875
0 0.47421875 0.1453125 0.09140625 0.07578125
0 0.38359375 0.15 0.084375 0.075
0 0.3296875 0.31875 0.07109375 0.10078125
0 0.38359375 0.221875 0.084375 0.06796875
0 0.29375 0.1609375 0.090625 0.04765625
0 0.47421875 0.32265625 0.053125 0.09140625
0 0.54375 0.31875 0.06015625 0.10234375
0 0.60546875 0.33125 0.05703125 0.06875
0 0.665625 0.33515625 0.0546875 0.07265625
0 0.7296875 0.31953125 0.06328125 0.1
0 0.61640625 0.2828125 0.06328125 0.02421875
0 0.29296875 0.1140625 0.09296875 0.04609375
0 0.215625 0.28046875 0.0515625 0.0265625
0 0.02890625 0.1828125 0.0578125 0.04453125
0 0.03203125 0.13515625 0.06015625 0.0453125
0 0.1109375 0.23359375 0.09375 0.04453125
0 0.20234375 0.23515625 0.090625 0.046875
0 0.19921875 0.18671875 0.09921875 0.04921875
0 0.29296875 0.221875 0.0859375 0.06875
0 0.0296875 0.2296875 0.05859375 0.046875
0 0.88671875 0.68828125 0.0578125 0.04296875