0 0.94375 0.8359375 0.046875 0.0984375
0 0.025 0.14140625 0.03203125 0.11328125
0 0.4328125 0.6234375 0.03515625 0.07109375
0 0.396875 0.62421875 0.02890625 0.075
0 0.36171875 0.625 0.040625 0.0734375
0 0.32265625 0.62421875 0.034375 0.06953125
0 0.24921875 0.63359375 0.1078125 0.0625
0 0.0421875 0.6296875 0.084375 0.06640625
0 0.04921875 0.5671875 0.04765625 0.021875
0 0.08984375 0.53359375 0.046875 0.02421875
0 0.1421875 0.5515625 0.05 0.02890625
0 0.2171875 0.55625 0.03203125 0.0328125
0 0.27734375 0.53203125 0.01484375 0.0375
0 0.303125 0.55234375 0.03125 0.04296875
0 0.521875 0.62890625 0.040625 0.05546875
0 0.33671875 0.55703125 0.03125 0.0328125
0 0.384375 0.55234375 0.021875 0.04140625
0 0.409375 0.54921875 0.0265625 0.03125
0 0.446875 0.55 0.04140625 0.04375
0 0.4890625 0.5484375 0.040625 0.04375
0 0.5265625 0.540625 0.0359375 0.05859375
0 0.56328125 0.5453125 0.03828125 0.04375
0 0.59921875 0.53515625 0.02734375 0.0421875
0 0.6390625 0.54140625 0.040625 0.04140625
0 0.68359375 0.58046875 0.0421875 0.1140625
0 0.73046875 0.578125 0.040625 0.10234375
0 0.7765625 0.57890625 0.0421875 0.10390625
0 0.8203125 0.5734375 0.040625 0.10078125
0 0.3640625 0.5515625 0.01953125 0.04296875
0 0.57265625 0.61640625 0.04296875 0.0640625
0 0.95 0.68359375 0.0328125 0.0875
0 0.91171875 0.70546875 0.0453125 0.1078125
0 0.9859375 0.840625 0.028125 0.08671875
0 0.89453125 0.8234375 0.028125 0.09921875
0 0.859375 0.82578125 0.0328125 0.10390625
0 0.8203125 0.81640625 0.01640625 0.0921875
0 0.784375 0.84140625 0.05625 0.10625
0 0.68828125 0.83671875 0.1109375 0.10234375
0 0.5921875 0.83046875 0.05625 0.06640625
0 0.52109375 0.86640625 0.075 0.09140625
0 0.4359375 0.875 0.078125 0.08828125
0 0.36875 0.8359375 0.046875 0.096875
0 0.3140625 0.85859375 0.05 0.11015625
0 0.22265625 0.86171875 0.07890625 0.1125
0 0.13515625 0.865625 0.0796875 0.11796875
0 0.0421875 0.8890625 0.08125 0.0890625
0 0.04296875 0.7546875 0.05078125 0.06171875
0 0.09609375 0.75234375 0.040625 0.0671875
0 0.171875 0.73671875 0.1125 0.08671875
0 0.2828125 0.7375 0.10859375 0.08359375
0 0.3765625 0.74609375 0.07734375 0.05546875
0 0.44921875 0.7109375 0.06875 0.0640625
0 0.53984375 0.68515625 0.09765625 0.0296875
0 0.54609375 0.73671875 0.1015625 0.05859375
0 0.6171875 0.715625 0.0296875 0.10234375
0 0.69453125 0.70703125 0.071875 0.11640625
0 0.7625 0.70078125 0.06015625 0.1125
0 0.82109375 0.70703125 0.04609375 0.10546875
0 0.86796875 0.7078125 0.03984375 0.10390625
0 0.86171875 0.571875 0.04140625 0.10078125
0 0.928125 0.57265625 0.04921875 0.11875
0 0.6234375 0.61796875 0.0546875 0.0609375
0 0.97890625 0.43125 0.0421875 0.08828125
0 0.440625 0.29765625 0.0421875 0.096875
0 0.49375 0.3015625 0.05859375 0.08984375
0 0.5375 0.3046875 0.0296875 0.0796875
0 0.57890625 0.3 0.04921875 0.10078125
0 0.63359375 0.30703125 0.0484375 0.08671875
0 0.6734375 0.328125 0.02578125 0.08984375
0 0.7265625 0.31484375 0.078125 0.1171875
0 0.81171875 0.32421875 0.08125 0.103125
0 0.92734375 0.32578125 0.0515625 0.103125
0 0.975 0.16328125 0.04921875 0.12578125
0 0.8671875 0.16171875 0.04921875 0.11484375
0 0.815625 0.15625 0.0546875 0.12109375
0 0.39375 0.29921875 0.05078125 0.08984375
0 0.75390625 0.1546875 0.0671875 0.11640625
0 0.63125 0.1546875 0.04453125 0.11328125
0 0.5703125 0.14453125 0.0734375 0.12890625
0 0.50625 0.159375 0.0328125 0.096875
0 0.4671875 0.16171875 0.04375 0.1
0 0.428125 0.1859375 0.034375 0.04140625
0 0.3828125 0.14609375 0.0515625 0.121875
0 0.31875 0.134375 0.075 0.1421875
0 0.24921875 0.13515625 0.0640625 0.14375
0 0.18671875 0.1359375 0.05703125 0.14140625
0 0.11796875 0.13671875 0.059375 0.1390625
0 0.9328125 0.4796875 0.02890625 0.02734375
0 0.06171875 0.13671875 0.0453125 0.12734375
0 0.6921875 0.15703125 0.05546875 0.1140625
0 0.34453125 0.30234375 0.04765625 0.08203125
0 0.92109375 0.15703125 0.05859375 0.12578125
0 0.30078125 0.3 0.04140625 0.0953125
0 0.9203125 0.44921875 0.04765625 0.02109375
0 0.8984375 0.4796875 0.03203125 0.03359375
0 0.81328125 0.4375 0.05546875 0.10546875
0 0.74375 0.43984375 0.06171875 0.109375
0 0.68046875 0.4453125 0.03046875 0.07421875
0 0.6453125 0.45 0.0328125 0.09765625
0 0.59921875 0.45 0.03828125 0.0890625
0 0.53203125 0.41875 0.090625 0.09765625
0 0.49453125 0.48359375 0.05859375 0.02421875
0 0.4265625 0.4796875 0.0484375 0.02734375
0 0.3703125 0.4515625 0.05078125 0.0921875
0 0.3234375 0.465625 0.03671875 0.0609375
0 0.28828125 0.45390625 0.0296875 0.0921875
0 0.246875 0.45234375 0.040625 0.0890625
0 0.421875 0.44921875 0.04140625 0.02265625
0 0.06640625 0.31640625 0.046875 0.05078125
0 0.03203125 0.484375 0.05859375 0.0296875
0 0.09375 0.48359375 0.0609375 0.0296875
0 0.1375 0.45625 0.021875 0.0921875
0 0.17578125 0.4015625 0.0453125 0.06796875
0 0.096875 0.4015625 0.053125 0.046875
0 0.02421875 0.3140625 0.03828125 0.0515625
0 0.25625 0.29375 0.04140625 0.09921875
0 0.11171875 0.31328125 0.02890625 0.0609375
0 0.2171875 0.30234375 0.028125 0.08515625
0 0.159375 0.30234375 0.06171875 0.0796875
0 0.20703125 0.46640625 0.0359375 0.05546875