0 0.54453125 0.725 0.03984375 0.08828125
0 0.50546875 0.72734375 0.0375 0.0875
0 0.4671875 0.73046875 0.03828125 0.0875
0 0.4265625 0.7390625 0.03828125 0.08984375
0 0.27734375 0.7578125 0.0375 0.08125
0 0.3484375 0.74375 0.03828125 0.0921875
0 0.3140625 0.74765625 0.02734375 0.0890625
0 0.58046875 0.721875 0.03125 0.08515625
0 0.23515625 0.7625 0.034375 0.0796875
0 0.3890625 0.740625 0.03515625 0.0921875
0 0.61484375 0.71953125 0.03671875 0.0890625
0 0.70546875 0.709375 0.02734375 0.0796875
0 0.9703125 0.70234375 0.02109375 0.0765625
0 0.65 0.715625 0.03046875 0.0859375
0 0.678125 0.7125 0.02578125 0.084375
0 0.7328125 0.7078125 0.02421875 0.0796875
0 0.7625 0.7140625 0.0328125 0.0609375
0 0.7875 0.7125 0.0109375 0.059375
0 0.94921875 0.703125 0.01640625 0.07578125
0 0.93125 0.70703125 0.01484375 0.071875
0 0.9109375 0.70859375 0.01484375 0.0734375
0 0.89609375 0.709375 0.0109375 0.075
0 0.87734375 0.71015625 0.02421875 0.07890625
0 0.990625 0.6984375 0.01640625 0.075
0 0.19765625 0.76640625 0.03671875 0.08203125
0 0.253125 0.88125 0.05703125 0.1171875
0 0.909375 0.81328125 0.11796875 0.0296875
0 0.4890625 0.384375 0.02890625 0.1046875
0 0.44765625 0.38515625 0.02890625 0.1015625
0 0.42265625 0.39296875 0.01484375 0.0890625
0 0.40625 0.39375 0.01640625 0.08828125
0 0.384375 0.3921875 0.01484375 0.08984375
0 0.36640625 0.3921875 0.01796875 0.0890625
0 0.34453125 0.3875 0.0171875 0.1015625
0 0.3203125 0.3859375 0.01328125 0.0859375
0 0.3046875 0.3859375 0.01484375 0.0859375
0 0.28046875 0.39140625 0.01875 0.1
0 0.253125 0.3859375 0.03203125 0.103125
0 0.15703125 0.77421875 0.04140625 0.0859375
0 0.053125 0.9171875 0.06640625 0.1109375
0 0.190625 0.89375 0.06328125 0.1140625
0 0.315625 0.8828125 0.06640625 0.1171875
0 0.38046875 0.875 0.0609375 0.103125
0 0.4390625 0.8703125 0.05546875 0.10625
0 0.49453125 0.85625 0.053125 0.11484375
0 0.5515625 0.853125 0.0578125 0.11171875
0 0.61015625 0.8484375 0.05625 0.10625
0 0.66328125 0.84140625 0.04921875 0.09921875
0 0.71015625 0.8375 0.04140625 0.0953125
0 0.7921875 0.8546875 0.11640625 0.0390625
0 0.909375 0.84453125 0.1140625 0.0296875
0 0.11875 0.9078125 0.06015625 0.1078125
0 0.0796875 0.70390625 0.07890625 0.15
0 0.90625 0.47734375 0.03203125 0.103125
0 0.18828125 0.65390625 0.04140625 0.075
0 0.73828125 0.48984375 0.028125 0.0875
0 0.6265625 0.53203125 0.01328125 0.034375
0 0.6796875 0.48984375 0.08203125 0.0875
0 0.62890625 0.49453125 0.015625 0.0390625
0 0.6109375 0.53203125 0.01640625 0.0375
0 0.55625 0.5046875 0.025 0.1109375
0 0.5265625 0.50546875 0.03203125 0.11015625
0 0.48984375 0.509375 0.03671875 0.1125
0 0.4359375 0.50234375 0.02265625 0.096875
0 0.40390625 0.5125 0.03984375 0.1171875
0 0.36015625 0.5171875 0.03984375 0.1171875
0 0.32109375 0.5109375 0.03203125 0.10625
0 0.28359375 0.515625 0.03671875 0.11328125
0 0.23359375 0.5140625 0.02890625 0.109375
0 0.190625 0.53125 0.04296875 0.10390625
0 0.14453125 0.51640625 0.03671875 0.11640625
0 0.07109375 0.4984375 0.08984375 0.159375
0 0.06171875 0.39453125 0.03046875 0.021875
0 0.12734375 0.3859375 0.01171875 0.0890625
0 0.14140625 0.384375 0.0125 0.0890625
0 0.15234375 0.3859375 0.0109375 0.0875
0 0.1640625 0.38515625 0.01171875 0.084375
0 0.17890625 0.3828125 0.0125 0.11875
0 0.2015625 0.38828125 0.02578125 0.103125
0 0.225 0.3828125 0.01640625 0.10625
0 0.76875 0.47890625 0.02734375 0.084375
0 0.14375 0.6578125 0.04453125 0.075
0 0.8125 0.47421875 0.01953125 0.09375
0 0.5390625 0.3921875 0.03125 0.1140625
0 0.23125 0.6515625 0.03984375 0.07421875
0 0.27421875 0.63203125 0.03671875 0.0984375
0 0.31484375 0.63125 0.04140625 0.09921875
0 0.35390625 0.63984375 0.03984375 0.07109375
0 0.396875 0.63515625 0.03828125 0.08125
0 0.43671875 0.63359375 0.03828125 0.078125
0 0.51953125 0.653125 0.11875 0.0296875
0 0.6359375 0.64453125 0.1125 0.0296875
0 0.70625 0.6 0.02265625 0.09140625
0 0.73671875 0.6171875 0.0390625 0.059375
0 0.7625 0.59609375 0.0109375 0.065625
0 0.77890625 0.6015625 0.01796875 0.0765625
0 0.82109375 0.5984375 0.01796875 0.08046875
0 0.84921875 0.59921875 0.025 0.084375
0 0.8703125 0.596875 0.0140625 0.0828125
0 0.8921875 0.5984375 0.015625 0.078125
0 0.90703125 0.596875 0.015625 0.078125
0 0.92421875 0.59375 0.01640625 0.08359375
0 0.940625 0.5921875 0.01640625 0.08359375
0 0.9578125 0.5890625 0.0140625 0.0796875
0 0.97421875 0.59609375 0.01171875 0.075
0 0.98984375 0.5953125 0.015625 0.075
0 0.97578125 0.471875 0.02421875 0.09375
0 0.95703125 0.475 0.0125 0.09921875
0 0.93671875 0.47734375 0.025 0.103125
0 0.8390625 0.475 0.03203125 0.090625
0 0.57421875 0.38359375 0.02890625 0.0984375
0 0.14765625 0.04921875 0.06328125 0.0984375
0 0.625 0.38359375 0.0328125 0.0984375
0 0.18046875 0.2046875 0.046875 0.09375
0 0.12890625 0.20234375 0.04921875 0.096875
0 0.04921875 0.2609375 0.09453125 0.18203125
0 0.021875 0.046875 0.040625 0.0921875
0 0.0796875 0.0484375 0.0703125 0.0953125
0 0.20859375 0.0515625 0.05859375 0.103125
0 0.271875 0.05234375 0.06328125 0.1046875
0 0.3453125 0.07265625 0.08046875 0.071875
0 0.22421875 0.20859375 0.03515625 0.08359375
0 0.41640625 0.05546875 0.05625 0.1109375
0 0.53671875 0.090625 0.07421875 0.05703125
0 0.61171875 0.06015625 0.07578125 0.1203125
0 0.68125 0.0625 0.0609375 0.12265625
0 0.7453125 0.06328125 0.06328125 0.125
0 0.83515625 0.0296875 0.03984375 0.0578125
0 0.9296875 0.0328125 0.05 0.0640625
0 0.8796875 0.03046875 0.04609375 0.0578125
0 0.59921875 0.38359375 0.01875 0.0984375
0 0.471875 0.075 0.05078125 0.075
0 0.2796875 0.2015625 0.06953125 0.09921875
0 0.79609375 0.071875 0.03828125 0.10859375
0 0.4515625 0.203125 0.075 0.09453125
0 0.3640625 0.20078125 0.0953125 0.1046875
0 0.75390625 0.3546875 0.03671875 0.0984375
0 0.69375 0.38359375 0.07734375 0.0921875
0 0.85625 0.365625 0.0140625 0.0875
0 0.87109375 0.36640625 0.01171875 0.0875
0 0.89140625 0.3609375 0.02734375 0.0953125
0 0.92734375 0.35390625 0.04140625 0.0984375
0 0.984375 0.35859375 0.03125 0.10625
0 0.975 0.22421875 0.04140625 0.1125
0 0.81328125 0.353125 0.04609375 0.1078125
0 0.8984375 0.21953125 0.021875 0.1
0 0.86640625 0.2171875 0.03828125 0.109375
0 0.825 0.21484375 0.03046875 0.10625
0 0.79453125 0.209375 0.02734375 0.09296875
0 0.75078125 0.2203125 0.05703125 0.06796875
0 0.6890625 0.215625 0.0609375 0.0765625
0 0.6140625 0.215625 0.0703125 0.08046875
0 0.93125 0.225 0.03984375 0.109375
0 0.53125 0.2140625 0.07890625 0.08125