0 0.0875 0.27109375 0.12578125 0.0703125
0 0.39921875 0.2625 0.053125 0.078125
0 0.20234375 0.2515625 0.0953125 0.10859375
0 0.290625 0.265625 0.06171875 0.07421875
0 0.346875 0.2640625 0.0453125 0.07734375
0 0.08203125 0.22265625 0.1125 0.021875
0 0.8515625 0.2390625 0.04296875 0.0703125
0 0.515625 0.2640625 0.05546875 0.07421875
0 0.57109375 0.2609375 0.05 0.08203125
0 0.6296875 0.26796875 0.05390625 0.0625
0 0.7140625 0.26953125 0.09140625 0.0578125
0 0.734375 0.19453125 0.0828125 0.0796875
0 0.8046875 0.25234375 0.04609375 0.0921875
0 0.95234375 0.078125 0.09453125 0.10078125
0 0.89296875 0.2375 0.03359375 0.07109375
0 0.4578125 0.2609375 0.05234375 0.08125
0 0.86171875 0.11640625 0.075 0.02265625
0 0.328125 0.09296875 0.05625 0.08984375
0 0.73828125 0.09921875 0.04609375 0.05625
0 0.9375 0.2375 0.046875 0.0734375
0 0.81328125 0.828125 0.0515625 0.12578125
0 0.89140625 0.77734375 0.09140625 0.0296875
0 0.8890625 0.82578125 0.090625 0.05625
0 0.9703125 0.81796875 0.059375 0.05859375
0 0.0375 0.08828125 0.05078125 0.1078125
0 0.11484375 0.10546875 0.05625 0.07578125
0 0.1625 0.10859375 0.03203125 0.06015625
0 0.2078125 0.09765625 0.0546875 0.08515625
0 0.27109375 0.09921875 0.04921875 0.07421875
0 0.38828125 0.09140625 0.0578125 0.08671875
0 0.44375 0.10859375 0.04375 0.05390625
0 0.4890625 0.1046875 0.04296875 0.05625
0 0.5375 0.10390625 0.0453125 0.0578125
0 0.5859375 0.1078125 0.04375 0.04609375
0 0.6328125 0.1078125 0.0421875 0.0484375
0 0.6859375 0.09921875 0.0515625 0.06015625
0 0.79296875 0.09921875 0.0546875 0.05859375
0 0.98046875 0.23515625 0.034375 0.0703125
0 0.26953125 0.37578125 0.05625 0.07734375
0 0.10390625 0.38671875 0.06953125 0.10546875
0 0.3984375 0.61640625 0.02578125 0.04453125
0 0.37109375 0.61640625 0.02578125 0.04453125
0 0.34453125 0.6171875 0.021875 0.04375
0 0.3171875 0.61640625 0.025 0.046875
0 0.2875 0.6171875 0.02734375 0.0484375
0 0.23359375 0.6140625 0.02734375 0.046875
0 0.20625 0.6140625 0.02578125 0.046875
0 0.13046875 0.6765625 0.0828125 0.10546875
0 0.0390625 0.6703125 0.075 0.08984375
0 0.97421875 0.528125 0.0515625 0.10625
0 0.915625 0.5234375 0.0625 0.11328125
0 0.85546875 0.53203125 0.04765625 0.09609375
0 0.7953125 0.47421875 0.06796875 0.07734375
0 0.68671875 0.48515625 0.0609375 0.090625
0 0.61484375 0.5109375 0.06171875 0.07734375
0 0.428125 0.61640625 0.02890625 0.04453125
0 0.45859375 0.61953125 0.02421875 0.04140625
0 0.4875 0.61875 0.0265625 0.0421875
0 0.5140625 0.61953125 0.02421875 0.04140625
0 0.76875 0.61953125 0.0296875 0.04609375
0 0.871875 0.6875 0.05625 0.10390625
0 0.97734375 0.67109375 0.0453125 0.1359375
0 0.19765625 0.70859375 0.02265625 0.0484375
0 0.225 0.709375 0.025 0.04921875
0 0.2671875 0.7078125 0.0484375 0.04453125
0 0.3296875 0.69296875 0.06640625 0.06875
0 0.54453125 0.54296875 0.07421875 0.03515625
0 0.39921875 0.69609375 0.0671875 0.071875
0 0.7359375 0.61875 0.02578125 0.0453125
0 0.71171875 0.61875 0.01953125 0.0453125
0 0.65546875 0.61875 0.03046875 0.04453125
0 0.62578125 0.6203125 0.025 0.04140625
0 0.5984375 0.61953125 0.0234375 0.04140625
0 0.5703125 0.61875 0.02421875 0.046875
0 0.54453125 0.6203125 0.021875 0.01796875
0 0.47109375 0.696875 0.05859375 0.02578125
0 0.47421875 0.5453125 0.059375 0.03125
0 0.4953125 0.475 0.0578125 0.07890625
0 0.41484375 0.5203125 0.040625 0.08046875
0 0.69453125 0.8390625 0.0609375 0.11328125
0 0.75625 0.82421875 0.05703125 0.12890625
0 0.284375 0.51796875 0.034375 0.07578125
0 0.18125 0.50859375 0.05 0.10234375
0 0.11328125 0.540625 0.06796875 0.0671875
0 0.0453125 0.51640625 0.0625 0.11328125
0 0.96171875 0.378125 0.0765625 0.06953125
0 0.6328125 0.7875 0.04765625 0.0578125
0 0.875 0.37890625 0.0859375 0.06953125
0 0.590625 0.37109375 0.0921875 0.08671875
0 0.4984375 0.37421875 0.0796875 0.07890625
0 0.4296875 0.3734375 0.03984375 0.08125
0 0.38671875 0.37578125 0.0390625 0.07578125
0 0.32890625 0.375 0.05 0.08046875
0 0.21953125 0.37734375 0.03828125 0.078125
0 0.171875 0.37890625 0.04765625 0.07578125
0 0.69609375 0.37265625 0.09921875 0.084375
0 0.02734375 0.4 0.0546875 0.075
0 0.5859375 0.809375 0.0375 0.10390625
0 0.503125 0.83359375 0.034375 0.1046875
0 0.37109375 0.5234375 0.0390625 0.07421875
0 0.328125 0.52265625 0.04375 0.075
0 0.4734375 0.6703125 0.0453125 0.0171875
0 0.5546875 0.70546875 0.0359375 0.0578125
0 0.59375 0.709375 0.03828125 0.05859375
0 0.634375 0.709375 0.0359375 0.05859375
0 0.6796875 0.7109375 0.04375 0.046875
0 0.5421875 0.790625 0.03203125 0.0671875
0 0.7234375 0.696875 0.03671875 0.040625
0 0.15 0.82578125 0.0890625 0.11484375
0 0.22734375 0.80546875 0.04140625 0.09765625
0 0.2765625 0.83125 0.03984375 0.1046875
0 0.33359375 0.790625 0.03828125 0.08203125
0 0.3875 0.84296875 0.03828125 0.084375
0 0.428125 0.84375 0.03984375 0.08359375
0 0.46796875 0.840625 0.03359375 0.10078125
0 0.0390625 0.81015625 0.07734375 0.11328125
0 0.23828125 0.5234375 0.053125 0.075