0 0.1734375 0.79765625 0.05390625 0.0796875
0 0.66875 0.6234375 0.034375 0.1171875
0 0.70078125 0.6234375 0.03046875 0.11953125
0 0.75 0.62109375 0.06484375 0.12734375
0 0.8015625 0.6234375 0.0390625 0.115625
0 0.84296875 0.62421875 0.04140625 0.11484375
0 0.88671875 0.621875 0.04453125 0.115625
0 0.93515625 0.62421875 0.0515625 0.11171875
0 0.6328125 0.6203125 0.0359375 0.12421875
0 0.9421875 0.4765625 0.03671875 0.11328125
0 0.85 0.46484375 0.05703125 0.14140625
0 0.78828125 0.48515625 0.05546875 0.09453125
0 0.4890625 0.32109375 0.04296875 0.03046875
0 0.553125 0.31640625 0.05625 0.12890625
0 0.61171875 0.315625 0.05703125 0.1296875
0 0.6703125 0.31328125 0.05625 0.13125
0 0.184375 0.690625 0.02578125 0.07734375
0 0.9015625 0.4640625 0.04375 0.1390625
0 0.221875 0.675 0.028125 0.10546875
0 0.5984375 0.62578125 0.03359375 0.11015625
0 0.53828125 0.63984375 0.028125 0.0875
0 0.1140625 0.6890625 0.02421875 0.08125
0 0.13828125 0.68984375 0.0234375 0.07890625
0 0.16015625 0.69140625 0.02109375 0.0765625
0 0.64375 0.77890625 0.02109375 0.10859375
0 0.62109375 0.77421875 0.0234375 0.121875
0 0.59609375 0.77421875 0.02734375 0.12265625
0 0.5484375 0.76875 0.02734375 0.12421875
0 0.5671875 0.63984375 0.02890625 0.08671875
0 0.5140625 0.7921875 0.021875 0.0703125
0 0.459375 0.7921875 0.0171875 0.06953125
0 0.4328125 0.79140625 0.01796875 0.07265625
0 0.39765625 0.675 0.02734375 0.103125
0 0.43046875 0.67265625 0.02578125 0.10390625
0 0.4578125 0.6734375 0.028125 0.10234375
0 0.48515625 0.67265625 0.02578125 0.1015625
0 0.5109375 0.671875 0.0234375 0.09296875
0 0.4875 0.79453125 0.02265625 0.06953125
0 0.22421875 0.79609375 0.04453125 0.084375
0 0.225 0.5625 0.034375 0.08515625
0 0.16953125 0.578125 0.06484375 0.05625
0 0.42890625 0.56015625 0.059375 0.08671875
0 0.490625 0.56328125 0.0640625 0.09140625
0 0.54375 0.4734375 0.03125 0.12109375
0 0.584375 0.4375 0.05 0.0390625
0 0.584375 0.496875 0.0375 0.0765625
0 0.6375 0.4625 0.05078125 0.14140625
0 0.684375 0.4875 0.0421875 0.09140625
0 0.43203125 0.40703125 0.059375 0.08203125
0 0.7859375 0.31328125 0.05625 0.13125
0 0.87109375 0.31171875 0.05 0.128125
0 0.91875 0.32421875 0.04453125 0.09765625
0 0.9734375 0.3234375 0.05234375 0.09921875
0 0.971875 0.1796875 0.04296875 0.1015625
0 0.934375 0.1828125 0.0328125 0.09375
0 0.89609375 0.18125 0.04453125 0.09609375
0 0.8546875 0.17890625 0.03828125 0.10078125
0 0.8296875 0.32265625 0.03125 0.10703125
0 0.728125 0.3140625 0.05859375 0.13046875
0 0.4921875 0.40703125 0.06015625 0.08203125
0 0.02109375 0.0890625 0.0421875 0.0859375
0 0.16953125 0.521875 0.06640625 0.05703125
0 0.10390625 0.5640625 0.0609375 0.0828125
0 0.03671875 0.56875 0.06953125 0.0734375
0 0.0375 0.40234375 0.065625 0.08359375
0 0.14296875 0.403125 0.07265625 0.0859375
0 0.21328125 0.40390625 0.05703125 0.08984375
0 0.2078125 0.2890625 0.05859375 0.08203125
0 0.4015625 0.29140625 0.053125 0.0796875
0 0.14375 0.2875 0.07109375 0.0859375
0 0.0203125 0.284375 0.03984375 0.08203125
0 0.02265625 0.17578125 0.0453125 0.0859375
0 0.08046875 0.178125 0.06796875 0.0875
0 0.153125 0.1796875 0.06796875 0.08671875
0 0.20859375 0.18046875 0.04375 0.08515625
0 0.19375 0.10703125 0.0671875 0.0546875
0 0.07265625 0.084375 0.0609375 0.09453125
0 0.07421875 0.28515625 0.06796875 0.08125
0 0.8140625 0.1765625 0.04453125 0.1046875
0 0.734375 0.46640625 0.05 0.13203125
0 0.0625 0.80859375 0.06953125 0.065625
0 0.69453125 0.77421875 0.028125 0.103125
0 0.721875 0.7796875 0.02421875 0.109375
0 0.7453125 0.775 0.02265625 0.1015625
0 0.76796875 0.77421875 0.02265625 0.10390625
0 0.79296875 0.77421875 0.02578125 0.103125
0 0.81875 0.77421875 0.025 0.103125
0 0.84765625 0.771875 0.0296875 0.10546875
0 0.878125 0.765625 0.03125 0.1125
0 0.9125 0.771875 0.03203125 0.1078125
0 0.94609375 0.76953125 0.03125 0.11015625
0 0.9359375 0.89375 0.02265625 0.06015625
0 0.97734375 0.76953125 0.0296875 0.11015625
0 0.96328125 0.88828125 0.01875 0.0765625
0 0.98203125 0.8875 0.01875 0.075
0 0.42421875 0.1828125 0.04140625 0.09375
0 0.465625 0.19453125 0.0390625 0.06875
0 0.5046875 0.178125 0.0390625 0.10078125
0 0.54921875 0.16484375 0.04921875 0.128125
0 0.59609375 0.18984375 0.03984375 0.0859375
0 0.63515625 0.12578125 0.04140625 0.02890625
0 0.7609375 0.184375 0.03984375 0.096875
0 0.72265625 0.18984375 0.03671875 0.08515625
0 0.12265625 0.8 0.0484375 0.08359375
0 0.90859375 0.88984375 0.01875 0.05859375
0 0.88359375 0.88984375 0.02109375 0.05859375
0 0.8609375 0.89453125 0.01953125 0.06484375
0 0.05390625 0.91328125 0.06796875 0.07734375
0 0.12734375 0.9109375 0.06015625 0.0765625
0 0.18984375 0.9125 0.0625 0.0796875
0 0.440625 0.903125 0.08125 0.07421875
0 0.54921875 0.9015625 0.05 0.078125
0 0.59765625 0.9 0.0484375 0.0796875
0 0.64765625 0.9 0.0484375 0.078125
0 0.696875 0.89921875 0.04765625 0.078125
0 0.92109375 0.03828125 0.02734375 0.02734375
0 0.8953125 0.02265625 0.02421875 0.04375
0 0.8578125 0.0328125 0.04140625 0.0359375
0 0.96171875 0.04140625 0.05390625 0.02421875
0 0.8203125 0.02578125 0.03046875 0.04921875
0 0.7875 0.03125 0.034375 0.0375
0 0.75625 0.025 0.02421875 0.04140625
0 0.71875 0.02734375 0.0484375 0.04140625
0 0.659375 0.03203125 0.06796875 0.046875
0 0.59296875 0.02890625 0.05078125 0.0328125
0 0.54765625 0.03125 0.040625 0.0390625
0 0.74765625 0.89765625 0.0484375 0.0765625
0 0.66640625 0.778125 0.02421875 0.10546875
0 0.790625 0.9 0.0359375 0.06875
0 0.8296875 0.89375 0.0328125 0.06796875
0 0.68359375 0.1890625 0.04140625 0.084375
0 0.64140625 0.18828125 0.04296875 0.08828125