0 0.03203125 0.5015625 0.0640625 0.03125
0 0.03359375 0.53984375 0.0671875 0.0453125
0 0.1359375 0.5125 0.1296875 0.03671875
0 0.26875 0.51328125 0.13203125 0.03515625
0 0.4015625 0.55078125 0.13046875 0.03359375
0 0.1296875 0.45390625 0.13203125 0.03671875
0 0.4 0.640625 0.128125 0.03203125
0 0.40546875 0.51484375 0.1328125 0.03671875
0 0.1359375 0.5484375 0.13359375 0.03359375
0 0.26875 0.55 0.13046875 0.03359375
0 0.13203125 0.41640625 0.13203125 0.0359375
0 0.4 0.60625 0.1296875 0.034375
0 0.27421875 0.69375 0.12734375 0.03515625
0 0.271875 0.63984375 0.125 0.03359375
0 0.1390625 0.6390625 0.13203125 0.0328125
0 0.03515625 0.596875 0.0703125 0.028125
0 0.4046875 0.6953125 0.1234375 0.0328125
0 0.396875 0.73125 0.12578125 0.03046875
0 0.26953125 0.72890625 0.12578125 0.03046875
0 0.63203125 0.325 0.009375 0.0734375
0 0.6203125 0.325 0.009375 0.0734375
0 0.60703125 0.32578125 0.0140625 0.06953125
0 0.55 0.3359375 0.0140625 0.06953125
0 0.5671875 0.33125 0.0140625 0.06953125
0 0.03515625 0.634375 0.06953125 0.04140625
0 0.2671875 0.6046875 0.121875 0.03359375
0 0.1390625 0.60546875 0.13046875 0.03125
0 0.746875 0.43125 0.009375 0.0640625
0 0.40703125 0.41796875 0.13984375 0.0359375
0 0.66796875 0.11484375 0.009375 0.0796875
0 0.65546875 0.115625 0.009375 0.0796875
0 0.61328125 0.1171875 0.0109375 0.08203125
0 0.60078125 0.11484375 0.0109375 0.08203125
0 0.55625 0.11640625 0.01015625 0.084375
0 0.53984375 0.1171875 0.01015625 0.084375
0 0.51171875 0.11640625 0.009375 0.08203125
0 0.50078125 0.11875 0.009375 0.08203125
0 0.746875 0.2234375 0.0140625 0.07734375
0 0.7296875 0.221875 0.0140625 0.07734375
0 0.71328125 0.22109375 0.01796875 0.0765625
0 0.6859375 0.215625 0.01796875 0.0765625
0 0.665625 0.21875 0.01796875 0.0765625
0 0.64609375 0.21796875 0.0171875 0.0765625
0 0.62265625 0.21640625 0.025 0.078125
0 0.578125 0.21640625 0.021875 0.0796875
0 0.553125 0.215625 0.021875 0.08046875
0 0.5296875 0.2140625 0.01171875 0.075
0 0.509375 0.215625 0.01640625 0.0734375
0 0.40625 0.20703125 0.14375 0.04140625
0 0.4046875 0.25 0.14296875 0.040625
0 0.26328125 0.2515625 0.13125 0.040625
0 0.2609375 0.21015625 0.1390625 0.040625
0 0.11796875 0.25078125 0.14765625 0.03828125
0 0.1125 0.20703125 0.146875 0.04453125
0 0.75390625 0.11953125 0.0125 0.075
0 0.690625 0.11875 0.009375 0.0796875
0 0.70234375 0.11796875 0.01015625 0.0796875
0 0.64140625 0.1171875 0.01484375 0.07890625
0 0.71328125 0.11796875 0.01015625 0.0796875
0 0.778125 0.11796875 0.009375 0.07578125
0 0.7640625 0.43125 0.0125 0.06875
0 0.78203125 0.43203125 0.01640625 0.0703125
0 0.503125 0.52421875 0.0140625 0.06328125
0 0.5171875 0.52421875 0.0125 0.065625
0 0.53046875 0.52421875 0.0125 0.065625
0 0.54765625 0.525 0.01171875 0.06484375
0 0.56484375 0.52578125 0.01171875 0.065625
0 0.58671875 0.525 0.015625 0.07734375
0 0.60390625 0.53125 0.0109375 0.0546875
0 0.615625 0.53125 0.009375 0.0578125
0 0.62578125 0.5296875 0.009375 0.0578125
0 0.64140625 0.52734375 0.0109375 0.06171875
0 0.6546875 0.528125 0.01015625 0.06171875
0 0.6703125 0.52734375 0.0109375 0.06171875
0 0.70390625 0.525 0.009375 0.06171875
0 0.71484375 0.52578125 0.009375 0.06171875
0 0.72734375 0.5265625 0.009375 0.06171875
0 0.528125 0.334375 0.009375 0.071875
0 0.51640625 0.3359375 0.009375 0.071875
0 0.5015625 0.33671875 0.01328125 0.06640625
0 0.396875 0.35703125 0.1375 0.0375
0 0.4 0.31640625 0.13828125 0.0375
0 0.26328125 0.315625 0.12421875 0.03828125
0 0.2640625 0.3546875 0.13046875 0.03671875
0 0.125 0.35390625 0.146875 0.0359375
0 0.1265625 0.3140625 0.14140625 0.03984375
0 0.78984375 0.11953125 0.009375 0.07578125
0 0.7671875 0.11875 0.009375 0.07578125
0 0.58671875 0.11640625 0.01640625 0.08046875
0 0.528125 0.1171875 0.01171875 0.08359375
0 0.4875 0.1171875 0.0109375 0.08203125
0 0.54453125 0.7015625 0.0140625 0.0625
0 0.57890625 0.7015625 0.0140625 0.0625
0 0.59765625 0.70234375 0.0140625 0.0625
0 0.621875 0.70078125 0.0140625 0.0625
0 0.64140625 0.70234375 0.0140625 0.0625
0 0.67734375 0.70234375 0.0140625 0.0625
0 0.69140625 0.703125 0.009375 0.06484375
0 0.70390625 0.70390625 0.009375 0.06484375
0 0.7203125 0.7015625 0.0140625 0.0609375
0 0.73515625 0.43125 0.009375 0.0640625
0 0.03828125 0.696875 0.0765625 0.03125
0 0.0359375 0.72890625 0.07109375 0.03203125
0 0.1390625 0.7296875 0.1296875 0.0328125
0 0.14453125 0.69609375 0.12578125 0.03203125
0 0.86875 0.371875 0.10625 0.06640625
0 0.575 0.42578125 0.01484375 0.065625
0 0.55625 0.4296875 0.01484375 0.065625
0 0.534375 0.4296875 0.0203125 0.0609375
0 0.5140625 0.43125 0.01328125 0.05625
0 0.7984375 0.33125 0.0109375 0.06953125
0 0.775 0.33359375 0.0109375 0.06953125
0 0.753125 0.33359375 0.009375 0.06953125
0 0.7421875 0.334375 0.009375 0.06953125
0 0.72734375 0.33359375 0.0140625 0.06875
0 0.665625 0.33125 0.01484375 0.0734375
0 0.65 0.33125 0.01484375 0.0734375
0 0.88984375 0.5046875 0.16484375 0.1203125
0 0.525 0.7015625 0.0140625 0.0625
0 0.49609375 0.69921875 0.01015625 0.06171875
0 0.48046875 0.7 0.01015625 0.06171875
0 0.75390625 0.61171875 0.0140625 0.0625
0 0.39375 0.1390625 0.14296875 0.03984375
0 0.396875 0.09453125 0.14765625 0.04375
0 0.24609375 0.0953125 0.14453125 0.04140625
0 0.24765625 0.13828125 0.14140625 0.03828125
0 0.10234375 0.1375 0.14375 0.0375
0 0.09921875 0.0953125 0.1484375 0.04296875
0 0.721875 0.4328125 0.0140625 0.0625
0 0.70546875 0.42890625 0.01484375 0.071875
0 0.68984375 0.4296875 0.0125 0.07421875
0 0.665625 0.43125 0.021875 0.078125
0 0.6375 0.4296875 0.02890625 0.07578125
0 0.7484375 0.525 0.009375 0.06171875
0 0.76640625 0.52734375 0.01171875 0.0609375
0 0.40546875 0.4546875 0.134375 0.034375
0 0.48828125 0.61328125 0.0125 0.06171875
0 0.53046875 0.6125 0.0140625 0.05546875
0 0.55 0.6140625 0.015625 0.05859375
0 0.58125 0.6140625 0.01875 0.06328125
0 0.6 0.6125 0.0109375 0.06328125
0 0.6125 0.61171875 0.009375 0.06640625
0 0.62734375 0.61328125 0.009375 0.06640625
0 0.640625 0.6140625 0.0125 0.06640625
0 0.65546875 0.61328125 0.0125 0.06640625
0 0.6953125 0.61484375 0.009375 0.06328125
0 0.70625 0.61484375 0.009375 0.06328125
0 0.71796875 0.6140625 0.009375 0.06328125
0 0.73203125 0.6171875 0.009375 0.06328125
0 0.76953125 0.6125 0.0109375 0.0640625
0 0.50703125 0.6125 0.01484375 0.06015625
0 0.73828125 0.70234375 0.0140625 0.06171875
0 0.2671875 0.41796875 0.13203125 0.03671875
0 0.2671875 0.45390625 0.134375 0.034375