0 0.21171875 0.47265625 0.0203125 0.11015625
0 0.83984375 0.30546875 0.015625 0.1109375
0 0.1671875 0.471875 0.0296875 0.11640625
0 0.53828125 0.8109375 0.01640625 0.0984375
0 0.5609375 0.8125 0.0171875 0.10234375
0 0.58515625 0.81328125 0.01640625 0.1015625
0 0.6296875 0.81875 0.0203125 0.10078125
0 0.47734375 0.80625 0.02421875 0.10390625
0 0.921875 0.84296875 0.12734375 0.02578125
0 0.09921875 0.47734375 0.0234375 0.1109375
0 0.0359375 0.47578125 0.01484375 0.10546875
0 0.01015625 0.4640625 0.0203125 0.12578125
0 0.921875 0.296875 0.0375 0.103125
0 0.8796875 0.28671875 0.02578125 0.10234375
0 0.60625 0.81640625 0.0140625 0.0984375
0 0.0546875 0.47421875 0.015625 0.103125
0 0.1546875 0.7921875 0.00859375 0.1046875
0 0.43359375 0.803125 0.01484375 0.10234375
0 0.821875 0.30625 0.01328125 0.11171875
0 0.02578125 0.7859375 0.01015625 0.10625
0 0.03984375 0.7859375 0.01015625 0.10625
0 0.053125 0.78828125 0.01015625 0.10546875
0 0.109375 0.7875 0.01015625 0.10546875
0 0.1203125 0.7921875 0.01015625 0.10625
0 0.13359375 0.79140625 0.01015625 0.10625
0 0.14453125 0.79140625 0.00859375 0.1046875
0 0.2375 0.80390625 0.02265625 0.10078125
0 0.26171875 0.80390625 0.0171875 0.103125
0 0.28515625 0.80625 0.015625 0.1015625
0 0.303125 0.80625 0.01171875 0.096875
0 0.32734375 0.80859375 0.021875 0.1046875
0 0.38671875 0.80390625 0.01953125 0.10625
0 0.41171875 0.80078125 0.015625 0.10078125
0 0.4546875 0.80390625 0.01328125 0.103125
0 0.76015625 0.31015625 0.01328125 0.1015625
0 0.6703125 0.48046875 0.0109375 0.1046875
0 0.71171875 0.31640625 0.01171875 0.1046875
0 0.13671875 0.97109375 0.0125 0.0578125
0 0.1515625 0.97109375 0.0125 0.0578125
0 0.2171875 0.96640625 0.02421875 0.065625
0 0.015625 0.78515625 0.01015625 0.10546875
0 0.23984375 0.96796875 0.01875 0.0640625
0 0.70546875 0.48125 0.0125 0.10625
0 0.72421875 0.48046875 0.0125 0.10546875
0 0.75859375 0.48125 0.01640625 0.10625
0 0.7765625 0.47890625 0.01171875 0.10625
0 0.8171875 0.4859375 0.040625 0.11796875
0 0.86484375 0.42265625 0.02890625 0.1171875
0 0.928125 0.41796875 0.02578125 0.11796875
0 0.2625 0.96796875 0.01875 0.0640625
0 0.284375 0.96796875 0.01953125 0.0640625
0 0.30546875 0.96796875 0.01875 0.0640625
0 0.1234375 0.97109375 0.01171875 0.0578125
0 0.746875 0.3109375 0.009375 0.10234375
0 0.11015625 0.97109375 0.0125 0.0578125
0 0.04765625 0.96171875 0.0125 0.07265625
0 0.696875 0.31640625 0.01171875 0.1046875
0 0.65625 0.29296875 0.01328125 0.1078125
0 0.640625 0.2921875 0.0140625 0.11171875
0 0.59375 0.29375 0.01328125 0.1125
0 0.57734375 0.296875 0.01328125 0.1125
0 0.54921875 0.30078125 0.01328125 0.10859375
0 0.5296875 0.30234375 0.015625 0.10859375
0 0.4609375 0.2953125 0.015625 0.1109375
0 0.440625 0.29765625 0.02109375 0.1125
0 0.38515625 0.2921875 0.03203125 0.13125
0 0.315625 0.2953125 0.03125 0.11875
0 0.91953125 0.871875 0.13125 0.02578125
0 0.00625 0.96328125 0.0125 0.0734375
0 0.0203125 0.96328125 0.0125 0.0734375
0 0.034375 0.9609375 0.0125 0.07265625
0 0.0984375 0.97109375 0.0125 0.0578125
0 0.00546875 0.78203125 0.01015625 0.10625
0 0.35546875 0.45859375 0.03046875 0.11953125
0 0.90078125 0.6828125 0.12109375 0.03515625
0 0.16796875 0.30078125 0.01875 0.109375
0 0.11015625 0.29609375 0.02890625 0.11640625
0 0.0859375 0.2953125 0.01640625 0.11953125
0 0.028125 0.2953125 0.03125 0.14765625
0 0.8703125 0.15703125 0.0296875 0.09453125
0 0.92734375 0.16171875 0.02890625 0.12578125
0 0.83984375 0.13203125 0.01640625 0.1125
0 0.821875 0.13671875 0.0125 0.11015625
0 0.78515625 0.146875 0.0140625 0.10390625
0 0.76875 0.14921875 0.0125 0.10546875
0 0.7078125 0.12265625 0.040625 0.12578125
0 0.65078125 0.1296875 0.0171875 0.11015625
0 0.63046875 0.1328125 0.01015625 0.10859375
0 0.51796875 0.12421875 0.01875 0.11484375
0 0.54140625 0.12578125 0.01953125 0.11484375
0 0.18828125 0.3 0.01796875 0.109375
0 0.47421875 0.12890625 0.01796875 0.115625
0 0.23984375 0.2984375 0.03046875 0.11953125
0 0.234375 0.46953125 0.0203125 0.1109375
0 0.16171875 0.62421875 0.021875 0.1078125
0 0.2234375 0.62890625 0.02265625 0.10703125
0 0.2796875 0.61953125 0.0125 0.10390625
0 0.2953125 0.61796875 0.01640625 0.10390625
0 0.35234375 0.63671875 0.01640625 0.10625
0 0.371875 0.63359375 0.01328125 0.10234375
0 0.409375 0.6328125 0.01640625 0.10390625
0 0.43203125 0.63046875 0.01953125 0.10234375
0 0.4828125 0.62421875 0.0203125 0.1078125
0 0.53671875 0.6296875 0.040625 0.1109375
0 0.58359375 0.62421875 0.0296875 0.11640625
0 0.63671875 0.62109375 0.0265625 0.11875
0 0.678125 0.6359375 0.0140625 0.10625
0 0.69375 0.63515625 0.01328125 0.10546875
0 0.7328125 0.63125 0.0140625 0.109375
0 0.559375 0.96640625 0.01640625 0.06640625
0 0.90546875 0.71796875 0.1234375 0.03515625
0 0.4546875 0.13203125 0.015625 0.11015625
0 0.35234375 0.13125 0.0390625 0.13125
0 0.73359375 0.9703125 0.09765625 0.03515625
0 0.62265625 0.96640625 0.01640625 0.06640625
0 0.60078125 0.96640625 0.01640625 0.06640625
0 0.58046875 0.96640625 0.01640625 0.06640625
0 0.10390625 0.621875 0.01171875 0.10234375
0 0.08828125 0.62265625 0.01328125 0.10390625
0 0.04296875 0.63046875 0.01640625 0.10546875
0 0.02265625 0.63203125 0.01640625 0.10546875
0 0.98046875 0.4390625 0.0328125 0.10390625
0 0.95078125 0.43359375 0.01875 0.096875
0 0.79609375 0.621875 0.01484375 0.10234375
0 0.86015625 0.56953125 0.01953125 0.09375
0 0.88671875 0.56953125 0.025 0.0875
0 0.940625 0.571875 0.021875 0.11328125
0 0.9921875 0.58359375 0.015625 0.0890625
0 0.9046875 0.9796875 0.1359375 0.03515625
0 0.39296875 0.12734375 0.03671875 0.13203125
0 0.65625 0.4796875 0.01171875 0.1078125
0 0.59765625 0.4671875 0.0171875 0.10546875
0 0.3 0.12734375 0.03359375 0.1265625
0 0.2375 0.1375 0.03515625 0.128125
0 0.17578125 0.1375 0.0203125 0.12265625
0 0.15546875 0.13359375 0.01328125 0.12109375
0 0.125 0.1296875 0.02578125 0.11953125
0 0.09921875 0.12890625 0.01875 0.11953125
0 0.05546875 0.121875 0.03359375 0.12734375
0 0.29921875 0.45859375 0.02265625 0.11484375
0 0.40390625 0.496875 0.0203125 0.040625
0 0.4046875 0.46328125 0.01875 0.0265625
0 0.41171875 0.43515625 0.02109375 0.02734375
0 0.4296875 0.47109375 0.01484375 0.1046875
0 0.48046875 0.459375 0.0390625 0.1265625
0 0.5453125 0.4734375 0.01171875 0.10390625
0 0.559375 0.475 0.0125 0.1046875
0 0.6140625 0.46484375 0.0140625 0.1078125
0 0.53671875 0.9671875 0.01640625 0.065625
0 0.7796875 0.6234375 0.01328125 0.10234375
0 0.74921875 0.63125 0.0125 0.10859375