0 0.44453125 0.65703125 0.08671875 0.009375
0 0.4421875 0.646875 0.08671875 0.00625
0 0.353125 0.6671875 0.0921875 0.0109375
0 0.54140625 0.6421875 0.034375 0.0515625
0 0.50390625 0.64296875 0.0328125 0.05234375
0 0.35 0.653125 0.08984375 0.0125
0 0.11640625 0.6 0.1421875 0.00859375
0 0.2109375 0.64375 0.046875 0.0671875
0 0.11640625 0.64140625 0.12578125 0.0578125
0 0.1515625 0.71875 0.03046875 0.01484375
0 0.025 0.76484375 0.04921875 0.0453125
0 0.67890625 0.63984375 0.07890625 0.05390625
0 0.15078125 0.75 0.0296875 0.04375
0 0.2703125 0.653125 0.05859375 0.0453125
0 0.75703125 0.628125 0.0734375 0.07578125
0 0.70703125 0.51953125 0.04140625 0.0609375
0 0.84375 0.6140625 0.0921875 0.03125
0 0.8421875 0.64609375 0.09453125 0.03046875
0 0.92265625 0.6359375 0.06171875 0.0171875
0 0.91796875 0.65390625 0.0578125 0.01484375
0 0.94140625 0.5109375 0.0609375 0.075
0 0.890625 0.52265625 0.02890625 0.05078125
0 0.84765625 0.51484375 0.0421875 0.06640625
0 0.796875 0.515625 0.04921875 0.065625
0 0.74921875 0.5125 0.040625 0.07578125
0 0.65859375 0.5109375 0.05078125 0.0796875
0 0.6015625 0.48203125 0.053125 0.02890625
0 0.60078125 0.5109375 0.05078125 0.0265625
0 0.07421875 0.771875 0.04140625 0.0265625
0 0.6 0.53828125 0.05234375 0.02890625
0 0.8453125 0.5828125 0.0921875 0.02890625
0 0.07265625 0.73984375 0.0421875 0.03515625
0 0.6421875 0.73359375 0.04765625 0.0671875
0 0.4921875 0.840625 0.05234375 0.08125
0 0.546875 0.509375 0.05 0.02890625
0 0.56953125 0.85390625 0.03046875 0.0546875
0 0.6359375 0.859375 0.09453125 0.0375
0 0.721875 0.828125 0.071875 0.0875
0 0.8046875 0.82578125 0.06875 0.0859375
0 0.86015625 0.8375 0.0390625 0.0734375
0 0.9078125 0.82109375 0.05 0.0453125
0 0.90625 0.85859375 0.05234375 0.028125
0 0.9171875 0.721875 0.0734375 0.0265625
0 0.91953125 0.74765625 0.07421875 0.025
0 0.8671875 0.74453125 0.025 0.03515625
0 0.84140625 0.7453125 0.025 0.0375
0 0.78984375 0.715625 0.075 0.028125
0 0.79140625 0.746875 0.06953125 0.03125
0 0.5359375 0.85390625 0.03203125 0.05546875
0 0.5984375 0.75 0.03203125 0.03671875
0 0.51953125 0.740625 0.04921875 0.06171875
0 0.71953125 0.7078125 0.03125 0.04296875
0 0.44921875 0.7203125 0.071875 0.0328125
0 0.11484375 0.74140625 0.03828125 0.07734375
0 0.184375 0.75078125 0.0328125 0.05546875
0 0.21796875 0.753125 0.03125 0.05078125
0 0.25 0.75078125 0.03046875 0.053125
0 0.2890625 0.7359375 0.04453125 0.07890625
0 0.33125 0.74453125 0.0265625 0.059375
0 0.034375 0.8546875 0.06875 0.08359375
0 0.1125 0.85546875 0.08046875 0.0828125
0 0.2046875 0.859375 0.09375 0.059375
0 0.328125 0.865625 0.0765625 0.04921875
0 0.40546875 0.865625 0.078125 0.04921875
0 0.56328125 0.74609375 0.034375 0.04609375
0 0.54765625 0.53828125 0.046875 0.028125
0 0.2296875 0.15 0.05546875 0.09375
0 0.43671875 0.509375 0.06328125 0.090625
0 0.709375 0.2890625 0.07578125 0.0984375
0 0.63125 0.28828125 0.0734375 0.10234375
0 0.5515625 0.29375 0.05859375 0.0890625
0 0.48125 0.2875 0.071875 0.10703125
0 0.378125 0.2890625 0.08046875 0.10546875
0 0.29453125 0.28828125 0.07890625 0.10390625
0 0.1953125 0.265625 0.08359375 0.04765625
0 0.19296875 0.315625 0.08359375 0.0484375
0 0.12109375 0.296875 0.0515625 0.0875
0 0.03125 0.28515625 0.0578125 0.109375
0 0.0765625 0.29609375 0.0296875 0.08828125
0 0.0171875 0.15546875 0.034375 0.10859375
0 0.78515625 0.2859375 0.06875 0.1046875
0 0.07578125 0.15546875 0.078125 0.11171875
0 0.15625 0.08828125 0.06640625 0.02890625
0 0.16484375 0.1125 0.05703125 0.01640625
0 0.36015625 0.74375 0.0296875 0.05859375
0 0.3203125 0.1640625 0.0734375 0.1
0 0.403125 0.1625 0.0765625 0.1015625
0 0.46953125 0.165625 0.05234375 0.09375
0 0.525 0.16953125 0.05390625 0.08515625
0 0.58828125 0.16953125 0.0671875 0.08671875
0 0.68515625 0.16015625 0.09609375 0.10703125
0 0.7734375 0.15625 0.07578125 0.11640625
0 0.496875 0.515625 0.0515625 0.0765625
0 0.90546875 0.15703125 0.1890625 0.1046875
0 0.1546875 0.1671875 0.0703125 0.08984375
0 0.8640625 0.2890625 0.08203125 0.0984375
0 0.46171875 0.75625 0.06484375 0.02890625
0 0.9484375 0.39609375 0.0734375 0.08515625
0 0.378125 0.51640625 0.04921875 0.07890625
0 0.946875 0.290625 0.07421875 0.09140625
0 0.27734375 0.5140625 0.04296875 0.0875
0 0.1859375 0.5265625 0.04765625 0.06328125
0 0.13359375 0.51640625 0.04609375 0.08828125
0 0.04140625 0.490625 0.04375 0.04296875
0 0.046875 0.53671875 0.0390625 0.04765625
0 0.0859375 0.4984375 0.04453125 0.02421875
0 0.08828125 0.5359375 0.0390625 0.04921875
0 0.03828125 0.40703125 0.0671875 0.0734375
0 0.1375 0.40390625 0.04921875 0.084375
0 0.2265625 0.41015625 0.05625 0.06953125
0 0.2953125 0.40703125 0.06171875 0.078125
0 0.2328125 0.5265625 0.04296875 0.0625
0 0.4171875 0.40625 0.053125 0.07890625
0 0.878125 0.396875 0.06796875 0.08359375
0 0.80390625 0.3984375 0.0765625 0.084375
0 0.3578125 0.4109375 0.06015625 0.06875
0 0.72734375 0.3984375 0.0703125 0.0828125
0 0.6546875 0.415625 0.07265625 0.0546875
0 0.3265625 0.52421875 0.04765625 0.065625
0 0.5609375 0.4171875 0.034375 0.053125
0 0.51796875 0.4015625 0.0515625 0.084375
0 0.46796875 0.4015625 0.04453125 0.084375
0 0.10078125 0.4015625 0.0234375 0.07421875
0 0.5984375 0.41171875 0.03671875 0.0609375
0 0.18515625 0.396875 0.02109375 0.07734375