0 0.184375 0.74375 0.05546875 0.0828125
0 0.0828125 0.465625 0.0515625 0.0890625
0 0.49453125 0.94375 0.04296875 0.103125
0 0.440625 0.896875 0.06015625 0.0609375
0 0.34921875 0.94375 0.05 0.09609375
0 0.29453125 0.95 0.04609375 0.09375
0 0.2015625 0.46796875 0.05078125 0.0890625
0 0.259375 0.4703125 0.06015625 0.08671875
0 0.31875 0.48984375 0.04296875 0.0578125
0 0.36640625 0.475 0.046875 0.08671875
0 0.4140625 0.4765625 0.04453125 0.0921875
0 0.4640625 0.4765625 0.04609375 0.0921875
0 0.5140625 0.47890625 0.04453125 0.09375
0 0.5640625 0.4828125 0.05078125 0.0890625
0 0.61171875 0.48359375 0.0453125 0.08984375
0 0.659375 0.48828125 0.046875 0.08515625
0 0.7078125 0.4921875 0.04609375 0.08125
0 0.75703125 0.49140625 0.046875 0.0828125
0 0.80390625 0.4921875 0.04765625 0.084375
0 0.53671875 0.94453125 0.0359375 0.1078125
0 0.57734375 0.9578125 0.0359375 0.07890625
0 0.628125 0.95703125 0.04765625 0.0828125
0 0.696875 0.96171875 0.05390625 0.0734375
0 0.19140625 0.1796875 0.04375 0.11171875
0 0.1203125 0.18046875 0.0453125 0.109375
0 0.0765625 0.18046875 0.03046875 0.10625
0 0.034375 0.17890625 0.04453125 0.1
0 0.0484375 0.03203125 0.06484375 0.0625
0 0.14296875 0.465625 0.0609375 0.0890625
0 0.86171875 0.04765625 0.04453125 0.0796875
0 0.80390625 0.04375 0.05546875 0.08515625
0 0.88125 0.53984375 0.0671875 0.05234375
0 0.74296875 0.04375 0.05703125 0.07890625
0 0.62421875 0.040625 0.05234375 0.0796875
0 0.1640625 0.03359375 0.06953125 0.0671875
0 0.27265625 0.0359375 0.05859375 0.07109375
0 0.33515625 0.034375 0.059375 0.06796875
0 0.44609375 0.0375 0.053125 0.0734375
0 0.50625 0.0390625 0.05390625 0.075
0 0.56484375 0.04375 0.05703125 0.07890625
0 0.75703125 0.93515625 0.0515625 0.11796875
0 0.68203125 0.04296875 0.05703125 0.0796875
0 0.23203125 0.1796875 0.03125 0.1171875
0 0.95390625 0.5984375 0.06875 0.071875
0 0.0203125 0.59921875 0.0390625 0.0890625
0 0.696875 0.76484375 0.04453125 0.0890625
0 0.64765625 0.7671875 0.04921875 0.08515625
0 0.6046875 0.765625 0.0328125 0.08671875
0 0.56328125 0.76484375 0.03984375 0.0828125
0 0.521875 0.7625 0.0375 0.0859375
0 0.43828125 0.7578125 0.06015625 0.075
0 0.38515625 0.75625 0.04375 0.0796875
0 0.33828125 0.75390625 0.04921875 0.078125
0 0.2859375 0.746875 0.0515625 0.09375
0 0.12734375 0.740625 0.059375 0.08984375
0 0.0625 0.73828125 0.06171875 0.0828125
0 0.0171875 0.7359375 0.0296875 0.0921875
0 0.03671875 0.94296875 0.04765625 0.0859375
0 0.08984375 0.9484375 0.0484375 0.08125
0 0.1453125 0.946875 0.05234375 0.090625
0 0.19609375 0.94296875 0.04296875 0.1015625
0 0.24375 0.9484375 0.04765625 0.090625
0 0.74140625 0.76484375 0.04296875 0.0890625
0 0.7875 0.765625 0.0484375 0.09296875
0 0.85078125 0.90546875 0.06640625 0.07421875
0 0.92890625 0.91640625 0.05546875 0.046875
0 0.071875 0.60078125 0.0546875 0.0859375
0 0.12890625 0.603125 0.0546875 0.090625
0 0.1875 0.60625 0.05703125 0.0890625
0 0.24453125 0.60625 0.05234375 0.0921875
0 0.30234375 0.60703125 0.05390625 0.090625
0 0.36640625 0.61015625 0.0484375 0.08828125
0 0.41796875 0.61328125 0.0515625 0.084375
0 0.4671875 0.61640625 0.03984375 0.0875
0 0.86953125 0.61171875 0.078125 0.0453125
0 0.51328125 0.61796875 0.04296875 0.0828125
0 0.60390625 0.62265625 0.05078125 0.0828125
0 0.6515625 0.625 0.04375 0.0890625
0 0.69921875 0.6265625 0.04609375 0.0828125
0 0.74765625 0.628125 0.04140625 0.0859375
0 0.7953125 0.6296875 0.0484375 0.08203125
0 0.94921875 0.75078125 0.07109375 0.053125
0 0.8859375 0.75234375 0.05546875 0.059375
0 0.9078125 0.85625 0.05703125 0.0546875
0 0.5578125 0.61953125 0.0421875 0.0875
0 0.27265625 0.18125 0.0453125 0.11796875
0 0.93671875 0.053125 0.09296875 0.07890625
0 0.028125 0.459375 0.0484375 0.0890625
0 0.8921875 0.4203125 0.09296875 0.06484375
0 0.9671875 0.41171875 0.05234375 0.0796875
0 0.953125 0.21015625 0.09375 0.1140625
0 0.80234375 0.22265625 0.04609375 0.0859375
0 0.753125 0.2203125 0.04609375 0.08515625
0 0.703125 0.21484375 0.04609375 0.08515625
0 0.8125 0.36015625 0.04609375 0.0875
0 0.6578125 0.20078125 0.0390625 0.1046875
0 0.58359375 0.19921875 0.03828125 0.1046875
0 0.54140625 0.19375 0.03671875 0.11640625
0 0.50625 0.1921875 0.03359375 0.1125
0 0.46796875 0.18984375 0.03203125 0.115625
0 0.42734375 0.1875 0.04140625 0.1109375
0 0.3515625 0.1859375 0.04140625 0.1109375
0 0.62109375 0.2 0.0390625 0.1046875
0 0.75859375 0.3578125 0.05078125 0.07890625
0 0.3125 0.18046875 0.03359375 0.11875
0 0.65390625 0.35 0.04375 0.09140625
0 0.05859375 0.321875 0.05625 0.090625
0 0.11484375 0.328125 0.05078125 0.090625
0 0.17109375 0.32890625 0.05625 0.0953125
0 0.22890625 0.33125 0.0546875 0.0953125
0 0.2875 0.33125 0.05546875 0.090625
0 0.70546875 0.3578125 0.05078125 0.07890625
0 0.346875 0.33671875 0.05703125 0.09921875
0 0.40546875 0.3421875 0.05 0.09296875
0 0.45546875 0.34375 0.04765625 0.0953125
0 0.50546875 0.3453125 0.04921875 0.0921875
0 0.5546875 0.3484375 0.04296875 0.096875
0 0.603125 0.34921875 0.0484375 0.0921875