0 0.75390625 0.521875 0.03203125 0.05234375
0 0.5265625 0.1171875 0.06875 0.134375
0 0.66640625 0.5453125 0.046875 0.0546875
0 0.58203125 0.5609375 0.04765625 0.05078125
0 0.5234375 0.55 0.03203125 0.046875
0 0.48125 0.5703125 0.0484375 0.04765625
0 0.4171875 0.5921875 0.065625 0.0265625
0 0.41875 0.56484375 0.06953125 0.02890625
0 0.34609375 0.56953125 0.06328125 0.06953125
0 0.28046875 0.57421875 0.05625 0.0671875
0 0.203125 0.5984375 0.08046875 0.046875
0 0.09609375 0.5390625 0.0640625 0.0203125
0 0.1015625 0.57890625 0.08515625 0.05546875
0 0.0359375 0.55859375 0.0421875 0.06875
0 0.98125 0.45703125 0.0359375 0.03359375
0 0.79375 0.41171875 0.075 0.0234375
0 0.959375 0.4140625 0.03828125 0.00859375
0 0.7953125 0.53125 0.04609375 0.0578125
0 0.95234375 0.46796875 0.01875 0.08046875
0 0.8359375 0.60390625 0.04140625 0.04765625
0 0.94140625 0.590625 0.05390625 0.05
0 0.2828125 0.66953125 0.0375 0.0125
0 0.28671875 0.69296875 0.03828125 0.03203125
0 0.3296875 0.690625 0.04296875 0.0359375
0 0.41015625 0.65390625 0.03984375 0.01796875
0 0.36796875 0.65859375 0.03984375 0.0203125
0 0.37421875 0.6859375 0.03828125 0.03125
0 0.41484375 0.68046875 0.03984375 0.0328125
0 0.4578125 0.6515625 0.03671875 0.0296875
0 0.49921875 0.64765625 0.04296875 0.03125
0 0.4765625 0.6765625 0.078125 0.01875
0 0.6390625 0.66171875 0.08203125 0.02421875
0 0.79453125 0.60234375 0.04140625 0.02421875
0 0.79140625 0.63125 0.0390625 0.02265625
0 0.69453125 0.63515625 0.0390625 0.03046875
0 0.7421875 0.62265625 0.05625 0.05390625
0 0.884375 0.60546875 0.04765625 0.0453125
0 0.32265625 0.66328125 0.03359375 0.0171875
0 0.93515625 0.4703125 0.0171875 0.08359375
0 0.86875 0.47578125 0.06171875 0.071875
0 0.1921875 0.4921875 0.01953125 0.04375
0 0.16484375 0.49921875 0.0296875 0.05078125
0 0.06484375 0.43828125 0.1234375 0.11328125
0 0.87890625 0.2546875 0.025 0.05703125
0 0.9140625 0.253125 0.04140625 0.0625
0 0.9625 0.3671875 0.03515625 0.04375
0 0.92578125 0.359375 0.03203125 0.06640625
0 0.71953125 0.32734375 0.06015625 0.02265625
0 0.78515625 0.32578125 0.05859375 0.02421875
0 0.878125 0.3609375 0.059375 0.06796875
0 0.8140625 0.3546875 0.06484375 0.02890625
0 0.75 0.35703125 0.0515625 0.0328125
0 0.646875 0.3328125 0.03125 0.02890625
0 0.678125 0.36171875 0.06171875 0.028125
0 0.603125 0.334375 0.0390625 0.0328125
0 0.2140625 0.49296875 0.021875 0.04609375
0 0.91796875 0.4703125 0.01015625 0.078125
0 0.2375 0.48984375 0.0203125 0.0453125
0 0.31796875 0.484375 0.06953125 0.03671875
0 0.69140625 0.41328125 0.06640625 0.028125
0 0.79453125 0.440625 0.05078125 0.03203125
0 0.7421875 0.4453125 0.0515625 0.03046875
0 0.68359375 0.44921875 0.04609375 0.028125
0 0.63125 0.45546875 0.04453125 0.02578125
0 0.6234375 0.4171875 0.05078125 0.0265625
0 0.5578125 0.42265625 0.04453125 0.0328125
0 0.57265625 0.465625 0.05546875 0.04375
0 0.4453125 0.4234375 0.059375 0.02734375
0 0.31875 0.43515625 0.0328125 0.02578125
0 0.28671875 0.43671875 0.0296875 0.025
0 0.3609375 0.43046875 0.04375 0.0234375
0 0.46640625 0.478125 0.03359375 0.034375
0 0.43046875 0.478125 0.0296875 0.0375
0 0.378125 0.46171875 0.04609375 0.034375
0 0.2671875 0.48515625 0.02265625 0.0390625
0 0.28359375 0.65390625 0.03671875 0.0171875
0 0.32265625 0.64765625 0.0375 0.01015625
0 0.203125 0.69296875 0.03515625 0.01796875
0 0.92890625 0.8 0.03828125 0.009375
0 0.9296875 0.7859375 0.03984375 0.015625
0 0.8875 0.8046875 0.03671875 0.01015625
0 0.884375 0.79296875 0.03984375 0.0125
0 0.83125 0.77890625 0.0265625 0.06328125
0 0.79453125 0.778125 0.04140625 0.06015625
0 0.7484375 0.81796875 0.03203125 0.0171875
0 0.71640625 0.8203125 0.0265625 0.01875
0 0.7515625 0.796875 0.02890625 0.02265625
0 0.71953125 0.8 0.03125 0.01875
0 0.71484375 0.7765625 0.03515625 0.02109375
0 0.7484375 0.771875 0.0296875 0.0234375
0 0.6625 0.81640625 0.0484375 0.071875
0 0.58671875 0.83515625 0.06953125 0.03984375
0 0.57421875 0.79765625 0.07265625 0.02578125
0 0.946875 0.7375 0.059375 0.0171875
0 0.4703125 0.83984375 0.115625 0.08359375
0 0.95546875 0.7515625 0.053125 0.01171875
0 0.98828125 0.72890625 0.0234375 0.02578125
0 0.6296875 0.5234375 0.021875 0.0296875
0 0.95859375 0.16015625 0.021875 0.0265625
0 0.9328125 0.15859375 0.0234375 0.0203125
0 0.9046875 0.159375 0.02578125 0.02421875
0 0.96171875 0.1359375 0.01796875 0.021875
0 0.93671875 0.134375 0.02890625 0.02265625
0 0.90703125 0.13359375 0.0265625 0.0203125
0 0.965625 0.10859375 0.02578125 0.02265625
0 0.93828125 0.11015625 0.025 0.02109375
0 0.91171875 0.1109375 0.02890625 0.02265625
0 0.20859375 0.54453125 0.06796875 0.0171875
0 0.20546875 0.56484375 0.071875 0.01875
0 0.41171875 0.53828125 0.05625 0.02109375
0 0.87734375 0.73828125 0.03125 0.0109375
0 0.87578125 0.72890625 0.0375 0.00703125
0 0.959375 0.7640625 0.05703125 0.0109375
0 0.05078125 0.90234375 0.09453125 0.08203125
0 0.21015625 0.871875 0.21484375 0.07109375
0 0.64921875 0.6296875 0.0328125 0.03203125
0 0.2578125 0.778125 0.02578125 0.015625
0 0.228125 0.7796875 0.028125 0.0171875
0 0.19921875 0.7796875 0.02734375 0.01796875
0 0.24921875 0.75625 0.02578125 0.021875
0 0.21953125 0.759375 0.0265625 0.021875
0 0.18984375 0.7609375 0.02734375 0.02109375
0 0.08046875 0.653125 0.1609375 0.02265625
0 0.075 0.67265625 0.1453125 0.01640625
0 0.0671875 0.68828125 0.134375 0.01484375
0 0.0734375 0.7078125 0.146875 0.02109375
0 0.24609375 0.70625 0.03046875 0.01640625
0 0.2078125 0.71015625 0.03828125 0.015625
0 0.240625 0.66875 0.0296875 0.0140625
0 0.2046875 0.67265625 0.03515625 0.01953125
0 0.2390625 0.68828125 0.03125 0.01875
0 0.20390625 0.8046875 0.0234375 0.01953125
0 0.22890625 0.80234375 0.02578125 0.0171875
0 0.25703125 0.79921875 0.02734375 0.01796875
0 0.2984375 0.76328125 0.05078125 0.03671875
0 0.61484375 0.6328125 0.0328125 0.03046875
0 0.975 0.65703125 0.02890625 0.059375
0 0.94140625 0.659375 0.03203125 0.0671875
0 0.90546875 0.66328125 0.03671875 0.06953125
0 0.86796875 0.66875 0.0359375 0.06484375
0 0.8265625 0.67578125 0.0421875 0.05703125
0 0.7828125 0.69140625 0.02109375 0.03046875
0 0.60859375 0.36640625 0.06171875 0.0296875
0 0.74375 0.7078125 0.0515625 0.05390625
0 0.63828125 0.7234375 0.0515625 0.05625
0 0.578125 0.73125 0.0546875 0.05390625
0 0.5171875 0.73828125 0.059375 0.0546875
0 0.4625 0.73984375 0.04609375 0.05234375
0 0.41015625 0.7546875 0.05625 0.0609375
0 0.3671875 0.7546875 0.02421875 0.05859375
0 0.33828125 0.76015625 0.028125 0.05703125
0 0.690625 0.7140625 0.04765625 0.05625
0 0.5125 0.33671875 0.03828125 0.03046875
0 0.978125 0.25078125 0.04375 0.06796875
0 0.44296875 0.328125 0.0703125 0.05234375
0 0.04140625 0.11953125 0.0828125 0.1609375
0 0.12578125 0.09140625 0.0765625 0.08828125
0 0.23515625 0.2390625 0.03515625 0.075
0 0.2796875 0.221875 0.05234375 0.0953125
0 0.334375 0.22109375 0.0484375 0.090625
0 0.375 0.2328125 0.0296875 0.075
0 0.41484375 0.23203125 0.03125 0.0734375
0 0.45078125 0.23046875 0.03125 0.0703125
0 0.48203125 0.2328125 0.02890625 0.06953125
0 0.515625 0.23203125 0.03359375 0.06796875
0 0.546875 0.2296875 0.02890625 0.07578125
0 0.590625 0.18671875 0.0515625 0.15
0 0.64296875 0.1875 0.04296875 0.1515625
0 0.69453125 0.18671875 0.0421875 0.14765625
0 0.746875 0.1875 0.0421875 0.15
0 0.19921875 0.2390625 0.034375 0.07265625
0 0.84140625 0.18515625 0.04609375 0.14765625
0 0.79375 0.1859375 0.0375 0.1421875
0 0.453125 0.37578125 0.06875 0.02890625
0 0.3546875 0.34453125 0.03359375 0.03203125
0 0.39609375 0.3765625 0.03125 0.02890625
0 0.36328125 0.3796875 0.0328125 0.03203125
0 0.309375 0.3546875 0.03671875 0.0828125
0 0.2671875 0.35625 0.03515625 0.0796875
0 0.38828125 0.3453125 0.03125 0.03359375
0 0.165625 0.35 0.05 0.08828125
0 0.0515625 0.3265625 0.103125 0.078125
0 0.98828125 0.16171875 0.02265625 0.021875
0 0.98984375 0.1375 0.0203125 0.02265625
0 0.53125 0.36875 0.06875 0.03125
0 0.21953125 0.3546875 0.0515625 0.08515625
0 0.98984375 0.1125 0.01953125 0.0234375