0 0.5046875 0.6640625 0.034375 0.071875
0 0.05390625 0.703125 0.0421875 0.0671875
0 0.11328125 0.74375 0.03515625 0.06953125
0 0.15078125 0.74765625 0.03203125 0.0640625
0 0.51953125 0.76796875 0.03671875 0.071875
0 0.21640625 0.75390625 0.03671875 0.0609375
0 0.29375 0.7546875 0.03359375 0.06640625
0 0.3296875 0.759375 0.03515625 0.059375
0 0.36640625 0.7609375 0.03203125 0.065625
0 0.4015625 0.76328125 0.0328125 0.0640625
0 0.44140625 0.76328125 0.03515625 0.06875
0 0.48125 0.7671875 0.03671875 0.06484375
0 0.18125 0.74765625 0.02734375 0.0671875
0 0.465625 0.66015625 0.03046875 0.06484375
0 0.78046875 0.56328125 0.03984375 0.0796875
0 0.37890625 0.65859375 0.03671875 0.06796875
0 0.51171875 0.5640625 0.0328125 0.075
0 0.55390625 0.55859375 0.03984375 0.08359375
0 0.5984375 0.55859375 0.03828125 0.084375
0 0.64140625 0.56015625 0.03828125 0.08359375
0 0.6828125 0.5640625 0.03984375 0.07734375
0 0.56015625 0.76875 0.040625 0.07109375
0 0.821875 0.5640625 0.03828125 0.0796875
0 0.8671875 0.565625 0.04921875 0.0765625
0 0.94296875 0.590625 0.08828125 0.13203125
0 0.86328125 0.675 0.046875 0.07578125
0 0.81484375 0.6734375 0.04140625 0.08125
0 0.42109375 0.65625 0.0390625 0.0703125
0 0.76953125 0.66953125 0.04765625 0.07890625
0 0.67890625 0.665625 0.0484375 0.07421875
0 0.6328125 0.66328125 0.03984375 0.0765625
0 0.58984375 0.6671875 0.0390625 0.0703125
0 0.54765625 0.665625 0.04140625 0.0703125
0 0.10859375 0.64921875 0.03046875 0.06328125
0 0.14296875 0.6515625 0.0328125 0.0640625
0 0.1796875 0.65234375 0.02890625 0.0640625
0 0.2203125 0.6546875 0.04453125 0.0609375
0 0.26015625 0.653125 0.02734375 0.065625
0 0.29453125 0.65625 0.0390625 0.0671875
0 0.33828125 0.6546875 0.028125 0.0671875
0 0.72578125 0.6703125 0.040625 0.07890625
0 0.60078125 0.77109375 0.034375 0.075
0 0.48515625 0.88828125 0.03203125 0.0609375
0 0.69296875 0.77734375 0.03671875 0.0734375
0 0.8609375 0.90625 0.0421875 0.0875
0 0.9453125 0.89453125 0.10859375 0.1109375
0 0.05 0.94765625 0.02734375 0.096875
0 0.08046875 0.95234375 0.0265625 0.0953125
0 0.11953125 0.953125 0.02734375 0.08125
0 0.1484375 0.9578125 0.02421875 0.078125
0 0.178125 0.96171875 0.0296875 0.0765625
0 0.209375 0.96484375 0.03046875 0.0703125
0 0.81796875 0.9109375 0.03828125 0.0640625
0 0.24375 0.96484375 0.03125 0.0703125
0 0.31953125 0.9703125 0.03984375 0.053125
0 0.36484375 0.97265625 0.0296875 0.0546875
0 0.39921875 0.97890625 0.0359375 0.0421875
0 0.44140625 0.97734375 0.0390625 0.04375
0 0.48125 0.98125 0.03671875 0.03671875
0 0.51953125 0.98046875 0.03515625 0.0390625
0 0.56015625 0.97734375 0.0359375 0.0453125
0 0.4734375 0.56328125 0.03984375 0.07265625
0 0.2796875 0.96875 0.03515625 0.059375
0 0.77890625 0.9046875 0.03203125 0.0734375
0 0.74765625 0.9046875 0.0234375 0.06875
0 0.69453125 0.896875 0.034375 0.0625
0 0.73359375 0.7796875 0.03984375 0.07578125
0 0.82265625 0.7859375 0.03515625 0.0765625
0 0.86953125 0.78359375 0.04765625 0.078125
0 0.94921875 0.74375 0.10078125 0.12890625
0 0.1171875 0.85234375 0.03359375 0.071875
0 0.1515625 0.85859375 0.03046875 0.0625
0 0.184375 0.8578125 0.03046875 0.06953125
0 0.2171875 0.8609375 0.03046875 0.0640625
0 0.2515625 0.8625 0.0296875 0.07109375
0 0.2875 0.8734375 0.03203125 0.05234375
0 0.3265625 0.87421875 0.0375 0.06015625
0 0.37109375 0.8765625 0.040625 0.05390625
0 0.4109375 0.878125 0.03515625 0.0625
0 0.44921875 0.88359375 0.03359375 0.05234375
0 0.5203125 0.88984375 0.02890625 0.05859375
0 0.54609375 0.8875 0.02265625 0.06328125
0 0.575 0.8875 0.0296875 0.06796875
0 0.61328125 0.88828125 0.0359375 0.0734375
0 0.6515625 0.88984375 0.03515625 0.0796875
0 0.64609375 0.77578125 0.03984375 0.06953125
0 0.43203125 0.559375 0.03046875 0.06953125
0 0.725 0.9 0.01796875 0.06875
0 0.3546875 0.55625 0.03203125 0.07578125
0 0.75625 0.31796875 0.028125 0.09453125
0 0.7140625 0.3171875 0.03359375 0.09765625
0 0.665625 0.3140625 0.02578125 0.1046875
0 0.39140625 0.5578125 0.040625 0.07421875
0 0.628125 0.3171875 0.0328125 0.103125
0 0.59296875 0.315625 0.03515625 0.1046875
0 0.059375 0.334375 0.0171875 0.06640625
0 0.79375 0.31953125 0.03046875 0.096875
0 0.55546875 0.31875 0.03125 0.0984375
0 0.45 0.325 0.03984375 0.09296875
0 0.40859375 0.3390625 0.04296875 0.06328125
0 0.365625 0.33984375 0.04140625 0.0640625
0 0.31875 0.33828125 0.0453125 0.06484375
0 0.271875 0.3390625 0.04609375 0.065625
0 0.2265625 0.3375 0.04140625 0.0703125
0 0.18359375 0.3421875 0.04453125 0.065625
0 0.48828125 0.325 0.02734375 0.09375
0 0.82578125 0.3203125 0.028125 0.0921875
0 0.871875 0.3078125 0.03984375 0.109375
0 0.91875 0.28359375 0.05546875 0.11171875
0 0.58984375 0.4515625 0.03828125 0.0765625
0 0.63046875 0.4515625 0.03828125 0.07734375
0 0.67421875 0.4515625 0.046875 0.078125
0 0.72109375 0.45 0.03828125 0.08046875
0 0.76328125 0.4515625 0.04296875 0.0796875
0 0.81328125 0.45078125 0.03984375 0.0796875
0 0.54921875 0.4515625 0.03828125 0.075
0 0.50546875 0.453125 0.04453125 0.0765625
0 0.4578125 0.45703125 0.04609375 0.0671875
0 0.40703125 0.4578125 0.04765625 0.065625
0 0.36171875 0.45546875 0.04296875 0.0671875
0 0.275 0.45390625 0.04453125 0.0640625
0 0.23125 0.4546875 0.03828125 0.0671875
0 0.1828125 0.4546875 0.04296875 0.0625
0 0.14296875 0.45390625 0.03671875 0.0609375
0 0.1015625 0.4484375 0.0390625 0.07109375
0 0.97265625 0.27265625 0.04921875 0.1328125
0 0.1390625 0.3421875 0.0375 0.0609375
0 0.09609375 0.3421875 0.04140625 0.0640625
0 0.3203125 0.4546875 0.0375 0.065625
0 0.04765625 0.5984375 0.034375 0.0859375
0 0.04765625 0.50625 0.0421875 0.0640625
0 0.05859375 0.4265625 0.04140625 0.04609375
0 0.9640625 0.4359375 0.04453125 0.13046875
0 0.9171875 0.4359375 0.0453125 0.13125
0 0.86328125 0.4515625 0.04296875 0.08046875
0 0.14609375 0.5546875 0.03828125 0.0734375
0 0.18828125 0.5546875 0.03046875 0.075
0 0.22734375 0.5546875 0.03515625 0.0734375
0 0.2671875 0.55625 0.03359375 0.075
0 0.30859375 0.55625 0.05 0.075
0 0.109375 0.55546875 0.03046875 0.0734375