0 0.46015625 0.1203125 0.04765625 0.08203125
0 0.4125 0.128125 0.04609375 0.08984375
0 0.36484375 0.1328125 0.04609375 0.078125
0 0.27578125 0.1484375 0.040625 0.0765625
0 0.2265625 0.15625 0.05078125 0.07890625
0 0.05703125 0.18046875 0.02265625 0.06015625
0 0.11640625 0.17578125 0.028125 0.0609375
0 0.08671875 0.17578125 0.02890625 0.05859375
0 0.0328125 0.18046875 0.0234375 0.05703125
0 0.51484375 0.11484375 0.05703125 0.0921875
0 0.1796875 0.1703125 0.03515625 0.05234375
0 0.5875 0.1296875 0.0265625 0.0375
0 0.05546875 0.290625 0.03671875 0.05546875
0 0.65078125 0.1109375 0.04375 0.05546875
0 0.4453125 0.24296875 0.028125 0.071875
0 0.409375 0.24609375 0.0328125 0.06640625
0 0.375 0.25 0.028125 0.065625
0 0.34453125 0.2515625 0.03125 0.0625
0 0.31171875 0.2546875 0.02890625 0.0609375
0 0.28671875 0.2546875 0.0234375 0.0609375
0 0.215625 0.27578125 0.04296875 0.06953125
0 0.16796875 0.2859375 0.0375 0.0484375
0 0.1328125 0.28359375 0.021875 0.06640625
0 0.10625 0.2859375 0.021875 0.0640625
0 0.015625 0.2953125 0.03125 0.05390625
0 0.9796875 0.0625 0.03984375 0.06640625
0 0.9234375 0.078125 0.0609375 0.0625
0 0.8625 0.078125 0.0515625 0.06328125
0 0.7484375 0.10546875 0.046875 0.05078125
0 0.615625 0.12265625 0.02265625 0.0484375
0 0.47734375 0.23828125 0.03203125 0.07265625
0 0.06953125 0.4953125 0.02265625 0.059375
0 0.51328125 0.23984375 0.0328125 0.06953125
0 0.0953125 0.796875 0.05390625 0.09921875
0 0.17109375 0.80390625 0.04296875 0.125
0 0.21328125 0.8140625 0.0359375 0.1328125
0 0.25703125 0.8234375 0.0390625 0.1234375
0 0.30234375 0.83359375 0.0453125 0.13203125
0 0.35546875 0.83828125 0.0484375 0.1390625
0 0.40390625 0.85234375 0.04765625 0.140625
0 0.47109375 0.840625 0.03359375 0.128125
0 0.8859375 0.5609375 0.0734375 0.09765625
0 0.7890625 0.571875 0.075 0.0734375
0 0.709375 0.559375 0.07734375 0.07578125
0 0.640625 0.54765625 0.05234375 0.07578125
0 0.01640625 0.778125 0.0328125 0.0875
0 0.590625 0.54765625 0.0421875 0.06796875
0 0.475 0.540625 0.0609375 0.05390625
0 0.47578125 0.484375 0.05625 0.05703125
0 0.415625 0.490625 0.04453125 0.021875
0 0.3859375 0.5359375 0.053125 0.0609375
0 0.3234375 0.52109375 0.06640625 0.09609375
0 0.26484375 0.51171875 0.03984375 0.04921875
0 0.203125 0.5109375 0.0296875 0.0546875
0 0.128125 0.50390625 0.03046875 0.04296875
0 0.0953125 0.49375 0.02421875 0.05703125
0 0.5765625 0.2421875 0.0328125 0.06328125
0 0.0390625 0.49296875 0.025 0.06640625
0 0.91015625 0.36328125 0.0734375 0.09296875
0 0.53671875 0.5421875 0.05546875 0.0515625
0 0.29453125 0.68828125 0.0171875 0.034375
0 0.26640625 0.69296875 0.01796875 0.04375
0 0.2359375 0.68515625 0.01328125 0.03984375
0 0.965625 0.58203125 0.06484375 0.07109375
0 0.0296875 0.56953125 0.034375 0.05859375
0 0.0953125 0.57734375 0.0359375 0.059375
0 0.134375 0.58046875 0.0328125 0.05390625
0 0.19765625 0.57734375 0.0296875 0.0453125
0 0.2578125 0.6 0.01953125 0.05078125
0 0.2828125 0.609375 0.0234375 0.0421875
0 0.328125 0.65390625 0.02890625 0.08984375
0 0.359375 0.6578125 0.028125 0.11640625
0 0.39140625 0.6796875 0.03203125 0.08671875
0 0.43125 0.71015625 0.03828125 0.0359375
0 0.45703125 0.675 0.0375 0.028125
0 0.49921875 0.68046875 0.03671875 0.0953125
0 0.5453125 0.6875 0.03984375 0.09296875
0 0.6 0.70078125 0.0546875 0.1125
0 0.68671875 0.69765625 0.0625 0.1453125
0 0.7484375 0.71796875 0.04609375 0.13125
0 0.7984375 0.725 0.040625 0.125
0 0.85 0.72578125 0.05390625 0.1390625
0 0.91171875 0.74453125 0.0609375 0.1203125
0 0.96328125 0.69296875 0.03515625 0.0890625
0 0.0453125 0.66328125 0.03359375 0.03984375
0 0.084375 0.65546875 0.03125 0.05390625
0 0.13125 0.66875 0.01875 0.04296875
0 0.15625 0.67578125 0.01953125 0.0390625
0 0.18515625 0.67734375 0.021875 0.046875
0 0.21328125 0.6828125 0.02421875 0.03984375
0 0.821875 0.365625 0.08671875 0.08984375
0 0.7203125 0.36953125 0.08125 0.08515625
0 0.53984375 0.484375 0.0578125 0.05625
0 0.56875 0.3140625 0.04921875 0.01875
0 0.640625 0.35703125 0.06953125 0.1125
0 0.91796875 0.93671875 0.0734375 0.1265625
0 0.85703125 0.8890625 0.040625 0.1296875
0 0.79609375 0.8890625 0.04921875 0.12421875
0 0.703125 0.92421875 0.0609375 0.14609375
0 0.5578125 0.89296875 0.0625 0.140625
0 0.50703125 0.9046875 0.03046875 0.10546875
0 0.6203125 0.24140625 0.04296875 0.06640625
0 0.74453125 0.22890625 0.04765625 0.06875
0 0.81328125 0.21796875 0.06328125 0.07421875
0 0.64765625 0.89296875 0.04140625 0.14296875
0 0.94609375 0.2078125 0.053125 0.08046875
0 0.05546875 0.37421875 0.0328125 0.071875
0 0.165625 0.39453125 0.0328125 0.065625
0 0.2453125 0.38828125 0.05 0.071875
0 0.30703125 0.36640625 0.05078125 0.0890625
0 0.36171875 0.378125 0.046875 0.059375
0 0.4171875 0.371875 0.0515625 0.08046875
0 0.50546875 0.371875 0.03828125 0.0859375
0 0.8828125 0.2125 0.0609375 0.084375
0 0.559375 0.3703125 0.0609375 0.08359375