0 0.35859375 0.39921875 0.02109375 0.10390625
0 0.51953125 0.41953125 0.015625 0.07421875
0 0.49609375 0.4328125 0.028125 0.04921875
0 0.4703125 0.428125 0.0234375 0.0546875
0 0.42890625 0.39609375 0.0265625 0.11328125
0 0.17734375 0.55078125 0.046875 0.03984375
0 0.17265625 0.59765625 0.04296875 0.03671875
0 0.0421875 0.2890625 0.040625 0.05546875
0 0.1765625 0.5 0.04609375 0.046875
0 0.18125 0.45078125 0.0421875 0.04453125
0 0.08515625 0.26796875 0.04296875 0.10078125
0 0.128125 0.28203125 0.03125 0.08359375
0 0.05234375 0.41640625 0.04921875 0.053125
0 0.10546875 0.41796875 0.05390625 0.053125
0 0.1453125 0.41875 0.02265625 0.0515625
0 0.21796875 0.38203125 0.02734375 0.11875
0 0.25 0.38203125 0.0265625 0.121875
0 0.27421875 0.384375 0.02109375 0.11875
0 0.29765625 0.396875 0.02265625 0.09453125
0 0.33125 0.40078125 0.02890625 0.0953125
0 0.3859375 0.39453125 0.02578125 0.11328125
0 0.1578125 0.2828125 0.0234375 0.0734375
0 0.18125 0.3453125 0.04296875 0.04453125
0 0.015625 0.09375 0.03046875 0.10859375
0 0.80234375 0.0875 0.0421875 0.07109375
0 0.6328125 0.26328125 0.04765625 0.0640625
0 0.70078125 0.26328125 0.04609375 0.0625
0 0.75078125 0.2625 0.04609375 0.06953125
0 0.7984375 0.26484375 0.04609375 0.06796875
0 0.59375 0.24453125 0.02421875 0.096875
0 0.5671875 0.240625 0.025 0.09921875
0 0.53125 0.24296875 0.04140625 0.103125
0 0.4953125 0.234375 0.02109375 0.103125
0 0.79921875 0.028125 0.046875 0.04453125
0 0.4703125 0.23671875 0.02421875 0.10625
0 0.4234375 0.2328125 0.021875 0.0953125
0 0.38515625 0.23203125 0.0234375 0.1140625
0 0.36171875 0.23125 0.02109375 0.11015625
0 0.3125 0.23046875 0.02421875 0.10546875
0 0.33671875 0.23046875 0.02421875 0.10390625
0 0.28203125 0.22890625 0.02421875 0.10859375
0 0.25703125 0.228125 0.0234375 0.10703125
0 0.21875 0.24140625 0.0328125 0.0859375
0 0.18125 0.221875 0.0359375 0.04609375
0 0.4453125 0.234375 0.0203125 0.09453125
0 0.53671875 0.4171875 0.01796875 0.07578125
0 0.75625 0.071875 0.0234375 0.10703125
0 0.69375 0.07578125 0.0234375 0.096875
0 0.05 0.0875 0.02578125 0.11875
0 0.0796875 0.08828125 0.03203125 0.121875
0 0.11796875 0.1078125 0.03671875 0.08046875
0 0.16875 0.1125 0.034375 0.08125
0 0.20234375 0.05546875 0.03046875 0.10703125
0 0.23046875 0.05546875 0.02421875 0.10546875
0 0.2578125 0.05625 0.03125 0.10625
0 0.30234375 0.06640625 0.02421875 0.09296875
0 0.328125 0.0671875 0.02734375 0.0921875
0 0.728125 0.0703125 0.0296875 0.10859375
0 0.359375 0.06171875 0.02734375 0.10703125
0 0.4171875 0.06484375 0.028125 0.103125
0 0.45546875 0.0640625 0.02890625 0.109375
0 0.48359375 0.06796875 0.02578125 0.10234375
0 0.1828125 0.3984375 0.0421875 0.04453125
0 0.509375 0.06953125 0.0265625 0.10546875
0 0.54375 0.0703125 0.02890625 0.1078125
0 0.5828125 0.0875 0.046875 0.0734375
0 0.63125 0.0890625 0.04296875 0.0703125
0 0.6640625 0.07421875 0.02109375 0.09375
0 0.3890625 0.06328125 0.02734375 0.1046875
0 0.56875 0.4109375 0.034375 0.084375
0 0.63671875 0.925 0.03125 0.11953125
0 0.3296875 0.56796875 0.05390625 0.0265625
0 0.734375 0.41328125 0.01484375 0.09296875
0 0.66796875 0.41484375 0.02734375 0.0859375
0 0.63828125 0.41484375 0.02734375 0.0859375
0 0.603125 0.41015625 0.03125 0.0859375
0 0.725 0.58046875 0.02421875 0.075
0 0.7578125 0.565625 0.02890625 0.10703125
0 0.784375 0.565625 0.0203125 0.11015625
0 0.82578125 0.57421875 0.0546875 0.04609375
0 0.82890625 0.62734375 0.0625 0.05546875
0 0.75234375 0.415625 0.01875 0.08984375
0 0.76953125 0.74765625 0.04765625 0.10703125
0 0.63671875 0.7359375 0.0265625 0.1265625
0 0.66953125 0.740625 0.0265625 0.1234375
0 0.5703125 0.7390625 0.03203125 0.1234375
0 0.60546875 0.7390625 0.03828125 0.1203125
0 0.48203125 0.75 0.0296875 0.10546875
0 0.5125 0.75 0.03125 0.10546875
0 0.54140625 0.73984375 0.02109375 0.12734375
0 0.36640625 0.73671875 0.0234375 0.11171875
0 0.39453125 0.74453125 0.021875 0.10703125
0 0.72734375 0.75 0.02265625 0.1125
0 0.41875 0.753125 0.0265625 0.090625
0 0.78984375 0.40703125 0.040625 0.10546875
0 0.046875 0.58671875 0.02734375 0.10078125
0 0.5578125 0.55234375 0.02578125 0.1234375
0 0.584375 0.5546875 0.02578125 0.115625
0 0.61015625 0.5703125 0.025 0.08046875
0 0.6375 0.5703125 0.025 0.08046875
0 0.66328125 0.57109375 0.0265625 0.075
0 0.69765625 0.58203125 0.0265625 0.07578125
0 0.528125 0.56640625 0.0234375 0.09921875
0 0.503125 0.5546875 0.02109375 0.090625
0 0.47890625 0.565625 0.02109375 0.09453125
0 0.0203125 0.58828125 0.0265625 0.103125
0 0.44765625 0.56796875 0.02734375 0.0953125
0 0.38203125 0.56875 0.034375 0.0859375
0 0.35625 0.590625 0.009375 0.01953125
0 0.325 0.59296875 0.04921875 0.02109375
0 0.28125 0.54453125 0.021875 0.11953125
0 0.259375 0.54296875 0.021875 0.11953125
0 0.22578125 0.55625 0.0359375 0.09140625
0 0.140625 0.58125 0.0203125 0.11953125
0 0.115625 0.5765625 0.0265625 0.1203125
0 0.08203125 0.5796875 0.03203125 0.11328125
0 0.4140625 0.56640625 0.02734375 0.09296875
0 0.3078125 0.71796875 0.0265625 0.1453125
0 0.7015625 0.74453125 0.02265625 0.11875
0 0.228125 0.728125 0.0234375 0.1140625
0 0.34140625 0.71640625 0.02734375 0.1453125
0 0.01171875 0.4140625 0.0234375 0.05
0 0.775 0.94609375 0.02578125 0.08203125
0 0.74453125 0.9484375 0.028125 0.08203125
0 0.709375 0.92578125 0.03125 0.121875
0 0.60390625 0.92890625 0.0265625 0.10859375
0 0.57421875 0.925 0.02734375 0.11015625
0 0.53671875 0.91015625 0.0375 0.1375
0 0.496875 0.909375 0.03828125 0.140625
0 0.459375 0.90703125 0.0328125 0.1453125
0 0.4234375 0.9046875 0.03671875 0.14140625
0 0.38515625 0.90234375 0.03828125 0.14453125
0 0.3484375 0.9078125 0.0375 0.14296875
0 0.3109375 0.90703125 0.0375 0.140625
0 0.67265625 0.9234375 0.03203125 0.128125
0 0.18046875 0.91953125 0.04296875 0.046875
0 0.253125 0.73203125 0.025 0.1125
0 0.26875 0.90078125 0.04296875 0.1515625
0 0.28046875 0.734375 0.025 0.1140625
0 0.04140625 0.77421875 0.025 0.1015625
0 0.10390625 0.75 0.01484375 0.11796875
0 0.12421875 0.7671875 0.021875 0.12421875
0 0.065625 0.77265625 0.021875 0.1015625
0 0.18515625 0.76796875 0.0265625 0.12109375
0 0.02734375 0.9078125 0.04453125 0.05390625
0 0.07734375 0.909375 0.05 0.06015625
0 0.12890625 0.91875 0.05234375 0.05390625
0 0.15625 0.76640625 0.0296875 0.1265625