0 0.08828125 0.22421875 0.03828125 0.08984375
0 0.93671875 0.4546875 0.06015625 0.03046875
0 0.87109375 0.48671875 0.06328125 0.025
0 0.86875 0.45390625 0.06328125 0.0328125
0 0.8109375 0.47265625 0.03828125 0.06015625
0 0.771875 0.47265625 0.03359375 0.0609375
0 0.7234375 0.4234375 0.05390625 0.02578125
0 0.88359375 0.68125 0.0484375 0.06796875
0 0.93359375 0.68125 0.0328125 0.06328125
0 0.13203125 0.7828125 0.09921875 0.0265625
0 0.1203125 0.8234375 0.0890625 0.05078125
0 0.21015625 0.82265625 0.06875 0.05234375
0 0.30546875 0.834375 0.07734375 0.0578125
0 0.784375 0.22421875 0.0546875 0.08515625
0 0.72890625 0.22734375 0.05234375 0.08203125
0 0.93671875 0.4875 0.05625 0.0296875
0 0.53828125 0.240625 0.07890625 0.0546875
0 0.44765625 0.2421875 0.09453125 0.05078125
0 0.92421875 0.0921875 0.06015625 0.0296875
0 0.8640625 0.1234375 0.04921875 0.025
0 0.4390625 0.20234375 0.10625 0.021875
0 0.3625 0.23515625 0.03125 0.06796875
0 0.3109375 0.22421875 0.05234375 0.08984375
0 0.253125 0.22421875 0.046875 0.08984375
0 0.92265625 0.121875 0.05234375 0.0265625
0 0.17109375 0.23046875 0.0953125 0.07109375
0 0.0421875 0.2234375 0.040625 0.09609375
0 0.6390625 0.23828125 0.09453125 0.05703125
0 0.2828125 0.5421875 0.084375 0.021875
0 0.11796875 0.56015625 0.06171875 0.05859375
0 0.21484375 0.68203125 0.04296875 0.0703125
0 0.26796875 0.684375 0.04921875 0.0734375
0 0.3234375 0.68359375 0.04375 0.07734375
0 0.3703125 0.68359375 0.04140625 0.0765625
0 0.4203125 0.68125 0.0421875 0.071875
0 0.4671875 0.67890625 0.040625 0.075
0 0.52734375 0.67890625 0.04765625 0.0765625
0 0.57734375 0.6796875 0.04453125 0.08125
0 0.62109375 0.6859375 0.03515625 0.06953125
0 0.71484375 0.6765625 0.06796875 0.0734375
0 0.95390625 0.5765625 0.0296875 0.05
0 0.9203125 0.5765625 0.03125 0.05
0 0.8765625 0.58515625 0.0515625 0.03046875
0 0.046875 0.56640625 0.0640625 0.06875
0 0.82890625 0.68125 0.0484375 0.07109375
0 0.8203125 0.5671875 0.0515625 0.071875
0 0.76171875 0.565625 0.04296875 0.06796875
0 0.7125 0.565625 0.05078125 0.06875
0 0.66171875 0.565625 0.04765625 0.0671875
0 0.6078125 0.56484375 0.0484375 0.0703125
0 0.56171875 0.56484375 0.0390625 0.0734375
0 0.52109375 0.57109375 0.03125 0.06328125
0 0.48984375 0.56796875 0.0296875 0.0578125
0 0.45234375 0.56953125 0.03359375 0.06171875
0 0.39375 0.57265625 0.084375 0.04609375
0 0.29609375 0.5796875 0.0921875 0.04140625
0 0.86796875 0.09375 0.0484375 0.0296875
0 0.19921875 0.57421875 0.07265625 0.05
0 0.87734375 0.5515625 0.04609375 0.0359375
0 0.81015625 0.09609375 0.04609375 0.0859375
0 0.6453125 0.0953125 0.0546875 0.02421875
0 0.70078125 0.121875 0.04375 0.0328125
0 0.90703125 0.22578125 0.05234375 0.08046875
0 0.96640625 0.221875 0.05078125 0.08828125
0 0.02734375 0.365625 0.05078125 0.03203125
0 0.1875 0.09453125 0.0546875 0.0875
0 0.13125 0.10078125 0.05078125 0.0796875
0 0.11640625 0.36484375 0.0671875 0.02734375
0 0.05 0.11171875 0.0953125 0.0578125
0 0.39453125 0.83203125 0.08203125 0.0609375
0 0.48046875 0.80625 0.071875 0.10703125
0 0.55 0.79609375 0.0546875 0.08359375
0 0.63203125 0.81015625 0.08828125 0.11484375
0 0.72421875 0.8078125 0.08203125 0.11796875
0 0.81015625 0.778125 0.075 0.0390625
0 0.915625 0.8 0.09140625 0.04140625
0 0.821875 0.840625 0.08203125 0.03984375
0 0.9171875 0.840625 0.08984375 0.03671875
0 0.984375 0.81640625 0.03125 0.0921875
0 0.12890625 0.3265625 0.0546875 0.0390625
0 0.19296875 0.3265625 0.0609375 0.0296875
0 0.1890625 0.36328125 0.06484375 0.034375
0 0.33671875 0.32734375 0.06171875 0.0328125
0 0.3359375 0.36328125 0.0609375 0.0328125
0 0.40078125 0.3359375 0.0546875 0.02890625
0 0.40234375 0.3671875 0.05703125 0.028125
0 0.4734375 0.36328125 0.06171875 0.0375
0 0.54609375 0.3640625 0.06015625 0.034375
0 0.61484375 0.3625 0.04921875 0.0390625
0 0.84375 0.2234375 0.0515625 0.08359375
0 0.66640625 0.36171875 0.040625 0.03828125
0 0.72890625 0.325 0.04765625 0.03515625
0 0.728125 0.36171875 0.05 0.034375
0 0.64375 0.12421875 0.05078125 0.0234375
0 0.1609375 0.68203125 0.0484375 0.0734375
0 0.584375 0.103125 0.0546875 0.0703125
0 0.52890625 0.103125 0.05546875 0.07109375
0 0.45859375 0.0984375 0.07578125 0.08203125
0 0.378125 0.09921875 0.0734375 0.075
0 0.3703125 0.0484375 0.07734375 0.0203125
0 0.715625 0.471875 0.06484375 0.0609375
0 0.66171875 0.47265625 0.03515625 0.059375
0 0.61953125 0.4734375 0.0375 0.059375
0 0.5734375 0.4765625 0.040625 0.0546875
0 0.65625 0.4328125 0.0453125 0.01640625
0 0.60859375 0.4328125 0.0421875 0.0203125
0 0.76015625 0.0953125 0.04140625 0.09140625
0 0.56796875 0.43671875 0.03828125 0.02265625
0 0.46953125 0.46796875 0.0453125 0.0703125
0 0.41796875 0.46875 0.046875 0.0703125
0 0.371875 0.471875 0.040625 0.06484375
0 0.32265625 0.471875 0.0421875 0.0671875
0 0.25390625 0.48203125 0.08203125 0.04765625
0 0.15859375 0.4796875 0.09609375 0.04609375
0 0.05234375 0.48203125 0.09140625 0.04375
0 0.93125 0.3234375 0.0609375 0.0328125
0 0.8671875 0.325 0.0546875 0.0328125
0 0.93203125 0.36015625 0.0546875 0.03515625
0 0.865625 0.3609375 0.0609375 0.03515625
0 0.8015625 0.36171875 0.05859375 0.03671875
0 0.7984375 0.325 0.04765625 0.03203125
0 0.52265625 0.4609375 0.04765625 0.08359375
0 0.0828125 0.6953125 0.09609375 0.0515625