0 0.571875 0.90625 0.07890625 0.025
0 0.6296875 0.86171875 0.096875 0.04453125
0 0.72265625 0.86875 0.08515625 0.04296875
0 0.809375 0.871875 0.08203125 0.0359375
0 0.65078125 0.903125 0.07265625 0.02734375
0 0.73125 0.903125 0.07265625 0.02265625
0 0.8078125 0.90390625 0.0765625 0.025
0 0.928125 0.86875 0.14375 0.096875
0 0.1421875 0.7296875 0.10859375 0.0359375
0 0.13515625 0.7703125 0.10859375 0.040625
0 0.23671875 0.7671875 0.08984375 0.03828125
0 0.3328125 0.76875 0.09609375 0.034375
0 0.24375 0.7296875 0.09296875 0.03125
0 0.33515625 0.71484375 0.0875 0.040625
0 0.4265625 0.7359375 0.09140625 0.034375
0 0.515625 0.7328125 0.08515625 0.0359375
0 0.42578125 0.7703125 0.09375 0.03125
0 0.51484375 0.765625 0.08125 0.028125
0 0.60234375 0.76875 0.09140625 0.028125
0 0.60546875 0.7359375 0.09296875 0.0359375
0 0.6890625 0.76796875 0.07421875 0.0296875
0 0.49296875 0.90703125 0.07734375 0.02734375
0 0.41015625 0.9078125 0.0828125 0.028125
0 0.3234375 0.909375 0.07421875 0.028125
0 0.25 0.9078125 0.06953125 0.02578125
0 0.92109375 0.15 0.05703125 0.040625
0 0.9125 0.190625 0.0671875 0.025
0 0.85078125 0.184375 0.059375 0.025
0 0.7890625 0.184375 0.06015625 0.03046875
0 0.975 0.1921875 0.05 0.0375
0 0.22578125 0.02890625 0.053125 0.0453125
0 0.1625 0.0265625 0.05703125 0.0359375
0 0.09296875 0.02109375 0.04921875 0.034375
0 0.30078125 0.03125 0.06484375 0.0390625
0 0.3625 0.03359375 0.05546875 0.03125
0 0.7609375 0.7640625 0.06953125 0.028125
0 0.4234375 0.03984375 0.05546875 0.0421875
0 0.575 0.04375 0.11171875 0.04296875
0 0.69609375 0.0453125 0.11796875 0.053125
0 0.7984375 0.0578125 0.0703125 0.040625
0 0.865625 0.06015625 0.06015625 0.04140625
0 0.978125 0.0328125 0.04296875 0.02421875
0 0.9265625 0.05859375 0.0546875 0.03359375
0 0.97890625 0.06640625 0.0421875 0.0375
0 0.6890625 0.18125 0.10703125 0.025
0 0.11484375 0.9140625 0.06484375 0.0203125
0 0.18125 0.91015625 0.0640625 0.0203125
0 0.48203125 0.04453125 0.06015625 0.040625
0 0.83515625 0.76484375 0.075 0.021875
0 0.83515625 0.73515625 0.08046875 0.0328125
0 0.92578125 0.728125 0.0875 0.040625
0 0.11484375 0.5328125 0.05546875 0.0296875
0 0.18515625 0.53515625 0.06328125 0.028125
0 0.18203125 0.4984375 0.06796875 0.03984375
0 0.24765625 0.50078125 0.06171875 0.03828125
0 0.25 0.5390625 0.05546875 0.03671875
0 0.3546875 0.53515625 0.14296875 0.028125
0 0.35546875 0.503125 0.15078125 0.03359375
0 0.503125 0.5015625 0.14765625 0.04375
0 0.503125 0.53515625 0.14609375 0.025
0 0.62578125 0.53359375 0.09453125 0.03671875
0 0.11171875 0.49921875 0.06328125 0.0390625
0 0.72578125 0.53515625 0.09453125 0.0375
0 0.86875 0.53359375 0.04921875 0.03671875
0 0.953125 0.54375 0.06015625 0.0265625
0 0.9890625 0.51796875 0.021875 0.0328125
0 0.1015625 0.38359375 0.07578125 0.040625
0 0.09765625 0.41796875 0.08125 0.02734375
0 0.175 0.41796875 0.06171875 0.0234375
0 0.1765625 0.38515625 0.06640625 0.040625
0 0.24453125 0.38671875 0.06171875 0.040625
0 0.23984375 0.4203125 0.06484375 0.025
0 0.31171875 0.41953125 0.06796875 0.03046875
0 0.8109375 0.5328125 0.05390625 0.034375
0 0.8578125 0.14765625 0.06640625 0.0421875
0 0.98125 0.64453125 0.0375 0.0359375
0 0.93046875 0.64453125 0.0671875 0.0375
0 0.92421875 0.7671875 0.09296875 0.034375
0 0.10859375 0.6484375 0.07734375 0.034375
0 0.11328125 0.61015625 0.06953125 0.0359375
0 0.18828125 0.6125 0.0734375 0.0328125
0 0.1859375 0.64609375 0.07265625 0.0328125
0 0.2578125 0.646875 0.065625 0.0359375
0 0.26328125 0.61015625 0.07421875 0.034375
0 0.37421875 0.6078125 0.140625 0.03515625
0 0.36953125 0.64765625 0.146875 0.0296875
0 0.515625 0.6453125 0.13984375 0.02734375
0 0.98046875 0.6078125 0.0390625 0.034375
0 0.503125 0.609375 0.12421875 0.025
0 0.659375 0.64765625 0.04765625 0.0328125
0 0.71171875 0.64921875 0.05 0.03203125
0 0.7625 0.646875 0.05078125 0.034375
0 0.81171875 0.6484375 0.046875 0.0328125
0 0.8640625 0.65234375 0.04453125 0.03046875
0 0.803125 0.61015625 0.05390625 0.0421875
0 0.86171875 0.6125 0.06015625 0.0421875
0 0.7078125 0.6109375 0.06015625 0.0390625
0 0.5984375 0.6109375 0.0609375 0.040625
0 0.92890625 0.6078125 0.0640625 0.034375
0 0.609375 0.65 0.0453125 0.0296875
0 0.79140625 0.146875 0.06015625 0.04453125
0 0.57578125 0.16796875 0.11484375 0.0453125
0 0.7875 0.428125 0.04921875 0.03359375
0 0.51015625 0.4234375 0.065625 0.03203125
0 0.8 0.271875 0.05546875 0.040625
0 0.86171875 0.275 0.06171875 0.03984375
0 0.925 0.2765625 0.05703125 0.0421875
0 0.91953125 0.31484375 0.0578125 0.025
0 0.86015625 0.31015625 0.05703125 0.03125
0 0.80078125 0.309375 0.05703125 0.0328125
0 0.08984375 0.1171875 0.07421875 0.04765625
0 0.09609375 0.1578125 0.06796875 0.03125
0 0.16484375 0.16171875 0.06640625 0.03671875
0 0.2359375 0.16484375 0.07109375 0.034375
0 0.1640625 0.11953125 0.06796875 0.046875
0 0.23359375 0.125 0.065625 0.046875
0 0.3 0.128125 0.05859375 0.0375
0 0.3609375 0.13046875 0.0609375 0.0453125
0 0.42265625 0.1359375 0.0625 0.0390625
0 0.478125 0.171875 0.05859375 0.0296875
0 0.4171875 0.175 0.05390625 0.0390625
0 0.35859375 0.17421875 0.05390625 0.040625
0 0.23125 0.35 0.10703125 0.02890625
0 0.57578125 0.4234375 0.06015625 0.0328125
0 0.63671875 0.425 0.05703125 0.03203125
0 0.69765625 0.4265625 0.05703125 0.0296875
0 0.70078125 0.3953125 0.05859375 0.028125
0 0.640625 0.3953125 0.05859375 0.025
0 0.57578125 0.39375 0.06484375 0.025
0 0.3765625 0.4203125 0.05859375 0.034375
0 0.44453125 0.421875 0.06640625 0.03125
0 0.83828125 0.428125 0.053125 0.034375
0 0.503125 0.35234375 0.0484375 0.021875
0 0.50625 0.38515625 0.0453125 0.0375
0 0.30234375 0.1703125 0.05703125 0.04140625
0 0.3890625 0.38359375 0.0625 0.03984375
0 0.45078125 0.38359375 0.06015625 0.03984375
0 0.890625 0.42890625 0.046875 0.034375
0 0.78359375 0.39140625 0.053125 0.0390625
0 0.8359375 0.3875 0.05078125 0.0453125
0 0.88984375 0.390625 0.05390625 0.0375
0 0.74296875 0.4265625 0.03046875 0.03515625
0 0.9484375 0.4015625 0.05390625 0.03828125
0 0.9875 0.40234375 0.02421875 0.0375
0 0.98671875 0.434375 0.0265625 0.028125
0 0.10234375 0.25546875 0.06015625 0.040625
0 0.10390625 0.290625 0.06328125 0.03125
0 0.16484375 0.2921875 0.06171875 0.0296875
0 0.22890625 0.29921875 0.065625 0.0375
0 0.234375 0.25859375 0.06640625 0.04296875
0 0.94609375 0.434375 0.05859375 0.028125
0 0.30859375 0.2578125 0.06328125 0.04140625
0 0.321875 0.35 0.06171875 0.025
0 0.16484375 0.25625 0.06484375 0.040625
0 0.3203125 0.3828125 0.0640625 0.0390625
0 0.71796875 0.309375 0.10703125 0.04453125
0 0.71796875 0.26953125 0.1078125 0.0328125
0 0.60625 0.30234375 0.109375 0.0421875
0 0.50546875 0.29921875 0.06484375 0.03125
0 0.60625 0.265625 0.11640625 0.0265625
0 0.43984375 0.29765625 0.06328125 0.03203125
0 0.3703125 0.2953125 0.06953125 0.034375
0 0.303125 0.29453125 0.0640625 0.03046875
0 0.50234375 0.2609375 0.06171875 0.040625
0 0.43828125 0.2609375 0.05859375 0.0390625
0 0.375 0.259375 0.06640625 0.03984375