0 0.55625 0.41484375 0.11796875 0.08984375
0 0.13984375 0.4046875 0.071875 0.109375
0 0.215625 0.40625 0.0765625 0.10625
0 0.41640625 0.41953125 0.04921875 0.07421875
0 0.471875 0.415625 0.05078125 0.0796875
0 0.66015625 0.42265625 0.04375 0.071875
0 0.71640625 0.428125 0.04296875 0.07265625
0 0.7640625 0.42734375 0.0484375 0.07421875
0 0.84296875 0.40390625 0.1 0.06484375
0 0.9484375 0.4046875 0.103125 0.059375
0 0.021875 0.50546875 0.04375 0.0671875
0 0.0875 0.50625 0.08125 0.07421875
0 0.15546875 0.5078125 0.0546875 0.0703125
0 0.2109375 0.50625 0.0546875 0.07109375
0 0.26953125 0.50625 0.053125 0.0703125
0 0.32578125 0.50703125 0.05546875 0.06875
0 0.53984375 0.50390625 0.04375 0.06328125
0 0.60078125 0.5140625 0.04765625 0.06171875
0 0.64765625 0.5140625 0.04375 0.0609375
0 0.696875 0.515625 0.04765625 0.05859375
0 0.7328125 0.51328125 0.021875 0.05078125
0 0.76328125 0.515625 0.03359375 0.05234375
0 0.84453125 0.4953125 0.10234375 0.05703125
0 0.9484375 0.49453125 0.103125 0.05703125
0 0.025 0.6140625 0.05 0.0453125
0 0.05859375 0.40078125 0.08359375 0.1140625
0 0.94765625 0.315625 0.10390625 0.06171875
0 0.8671875 0.315625 0.05078125 0.065625
0 0.8015625 0.3078125 0.03984375 0.0796875
0 0.121875 0.18515625 0.05625 0.08359375
0 0.18046875 0.18984375 0.05078125 0.0828125
0 0.2359375 0.1875 0.05703125 0.08828125
0 0.29296875 0.19140625 0.05234375 0.08203125
0 0.35078125 0.19296875 0.053125 0.08671875
0 0.45859375 0.19140625 0.053125 0.090625
0 0.515625 0.19296875 0.05625 0.0921875
0 0.5859375 0.19140625 0.07890625 0.0984375
0 0.765625 0.2046875 0.0546875 0.0765625
0 0.8234375 0.2015625 0.05234375 0.0828125
0 0.90390625 0.21171875 0.103125 0.06796875
0 0.07578125 0.6203125 0.0453125 0.0390625
0 0.02890625 0.2984375 0.05703125 0.0734375
0 0.1390625 0.3 0.0546875 0.07109375
0 0.20390625 0.28984375 0.065625 0.09921875
0 0.265625 0.3015625 0.05 0.075
0 0.3203125 0.3046875 0.05 0.07265625
0 0.371875 0.3078125 0.046875 0.06875
0 0.43046875 0.296875 0.065625 0.09453125
0 0.4890625 0.31015625 0.04921875 0.06953125
0 0.5421875 0.309375 0.0484375 0.078125
0 0.5390625 0.26015625 0.05 0.01640625
0 0.66953125 0.30390625 0.0546875 0.084375
0 0.75234375 0.30390625 0.05234375 0.0890625
0 0.0828125 0.30078125 0.04296875 0.0703125
0 0.12890625 0.62421875 0.053125 0.03828125
0 0.125 0.58671875 0.05390625 0.0328125
0 0.07578125 0.58125 0.0453125 0.0359375
0 0.47265625 0.69140625 0.03984375 0.05859375
0 0.51484375 0.69609375 0.0390625 0.059375
0 0.5546875 0.68203125 0.0375 0.05859375
0 0.65234375 0.70625 0.0328125 0.0453125
0 0.69140625 0.69375 0.03359375 0.0421875
0 0.80625 0.70234375 0.08671875 0.05
0 0.9640625 0.696875 0.0671875 0.0390625
0 0.04140625 0.7890625 0.06640625 0.0671875
0 0.11015625 0.790625 0.06484375 0.0671875
0 0.175 0.7875 0.06484375 0.0640625
0 0.23515625 0.7703125 0.0375 0.05078125
0 0.271875 0.76328125 0.02265625 0.040625
0 0.30390625 0.7828125 0.040625 0.07578125
0 0.34296875 0.7828125 0.0375 0.07578125
0 0.38203125 0.78125 0.03828125 0.07578125
0 0.421875 0.78125 0.0359375 0.0765625
0 0.46015625 0.78203125 0.0390625 0.07734375
0 0.496875 0.78203125 0.03515625 0.07734375
0 0.53828125 0.78046875 0.0359375 0.075
0 0.5796875 0.78125 0.03828125 0.07265625
0 0.61796875 0.778125 0.0328125 0.0671875
0 0.65546875 0.78046875 0.034375 0.07421875
0 0.721875 0.79375 0.090625 0.04609375
0 0.8125 0.79140625 0.08671875 0.0484375
0 0.9453125 0.7953125 0.06484375 0.04296875
0 0.3859375 0.69921875 0.04609375 0.07109375
0 0.06953125 0.18828125 0.04609375 0.07421875
0 0.33515625 0.69921875 0.04609375 0.07109375
0 0.25078125 0.703125 0.03671875 0.06328125
0 0.1859375 0.61640625 0.0453125 0.028125
0 0.23515625 0.603125 0.05390625 0.02578125
0 0.290625 0.60390625 0.05 0.02421875
0 0.3421875 0.60390625 0.05234375 0.02421875
0 0.23671875 0.62890625 0.04921875 0.02265625
0 0.290625 0.6296875 0.05 0.02421875
0 0.3453125 0.63046875 0.05078125 0.02265625
0 0.39375 0.60546875 0.04140625 0.06953125
0 0.43828125 0.60390625 0.04453125 0.0765625
0 0.48359375 0.61171875 0.040625 0.05625
0 0.528125 0.61328125 0.0453125 0.0578125
0 0.57109375 0.61015625 0.0375 0.05703125
0 0.61328125 0.60859375 0.040625 0.0546875
0 0.659375 0.6078125 0.04296875 0.05703125
0 0.7234375 0.584375 0.03203125 0.05234375
0 0.81640625 0.56484375 0.0671875 0.05
0 0.88828125 0.5640625 0.06796875 0.05078125
0 0.95859375 0.56484375 0.06640625 0.053125
0 0.81953125 0.640625 0.09296875 0.05234375
0 0.91171875 0.640625 0.08671875 0.0515625
0 0.015625 0.69453125 0.03046875 0.07109375
0 0.0515625 0.6859375 0.021875 0.0609375
0 0.084375 0.69921875 0.0375 0.06796875
0 0.12734375 0.70234375 0.03359375 0.059375
0 0.16484375 0.7 0.0359375 0.0609375
0 0.290625 0.70078125 0.034375 0.06171875
0 0.02265625 0.190625 0.040625 0.06328125