0 0.121875 0.6609375 0.0546875 0.08046875
0 0.471875 0.60625 0.0328125 0.0703125
0 0.015625 0.65859375 0.03125 0.08125
0 0.0140625 0.58984375 0.028125 0.0203125
0 0.01875 0.56640625 0.0375 0.01953125
0 0.51328125 0.59453125 0.04140625 0.05234375
0 0.06328125 0.58984375 0.0625 0.02109375
0 0.1265625 0.5890625 0.06015625 0.01796875
0 0.55703125 0.603125 0.03046875 0.05546875
0 0.18515625 0.5671875 0.06875 0.02109375
0 0.19453125 0.58984375 0.06796875 0.0140625
0 0.259375 0.5859375 0.05703125 0.0203125
0 0.3234375 0.56640625 0.06171875 0.0171875
0 0.71171875 0.6 0.0421875 0.0609375
0 0.6515625 0.5984375 0.05 0.04375
0 0.596875 0.60625 0.0328125 0.04765625
0 0.0625 0.66015625 0.0515625 0.08203125
0 0.3203125 0.58671875 0.059375 0.0171875
0 0.5078125 0.6953125 0.04296875 0.07421875
0 0.240625 0.65703125 0.05546875 0.0796875
0 0.346875 0.8515625 0.04140625 0.08515625
0 0.64921875 0.8640625 0.04140625 0.0796875
0 0.60546875 0.865625 0.03515625 0.07265625
0 0.40703125 0.86875 0.05234375 0.08515625
0 0.021875 0.75390625 0.03984375 0.07734375
0 0.06796875 0.753125 0.0390625 0.08359375
0 0.1234375 0.75390625 0.05703125 0.0796875
0 0.18828125 0.75234375 0.06171875 0.08203125
0 0.24609375 0.75234375 0.05078125 0.078125
0 0.29921875 0.7515625 0.0484375 0.078125
0 0.33828125 0.7484375 0.02578125 0.07421875
0 0.3796875 0.76796875 0.0375 0.0640625
0 0.4234375 0.77734375 0.04453125 0.06875
0 0.18046875 0.66015625 0.05625 0.08203125
0 0.46953125 0.778125 0.040625 0.06953125
0 0.5375 0.78046875 0.03203125 0.05703125
0 0.5734375 0.771875 0.025 0.05546875
0 0.6109375 0.77734375 0.03359375 0.07890625
0 0.65703125 0.77578125 0.046875 0.06953125
0 0.6484375 0.69296875 0.05078125 0.07109375
0 0.59765625 0.69375 0.040625 0.06875
0 0.5546875 0.69453125 0.04140625 0.075
0 0.42890625 0.6109375 0.0421875 0.06953125
0 0.46640625 0.69453125 0.03359375 0.0625
0 0.42265625 0.69375 0.04375 0.06328125
0 0.375 0.69921875 0.04609375 0.05703125
0 0.375 0.61640625 0.046875 0.05546875
0 0.3015625 0.65859375 0.05703125 0.078125
0 0.50703125 0.77890625 0.02265625 0.06015625
0 0.61328125 0.52578125 0.040625 0.059375
0 0.29140625 0.415625 0.090625 0.0328125
0 0.515625 0.52578125 0.04296875 0.05546875
0 0.1515625 0.15 0.0765625 0.07265625
0 0.3015625 0.25390625 0.05 0.0484375
0 0.3453125 0.26328125 0.015625 0.0421875
0 0.36328125 0.2625 0.015625 0.04296875
0 0.37890625 0.2625 0.01328125 0.04296875
0 0.303125 0.15390625 0.05234375 0.06875
0 0.3546875 0.16484375 0.03828125 0.075
0 0.41328125 0.16171875 0.046875 0.07890625
0 0.41640625 0.26796875 0.01484375 0.0421875
0 0.43515625 0.26796875 0.015625 0.04921875
0 0.46796875 0.1640625 0.04375 0.07421875
0 0.52734375 0.1921875 0.0453125 0.13984375
0 0.58046875 0.1953125 0.0453125 0.13828125
0 0.64609375 0.18359375 0.0640625 0.12421875
0 0.73125 0.04296875 0.08515625 0.07109375
0 0.81640625 0.04375 0.07734375 0.075
0 0.92890625 0.04140625 0.140625 0.078125
0 0.3203125 0.03671875 0.04609375 0.06640625
0 0.26171875 0.03671875 0.0546875 0.06796875
0 0.2 0.03671875 0.05703125 0.07109375
0 0.1234375 0.03515625 0.0796875 0.06484375
0 0.04296875 0.03515625 0.0734375 0.0671875
0 0.3015625 0.85234375 0.04296875 0.08359375
0 0.07890625 0.153125 0.06328125 0.07265625
0 0.56640625 0.52734375 0.04296875 0.05703125
0 0.02265625 0.1546875 0.0453125 0.0703125
0 0.1578125 0.2421875 0.075 0.0796875
0 0.4671875 0.52734375 0.0453125 0.0546875
0 0.42265625 0.52890625 0.040625 0.05546875
0 0.36796875 0.52734375 0.0453125 0.05859375
0 0.0265625 0.5234375 0.053125 0.03515625
0 0.09609375 0.5234375 0.07578125 0.0328125
0 0.1734375 0.528125 0.075 0.02265625
0 0.3265625 0.509375 0.03359375 0.05
0 0.2640625 0.5125 0.08671875 0.04609375
0 0.2890625 0.45625 0.0765625 0.02734375
0 0.20078125 0.45703125 0.09140625 0.028125
0 0.0953125 0.46015625 0.1 0.02734375
0 0.02578125 0.4203125 0.05078125 0.025
0 0.103125 0.41640625 0.0984375 0.02734375
0 0.1984375 0.4140625 0.0828125 0.0328125
0 0.2625 0.35625 0.05625 0.02109375
0 0.31953125 0.35546875 0.05 0.02578125
0 0.20859375 0.33515625 0.06875 0.01875
0 0.20078125 0.3578125 0.06171875 0.0203125
0 0.13515625 0.35859375 0.0625 0.01875
0 0.13515625 0.33359375 0.06328125 0.0203125
0 0.0171875 0.33203125 0.034375 0.0671875
0 0.0703125 0.33359375 0.0609375 0.06484375
0 0.23515625 0.23984375 0.0734375 0.075
0 0.06640625 0.25078125 0.09765625 0.0625
0 0.24296875 0.85078125 0.0671875 0.09296875
0 0.47578125 0.87109375 0.03046875 0.07578125
0 0.09140625 0.85234375 0.0703125 0.08984375
0 0.565625 0.43203125 0.0390625 0.078125
0 0.609375 0.4375 0.03828125 0.075
0 0.6578125 0.43203125 0.04296875 0.06796875
0 0.93984375 0.4765625 0.05078125 0.06796875
0 0.88359375 0.49453125 0.04375 0.03671875
0 0.8796875 0.45390625 0.0453125 0.0375
0 0.83984375 0.48984375 0.03515625 0.04921875
0 0.8078125 0.48046875 0.0203125 0.06640625
0 0.7671875 0.48515625 0.0546875 0.053125
0 0.75703125 0.6 0.03984375 0.0609375
0 0.69296875 0.66015625 0.03359375 0.05546875
0 0.73828125 0.6640625 0.0453125 0.05234375
0 0.51875 0.43203125 0.040625 0.078125
0 0.77734375 0.66171875 0.0296875 0.05546875
0 0.80078125 0.59921875 0.040625 0.05703125
0 0.84765625 0.59609375 0.040625 0.05234375
0 0.8953125 0.59765625 0.0421875 0.053125
0 0.940625 0.59765625 0.04296875 0.05703125
0 0.9328125 0.6578125 0.04296875 0.0515625
0 0.87890625 0.65546875 0.05625 0.05625
0 0.87734375 0.734375 0.040625 0.05625
0 0.846875 0.73828125 0.015625 0.046875
0 0.8171875 0.7359375 0.03828125 0.05546875
0 0.7671875 0.73046875 0.0453125 0.06875
0 0.7171875 0.73828125 0.04375 0.05625
0 0.6890625 0.81484375 0.0125 0.0640625
0 0.81171875 0.66484375 0.03359375 0.05078125
0 0.70703125 0.8078125 0.01875 0.07421875
0 0.47421875 0.4328125 0.03984375 0.078125
0 0.37109375 0.43515625 0.0515625 0.075
0 0.965625 0.2078125 0.04453125 0.078125
0 0.915625 0.20703125 0.04765625 0.0796875
0 0.8640625 0.209375 0.04921875 0.078125
0 0.8140625 0.21015625 0.04609375 0.08046875
0 0.76875 0.21015625 0.03203125 0.0875
0 0.72734375 0.21328125 0.04765625 0.084375
0 0.6890625 0.21328125 0.01640625 0.0859375
0 0.95625 0.3796875 0.05703125 0.0765625
0 0.89453125 0.38203125 0.053125 0.07421875
0 0.840625 0.384375 0.046875 0.06328125
0 0.78359375 0.38671875 0.04453125 0.06484375
0 0.73125 0.3859375 0.0375 0.0609375
0 0.42109375 0.43671875 0.040625 0.08046875
0 0.6921875 0.384375 0.02421875 0.07109375
0 0.753125 0.315625 0.0515625 0.07265625
0 0.96171875 0.3046875 0.04765625 0.0640625
0 0.90625 0.3 0.05078125 0.06796875
0 0.8515625 0.303125 0.04765625 0.07421875
0 0.80625 0.30390625 0.04140625 0.07265625
0 0.37109375 0.353125 0.0484375 0.0765625
0 0.434375 0.34296875 0.04140625 0.0765625
0 0.48046875 0.3515625 0.04375 0.071875
0 0.54453125 0.34765625 0.04609375 0.0734375
0 0.59140625 0.346875 0.03828125 0.07265625
0 0.16484375 0.85234375 0.07265625 0.09140625
0 0.6515625 0.3375 0.04921875 0.08046875
0 0.70234375 0.30859375 0.0359375 0.06875
0 0.734375 0.8109375 0.028125 0.0703125
0 0.7109375 0.4796875 0.04765625 0.06796875
0 0.784375 0.80625 0.02109375 0.06171875
0 0.02578125 0.85390625 0.0515625 0.0890625
0 0.8640625 0.8078125 0.02421875 0.059375
0 0.83203125 0.80625 0.02265625 0.05859375
0 0.80703125 0.80546875 0.02265625 0.05546875
0 0.7609375 0.8109375 0.02109375 0.065625