0 0.44921875 0.5953125 0.0515625 0.05234375
0 0.38828125 0.59140625 0.0640625 0.06796875
0 0.315625 0.58828125 0.046875 0.05859375
0 0.25703125 0.60234375 0.0640625 0.06484375
0 0.75234375 0.4765625 0.04921875 0.0453125
0 0.18359375 0.61796875 0.08515625 0.04453125
0 0.49609375 0.59375 0.0421875 0.0578125
0 0.70078125 0.48359375 0.0421875 0.0453125
0 0.65390625 0.48828125 0.04453125 0.04765625
0 0.60390625 0.49375 0.05703125 0.04765625
0 0.3625 0.50703125 0.059375 0.0484375
0 0.57890625 0.578125 0.04140625 0.0484375
0 0.74609375 0.56015625 0.03046875 0.04921875
0 0.6671875 0.57421875 0.03515625 0.0484375
0 0.70703125 0.56875 0.04609375 0.05625
0 0.175 0.71796875 0.075 0.021875
0 0.2015625 0.7359375 0.0703125 0.01015625
0 0.20859375 0.75625 0.07109375 0.02109375
0 0.271875 0.7046875 0.08671875 0.06875
0 0.546875 0.5 0.0515625 0.0453125
0 0.35859375 0.6953125 0.0796875 0.0703125
0 0.44140625 0.6921875 0.0765625 0.0796875
0 0.515625 0.6796875 0.06171875 0.0796875
0 0.5875 0.67109375 0.078125 0.08125
0 0.65859375 0.684375 0.05078125 0.0484375
0 0.70390625 0.634375 0.06171875 0.034375
0 0.62109375 0.57890625 0.04296875 0.0546875
0 0.49453125 0.5 0.0515625 0.04375
0 0.45546875 0.303125 0.03203125 0.06796875
0 0.20859375 0.29921875 0.05859375 0.08125
0 0.28203125 0.50859375 0.08515625 0.05078125
0 0.2203125 0.51328125 0.03046875 0.0484375
0 0.190625 0.51328125 0.02890625 0.04765625
0 0.16328125 0.51484375 0.02265625 0.05
0 0.1375 0.5171875 0.03203125 0.04453125
0 0.7546875 0.40078125 0.06484375 0.05546875
0 0.6921875 0.40625 0.0578125 0.06015625
0 0.6328125 0.409375 0.06328125 0.05390625
0 0.56640625 0.41171875 0.071875 0.05703125
0 0.4921875 0.41484375 0.07265625 0.0625
0 0.40859375 0.41953125 0.078125 0.05703125
0 0.3265625 0.42265625 0.08046875 0.059375
0 0.265625 0.41796875 0.04140625 0.078125
0 0.22421875 0.41796875 0.04296875 0.07890625
0 0.14375 0.42421875 0.046875 0.08046875
0 0.784375 0.26484375 0.04296875 0.12734375
0 0.74375 0.26171875 0.0390625 0.13359375
0 0.65 0.2640625 0.05703125 0.13671875
0 0.6015625 0.2625 0.0390625 0.1390625
0 0.51640625 0.30234375 0.02890625 0.0671875
0 0.48671875 0.30234375 0.03046875 0.06640625
0 0.7140625 0.6640625 0.0484375 0.02578125
0 0.425 0.30234375 0.03046875 0.06796875
0 0.38203125 0.2921875 0.04765625 0.09140625
0 0.3328125 0.2921875 0.05390625 0.09453125
0 0.2875 0.30625 0.02890625 0.065625
0 0.25546875 0.3078125 0.03359375 0.0640625
0 0.14453125 0.3015625 0.06484375 0.0796875
0 0.71171875 0.68828125 0.0453125 0.021875
0 0.68203125 0.75234375 0.046875 0.04453125
0 0.75703125 0.67734375 0.03359375 0.03125
0 0.84140625 0.64140625 0.04921875 0.0578125
0 0.89453125 0.62265625 0.05625 0.059375
0 0.975 0.60234375 0.04375 0.065625
0 0.94453125 0.6953125 0.040625 0.0546875
0 0.79765625 0.80078125 0.06640625 0.059375
0 0.85625 0.79296875 0.05625 0.0765625
0 0.90625 0.784375 0.04375 0.06796875
0 0.953125 0.77890625 0.04765625 0.07734375
0 0.9875 0.77109375 0.02109375 0.07265625
0 0.05703125 0.246875 0.0828125 0.0640625
0 0.0578125 0.346875 0.08046875 0.05390625
0 0.065625 0.48046875 0.09609375 0.0828125
0 0.79921875 0.6328125 0.034375 0.0546875
0 0.078125 0.0515625 0.109375 0.10078125
0 0.3328125 0.05390625 0.134375 0.10546875
0 0.45 0.06015625 0.0953125 0.11875
0 0.54375 0.07265625 0.09375 0.09375
0 0.6296875 0.07890625 0.0765625 0.10546875
0 0.73125 0.075 0.115625 0.11640625
0 0.84609375 0.07265625 0.11015625 0.1203125
0 0.95625 0.07734375 0.0578125 0.140625
0 0.0734375 0.56640625 0.0828125 0.02265625
0 0.08359375 0.60625 0.06328125 0.059375
0 0.021875 0.61171875 0.0375 0.075
0 0.0703125 0.7109375 0.11484375 0.06953125
0 0.11640625 0.94453125 0.09609375 0.07265625
0 0.20234375 0.05390625 0.12734375 0.10546875
0 0.9515625 0.54375 0.0421875 0.01328125
0 0.95390625 0.52734375 0.03984375 0.01875
0 0.9484375 0.50703125 0.04921875 0.0234375
0 0.20859375 0.83359375 0.08828125 0.06015625
0 0.27890625 0.828125 0.04921875 0.04296875
0 0.31640625 0.809375 0.02890625 0.05234375
0 0.41015625 0.79765625 0.06484375 0.053125
0 0.57890625 0.76953125 0.0484375 0.04921875
0 0.6328125 0.76171875 0.0375 0.05390625
0 0.7296875 0.7390625 0.03984375 0.04375
0 0.259375 0.9140625 0.18359375 0.05625
0 0.42734375 0.89453125 0.11875 0.0640625
0 0.5203125 0.8578125 0.07109375 0.034375
0 0.6078125 0.8484375 0.08359375 0.05625
0 0.68828125 0.83359375 0.07578125 0.05390625
0 0.84921875 0.21640625 0.078125 0.065625
0 0.92734375 0.21875 0.07734375 0.06171875
0 0.9828125 0.2203125 0.03359375 0.0640625
0 0.8421875 0.3203125 0.03515625 0.0625
0 0.87265625 0.32265625 0.025 0.05859375
0 0.9015625 0.31953125 0.03203125 0.06171875
0 0.94140625 0.33046875 0.04765625 0.0390625
0 0.98359375 0.32734375 0.0328125 0.0453125
0 0.81796875 0.41875 0.05 0.05625
0 0.87265625 0.4265625 0.059375 0.04140625
0 0.93359375 0.41015625 0.0453125 0.06484375
0 0.9671875 0.4125 0.01953125 0.06015625
0 0.98828125 0.41171875 0.0234375 0.05859375
0 0.83359375 0.51953125 0.07421875 0.1
0 0.90234375 0.54609375 0.0578125 0.046875
0 0.75703125 0.64453125 0.03671875 0.0328125
0 0.83828125 0.70078125 0.09453125 0.0296875
0 0.4296875 0.5 0.07265625 0.053125