0 0.43125 0.246875 0.03984375 0.125
0 0.47421875 0.24765625 0.03984375 0.12421875
0 0.5203125 0.21328125 0.03984375 0.12421875
0 0.5671875 0.24296875 0.0390625 0.12421875
0 0.61171875 0.24453125 0.0390625 0.125
0 0.659375 0.2421875 0.04375 0.1265625
0 0.74375 0.21171875 0.02578125 0.13515625
0 0.77890625 0.209375 0.03828125 0.134375
0 0.38984375 0.24453125 0.03984375 0.125
0 0.86953125 0.2078125 0.0453125 0.134375
0 0.91796875 0.2078125 0.0453125 0.134375
0 0.065625 0.421875 0.03359375 0.109375
0 0.1 0.421875 0.03125 0.109375
0 0.134375 0.40703125 0.02890625 0.1265625
0 0.16484375 0.40625 0.0296875 0.1265625
0 0.19921875 0.40703125 0.02890625 0.1265625
0 0.23046875 0.40234375 0.02890625 0.1265625
0 0.725 0.66796875 0.01953125 0.11171875
0 0.2640625 0.396875 0.03359375 0.14296875
0 0.29921875 0.3953125 0.03125 0.140625
0 0.81875 0.20859375 0.03828125 0.134375
0 0.7578125 0.66484375 0.03828125 0.11875
0 0.753125 0.803125 0.03671875 0.1109375
0 0.84140625 0.66328125 0.03828125 0.11875
0 0.47734375 0.05703125 0.0328125 0.1140625
0 0.4421875 0.05703125 0.0328125 0.1140625
0 0.40703125 0.05703125 0.0328125 0.1140625
0 0.37265625 0.06015625 0.03125 0.11171875
0 0.28203125 0.06171875 0.03359375 0.1234375
0 0.24453125 0.0625 0.0296875 0.125
0 0.51328125 0.05703125 0.0328125 0.1140625
0 0.2109375 0.0625 0.03125 0.125
0 0.14296875 0.06328125 0.0296875 0.12578125
0 0.9046875 0.91875 0.03515625 0.075
0 0.8671875 0.91640625 0.03515625 0.075
0 0.82578125 0.91640625 0.03515625 0.075
0 0.7859375 0.9171875 0.03515625 0.075
0 0.74765625 0.9171875 0.03515625 0.075
0 0.17578125 0.0625 0.0296875 0.125
0 0.79765625 0.66484375 0.03828125 0.11875
0 0.54921875 0.05703125 0.0328125 0.1140625
0 0.62109375 0.05703125 0.0328125 0.1140625
0 0.884375 0.66484375 0.03828125 0.11875
0 0.92578125 0.66328125 0.03828125 0.11875
0 0.96875 0.66328125 0.04375 0.115625
0 0.72265625 0.80703125 0.01953125 0.10625
0 0.79375 0.80234375 0.03828125 0.109375
0 0.83359375 0.8015625 0.03671875 0.10859375
0 0.584375 0.05703125 0.0328125 0.1140625
0 0.86796875 0.8015625 0.028125 0.10390625
0 0.9328125 0.7984375 0.03125 0.10390625
0 0.71953125 0.9203125 0.0171875 0.075
0 0.8234375 0.0546875 0.03984375 0.109375
0 0.77890625 0.0546875 0.03671875 0.10859375
0 0.74609375 0.0546875 0.02421875 0.10859375
0 0.65625 0.05703125 0.0328125 0.1140625
0 0.9 0.79921875 0.03125 0.10390625
0 0.11015625 0.06328125 0.0296875 0.12578125
0 0.4890625 0.5671875 0.03125 0.11875
0 0.0453125 0.06328125 0.0296875 0.12578125
0 0.48984375 0.73125 0.03046875 0.10703125
0 0.45859375 0.72890625 0.03046875 0.10703125
0 0.428125 0.7625 0.025 0.03984375
0 0.6578125 0.8734375 0.02578125 0.103125
0 0.628125 0.87734375 0.0296875 0.10078125
0 0.59765625 0.87734375 0.03046875 0.10078125
0 0.5640625 0.87578125 0.0296875 0.10078125
0 0.52421875 0.8765625 0.0296875 0.10078125
0 0.0796875 0.5734375 0.0328125 0.1234375
0 0.115625 0.5734375 0.0328125 0.1234375
0 0.15078125 0.56875 0.03125 0.13046875
0 0.18203125 0.5671875 0.028125 0.1390625
0 0.21640625 0.565625 0.034375 0.13671875
0 0.2765625 0.56953125 0.034375 0.12109375
0 0.52109375 0.7328125 0.028125 0.10234375
0 0.3125 0.57109375 0.034375 0.1109375
0 0.134375 0.7484375 0.034375 0.12890625
0 0.16875 0.73359375 0.03046875 0.14609375
0 0.87109375 0.0546875 0.04296875 0.109375
0 0.20234375 0.73515625 0.03359375 0.14765625
0 0.23671875 0.734375 0.03359375 0.14765625
0 0.27265625 0.74296875 0.0328125 0.1328125
0 0.30859375 0.73984375 0.0328125 0.1328125
0 0.3359375 0.73515625 0.01953125 0.12578125
0 0.09921875 0.90078125 0.0296875 0.1078125
0 0.13828125 0.90078125 0.03671875 0.10546875
0 0.18671875 0.89375 0.04140625 0.10234375
0 0.403125 0.89375 0.02578125 0.0796875
0 0.4609375 0.8953125 0.02578125 0.0796875
0 0.49140625 0.89296875 0.02578125 0.0796875
0 0.09609375 0.74921875 0.0359375 0.12890625
0 0.0765625 0.06328125 0.0296875 0.12578125
0 0.5515625 0.7296875 0.02890625 0.10234375
0 0.6140625 0.73046875 0.02890625 0.10234375
0 0.01484375 0.06328125 0.0296875 0.12578125
0 0.97734375 0.52265625 0.0421875 0.12421875
0 0.93359375 0.52109375 0.0390625 0.12421875
0 0.88984375 0.52265625 0.0390625 0.12421875
0 0.8453125 0.5234375 0.0390625 0.12421875
0 0.80078125 0.5203125 0.0390625 0.12421875
0 0.76015625 0.5234375 0.03671875 0.1203125
0 0.73046875 0.52421875 0.01875 0.11484375
0 0.9859375 0.3625 0.028125 0.13046875
0 0.946875 0.36484375 0.04375 0.13046875
0 0.9 0.3703125 0.04375 0.13046875
0 0.85234375 0.36953125 0.03984375 0.13125
0 0.80859375 0.36796875 0.03984375 0.13125
0 0.76640625 0.3703125 0.0421875 0.13046875
0 0.58203125 0.72890625 0.02890625 0.10234375
0 0.73359375 0.371875 0.01953125 0.1265625
0 0.61328125 0.4234375 0.0390625 0.11484375
0 0.56796875 0.41875 0.0375 0.11796875
0 0.525 0.41953125 0.03671875 0.11796875
0 0.48203125 0.42109375 0.0375 0.11796875
0 0.43984375 0.4265625 0.03984375 0.1140625
0 0.39765625 0.42578125 0.04140625 0.115625
0 0.6546875 0.565625 0.0296875 0.12109375
0 0.62109375 0.565625 0.0296875 0.12109375
0 0.58046875 0.56484375 0.0296875 0.12109375
0 0.5484375 0.56484375 0.02734375 0.121875
0 0.45390625 0.57578125 0.03046875 0.11015625
0 0.421875 0.57265625 0.03046875 0.11015625
0 0.39140625 0.55859375 0.02734375 0.09921875
0 0.64765625 0.73125 0.03125 0.10078125
0 0.65390625 0.421875 0.03515625 0.11328125
0 0.91640625 0.05234375 0.04375 0.1046875
0 0.43046875 0.8953125 0.02578125 0.0796875
0 0.98828125 0.05078125 0.0234375 0.10078125
0 0.95859375 0.05234375 0.03125 0.10390625
0 0.2546875 0.2234375 0.03359375 0.1296875
0 0.21796875 0.22421875 0.03359375 0.1296875
0 0.1828125 0.225 0.0328125 0.13046875
0 0.29140625 0.225 0.03359375 0.1296875
0 0.11484375 0.23046875 0.03203125 0.1265625
0 0.08125 0.2296875 0.03203125 0.1265625
0 0.1484375 0.22578125 0.03125 0.13125
0 0.04453125 0.2296875 0.03515625 0.1234375