0 0.809375 0.2578125 0.03359375 0.09921875
0 0.6140625 0.41875 0.01640625 0.04765625
0 0.53046875 0.3046875 0.0171875 0.06328125
0 0.55625 0.29296875 0.01640625 0.0703125
0 0.5671875 0.2984375 0.01015625 0.07265625
0 0.58046875 0.29921875 0.01171875 0.06796875
0 0.59453125 0.29375 0.0171875 0.0859375
0 0.62109375 0.2890625 0.028125 0.0765625
0 0.64609375 0.28203125 0.01796875 0.0828125
0 0.65625 0.41953125 0.01015625 0.0515625
0 0.66640625 0.28125 0.0140625 0.0796875
0 0.71953125 0.26796875 0.028125 0.09765625
0 0.75078125 0.26640625 0.03046875 0.09609375
0 0.78046875 0.2625 0.01640625 0.10546875
0 0.790625 0.7203125 0.05078125 0.075
0 0.84765625 0.25390625 0.0359375 0.1140625
0 0.97109375 0.22109375 0.0171875 0.05234375
0 0.5921875 0.41640625 0.01875 0.0484375
0 0.68984375 0.27890625 0.02109375 0.08984375
0 0.7390625 0.70390625 0.05234375 0.05546875
0 0.6140625 0.6109375 0.021875 0.02890625
0 0.68984375 0.68046875 0.0390625 0.059375
0 0.6546875 0.49765625 0.021875 0.03125
0 0.66171875 0.53203125 0.0171875 0.02578125
0 0.63515625 0.5265625 0.01796875 0.03125
0 0.615625 0.52421875 0.01953125 0.0265625
0 0.6078125 0.49296875 0.01484375 0.021875
0 0.88515625 0.42265625 0.034375 0.0640625
0 0.85546875 0.421875 0.01953125 0.06640625
0 0.8375 0.42265625 0.015625 0.0625
0 0.6828125 0.5015625 0.021875 0.02578125
0 0.8140625 0.42265625 0.025 0.0640625
0 0.78125 0.41953125 0.01171875 0.059375
0 0.76796875 0.41875 0.01484375 0.05859375
0 0.75078125 0.42265625 0.01484375 0.053125
0 0.7328125 0.421875 0.0171875 0.05859375
0 0.71640625 0.4203125 0.0125 0.0578125
0 0.70234375 0.421875 0.0140625 0.0609375
0 0.68828125 0.41875 0.01484375 0.0609375
0 0.671875 0.41796875 0.01328125 0.0515625
0 0.7953125 0.425 0.0125 0.05703125
0 0.68671875 0.53515625 0.0203125 0.02421875
0 0.7265625 0.53984375 0.02109375 0.02890625
0 0.715625 0.50390625 0.02109375 0.01953125
0 0.6875 0.6140625 0.0390625 0.07109375
0 0.64765625 0.603125 0.0421875 0.0640625
0 0.653125 0.671875 0.03515625 0.0625
0 0.615625 0.578125 0.01953125 0.02734375
0 0.59453125 0.571875 0.01484375 0.021875
0 0.59375 0.603125 0.01875 0.02890625
0 0.59140625 0.6328125 0.0203125 0.01953125
0 0.61796875 0.63515625 0.02265625 0.0203125
0 0.61796875 0.67265625 0.0171875 0.01640625
0 0.5953125 0.65859375 0.015625 0.02421875
0 0.571875 0.6234375 0.01953125 0.02109375
0 0.57265625 0.596875 0.015625 0.02734375
0 0.575 0.6515625 0.015625 0.0265625
0 0.83671875 0.55703125 0.0390625 0.0234375
0 0.82734375 0.51640625 0.03828125 0.03359375
0 0.79140625 0.51328125 0.025 0.0328125
0 0.79609375 0.55078125 0.0328125 0.0375
0 0.753125 0.5453125 0.02421875 0.025
0 0.7484375 0.51015625 0.02421875 0.03046875
0 0.7296875 0.6296875 0.0421875 0.0671875
0 0.63046875 0.49609375 0.0296875 0.02890625
0 0.990625 0.22265625 0.01875 0.05
0 0.98203125 0.32890625 0.0359375 0.065625
0 0.94765625 0.6484375 0.03984375 0.075
0 0.984375 0.653125 0.03125 0.08359375
0 0.96328125 0.74375 0.04296875 0.08046875
0 0.84765625 0.73515625 0.05859375 0.08203125
0 0.84921875 0.653125 0.053125 0.0765625
0 0.7859375 0.63359375 0.05 0.078125