0 0.68359375 0.7171875 0.034375 0.0453125
0 0.3015625 0.525 0.0140625 0.025
0 0.31796875 0.52890625 0.01484375 0.02734375
0 0.33515625 0.528125 0.01171875 0.02734375
0 0.3515625 0.528125 0.01640625 0.02578125
0 0.403125 0.52109375 0.05703125 0.040625
0 0.4453125 0.5203125 0.0234375 0.0328125
0 0.4734375 0.5203125 0.02421875 0.0375
0 0.52578125 0.5203125 0.0375 0.01796875
0 0.26953125 0.55625 0.028125 0.0375
0 0.56640625 0.49921875 0.03046875 0.02578125
0 0.6 0.5 0.02734375 0.03125
0 0.6515625 0.51953125 0.03125 0.021875
0 0.6875 0.51796875 0.0328125 0.02421875
0 0.7390625 0.52265625 0.0375 0.028125
0 0.83515625 0.553125 0.0671875 0.05390625
0 0.90703125 0.55390625 0.065625 0.05390625
0 0.03203125 0.64375 0.0296875 0.03515625
0 0.0625 0.64609375 0.02578125 0.034375
0 0.565625 0.521875 0.03125 0.015625
0 0.2375 0.5515625 0.0265625 0.04609375
0 0.203125 0.55 0.0296875 0.04921875
0 0.1703125 0.5546875 0.03125 0.03984375
0 0.54375 0.45703125 0.03828125 0.0125
0 0.5453125 0.4359375 0.01875 0.01796875
0 0.59609375 0.45703125 0.040625 0.0203125
0 0.64609375 0.45625 0.040625 0.01484375
0 0.63359375 0.4375 0.0234375 0.0171875
0 0.6578125 0.43671875 0.01953125 0.01640625
0 0.68515625 0.43671875 0.02109375 0.01796875
0 0.70625 0.43671875 0.021875 0.01953125
0 0.696875 0.45703125 0.034375 0.01640625
0 0.746875 0.4546875 0.04296875 0.01953125
0 0.7328125 0.43515625 0.02109375 0.01640625
0 0.7546875 0.43515625 0.01953125 0.0171875
0 0.8140625 0.4828125 0.04375 0.05
0 0.85703125 0.48203125 0.0375 0.0484375
0 0.9296875 0.48046875 0.0765625 0.0515625
0 0.03671875 0.55859375 0.03046875 0.0359375
0 0.06796875 0.559375 0.02578125 0.03515625
0 0.096875 0.55859375 0.028125 0.03671875
0 0.128125 0.5578125 0.03125 0.03828125
0 0.08515625 0.64609375 0.01484375 0.0390625
0 0.10859375 0.64140625 0.0234375 0.04375
0 0.1390625 0.6375 0.03046875 0.05390625
0 0.17109375 0.63046875 0.02890625 0.06640625
0 0.48515625 0.8 0.0734375 0.06171875
0 0.38046875 0.8125 0.05234375 0.040625
0 0.33203125 0.7859375 0.040625 0.0390625
0 0.89296875 0.70625 0.0640625 0.05390625
0 0.825 0.7046875 0.06484375 0.05703125
0 0.73125 0.71640625 0.04296875 0.04609375
0 0.3171875 0.2890625 0.03203125 0.046875
0 0.63125 0.58828125 0.0265625 0.03828125
0 0.66484375 0.5875 0.0328125 0.0375
0 0.70078125 0.5890625 0.03125 0.034375
0 0.7375 0.58671875 0.03046875 0.03984375
0 0.83203125 0.6296875 0.05546875 0.04609375
0 0.8921875 0.61953125 0.0578125 0.053125
0 0.31328125 0.646875 0.04140625 0.0125
0 0.31953125 0.6578125 0.040625 0.0078125
0 0.31875 0.66640625 0.04140625 0.01171875
0 0.37734375 0.66875 0.053125 0.01875
0 0.434375 0.65234375 0.05546875 0.01640625
0 0.4359375 0.66875 0.0546875 0.015625
0 0.66015625 0.80390625 0.05546875 0.05078125
0 0.4953125 0.45859375 0.0390625 0.01328125
0 0.70859375 0.80078125 0.0328125 0.04453125
0 0.79921875 0.7671875 0.03046875 0.02421875
0 0.2140625 0.64140625 0.03359375 0.0390625
0 0.240625 0.63125 0.01328125 0.0609375
0 0.253125 0.63125 0.009375 0.06015625
0 0.2640625 0.63125 0.009375 0.06015625
0 0.27265625 0.63359375 0.009375 0.06015625
0 0.321875 0.59296875 0.04765625 0.02578125
0 0.36875 0.5859375 0.040625 0.04609375
0 0.4125 0.58671875 0.03515625 0.0453125
0 0.4484375 0.58671875 0.03671875 0.0453125
0 0.4890625 0.58984375 0.034375 0.03515625
0 0.528125 0.58984375 0.03515625 0.0359375
0 0.565625 0.59140625 0.0328125 0.03671875
0 0.5984375 0.59296875 0.03046875 0.034375
0 0.0390625 0.78515625 0.01484375 0.01328125
0 0.02265625 0.78515625 0.0140625 0.0125
0 0.00625 0.78359375 0.0125 0.0140625
0 0.884375 0.7890625 0.02109375 0.04296875
0 0.8578125 0.7890625 0.021875 0.04609375
0 0.81015625 0.81328125 0.03203125 0.0234375
0 0.74140625 0.8 0.02421875 0.04609375
0 0.44609375 0.45859375 0.04375 0.0140625
0 0.5078125 0.4390625 0.021875 0.02109375
0 0.48359375 0.44140625 0.02265625 0.01796875
0 0.33125 0.37265625 0.01796875 0.04140625
0 0.35234375 0.3734375 0.02109375 0.04140625
0 0.371875 0.375 0.01875 0.0375
0 0.40234375 0.36484375 0.0328125 0.0609375
0 0.434375 0.3640625 0.03046875 0.05625
0 0.4734375 0.37265625 0.01640625 0.04296875
0 0.49296875 0.3734375 0.0171875 0.04140625
0 0.5125 0.37109375 0.0171875 0.03984375
0 0.53359375 0.3703125 0.0203125 0.0421875
0 0.55703125 0.3703125 0.021875 0.04296875
0 0.64375 0.71640625 0.03671875 0.04609375
0 0.584375 0.34375 0.028125 0.08671875
0 0.61953125 0.34375 0.03046875 0.08671875
0 0.65625 0.34453125 0.03671875 0.0875
0 0.69140625 0.3453125 0.0296875 0.090625
0 0.72578125 0.3484375 0.03203125 0.084375
0 0.7640625 0.3453125 0.034375 0.08828125
0 0.82734375 0.315625 0.06171875 0.07890625
0 0.89453125 0.31015625 0.059375 0.08203125
0 0.30234375 0.36953125 0.03125 0.05
0 0.97265625 0.3109375 0.0546875 0.08125
0 0.46953125 0.30859375 0.03046875 0.08125
0 0.06328125 0.22890625 0.07265625 0.05078125
0 0.2578125 0.31953125 0.0328125 0.03984375
0 0.2171875 0.31015625 0.0328125 0.05546875
0 0.18046875 0.31484375 0.03046875 0.04375
0 0.1453125 0.31328125 0.03359375 0.0453125
0 0.109375 0.31796875 0.03515625 0.03515625
0 0.07109375 0.31796875 0.03203125 0.03671875
0 0.03359375 0.3109375 0.0359375 0.0484375
0 0.90625 0.1875 0.06953125 0.0953125
0 0.8515625 0.184375 0.0375 0.10390625
0 0.740625 0.1796875 0.0578125 0.1078125
0 0.67734375 0.18046875 0.0578125 0.10625
0 0.6046875 0.178125 0.0671875 0.1078125
0 0.53671875 0.18671875 0.05859375 0.09609375
0 0.47421875 0.19140625 0.0578125 0.08984375
0 0.3984375 0.19921875 0.084375 0.06953125
0 0.32734375 0.203125 0.05234375 0.06953125
0 0.24609375 0.2046875 0.0515625 0.10078125
0 0.1921875 0.21953125 0.0421875 0.06875
0 0.13515625 0.23125 0.0625 0.0453125
0 0.39609375 0.28828125 0.034375 0.04296875
0 0.5 0.66484375 0.0515625 0.0171875
0 0.01171875 0.39453125 0.02265625 0.04609375
0 0.07578125 0.39375 0.02890625 0.040625
0 0.2234375 0.38984375 0.03046875 0.0453125
0 0.84921875 0.4140625 0.0640625 0.0390625
0 0.915625 0.41015625 0.06640625 0.04609375
0 0.97421875 0.40625 0.05 0.05234375
0 0.01640625 0.47109375 0.025 0.03828125
0 0.04609375 0.46171875 0.02890625 0.05078125
0 0.08046875 0.46640625 0.0265625 0.0421875
0 0.1125 0.46171875 0.03359375 0.05390625
0 0.146875 0.46171875 0.0328125 0.0515625
0 0.18203125 0.46796875 0.02890625 0.03984375
0 0.2078125 0.46953125 0.02109375 0.03828125
0 0.23515625 0.46640625 0.03046875 0.03984375
0 0.26953125 0.46484375 0.03125 0.03984375
0 0.30703125 0.44453125 0.02578125 0.0484375
0 0.3359375 0.44453125 0.0265625 0.04609375
0 0.36484375 0.44453125 0.02578125 0.046875
0 0.39375 0.44296875 0.02265625 0.04765625
0 0.43203125 0.43984375 0.01875 0.0203125
0 0.4578125 0.4390625 0.021875 0.0203125
0 0.1859375 0.390625 0.03359375 0.04453125
0 0.0421875 0.3921875 0.03046875 0.0453125
0 0.1453125 0.4015625 0.03046875 0.0234375
0 0.05625 0.784375 0.01796875 0.0140625
0 0.11015625 0.3796875 0.0328125 0.021875
0 0.14453125 0.37421875 0.03203125 0.01953125
0 0.2796875 0.8140625 0.01640625 0.01640625
0 0.2640625 0.8140625 0.0140625 0.015625
0 0.24609375 0.8140625 0.0140625 0.01640625
0 0.23125 0.81328125 0.0140625 0.01640625
0 0.2125 0.81484375 0.01640625 0.01796875
0 0.184375 0.81484375 0.0171875 0.01953125
0 0.16640625 0.81640625 0.01328125 0.01640625
0 0.14921875 0.8171875 0.01640625 0.01484375
0 0.13046875 0.81640625 0.01484375 0.015625
0 0.11484375 0.81640625 0.015625 0.015625
0 0.09609375 0.81640625 0.01953125 0.01640625
0 0.0734375 0.81484375 0.015625 0.01640625
0 0.0578125 0.81484375 0.01328125 0.01640625
0 0.04296875 0.8140625 0.01171875 0.01640625
0 0.0265625 0.815625 0.01484375 0.01796875
0 0.009375 0.8140625 0.01484375 0.0171875
0 0.07578125 0.784375 0.0140625 0.01484375
0 0.1125 0.40390625 0.02734375 0.0234375
0 0.5578125 0.65078125 0.0546875 0.015625
0 0.35625 0.28984375 0.03671875 0.04609375
0 0.01484375 0.70703125 0.02265625 0.04296875
0 0.084375 0.7171875 0.021875 0.021875
0 0.06171875 0.715625 0.021875 0.0234375
0 0.0390625 0.715625 0.01875 0.02421875
0 0.59375 0.71640625 0.05 0.04453125
0 0.74375 0.665625 0.0296875 0.01484375
0 0.74375 0.646875 0.03671875 0.0171875
0 0.69765625 0.6625 0.03984375 0.02734375
0 0.6625 0.66328125 0.02578125 0.0265625
0 0.61484375 0.66953125 0.053125 0.01484375
0 0.55859375 0.66875 0.05234375 0.015625
0 0.16484375 0.7046875 0.0234375 0.04296875
0 0.19375 0.70546875 0.02890625 0.0453125
0 0.22578125 0.70234375 0.02890625 0.04140625
0 0.1109375 0.7171875 0.02421875 0.0203125
0 0.25390625 0.70234375 0.02578125 0.04140625
0 0.3125 0.72265625 0.015625 0.01640625
0 0.3296875 0.7234375 0.01875 0.01328125
0 0.35 0.72109375 0.01953125 0.01328125
0 0.31171875 0.73828125 0.0171875 0.0125
0 0.33125 0.7375 0.01484375 0.0125
0 0.35 0.7375 0.0171875 0.0109375
0 0.37734375 0.70859375 0.02890625 0.02109375
0 0.37890625 0.7296875 0.03203125 0.021875
0 0.40703125 0.71796875 0.01484375 0.046875
0 0.42421875 0.72109375 0.01328125 0.0453125
0 0.45546875 0.7296875 0.03828125 0.02890625
0 0.49921875 0.72734375 0.040625 0.0296875
0 0.54609375 0.71640625 0.0421875 0.04375
0 0.2859375 0.70390625 0.02578125 0.04453125
0 0.1359375 0.70546875 0.025 0.04140625