0 0.4078125 0.3578125 0.059375 0.1265625
0 0.34375 0.35625 0.0546875 0.13671875
0 0.1109375 0.3703125 0.04296875 0.09609375
0 0.2921875 0.35625 0.0453125 0.1296875
0 0.46953125 0.35703125 0.0421875 0.12421875
0 0.24765625 0.37890625 0.0265625 0.084375
0 0.20859375 0.36640625 0.0421875 0.10703125
0 0.16015625 0.36640625 0.04609375 0.10703125
0 0.759375 0.36796875 0.03515625 0.1125
0 0.54765625 0.36171875 0.05 0.11484375
0 0.6140625 0.365625 0.05078125 0.11953125
0 0.66796875 0.36484375 0.0484375 0.11796875
0 0.715625 0.3671875 0.0421875 0.11171875
0 0.79921875 0.37109375 0.0421875 0.1046875
0 0.98359375 0.43828125 0.0328125 0.0484375
0 0.1078125 0.47265625 0.215625 0.0296875
0 0.83984375 0.3703125 0.03671875 0.10703125
0 0.0671875 0.3734375 0.03984375 0.0953125
0 0.0265625 0.58203125 0.053125 0.06640625
0 0.82890625 0.4546875 0.0390625 0.0171875
0 0.27265625 0.51796875 0.04765625 0.11796875
0 0.921875 0.5234375 0.0296875 0.03125
0 0.9390625 0.4296875 0.03046875 0.05
0 0.884375 0.52734375 0.03125 0.025
0 0.8484375 0.52265625 0.03125 0.03671875
0 0.82734375 0.475 0.0390625 0.0171875
0 0.80859375 0.51640625 0.03359375 0.059375
0 0.765625 0.5046875 0.03671875 0.09140625
0 0.72734375 0.50625 0.03125 0.090625
0 0.690625 0.50625 0.034375 0.0921875
0 0.65234375 0.51015625 0.03515625 0.09296875
0 0.61171875 0.50625 0.03671875 0.10390625
0 0.5703125 0.50859375 0.03828125 0.10625
0 0.52109375 0.51171875 0.04375 0.10703125
0 0.4671875 0.51171875 0.04296875 0.1125
0 0.425 0.5109375 0.0375 0.11015625
0 0.38046875 0.51640625 0.046875 0.11640625
0 0.328125 0.51875 0.0515625 0.115625
0 0.19765625 0.57265625 0.08671875 0.0640625
0 0.90859375 0.43359375 0.03125 0.0390625
0 0.47890625 0.07109375 0.0328125 0.10234375
0 0.98515625 0.359375 0.0296875 0.0375
0 0.8796875 0.1078125 0.04375 0.11328125
0 0.8359375 0.10703125 0.03828125 0.10625
0 0.79140625 0.1140625 0.04921875 0.090625
0 0.70625 0.09609375 0.0234375 0.0875
0 0.7375 0.11875 0.03515625 0.06328125
0 0.6703125 0.08671875 0.046875 0.09765625
0 0.6171875 0.08046875 0.04375 0.115625
0 0.559375 0.0734375 0.0546875 0.10703125
0 0.44140625 0.05859375 0.03671875 0.1140625
0 0.396875 0.05390625 0.0453125 0.10078125
0 0.353125 0.06328125 0.0453125 0.0765625
0 0.2953125 0.0453125 0.05546875 0.08984375
0 0.23671875 0.0421875 0.04609375 0.084375
0 0.18515625 0.0421875 0.04609375 0.084375
0 0.13671875 0.040625 0.040625 0.0765625
0 0.075 0.0375 0.0703125 0.07421875
0 0.9546875 0.5171875 0.028125 0.04140625
0 0.946875 0.18671875 0.03046875 0.05703125
0 0.984375 0.18984375 0.03125 0.0578125
0 0.90546875 0.18515625 0.028125 0.04296875
0 0.0515625 0.2015625 0.05 0.11484375
0 0.9171875 0.3578125 0.02421875 0.04375
0 0.87734375 0.34453125 0.03515625 0.046875
0 0.94375 0.26015625 0.03671875 0.053125
0 0.8984375 0.253125 0.0375 0.0578125
0 0.8453125 0.24140625 0.03828125 0.109375
0 0.7984375 0.23671875 0.0484375 0.11875
0 0.74921875 0.240625 0.04140625 0.1125
0 0.70390625 0.24140625 0.04140625 0.1125
0 0.87734375 0.4390625 0.025 0.0328125
0 0.6546875 0.2265625 0.04765625 0.12890625
0 0.5390625 0.18203125 0.0859375 0.09921875
0 0.44609375 0.21484375 0.0640625 0.1234375
0 0.38203125 0.23515625 0.04375 0.07109375
0 0.33359375 0.2296875 0.0375 0.0796875
0 0.28671875 0.21171875 0.03203125 0.1109375
0 0.2484375 0.22578125 0.04296875 0.07890625
0 0.19375 0.21328125 0.05625 0.0953125
0 0.1265625 0.2046875 0.06796875 0.1046875
0 0.6046875 0.22109375 0.0453125 0.12734375
0 0.98515625 0.51484375 0.0296875 0.0421875
0 0.11015625 0.5765625 0.0875 0.0625
0 0.93984375 0.60703125 0.03359375 0.0859375
0 0.27578125 0.8265625 0.0546875 0.128125
0 0.203125 0.86328125 0.084375 0.08125
0 0.10859375 0.8765625 0.090625 0.0796875
0 0.028125 0.86875 0.05625 0.1203125
0 0.47109375 0.65234375 0.04140625 0.09140625
0 0.41953125 0.6484375 0.04921875 0.10390625
0 0.36484375 0.65234375 0.04296875 0.1078125
0 0.26875 0.66171875 0.04921875 0.109375
0 0.33671875 0.81953125 0.06015625 0.128125
0 0.14140625 0.696875 0.071875 0.07421875
0 0.97421875 0.6046875 0.028125 0.08125
0 0.5234375 0.640625 0.0421875 0.10234375
0 0.5734375 0.6359375 0.04296875 0.10625
0 0.6234375 0.62890625 0.0421875 0.10546875
0 0.66171875 0.6265625 0.03203125 0.10234375
0 0.69765625 0.6234375 0.03203125 0.1015625
0 0.73203125 0.61953125 0.03359375 0.09765625
0 0.7671875 0.6171875 0.0328125 0.09453125
0 0.05546875 0.68515625 0.07578125 0.07890625
0 0.39921875 0.82109375 0.0515625 0.10625
0 0.209375 0.671875 0.053125 0.0875
0 0.54140625 0.79609375 0.03828125 0.08828125
0 0.59375 0.7875 0.05703125 0.09921875
0 0.6546875 0.77734375 0.05234375 0.09609375
0 0.73359375 0.7765625 0.028125 0.075
0 0.6953125 0.76796875 0.02421875 0.075
0 0.76015625 0.75625 0.021875 0.103125
0 0.7921875 0.75546875 0.02890625 0.09921875
0 0.82890625 0.7609375 0.0296875 0.078125
0 0.87421875 0.71875 0.0453125 0.03828125
0 0.94765625 0.72734375 0.03515625 0.04453125
0 0.4859375 0.78359375 0.0453125 0.11796875
0 0.809375 0.6359375 0.03828125 0.04921875
0 0.846875 0.61015625 0.03515625 0.09375
0 0.88203125 0.6 0.0359375 0.08359375