0 0.6765625 0.68125 0.06953125 0.02265625
0 0.7484375 0.74765625 0.0671875 0.009375
0 0.6765625 0.69921875 0.06640625 0.01015625
0 0.74921875 0.7328125 0.06640625 0.01640625
0 0.67578125 0.71015625 0.0640625 0.0125
0 0.89765625 0.79609375 0.07421875 0.03125
0 0.75 0.67265625 0.06796875 0.046875
0 0.81875 0.71328125 0.0546875 0.08671875
0 0.89453125 0.7015625 0.08125 0.08984375
0 0.9734375 0.79921875 0.053125 0.03203125
0 0.675 0.725 0.065625 0.0109375
0 0.96953125 0.70703125 0.0609375 0.0890625
0 0.74921875 0.703125 0.06640625 0.0125
0 0.67890625 0.7375 0.0609375 0.01328125
0 0.28125 0.753125 0.071875 0.01953125
0 0.6078125 0.71953125 0.0546875 0.0140625
0 0.93359375 0.61328125 0.06640625 0.028125
0 0.203125 0.74921875 0.0703125 0.02109375
0 0.2 0.7109375 0.07421875 0.02421875
0 0.22890625 0.65859375 0.06484375 0.06015625
0 0.30859375 0.6796875 0.0796875 0.0875
0 0.38671875 0.71875 0.05234375 0.01015625
0 0.6078125 0.67578125 0.0578125 0.065625
0 0.384375 0.675 0.05859375 0.06875
0 0.45390625 0.7125 0.0640625 0.01484375
0 0.45703125 0.66953125 0.059375 0.06796875
0 0.53203125 0.740625 0.06171875 0.03203125
0 0.5375 0.7171875 0.0515625 0.01171875
0 0.540625 0.675 0.05703125 0.071875
0 0.60546875 0.73515625 0.06484375 0.0140625
0 0.453125 0.72421875 0.059375 0.00703125
0 0.8609375 0.5875 0.07890625 0.07890625
0 0.74921875 0.7171875 0.065625 0.0125
0 0.7203125 0.16796875 0.03125 0.090625
0 0.59921875 0.446875 0.0390625 0.096875
0 0.63984375 0.43984375 0.03515625 0.1140625
0 0.6734375 0.46484375 0.02890625 0.0625
0 0.721875 0.44921875 0.053125 0.09375
0 0.871875 0.45546875 0.03828125 0.0953125
0 0.92265625 0.47109375 0.05703125 0.06796875
0 0.97890625 0.46171875 0.0421875 0.08125
0 0.975 0.32109375 0.04375 0.08984375
0 0.93125 0.31875 0.04140625 0.08671875
0 0.5640625 0.446875 0.03359375 0.0953125
0 0.88671875 0.3203125 0.0453125 0.08828125
0 0.75078125 0.32265625 0.03984375 0.08671875
0 0.7078125 0.321875 0.040625 0.08359375
0 0.65625 0.31640625 0.0421875 0.09140625
0 0.60859375 0.31640625 0.0515625 0.0921875
0 0.5671875 0.32109375 0.028125 0.08125
0 0.5359375 0.3203125 0.03046875 0.078125
0 0.50390625 0.31328125 0.0296875 0.0984375
0 0.44375 0.31796875 0.02734375 0.08359375
0 0.32890625 0.31953125 0.03203125 0.08046875
0 0.79375 0.3171875 0.04765625 0.09375
0 0.2484375 0.30859375 0.03671875 0.06640625
0 0.52890625 0.44453125 0.034375 0.090625
0 0.45703125 0.45546875 0.04375 0.06875
0 0.67265625 0.5703125 0.04453125 0.084375
0 0.62734375 0.57265625 0.04296875 0.09453125
0 0.59296875 0.59375 0.02109375 0.0515625
0 0.5484375 0.5953125 0.04375 0.04921875
0 0.503125 0.5515625 0.04140625 0.06796875
0 0.453125 0.57265625 0.03359375 0.0953125
0 0.41640625 0.5625 0.0328125 0.08125
0 0.38359375 0.55625 0.03203125 0.0890625
0 0.34296875 0.565625 0.03359375 0.0890625
0 0.49609375 0.44140625 0.03203125 0.08828125
0 0.28515625 0.5609375 0.03359375 0.090625
0 0.18671875 0.56015625 0.03046875 0.09296875
0 0.16484375 0.4515625 0.0453125 0.06953125
0 0.20546875 0.4359375 0.03046875 0.10234375
0 0.2390625 0.4359375 0.03828125 0.10078125
0 0.27734375 0.43671875 0.034375 0.103125
0 0.31328125 0.43671875 0.03515625 0.09921875
0 0.346875 0.43671875 0.03125 0.10078125
0 0.3828125 0.44140625 0.040625 0.09765625
0 0.41953125 0.4453125 0.03046875 0.08984375
0 0.2515625 0.559375 0.03203125 0.0921875
0 0.7203125 0.58671875 0.0515625 0.07109375
0 0.19296875 0.31640625 0.03359375 0.078125
0 0.10859375 0.325 0.03671875 0.10234375
0 0.890625 0.1671875 0.04609375 0.08515625
0 0.934375 0.16796875 0.04140625 0.08671875
0 0.846875 0.02265625 0.0703125 0.04375
0 0.7375 0.025 0.03671875 0.0484375
0 0.6984375 0.0265625 0.0375 0.05078125
0 0.65859375 0.02578125 0.040625 0.0515625
0 0.61796875 0.0265625 0.040625 0.05078125
0 0.57109375 0.025 0.0484375 0.05
0 0.51875 0.0265625 0.05234375 0.05078125
0 0.8453125 0.1671875 0.04140625 0.0875
0 0.4671875 0.028125 0.03984375 0.0515625
0 0.3890625 0.0296875 0.03671875 0.05390625
0 0.340625 0.0296875 0.0390625 0.05703125
0 0.2984375 0.0296875 0.04140625 0.05625
0 0.25703125 0.0296875 0.04296875 0.0546875
0 0.2171875 0.03125 0.03515625 0.05859375
0 0.1765625 0.04140625 0.03984375 0.03984375
0 0.1390625 0.03125 0.03046875 0.05859375
0 0.10859375 0.0296875 0.025 0.05859375
0 0.05546875 0.05859375 0.04765625 0.05546875
0 0.42734375 0.02890625 0.0390625 0.05390625
0 0.153125 0.315625 0.03671875 0.0796875
0 0.80390625 0.16953125 0.03828125 0.08671875
0 0.68046875 0.16796875 0.0359375 0.09375
0 0.03671875 0.3328125 0.0640625 0.10234375
0 0.3484375 0.16796875 0.03515625 0.0953125
0 0.31015625 0.16796875 0.040625 0.096875
0 0.271875 0.16875 0.03359375 0.0953125
0 0.2375 0.16875 0.0328125 0.0921875
0 0.20625 0.16875 0.0234375 0.08984375
0 0.17734375 0.1703125 0.028125 0.090625
0 0.1328125 0.18359375 0.05859375 0.06640625
0 0.07578125 0.178125 0.04296875 0.12109375
0 0.7625 0.16796875 0.0390625 0.09296875
0 0.02265625 0.1875 0.04140625 0.11875
0 0.40546875 0.171875 0.06953125 0.0296875
0 0.421875 0.14296875 0.046875 0.025
0 0.421875 0.115625 0.046875 0.02890625
0 0.46953125 0.2 0.06015625 0.03203125
0 0.4734375 0.153125 0.05390625 0.059375
0 0.5203125 0.16640625 0.0359375 0.09921875
0 0.55859375 0.1703125 0.040625 0.08984375
0 0.59921875 0.1671875 0.03671875 0.090625
0 0.63984375 0.16640625 0.04296875 0.090625
0 0.40625 0.20234375 0.0671875 0.02890625
0 0.7875 0.5859375 0.05703125 0.08125
0 0.21796875 0.5609375 0.03046875 0.09140625