0 0.98046875 0.9296875 0.0390625 0.075
0 0.32109375 0.92421875 0.04140625 0.0859375
0 0.5171875 0.40546875 0.03671875 0.0875
0 0.565625 0.403125 0.03828125 0.07890625
0 0.6046875 0.40390625 0.0359375 0.08125
0 0.65078125 0.40078125 0.04453125 0.084375
0 0.70625 0.403125 0.04921875 0.08046875
0 0.75390625 0.403125 0.03671875 0.08125
0 0.80234375 0.403125 0.046875 0.08203125
0 0.85078125 0.40546875 0.04609375 0.0859375
0 0.896875 0.40703125 0.0390625 0.084375
0 0.95078125 0.40390625 0.046875 0.0796875
0 0.02265625 0.53359375 0.0390625 0.0765625
0 0.0734375 0.53359375 0.04140625 0.0765625
0 0.11640625 0.5359375 0.03125 0.08125
0 0.165625 0.5359375 0.04140625 0.075
0 0.215625 0.528125 0.04140625 0.0859375
0 0.27109375 0.5328125 0.04296875 0.09140625
0 0.31953125 0.53046875 0.040625 0.0875
0 0.3703125 0.53125 0.03671875 0.0828125
0 0.4140625 0.5328125 0.0359375 0.0828125
0 0.4609375 0.5328125 0.04296875 0.08515625
0 0.5078125 0.5328125 0.04140625 0.08515625
0 0.55625 0.5328125 0.04453125 0.0859375
0 0.60546875 0.53125 0.04140625 0.0828125
0 0.65234375 0.53203125 0.04296875 0.0859375
0 0.7 0.53125 0.03828125 0.084375
0 0.746875 0.53203125 0.04453125 0.08125
0 0.7984375 0.534375 0.04609375 0.0828125
0 0.46796875 0.40078125 0.04140625 0.0796875
0 0.84921875 0.5328125 0.0453125 0.0859375
0 0.42109375 0.40078125 0.03671875 0.0796875
0 0.325 0.4 0.0390625 0.08359375
0 0.0171875 0.259375 0.034375 0.09375
0 0.0671875 0.25625 0.02890625 0.10390625
0 0.103125 0.25625 0.03984375 0.10546875
0 0.14765625 0.2546875 0.0359375 0.10625
0 0.18671875 0.25546875 0.0375 0.11015625
0 0.22734375 0.25625 0.03828125 0.109375
0 0.26640625 0.2546875 0.03671875 0.10703125
0 0.30625 0.2546875 0.0328125 0.109375
0 0.34453125 0.2578125 0.03359375 0.10546875
0 0.3859375 0.26015625 0.03671875 0.1078125
0 0.42890625 0.26015625 0.03828125 0.103125
0 0.471875 0.26171875 0.03203125 0.1015625
0 0.509375 0.2625 0.034375 0.10625
0 0.54921875 0.2640625 0.03984375 0.1046875
0 0.59140625 0.2640625 0.0375 0.10546875
0 0.62890625 0.26328125 0.0265625 0.10625
0 0.6671875 0.26328125 0.0421875 0.109375
0 0.71640625 0.28125 0.05078125 0.0703125
0 0.7703125 0.2796875 0.04765625 0.0703125
0 0.821875 0.278125 0.0484375 0.0671875
0 0.875 0.2765625 0.04921875 0.0703125
0 0.021875 0.40078125 0.0375 0.08125
0 0.075 0.3984375 0.03828125 0.0796875
0 0.121875 0.403125 0.03515625 0.0828125
0 0.17265625 0.4015625 0.03828125 0.08203125
0 0.225 0.4015625 0.04140625 0.08515625
0 0.275 0.39921875 0.0390625 0.084375
0 0.37265625 0.403125 0.0453125 0.08359375
0 0.37421875 0.92578125 0.0421875 0.090625
0 0.8984375 0.534375 0.04453125 0.084375
0 0.90390625 0.6640625 0.04375 0.0875
0 0.5359375 0.78125 0.0390625 0.090625
0 0.5828125 0.784375 0.040625 0.0890625
0 0.6296875 0.784375 0.03828125 0.08828125
0 0.6765625 0.784375 0.04140625 0.09375
0 0.721875 0.7828125 0.03984375 0.090625
0 0.76875 0.784375 0.04453125 0.0921875
0 0.81640625 0.78515625 0.03984375 0.0859375
0 0.86484375 0.784375 0.04765625 0.08671875
0 0.915625 0.7859375 0.040625 0.0921875
0 0.96796875 0.78515625 0.05234375 0.0890625
0 0.79453125 0.9296875 0.03828125 0.0703125
0 0.8375 0.928125 0.03671875 0.0703125
0 0.88203125 0.93125 0.0375 0.06875
0 0.9328125 0.93046875 0.04296875 0.075
0 0.7015625 0.9296875 0.03984375 0.0671875
0 0.74921875 0.93125 0.03671875 0.0703125
0 0.6015625 0.92890625 0.03359375 0.0734375
0 0.65234375 0.9234375 0.04609375 0.08203125
0 0.51015625 0.9203125 0.0359375 0.0796875
0 0.55625 0.921875 0.04140625 0.0828125
0 0.4640625 0.921875 0.0390625 0.08984375
0 0.03046875 0.9265625 0.04453125 0.07578125
0 0.07890625 0.928125 0.0421875 0.084375
0 0.1296875 0.9265625 0.0390625 0.0765625
0 0.17578125 0.9265625 0.03828125 0.0734375
0 0.22421875 0.928125 0.04140625 0.078125
0 0.271875 0.9234375 0.03828125 0.08046875
0 0.4890625 0.78359375 0.0421875 0.090625
0 0.94765625 0.534375 0.04765625 0.0859375
0 0.44140625 0.784375 0.0421875 0.0890625
0 0.34375 0.78125 0.04140625 0.08984375
0 0.9546875 0.6640625 0.0421875 0.0859375
0 0.65703125 0.66328125 0.04453125 0.0875
0 0.70390625 0.66328125 0.04296875 0.0875
0 0.75390625 0.6640625 0.03984375 0.08828125
0 0.803125 0.6625 0.0421875 0.084375
0 0.85546875 0.66640625 0.0421875 0.0859375
0 0.37890625 0.66171875 0.04453125 0.0875
0 0.4265625 0.6640625 0.04140625 0.08671875
0 0.471875 0.665625 0.04140625 0.0859375
0 0.515625 0.66328125 0.0390625 0.084375
0 0.5609375 0.6625 0.0453125 0.0828125
0 0.61015625 0.6625 0.03984375 0.0828125
0 0.01796875 0.66875 0.03203125 0.08125
0 0.0578125 0.6671875 0.03515625 0.078125
0 0.1015625 0.66796875 0.04375 0.0796875
0 0.146875 0.66640625 0.04140625 0.0796875
0 0.19453125 0.66328125 0.03671875 0.0890625
0 0.240625 0.66328125 0.03984375 0.0828125
0 0.28515625 0.66328125 0.03984375 0.084375
0 0.3328125 0.66171875 0.04140625 0.0828125
0 0.01640625 0.7875 0.03203125 0.08359375
0 0.0640625 0.784375 0.03828125 0.0828125
0 0.10625 0.78359375 0.03359375 0.0890625
0 0.153125 0.7875 0.04453125 0.078125
0 0.20078125 0.78203125 0.03984375 0.09140625
0 0.25 0.78515625 0.0421875 0.090625
0 0.29765625 0.7828125 0.03984375 0.0859375
0 0.390625 0.7828125 0.04296875 0.08828125
0 0.42109375 0.91875 0.03359375 0.08046875
0 0.97890625 0.278125 0.04140625 0.0703125