0 0.45625 0.52421875 0.065625 0.0328125
0 0.52734375 0.52421875 0.06640625 0.0328125
0 0.19375 0.80546875 0.05546875 0.03125
0 0.06875 0.63828125 0.0515625 0.02578125
0 0.0640625 0.78046875 0.0484375 0.02265625
0 0.06640625 0.80859375 0.04765625 0.0296875
0 0.0984375 0.7359375 0.02890625 0.028125
0 0.45078125 0.73046875 0.06015625 0.0328125
0 0.51875 0.72890625 0.065625 0.03359375
0 0.053125 0.709375 0.04921875 0.02421875
0 0.01953125 0.80703125 0.0390625 0.0328125
0 0.07109375 0.66953125 0.053125 0.03125
0 0.053125 0.73984375 0.04921875 0.03203125
0 0.70703125 0.73046875 0.04375 0.03515625
0 0.39609375 0.6625 0.04765625 0.0328125
0 0.65546875 0.521875 0.059375 0.0328125
0 0.34453125 0.6625 0.04921875 0.0296875
0 0.290625 0.665625 0.04921875 0.028125
0 0.2390625 0.66640625 0.046875 0.0296875
0 0.1875 0.6671875 0.04921875 0.03125
0 0.24296875 0.63828125 0.05 0.02265625
0 0.18828125 0.6375 0.053125 0.021875
0 0.69921875 0.58203125 0.03046875 0.05078125
0 0.65078125 0.5921875 0.06484375 0.0328125
0 0.5859375 0.5921875 0.06328125 0.0328125
0 0.5203125 0.59375 0.0609375 0.02890625
0 0.5203125 0.66015625 0.0609375 0.0328125
0 0.396875 0.58359375 0.0453125 0.05234375
0 0.3484375 0.5828125 0.04765625 0.05234375
0 0.3015625 0.58359375 0.04296875 0.05234375
0 0.5921875 0.5234375 0.06328125 0.03125
0 0.24765625 0.58203125 0.046875 0.05234375
0 0.05625 0.596875 0.07890625 0.0296875
0 0.0546875 0.571875 0.07734375 0.015625
0 0.74765625 0.51328125 0.03515625 0.04921875
0 0.709375 0.51484375 0.03359375 0.04765625
0 0.584375 0.659375 0.06015625 0.0328125
0 0.646875 0.6578125 0.0609375 0.0328125
0 0.6953125 0.6484375 0.03203125 0.05078125
0 0.728125 0.6625 0.02578125 0.034375
0 0.18359375 0.7390625 0.04140625 0.0296875
0 0.23359375 0.7375 0.05234375 0.02890625
0 0.290625 0.73671875 0.04921875 0.0328125
0 0.34296875 0.7359375 0.04921875 0.03046875
0 0.39453125 0.73203125 0.0484375 0.0328125
0 0.45390625 0.66015625 0.06484375 0.0328125
0 0.18984375 0.584375 0.04765625 0.05546875
0 0.45703125 0.5953125 0.06328125 0.028125
0 0.91640625 0.29609375 0.04296875 0.065625
0 0.6 0.28125 0.05 0.02578125
0 0.4484375 0.2328125 0.05 0.03046875
0 0.5 0.2 0.05703125 0.0359375
0 0.44453125 0.19921875 0.04921875 0.03359375
0 0.3890625 0.21171875 0.059375 0.025
0 0.390625 0.2375 0.059375 0.02265625
0 0.32890625 0.23671875 0.0578125 0.02578125
0 0.50078125 0.23671875 0.0515625 0.0328125
0 0.55390625 0.3796875 0.02734375 0.0328125
0 0.66015625 0.38203125 0.0578125 0.03203125
0 0.71953125 0.3796875 0.0546875 0.03515625
0 0.01953125 0.453125 0.0390625 0.0296875
0 0.01953125 0.42421875 0.0390625 0.02578125
0 0.06796875 0.425 0.0546875 0.02421875
0 0.32890625 0.209375 0.05859375 0.02578125
0 0.5984375 0.38125 0.05625 0.03125
0 0.30234375 0.08203125 0.3109375 0.1078125
0 0.54609375 0.090625 0.16171875 0.10546875
0 0.71015625 0.103125 0.1390625 0.08046875
0 0.16953125 0.3109375 0.0359375 0.02265625
0 0.21171875 0.31015625 0.04375 0.0234375
0 0.20859375 0.284375 0.04140625 0.02734375
0 0.165625 0.2828125 0.034375 0.0265625
0 0.0703125 0.30625 0.05859375 0.02734375
0 0.06875 0.275 0.05859375 0.02890625
0 0.76484375 0.21015625 0.03671875 0.0125
0 0.76484375 0.23828125 0.0359375 0.03515625
0 0.715625 0.24140625 0.0421875 0.03046875
0 0.71953125 0.2109375 0.04453125 0.028125
0 0.6625 0.20390625 0.046875 0.03203125
0 0.61171875 0.2046875 0.05 0.03359375
0 0.6609375 0.23828125 0.04921875 0.03359375
0 0.60859375 0.2375 0.05078125 0.0296875
0 0.5546875 0.23359375 0.05078125 0.03515625
0 0.26796875 0.2359375 0.0609375 0.0265625
0 0.65625 0.28046875 0.05078125 0.03046875
0 0.2671875 0.209375 0.0625 0.025
0 0.2125 0.20703125 0.0421875 0.02421875
0 0.184375 0.51171875 0.0453125 0.06171875
0 0.23671875 0.51328125 0.0484375 0.0625
0 0.2875 0.51171875 0.04453125 0.0625
0 0.259375 0.80390625 0.06015625 0.03046875
0 0.3375 0.51328125 0.05078125 0.059375
0 0.39453125 0.509375 0.0546875 0.05703125
0 0.04609375 0.51953125 0.07265625 0.04609375
0 0.325 0.3125 0.0578125 0.02265625
0 0.38125 0.2875 0.05703125 0.0234375
0 0.3859375 0.3125 0.05625 0.02265625
0 0.4484375 0.2984375 0.03984375 0.05234375
0 0.496875 0.29921875 0.0484375 0.05703125
0 0.5515625 0.31015625 0.04765625 0.0328125
0 0.6015625 0.31171875 0.046875 0.02734375
0 0.3234375 0.2859375 0.05390625 0.02265625
0 0.75 0.44921875 0.03359375 0.03828125
0 0.7109375 0.4515625 0.040625 0.03359375
0 0.65859375 0.45234375 0.0578125 0.03203125
0 0.1703125 0.20546875 0.0375 0.025
0 0.1703125 0.234375 0.03359375 0.0265625
0 0.075 0.196875 0.05390625 0.02734375
0 0.07265625 0.228125 0.06171875 0.03359375
0 0.0671875 0.4546875 0.05078125 0.03046875
0 0.18125 0.446875 0.0421875 0.04296875
0 0.234375 0.44609375 0.05078125 0.04453125
0 0.290625 0.4484375 0.04609375 0.04140625
0 0.34140625 0.44609375 0.046875 0.04140625
0 0.390625 0.446875 0.04296875 0.04296875
0 0.2421875 0.41796875 0.14765625 0.01015625
0 0.45078125 0.45234375 0.0578125 0.034375
0 0.509375 0.45234375 0.059375 0.03203125
0 0.553125 0.4515625 0.02890625 0.03046875
0 0.5984375 0.4515625 0.059375 0.03125
0 0.2109375 0.23359375 0.0421875 0.0265625
0 0.325 0.80078125 0.06328125 0.0296875
0 0.26484375 0.3109375 0.05859375 0.02421875
0 0.4 0.77734375 0.07421875 0.0140625
0 0.67890625 0.79375 0.05234375 0.03203125
0 0.72265625 0.7953125 0.02421875 0.03359375
0 0.74921875 0.79296875 0.025 0.03359375
0 0.053125 0.871875 0.05 0.028125
0 0.0484375 0.85078125 0.0578125 0.0125
0 0.09765625 0.8734375 0.0328125 0.034375
0 0.2625 0.8609375 0.0578125 0.03828125
0 0.33125 0.859375 0.05625 0.03671875
0 0.3921875 0.859375 0.05859375 0.03671875
0 0.74375 0.85 0.02421875 0.03125
0 0.72109375 0.84765625 0.01796875 0.034375
0 0.1359375 0.86328125 0.0390625 0.05234375
0 0.1421875 0.81796875 0.040625 0.034375
0 0.13203125 0.7828125 0.04296875 0.0359375
0 0.1421875 0.746875 0.03984375 0.03515625
0 0.1328125 0.6671875 0.03828125 0.0609375
0 0.13125 0.615625 0.0390625 0.0390625
0 0.1390625 0.5421875 0.04375 0.03828125
0 0.12578125 0.4265625 0.03984375 0.0359375
0 0.12734375 0.46171875 0.03828125 0.03125
0 0.12890625 0.49453125 0.040625 0.03046875
0 0.39609375 0.80234375 0.06640625 0.03046875
0 0.26171875 0.284375 0.05546875 0.025
0 0.1921875 0.77890625 0.06484375 0.01796875
0 0.96015625 0.2953125 0.04140625 0.06484375
0 0.20078125 0.86015625 0.06171875 0.034375
0 0.70625 0.3140625 0.0515625 0.02734375
0 0.6546875 0.31171875 0.04765625 0.03125
0 0.32421875 0.77421875 0.07109375 0.01640625
0 0.71015625 0.28203125 0.04921875 0.028125
0 0.759375 0.28515625 0.03984375 0.0296875
0 0.75703125 0.3140625 0.040625 0.02734375
0 0.05625 0.35 0.05234375 0.0296875
0 0.05625 0.38203125 0.05234375 0.0328125
0 0.175 0.375 0.040625 0.0375
0 0.23828125 0.37734375 0.04921875 0.0375
0 0.2921875 0.378125 0.04375 0.03671875
0 0.3421875 0.3796875 0.04765625 0.0375
0 0.39375 0.37734375 0.04921875 0.03515625
0 0.86953125 0.2953125 0.04453125 0.0640625
0 0.51015625 0.3796875 0.0578125 0.0328125
0 0.96328125 0.21796875 0.040625 0.0703125
0 0.4515625 0.3796875 0.05625 0.0328125
0 0.25625 0.77890625 0.05703125 0.01796875
0 0.8734375 0.2171875 0.0390625 0.07109375
0 0.12578125 0.24765625 0.0453125 0.05234375
0 0.125 0.2890625 0.0421875 0.0296875
0 0.125 0.321875 0.0390625 0.0328125
0 0.128125 0.35703125 0.0390625 0.034375
0 0.9171875 0.2171875 0.0421875 0.06953125
0 0.1296875 0.39140625 0.0390625 0.03125