0 0.8640625 0.37734375 0.05078125 0.05703125
0 0.6390625 0.39296875 0.04140625 0.03046875
0 0.70078125 0.3734375 0.05 0.065625
0 0.79375 0.375 0.06015625 0.06484375
0 0.59453125 0.36796875 0.02890625 0.06171875
0 0.91875 0.39296875 0.03515625 0.03046875
0 0.52734375 0.4890625 0.0671875 0.0265625
0 0.378125 0.5546875 0.08046875 0.02578125
0 0.534375 0.4484375 0.0765625 0.03203125
0 0.6109375 0.44765625 0.07734375 0.034375
0 0.61328125 0.4875 0.0765625 0.0375
0 0.69609375 0.4875 0.06953125 0.03359375
0 0.69296875 0.4453125 0.07109375 0.03359375
0 0.78671875 0.4859375 0.08359375 0.03203125
0 0.43203125 0.46171875 0.08359375 0.0234375
0 0.88359375 0.48515625 0.09453125 0.0296875
0 0.96484375 0.3828125 0.0421875 0.04921875
0 0.43515625 0.4359375 0.08515625 0.02578125
0 0.4953125 0.878125 0.046875 0.05078125
0 0.43828125 0.3875 0.09609375 0.0203125
0 0.8640625 0.4484375 0.0921875 0.03359375
0 0.28984375 0.5609375 0.0765625 0.06796875
0 0.96171875 0.871875 0.04453125 0.04375
0 0.89296875 0.87734375 0.046875 0.05390625
0 0.8421875 0.88671875 0.04921875 0.06484375
0 0.78828125 0.8828125 0.04296875 0.06953125
0 0.6234375 0.875 0.0484375 0.034375
0 0.559375 0.884375 0.05 0.065625
0 0.43671875 0.41015625 0.09296875 0.0203125
0 0.440625 0.88671875 0.05703125 0.065625
0 0.29765625 0.8984375 0.04921875 0.053125
0 0.240625 0.9015625 0.0453125 0.0546875
0 0.09453125 0.9078125 0.0734375 0.04140625
0 0.4265625 0.2421875 0.09609375 0.0296875
0 0.42578125 0.2734375 0.0890625 0.02578125
0 0.425 0.303125 0.08828125 0.0234375
0 0.42734375 0.3328125 0.10703125 0.0296875
0 0.4328125 0.3609375 0.10390625 0.0234375
0 0.36640625 0.89296875 0.05234375 0.05625
0 0.96796875 0.4796875 0.0640625 0.0375
0 0.7046875 0.80078125 0.10078125 0.06015625
0 0.07109375 0.58359375 0.08984375 0.0265625
0 0.84375 0.140625 0.06171875 0.1046875
0 0.7765625 0.1453125 0.06796875 0.1046875
0 0.66015625 0.1828125 0.1171875 0.0203125
0 0.16796875 0.221875 0.0671875 0.0984375
0 0.10390625 0.2171875 0.05546875 0.1
0 0.03984375 0.2203125 0.06484375 0.10390625
0 0.903125 0.15 0.05703125 0.08984375
0 0.1078125 0.09609375 0.11015625 0.06796875
0 0.82734375 0.56953125 0.025 0.046875
0 0.790625 0.56953125 0.04765625 0.046875
0 0.70390625 0.57421875 0.046875 0.040625
0 0.6390625 0.565625 0.046875 0.0421875
0 0.5078125 0.56875 0.05703125 0.0421875
0 0.20625 0.559375 0.0859375 0.08203125
0 0.8734375 0.57109375 0.0453125 0.053125
0 0.95859375 0.14296875 0.05234375 0.09921875
0 0.5390625 0.2703125 0.06171875 0.0671875
0 0.58828125 0.2734375 0.03046875 0.059375
0 0.1015625 0.34453125 0.0984375 0.065625
0 0.21015625 0.340625 0.1140625 0.07265625
0 0.5875 0.6625 0.06015625 0.0109375
0 0.5859375 0.67578125 0.059375 0.01484375
0 0.5125 0.65859375 0.07578125 0.05078125
0 0.44140625 0.6328125 0.0484375 0.03203125
0 0.975 0.5578125 0.04765625 0.0515625
0 0.92265625 0.5609375 0.03828125 0.0671875
0 0.96953125 0.2671875 0.06015625 0.065625
0 0.91328125 0.265625 0.04375 0.0671875
0 0.8625 0.26796875 0.0578125 0.0640625
0 0.8046875 0.2671875 0.05703125 0.07265625
0 0.74453125 0.2703125 0.05703125 0.065625
0 0.67734375 0.275 0.05703125 0.05625
0 0.62421875 0.2734375 0.03671875 0.05703125
0 0.365625 0.68515625 0.084375 0.0703125
0 0.25 0.69140625 0.07578125 0.0734375
0 0.24140625 0.63828125 0.08515625 0.0234375
0 0.34765625 0.78671875 0.05390625 0.0484375
0 0.60390625 0.7953125 0.09140625 0.04765625
0 0.80078125 0.80703125 0.078125 0.0546875
0 0.92109375 0.796875 0.10703125 0.0515625
0 0.02890625 0.90390625 0.05703125 0.0515625
0 0.18046875 0.7828125 0.059375 0.02578125
0 0.1734375 0.73359375 0.059375 0.02265625
0 0.1765625 0.70390625 0.06640625 0.0265625
0 0.09921875 0.8171875 0.09375 0.0203125
0 0.09765625 0.79453125 0.09375 0.02265625
0 0.08984375 0.765625 0.0984375 0.025
0 0.0921875 0.73359375 0.08828125 0.01796875
0 0.08125 0.70859375 0.09140625 0.0203125
0 0.075 0.67578125 0.09296875 0.02890625
0 0.0828125 0.646875 0.0984375 0.0296875
0 0.07265625 0.61484375 0.09296875 0.025
0 0.47421875 0.803125 0.08984375 0.053125
0 0.07265625 0.5546875 0.09296875 0.02890625
0 0.92265625 0.7171875 0.0578125 0.0234375
0 0.7875 0.7265625 0.07109375 0.03203125
0 0.29921875 0.78515625 0.03359375 0.04453125
0 0.2515625 0.78515625 0.046875 0.0421875
0 0.028125 0.7875 0.0234375 0.05
0 0.18671875 0.8109375 0.07578125 0.0203125
0 0.58671875 0.64296875 0.05703125 0.01875
0 0.6453125 0.65390625 0.0546875 0.06796875
0 0.71640625 0.65078125 0.0578125 0.0328125
0 0.79609375 0.66015625 0.059375 0.03125
0 0.896875 0.653125 0.0734375 0.046875
0 0.9625 0.6390625 0.0515625 0.04453125
0 0.440625 0.73203125 0.05234375 0.05
0 0.49375 0.725 0.03359375 0.05078125
0 0.55 0.72421875 0.06484375 0.04609375
0 0.61875 0.72109375 0.07421875 0.040625
0 0.70234375 0.71875 0.0875 0.0359375
0 0.85703125 0.72421875 0.05234375 0.0390625
0 0.43671875 0.490625 0.0875 0.0265625