0 0.290625 0.60546875 0.12109375 0.01953125
0 0.41875 0.64296875 0.12421875 0.0234375
0 0.41796875 0.62109375 0.13046875 0.02109375
0 0.415625 0.59921875 0.12578125 0.01875
0 0.29375 0.646875 0.12421875 0.02265625
0 0.16953125 0.646875 0.11875 0.0203125
0 0.92890625 0.53203125 0.1171875 0.02265625
0 0.16796875 0.6046875 0.12265625 0.01875
0 0.05234375 0.64453125 0.1046875 0.0203125
0 0.05 0.625 0.1 0.01875
0 0.053125 0.6046875 0.10546875 0.01953125
0 0.9265625 0.5578125 0.1125 0.0234375
0 0.16875 0.6265625 0.12421875 0.01953125
0 0.29140625 0.625 0.11953125 0.01640625
0 0.0671875 0.7625 0.13046875 0.0125
0 0.5390625 0.625 0.11015625 0.0203125
0 0.41953125 0.85546875 0.11796875 0.01875
0 0.30078125 0.89140625 0.11171875 0.015625
0 0.303125 0.87265625 0.109375 0.01875
0 0.2953125 0.8515625 0.11171875 0.0140625
0 0.18359375 0.89140625 0.11328125 0.015625
0 0.18359375 0.871875 0.11328125 0.0203125
0 0.18515625 0.846875 0.090625 0.0265625
0 0.06640625 0.88671875 0.12109375 0.01484375
0 0.41953125 0.8734375 0.1140625 0.015625
0 0.0609375 0.8671875 0.121875 0.01875
0 0.909375 0.809375 0.134375 0.0203125
0 0.909375 0.78828125 0.1375 0.02109375
0 0.91328125 0.7671875 0.13515625 0.015625
0 0.784375 0.8109375 0.11171875 0.01953125
0 0.78359375 0.790625 0.1109375 0.01796875
0 0.784375 0.771875 0.11171875 0.0171875
0 0.66328125 0.78828125 0.12421875 0.06171875
0 0.5421875 0.80703125 0.1140625 0.0203125
0 0.0609375 0.8484375 0.121875 0.021875
0 0.5390625 0.7859375 0.103125 0.0171875
0 0.4234375 0.8921875 0.11796875 0.01953125
0 0.53828125 0.87109375 0.11328125 0.01953125
0 0.96171875 0.1890625 0.0765625 0.02421875
0 0.9609375 0.1625 0.07734375 0.02265625
0 0.9390625 0.04921875 0.0671875 0.0234375
0 0.8265625 0.05625 0.05859375 0.0234375
0 0.7609375 0.05390625 0.065625 0.0234375
0 0.559375 0.05390625 0.05390625 0.0328125
0 0.2859375 0.053125 0.07109375 0.021875
0 0.2109375 0.0546875 0.06328125 0.025
0 0.5375 0.84921875 0.1109375 0.01953125
0 0.14140625 0.05078125 0.0625 0.01484375
0 0.89765625 0.88984375 0.12578125 0.02109375
0 0.8984375 0.86796875 0.12734375 0.021875
0 0.9015625 0.84765625 0.13359375 0.01484375
0 0.77421875 0.89140625 0.1109375 0.01796875
0 0.7734375 0.8734375 0.10859375 0.015625
0 0.771875 0.8546875 0.11328125 0.0171875
0 0.6578125 0.87265625 0.11640625 0.05546875
0 0.54140625 0.89140625 0.11484375 0.02109375
0 0.05546875 0.04453125 0.06640625 0.025
0 0.5390625 0.603125 0.1078125 0.01875
0 0.5390625 0.76796875 0.11015625 0.01796875
0 0.421875 0.78671875 0.115625 0.01640625
0 0.44140625 0.68125 0.12421875 0.01328125
0 0.30703125 0.7234375 0.13203125 0.0234375
0 0.30859375 0.70234375 0.12734375 0.01484375
0 0.3046875 0.684375 0.128125 0.015625
0 0.178125 0.72578125 0.11640625 0.01796875
0 0.17578125 0.7078125 0.11640625 0.0203125
0 0.17421875 0.6875 0.11640625 0.0203125
0 0.0625 0.72578125 0.10625 0.01953125
0 0.43828125 0.7015625 0.1296875 0.02265625
0 0.0609375 0.70625 0.10703125 0.0140625
0 0.91015625 0.64296875 0.128125 0.0203125
0 0.90625 0.62109375 0.125 0.01796875
0 0.91015625 0.60078125 0.12890625 0.01953125
0 0.77890625 0.64375 0.12421875 0.02109375
0 0.78125 0.6234375 0.12421875 0.0203125
0 0.7796875 0.60078125 0.12109375 0.0140625
0 0.65703125 0.6265625 0.115625 0.0578125
0 0.540625 0.6453125 0.10546875 0.0171875
0 0.05859375 0.6859375 0.1015625 0.021875
0 0.4234375 0.80703125 0.11484375 0.0203125
0 0.440625 0.725 0.13125 0.02109375
0 0.56328125 0.70625 0.1140625 0.01953125
0 0.4203125 0.76875 0.11953125 0.0171875
0 0.3125 0.80625 0.1015625 0.01875
0 0.3109375 0.78671875 0.09921875 0.01640625
0 0.30703125 0.765625 0.09921875 0.01640625
0 0.1984375 0.80546875 0.12109375 0.0171875
0 0.1984375 0.7875 0.1203125 0.01796875
0 0.19375 0.7671875 0.11875 0.015625
0 0.0734375 0.80546875 0.128125 0.02265625
0 0.5609375 0.6859375 0.1140625 0.01796875
0 0.0703125 0.78125 0.12890625 0.01875
0 0.928125 0.728125 0.11875 0.01953125
0 0.92734375 0.70703125 0.12265625 0.02109375
0 0.9265625 0.684375 0.12421875 0.0234375
0 0.8046875 0.7296875 0.115625 0.01796875
0 0.80625 0.71015625 0.11484375 0.01953125
0 0.803125 0.68984375 0.1125 0.0203125
0 0.68359375 0.70859375 0.12421875 0.0609375
0 0.565625 0.728125 0.11875 0.02421875
0 0.81015625 0.55859375 0.1140625 0.025
0 0.8109375 0.5328125 0.11328125 0.0234375
0 0.5359375 0.3859375 0.11171875 0.01875
0 0.68984375 0.52734375 0.12578125 0.025
0 0.8578125 0.16796875 0.12421875 0.021875
0 0.85859375 0.190625 0.1203125 0.02265625
0 0.05703125 0.26328125 0.11328125 0.025
0 0.1921875 0.26640625 0.1375 0.02109375
0 0.196875 0.29140625 0.1359375 0.02578125
0 0.209375 0.25 0.1203125 0.01015625
0 0.32265625 0.265625 0.1078125 0.0234375
0 0.325 0.29140625 0.11875 0.02578125
0 0.4421875 0.26484375 0.1078125 0.02578125
0 0.44296875 0.29140625 0.1125 0.02578125
0 0.5125 0.2640625 0.02734375 0.0234375
0 0.72578125 0.1921875 0.1359375 0.0234375
0 0.515625 0.2921875 0.02734375 0.0265625
0 0.58828125 0.271875 0.1125 0.01953125
0 0.590625 0.2921875 0.11328125 0.021875
0 0.7125 0.2421875 0.128125 0.02109375
0 0.7140625 0.26640625 0.121875 0.02109375
0 0.7140625 0.290625 0.128125 0.021875
0 0.84296875 0.24453125 0.128125 0.021875
0 0.84453125 0.2671875 0.12265625 0.02265625
0 0.84765625 0.28828125 0.12578125 0.01875
0 0.95546875 0.24140625 0.08828125 0.0203125
0 0.9546875 0.26484375 0.090625 0.021875
0 0.95703125 0.28671875 0.0859375 0.0203125
0 0.5875 0.246875 0.11796875 0.0234375
0 0.06796875 0.35546875 0.1359375 0.025
0 0.59609375 0.1953125 0.11953125 0.021875
0 0.50859375 0.19921875 0.028125 0.01796875
0 0.68984375 0.55703125 0.12421875 0.0265625
0 0.1203125 0.06875 0.11875 0.0171875
0 0.11640625 0.08828125 0.11640625 0.0203125
0 0.11484375 0.109375 0.1140625 0.02265625
0 0.25703125 0.0796875 0.1484375 0.02578125
0 0.25859375 0.1109375 0.14453125 0.02265625
0 0.409375 0.08125 0.14296875 0.02578125
0 0.4109375 0.10703125 0.1375 0.0265625
0 0.5125 0.078125 0.03125 0.03046875
0 0.51171875 0.109375 0.0265625 0.028125
0 0.5921875 0.08515625 0.1203125 0.01875
0 0.596875 0.1734375 0.11875 0.01875
0 0.59453125 0.10859375 0.11875 0.0234375
0 0.725 0.10625 0.13203125 0.02421875
0 0.859375 0.08125 0.1234375 0.02265625
0 0.85625 0.10703125 0.125 0.0203125
0 0.125 0.153125 0.11875 0.01953125
0 0.12421875 0.17421875 0.1171875 0.0203125
0 0.125 0.1953125 0.11484375 0.0234375
0 0.26953125 0.16875 0.14296875 0.0234375
0 0.27421875 0.1953125 0.14140625 0.0265625
0 0.41484375 0.1734375 0.13828125 0.02421875
0 0.4171875 0.19765625 0.1359375 0.01953125
0 0.50703125 0.17734375 0.028125 0.01875
0 0.72578125 0.08046875 0.1375 0.02421875
0 0.0671875 0.38203125 0.13359375 0.02734375
0 0.72578125 0.1671875 0.1359375 0.02421875
0 0.1953125 0.38359375 0.11328125 0.025
0 0.58359375 0.45234375 0.11015625 0.02265625
0 0.58359375 0.47421875 0.11015625 0.01875
0 0.70390625 0.44765625 0.12265625 0.021875
0 0.70390625 0.471875 0.12578125 0.02265625
0 0.825 0.425 0.12265625 0.0171875
0 0.8265625 0.44609375 0.1140625 0.01796875
0 0.82890625 0.46953125 0.11796875 0.02109375
0 0.94296875 0.42890625 0.11171875 0.02265625
0 0.94375 0.45078125 0.11015625 0.02109375
0 0.9453125 0.471875 0.1078125 0.01875
0 0.05703125 0.540625 0.1140625 0.0171875
0 0.05703125 0.5609375 0.1140625 0.01875
0 0.17890625 0.51640625 0.12578125 0.02109375
0 0.18125 0.53671875 0.134375 0.01796875
0 0.18125 0.559375 0.13125 0.02421875
0 0.3109375 0.51796875 0.125 0.01953125
0 0.31328125 0.53828125 0.12265625 0.01796875
0 0.31328125 0.56015625 0.12265625 0.0203125
0 0.43984375 0.51328125 0.13203125 0.01796875
0 0.44140625 0.53515625 0.12890625 0.021875
0 0.44296875 0.559375 0.128125 0.0234375
0 0.56484375 0.51875 0.11328125 0.02109375
0 0.56484375 0.53984375 0.1140625 0.02109375
0 0.19453125 0.35703125 0.109375 0.025
0 0.56328125 0.56015625 0.10703125 0.01953125
0 0.58359375 0.4296875 0.1140625 0.02265625
0 0.45703125 0.47109375 0.125 0.02109375
0 0.05625 0.51875 0.11171875 0.0234375
0 0.45703125 0.45078125 0.13359375 0.01875
0 0.30625 0.35859375 0.1046875 0.02265625
0 0.4140625 0.35703125 0.11171875 0.025
0 0.41875 0.38515625 0.1125 0.02734375
0 0.53203125 0.340625 0.1109375 0.0203125
0 0.53515625 0.3625 0.1109375 0.01953125
0 0.65703125 0.33671875 0.1265625 0.02578125
0 0.659375 0.3609375 0.128125 0.02109375
0 0.66015625 0.384375 0.1296875 0.0234375
0 0.7890625 0.340625 0.12109375 0.01796875
0 0.79140625 0.3625 0.1265625 0.01875
0 0.78828125 0.384375 0.115625 0.0203125
0 0.928125 0.33046875 0.1421875 0.01953125
0 0.30625 0.3828125 0.10859375 0.0234375
0 0.92421875 0.38046875 0.13515625 0.025
0 0.92734375 0.35390625 0.13984375 0.02421875
0 0.334375 0.47421875 0.11171875 0.01875
0 0.3296875 0.453125 0.1109375 0.02109375
0 0.328125 0.43203125 0.10703125 0.01796875
0 0.21171875 0.475 0.12109375 0.01953125
0 0.45546875 0.42890625 0.1375 0.0203125
0 0.20703125 0.43125 0.11875 0.01953125
0 0.08359375 0.4734375 0.12578125 0.021875
0 0.07734375 0.45 0.12734375 0.0203125
0 0.21796875 0.3359375 0.1109375 0.0140625
0 0.21015625 0.45390625 0.12109375 0.0203125