0 0.85234375 0.21796875 0.08984375 0.071875
0 0.7578125 0.221875 0.09140625 0.0609375
0 0.6703125 0.2234375 0.0828125 0.0609375
0 0.5515625 0.334375 0.07890625 0.06953125
0 0.62890625 0.321875 0.07109375 0.09609375
0 0.69140625 0.33359375 0.04765625 0.0703125
0 0.75234375 0.3234375 0.0734375 0.09375
0 0.81796875 0.328125 0.05234375 0.07421875
0 0.43515625 0.23046875 0.08515625 0.05625
0 0.36484375 0.1109375 0.06171875 0.09140625
0 0.303125 0.1109375 0.0578125 0.0890625
0 0.24375 0.11640625 0.05859375 0.0828125
0 0.86875 0.3265625 0.0484375 0.07734375
0 0.1859375 0.1171875 0.05234375 0.08125
0 0.58203125 0.21796875 0.084375 0.0734375
0 0.06484375 0.1140625 0.06171875 0.08671875
0 0.0359375 0.22890625 0.07109375 0.0609375
0 0.09765625 0.2234375 0.053125 0.06953125
0 0.1703125 0.22734375 0.0875 0.0625
0 0.25625 0.22578125 0.08046875 0.0609375
0 0.34453125 0.2296875 0.09375 0.0546875
0 0.50625 0.2203125 0.05 0.07578125
0 0.128125 0.11171875 0.06171875 0.0953125
0 0.11640625 0.90625 0.040625 0.0671875
0 0.22890625 0.7921875 0.05546875 0.0765625
0 0.9421875 0.109375 0.0515625 0.07734375
0 0.87578125 0.1140625 0.06796875 0.06796875
0 0.81640625 0.1078125 0.04296875 0.078125
0 0.75 0.1265625 0.09140625 0.040625
0 0.671875 0.09921875 0.059375 0.0984375
0 0.4703125 0.340625 0.08359375 0.0546875
0 0.7375 0.9078125 0.03515625 0.0625
0 0.778125 0.9046875 0.03984375 0.06640625
0 0.8171875 0.903125 0.03671875 0.0671875
0 0.85625 0.90234375 0.0359375 0.0671875
0 0.59375 0.90625 0.04140625 0.065625
0 0.55546875 0.90390625 0.03515625 0.07109375
0 0.51875 0.90078125 0.034375 0.0640625
0 0.4796875 0.9078125 0.04140625 0.06640625
0 0.43984375 0.9109375 0.03515625 0.0625
0 0.39609375 0.90234375 0.04921875 0.078125
0 0.34609375 0.90625 0.04453125 0.0703125
0 0.29375 0.90546875 0.0578125 0.07265625
0 0.23984375 0.9046875 0.04765625 0.0734375
0 0.1953125 0.90625 0.0390625 0.0671875
0 0.1546875 0.909375 0.03671875 0.0625
0 0.04609375 0.90859375 0.03828125 0.0671875
0 0.03984375 0.80546875 0.03515625 0.05
0 0.13046875 0.79375 0.04609375 0.0734375
0 0.17578125 0.79296875 0.04375 0.075
0 0.2859375 0.78984375 0.06015625 0.071875
0 0.4046875 0.34140625 0.046875 0.06171875
0 0.69375 0.9 0.05 0.07421875
0 0.390625 0.7015625 0.03125 0.0484375
0 0.65390625 0.68515625 0.04765625 0.0765625
0 0.60703125 0.68984375 0.04453125 0.06640625
0 0.565625 0.6890625 0.03828125 0.0671875
0 0.51796875 0.6828125 0.053125 0.078125
0 0.43359375 0.6859375 0.0515625 0.078125
0 0.353125 0.70234375 0.0328125 0.0484375
0 0.31484375 0.696875 0.04140625 0.059375
0 0.2734375 0.7 0.03828125 0.05234375
0 0.2328125 0.70078125 0.03671875 0.053125
0 0.18515625 0.684375 0.04921875 0.08984375
0 0.0921875 0.6890625 0.0578125 0.08125
0 0.03671875 0.69375 0.04921875 0.06796875
0 0.48828125 0.10703125 0.059375 0.0921875
0 0.13046875 0.5390625 0.08203125 0.0390625
0 0.13046875 0.57578125 0.08515625 0.034375
0 0.7078125 0.67578125 0.05859375 0.09453125
0 0.215625 0.5609375 0.0828125 0.06875
0 0.76640625 0.6703125 0.05703125 0.103125
0 0.83984375 0.80078125 0.03671875 0.05625
0 0.55 0.10703125 0.0625 0.090625
0 0.6125 0.103125 0.06015625 0.09296875
0 0.6421875 0.8953125 0.05390625 0.08125
0 0.33203125 0.803125 0.0328125 0.0546875
0 0.36953125 0.8 0.03984375 0.05703125
0 0.43515625 0.80625 0.0359375 0.0484375
0 0.46953125 0.80390625 0.03203125 0.0484375
0 0.51640625 0.79296875 0.05625 0.075
0 0.5640625 0.80234375 0.034375 0.053125
0 0.59765625 0.80546875 0.03203125 0.0484375
0 0.63828125 0.790625 0.04453125 0.0765625
0 0.6828125 0.8 0.03828125 0.05625
0 0.721875 0.796875 0.04140625 0.0609375
0 0.7609375 0.7984375 0.0359375 0.05625
0 0.7984375 0.8 0.0421875 0.0578125
0 0.82734375 0.66796875 0.06328125 0.10078125
0 0.28359375 0.55625 0.04765625 0.075
0 0.04296875 0.56015625 0.0859375 0.07421875
0 0.396875 0.53046875 0.0515625 0.0390625
0 0.40390625 0.453125 0.04140625 0.05703125
0 0.36328125 0.45234375 0.040625 0.0609375
0 0.3390625 0.553125 0.0609375 0.0765625
0 0.2625 0.4515625 0.04375 0.06171875
0 0.2078125 0.45234375 0.06484375 0.0640625
0 0.15234375 0.4484375 0.04375 0.06796875
0 0.0796875 0.459375 0.0734375 0.0546875
0 0.45078125 0.44375 0.04921875 0.0765625
0 0.02109375 0.45390625 0.04140625 0.0640625
0 0.03515625 0.3546875 0.06953125 0.0359375
0 0.12109375 0.35625 0.08828125 0.034375
0 0.20390625 0.3203125 0.078125 0.034375
0 0.20625 0.3546875 0.08125 0.0328125
0 0.290625 0.3234375 0.0875 0.03125
0 0.2921875 0.3578125 0.0890625 0.034375
0 0.3609375 0.340625 0.03984375 0.06171875
0 0.03515625 0.31796875 0.0703125 0.0359375
0 0.50390625 0.4421875 0.05390625 0.075
0 0.31328125 0.45078125 0.05390625 0.0609375
0 0.6109375 0.43984375 0.05234375 0.078125
0 0.3953125 0.57265625 0.05234375 0.03828125
0 0.45 0.57109375 0.04609375 0.0390625
0 0.4953125 0.55859375 0.04140625 0.06953125
0 0.55703125 0.43984375 0.05 0.0765625
0 0.56875 0.565625 0.03671875 0.0453125
0 0.60546875 0.56328125 0.03671875 0.05390625
0 0.64296875 0.5625 0.03515625 0.05390625
0 0.68125 0.5609375 0.03671875 0.053125
0 0.53515625 0.56484375 0.03046875 0.04765625
0 0.79765625 0.5546875 0.046875 0.0640625
0 0.66484375 0.440625 0.05234375 0.078125
0 0.7265625 0.43828125 0.07109375 0.07734375
0 0.71796875 0.5609375 0.0359375 0.0515625
0 0.78828125 0.43984375 0.046875 0.06796875
0 0.8421875 0.43984375 0.05234375 0.059375
0 0.840625 0.5546875 0.0359375 0.06328125
0 0.42890625 0.115625 0.059375 0.07421875