0 0.58828125 0.27890625 0.05234375 0.0625
0 0.28046875 0.3734375 0.059375 0.0609375
0 0.2015625 0.371875 0.0484375 0.05703125
0 0.18828125 0.1859375 0.06875 0.0515625
0 0.72265625 0.27890625 0.0484375 0.06640625
0 0.2828125 0.19453125 0.0671875 0.0703125
0 0.3640625 0.196875 0.05390625 0.06875
0 0.43125 0.196875 0.05390625 0.06953125
0 0.503125 0.196875 0.0625 0.06953125
0 0.6484375 0.20390625 0.04921875 0.0671875
0 0.7234375 0.1953125 0.05 0.071875
0 0.6515625 0.28515625 0.053125 0.06640625
0 0.275 0.2859375 0.0703125 0.06953125
0 0.37265625 0.2875 0.0578125 0.0703125
0 0.446875 0.2953125 0.05078125 0.06796875
0 0.509375 0.28125 0.05 0.06953125
0 0.0234375 0.66015625 0.046875 0.0484375
0 0.18671875 0.2828125 0.04765625 0.0640625
0 0.58984375 0.6703125 0.0546875 0.0453125
0 0.2234375 0.6921875 0.03984375 0.0078125
0 0.64453125 0.66953125 0.0546875 0.046875
0 0.540625 0.66953125 0.03515625 0.046875
0 0.6890625 0.6703125 0.02890625 0.05
0 0.728125 0.6703125 0.04609375 0.0515625
0 0.44375 0.38046875 0.05703125 0.0625
0 0.3640625 0.38203125 0.05859375 0.0625
0 0.21953125 0.85390625 0.05859375 0.053125
0 0.49453125 0.85625 0.04921875 0.053125
0 0.29453125 0.85625 0.05078125 0.05
0 0.496875 0.6765625 0.04375 0.034375
0 0.45078125 0.675 0.04140625 0.03984375
0 0.40625 0.68515625 0.04453125 0.0203125
0 0.35859375 0.684375 0.03828125 0.0171875
0 0.3109375 0.6890625 0.04296875 0.015625
0 0.26640625 0.6921875 0.03671875 0.00859375
0 0.2671875 0.684375 0.03828125 0.00859375
0 0.34765625 0.8609375 0.05 0.0453125
0 0.409375 0.85625 0.0546875 0.05
0 0.1 0.7515625 0.05703125 0.0546875
0 0.01640625 0.8953125 0.0328125 0.015625
0 0.79296875 0.715625 0.05234375 0.059375
0 0.85 0.71640625 0.05234375 0.05625
0 0.90390625 0.7125 0.04921875 0.0578125
0 0.96484375 0.71171875 0.06484375 0.0609375
0 0.2234375 0.6828125 0.04375 0.0078125
0 0.74375 0.75 0.01953125 0.02109375
0 0.72109375 0.74609375 0.02265625 0.03671875
0 0.6640625 0.7515625 0.02109375 0.01796875
0 0.68671875 0.7515625 0.01796875 0.01640625
0 0.6234375 0.7421875 0.04140625 0.040625
0 0.578125 0.74765625 0.04140625 0.03125
0 0.53125 0.74453125 0.03984375 0.0359375
0 0.490625 0.74453125 0.03828125 0.0359375
0 0.44453125 0.75625 0.0421875 0.01015625
0 0.39609375 0.7546875 0.04140625 0.0109375
0 0.34921875 0.75625 0.04296875 0.009375
0 0.059375 0.9 0.04765625 0.015625
0 0.30078125 0.75625 0.04375 0.009375
0 0.3015625 0.74765625 0.04453125 0.00859375
0 0.2578125 0.75625 0.03984375 0.0109375
0 0.2140625 0.75625 0.04453125 0.0109375
0 0.7140625 0.61640625 0.05234375 0.0265625
0 0.6171875 0.61640625 0.0390625 0.03125
0 0.9609375 0.596875 0.04765625 0.0671875
0 0.90546875 0.5984375 0.05546875 0.0640625
0 0.85 0.59921875 0.05234375 0.065625
0 0.796875 0.6015625 0.05234375 0.0609375
0 0.08984375 0.66953125 0.06328125 0.0578125
0 0.0234375 0.57890625 0.04609375 0.0640625
0 0.078125 0.58359375 0.0515625 0.0640625
0 0.028125 0.5046875 0.05234375 0.05546875
0 0.075 0.50390625 0.03828125 0.05625
0 0.05234375 0.4171875 0.05390625 0.06484375
0 0.0453125 0.31953125 0.05859375 0.07109375
0 0.81640625 0.1140625 0.06875 0.075
0 0.8859375 0.1140625 0.06796875 0.07421875
0 0.94921875 0.1125 0.05703125 0.071875
0 0.80859375 0.2421875 0.06640625 0.071875
0 0.56875 0.6265625 0.04296875 0.01015625
0 0.87578125 0.2421875 0.059375 0.071875
0 0.80234375 0.3453125 0.046875 0.08203125
0 0.84609375 0.34453125 0.03828125 0.0828125
0 0.8921875 0.34375 0.04765625 0.08125
0 0.93828125 0.34296875 0.04140625 0.08125
0 0.97890625 0.34296875 0.03515625 0.078125
0 0.79375 0.47421875 0.04609375 0.08046875
0 0.83984375 0.4703125 0.04296875 0.0765625
0 0.8828125 0.4703125 0.0390625 0.078125
0 0.9265625 0.471875 0.04140625 0.075
0 0.96953125 0.471875 0.04375 0.07578125
0 0.83046875 0.546875 0.05546875 0.021875
0 0.94765625 0.23671875 0.065625 0.0828125
0 0.4890625 0.62734375 0.03828125 0.009375
0 0.35 0.746875 0.04453125 0.009375
0 0.7234375 0.859375 0.04609375 0.053125
0 0.59296875 0.56171875 0.05078125 0.059375
0 0.52890625 0.55546875 0.05078125 0.065625
0 0.4671875 0.5671875 0.04921875 0.0578125
0 0.4125 0.5734375 0.0515625 0.0484375
0 0.44453125 0.628125 0.04609375 0.0140625
0 0.29375 0.55 0.06015625 0.053125
0 0.225 0.5546875 0.06015625 0.0609375
0 0.7109375 0.4703125 0.05078125 0.053125
0 0.6453125 0.4734375 0.05078125 0.0546875
0 0.58671875 0.45703125 0.05390625 0.053125
0 0.521875 0.47109375 0.04921875 0.0453125
0 0.6515625 0.5546875 0.04296875 0.059375
0 0.471875 0.46328125 0.04921875 0.053125
0 0.359375 0.4609375 0.05390625 0.04765625
0 0.296875 0.4609375 0.05625 0.05078125
0 0.2125 0.4703125 0.0578125 0.0515625
0 0.71796875 0.38125 0.05078125 0.06171875
0 0.64765625 0.38125 0.0484375 0.0640625
0 0.58671875 0.378125 0.05234375 0.0609375
0 0.50546875 0.37734375 0.05078125 0.0640625
0 0.03203125 0.75 0.06015625 0.0625
0 0.1015625 0.8203125 0.04609375 0.0703125
0 0.04296875 0.82578125 0.03828125 0.053125
0 0.01171875 0.8328125 0.02265625 0.0484375
0 0.41171875 0.46875 0.04609375 0.0578125
0 0.725 0.5640625 0.053125 0.0671875
0 0.35390625 0.56484375 0.053125 0.059375
0 0.0953125 0.896875 0.02109375 0.01875
0 0.98515625 0.846875 0.02890625 0.065625
0 0.865625 0.8671875 0.071875 0.0359375
0 0.7859375 0.86796875 0.07265625 0.0328125
0 0.54921875 0.86328125 0.04921875 0.0453125
0 0.1234375 0.89453125 0.0203125 0.01875
0 0.3984375 0.6296875 0.0421875 0.01015625
0 0.3578125 0.6296875 0.03984375 0.009375
0 0.28984375 0.625 0.08046875 0.03125
0 0.61953125 0.85546875 0.046875 0.0515625
0 0.934375 0.8640625 0.06015625 0.04375
0 0.2265625 0.63125 0.04375 0.0109375
0 0.671875 0.85859375 0.04609375 0.0484375