0 0.91015625 0.78828125 0.05546875 0.1234375
0 0.653125 0.78125 0.04921875 0.11484375
0 0.60390625 0.7703125 0.04296875 0.11015625
0 0.5578125 0.76328125 0.04296875 0.115625
0 0.509375 0.75234375 0.04609375 0.10546875
0 0.4625 0.75 0.03984375 0.10625
0 0.42109375 0.7375 0.03671875 0.0984375
0 0.37421875 0.73359375 0.0515625 0.10703125
0 0.97109375 0.8 0.05703125 0.12421875
0 0.9359375 0.615625 0.08984375 0.13828125
0 0.4328125 0.8578125 0.03984375 0.09140625
0 0.94609375 0.41796875 0.09453125 0.159375
0 0.95390625 0.24140625 0.09140625 0.1734375
0 0.76171875 0.93671875 0.034375 0.10625
0 0.7140625 0.925 0.046875 0.11328125
0 0.8859375 0.94140625 0.0734375 0.11015625
0 0.66171875 0.91171875 0.05 0.0953125
0 0.6125 0.90234375 0.04296875 0.10546875
0 0.56328125 0.8921875 0.04609375 0.1046875
0 0.51796875 0.88046875 0.0390625 0.10078125
0 0.7265625 0.65078125 0.06015625 0.121875
0 0.96328125 0.94921875 0.0734375 0.1015625
0 0.38671875 0.84921875 0.03984375 0.09765625
0 0.57890625 0.17890625 0.0515625 0.16171875
0 0.75703125 0.80078125 0.04921875 0.11875
0 0.3671875 0.3546875 0.0453125 0.1234375
0 0.7984375 0.17578125 0.0390625 0.12890625
0 0.74375 0.18203125 0.05 0.1234375
0 0.6875 0.1875 0.04609375 0.125
0 0.63671875 0.1921875 0.046875 0.12421875
0 0.70546875 0.79296875 0.05 0.11953125
0 0.52734375 0.18515625 0.0453125 0.15390625
0 0.35 0.07421875 0.0390625 0.07265625
0 0.43125 0.190625 0.03671875 0.15234375
0 0.390625 0.19765625 0.03671875 0.14375
0 0.34921875 0.2 0.0421875 0.1421875
0 0.7671875 0.0296875 0.05234375 0.05546875
0 0.70703125 0.03515625 0.04453125 0.06640625
0 0.64765625 0.0375 0.05078125 0.06875
0 0.59140625 0.0390625 0.040625 0.075
0 0.53828125 0.04375 0.03984375 0.07890625
0 0.4890625 0.05390625 0.04140625 0.075
0 0.43671875 0.0609375 0.0375 0.07734375
0 0.39375 0.06953125 0.0390625 0.0765625
0 0.41328125 0.3546875 0.0390625 0.12109375
0 0.45703125 0.35390625 0.040625 0.125
0 0.4796875 0.1875 0.04296875 0.15390625
0 0.55859375 0.34765625 0.04765625 0.1265625
0 0.515625 0.62421875 0.04140625 0.10859375
0 0.56328125 0.63515625 0.0421875 0.1203125
0 0.61640625 0.63828125 0.05078125 0.11328125
0 0.503125 0.3515625 0.04609375 0.1234375
0 0.66484375 0.6453125 0.0484375 0.12578125
0 0.47109375 0.62265625 0.040625 0.11328125
0 0.42734375 0.61640625 0.0375 0.10625
0 0.7421875 0.50234375 0.05859375 0.12734375
0 0.68515625 0.50234375 0.0484375 0.128125
0 0.38359375 0.6125 0.0421875 0.10234375
0 0.575 0.49765625 0.0484375 0.11875
0 0.61484375 0.3484375 0.04921875 0.13203125
0 0.67734375 0.3484375 0.05703125 0.1328125
0 0.7453125 0.34296875 0.04140625 0.125
0 0.78671875 0.35078125 0.03671875 0.128125
0 0.63046875 0.4984375 0.0515625 0.12109375
0 0.3875 0.48828125 0.04140625 0.1171875
0 0.43203125 0.4890625 0.0390625 0.11171875
0 0.478125 0.49296875 0.03984375 0.11484375
0 0.5265625 0.49375 0.04453125 0.1109375