0 0.50703125 0.746875 0.05703125 0.028125
0 0.0375 0.8859375 0.075 0.046875
0 0.03046875 0.84375 0.06015625 0.03046875
0 0.9578125 0.7359375 0.0625 0.04921875
0 0.96640625 0.6859375 0.06640625 0.04921875
0 0.8953125 0.7359375 0.06015625 0.046875
0 0.83125 0.7375 0.0609375 0.046875
0 0.89765625 0.6875 0.065625 0.05
0 0.5640625 0.7453125 0.05859375 0.03046875
0 0.8328125 0.68671875 0.06171875 0.05390625
0 0.38828125 0.71640625 0.05859375 0.028125
0 0.45078125 0.71640625 0.05703125 0.03046875
0 0.50859375 0.71640625 0.06015625 0.0296875
0 0.5671875 0.71484375 0.0546875 0.03125
0 0.3875 0.74609375 0.05703125 0.02890625
0 0.75 0.6765625 0.0609375 0.03828125
0 0.6421875 0.71796875 0.08828125 0.05703125
0 0.7640625 0.734375 0.0625 0.0515625
0 0.44765625 0.746875 0.06015625 0.02890625
0 0.4734375 0.60703125 0.0640625 0.06015625
0 0.33125 0.603125 0.04765625 0.01640625
0 0.5390625 0.60703125 0.065625 0.059375
0 0.64296875 0.56171875 0.121875 0.01875
0 0.634375 0.6046875 0.1140625 0.0625
0 0.71875 0.54765625 0.0265625 0.0546875
0 0.71015625 0.6046875 0.03203125 0.0578125
0 0.76875 0.60703125 0.06875 0.05546875
0 0.7625 0.54453125 0.05390625 0.0484375
0 0.8421875 0.55078125 0.0671875 0.05546875
0 0.83984375 0.6078125 0.06171875 0.0578125
0 0.91484375 0.55 0.06640625 0.0546875
0 0.909375 0.6078125 0.065625 0.0578125
0 0.040625 0.675 0.07109375 0.03125
0 0.04296875 0.725 0.07265625 0.06640625
0 0.11796875 0.728125 0.04765625 0.06484375
0 0.175 0.6875 0.0671875 0.03125
0 0.18984375 0.73359375 0.06953125 0.0578125
0 0.25859375 0.72734375 0.0640625 0.07109375
0 0.4734375 0.54375 0.05078125 0.0515625
0 0.1015625 0.82421875 0.0734375 0.034375
0 0.40234375 0.60703125 0.0671875 0.05546875
0 0.325 0.72734375 0.0609375 0.06875
0 0.4046875 0.54765625 0.06875 0.05703125
0 0.33046875 0.6203125 0.05 0.015625
0 0.5328125 0.5453125 0.06640625 0.0484375
0 0.11484375 0.8734375 0.07109375 0.06171875
0 0.56015625 0.878125 0.05703125 0.04921875
0 0.18359375 0.8734375 0.06328125 0.06171875
0 0.4015625 0.259375 0.06875 0.0359375
0 0.4078125 0.22109375 0.06484375 0.03671875
0 0.32734375 0.2890625 0.0625 0.03359375
0 0.33046875 0.25390625 0.0625 0.03359375
0 0.33125 0.2171875 0.05703125 0.03828125
0 0.2578125 0.284375 0.07265625 0.02890625
0 0.2640625 0.25234375 0.071875 0.034375
0 0.26328125 0.21328125 0.0671875 0.03515625
0 0.5390625 0.29375 0.06875 0.03125
0 0.3984375 0.290625 0.06953125 0.025
0 0.178125 0.284375 0.08359375 0.0265625
0 0.17578125 0.25 0.08046875 0.03671875
0 0.09296875 0.24921875 0.0828125 0.0359375
0 0.1796875 0.21171875 0.084375 0.0390625
0 0.09453125 0.21015625 0.0828125 0.04140625
0 0.0234375 0.28125 0.04296875 0.03671875
0 0.02265625 0.24453125 0.0453125 0.03671875
0 0.02421875 0.20859375 0.0484375 0.0359375
0 0.6 0.2296875 0.0546875 0.028125
0 0.603125 0.26171875 0.06484375 0.03359375
0 0.0921875 0.2828125 0.0875 0.028125
0 0.178125 0.82421875 0.06796875 0.03203125
0 0.46875 0.259375 0.06171875 0.0375
0 0.5359375 0.26015625 0.06953125 0.03671875
0 0.24609375 0.82734375 0.06484375 0.03125
0 0.2484375 0.8609375 0.0640625 0.03125
0 0.25078125 0.89140625 0.06640625 0.0296875
0 0.30546875 0.840625 0.04765625 0.01875
0 0.31953125 0.86328125 0.0703125 0.0234375
0 0.32109375 0.890625 0.06640625 0.02890625
0 0.38984375 0.8171875 0.053125 0.0421875
0 0.3890625 0.88046875 0.05390625 0.05078125
0 0.446875 0.83046875 0.05625 0.053125
0 0.5375 0.2265625 0.06953125 0.02890625
0 0.446875 0.88125 0.05625 0.04453125
0 0.565625 0.82578125 0.05703125 0.0515625
0 0.50390625 0.87890625 0.05078125 0.0484375
0 0.675 0.878125 0.05703125 0.04609375
0 0.73046875 0.87890625 0.0515625 0.04765625
0 0.6921875 0.825 0.0609375 0.05078125
0 0.784375 0.83359375 0.0546875 0.0484375
0 0.7953125 0.88359375 0.0546875 0.04296875
0 0.85703125 0.88203125 0.06171875 0.0421875
0 0.33359375 0.58359375 0.05234375 0.01875
0 0.50625 0.8265625 0.05859375 0.04921875
0 0.33359375 0.565625 0.0515625 0.01640625
0 0.61796875 0.878125 0.05546875 0.0484375
0 0.2546875 0.58671875 0.07578125 0.09375
0 0.18671875 0.4078125 0.07890625 0.0359375
0 0.10625 0.4421875 0.0796875 0.03515625
0 0.1875 0.44375 0.08125 0.034375
0 0.26484375 0.36328125 0.0734375 0.03828125
0 0.33671875 0.36484375 0.07109375 0.0359375
0 0.26484375 0.4234375 0.07109375 0.0765625
0 0.3359375 0.4234375 0.0671875 0.07734375
0 0.10390625 0.40703125 0.08203125 0.03515625
0 0.40703125 0.3734375 0.0671875 0.03671875
0 0.54375 0.37265625 0.065625 0.03828125
0 0.40625 0.4109375 0.06875 0.0359375
0 0.4765625 0.4125 0.07109375 0.03359375
0 0.54453125 0.409375 0.0625 0.034375
0 0.4046875 0.4453125 0.06953125 0.0296875
0 0.47265625 0.4453125 0.06640625 0.0296875
0 0.54140625 0.44765625 0.06640625 0.03359375
0 0.47578125 0.3734375 0.06640625 0.034375
0 0.18359375 0.36953125 0.07890625 0.0390625
0 0.1015625 0.36953125 0.08359375 0.0375
0 0.0328125 0.44296875 0.0625 0.03359375
0 0.60625 0.2921875 0.06484375 0.02578125
0 0.6796875 0.23203125 0.06484375 0.0203125
0 0.67578125 0.2625 0.06796875 0.03515625
0 0.7546875 0.259375 0.06640625 0.03671875
0 0.6734375 0.2953125 0.065625 0.02890625
0 0.7421875 0.29453125 0.06484375 0.0296875
0 0.82421875 0.2609375 0.03046875 0.034375
0 0.81171875 0.29296875 0.05546875 0.02421875
0 0.8765625 0.26171875 0.065625 0.03671875
0 0.875 0.29375 0.0578125 0.0265625
0 0.3328125 0.546875 0.0484375 0.01875
0 0.94609375 0.2625 0.06171875 0.03515625
0 0.94296875 0.2953125 0.0578125 0.02890625
0 0.87578125 0.2265625 0.059375 0.03359375
0 0.9484375 0.2265625 0.06328125 0.03359375
0 0.0296875 0.36640625 0.059375 0.040625
0 0.0296875 0.403125 0.059375 0.034375
0 0.61640625 0.37890625 0.06953125 0.059375
0 0.61015625 0.4375 0.0625 0.0578125
0 0.4703125 0.29375 0.06796875 0.028125
0 0.89375 0.4125 0.06953125 0.0359375
0 0.0296875 0.546875 0.059375 0.034375
0 0.95625 0.4484375 0.0625 0.0359375
0 0.8890625 0.4484375 0.06953125 0.03359375
0 0.821875 0.446875 0.0625 0.0359375
0 0.9609375 0.41015625 0.06640625 0.03203125
0 0.8234375 0.41171875 0.0625 0.03671875
0 0.89453125 0.3734375 0.07578125 0.0375
0 0.821875 0.3734375 0.0625 0.03515625
0 0.18046875 0.6046875 0.06953125 0.05546875
0 0.10390625 0.60546875 0.07265625 0.053125
0 0.178125 0.5484375 0.07109375 0.05703125
0 0.1015625 0.54765625 0.07421875 0.059375
0 0.0328125 0.61875 0.06484375 0.0296875
0 0.753125 0.43671875 0.07109375 0.0546875
0 0.68828125 0.3890625 0.0671875 0.04140625
0 0.03203125 0.584375 0.0640625 0.03671875
0 0.75703125 0.3890625 0.06484375 0.03984375
0 0.68125 0.43984375 0.06796875 0.0546875