0 0.5671875 0.28828125 0.07421875 0.09296875
0 0.475 0.39765625 0.06171875 0.10390625
0 0.5375 0.38203125 0.0515625 0.02578125
0 0.53671875 0.42265625 0.0515625 0.05234375
0 0.59921875 0.403125 0.06953125 0.10234375
0 0.66015625 0.42265625 0.05 0.06640625
0 0.71484375 0.42421875 0.0546875 0.06484375
0 0.76875 0.41953125 0.05234375 0.07890625
0 0.82421875 0.40859375 0.059375 0.0984375
0 0.88125 0.41875 0.05234375 0.0796875
0 0.83359375 0.30625 0.06953125 0.075
0 0.94453125 0.42109375 0.06484375 0.08125
0 0.975 0.30703125 0.05 0.0765625
0 0.7578125 0.31171875 0.04765625 0.05859375
0 0.896875 0.3078125 0.0578125 0.0765625
0 0.69921875 0.290625 0.065625 0.0953125
0 0.6359375 0.3 0.05703125 0.0796875
0 0.41640625 0.4109375 0.05234375 0.07265625
0 0.490625 0.5203125 0.06796875 0.0921875
0 0.30703125 0.41171875 0.05390625 0.06484375
0 0.9109375 0.53671875 0.04375 0.0859375
0 0.84140625 0.53203125 0.08984375 0.10390625
0 0.7671875 0.5359375 0.06171875 0.078125
0 0.703125 0.53203125 0.05234375 0.0875
0 0.6546875 0.528125 0.0375 0.078125
0 0.4921875 0.2859375 0.0703125 0.10078125
0 0.609375 0.528125 0.05234375 0.084375
0 0.5546875 0.5265625 0.05703125 0.078125
0 0.425 0.52578125 0.05546875 0.0765625
0 0.371875 0.51796875 0.046875 0.09140625
0 0.3265625 0.51640625 0.04453125 0.0890625
0 0.28125 0.521875 0.0453125 0.0796875
0 0.2421875 0.5234375 0.03125 0.0609375
0 0.16796875 0.4765625 0.0875 0.04296875
0 0.10546875 0.33515625 0.084375 0.0421875
0 0.11015625 0.378125 0.09296875 0.0421875
0 0.24765625 0.39375 0.06328125 0.09609375
0 0.3625 0.41328125 0.0546875 0.0671875
0 0.37578125 0.28125 0.0703125 0.0984375
0 0.68203125 0.08203125 0.03046875 0.06796875
0 0.24765625 0.2796875 0.07578125 0.0953125
0 0.71953125 0.08359375 0.04375 0.06484375
0 0.97109375 0.53046875 0.0578125 0.1015625
0 0.64140625 0.075 0.04765625 0.0734375
0 0.58359375 0.07109375 0.05859375 0.08671875
0 0.51875 0.0484375 0.071875 0.02578125
0 0.5171875 0.07421875 0.071875 0.0265625
0 0.51875 0.09921875 0.0703125 0.02421875
0 0.465625 0.0625 0.03046875 0.09765625
0 0.428125 0.059375 0.0453125 0.09453125
0 0.38359375 0.05703125 0.040625 0.096875
0 0.34453125 0.0671875 0.03515625 0.07578125
0 0.30078125 0.05625 0.04765625 0.0984375
0 0.25234375 0.0546875 0.04765625 0.10078125
0 0.19921875 0.05390625 0.05625 0.09921875
0 0.11328125 0.0515625 0.0515625 0.09765625
0 0.05078125 0.02265625 0.06953125 0.04375
0 0.0515625 0.071875 0.06953125 0.0546875
0 0.7671875 0.0796875 0.04140625 0.07421875
0 0.8359375 0.1 0.065625 0.034375
0 0.8984375 0.078125 0.05078125 0.0828125
0 0.95078125 0.115625 0.05 0.01328125
0 0.171875 0.153125 0.071875 0.03671875
0 0.08203125 0.15234375 0.090625 0.04375
0 0.0859375 0.19296875 0.08125 0.03359375
0 0.1671875 0.19453125 0.08203125 0.04296875
0 0.23515625 0.18125 0.04765625 0.06953125
0 0.284375 0.18203125 0.05078125 0.06953125
0 0.33671875 0.1859375 0.0515625 0.078125
0 0.39140625 0.184375 0.05703125 0.078125
0 0.3140625 0.3 0.0484375 0.05859375
0 0.45859375 0.178125 0.07421875 0.09375
0 0.6453125 0.17421875 0.071875 0.1140625
0 0.709375 0.1953125 0.05703125 0.06953125
0 0.765625 0.19765625 0.05078125 0.075
0 0.8171875 0.19921875 0.053125 0.0734375
0 0.9140625 0.20390625 0.0640625 0.065625
0 0.971875 0.203125 0.05390625 0.0671875
0 0.94921875 0.0703125 0.03515625 0.01953125
0 0.9546875 0.09375 0.04453125 0.02890625
0 0.57421875 0.178125 0.065625 0.1
0 0.9671875 0.628125 0.065625 0.06796875
0 0.0984375 0.796875 0.08828125 0.03984375
0 0.8859375 0.66875 0.08359375 0.0296875
0 0.934375 0.71796875 0.02734375 0.03828125
0 0.9859375 0.74140625 0.02734375 0.0453125
0 0.85234375 0.73125 0.04921875 0.046875
0 0.7421875 0.73046875 0.065625 0.05625
0 0.67890625 0.72890625 0.05703125 0.05625
0 0.6203125 0.728125 0.05859375 0.05390625
0 0.5390625 0.7265625 0.1 0.0578125
0 0.4578125 0.72265625 0.059375 0.05546875
0 0.34453125 0.62265625 0.0359375 0.0890625
0 0.3109375 0.6234375 0.03046875 0.08671875
0 0.278125 0.621875 0.0328125 0.08515625
0 0.2453125 0.621875 0.03203125 0.08359375
0 0.18046875 0.559375 0.07890625 0.040625
0 0.08125 0.540625 0.1140625 0.05625
0 0.05859375 0.63046875 0.1171875 0.07734375
0 0.1609375 0.65234375 0.08203125 0.03515625
0 0.16171875 0.61484375 0.08046875 0.03828125
0 0.0703125 0.72109375 0.1171875 0.075
0 0.1703125 0.7375 0.08359375 0.0421875
0 0.23671875 0.721875 0.025 0.046875
0 0.26328125 0.72265625 0.02421875 0.04375
0 0.28828125 0.72265625 0.025 0.0453125
0 0.31328125 0.7265625 0.02265625 0.03984375
0 0.37734375 0.72265625 0.1015625 0.0546875
0 0.88984375 0.62109375 0.0875 0.05546875
0 0.98125 0.821875 0.0375 0.08515625
0 0.94140625 0.8234375 0.0421875 0.08671875
0 0.8015625 0.72890625 0.05234375 0.046875
0 0.6890625 0.81640625 0.03671875 0.07578125
0 0.47890625 0.62890625 0.03359375 0.06953125
0 0.434375 0.64609375 0.040625 0.05390625
0 0.38125 0.6265625 0.03203125 0.0765625
0 0.32734375 0.80546875 0.04140625 0.0890625
0 0.0390625 0.26875 0.078125 0.06875
0 0.6125 0.63203125 0.03984375 0.08125
0 0.7265625 0.82421875 0.0390625 0.07421875
0 0.79765625 0.8265625 0.03984375 0.071875
0 0.840625 0.82109375 0.03984375 0.0734375
0 0.71640625 0.63671875 0.03984375 0.08359375
0 0.75859375 0.6359375 0.03984375 0.0859375
0 0.81015625 0.64296875 0.05625 0.0625
0 0.2859375 0.8078125 0.03984375 0.0921875
0 0.4015625 0.809375 0.04140625 0.0875
0 0.2421875 0.80625 0.04609375 0.08828125
0 0.18125 0.81640625 0.06640625 0.06171875
0 0.44296875 0.80078125 0.03984375 0.071875
0 0.484375 0.81328125 0.04296875 0.0921875
0 0.534375 0.80703125 0.03203125 0.06640625
0 0.571875 0.82265625 0.03828125 0.07421875
0 0.6140625 0.825 0.0390625 0.07265625
0 0.096875 0.8359375 0.08828125 0.03515625
0 0.88515625 0.8296875 0.04765625 0.071875
0 0.96328125 0.671875 0.0734375 0.015625
0 0.65390625 0.63515625 0.0375 0.075
0 0.515625 0.63046875 0.0375 0.06953125
0 0.57265625 0.63203125 0.040625 0.08203125