0 0.50546875 0.78515625 0.03828125 0.0296875
0 0.14765625 0.83671875 0.02109375 0.03203125
0 0.03125 0.81484375 0.03046875 0.028125
0 0.065625 0.8109375 0.02578125 0.021875
0 0.2375 0.73828125 0.09140625 0.0265625
0 0.2390625 0.76875 0.0890625 0.03125
0 0.2296875 0.8 0.09375 0.028125
0 0.221875 0.8359375 0.08828125 0.03359375
0 0.31015625 0.7734375 0.04296875 0.0328125
0 0.35625 0.76953125 0.03984375 0.03046875
0 0.36015625 0.803125 0.04453125 0.02890625
0 0.54609375 0.7515625 0.03984375 0.03203125
0 0.3046875 0.83828125 0.0390625 0.03046875
0 0.35078125 0.8390625 0.0421875 0.03125
0 0.4109375 0.7296875 0.02890625 0.01875
0 0.4125 0.75 0.0296875 0.0234375
0 0.446875 0.75 0.03359375 0.02421875
0 0.41328125 0.7734375 0.034375 0.01640625
0 0.453125 0.77265625 0.02890625 0.01875
0 0.503125 0.753125 0.040625 0.03125
0 0.11640625 0.8375 0.02890625 0.03515625
0 0.3046875 0.80546875 0.03125 0.0265625
0 0.0859375 0.8390625 0.02734375 0.034375
0 0.87109375 0.63515625 0.0234375 0.02421875
0 0.934375 0.67734375 0.02265625 0.02421875
0 0.684375 0.65 0.0234375 0.01875
0 0.54609375 0.7875 0.03984375 0.0265625
0 0.71640625 0.63203125 0.028125 0.02109375
0 0.7484375 0.63125 0.0203125 0.021875
0 0.77578125 0.6328125 0.02578125 0.0203125
0 0.71640625 0.653125 0.0234375 0.0171875
0 0.7171875 0.67421875 0.02578125 0.01953125
0 0.74375 0.67578125 0.02578125 0.0171875
0 0.77265625 0.67421875 0.0234375 0.01875
0 0.77734375 0.6546875 0.021875 0.0203125
0 0.81875 0.63671875 0.02734375 0.0234375
0 0.84609375 0.6328125 0.02265625 0.021875
0 0.8140625 0.65546875 0.02421875 0.0140625
0 0.815625 0.67578125 0.021875 0.01953125
0 0.8421875 0.67734375 0.02890625 0.0171875
0 0.87109375 0.6765625 0.02265625 0.01953125
0 0.87421875 0.6578125 0.021875 0.01796875
0 0.90078125 0.640625 0.01875 0.02421875
0 0.9234375 0.63984375 0.01953125 0.025
0 0.84609375 0.5890625 0.021875 0.0203125
0 0.86875 0.58984375 0.01875 0.01953125
0 0.89296875 0.5875 0.02109375 0.01796875
0 0.90703125 0.678125 0.02890625 0.02265625
0 0.96328125 0.67890625 0.025 0.02421875
0 0.50234375 0.8203125 0.04375 0.034375
0 0.284375 0.9328125 0.0296875 0.02578125
0 0.59140625 0.8109375 0.034375 0.034375
0 0.25703125 0.9328125 0.02109375 0.02421875
0 0.31796875 0.9296875 0.0234375 0.02265625
0 0.20390625 0.95625 0.02734375 0.0171875
0 0.23125 0.95546875 0.025 0.01875
0 0.259375 0.95546875 0.02265625 0.0171875
0 0.2859375 0.9546875 0.02890625 0.01640625
0 0.20625 0.97578125 0.025 0.015625
0 0.23515625 0.97421875 0.02578125 0.01484375
0 0.2625 0.9734375 0.02109375 0.01328125
0 0.28828125 0.9703125 0.0265625 0.0140625
0 0.20703125 0.99296875 0.0265625 0.01171875
0 0.23359375 0.98984375 0.01953125 0.015625
0 0.26015625 0.98984375 0.01953125 0.01328125
0 0.2875 0.9890625 0.021875 0.01875
0 0.55859375 0.98359375 0.03984375 0.0328125
0 0.6015625 0.9796875 0.04140625 0.0375
0 0.63984375 0.97109375 0.0328125 0.05546875
0 0.9140625 0.921875 0.03984375 0.0703125
0 0.96171875 0.92109375 0.04609375 0.0734375
0 0.59765625 0.5859375 0.01953125 0.0203125
0 0.6203125 0.5859375 0.01875 0.01953125
0 0.6421875 0.58515625 0.01953125 0.01875
0 0.67734375 0.6703125 0.0203125 0.0203125
0 0.2296875 0.93359375 0.0296875 0.025
0 0.54765625 0.81953125 0.034375 0.0328125
0 0.2 0.934375 0.02734375 0.021875
0 0.86015625 0.79140625 0.01953125 0.02578125
0 0.63125 0.81171875 0.0375 0.03671875
0 0.5796875 0.73046875 0.021875 0.02109375
0 0.6140625 0.73125 0.03828125 0.02265625
0 0.5828125 0.75390625 0.02109375 0.0234375
0 0.61328125 0.7546875 0.03203125 0.02265625
0 0.6890625 0.72734375 0.071875 0.0125
0 0.68828125 0.74140625 0.07421875 0.0140625
0 0.70390625 0.778125 0.084375 0.015625
0 0.70078125 0.8 0.08125 0.015625
0 0.6984375 0.83828125 0.04453125 0.0234375
0 0.7421875 0.83828125 0.03671875 0.028125
0 0.7734375 0.80234375 0.025 0.03046875
0 0.80078125 0.803125 0.0265625 0.028125
0 0.82578125 0.80703125 0.02421875 0.03125
0 0.75859375 0.72890625 0.02109375 0.02265625
0 0.784375 0.728125 0.021875 0.0234375
0 0.8046875 0.725 0.0171875 0.01875
0 0.74921875 0.75234375 0.01875 0.01953125
0 0.7703125 0.75078125 0.01953125 0.01953125
0 0.79296875 0.75078125 0.02265625 0.01953125
0 0.89140625 0.74453125 0.03203125 0.0484375
0 0.928125 0.746875 0.02890625 0.05
0 0.9640625 0.746875 0.0265625 0.05390625
0 0.88515625 0.790625 0.02734375 0.02578125
0 0.6515625 0.6703125 0.028125 0.0203125
0 0.4484375 0.72734375 0.03359375 0.0171875
0 0.453125 0.26953125 0.04296875 0.0375
0 0.38984375 0.6453125 0.06796875 0.046875
0 0.403125 0.5609375 0.0515625 0.03359375
0 0.46484375 0.6328125 0.0703125 0.034375
0 0.465625 0.66796875 0.06953125 0.03671875
0 0.528125 0.62890625 0.02421875 0.02109375
0 0.87734375 0.29765625 0.05703125 0.04765625
0 0.55625 0.62890625 0.02421875 0.02109375
0 0.5859375 0.6265625 0.0234375 0.01875
0 0.525 0.64921875 0.025 0.01640625
0 0.52578125 0.66953125 0.03046875 0.01875
0 0.553125 0.66875 0.02421875 0.01953125
0 0.32109375 0.64921875 0.0609375 0.046875
0 0.58046875 0.66953125 0.02734375 0.02265625
0 0.628125 0.62734375 0.02734375 0.01953125
0 0.6578125 0.62890625 0.02265625 0.01953125
0 0.68359375 0.62734375 0.02421875 0.0234375
0 0.625 0.646875 0.0203125 0.015625
0 0.7828125 0.3453125 0.0609375 0.04375
0 0.71328125 0.30703125 0.03828125 0.0296875
0 0.659375 0.3328125 0.04765625 0.05859375
0 0.590625 0.26640625 0.053125 0.0578125
0 0.5125 0.26875 0.05625 0.03828125
0 0.53671875 0.3296875 0.0546875 0.07265625
0 0.4640625 0.32578125 0.06171875 0.0671875
0 0.58671875 0.6484375 0.021875 0.01640625
0 0.3859375 0.3171875 0.07421875 0.0921875
0 0.246875 0.64765625 0.0640625 0.05234375
0 0.12578125 0.61875 0.03359375 0.0453125
0 0.0703125 0.4375 0.0734375 0.0421875
0 0.07421875 0.396875 0.06484375 0.02734375
0 0.86953125 0.346875 0.0578125 0.04140625
0 0.96171875 0.2859375 0.04921875 0.10859375
0 0.14453125 0.43828125 0.06015625 0.040625
0 0.0359375 0.4875 0.071875 0.046875
0 0.11171875 0.4875 0.06875 0.0484375
0 0.2109375 0.46953125 0.040625 0.04609375
0 0.2640625 0.4875 0.0640625 0.04296875
0 0.3359375 0.44921875 0.0703125 0.04453125
0 0.33515625 0.4921875 0.0640625 0.0359375
0 0.17734375 0.646875 0.05859375 0.046875
0 0.40390625 0.49375 0.06171875 0.0375
0 0.48984375 0.47734375 0.0609375 0.07421875
0 0.571875 0.478125 0.06171875 0.06875
0 0.63828125 0.4859375 0.065625 0.05546875
0 0.6171875 0.41953125 0.04375 0.04375
0 0.6640625 0.43828125 0.03125 0.0359375
0 0.71875 0.47265625 0.04609375 0.0484375
0 0.80625 0.4734375 0.04453125 0.08828125
0 0.87890625 0.46953125 0.0421875 0.08828125
0 0.93359375 0.471875 0.03828125 0.07578125
0 0.05 0.584375 0.07265625 0.0484375
0 0.034375 0.64609375 0.0609375 0.03515625
0 0.4109375 0.4484375 0.05703125 0.05
0 0.29765625 0.3125 0.08125 0.0859375
0 0.60390625 0.33046875 0.05546875 0.06328125
0 0.48515625 0.09765625 0.05078125 0.0921875
0 0.2046875 0.07109375 0.05 0.12890625
0 0.2609375 0.096875 0.05625 0.0859375
0 0.3171875 0.09453125 0.05390625 0.08671875
0 0.37578125 0.09609375 0.053125 0.08828125
0 0.43046875 0.0953125 0.0546875 0.09609375
0 0.54609375 0.090625 0.05 0.11328125
0 0.640625 0.07578125 0.065625 0.14375
0 0.70546875 0.0859375 0.06171875 0.1421875
0 0.78515625 0.08671875 0.08671875 0.1390625
0 0.88984375 0.09296875 0.06015625 0.12578125
0 0.0546875 0.21171875 0.10234375 0.05703125
0 0.14921875 0.071875 0.0546875 0.12265625
0 0.040625 0.29453125 0.0703125 0.09765625
0 0.62265625 0.66875 0.0234375 0.021875
0 0.221875 0.31015625 0.06015625 0.08828125
0 0.1421875 0.31015625 0.0671875 0.0765625
0 0.0921875 0.07109375 0.053125 0.12109375