0 0.190625 0.24375 0.03515625 0.1125
0 0.153125 0.24296875 0.03828125 0.1140625
0 0.11640625 0.2390625 0.028125 0.1234375
0 0.084375 0.23984375 0.02890625 0.1234375
0 0.0484375 0.2359375 0.02890625 0.12734375
0 0.0171875 0.240625 0.02578125 0.128125
0 0.2265625 0.2421875 0.0296875 0.11328125
0 0.26015625 0.26328125 0.02734375 0.0765625
0 0.45625 0.24140625 0.034375 0.1109375
0 0.3203125 0.25234375 0.03046875 0.09375
0 0.353125 0.2453125 0.02421875 0.10625
0 0.3796875 0.24296875 0.021875 0.1109375
0 0.64375 0.40078125 0.03671875 0.096875
0 0.59453125 0.40078125 0.03671875 0.096875
0 0.50625 0.415625 0.04296875 0.07265625
0 0.46015625 0.41640625 0.0421875 0.071875
0 0.4109375 0.4046875 0.04140625 0.0953125
0 0.3625 0.40390625 0.04609375 0.0984375
0 0.29140625 0.25546875 0.02421875 0.084375
0 0.55625 0.3984375 0.0359375 0.103125
0 0.57734375 0.95859375 0.03828125 0.0828125
0 0.68984375 0.4015625 0.0375 0.090625
0 0.05 0.834375 0.04140625 0.1046875
0 0.01015625 0.834375 0.01953125 0.1
0 0.01875 0.6984375 0.03671875 0.10546875
0 0.0578125 0.6984375 0.03359375 0.10625
0 0.11171875 0.696875 0.040625 0.0984375
0 0.3125 0.95859375 0.025 0.0828125
0 0.228125 0.959375 0.03828125 0.08125
0 0.18828125 0.959375 0.03671875 0.08125
0 0.14921875 0.96015625 0.03984375 0.0796875
0 0.10703125 0.98203125 0.02109375 0.0359375
0 0.08203125 0.98125 0.02265625 0.03671875
0 0.04140625 0.953125 0.034375 0.09296875
0 0.071875 0.93125 0.01953125 0.05546875
0 0.14375 0.83359375 0.0484375 0.103125
0 0.0109375 0.95546875 0.021875 0.0890625
0 0.196875 0.696875 0.0453125 0.09921875
0 0.24375 0.6984375 0.03828125 0.096875
0 0.2859375 0.696875 0.03984375 0.096875
0 0.3296875 0.6953125 0.03671875 0.09765625
0 0.41640625 0.69296875 0.03515625 0.0984375
0 0.4609375 0.6984375 0.03671875 0.084375
0 0.51328125 0.69140625 0.03828125 0.1015625
0 0.55546875 0.690625 0.03671875 0.0984375
0 0.6 0.6890625 0.04140625 0.103125
0 0.646875 0.68984375 0.04140625 0.1046875
0 0.69765625 0.6875 0.05625 0.10859375
0 0.75703125 0.68671875 0.05078125 0.103125
0 0.81171875 0.68828125 0.05390625 0.0984375
0 0.153125 0.6953125 0.04140625 0.0984375
0 0.8671875 0.68828125 0.04921875 0.096875
0 0.196875 0.8296875 0.0421875 0.109375
0 0.28515625 0.821875 0.03203125 0.103125
0 0.621875 0.9578125 0.0390625 0.0828125
0 0.66875 0.95546875 0.046875 0.0890625
0 0.721875 0.95703125 0.04296875 0.0859375
0 0.775 0.9578125 0.04140625 0.084375
0 0.8109375 0.96171875 0.028125 0.0765625
0 0.84140625 0.9609375 0.028125 0.078125
0 0.88203125 0.95625 0.04453125 0.08671875
0 0.934375 0.95625 0.05078125 0.08671875
0 0.48359375 0.959375 0.0375 0.08125
0 0.4453125 0.959375 0.03515625 0.08125
0 0.390625 0.96015625 0.04296875 0.0796875
0 0.34765625 0.9578125 0.0359375 0.08203125
0 0.9703125 0.82109375 0.059375 0.1109375
0 0.2375 0.83984375 0.034375 0.08359375
0 0.91328125 0.82109375 0.04765625 0.1046875
0 0.8 0.81484375 0.03671875 0.1
0 0.7578125 0.82421875 0.04140625 0.1015625
0 0.7046875 0.8265625 0.04765625 0.1015625
0 0.6578125 0.82734375 0.0328125 0.09765625
0 0.6078125 0.8453125 0.0546875 0.071875
0 0.55703125 0.828125 0.03359375 0.09921875
0 0.5265625 0.8265625 0.025 0.10078125
0 0.53046875 0.95859375 0.04140625 0.0828125
0 0.484375 0.83046875 0.03203125 0.103125
0 0.44765625 0.8296875 0.03359375 0.1046875
0 0.415625 0.828125 0.02890625 0.103125
0 0.390625 0.82578125 0.01796875 0.1
0 0.32109375 0.828125 0.03203125 0.1
0 0.8546875 0.84921875 0.0453125 0.053125
0 0.9171875 0.684375 0.04296875 0.1078125
0 0.37265625 0.69375 0.03984375 0.09765625
0 0.97578125 0.54609375 0.04453125 0.0984375
0 0.73828125 0.39453125 0.05390625 0.1015625
0 0.071875 0.3890625 0.03203125 0.06796875
0 0.02578125 0.40625 0.04140625 0.10234375
0 0.625 0.2484375 0.02578125 0.0953125
0 0.221875 0.4078125 0.03515625 0.096875
0 0.26484375 0.40546875 0.04609375 0.1
0 0.3140625 0.4046875 0.04921875 0.0984375
0 0.97265625 0.7171875 0.05234375 0.03671875
0 0.496875 0.2421875 0.03671875 0.11015625
0 0.534375 0.2546875 0.02734375 0.07890625
0 0.01640625 0.55859375 0.0328125 0.0984375
0 0.5671875 0.24765625 0.03046875 0.096875
0 0.85703125 0.3953125 0.05546875 0.0953125
0 0.91484375 0.39375 0.05078125 0.09609375
0 0.96953125 0.38984375 0.04140625 0.075
0 0.98515625 0.23359375 0.028125 0.1046875
0 0.93984375 0.24375 0.03203125 0.08359375
0 0.88046875 0.2375 0.03125 0.10078125
0 0.8390625 0.2375 0.0453125 0.10390625
0 0.7890625 0.23984375 0.04765625 0.1
0 0.7390625 0.28203125 0.0484375 0.0203125
0 0.66484375 0.23671875 0.03984375 0.1125
0 0.7953125 0.3921875 0.05625 0.10234375
0 0.05390625 0.559375 0.01875 0.09921875
0 0.1640625 0.40625 0.0390625 0.1046875
0 0.203125 0.55703125 0.03828125 0.1015625
0 0.92265625 0.54921875 0.05 0.10234375
0 0.88046875 0.55234375 0.03046875 0.09609375
0 0.83359375 0.54921875 0.05546875 0.1
0 0.77421875 0.5515625 0.04765625 0.09921875
0 0.7265625 0.55 0.03984375 0.0984375
0 0.68671875 0.55234375 0.02890625 0.10078125
0 0.653125 0.55390625 0.0328125 0.09921875
0 0.6171875 0.553125 0.0359375 0.0953125
0 0.57421875 0.55234375 0.04296875 0.0953125
0 0.521875 0.5546875 0.0296875 0.0984375
0 0.08046875 0.5609375 0.03046875 0.09375
0 0.59609375 0.2484375 0.02265625 0.0953125
0 0.43828125 0.5640625 0.04765625 0.08046875
0 0.2484375 0.559375 0.03671875 0.096875
0 0.29140625 0.55859375 0.04375 0.0953125
0 0.3421875 0.55625 0.0453125 0.096875
0 0.39453125 0.55390625 0.040625 0.09921875
0 0.484375 0.55625 0.03828125 0.096875