0 0.57109375 0.096875 0.04140625 0.0734375
0 0.53125 0.09609375 0.03671875 0.075
0 0.48984375 0.09375 0.04609375 0.078125
0 0.44921875 0.05390625 0.03515625 0.015625
0 0.45078125 0.09765625 0.03203125 0.0703125
0 0.028125 0.09140625 0.05625 0.115625
0 0.33359375 0.090625 0.06640625 0.08203125
0 0.26171875 0.08671875 0.08203125 0.090625
0 0.18125 0.090625 0.06875 0.0828125
0 0.10390625 0.0890625 0.08515625 0.0890625
0 0.63984375 0.0859375 0.096875 0.09140625
0 0.4 0.08828125 0.06171875 0.0921875
0 0.728125 0.0953125 0.04921875 0.075
0 0.67734375 0.53515625 0.07265625 0.065625
0 0.8234375 0.0953125 0.0453125 0.08125
0 0.96640625 0.73125 0.034375 0.115625
0 0.9328125 0.73203125 0.03359375 0.1171875
0 0.8984375 0.734375 0.02890625 0.1109375
0 0.85546875 0.73671875 0.04296875 0.0515625
0 0.81171875 0.7390625 0.04453125 0.04609375
0 0.759375 0.73125 0.04765625 0.06953125
0 0.70234375 0.74609375 0.04609375 0.04375
0 0.6953125 0.70859375 0.0453125 0.0234375
0 0.65078125 0.7484375 0.04453125 0.04765625
0 0.64375 0.7078125 0.0375 0.025
0 0.575 0.71328125 0.02890625 0.0359375
0 0.534375 0.75 0.0484375 0.04296875
0 0.4828125 0.75703125 0.0390625 0.03671875
0 0.4796875 0.72109375 0.03828125 0.0328125
0 0.42734375 0.75625 0.06171875 0.04765625
0 0.34453125 0.7609375 0.096875 0.046875
0 0.2640625 0.76328125 0.04453125 0.04921875
0 0.18125 0.76875 0.09609375 0.04453125
0 0.05859375 0.7359375 0.1078125 0.128125
0 0.9765625 0.59453125 0.034375 0.115625
0 0.934375 0.59296875 0.03671875 0.11640625
0 0.0640625 0.89765625 0.128125 0.1484375
0 0.15078125 0.8453125 0.04296875 0.06015625
0 0.1984375 0.84375 0.04765625 0.0640625
0 0.2484375 0.840625 0.04296875 0.0625
0 0.70625 0.903125 0.03828125 0.06640625
0 0.6625 0.90625 0.0453125 0.0609375
0 0.61953125 0.90546875 0.040625 0.065625
0 0.571875 0.91171875 0.03984375 0.0640625
0 0.5296875 0.915625 0.03984375 0.06875
0 0.48203125 0.9171875 0.046875 0.06640625
0 0.43828125 0.9203125 0.03671875 0.06796875
0 0.39296875 0.9234375 0.046875 0.0703125
0 0.3453125 0.925 0.0453125 0.065625
0 0.85703125 0.8109375 0.04140625 0.05546875
0 0.9 0.59765625 0.03203125 0.115625
0 0.8125 0.8125 0.04609375 0.05703125
0 0.7234375 0.815625 0.0421875 0.06171875
0 0.6765625 0.8171875 0.0453125 0.05703125
0 0.6296875 0.8203125 0.04765625 0.0640625
0 0.584375 0.8234375 0.04296875 0.0578125
0 0.5390625 0.8265625 0.04140625 0.06015625
0 0.49375 0.8296875 0.03984375 0.0609375
0 0.44609375 0.83203125 0.05078125 0.0640625
0 0.3875 0.83203125 0.04921875 0.0625
0 0.340625 0.83515625 0.0421875 0.059375
0 0.2953125 0.8390625 0.04296875 0.06328125
0 0.76796875 0.8140625 0.0390625 0.0578125
0 0.77734375 0.09453125 0.04453125 0.078125
0 0.834375 0.64375 0.0953125 0.053125
0 0.6515625 0.64609375 0.0890625 0.0515625
0 0.25 0.4453125 0.08125 0.06875
0 0.15703125 0.440625 0.1 0.078125
0 0.84375 0.33359375 0.06953125 0.0703125
0 0.7484375 0.334375 0.10390625 0.06875
0 0.653125 0.33671875 0.075 0.0671875
0 0.540625 0.346875 0.07109375 0.05546875
0 0.446875 0.3375 0.1078125 0.075
0 0.35 0.340625 0.0765625 0.0703125
0 0.24921875 0.3390625 0.11796875 0.0734375
0 0.1375 0.340625 0.08984375 0.075
0 0.909375 0.26953125 0.06015625 0.1140625
0 0.85546875 0.225 0.04296875 0.0765625
0 0.80703125 0.2265625 0.05390625 0.07734375
0 0.7359375 0.22734375 0.08671875 0.07578125
0 0.6453125 0.22890625 0.08515625 0.078125
0 0.55234375 0.22890625 0.09765625 0.0765625
0 0.35078125 0.2296875 0.08125 0.0796875
0 0.2578125 0.23125 0.10078125 0.0796875
0 0.1375 0.2359375 0.11484375 0.07734375
0 0.9734375 0.09375 0.03515625 0.07734375
0 0.90078125 0.07734375 0.103125 0.1109375
0 0.3359375 0.4453125 0.07734375 0.06953125
0 0.41640625 0.440625 0.078125 0.065625
0 0.49296875 0.440625 0.06796875 0.06484375
0 0.57890625 0.4375 0.0640625 0.0640625
0 0.38125 0.6453125 0.04921875 0.071875
0 0.7640625 0.90078125 0.07578125 0.0578125
0 0.0375 0.3703125 0.075 0.271875
0 0.98515625 0.87578125 0.02890625 0.0921875
0 0.9515625 0.87578125 0.0265625 0.0828125
0 0.92734375 0.8796875 0.021875 0.0875
0 0.9015625 0.88125 0.028125 0.0875
0 0.29453125 0.6546875 0.09609375 0.071875
0 0.2046875 0.66171875 0.05703125 0.059375
0 0.14296875 0.6671875 0.05546875 0.05703125
0 0.51015625 0.61484375 0.02890625 0.0203125
0 0.8359375 0.525 0.0890625 0.0640625
0 0.0484375 0.58125 0.096875 0.13828125
0 0.49609375 0.534375 0.075 0.0703125
0 0.415625 0.53671875 0.07734375 0.06875
0 0.32578125 0.540625 0.08203125 0.06796875
0 0.23671875 0.5453125 0.0765625 0.06796875
0 0.1375 0.55 0.06640625 0.06875
0 0.928125 0.4296875 0.075 0.1125
0 0.83046875 0.4296875 0.0875 0.0671875
0 0.725 0.43359375 0.11640625 0.0671875
0 0.64140625 0.43671875 0.0421875 0.0625
0 0.75078125 0.53203125 0.06953125 0.06875
0 0.846875 0.896875 0.07890625 0.0625