0 0.93203125 0.8109375 0.0328125 0.03515625
0 0.97890625 0.83984375 0.0421875 0.0453125
0 0.896875 0.92265625 0.06015625 0.0171875
0 0.8921875 0.9390625 0.05625 0.0109375
0 0.97421875 0.96640625 0.05 0.01953125
0 0.89921875 0.96640625 0.040625 0.009375
0 0.98125 0.94765625 0.03671875 0.01640625
0 0.96328125 0.98828125 0.06640625 0.01875
0 0.86796875 0.7953125 0.0546875 0.046875
0 0.89609375 0.95390625 0.0578125 0.00859375
0 0.8015625 0.75859375 0.06171875 0.0875
0 0.896875 0.58828125 0.0328125 0.09375
0 0.8140625 0.925 0.059375 0.02421875
0 0.71953125 0.27421875 0.0515625 0.11875
0 0.77265625 0.2390625 0.034375 0.075
0 0.81484375 0.23046875 0.0375 0.025
0 0.81484375 0.26171875 0.04140625 0.01875
0 0.8578125 0.23125 0.03671875 0.07421875
0 0.89296875 0.228125 0.03046875 0.06875
0 0.93671875 0.21953125 0.0484375 0.08515625
0 0.9828125 0.2203125 0.034375 0.06875
0 0.76796875 0.35625 0.021875 0.10546875
0 0.8015625 0.3640625 0.03984375 0.08359375
0 0.84453125 0.3640625 0.03828125 0.0890625
0 0.8859375 0.36640625 0.040625 0.08125
0 0.9296875 0.3625 0.04296875 0.08515625
0 0.9765625 0.3578125 0.046875 0.09375
0 0.67265625 0.27734375 0.0375 0.109375
0 0.0296875 0.42734375 0.05546875 0.06875
0 0.14375 0.42734375 0.0484375 0.065625
0 0.1984375 0.42578125 0.0546875 0.06796875
0 0.25390625 0.40703125 0.034375 0.0796875
0 0.3 0.39921875 0.04921875 0.09765625
0 0.35390625 0.39921875 0.046875 0.096875
0 0.403125 0.39921875 0.0421875 0.09765625
0 0.44921875 0.4 0.04609375 0.09375
0 0.515625 0.3984375 0.0734375 0.0953125
0 0.5828125 0.40390625 0.053125 0.09765625
0 0.6421875 0.4046875 0.0375 0.09765625
0 0.7109375 0.35859375 0.0546875 0.0140625
0 0.71015625 0.37734375 0.05390625 0.015625
0 0.7078125 0.39453125 0.0546875 0.0140625
0 0.70234375 0.4109375 0.05625 0.0171875
0 0.0890625 0.428125 0.05546875 0.06953125
0 0.6140625 0.27890625 0.05078125 0.1140625
0 0.57109375 0.2796875 0.03203125 0.1125
0 0.51484375 0.27890625 0.0578125 0.11640625
0 0.03203125 0.1234375 0.0640625 0.08828125
0 0.10078125 0.1375 0.0671875 0.08046875
0 0.16875 0.15 0.06171875 0.05390625
0 0.240625 0.15859375 0.07109375 0.07109375
0 0.30078125 0.1546875 0.0421875 0.0828125
0 0.34921875 0.165625 0.04765625 0.071875
0 0.403125 0.1546875 0.05 0.10078125
0 0.4484375 0.15703125 0.03359375 0.10703125
0 0.4796875 0.1734375 0.02109375 0.06953125
0 0.51171875 0.1625 0.03515625 0.09140625
0 0.5484375 0.1578125 0.0328125 0.09296875
0 0.59140625 0.146875 0.04609375 0.11328125
0 0.63359375 0.14140625 0.03515625 0.11015625
0 0.684375 0.1328125 0.053125 0.125
0 0.7390625 0.13125 0.04921875 0.115625
0 0.83359375 0.1078125 0.0625 0.13515625
0 0.88125 0.1015625 0.0296875 0.11328125
0 0.44609375 0.29609375 0.0640625 0.08359375
0 0.38203125 0.28515625 0.05703125 0.10078125
0 0.32421875 0.29453125 0.034375 0.0734375
0 0.28984375 0.29765625 0.02578125 0.0625
0 0.25546875 0.28125 0.034375 0.09296875
0 0.19609375 0.3359375 0.04140625 0.078125
0 0.70078125 0.42734375 0.05625 0.01171875
0 0.14296875 0.3328125 0.05625 0.0796875
0 0.02890625 0.33671875 0.05234375 0.06796875
0 0.16796875 0.2421875 0.0546875 0.06484375
0 0.1125 0.23671875 0.046875 0.05625
0 0.04296875 0.2234375 0.0828125 0.08046875
0 0.971875 0.0984375 0.0421875 0.09609375
0 0.92265625 0.10546875 0.046875 0.1
0 0.0859375 0.33046875 0.05234375 0.0796875
0 0.6953125 0.44609375 0.0515625 0.0203125
0 0.78359375 0.45625 0.07421875 0.05078125
0 0.84296875 0.47890625 0.034375 0.0265625
0 0.13984375 0.7234375 0.06171875 0.02578125
0 0.2015625 0.6953125 0.0484375 0.0875
0 0.2671875 0.64765625 0.0546875 0.115625
0 0.32890625 0.640625 0.0578125 0.10234375
0 0.3859375 0.64609375 0.05 0.10234375
0 0.43671875 0.64140625 0.03828125 0.1015625
0 0.471875 0.63671875 0.0265625 0.10625
0 0.49765625 0.640625 0.02265625 0.10703125
0 0.528125 0.6453125 0.03203125 0.1109375
0 0.56875 0.65 0.04609375 0.11484375
0 0.62421875 0.66015625 0.05859375 0.10390625
0 0.68125 0.66875 0.04375 0.109375
0 0.021875 0.85234375 0.04375 0.11171875
0 0.07890625 0.834375 0.0515625 0.11953125
0 0.14375 0.81640625 0.06484375 0.0953125
0 0.20703125 0.80234375 0.053125 0.10859375
0 0.27890625 0.78828125 0.046875 0.1203125
0 0.81953125 0.90234375 0.05859375 0.01328125
0 0.8234375 0.88359375 0.059375 0.0203125
0 0.81953125 0.86171875 0.0578125 0.01484375
0 0.8234375 0.8421875 0.059375 0.02109375
0 0.74375 0.9 0.040625 0.02734375
0 0.7453125 0.87421875 0.04140625 0.01484375
0 0.0515625 0.73671875 0.09921875 0.0421875
0 0.74609375 0.8546875 0.04296875 0.01484375
0 0.7125 0.81171875 0.0171875 0.0625
0 0.61640625 0.79140625 0.08984375 0.13046875
0 0.5125 0.775 0.10234375 0.10703125
0 0.40234375 0.77421875 0.05546875 0.10625
0 0.3578125 0.778125 0.03046875 0.11328125
0 0.32265625 0.78359375 0.03359375 0.10859375
0 0.75 0.83828125 0.04140625 0.0140625
0 0.734375 0.75703125 0.03125 0.0234375
0 0.05 0.68125 0.1 0.04140625
0 0.12265625 0.59140625 0.06171875 0.05703125
0 0.890625 0.4890625 0.04765625 0.0140625
0 0.9609375 0.46640625 0.05625 0.07109375
0 0.02109375 0.52734375 0.0421875 0.0515625
0 0.06953125 0.5234375 0.046875 0.05546875
0 0.11953125 0.5203125 0.04609375 0.0484375
0 0.16953125 0.51875 0.0484375 0.05703125
0 0.21484375 0.51953125 0.03515625 0.0453125
0 0.26796875 0.515625 0.053125 0.1078125
0 0.3359375 0.515625 0.071875 0.1046875
0 0.40625 0.5171875 0.05703125 0.10390625
0 0.46640625 0.5171875 0.05625 0.10234375
0 0.5203125 0.51953125 0.04453125 0.096875
0 0.57421875 0.5234375 0.0578125 0.1015625
0 0.63515625 0.53125 0.05625 0.09609375
0 0.7046875 0.53671875 0.0515625 0.10625
0 0.73828125 0.590625 0.01171875 0.02734375
0 0.75625 0.590625 0.01796875 0.0296875
0 0.06015625 0.6046875 0.05234375 0.078125
0 0.0140625 0.6109375 0.028125 0.065625
0 0.978125 0.70625 0.02578125 0.08203125
0 0.95078125 0.70078125 0.02421875 0.07578125
0 0.92265625 0.69453125 0.0234375 0.08359375
0 0.8890625 0.68203125 0.0375 0.07421875
0 0.18515625 0.58828125 0.053125 0.0609375
0 0.83671875 0.6984375 0.034375 0.02734375
0 0.7609375 0.678125 0.0296875 0.028125
0 0.725 0.66953125 0.02734375 0.02734375
0 0.9765625 0.596875 0.0328125 0.10234375
0 0.93828125 0.59140625 0.03828125 0.09765625
0 0.853125 0.584375 0.04921875 0.078125
0 0.8015625 0.6078125 0.04921875 0.02578125
0 0.79765625 0.6875 0.03046875 0.02890625