0 0.58125 0.15546875 0.03046875 0.13125
0 0.6078125 0.15546875 0.021875 0.13984375
0 0.634375 0.15703125 0.025 0.1296875
0 0.65546875 0.71640625 0.0359375 0.11171875
0 0.6921875 0.1578125 0.028125 0.1375
0 0.721875 0.1578125 0.028125 0.13828125
0 0.83515625 0.15625 0.025 0.14765625
0 0.77890625 0.153125 0.02734375 0.15078125
0 0.8078125 0.1546875 0.028125 0.1453125
0 0.8625 0.1578125 0.02890625 0.14453125
0 0.92265625 0.1578125 0.028125 0.1453125
0 0.55078125 0.1546875 0.028125 0.1375
0 0.89296875 0.15703125 0.028125 0.1484375
0 0.75078125 0.1546875 0.028125 0.14296875
0 0.5203125 0.153125 0.03046875 0.13046875
0 0.14375 0.153125 0.028125 0.1078125
0 0.45 0.14921875 0.03359375 0.13671875
0 0.95 0.15703125 0.0265625 0.14609375
0 0.6625 0.15859375 0.0296875 0.1375
0 0.0125 0.153125 0.02421875 0.11015625
0 0.04375 0.153125 0.0375 0.10234375
0 0.07890625 0.15546875 0.03046875 0.10703125
0 0.1125 0.15390625 0.0328125 0.10859375
0 0.484375 0.153125 0.03203125 0.13046875
0 0.17734375 0.1546875 0.0359375 0.10703125
0 0.24609375 0.15546875 0.0328125 0.10625
0 0.2796875 0.15703125 0.03125 0.10625
0 0.3140625 0.15625 0.03359375 0.109375
0 0.34765625 0.14375 0.0296875 0.13984375
0 0.378125 0.1453125 0.02890625 0.13828125
0 0.41640625 0.1484375 0.034375 0.13359375
0 0.21171875 0.1546875 0.03203125 0.1078125
0 0.9796875 0.15703125 0.0328125 0.14453125
0 0.621875 0.715625 0.03125 0.11484375
0 0.93046875 0.38125 0.0421875 0.0953125
0 0.73828125 0.86875 0.03125 0.096875
0 0.7703125 0.8703125 0.03125 0.0984375
0 0.8015625 0.87265625 0.02890625 0.09453125
0 0.8328125 0.86953125 0.03125 0.09921875
0 0.86796875 0.8671875 0.034375 0.1
0 0.9046875 0.8671875 0.0359375 0.0984375
0 0.93828125 0.86640625 0.02734375 0.09609375
0 0.97109375 0.87109375 0.0328125 0.09296875
0 0.6921875 0.7078125 0.03515625 0.1140625
0 0.72734375 0.7109375 0.0328125 0.1140625
0 0.7609375 0.7171875 0.0328125 0.11328125
0 0.79765625 0.71796875 0.03828125 0.1109375
0 0.7046875 0.86953125 0.03125 0.09921875
0 0.834375 0.71796875 0.034375 0.1109375
0 0.90703125 0.7171875 0.0359375 0.11015625
0 0.9421875 0.71953125 0.0328125 0.1125
0 0.978125 0.71953125 0.03203125 0.11015625
0 0.9734375 0.54921875 0.03515625 0.1109375
0 0.93984375 0.546875 0.0296875 0.1140625
0 0.9046875 0.54765625 0.0359375 0.11171875
0 0.86953125 0.5484375 0.03125 0.109375
0 0.83515625 0.54609375 0.03359375 0.11484375
0 0.7984375 0.54609375 0.03515625 0.11484375
0 0.971875 0.38203125 0.03984375 0.09609375
0 0.72734375 0.54609375 0.034375 0.10859375
0 0.6921875 0.54609375 0.03359375 0.109375
0 0.8703125 0.71875 0.03359375 0.11015625
0 0.65625 0.54609375 0.034375 0.1046875
0 0.67109375 0.86796875 0.0328125 0.09453125
0 0.60625 0.86953125 0.03671875 0.09453125
0 0.65625 0.64765625 0.0328125 0.02421875
0 0.584375 0.7171875 0.040625 0.1046875
0 0.5421875 0.7171875 0.040625 0.10546875
0 0.50234375 0.7171875 0.0375 0.103125
0 0.46171875 0.71640625 0.040625 0.1046875
0 0.42109375 0.71484375 0.0390625 0.10390625
0 0.3796875 0.71484375 0.040625 0.10859375
0 0.33828125 0.7140625 0.0390625 0.10703125
0 0.2578125 0.7078125 0.04296875 0.11640625
0 0.05078125 0.70390625 0.0421875 0.11484375
0 0.09140625 0.7078125 0.0390625 0.11015625
0 0.01484375 0.70546875 0.0296875 0.11015625
0 0.6390625 0.871875 0.0265625 0.090625
0 0.0453125 0.85625 0.0375 0.1078125
0 0.128125 0.85703125 0.0390625 0.10859375
0 0.16953125 0.85703125 0.040625 0.10703125
0 0.21015625 0.85625 0.0359375 0.11171875
0 0.25 0.85859375 0.0375 0.10859375
0 0.290625 0.86015625 0.0421875 0.1125
0 0.3328125 0.86015625 0.03984375 0.11015625
0 0.375 0.8609375 0.04375 0.10625
0 0.41484375 0.8609375 0.0359375 0.11015625
0 0.45546875 0.8609375 0.0421875 0.11171875
0 0.49765625 0.86171875 0.040625 0.11171875
0 0.5421875 0.8640625 0.04765625 0.1046875
0 0.57578125 0.86796875 0.0203125 0.1015625
0 0.0859375 0.85703125 0.04140625 0.10703125
0 0.621875 0.54296875 0.0328125 0.11171875
0 0.76328125 0.5453125 0.03359375 0.11015625
0 0.5484375 0.5421875 0.03828125 0.10859375
0 0.58671875 0.54296875 0.034375 0.11328125
0 0.040625 0.35546875 0.04140625 0.11640625
0 0.1265625 0.359375 0.0375 0.10703125
0 0.0828125 0.35625 0.040625 0.1109375
0 0.1671875 0.36015625 0.0421875 0.10859375
0 0.21171875 0.35859375 0.0375 0.109375
0 0.253125 0.35859375 0.0390625 0.11015625
0 0.29375 0.3609375 0.0359375 0.1109375
0 0.33359375 0.3625 0.040625 0.1078125
0 0.378125 0.3625 0.03828125 0.1078125
0 0.0546875 0.53203125 0.0453125 0.11328125
0 0.4171875 0.3640625 0.0375 0.109375
0 0.50390625 0.37109375 0.04375 0.09921875
0 0.55 0.36328125 0.0453125 0.11484375
0 0.59375 0.37421875 0.03828125 0.09609375
0 0.634375 0.375 0.0375 0.0953125
0 0.6765625 0.375 0.03828125 0.0953125
0 0.71953125 0.3765625 0.03984375 0.09609375
0 0.7625 0.3765625 0.04375 0.0984375
0 0.80703125 0.37734375 0.040625 0.09375
0 0.84921875 0.37890625 0.040625 0.09375
0 0.890625 0.378125 0.0375 0.0953125
0 0.45859375 0.36953125 0.0421875 0.10078125
0 0.2171875 0.5390625 0.03515625 0.10390625
0 0.01484375 0.53359375 0.0296875 0.11328125
0 0.46640625 0.54140625 0.0421875 0.109375
0 0.25703125 0.53515625 0.040625 0.11328125
0 0.2984375 0.53515625 0.040625 0.11328125
0 0.3421875 0.5375 0.040625 0.11015625
0 0.38359375 0.5375 0.040625 0.11171875
0 0.425 0.540625 0.040625 0.11328125