0 0.19296875 0.82734375 0.07109375 0.03515625
0 0.26640625 0.8296875 0.07109375 0.0359375
0 0.3375 0.828125 0.07109375 0.03515625
0 0.41328125 0.82734375 0.07109375 0.0359375
0 0.84765625 0.9328125 0.0453125 0.10625
0 0.91796875 0.93359375 0.08671875 0.11015625
0 0.7984375 0.9359375 0.0453125 0.10625
0 0.11875 0.82890625 0.07109375 0.0359375
0 0.75 0.9359375 0.04609375 0.10625
0 0.9828125 0.93359375 0.034375 0.1109375
0 0.04609375 0.82734375 0.07109375 0.0359375
0 0.57890625 0.70078125 0.04453125 0.0828125
0 0.91953125 0.70546875 0.0453125 0.0734375
0 0.86953125 0.70625 0.04609375 0.0734375
0 0.81953125 0.70703125 0.04609375 0.0734375
0 0.76796875 0.70703125 0.04609375 0.0734375
0 0.7203125 0.70078125 0.04296875 0.084375
0 0.67421875 0.69921875 0.04296875 0.084375
0 0.6265625 0.7 0.04453125 0.08359375
0 0.53203125 0.70546875 0.0453125 0.0734375
0 0.4828125 0.7 0.040625 0.0796875
0 0.98984375 0.58515625 0.01875 0.09375
0 0.6609375 0.95 0.03984375 0.078125
0 0.96796875 0.70390625 0.04609375 0.0734375
0 0.61640625 0.9515625 0.03984375 0.078125
0 0.95625 0.58515625 0.04609375 0.090625
0 0.51640625 0.9375 0.046875 0.07421875
0 0.04375 0.790625 0.07109375 0.0359375
0 0.11953125 0.790625 0.07109375 0.0359375
0 0.1921875 0.78984375 0.07109375 0.0359375
0 0.33828125 0.78984375 0.07109375 0.0359375
0 0.41484375 0.78984375 0.07109375 0.0359375
0 0.48046875 0.8109375 0.0453125 0.07265625
0 0.52890625 0.809375 0.0453125 0.07265625
0 0.5734375 0.8125 0.0421875 0.0734375
0 0.61953125 0.8109375 0.0421875 0.0734375
0 0.66484375 0.81171875 0.04453125 0.0734375
0 0.7125 0.8109375 0.04375 0.0734375
0 0.7609375 0.8078125 0.04453125 0.0734375
0 0.8078125 0.8078125 0.04453125 0.0734375
0 0.85234375 0.8125 0.03828125 0.06875
0 0.890625 0.8171875 0.03671875 0.065625
0 0.97734375 0.809375 0.0453125 0.078125
0 0.040625 0.934375 0.08125 0.1
0 0.12421875 0.9578125 0.0765625 0.0578125
0 0.234375 0.9296875 0.1421875 0.1140625
0 0.3421875 0.96171875 0.06953125 0.05625
0 0.415625 0.965625 0.0734375 0.0578125
0 0.3421875 0.90625 0.06953125 0.0515625
0 0.4171875 0.90859375 0.07734375 0.053125
0 0.575 0.9484375 0.03984375 0.078125
0 0.90703125 0.58359375 0.04609375 0.090625
0 0.93125 0.8109375 0.040625 0.0765625
0 0.8015625 0.584375 0.04765625 0.090625
0 0.984375 0.178125 0.03125 0.1171875
0 0.02734375 0.30390625 0.0546875 0.0984375
0 0.08984375 0.3046875 0.0625 0.0984375
0 0.16171875 0.30078125 0.07109375 0.1
0 0.52109375 0.04609375 0.065625 0.0921875
0 0.39140625 0.3 0.07421875 0.10546875
0 0.45703125 0.33125 0.053125 0.1015625
0 0.51328125 0.33125 0.0484375 0.1015625
0 0.56484375 0.33125 0.0484375 0.1015625
0 0.9328125 0.1796875 0.05546875 0.11328125
0 0.61953125 0.3328125 0.053125 0.1015625
0 0.73515625 0.33125 0.053125 0.1015625
0 0.79375 0.32421875 0.053125 0.1015625
0 0.84609375 0.32421875 0.04921875 0.1046875
0 0.8984375 0.32421875 0.04921875 0.10546875
0 0.95625 0.325 0.05390625 0.1015625
0 0.053125 0.4671875 0.09765625 0.146875
0 0.16015625 0.46875 0.10625 0.14375
0 0.27109375 0.46953125 0.10390625 0.1453125
0 0.3765625 0.47265625 0.09921875 0.1390625
0 0.67890625 0.3296875 0.053125 0.1015625
0 0.475 0.459375 0.0484375 0.1046875
0 0.871875 0.18125 0.05078125 0.1109375
0 0.76015625 0.1828125 0.05078125 0.1109375
0 0.45234375 0.04609375 0.065625 0.0921875
0 0.3640625 0.0953125 0.06328125 0.1203125
0 0.29375 0.09765625 0.06328125 0.11953125
0 0.21875 0.0984375 0.0625 0.1203125
0 0.15 0.1 0.06328125 0.1203125
0 0.58671875 0.04609375 0.06171875 0.0921875
0 0.6515625 0.04609375 0.06171875 0.0921875
0 0.71015625 0.04375 0.05078125 0.0875
0 0.08359375 0.1 0.05625 0.11875
0 0.8171875 0.18125 0.05078125 0.1109375
0 0.025 0.10234375 0.05 0.1171875
0 0.765625 0.04375 0.05078125 0.0875
0 0.821875 0.04375 0.05546875 0.0875
0 0.88671875 0.04375 0.05625 0.0875
0 0.95 0.04375 0.05625 0.0875
0 0.48203125 0.1890625 0.04765625 0.1109375
0 0.53359375 0.1890625 0.04765625 0.1109375
0 0.59140625 0.1875 0.05078125 0.1109375
0 0.64921875 0.184375 0.05078125 0.1109375
0 0.7046875 0.1828125 0.05078125 0.1109375
0 0.85390625 0.58515625 0.04765625 0.09140625
0 0.52890625 0.459375 0.0484375 0.1046875
0 0.315625 0.30078125 0.07421875 0.10625
0 0.64296875 0.46015625 0.04765625 0.09921875
0 0.59140625 0.46484375 0.04765625 0.0953125
0 0.3125 0.6484375 0.07265625 0.03671875
0 0.390625 0.64375 0.07578125 0.03671875
0 0.23671875 0.60625 0.07109375 0.0421875
0 0.31171875 0.6046875 0.07109375 0.04140625
0 0.39296875 0.60703125 0.0796875 0.034375
0 0.2375 0.6484375 0.07265625 0.03671875
0 0.534375 0.58125 0.04453125 0.09375
0 0.5828125 0.5828125 0.04375 0.09375
0 0.634375 0.5828125 0.04765625 0.09140625
0 0.69296875 0.58359375 0.04765625 0.090625
0 0.48671875 0.58203125 0.04453125 0.09375
0 0.31484375 0.68671875 0.07421875 0.03125
0 0.70390625 0.4578125 0.04765625 0.09921875
0 0.74375 0.5828125 0.04765625 0.090625
0 0.81953125 0.45625 0.05078125 0.09921875
0 0.871875 0.45703125 0.05078125 0.09921875
0 0.76171875 0.4578125 0.05078125 0.09921875
0 0.97890625 0.45390625 0.0421875 0.1
0 0.15546875 0.64765625 0.0875 0.1046875
0 0.01875 0.64296875 0.03671875 0.1140625
0 0.23828125 0.68515625 0.07421875 0.03125
0 0.92890625 0.45390625 0.05078125 0.09921875
0 0.39140625 0.68125 0.07421875 0.03125