0 0.74296875 0.88046875 0.0609375 0.0984375
0 0.75078125 0.7984375 0.06796875 0.0484375
0 0.1578125 0.41015625 0.065625 0.0203125
0 0.5484375 0.859375 0.13515625 0.1328125
0 0.17734375 0.1984375 0.03828125 0.021875
0 0.1625 0.2625 0.03828125 0.0296875
0 0.15859375 0.22578125 0.040625 0.03203125
0 0.0890625 0.28359375 0.0796875 0.146875
0 0.7953125 0.3296875 0.084375 0.03515625
0 0.796875 0.36875 0.09296875 0.0359375
0 0.80078125 0.421875 0.09453125 0.06640625
0 0.678125 0.4046875 0.06796875 0.0265625
0 0.70703125 0.4390625 0.08359375 0.0390625
0 0.621875 0.43515625 0.06328125 0.03359375
0 0.54453125 0.3875 0.06796875 0.0265625
0 0.5453125 0.4125 0.0609375 0.0171875
0 0.54765625 0.4390625 0.07265625 0.0328125
0 0.46953125 0.44140625 0.07421875 0.0328125
0 0.4703125 0.4109375 0.07421875 0.02421875
0 0.46796875 0.3859375 0.07890625 0.021875
0 0.46875 0.35625 0.07890625 0.03125
0 0.38671875 0.4046875 0.0609375 0.0234375
0 0.390625 0.43828125 0.07109375 0.03984375
0 0.2015625 0.259375 0.034375 0.0390625
0 0.30703125 0.4390625 0.07265625 0.0328125
0 0.2421875 0.24375 0.03984375 0.0671875
0 0.36484375 0.209375 0.07734375 0.04296875
0 0.42578125 0.0875 0.090625 0.1125
0 0.31875 0.00859375 0.0859375 0.009375
0 0.31640625 0.02265625 0.08515625 0.015625
0 0.32109375 0.090625 0.08828125 0.11171875
0 0.2078125 0.09140625 0.0984375 0.10703125
0 0.1015625 0.08984375 0.08984375 0.1109375
0 0.0234375 0.08984375 0.04453125 0.11875
0 0.5234375 0.090625 0.084375 0.1078125
0 0.71640625 0.01796875 0.08203125 0.02109375
0 0.6203125 0.0171875 0.0828125 0.02265625
0 0.53125 0.0234375 0.078125 0.01875
0 0.815625 0.234375 0.06484375 0.08671875
0 0.815625 0.17734375 0.06796875 0.0234375
0 0.66875 0.2328125 0.06484375 0.0875
0 0.66875 0.171875 0.06328125 0.02734375
0 0.59453125 0.2328125 0.065625 0.09375
0 0.52265625 0.265625 0.0625 0.0296875
0 0.44296875 0.24140625 0.06953125 0.07109375
0 0.3578125 0.2578125 0.075 0.0421875
0 0.2921875 0.2546875 0.04921875 0.04921875
0 0.309375 0.40625 0.07734375 0.025
0 0.23203125 0.4390625 0.06953125 0.0296875
0 0.2296875 0.409375 0.06953125 0.025
0 0.01796875 0.58125 0.0359375 0.065625
0 0.68828125 0.68125 0.053125 0.103125
0 0.62578125 0.671875 0.05078125 0.10625
0 0.55 0.67578125 0.06796875 0.0984375
0 0.4734375 0.678125 0.04609375 0.09375
0 0.41328125 0.671875 0.05390625 0.103125
0 0.34765625 0.68046875 0.04375 0.084375
0 0.29375 0.6796875 0.04375 0.084375
0 0.24765625 0.6765625 0.03984375 0.08359375
0 0.2015625 0.67421875 0.03984375 0.0828125
0 0.14453125 0.671875 0.04609375 0.08671875
0 0.053125 0.68828125 0.04453125 0.07578125
0 0.0140625 0.6875 0.028125 0.0765625
0 0.10625 0.76875 0.07265625 0.0578125
0 0.1125 0.8328125 0.084375 0.06171875
0 0.03359375 0.82890625 0.06640625 0.059375
0 0.0328125 0.7671875 0.06484375 0.05546875
0 0.22734375 0.8625 0.128125 0.10625
0 0.38671875 0.8453125 0.18515625 0.15
0 0.071875 0.58125 0.0640625 0.06875
0 0.1578125 0.5578125 0.0828125 0.040625
0 0.24296875 0.51796875 0.06953125 0.0296875
0 0.24453125 0.5578125 0.07265625 0.03671875
0 0.24140625 0.3765625 0.06953125 0.03125
0 0.2640625 0.33984375 0.06796875 0.0296875
0 0.16875 0.3375 0.0734375 0.03203125
0 0.159375 0.37890625 0.06171875 0.0359375
0 0.1578125 0.43828125 0.06640625 0.0328125
0 0.09296875 0.41640625 0.06015625 0.10625
0 0.771875 0.4921875 0.08203125 0.0359375
0 0.78046875 0.5296875 0.084375 0.03515625
0 0.78203125 0.56875 0.0875 0.0390625
0 0.675 0.88671875 0.06640625 0.08671875
0 0.684375 0.565625 0.08359375 0.040625
0 0.59296875 0.565625 0.08984375 0.03828125
0 0.5953125 0.52421875 0.084375 0.03515625
0 0.51328125 0.4890625 0.08125 0.028125
0 0.50234375 0.559375 0.08203125 0.040625
0 0.50234375 0.521875 0.07265625 0.028125
0 0.4171875 0.5625 0.08046875 0.0421875
0 0.41953125 0.51875 0.078125 0.0390625
0 0.3265625 0.55625 0.07734375 0.0421875
0 0.3265625 0.515625 0.0796875 0.0375
0 0.68671875 0.5203125 0.08515625 0.03984375
0 0.1515625 0.5171875 0.08359375 0.0359375
0 0.80859375 0.89609375 0.04453125 0.075
0 0.96953125 0.5359375 0.059375 0.059375
0 0.98359375 0.6375 0.0328125 0.06796875
0 0.86015625 0.53515625 0.05078125 0.0609375
0 0.91015625 0.53359375 0.04453125 0.0625
0 0.93359375 0.4796875 0.03359375 0.02578125
0 0.8921875 0.478125 0.03828125 0.0265625
0 0.875 0.4140625 0.04609375 0.0625
0 0.92421875 0.41484375 0.0453125 0.0609375
0 0.97109375 0.41484375 0.04140625 0.065625
0 0.875 0.31640625 0.04296875 0.0671875
0 0.92421875 0.315625 0.04765625 0.06640625
0 0.9765625 0.31640625 0.04609375 0.0671875
0 0.87890625 0.23203125 0.05 0.04296875
0 0.9359375 0.2296875 0.05859375 0.04296875
0 0.984375 0.22890625 0.0296875 0.04375
0 0.9578125 0.13046875 0.0484375 0.0671875
0 0.90234375 0.13046875 0.05546875 0.0671875
0 0.7046875 0.0859375 0.08203125 0.10625
0 0.9390625 0.634375 0.0453125 0.0625
0 0.890625 0.63203125 0.03828125 0.0609375
0 0.61640625 0.0859375 0.08203125 0.10625
0 0.98359375 0.7375 0.03125 0.0921875
0 0.93046875 0.73515625 0.06484375 0.09375
0 0.859375 0.73125 0.0734375 0.09921875
0 0.965625 0.878125 0.06875 0.1265625
0 0.8828125 0.87890625 0.08359375 0.1203125
0 0.84609375 0.628125 0.040625 0.07578125