0 0.32734375 0.73515625 0.03984375 0.0203125
0 0.86875 0.5953125 0.02578125 0.0890625
0 0.90078125 0.60625 0.03828125 0.0703125
0 0.93203125 0.596875 0.02265625 0.0890625
0 0.965625 0.60625 0.03671875 0.0671875
0 0.0203125 0.67890625 0.03984375 0.1015625
0 0.67890625 0.7171875 0.0328125 0.053125
0 0.6390625 0.728125 0.03828125 0.0375
0 0.63984375 0.68828125 0.03984375 0.0296875
0 0.60234375 0.7078125 0.028125 0.071875
0 0.57421875 0.7265625 0.021875 0.04375
0 0.4046875 0.7359375 0.040625 0.02421875
0 0.07109375 0.6765625 0.06015625 0.103125
0 0.14375 0.66953125 0.06171875 0.028125
0 0.21171875 0.66484375 0.06015625 0.0265625
0 0.1453125 0.696875 0.0578125 0.02578125
0 0.2125 0.690625 0.05859375 0.021875
0 0.271875 0.7125 0.0328125 0.06875
0 0.14609375 0.721875 0.05625 0.021875
0 0.21015625 0.715625 0.053125 0.028125
0 0.53828125 0.71953125 0.046875 0.0578125
0 0.32890625 0.71015625 0.0390625 0.0265625
0 0.471875 0.71484375 0.02109375 0.053125
0 0.446875 0.72421875 0.0296875 0.05
0 0.4046875 0.7109375 0.040625 0.0265625
0 0.365625 0.72421875 0.03515625 0.0453125
0 0.2984375 0.72578125 0.0171875 0.03828125
0 0.49921875 0.7078125 0.02890625 0.065625
0 0.4734375 0.39921875 0.06640625 0.0328125
0 0.7109375 0.728125 0.02734375 0.0328125
0 0.5234375 0.79375 0.0453125 0.03671875
0 0.52109375 0.82890625 0.03515625 0.0296875
0 0.56328125 0.82734375 0.040625 0.0296875
0 0.59453125 0.8125 0.02109375 0.0421875
0 0.6140625 0.8140625 0.01796875 0.04296875
0 0.63515625 0.81015625 0.0234375 0.06171875
0 0.671875 0.82578125 0.03515625 0.03671875
0 0.7046875 0.8125 0.02265625 0.06328125
0 0.4796875 0.8234375 0.0390625 0.03515625
0 0.7359375 0.8296875 0.03671875 0.03046875
0 0.80234375 0.82421875 0.03046875 0.0171875
0 0.8359375 0.80234375 0.0390625 0.01953125
0 0.83515625 0.82421875 0.03046875 0.015625
0 0.8671875 0.8140625 0.0203125 0.05703125
0 0.896875 0.8 0.0375 0.021875
0 0.89453125 0.82734375 0.03125 0.02734375
0 0.934375 0.825 0.03359375 0.02890625
0 0.9734375 0.803125 0.04296875 0.0671875
0 0.76953125 0.80078125 0.028125 0.0578125
0 0.83984375 0.59375 0.03125 0.0828125
0 0.47734375 0.790625 0.0375 0.03203125
0 0.4328125 0.79296875 0.04453125 0.0375
0 0.7515625 0.70703125 0.03828125 0.0296875
0 0.78984375 0.7078125 0.034375 0.02734375
0 0.7453125 0.7359375 0.034375 0.0234375
0 0.784375 0.73671875 0.0375 0.0234375
0 0.82421875 0.721875 0.03203125 0.053125
0 0.8546875 0.72109375 0.02421875 0.053125
0 0.8796875 0.72265625 0.02265625 0.0515625
0 0.9046875 0.7265625 0.0234375 0.0484375
0 0.43359375 0.828125 0.0421875 0.03125
0 0.9265625 0.72734375 0.02109375 0.0453125
0 0.98359375 0.696875 0.02734375 0.07265625
0 0.0640625 0.79921875 0.06484375 0.0984375
0 0.14140625 0.80078125 0.08671875 0.0984375
0 0.2140625 0.828125 0.0515625 0.0390625
0 0.2609375 0.82890625 0.040625 0.03359375
0 0.30703125 0.821875 0.04453125 0.0421875
0 0.3515625 0.83125 0.03828125 0.03125
0 0.39140625 0.83125 0.03984375 0.034375
0 0.95390625 0.71328125 0.0296875 0.059375
0 0.54453125 0.4015625 0.07109375 0.0328125
0 0.8015625 0.60625 0.02578125 0.06171875
0 0.725 0.6015625 0.03359375 0.065625
0 0.5390625 0.27890625 0.04375 0.09375
0 0.49453125 0.2734375 0.040625 0.1046875
0 0.43671875 0.2671875 0.03671875 0.1125
0 0.3625 0.2515625 0.0453125 0.13203125
0 0.28359375 0.2546875 0.0703125 0.1328125
0 0.21796875 0.24765625 0.05234375 0.1125
0 0.14140625 0.246875 0.059375 0.1125
0 0.0828125 0.2484375 0.0453125 0.10859375
0 0.59921875 0.275 0.03984375 0.109375
0 0.01953125 0.24609375 0.03671875 0.109375
0 0.89140625 0.103125 0.04765625 0.11015625
0 0.84765625 0.11875 0.03515625 0.0734375
0 0.8171875 0.125 0.02109375 0.0609375
0 0.778125 0.1171875 0.0421875 0.065625
0 0.73125 0.11484375 0.0421875 0.06875
0 0.68515625 0.1125 0.04609375 0.0703125
0 0.57109375 0.12890625 0.03984375 0.03203125
0 0.61484375 0.13203125 0.0390625 0.028125
0 0.9328125 0.11015625 0.03359375 0.0953125
0 0.64453125 0.27578125 0.04453125 0.10625
0 0.69921875 0.2890625 0.0359375 0.0796875
0 0.740625 0.20546875 0.05390625 0.059375
0 0.34765625 0.396875 0.06796875 0.03125
0 0.278125 0.3953125 0.06953125 0.03515625
0 0.21796875 0.41640625 0.04296875 0.1015625
0 0.1703125 0.41640625 0.04296875 0.096875
0 0.1203125 0.4171875 0.04765625 0.09375
0 0.07421875 0.41640625 0.040625 0.09375
0 0.03515625 0.4171875 0.03359375 0.09765625
0 0.9890625 0.30546875 0.021875 0.0515625
0 0.96640625 0.30625 0.02265625 0.0546875
0 0.94453125 0.30546875 0.01796875 0.053125
0 0.92421875 0.3046875 0.021875 0.05390625
0 0.90078125 0.30234375 0.02109375 0.05625
0 0.8796875 0.303125 0.01953125 0.05234375
0 0.9375 0.2390625 0.125 0.065625
0 0.8453125 0.29375 0.05078125 0.075
0 0.790625 0.29296875 0.04296875 0.078125
0 0.7421875 0.29375 0.05078125 0.07421875
0 0.84609375 0.2046875 0.04609375 0.05625
0 0.79609375 0.20546875 0.046875 0.0609375
0 0.61171875 0.0890625 0.0390625 0.05
0 0.5703125 0.08671875 0.0375 0.0484375
0 0.50625 0.109375 0.08359375 0.06875
0 0.403125 0.10390625 0.12265625 0.0703125
0 0.73125 0.5 0.0453125 0.06796875
0 0.79140625 0.5015625 0.0421875 0.06484375
0 0.83125 0.49609375 0.03359375 0.065625
0 0.86953125 0.5 0.040625 0.065625
0 0.9171875 0.48828125 0.0546875 0.0828125
0 0.97109375 0.48828125 0.046875 0.078125
0 0.0265625 0.55859375 0.0328125 0.084375
0 0.06328125 0.553125 0.04140625 0.1
0 0.10859375 0.5453125 0.04765625 0.1125
0 0.165625 0.54375 0.0671875 0.1171875
0 0.22578125 0.55078125 0.04609375 0.0984375
0 0.3171875 0.59453125 0.03828125 0.071875
0 0.36875 0.59453125 0.06015625 0.0828125
0 0.42890625 0.603125 0.06015625 0.065625
0 0.4859375 0.59140625 0.04296875 0.0859375
0 0.58359375 0.5921875 0.04140625 0.0875
0 0.62265625 0.59296875 0.02890625 0.0890625
0 0.65859375 0.5921875 0.03515625 0.084375
0 0.69296875 0.596875 0.03203125 0.08046875
0 0.67265625 0.48203125 0.03671875 0.084375
0 0.76484375 0.59609375 0.04453125 0.08125
0 0.62734375 0.4875 0.05078125 0.08203125
0 0.4984375 0.49375 0.04453125 0.06484375
0 0.67109375 0.403125 0.065625 0.0296875
0 0.3 0.08984375 0.02734375 0.09375
0 0.2609375 0.0875 0.04765625 0.0953125
0 0.21171875 0.115625 0.040625 0.084375
0 0.1609375 0.0984375 0.05703125 0.11484375
0 0.1046875 0.09921875 0.0515625 0.1140625
0 0.05703125 0.1046875 0.03984375 0.1015625
0 0.73515625 0.39609375 0.06328125 0.0484375
0 0.78359375 0.40625 0.0328125 0.0296875
0 0.8171875 0.3953125 0.03515625 0.0546875
0 0.85234375 0.39140625 0.02890625 0.06171875
0 0.91640625 0.39140625 0.04375 0.065625
0 0.9640625 0.39375 0.04296875 0.0640625
0 0.2734375 0.4984375 0.04921875 0.0546875
0 0.3203125 0.50078125 0.0390625 0.0484375
0 0.365625 0.503125 0.04296875 0.04921875
0 0.4109375 0.50390625 0.0421875 0.0515625
0 0.453125 0.49765625 0.0390625 0.053125
0 0.56484375 0.49453125 0.04921875 0.0671875
0 0.32734375 0.0921875 0.02578125 0.0921875