0 0.4015625 0.54375 0.0453125 0.0140625
0 0.65 0.80625 0.03984375 0.07109375
0 0.70078125 0.79140625 0.05234375 0.01953125
0 0.70078125 0.8109375 0.05078125 0.01484375
0 0.7 0.82734375 0.0484375 0.015625
0 0.76640625 0.8015625 0.04375 0.06875
0 0.815625 0.8 0.046875 0.0640625
0 0.3984375 0.52578125 0.0546875 0.0171875
0 0.85703125 0.7859375 0.03046875 0.0953125
0 0.88984375 0.78359375 0.02734375 0.096875
0 0.92109375 0.784375 0.028125 0.09375
0 0.953125 0.784375 0.02578125 0.09375
0 0.59765625 0.646875 0.04765625 0.06484375
0 0.59609375 0.803125 0.0421875 0.065625
0 0.028125 0.12578125 0.04296875 0.0828125
0 0.1015625 0.11484375 0.04375 0.03125
0 0.14921875 0.11953125 0.0359375 0.08359375
0 0.1859375 0.1203125 0.0328125 0.084375
0 0.22265625 0.11875 0.02890625 0.08359375
0 0.25859375 0.1171875 0.03671875 0.08359375
0 0.2890625 0.11953125 0.01875 0.0796875
0 0.3390625 0.0546875 0.08671875 0.01796875
0 0.34375 0.08671875 0.08359375 0.0171875
0 0.346875 0.1171875 0.07421875 0.0203125
0 0.3484375 0.14609375 0.08046875 0.0203125
0 0.4265625 0.1046875 0.034375 0.10234375
0 0.459375 0.103125 0.0265625 0.10234375
0 0.10546875 0.14765625 0.04296875 0.0296875
0 0.51796875 0.10390625 0.025 0.0984375
0 0.55 0.79296875 0.03984375 0.09609375
0 0.4640625 0.81015625 0.02734375 0.06484375
0 0.54765625 0.65 0.04765625 0.06484375
0 0.490625 0.65234375 0.04765625 0.06171875
0 0.43984375 0.63984375 0.04765625 0.0875
0 0.38984375 0.653125 0.0421875 0.06015625
0 0.35234375 0.6578125 0.02421875 0.059375
0 0.315625 0.6484375 0.03984375 0.0765625
0 0.271875 0.6515625 0.04296875 0.0765625
0 0.22578125 0.65234375 0.04453125 0.07890625
0 0.18125 0.65546875 0.040625 0.07890625
0 0.134375 0.6546875 0.04453125 0.075
0 0.740625 0.64375 0.0421875 0.0609375
0 0.78984375 0.64453125 0.04609375 0.06015625
0 0.503125 0.81015625 0.04375 0.06484375
0 0.83984375 0.640625 0.0484375 0.06171875
0 0.934375 0.640625 0.0453125 0.0609375
0 0.9796875 0.6390625 0.040625 0.059375
0 0.02109375 0.8046875 0.0421875 0.096875
0 0.06796875 0.80546875 0.02890625 0.0921875
0 0.09765625 0.80625 0.02734375 0.090625
0 0.13203125 0.80546875 0.02734375 0.09375
0 0.16640625 0.8046875 0.02890625 0.09140625
0 0.20078125 0.8046875 0.03359375 0.08984375
0 0.2359375 0.8046875 0.0328125 0.08671875
0 0.27890625 0.81640625 0.04375 0.06484375
0 0.3296875 0.81328125 0.04765625 0.06484375
0 0.421875 0.81015625 0.053125 0.06484375
0 0.8890625 0.64140625 0.040625 0.0625
0 0.546875 0.0984375 0.0296875 0.1015625
0 0.69375 0.646875 0.04609375 0.0609375
0 0.69453125 0.09921875 0.03515625 0.09765625
0 0.196875 0.52734375 0.046875 0.0875
0 0.14921875 0.54609375 0.03359375 0.06171875
0 0.10625 0.53359375 0.04375 0.08359375
0 0.03671875 0.54375 0.0328125 0.06953125
0 0.95390625 0.3734375 0.05625 0.10859375
0 0.87734375 0.3796875 0.03359375 0.103125
0 0.83984375 0.38125 0.0328125 0.09921875
0 0.74609375 0.3953125 0.02890625 0.05625
0 0.70078125 0.38671875 0.05625 0.10078125
0 0.63828125 0.3890625 0.053125 0.09921875
0 0.53671875 0.3921875 0.04609375 0.09609375
0 0.43359375 0.4125 0.04609375 0.0640625
0 0.24453125 0.5265625 0.04375 0.096875
0 0.48671875 0.4109375 0.04609375 0.0640625
0 0.209375 0.41015625 0.04609375 0.084375
0 0.15546875 0.4046875 0.04609375 0.0328125
0 0.16015625 0.43671875 0.04765625 0.03046875
0 0.06484375 0.41328125 0.04765625 0.08359375
0 0.01953125 0.40625 0.03828125 0.09765625
0 0.63671875 0.0921875 0.034375 0.115625
0 0.153125 0.29609375 0.0453125 0.02890625
0 0.15078125 0.2625 0.053125 0.0328125
0 0.1484375 0.2265625 0.05703125 0.034375
0 0.04765625 0.27109375 0.05 0.08671875
0 0.203125 0.2671875 0.046875 0.08515625
0 0.24921875 0.2671875 0.04375 0.09296875
0 0.2875 0.4171875 0.0375 0.06640625
0 0.296875 0.53828125 0.0546875 0.0625
0 0.0890625 0.65625 0.04375 0.08046875
0 0.04140625 0.65078125 0.04609375 0.090625
0 0.796875 0.09765625 0.04375 0.09453125
0 0.8828125 0.0921875 0.0453125 0.10546875
0 0.93515625 0.08828125 0.04765625 0.10625
0 0.978125 0.08203125 0.03125 0.1203125
0 0.95703125 0.2390625 0.0625 0.1046875
0 0.89765625 0.2390625 0.05 0.10546875
0 0.84375 0.23984375 0.0484375 0.10390625
0 0.75546875 0.25625 0.03671875 0.0796875
0 0.7171875 0.26171875 0.0390625 0.0703125
0 0.67578125 0.26328125 0.03828125 0.0703125
0 0.471875 0.27109375 0.04296875 0.06953125
0 0.521875 0.26953125 0.0484375 0.065625
0 0.5765625 0.26875 0.053125 0.06640625
0 0.421875 0.25546875 0.0484375 0.1015625
0 0.365625 0.2578125 0.05 0.10078125
0 0.4 0.56171875 0.04765625 0.01328125
0 0.44140625 0.5296875 0.03046875 0.071875
0 0.4859375 0.5328125 0.0546875 0.06328125
0 0.58125 0.53203125 0.03359375 0.0640625
0 0.63984375 0.51171875 0.046875 0.0953125
0 0.3234375 0.2734375 0.02890625 0.06953125
0 0.68671875 0.51796875 0.040625 0.0875
0 0.75390625 0.50625 0.03203125 0.08984375
0 0.86953125 0.51015625 0.03515625 0.09375
0 0.90859375 0.509375 0.03515625 0.0921875
0 0.94921875 0.4984375 0.04375 0.109375
0 0.9859375 0.5 0.028125 0.10703125
0 0.290625 0.278125 0.03515625 0.0609375