0 0.5140625 0.49921875 0.03046875 0.07421875
0 0.2171875 0.484375 0.04375 0.05859375
0 0.26796875 0.4875 0.03203125 0.06328125
0 0.3109375 0.490625 0.04921875 0.0609375
0 0.353125 0.4875 0.02890625 0.08359375
0 0.3828125 0.48828125 0.02578125 0.08359375
0 0.4078125 0.490625 0.021875 0.08359375
0 0.434375 0.49140625 0.02421875 0.08125
0 0.459375 0.49375 0.02265625 0.0828125
0 0.484375 0.4921875 0.02421875 0.0796875
0 0.16796875 0.48203125 0.034375 0.05546875
0 0.7703125 0.5015625 0.05078125 0.1015625
0 0.57890625 0.5046875 0.03046875 0.071875
0 0.61640625 0.50546875 0.0328125 0.078125
0 0.66484375 0.51015625 0.0484375 0.07578125
0 0.7171875 0.50390625 0.04609375 0.09765625
0 0.13515625 0.47734375 0.02421875 0.07109375
0 0.84140625 0.50703125 0.0734375 0.103125
0 0.92578125 0.51484375 0.078125 0.10390625
0 0.9625 0.6453125 0.0515625 0.04609375
0 0.91640625 0.66328125 0.0328125 0.07734375
0 0.8796875 0.65234375 0.034375 0.08203125
0 0.54921875 0.4984375 0.028125 0.078125
0 0.0796875 0.48203125 0.02421875 0.05078125
0 0.27890625 0.346875 0.0484375 0.0390625
0 0.02890625 0.47265625 0.0203125 0.06328125
0 0.10390625 0.178125 0.025 0.12109375
0 0.14296875 0.175 0.03046875 0.140625
0 0.1796875 0.17109375 0.03828125 0.1390625
0 0.24296875 0.1640625 0.0421875 0.15078125
0 0.2984375 0.17890625 0.04609375 0.11875
0 0.37109375 0.19140625 0.04609375 0.10078125
0 0.440625 0.175 0.05625 0.13203125
0 0.596875 0.1671875 0.06484375 0.1484375
0 0.684375 0.16640625 0.06875 0.14609375
0 0.78125 0.15234375 0.07265625 0.17890625
0 0.88671875 0.128125 0.08828125 0.22109375
0 0.05390625 0.4796875 0.02265625 0.04921875
0 0.93984375 0.365625 0.071875 0.10546875
0 0.77265625 0.35 0.05234375 0.0859375
0 0.70859375 0.35859375 0.05390625 0.0984375
0 0.6453125 0.3625 0.05078125 0.0890625
0 0.58828125 0.36171875 0.03671875 0.0875
0 0.03828125 0.340625 0.0765625 0.08671875
0 0.12578125 0.34375 0.05 0.05703125
0 0.196875 0.3875 0.04140625 0.0203125
0 0.834375 0.64921875 0.040625 0.08046875
0 0.38671875 0.353125 0.09609375 0.09453125
0 0.47890625 0.3640625 0.04765625 0.07421875
0 0.0078125 0.4703125 0.015625 0.065625
0 0.85546875 0.3671875 0.08046875 0.10859375
0 0.78828125 0.6390625 0.0375 0.0765625
0 0.31015625 0.6046875 0.02578125 0.06875
0 0.10546875 0.5875 0.0375 0.05859375
0 0.36640625 0.69765625 0.034375 0.05625
0 0.409375 0.7125 0.02265625 0.05703125
0 0.43984375 0.72109375 0.0296875 0.0609375
0 0.4765625 0.7109375 0.01875 0.05703125
0 0.49921875 0.71953125 0.02265625 0.0609375
0 0.52578125 0.725 0.02578125 0.06953125
0 0.571875 0.709375 0.0578125 0.02109375
0 0.5734375 0.7328125 0.05390625 0.01875
0 0.5734375 0.75625 0.05078125 0.021875
0 0.0375 0.79453125 0.02734375 0.08046875
0 0.11015625 0.778125 0.02734375 0.08359375
0 0.1515625 0.80234375 0.034375 0.08515625
0 0.18359375 0.8125 0.028125 0.08671875
0 0.2171875 0.8125 0.03203125 0.0828125
0 0.2515625 0.8078125 0.03125 0.07890625
0 0.29921875 0.83359375 0.03125 0.084375
0 0.33359375 0.8359375 0.028125 0.08515625
0 0.3640625 0.83984375 0.0296875 0.08671875
0 0.40390625 0.83359375 0.0234375 0.090625
0 0.43515625 0.85234375 0.02890625 0.0875
0 0.47109375 0.8625 0.03515625 0.059375
0 0.5109375 0.878125 0.03671875 0.06015625
0 0.54765625 0.8734375 0.03359375 0.08671875
0 0.30703125 0.70234375 0.05078125 0.05859375
0 0.015625 0.5765625 0.02734375 0.0578125
0 0.25234375 0.690625 0.03515625 0.0609375
0 0.5828125 0.8640625 0.0328125 0.0875
0 0.15390625 0.58203125 0.0390625 0.06328125
0 0.215625 0.59453125 0.02734375 0.06640625
0 0.246875 0.60234375 0.03203125 0.06796875
0 0.2796875 0.60234375 0.02734375 0.06953125
0 0.33828125 0.60625 0.03046875 0.06953125
0 0.37421875 0.609375 0.02890625 0.06640625
0 0.41015625 0.60390625 0.02421875 0.0703125
0 0.440625 0.60859375 0.02265625 0.06484375
0 0.4671875 0.61484375 0.02734375 0.06953125
0 0.49921875 0.6203125 0.03203125 0.0703125
0 0.534375 0.62578125 0.03203125 0.075
0 0.60859375 0.62734375 0.03046875 0.071875
0 0.65625 0.621875 0.034375 0.0734375
0 0.740625 0.6328125 0.03515625 0.075
0 0.95 0.7703125 0.03984375 0.0765625
0 0.90703125 0.76484375 0.040625 0.07734375
0 0.8625 0.7609375 0.0375 0.07421875
0 0.825 0.75625 0.034375 0.075
0 0.7859375 0.75078125 0.03203125 0.07421875
0 0.73359375 0.7328125 0.06328125 0.0578125
0 0.0546875 0.66875 0.0390625 0.06015625
0 0.0953125 0.6796875 0.03359375 0.02890625
0 0.13828125 0.67578125 0.05 0.05703125
0 0.19453125 0.67890625 0.0421875 0.05390625
0 0.57578125 0.61484375 0.02734375 0.0765625
0 0.06640625 0.79921875 0.025 0.08203125
0 0.621875 0.86328125 0.03046875 0.08828125
0 0.07890625 0.1921875 0.01875 0.0984375
0 0.9765625 0.9359375 0.04609375 0.08515625
0 0.9359375 0.91484375 0.0328125 0.075
0 0.89765625 0.9234375 0.03828125 0.084375
0 0.846875 0.9203125 0.03828125 0.0796875
0 0.04765625 0.196875 0.0328125 0.08359375
0 0.76796875 0.89375 0.034375 0.0703125
0 0.65859375 0.87578125 0.0421875 0.06328125
0 0.80390625 0.909375 0.0375 0.078125
0 0.7171875 0.896875 0.059375 0.021875
0 0.7203125 0.865625 0.0546875 0.03125