0 0.34765625 0.3578125 0.125 0.046875
0 0.10546875 0.4296875 0.0375 0.0375
0 0.35078125 0.40703125 0.12109375 0.05
0 0.1765625 0.3953125 0.03984375 0.04453125
0 0.22265625 0.3984375 0.040625 0.04296875
0 0.1359375 0.39140625 0.03515625 0.0453125
0 0.09609375 0.3875 0.03359375 0.03984375
0 0.0625 0.6046875 0.0234375 0.034375
0 0.26640625 0.40234375 0.046875 0.04375
0 0.059375 0.56953125 0.0234375 0.03046875
0 0.03515625 0.425 0.02421875 0.040625
0 0.02109375 0.528125 0.02421875 0.03203125
0 0.015625 0.490625 0.02421875 0.03359375
0 0.01171875 0.45546875 0.0234375 0.03359375
0 0.053125 0.53515625 0.02890625 0.03125
0 0.04765625 0.4984375 0.025 0.03828125
0 0.04140625 0.46328125 0.0265625 0.034375
0 0.03046875 0.38515625 0.028125 0.03984375
0 0.025 0.34453125 0.028125 0.03984375
0 0.015625 0.3015625 0.028125 0.03984375
0 0.2609375 0.35390625 0.04765625 0.04453125
0 0.034375 0.5984375 0.02421875 0.0328125
0 0.21484375 0.35 0.04375 0.046875
0 0.06015625 0.3859375 0.03203125 0.03984375
0 0.13203125 0.34609375 0.034375 0.040625
0 0.0390625 0.6296875 0.021875 0.0296875
0 0.0671875 0.640625 0.0234375 0.0296875
0 0.0453125 0.66015625 0.02109375 0.028125
0 0.071875 0.6734375 0.0234375 0.02890625
0 0.05 0.3015625 0.028125 0.04296875
0 0.05546875 0.34453125 0.03125 0.04140625
0 0.0640625 0.4265625 0.02734375 0.03828125
0 0.06875 0.46640625 0.028125 0.03671875
0 0.07734375 0.5046875 0.028125 0.0359375
0 0.08203125 0.540625 0.02890625 0.03671875
0 0.171875 0.34765625 0.0421875 0.04375
0 0.08828125 0.578125 0.0296875 0.03515625
0 0.096875 0.64921875 0.0296875 0.0328125
0 0.09921875 0.6828125 0.03046875 0.03203125
0 0.0859375 0.29765625 0.04140625 0.0453125
0 0.125 0.3 0.03515625 0.04296875
0 0.1640625 0.30078125 0.03828125 0.046875
0 0.20703125 0.3015625 0.04375 0.046875
0 0.25390625 0.30078125 0.04609375 0.04921875
0 0.34375 0.30390625 0.12578125 0.0578125
0 0.45390625 0.3015625 0.0875 0.05390625
0 0.09453125 0.34375 0.03984375 0.03828125
0 0.0921875 0.6140625 0.0296875 0.0359375
0 0.17109375 0.7078125 0.03671875 0.034375
0 0.45703125 0.36015625 0.0859375 0.05390625
0 0.2484375 0.734375 0.03828125 0.0328125
0 0.1953125 0.565625 0.03671875 0.0359375
0 0.15703125 0.55546875 0.0328125 0.03515625
0 0.11640625 0.54921875 0.03359375 0.03515625
0 0.459375 0.5234375 0.07890625 0.04921875
0 0.45859375 0.4703125 0.08359375 0.05
0 0.45703125 0.41640625 0.0859375 0.05078125
0 0.428125 0.5703125 0.05703125 0.03671875
0 0.375 0.55703125 0.04765625 0.04453125
0 0.325 0.54921875 0.046875 0.0390625
0 0.2765625 0.540625 0.040625 0.04296875
0 0.23515625 0.53203125 0.0375 0.040625
0 0.190625 0.52421875 0.0375 0.03984375
0 0.15078125 0.5171875 0.0328125 0.03671875
0 0.115625 0.509375 0.03203125 0.03828125
0 0.36015625 0.50625 0.11875 0.040625
0 0.27421875 0.4984375 0.0390625 0.04140625
0 0.23203125 0.490625 0.040625 0.040625
0 0.18671875 0.48203125 0.04453125 0.0375
0 0.14375 0.47578125 0.03671875 0.0390625
0 0.10859375 0.46953125 0.03125 0.03671875
0 0.3546875 0.46015625 0.12421875 0.04375
0 0.27109375 0.45078125 0.03984375 0.046875
0 0.22578125 0.44453125 0.03984375 0.0453125
0 0.18046875 0.4390625 0.03984375 0.0390625
0 0.1421875 0.43515625 0.03203125 0.040625
0 0.2390625 0.5765625 0.03671875 0.04140625
0 0.209375 0.72109375 0.03359375 0.03671875
0 0.28125 0.584375 0.03828125 0.040625
0 0.459375 0.62109375 0.078125 0.04375
0 0.2875 0.66796875 0.034375 0.03984375
0 0.20625 0.6828125 0.03359375 0.03515625
0 0.16875 0.67109375 0.03046875 0.03671875
0 0.12734375 0.659375 0.028125 0.03203125
0 0.24453125 0.659375 0.040625 0.0296875
0 0.20234375 0.6453125 0.03515625 0.03671875
0 0.1640625 0.63203125 0.0375 0.03828125
0 0.128125 0.621875 0.03125 0.03828125
0 0.37890625 0.64765625 0.05234375 0.0484375
0 0.33046875 0.6421875 0.04765625 0.03984375
0 0.4640625 0.71640625 0.078125 0.04140625
0 0.2875 0.7078125 0.03515625 0.03671875
0 0.28828125 0.746875 0.0328125 0.03671875
0 0.35625 0.69375 0.09140625 0.04375
0 0.334375 0.73125 0.04609375 0.03125
0 0.37890625 0.73828125 0.03984375 0.03515625
0 0.453125 0.75703125 0.096875 0.03359375
0 0.35859375 0.77890625 0.08359375 0.0453125
0 0.46484375 0.803125 0.07578125 0.0421875
0 0.28203125 0.6265625 0.03984375 0.03984375
0 0.24140625 0.61875 0.04140625 0.04140625
0 0.20078125 0.60546875 0.034375 0.03828125
0 0.1609375 0.5953125 0.03125 0.0296875
0 0.1234375 0.58515625 0.03828125 0.03125
0 0.43359375 0.6640625 0.05078125 0.0390625
0 0.3625 0.60546875 0.11640625 0.03125
0 0.0265625 0.5625 0.02421875 0.0328125
0 0.24765625 0.696875 0.03984375 0.040625
0 0.1359375 0.69375 0.03125 0.03203125