0 0.7734375 0.671875 0.01328125 0.03515625
0 0.73203125 0.734375 0.0203125 0.0421875
0 0.76328125 0.7453125 0.03046875 0.04375
0 0.79375 0.74375 0.025 0.0484375
0 0.89453125 0.73671875 0.02265625 0.0453125
0 0.1828125 0.5984375 0.04765625 0.0234375
0 0.2359375 0.58984375 0.0515625 0.02265625
0 0.2953125 0.59140625 0.0484375 0.0234375
0 0.58046875 0.45078125 0.05546875 0.0203125
0 0.865625 0.73984375 0.0265625 0.0453125
0 0.10234375 0.59140625 0.0703125 0.021875
0 0.8265625 0.7421875 0.03046875 0.0453125
0 0.10234375 0.61484375 0.07890625 0.02109375
0 0.23828125 0.64609375 0.0359375 0.01484375
0 0.10234375 0.66484375 0.0703125 0.02421875
0 0.09453125 0.6890625 0.07109375 0.01953125
0 0.3921875 0.6421875 0.04765625 0.0109375
0 0.4171875 0.6578125 0.04296875 0.01640625
0 0.36953125 0.6609375 0.04609375 0.01953125
0 0.30625 0.66484375 0.05078125 0.01171875
0 0.2890625 0.65078125 0.05234375 0.01328125
0 0.20625 0.6609375 0.025 0.01796875
0 0.165625 0.6703125 0.0453125 0.0203125
0 0.0890625 0.7109375 0.0671875 0.01875
0 0.0796875 0.7328125 0.078125 0.0203125
0 0.02421875 0.671875 0.0484375 0.04609375
0 0.01953125 0.6015625 0.0390625 0.0421875
0 0.09921875 0.6390625 0.07265625 0.02265625
0 0.82421875 0.671875 0.021875 0.02109375
0 0.77734375 0.621875 0.03359375 0.015625
0 0.4578125 0.628125 0.05390625 0.01484375
0 0.3609375 0.3859375 0.06171875 0.0171875
0 0.29296875 0.3875 0.06328125 0.01640625
0 0.284375 0.36875 0.0671875 0.015625
0 0.2125 0.36796875 0.0609375 0.01875
0 0.21640625 0.38671875 0.07890625 0.0171875
0 0.13046875 0.3875 0.0734375 0.015625
0 0.13125 0.3671875 0.07890625 0.01875
0 0.35390625 0.36875 0.05390625 0.01171875
0 0.090625 0.3046875 0.05546875 0.025
0 0.20859375 0.30546875 0.0515625 0.02890625
0 0.26875 0.30625 0.05625 0.02890625
0 0.33515625 0.30859375 0.0703125 0.025
0 0.41640625 0.30546875 0.0546875 0.0390625
0 0.478125 0.3140625 0.05859375 0.025
0 0.53671875 0.3203125 0.04140625 0.0125
0 0.5984375 0.30546875 0.0515625 0.0109375
0 0.15234375 0.30625 0.0515625 0.02265625
0 0.42890625 0.36953125 0.04765625 0.01171875
0 0.43359375 0.38671875 0.05625 0.01484375
0 0.4875 0.384375 0.0453125 0.01875
0 0.9609375 0.43671875 0.02890625 0.02578125
0 0.98984375 0.4359375 0.0203125 0.025
0 0.98203125 0.38828125 0.03515625 0.0328125
0 0.8625 0.371875 0.028125 0.0078125
0 0.85078125 0.39375 0.021875 0.02734375
0 0.81015625 0.384375 0.0390625 0.01015625
0 0.81875 0.36875 0.04609375 0.0109375
0 0.80859375 0.35390625 0.04453125 0.0125
0 0.7484375 0.35390625 0.053125 0.01015625
0 0.74765625 0.3671875 0.04765625 0.0109375
0 0.75625 0.384375 0.05234375 0.0140625
0 0.6953125 0.3828125 0.0578125 0.0140625
0 0.61953125 0.359375 0.065625 0.01953125
0 0.6265625 0.38203125 0.05859375 0.01875
0 0.56328125 0.3859375 0.05078125 0.01484375
0 0.553125 0.36953125 0.04921875 0.00859375
0 0.553125 0.35390625 0.0578125 0.0140625
0 0.60234375 0.31953125 0.05546875 0.0125
0 0.7015625 0.315625 0.05390625 0.021875
0 0.7609375 0.3171875 0.05 0.0234375
0 0.13125 0.4359375 0.04609375 0.02421875
0 0.8578125 0.61953125 0.04296875 0.0125
0 0.8109375 0.61953125 0.02421875 0.0171875
0 0.753125 0.6796875 0.01015625 0.02421875
0 0.77265625 0.603125 0.04453125 0.00859375
0 0.6921875 0.60546875 0.0265625 0.00859375
0 0.7265625 0.621875 0.021875 0.01328125
0 0.69921875 0.62265625 0.0234375 0.0203125
0 0.671875 0.6296875 0.03125 0.0203125
0 0.6375 0.634375 0.03125 0.015625
0 0.6578125 0.60703125 0.03046875 0.01953125
0 0.62578125 0.6125 0.028125 0.02421875
0 0.58671875 0.62109375 0.03203125 0.01328125
0 0.54140625 0.6234375 0.0421875 0.0171875
0 0.59765625 0.63828125 0.03671875 0.01484375
0 0.553125 0.64140625 0.0421875 0.01953125
0 0.50546875 0.646875 0.03671875 0.01640625
0 0.46171875 0.6515625 0.0390625 0.01875
0 0.90703125 0.60625 0.028125 0.0171875
0 0.78984375 0.6703125 0.0140625 0.03125
0 0.8390625 0.6046875 0.0265625 0.0125
0 0.98125 0.5984375 0.0375 0.02734375
0 0.128125 0.4625 0.0484375 0.025
0 0.18125 0.46015625 0.0515625 0.02421875
0 0.1828125 0.434375 0.0515625 0.0234375
0 0.2328125 0.43359375 0.0421875 0.02578125
0 0.23125 0.46015625 0.04296875 0.02265625
0 0.2765625 0.45859375 0.03984375 0.02265625
0 0.27734375 0.43125 0.04140625 0.02421875
0 0.31484375 0.4296875 0.0265625 0.0234375
0 0.31953125 0.45703125 0.0359375 0.021875
0 0.3546875 0.4546875 0.0203125 0.01953125
0 0.39140625 0.45234375 0.0359375 0.02421875
0 0.4671875 0.45078125 0.05078125 0.02421875
0 0.5234375 0.44921875 0.04375 0.0234375
0 0.85390625 0.66796875 0.0234375 0.02421875
0 0.93125 0.6515625 0.01953125 0.03671875
0 0.95625 0.65078125 0.0171875 0.0421875
0 0.98828125 0.6453125 0.0234375 0.03671875
0 0.92890625 0.61796875 0.021875 0.00703125
0 0.71484375 0.67890625 0.015625 0.0375
0 0.05859375 0.8390625 0.1171875 0.0765625
0 0.5421875 0.42421875 0.05234375 0.01875
0 0.465625 0.57734375 0.04609375 0.03828125
0 0.51015625 0.575 0.03671875 0.0359375
0 0.54140625 0.5703125 0.0140625 0.03203125
0 0.56640625 0.55625 0.02421875 0.0265625
0 0.6203125 0.55859375 0.021875 0.02890625
0 0.64375 0.5578125 0.015625 0.0296875
0 0.678125 0.5609375 0.034375 0.0328125
0 0.728125 0.5609375 0.025 0.034375
0 0.1984375 0.8515625 0.04921875 0.01875
0 0.2546875 0.84453125 0.04453125 0.015625
0 0.2484375 0.82421875 0.053125 0.0171875
0 0.3171875 0.821875 0.07109375 0.03125
0 0.3796875 0.8171875 0.04609375 0.028125
0 0.4390625 0.8125 0.0515625 0.02578125
0 0.75859375 0.5578125 0.02578125 0.0328125
0 0.7953125 0.553125 0.0296875 0.03359375
0 0.8515625 0.55078125 0.04296875 0.03828125
0 0.9765625 0.54140625 0.046875 0.0359375
0 0.9734375 0.4765625 0.03515625 0.0078125
0 0.9734375 0.49453125 0.04296875 0.0203125
0 0.840625 0.48046875 0.02578125 0.01171875
0 0.84296875 0.5015625 0.02578125 0.015625
0 0.8125 0.50234375 0.0265625 0.01875
0 0.8109375 0.48359375 0.0234375 0.0140625
0 0.77890625 0.48359375 0.028125 0.0171875
0 0.77890625 0.5046875 0.0328125 0.01875
0 0.7453125 0.50546875 0.0265625 0.01953125
0 0.7328125 0.484375 0.02578125 0.01796875
0 0.70390625 0.48671875 0.01640625 0.01796875
0 0.41484375 0.58125 0.04609375 0.0390625
0 0.71015625 0.509375 0.0296875 0.01953125
0 0.353125 0.58828125 0.04921875 0.025
0 0.06640625 0.5625 0.084375 0.02109375
0 0.4390625 0.521875 0.03359375 0.0203125
0 0.40078125 0.52265625 0.0390625 0.0234375
0 0.9921875 0.7078125 0.015625 0.0484375
0 0.96953125 0.7125 0.01875 0.0453125
0 0.94375 0.7234375 0.01953125 0.04765625
0 0.91875 0.7265625 0.0234375 0.05
0 0.434375 0.4953125 0.0328125 0.0203125
0 0.3875 0.49765625 0.03671875 0.0203125
0 0.340625 0.49921875 0.02890625 0.0203125
0 0.3015625 0.5015625 0.03671875 0.0203125
0 0.47734375 0.7109375 0.04140625 0.028125
0 0.53046875 0.7046875 0.04921875 0.03046875
0 0.58359375 0.68203125 0.01328125 0.02578125
0 0.5640625 0.6828125 0.015625 0.03046875
0 0.603125 0.68984375 0.01171875 0.0359375
0 0.621875 0.68203125 0.02109375 0.02578125
0 0.65 0.68046875 0.0234375 0.02734375
0 0.69375 0.675 0.0171875 0.0265625
0 0.671875 0.68125 0.01953125 0.0359375
0 0.34921875 0.5234375 0.03828125 0.02265625
0 0.30859375 0.525 0.0390625 0.02109375
0 0.26171875 0.52734375 0.03828125 0.0203125
0 0.21796875 0.5296875 0.0359375 0.0234375
0 0.25546875 0.50234375 0.04140625 0.02265625
0 0.20859375 0.50234375 0.03828125 0.021875
0 0.1625 0.50546875 0.03125 0.0234375
0 0.1734375 0.534375 0.0484375 0.025
0 0.128125 0.5359375 0.0328125 0.0234375
0 0.1296875 0.5109375 0.021875 0.01796875
0 0.06484375 0.53828125 0.084375 0.01953125
0 0.73671875 0.67578125 0.0171875 0.0359375
0 0.6765625 0.5125 0.02890625 0.01953125
0 0.1671875 0.21640625 0.0453125 0.02578125
0 0.60234375 0.515625 0.0296875 0.01953125
0 0.56640625 0.5171875 0.03515625 0.01875
0 0.56015625 0.49296875 0.03125 0.01875
0 0.51484375 0.49375 0.03125 0.01953125
0 0.4765625 0.49375 0.03984375 0.021875
0 0.52265625 0.51875 0.034375 0.0203125
0 0.4859375 0.51796875 0.03359375 0.0171875
0 0.8515625 0.44140625 0.04296875 0.02578125
0 0.421875 0.71171875 0.0515625 0.03515625
0 0.359375 0.6984375 0.03828125 0.025
0 0.36484375 0.728125 0.0328125 0.025
0 0.32421875 0.7328125 0.04453125 0.0203125
0 0.3078125 0.70234375 0.0375 0.0171875
0 0.253125 0.71875 0.034375 0.0234375
0 0.27734375 0.73828125 0.03671875 0.01640625
0 0.2078125 0.7203125 0.0453125 0.01953125
0 0.2296875 0.74375 0.03984375 0.01875
0 0.17890625 0.75078125 0.03984375 0.02578125
0 0.13359375 0.75703125 0.0390625 0.02421875
0 0.15703125 0.72421875 0.03984375 0.0234375
0 0.06875 0.51328125 0.08515625 0.02109375
0 0.1859375 0.825 0.053125 0.01484375
0 0.06875 0.48671875 0.0890625 0.0203125
0 0.79765625 0.428125 0.04609375 0.01484375
0 0.8015625 0.4453125 0.0375 0.0109375
0 0.75078125 0.44609375 0.04453125 0.01640625
0 0.69921875 0.44921875 0.053125 0.0140625
0 0.6390625 0.44765625 0.05078125 0.021875
0 0.63984375 0.425 0.05625 0.0171875
0 0.603125 0.49375 0.03125 0.01875
0 0.10234375 0.22421875 0.0703125 0.0609375
0 0.6359375 0.48984375 0.025 0.01796875
0 0.63984375 0.51328125 0.03125 0.0171875
0 0.21484375 0.2203125 0.03828125 0.0234375
0 0.2703125 0.22421875 0.04296875 0.021875
0 0.1765625 0.246875 0.04296875 0.02421875
0 0.228125 0.24765625 0.0484375 0.025
0 0.27421875 0.25078125 0.03515625 0.021875
0 0.32265625 0.25078125 0.04140625 0.0265625
0 0.371875 0.253125 0.04609375 0.02578125
0 0.42578125 0.25625 0.04375 0.02421875
0 0.471875 0.253125 0.0296875 0.02890625
0 0.5109375 0.25625 0.0265625 0.02890625
0 0.5515625 0.25859375 0.0296875 0.03125
0 0.5828125 0.259375 0.01796875 0.02578125
0 0.62734375 0.25859375 0.03515625 0.03125
0 0.678125 0.2625 0.03046875 0.0296875
0 0.6734375 0.4875 0.03046875 0.01640625
0 0.71484375 0.26015625 0.0234375 0.025
0 0.775 0.26328125 0.0328125 0.02578125
0 0.70859375 0.7421875 0.02265625 0.04140625
0 0.678125 0.74140625 0.0265625 0.046875
0 0.6453125 0.75859375 0.03203125 0.0515625
0 0.5515625 0.79453125 0.059375 0.02109375
0 0.546875 0.77265625 0.06640625 0.02109375
0 0.74140625 0.26328125 0.01953125 0.0265625
0 0.43828125 0.7859375 0.05234375 0.021875
0 0.8328125 0.3234375 0.01875 0.01640625
0 0.85703125 0.328125 0.021875 0.028125
0 0.9828125 0.25546875 0.03359375 0.0171875
0 0.984375 0.2765625 0.03125 0.01640625
0 0.93515625 0.27421875 0.0390625 0.01796875
0 0.93515625 0.24921875 0.0484375 0.01796875
0 0.8046875 0.31484375 0.03125 0.028125
0 0.02109375 0.4546875 0.0421875 0.040625