0 0.7859375 0.5921875 0.034375 0.03828125
0 0.94296875 0.51484375 0.03125 0.04765625
0 0.82265625 0.59296875 0.03203125 0.03984375
0 0.87109375 0.4328125 0.03203125 0.0546875
0 0.821875 0.4328125 0.02890625 0.05390625
0 0.90859375 0.5140625 0.03125 0.0484375
0 0.8734375 0.51171875 0.03125 0.04765625
0 0.90546875 0.44609375 0.03359375 0.02890625
0 0.94140625 0.44453125 0.03046875 0.03046875
0 0.9828125 0.546875 0.034375 0.059375
0 0.91796875 0.59375 0.0359375 0.0375
0 0.96796875 0.64140625 0.0484375 0.053125
0 0.90390625 0.65234375 0.05390625 0.0390625
0 0.70546875 0.58984375 0.0359375 0.040625
0 0.90703125 0.41640625 0.0359375 0.0265625
0 0.46328125 0.1796875 0.065625 0.090625
0 0.76171875 0.8171875 0.02421875 0.0359375
0 0.3546875 0.31875 0.04140625 0.06171875
0 0.29921875 0.315625 0.05859375 0.06953125
0 0.23671875 0.31015625 0.06015625 0.07109375
0 0.16875 0.309375 0.05625 0.0765625
0 0.10390625 0.32265625 0.03359375 0.04765625
0 0.0453125 0.28671875 0.04140625 0.06953125
0 0.01015625 0.28671875 0.0203125 0.06875
0 0.03828125 0.240625 0.040625 0.01640625
0 0.00859375 0.23984375 0.0171875 0.0203125
0 0.03203125 0.38125 0.040625 0.05625
0 0.1078125 0.42109375 0.0390625 0.059375
0 0.14765625 0.42265625 0.03046875 0.05625
0 0.1515625 0.38125 0.03671875 0.01796875
0 0.18046875 0.4234375 0.0234375 0.0515625
0 0.22421875 0.4125 0.05390625 0.071875
0 0.27109375 0.41171875 0.03203125 0.08125
0 0.30703125 0.41171875 0.034375 0.08125
0 0.359375 0.4265625 0.06171875 0.05
0 0.4375 0.42734375 0.06171875 0.04921875
0 0.51171875 0.4015625 0.05078125 0.03359375
0 0.50703125 0.4375 0.05234375 0.0328125
0 0.55546875 0.42421875 0.0328125 0.05703125
0 0.59140625 0.42734375 0.0359375 0.05625
0 0.63203125 0.425 0.028125 0.06015625
0 0.70546875 0.428125 0.03671875 0.06015625
0 0.709375 0.38515625 0.0375 0.01875
0 0.746875 0.42734375 0.03046875 0.0609375
0 0.784375 0.41875 0.034375 0.078125
0 0.8625 0.584375 0.03671875 0.04375
0 0.41328125 0.3109375 0.06015625 0.0859375
0 0.734375 0.81015625 0.0234375 0.046875
0 0.47578125 0.3328125 0.05859375 0.0421875
0 0.60703125 0.31796875 0.05078125 0.0765625
0 0.8140625 0.81796875 0.02890625 0.04375
0 0.8640625 0.8046875 0.0609375 0.059375
0 0.91875 0.8078125 0.03671875 0.04296875
0 0.98515625 0.73515625 0.0296875 0.046875
0 0.9828125 0.82265625 0.034375 0.0390625
0 0.03671875 0.16328125 0.0734375 0.1
0 0.1125 0.1671875 0.07265625 0.08984375
0 0.18203125 0.17734375 0.053125 0.078125
0 0.24453125 0.17265625 0.04453125 0.0890625
0 0.29453125 0.1734375 0.0484375 0.090625
0 0.35390625 0.17421875 0.0453125 0.08984375
0 0.40390625 0.1765625 0.04453125 0.08984375
0 0.5234375 0.18984375 0.04921875 0.06953125
0 0.58984375 0.2125 0.084375 0.0234375
0 0.59765625 0.1859375 0.07890625 0.02734375
0 0.66796875 0.18671875 0.053125 0.08125
0 0.7265625 0.1875 0.05625 0.0796875
0 0.78984375 0.18203125 0.05859375 0.09296875
0 0.8625 0.18125 0.0609375 0.09765625
0 0.921875 0.184375 0.0484375 0.09375
0 0.971875 0.18671875 0.04296875 0.09453125
0 0.98671875 0.325 0.0265625 0.07265625
0 0.95625 0.32578125 0.03125 0.07265625
0 0.90625 0.31796875 0.059375 0.08515625
0 0.85 0.3265625 0.0453125 0.065625
0 0.80234375 0.3265625 0.04609375 0.065625
0 0.746875 0.31796875 0.05625 0.08203125
0 0.7484375 0.26484375 0.0609375 0.0203125
0 0.66953125 0.3171875 0.06796875 0.08046875
0 0.54375 0.33203125 0.05703125 0.04296875
0 0.6671875 0.42421875 0.040625 0.06171875
0 0.74609375 0.58984375 0.03203125 0.04140625
0 0.6328125 0.796875 0.02421875 0.04609375
0 0.684375 0.72578125 0.03984375 0.05703125
0 0.7625 0.73046875 0.03359375 0.0546875
0 0.80390625 0.6953125 0.03828125 0.0171875
0 0.80078125 0.73125 0.0328125 0.05
0 0.84296875 0.72578125 0.040625 0.0609375
0 0.88671875 0.728125 0.03984375 0.06328125
0 0.9421875 0.7296875 0.05078125 0.046875
0 0.840625 0.65 0.0359375 0.03515625
0 0.79140625 0.6484375 0.0421875 0.0359375
0 0.74140625 0.64921875 0.053125 0.03515625
0 0.678125 0.6484375 0.05625 0.03671875
0 0.6171875 0.64765625 0.05703125 0.0375
0 0.55234375 0.646875 0.06484375 0.034375
0 0.490625 0.6453125 0.05546875 0.0375
0 0.43125 0.6453125 0.05625 0.0375
0 0.36328125 0.64453125 0.05546875 0.034375
0 0.30078125 0.64453125 0.05546875 0.03828125
0 0.23203125 0.64375 0.05859375 0.03515625
0 0.1703125 0.64375 0.0578125 0.03984375
0 0.6359375 0.725 0.0515625 0.06015625
0 0.5796875 0.69296875 0.053125 0.01953125
0 0.5796875 0.7296875 0.04765625 0.05078125
0 0.5296875 0.71875 0.04140625 0.06796875
0 0.67421875 0.8109375 0.02578125 0.0484375
0 0.365625 0.80625 0.0265625 0.053125
0 0.3390625 0.80625 0.025 0.05390625
0 0.3109375 0.80625 0.02734375 0.05625
0 0.2546875 0.81015625 0.04140625 0.04921875
0 0.203125 0.8046875 0.03125 0.06015625
0 0.0796875 0.81875 0.096875 0.05390625
0 0.05078125 0.7609375 0.06171875 0.025
0 0.11796875 0.72734375 0.03125 0.05390625
0 0.0625 0.6796875 0.0375 0.04140625
0 0.1515625 0.72734375 0.03203125 0.0515625
0 0.21640625 0.728125 0.02578125 0.05
0 0.24453125 0.73359375 0.0203125 0.03984375
0 0.2734375 0.734375 0.025 0.0375
0 0.29453125 0.72421875 0.01796875 0.046875
0 0.31640625 0.728125 0.0234375 0.04296875
0 0.34765625 0.7328125 0.0359375 0.03984375
0 0.3890625 0.73203125 0.03828125 0.0421875
0 0.434375 0.73203125 0.04453125 0.0421875
0 0.48125 0.734375 0.04609375 0.04140625
0 0.18515625 0.7296875 0.02890625 0.05078125
0 0.02265625 0.6765625 0.03828125 0.04375
0 0.7265625 0.7265625 0.0359375 0.05703125
0 0.053125 0.60703125 0.04375 0.034375
0 0.40546875 0.50625 0.03671875 0.05
0 0.5375 0.48515625 0.03828125 0.02421875
0 0.48125 0.4875 0.06484375 0.02265625
0 0.478125 0.5171875 0.06875 0.03203125
0 0.54921875 0.5203125 0.06640625 0.02734375
0 0.60546875 0.51171875 0.0375 0.04453125
0 0.64453125 0.5109375 0.03671875 0.046875
0 0.70703125 0.8125 0.0265625 0.04296875
0 0.684375 0.51171875 0.0390625 0.04609375
0 0.3640625 0.50703125 0.03828125 0.0484375
0 0.7265625 0.5140625 0.0359375 0.0453125
0 0.7984375 0.51171875 0.034375 0.04921875
0 0.83671875 0.5125 0.0359375 0.05078125
0 0.403125 0.8078125 0.0265625 0.05390625
0 0.43828125 0.80390625 0.0359375 0.05859375
0 0.01328125 0.60546875 0.0265625 0.0390625
0 0.509375 0.81640625 0.025 0.04140625
0 0.5359375 0.80859375 0.02578125 0.05234375
0 0.571875 0.8046875 0.04140625 0.0578125
0 0.60703125 0.80859375 0.025 0.05078125
0 0.7625 0.5109375 0.03515625 0.05078125
0 0.32421875 0.50625 0.03828125 0.05
0 0.47578125 0.80625 0.0359375 0.0625
0 0.24375 0.5015625 0.03203125 0.046875
0 0.2828125 0.50390625 0.03828125 0.04765625
0 0.046875 0.50546875 0.04921875 0.0296875
0 0.6609375 0.590625 0.03671875 0.0375
0 0.5765625 0.5890625 0.03515625 0.04140625
0 0.53046875 0.58125 0.0375 0.05234375
0 0.5 0.58671875 0.01875 0.04375
0 0.47734375 0.58515625 0.021875 0.04140625
0 0.44140625 0.584375 0.046875 0.04296875
0 0.04765625 0.534375 0.046875 0.02421875
0 0.3765625 0.59921875 0.0734375 0.01171875
0 0.61796875 0.58203125 0.0453125 0.05546875
0 0.31796875 0.5875 0.0375 0.0359375
0 0.278125 0.5875 0.0359375 0.03515625
0 0.22890625 0.5796875 0.0421875 0.0515625
0 0.184375 0.5796875 0.03828125 0.053125
0 0.14140625 0.57890625 0.0421875 0.05234375
0 0.09609375 0.5828125 0.03984375 0.04609375
0 0.09375 0.503125 0.04296875 0.0484375
0 0.19921875 0.5046875 0.040625 0.0484375
0 0.1390625 0.50390625 0.040625 0.05234375
0 0.37890625 0.5859375 0.075 0.01484375