0 0.4359375 0.48515625 0.0359375 0.05390625
0 0.03515625 0.55859375 0.0578125 0.046875
0 0.084375 0.559375 0.03828125 0.046875
0 0.12109375 0.55703125 0.0375 0.04375
0 0.196875 0.55625 0.03515625 0.0515625
0 0.39375 0.48828125 0.05 0.053125
0 0.23515625 0.55859375 0.03828125 0.04921875
0 0.278125 0.55390625 0.0421875 0.046875
0 0.3578125 0.55625 0.059375 0.04453125
0 0.04140625 0.62578125 0.0421875 0.05
0 0.08125 0.6265625 0.0359375 0.05
0 0.12109375 0.6234375 0.0421875 0.04765625
0 0.1578125 0.55625 0.0390625 0.046875
0 0.3515625 0.484375 0.03125 0.046875
0 0.19140625 0.48828125 0.040625 0.05390625
0 0.275 0.48984375 0.03671875 0.046875
0 0.23671875 0.4875 0.04140625 0.05390625
0 0.14921875 0.48828125 0.0421875 0.053125
0 0.09921875 0.48828125 0.05625 0.0515625
0 0.05546875 0.48984375 0.03359375 0.05
0 0.01640625 0.4890625 0.03203125 0.05
0 0.39140625 0.409375 0.04921875 0.05390625
0 0.34296875 0.40703125 0.0328125 0.05390625
0 0.30234375 0.41171875 0.0421875 0.053125
0 0.25703125 0.41328125 0.05 0.05390625
0 0.21171875 0.4140625 0.03984375 0.0546875
0 0.1703125 0.41328125 0.0390625 0.05390625
0 0.2265625 0.621875 0.0375 0.04765625
0 0.31796875 0.484375 0.03984375 0.04609375
0 0.26484375 0.6203125 0.03984375 0.05
0 0.04609375 0.815625 0.05546875 0.03515625
0 0.34296875 0.62109375 0.03828125 0.04921875
0 0.7703125 0.4484375 0.06484375 0.06484375
0 0.84921875 0.44296875 0.07578125 0.07109375
0 0.4953125 0.51875 0.0734375 0.06484375
0 0.56171875 0.51640625 0.059375 0.065625
0 0.6296875 0.515625 0.0734375 0.065625
0 0.7 0.5125 0.06640625 0.06953125
0 0.7765625 0.51328125 0.08125 0.07265625
0 0.28828125 0.809375 0.05078125 0.046875
0 0.234375 0.8109375 0.053125 0.04375
0 0.18515625 0.8140625 0.0453125 0.0421875
0 0.14140625 0.81171875 0.0390625 0.0453125
0 0.09765625 0.81328125 0.0484375 0.04296875
0 0.1296875 0.4125 0.0359375 0.0515625
0 0.43125 0.75625 0.05078125 0.05390625
0 0.3796875 0.75546875 0.05 0.0484375
0 0.28203125 0.75859375 0.05 0.0484375
0 0.22734375 0.75859375 0.05078125 0.0515625
0 0.1765625 0.75859375 0.0484375 0.05078125
0 0.1296875 0.759375 0.046875 0.05
0 0.0828125 0.76640625 0.0421875 0.05390625
0 0.0328125 0.7640625 0.05390625 0.05703125
0 0.42734375 0.68125 0.0765625 0.05390625
0 0.35078125 0.6859375 0.07734375 0.05703125
0 0.2734375 0.6875 0.07421875 0.05390625
0 0.1953125 0.690625 0.08203125 0.05390625
0 0.115625 0.69453125 0.0796875 0.04609375
0 0.0375 0.69140625 0.07265625 0.04765625
0 0.41796875 0.61796875 0.040625 0.0484375
0 0.38046875 0.61640625 0.03515625 0.046875
0 0.30625 0.61953125 0.0375 0.05234375
0 0.04921875 0.41484375 0.04921875 0.05234375
0 0.97421875 0.49453125 0.04765625 0.075
0 0.41484375 0.32109375 0.0515625 0.0515625
0 0.63125 0.22109375 0.0390625 0.08125
0 0.675 0.21640625 0.053125 0.09296875
0 0.721875 0.21953125 0.03671875 0.096875
0 0.7625 0.2234375 0.04453125 0.0875
0 0.80625 0.22265625 0.0421875 0.08828125
0 0.84453125 0.215625 0.03359375 0.08515625
0 0.88671875 0.215625 0.040625 0.08515625
0 0.92734375 0.21640625 0.040625 0.08359375
0 0.975 0.22109375 0.0453125 0.08828125
0 0.63984375 0.10234375 0.03984375 0.07890625
0 0.67890625 0.1 0.03671875 0.08359375
0 0.72578125 0.09921875 0.04296875 0.08203125
0 0.7671875 0.09765625 0.0328125 0.08046875
0 0.0453125 0.33046875 0.0453125 0.05546875
0 0.58828125 0.22265625 0.04296875 0.0828125
0 0.08671875 0.33046875 0.03828125 0.0515625
0 0.1109375 0.2921875 0.05 0.0125
0 0.01328125 0.13125 0.02265625 0.08671875
0 0.04765625 0.1328125 0.0421875 0.07890625
0 0.0875 0.13046875 0.0359375 0.08125
0 0.1265625 0.12890625 0.040625 0.08359375
0 0.16640625 0.128125 0.03984375 0.08671875
0 0.20859375 0.12578125 0.0375 0.08359375
0 0.2484375 0.1265625 0.040625 0.08359375
0 0.29140625 0.125 0.040625 0.08515625
0 0.33359375 0.12890625 0.04296875 0.078125
0 0.38125 0.121875 0.03515625 0.08125
0 0.42421875 0.11796875 0.05078125 0.0734375
0 0.01328125 0.23515625 0.02578125 0.0765625
0 0.0515625 0.2328125 0.0421875 0.07421875
0 0.134375 0.32578125 0.04375 0.05234375
0 0.546875 0.2234375 0.03828125 0.0796875
0 0.5046875 0.2265625 0.04296875 0.084375
0 0.46640625 0.2265625 0.0359375 0.0859375
0 0.36640625 0.32421875 0.04375 0.04609375
0 0.3203125 0.32734375 0.04140625 0.04921875
0 0.27734375 0.32421875 0.040625 0.0546875
0 0.2328125 0.3265625 0.05 0.05703125
0 0.1828125 0.328125 0.0515625 0.05078125
0 0.41171875 0.228125 0.0453125 0.08203125
0 0.37109375 0.22734375 0.0375 0.08125
0 0.33046875 0.2296875 0.040625 0.08125
0 0.290625 0.23046875 0.03515625 0.0796875
0 0.2375 0.2265625 0.03046875 0.08203125
0 0.196875 0.2296875 0.0515625 0.08203125
0 0.13828125 0.23515625 0.0453125 0.08828125
0 0.096875 0.2328125 0.04609375 0.07890625
0 0.853125 0.515625 0.0671875 0.06328125
0 0.6328125 0.44375 0.0796875 0.0671875
0 0.46796875 0.34453125 0.046875 0.08984375
0 0.509375 0.3421875 0.03515625 0.0921875
0 0.9578125 0.33671875 0.03984375 0.09296875
0 0.9171875 0.3375 0.03203125 0.08984375
0 0.87734375 0.33671875 0.046875 0.09921875
0 0.83671875 0.33671875 0.03515625 0.09765625
0 0.7984375 0.33828125 0.0390625 0.09609375
0 0.43125 0.80703125 0.0515625 0.04296875
0 0.3453125 0.290625 0.0453125 0.015625
0 0.3859375 0.80703125 0.03828125 0.04296875
0 0.75546875 0.33828125 0.046875 0.0953125
0 0.71015625 0.33984375 0.0421875 0.0921875
0 0.66875 0.33984375 0.04140625 0.09375
0 0.62578125 0.33984375 0.04375 0.0953125
0 0.5859375 0.34140625 0.03515625 0.090625
0 0.546875 0.34140625 0.0421875 0.08984375
0 0.3390625 0.80546875 0.0546875 0.0421875
0 0.559375 0.44765625 0.06171875 0.06796875
0 0.32890625 0.7546875 0.0453125 0.0484375
0 0.83046875 0.61328125 0.1484375 0.09765625
0 0.49375 0.44921875 0.0703125 0.065625
0 0.953125 0.60859375 0.09375 0.0953125
0 0.6796875 0.61015625 0.1484375 0.08828125
0 0.52578125 0.6109375 0.14609375 0.0875
0 0.93671875 0.79609375 0.1265625 0.0828125
0 0.67421875 0.7890625 0.1375 0.0765625
0 0.8046875 0.790625 0.12890625 0.0828125
0 0.9390625 0.71171875 0.12109375 0.078125
0 0.809375 0.71015625 0.13359375 0.08046875
0 0.67421875 0.709375 0.12890625 0.08203125
0 0.5296875 0.71015625 0.12578125 0.06875
0 0.53203125 0.78984375 0.13828125 0.08046875