0 0.85546875 0.64609375 0.034375 0.05078125
0 0.384375 0.5375 0.04296875 0.059375
0 0.9546875 0.73203125 0.06953125 0.0640625
0 0.359375 0.6328125 0.04609375 0.0671875
0 0.4046875 0.6265625 0.04296875 0.0640625
0 0.45390625 0.628125 0.04765625 0.06171875
0 0.50390625 0.62890625 0.04609375 0.06875
0 0.559375 0.6328125 0.05078125 0.06484375
0 0.6 0.6375 0.0265625 0.0671875
0 0.3203125 0.6203125 0.0296875 0.0453125
0 0.63359375 0.6375 0.03671875 0.06796875
0 0.7359375 0.6390625 0.0328125 0.0640625
0 0.80078125 0.64296875 0.0203125 0.05625
0 0.984375 0.65859375 0.03125 0.02734375
0 0.940625 0.6640625 0.05234375 0.01328125
0 0.93671875 0.64140625 0.05546875 0.02578125
0 0.884375 0.64453125 0.01875 0.053125
0 0.665625 0.6359375 0.02578125 0.07109375
0 0.83125 0.746875 0.0609375 0.08671875
0 0.27734375 0.646875 0.053125 0.03984375
0 0.20703125 0.646875 0.0390625 0.03984375
0 0.22890625 0.53125 0.04296875 0.0625
0 0.2796875 0.53125 0.053125 0.065625
0 0.3359375 0.53203125 0.04921875 0.0640625
0 0.82578125 0.64296875 0.025 0.05703125
0 0.434375 0.53203125 0.0484375 0.06953125
0 0.48359375 0.5375 0.04453125 0.059375
0 0.27578125 0.61328125 0.0421875 0.02109375
0 0.54296875 0.5375 0.04921875 0.0296875
0 0.6296875 0.54140625 0.03359375 0.05234375
0 0.66015625 0.53828125 0.02890625 0.06484375
0 0.1078125 0.63671875 0.02734375 0.09921875
0 0.15078125 0.64921875 0.05234375 0.0109375
0 0.1453125 0.66015625 0.046875 0.01171875
0 0.16484375 0.63046875 0.040625 0.01953125
0 0.59296875 0.5390625 0.0328125 0.059375
0 0.771875 0.6421875 0.034375 0.05859375
0 0.22109375 0.1234375 0.03515625 0.08984375
0 0.771875 0.7953125 0.059375 0.01015625
0 0.41328125 0.37734375 0.0234375 0.0171875
0 0.39453125 0.42578125 0.03046875 0.059375
0 0.3625 0.4234375 0.03203125 0.0546875
0 0.32578125 0.4234375 0.03984375 0.0546875
0 0.28828125 0.42421875 0.03359375 0.05390625
0 0.25078125 0.4234375 0.0328125 0.0578125
0 0.21015625 0.421875 0.04140625 0.05546875
0 0.14609375 0.40625 0.075 0.08828125
0 0.03828125 0.39375 0.07578125 0.1265625
0 0.06171875 0.22734375 0.078125 0.1125
0 0.2859375 0.38671875 0.03359375 0.015625
0 0.17265625 0.275 0.12421875 0.09921875
0 0.36953125 0.28046875 0.1046875 0.08984375
0 0.4890625 0.284375 0.10234375 0.08984375
0 0.565625 0.2953125 0.05078125 0.065625
0 0.76796875 0.75078125 0.06015625 0.07578125
0 0.67578125 0.29375 0.05546875 0.065625
0 0.73203125 0.31640625 0.053125 0.034375
0 0.8203125 0.28671875 0.10078125 0.08671875
0 0.9 0.296875 0.06015625 0.07578125
0 0.98359375 0.29609375 0.02578125 0.075
0 0.9484375 0.30625 0.0328125 0.05546875
0 0.28671875 0.31015625 0.05078125 0.03359375
0 0.9515625 0.09609375 0.0640625 0.1390625
0 0.425 0.4203125 0.0265625 0.0609375
0 0.45625 0.43046875 0.03203125 0.04453125
0 0.68984375 0.53671875 0.0234375 0.06484375
0 0.7171875 0.5390625 0.02890625 0.06015625
0 0.75078125 0.53671875 0.02734375 0.06171875
0 0.78125 0.5390625 0.03203125 0.06328125
0 0.821875 0.525 0.0234375 0.0609375
0 0.85390625 0.53671875 0.02890625 0.06171875
0 0.88671875 0.5375 0.0328125 0.0625
0 0.934375 0.53828125 0.0484375 0.0609375
0 0.9828125 0.5375 0.034375 0.0625
0 0.97421875 0.421875 0.03125 0.0671875
0 0.45390625 0.396875 0.0265625 0.01953125
0 0.9453125 0.4203125 0.0265625 0.06953125
0 0.8828125 0.4140625 0.03203125 0.07890625
0 0.840625 0.415625 0.034375 0.08046875
0 0.7921875 0.415625 0.0546875 0.0765625
0 0.73828125 0.42578125 0.05 0.053125
0 0.68671875 0.4265625 0.0515625 0.0546875
0 0.63125 0.41328125 0.0484375 0.07421875
0 0.5859375 0.42421875 0.0390625 0.05390625
0 0.54765625 0.41796875 0.0296875 0.06875
0 0.51875 0.42890625 0.02578125 0.046875
0 0.48828125 0.42109375 0.03046875 0.0625
0 0.915625 0.41796875 0.02890625 0.065625
0 0.87890625 0.09765625 0.06171875 0.1453125
0 0.62421875 0.29453125 0.04296875 0.065625
0 0.2625 0.79609375 0.02890625 0.07421875
0 0.025 0.06484375 0.05 0.1234375
0 0.1453125 0.11640625 0.0671875 0.10703125
0 0.146875 0.79765625 0.0328125 0.07734375
0 0.1765625 0.7984375 0.025 0.07734375
0 0.209375 0.784375 0.02578125 0.0765625
0 0.234375 0.7984375 0.0203125 0.07421875
0 0.80703125 0.08984375 0.0765625 0.140625
0 0.29453125 0.78984375 0.0265625 0.08671875
0 0.325 0.7984375 0.03125 0.078125
0 0.35390625 0.80078125 0.025 0.0734375
0 0.065625 0.51640625 0.05390625 0.096875
0 0.384375 0.78984375 0.0296875 0.08671875
0 0.446875 0.7953125 0.03125 0.08125
0 0.47890625 0.7953125 0.0296875 0.08125
0 0.5109375 0.7984375 0.03125 0.07265625
0 0.59296875 0.73046875 0.0203125 0.0484375
0 0.54296875 0.796875 0.03125 0.08046875
0 0.575 0.8 0.03125 0.0734375
0 0.62890625 0.77734375 0.034375 0.07734375
0 0.66875 0.77734375 0.0375 0.07578125
0 0.71328125 0.8109375 0.03203125 0.05234375
0 0.7125 0.75390625 0.0390625 0.05859375
0 0.41640625 0.796875 0.02734375 0.0828125
0 0.2671875 0.10703125 0.053125 0.12265625
0 0.153125 0.53203125 0.0734375 0.0640625
0 0.38359375 0.12578125 0.0546875 0.08828125
0 0.44296875 0.1171875 0.05 0.11171875
0 0.50234375 0.11953125 0.06640625 0.10078125
0 0.559375 0.11171875 0.03828125 0.12265625
0 0.60546875 0.10625 0.0484375 0.13359375
0 0.66171875 0.1046875 0.06328125 0.13671875
0 0.72265625 0.13125 0.0546875 0.0796875
0 0.3265625 0.1234375 0.05234375 0.10078125