0 0.79453125 0.78984375 0.05234375 0.0078125
0 0.74921875 0.78515625 0.03125 0.01484375
0 0.753125 0.7703125 0.03359375 0.0125
0 0.7546875 0.7546875 0.03359375 0.01484375
0 0.7125 0.7765625 0.03828125 0.0375
0 0.503125 0.7625 0.05546875 0.04921875
0 0.4453125 0.63359375 0.0421875 0.0140625
0 0.44609375 0.61640625 0.04375 0.0171875
0 0.63125 0.703125 0.05546875 0.04375
0 0.6265625 0.76875 0.0578125 0.04609375
0 0.5625 0.77109375 0.06171875 0.046875
0 0.56953125 0.7171875 0.0578125 0.05390625
0 0.8359375 0.7859375 0.025 0.01484375
0 0.671875 0.78203125 0.0328125 0.01640625
0 0.43515625 0.3234375 0.0671875 0.10859375
0 0.46171875 0.75 0.01953125 0.0546875
0 0.61328125 0.59453125 0.02734375 0.01328125
0 0.57421875 0.6203125 0.0359375 0.01171875
0 0.5734375 0.634375 0.034375 0.0125
0 0.575 0.65 0.040625 0.01328125
0 0.53828125 0.6484375 0.025 0.0109375
0 0.5421875 0.634375 0.02421875 0.0140625
0 0.5421875 0.62109375 0.025 0.0125
0 0.54453125 0.60703125 0.025 0.01171875
0 0.546875 0.59375 0.02578125 0.0125
0 0.4953125 0.64609375 0.0484375 0.01796875
0 0.5015625 0.62734375 0.05234375 0.01640625
0 0.5 0.6078125 0.05390625 0.01875
0 0.5015625 0.5875 0.04921875 0.01953125
0 0.50078125 0.565625 0.05078125 0.02109375
0 0.44609375 0.65 0.04375 0.0140625
0 0.60859375 0.60703125 0.02578125 0.009375
0 0.3921875 0.61796875 0.059375 0.07578125
0 0.60859375 0.62109375 0.0265625 0.01328125
0 0.60859375 0.6484375 0.02265625 0.01015625
0 0.38359375 0.7453125 0.1265625 0.04765625
0 0.271875 0.76171875 0.0796875 0.04375
0 0.19140625 0.76171875 0.0765625 0.04453125
0 0.140625 0.7625 0.0203125 0.04609375
0 0.11875 0.7625 0.0171875 0.0484375
0 0.0546875 0.7671875 0.1046875 0.03515625
0 0.94453125 0.65078125 0.046875 0.02109375
0 0.89609375 0.64921875 0.04296875 0.01953125
0 0.94765625 0.628125 0.04375 0.0203125
0 0.9 0.62890625 0.04296875 0.01953125
0 0.81796875 0.63515625 0.1109375 0.0484375
0 0.73359375 0.6359375 0.0453125 0.03984375
0 0.6890625 0.65078125 0.0328125 0.009375
0 0.690625 0.6390625 0.03203125 0.01015625
0 0.6484375 0.628125 0.0453125 0.05625
0 0.60625 0.63515625 0.02265625 0.0109375
0 0.33515625 0.62578125 0.04609375 0.0515625
0 0.06015625 0.5078125 0.0390625 0.0390625
0 0.2265625 0.63359375 0.05390625 0.04453125
0 0.03046875 0.88359375 0.06015625 0.0046875
0 0.0296875 0.88984375 0.05859375 0.00625
0 0.03046875 0.8984375 0.059375 0.00625
0 0.03203125 0.90546875 0.0640625 0.00625
0 0.03203125 0.91328125 0.0640625 0.00625
0 0.034375 0.921875 0.06875 0.00703125
0 0.09921875 0.88828125 0.07578125 0.00546875
0 0.0984375 0.896875 0.06953125 0.00703125
0 0.1015625 0.9046875 0.06875 0.00703125
0 0.103125 0.9125 0.06796875 0.00546875
0 0.10546875 0.91953125 0.06796875 0.00546875
0 0.10625 0.9265625 0.06953125 0.00546875
0 0.034375 0.16953125 0.06875 0.06796875
0 0.10546875 0.15390625 0.06875 0.103125
0 0.18203125 0.146875 0.07421875 0.1171875
0 0.26875 0.16875 0.09765625 0.08046875
0 0.3609375 0.15078125 0.07734375 0.11640625
0 0.35625 0.32265625 0.0640625 0.11328125
0 0.28046875 0.33046875 0.06875 0.09453125
0 0.21171875 0.3234375 0.06015625 0.10859375
0 0.14375 0.340625 0.059375 0.07734375
0 0.078125 0.325 0.0671875 0.10234375
0 0.9 0.13671875 0.0875 0.04453125
0 0.03125 0.87421875 0.0625 0.01015625
0 0.92734375 0.18984375 0.1015625 0.0515625
0 0.80625 0.134375 0.0953125 0.04921875
0 0.7078125 0.159375 0.09375 0.02265625
0 0.7078125 0.19375 0.0921875 0.0421875
0 0.28671875 0.63046875 0.03515625 0.0453125
0 0.5328125 0.178125 0.07109375 0.06484375
0 0.446875 0.1703125 0.09140625 0.08359375
0 0.8171875 0.18828125 0.115625 0.05546875
0 0.10390625 0.87578125 0.0765625 0.01171875
0 0.61484375 0.1765625 0.08359375 0.0703125
0 0.0296875 0.86171875 0.05859375 0.01171875
0 0.11015625 0.50078125 0.0515625 0.05234375
0 0.1625 0.4984375 0.04375 0.0515625
0 0.23515625 0.50625 0.08984375 0.0359375
0 0.3421875 0.5078125 0.11875 0.03828125
0 0.4640625 0.509375 0.1171875 0.03515625
0 0.584375 0.509375 0.11640625 0.03515625
0 0.70390625 0.5125 0.11484375 0.0359375
0 0.0171875 0.5125 0.034375 0.02890625
0 0.79296875 0.496875 0.0546875 0.0640625
0 0.87421875 0.5125 0.028125 0.03671875
0 0.9296875 0.5234375 0.0734375 0.0171875
0 0.9328125 0.5046875 0.0765625 0.0171875
0 0.075 0.60859375 0.1171875 0.03359375
0 0.07734375 0.6390625 0.11875 0.02578125
0 0.16484375 0.63125 0.053125 0.0453125
0 0.1015625 0.8625 0.08125 0.0109375
0 0.840625 0.4984375 0.03203125 0.06328125
0 0.92265625 0.3671875 0.10859375 0.046875
0 0.0171875 0.478125 0.03359375 0.0296875
0 0.5828125 0.32890625 0.071875 0.1203125
0 0.8921875 0.7625 0.015625 0.01171875
0 0.6453125 0.346875 0.04765625 0.08359375
0 0.6984375 0.3453125 0.053125 0.08515625
0 0.75625 0.3453125 0.0484375 0.0859375
0 0.8234375 0.3375 0.07421875 0.10234375
0 0.8890625 0.77421875 0.0171875 0.01015625
0 0.88671875 0.78515625 0.015625 0.00859375
0 0.94453125 0.771875 0.0796875 0.040625
0 0.028125 0.85 0.05546875 0.01171875
0 0.50625 0.325 0.0625 0.11328125
0 0.0984375 0.8484375 0.078125 0.01171875
0 0.865625 0.77734375 0.0234375 0.0328125