0 0.7765625 0.32890625 0.09140625 0.0484375
0 0.1859375 0.4546875 0.04765625 0.0359375
0 0.85546875 0.32890625 0.05 0.0484375
0 0.76875 0.2953125 0.08828125 0.01015625
0 0.05078125 0.42421875 0.046875 0.0796875
0 0.1 0.42734375 0.0328125 0.08515625
0 0.140625 0.440625 0.04140625 0.009375
0 0.13828125 0.4546875 0.04140625 0.0109375
0 0.13984375 0.4671875 0.03828125 0.009375
0 0.2328125 0.42265625 0.03515625 0.0234375
0 0.35859375 0.4421875 0.03359375 0.00859375
0 0.23203125 0.45625 0.03359375 0.028125
0 0.27109375 0.45625 0.03828125 0.02890625
0 0.31640625 0.4578125 0.04140625 0.0328125
0 0.36953125 0.425 0.0359375 0.015625
0 0.359375 0.46171875 0.03515625 0.025
0 0.40078125 0.453125 0.0234375 0.0390625
0 0.440625 0.44375 0.03671875 0.0546875
0 0.44765625 0.40390625 0.02734375 0.015625
0 0.490625 0.4421875 0.04765625 0.07265625
0 0.69453125 0.3296875 0.06875 0.0484375
0 0.5375 0.4484375 0.03984375 0.05703125
0 0.6140625 0.3328125 0.08203125 0.0421875
0 0.06875 0.2515625 0.03515625 0.0484375
0 0.45078125 0.334375 0.07578125 0.040625
0 0.58359375 0.44296875 0.04140625 0.0640625
0 0.0140625 0.32265625 0.028125 0.06484375
0 0.965625 0.20625 0.0671875 0.05703125
0 0.8890625 0.2046875 0.06875 0.059375
0 0.7046875 0.2140625 0.09609375 0.0515625
0 0.60703125 0.21484375 0.09296875 0.0515625
0 0.34921875 0.2203125 0.06796875 0.05546875
0 0.27421875 0.2234375 0.0765625 0.0515625
0 0.21328125 0.2265625 0.03515625 0.0484375
0 0.18046875 0.22734375 0.02578125 0.0484375
0 0.528125 0.334375 0.0765625 0.0453125
0 0.13046875 0.22890625 0.071875 0.05
0 0.925 0.1015625 0.09609375 0.053125
0 0.8234375 0.103125 0.09140625 0.053125
0 0.7375 0.0828125 0.05859375 0.1
0 0.26484375 0.12109375 0.07578125 0.053125
0 0.19375 0.12578125 0.059375 0.0515625
0 0.0609375 0.32421875 0.0515625 0.0625
0 0.13984375 0.33671875 0.07578125 0.04375
0 0.2171875 0.33671875 0.07421875 0.0453125
0 0.29296875 0.33671875 0.071875 0.040625
0 0.3703125 0.334375 0.07890625 0.04375
0 0.02265625 0.23359375 0.0453125 0.0640625
0 0.6359375 0.43984375 0.05390625 0.06875
0 0.5515625 0.7734375 0.04609375 0.0359375
0 0.740625 0.44375 0.0515625 0.0671875
0 0.01875 0.82578125 0.0375 0.103125
0 0.98125 0.79609375 0.0375 0.0421875
0 0.93359375 0.79453125 0.05078125 0.04375
0 0.81328125 0.7890625 0.05234375 0.0453125
0 0.75234375 0.784375 0.05859375 0.0421875
0 0.6828125 0.7796875 0.0703125 0.034375
0 0.61328125 0.778125 0.0625 0.040625
0 0.49765625 0.7828125 0.04453125 0.0171875
0 0.50234375 0.7609375 0.046875 0.0203125
0 0.50234375 0.73984375 0.05078125 0.0140625
0 0.44609375 0.77890625 0.04765625 0.01875
0 0.396875 0.77578125 0.0421875 0.0203125
0 0.4015625 0.746875 0.04453125 0.0140625
0 0.40703125 0.72734375 0.03671875 0.015625
0 0.303125 0.725 0.04921875 0.0140625
0 0.35234375 0.76171875 0.04375 0.0453125
0 0.3078125 0.759375 0.03984375 0.040625
0 0.2640625 0.75703125 0.03671875 0.04453125
0 0.21875 0.753125 0.0453125 0.0421875
0 0.09453125 0.83359375 0.09296875 0.09921875
0 0.16875 0.765625 0.05078125 0.01796875
0 0.16953125 0.83828125 0.034375 0.08125
0 0.23984375 0.8453125 0.03359375 0.07890625
0 0.68828125 0.44296875 0.03984375 0.06875
0 0.03984375 0.11171875 0.07890625 0.1078125
0 0.97890625 0.89375 0.03671875 0.096875
0 0.94140625 0.88984375 0.0390625 0.0875
0 0.89609375 0.8875 0.03828125 0.08984375
0 0.85625 0.88125 0.03515625 0.08515625
0 0.81484375 0.88125 0.03515625 0.08203125
0 0.77421875 0.87734375 0.03515625 0.0859375
0 0.72890625 0.8734375 0.04375 0.0921875
0 0.69140625 0.8640625 0.0265625 0.065625
0 0.65625 0.86953125 0.0375 0.0859375
0 0.61328125 0.865625 0.0375 0.0859375
0 0.56796875 0.8625 0.04375 0.08046875
0 0.5203125 0.86171875 0.04140625 0.0859375
0 0.47265625 0.85859375 0.03984375 0.08515625
0 0.4265625 0.8546875 0.03984375 0.0875
0 0.38671875 0.85078125 0.03203125 0.07890625
0 0.34609375 0.85234375 0.034375 0.0796875
0 0.3046875 0.8484375 0.02734375 0.0765625
0 0.2046875 0.84296875 0.03359375 0.0765625
0 0.1703125 0.746875 0.04140625 0.01484375
0 0.12109375 0.13046875 0.07578125 0.06171875
0 0.98828125 0.690625 0.0234375 0.05390625
0 0.40078125 0.55625 0.04375 0.0609375
0 0.35546875 0.5546875 0.0390625 0.0578125
0 0.3125 0.5546875 0.03671875 0.06015625
0 0.27421875 0.55234375 0.0375 0.05703125
0 0.23359375 0.5546875 0.03671875 0.05703125
0 0.19296875 0.55390625 0.0390625 0.05625
0 0.15390625 0.55625 0.034375 0.0546875
0 0.11640625 0.5421875 0.03359375 0.0828125
0 0.06796875 0.53359375 0.05546875 0.09140625
0 0.984375 0.57421875 0.03125 0.06875
0 0.94140625 0.5703125 0.0453125 0.0609375
0 0.89921875 0.57734375 0.03203125 0.0484375
0 0.91796875 0.2953125 0.040625 0.0875
0 0.97734375 0.33671875 0.02890625 0.046875
0 0.93515625 0.46875 0.03203125 0.10625
0 0.87890625 0.50625 0.03984375 0.0828125
0 0.8578125 0.42421875 0.03203125 0.06328125
0 0.16953125 0.7265625 0.04609375 0.021875
0 0.79765625 0.44296875 0.04609375 0.0734375
0 0.4578125 0.54765625 0.05703125 0.0734375
0 0.5203125 0.5515625 0.05703125 0.0765625
0 0.9703125 0.434375 0.02890625 0.0984375
0 0.6703125 0.5546875 0.075 0.078125
0 0.8765625 0.68125 0.04453125 0.065625
0 0.590625 0.54765625 0.0671875 0.0828125
0 0.93828125 0.6890625 0.0640625 0.0546875
0 0.8265625 0.678125 0.05 0.0625
0 0.7140625 0.6734375 0.053125 0.0625
0 0.66796875 0.68125 0.034375 0.04375
0 0.61953125 0.6734375 0.05390625 0.0515625
0 0.56171875 0.66875 0.05078125 0.06171875
0 0.503125 0.6734375 0.05234375 0.04453125
0 0.7703125 0.6765625 0.05390625 0.0640625
0 0.38671875 0.6625 0.05390625 0.0578125
0 0.33125 0.659375 0.04609375 0.0609375
0 0.2796875 0.6640625 0.0484375 0.0453125
0 0.225 0.66328125 0.0546875 0.0453125
0 0.75859375 0.5515625 0.08046875 0.0875
0 0.16640625 0.65546875 0.05703125 0.0625
0 0.0890625 0.71875 0.07578125 0.08125
0 0.4453125 0.665625 0.0515625 0.05546875
0 0.021875 0.71796875 0.04375 0.0703125
0 0.83046875 0.5546875 0.05234375 0.0875