0 0.11015625 0.2453125 0.03046875 0.05
0 0.0453125 0.23828125 0.08671875 0.07109375
0 0.97421875 0.8953125 0.0515625 0.02890625
0 0.7765625 0.35859375 0.01640625 0.03671875
0 0.80078125 0.359375 0.025 0.03671875
0 0.8390625 0.31875 0.03125 0.01875
0 0.83828125 0.353125 0.0265625 0.04609375
0 0.8875 0.346875 0.0484375 0.053125
0 0.93828125 0.3546875 0.0359375 0.0421875
0 0.984375 0.35546875 0.03125 0.04375
0 0.91171875 0.42265625 0.096875 0.03203125
0 0.925 0.46015625 0.084375 0.03671875
0 0.81484375 0.41796875 0.06171875 0.028125
0 0.828125 0.45390625 0.06796875 0.040625
0 0.75546875 0.44921875 0.053125 0.05234375
0 0.69765625 0.43828125 0.04296875 0.07109375
0 0.62265625 0.446875 0.0734375 0.05234375
0 0.54609375 0.4453125 0.065625 0.0484375
0 0.48046875 0.40625 0.06171875 0.01640625
0 0.47734375 0.44453125 0.06953125 0.04921875
0 0.35390625 0.5421875 0.090625 0.0296875
0 0.25859375 0.54375 0.0984375 0.0296875
0 0.26171875 0.509375 0.0875 0.03515625
0 0.1703125 0.5515625 0.075 0.0421875
0 0.0953125 0.5484375 0.06328125 0.040625
0 0.0328125 0.55234375 0.053125 0.0390625
0 0.74609375 0.3578125 0.0296875 0.040625
0 0.16796875 0.47265625 0.040625 0.0609375
0 0.059375 0.471875 0.04921875 0.053125
0 0.01875 0.4625 0.0328125 0.05234375
0 0.2484375 0.440625 0.07421875 0.05234375
0 0.33203125 0.44140625 0.05625 0.05234375
0 0.40546875 0.446875 0.07109375 0.05625
0 0.4078125 0.40625 0.06328125 0.0171875
0 0.11171875 0.47421875 0.05078125 0.0578125
0 0.440625 0.53828125 0.075 0.03984375
0 0.68671875 0.35859375 0.07109375 0.03515625
0 0.46796875 0.353125 0.05546875 0.0421875
0 0.15 0.2359375 0.0453125 0.08203125
0 0.196875 0.2375 0.04140625 0.0828125
0 0.26953125 0.22578125 0.07734375 0.034375
0 0.26328125 0.2671875 0.08203125 0.0421875
0 0.34921875 0.228125 0.08203125 0.0328125
0 0.35234375 0.265625 0.075 0.03984375
0 0.434375 0.228125 0.075 0.02734375
0 0.4375 0.265625 0.08203125 0.0421875
0 0.509375 0.215625 0.06328125 0.0359375
0 0.51875 0.2625 0.0640625 0.05
0 0.5796875 0.21328125 0.0765625 0.0390625
0 0.59140625 0.26015625 0.07734375 0.05078125
0 0.66640625 0.21484375 0.0640625 0.03984375
0 0.67734375 0.26015625 0.06875 0.0484375
0 0.75546875 0.2125 0.06640625 0.0515625
0 0.753125 0.2625 0.06640625 0.04765625
0 0.82109375 0.24375 0.03515625 0.034375
0 0.40078125 0.3546875 0.065625 0.0484375
0 0.32890625 0.35546875 0.059375 0.05078125
0 0.253125 0.3515625 0.075 0.04453125
0 0.26953125 0.31875 0.0734375 0.0125
0 0.1921875 0.36796875 0.028125 0.071875
0 0.165625 0.36953125 0.0234375 0.0734375
0 0.6078125 0.36015625 0.075 0.03203125
0 0.12890625 0.3734375 0.0375 0.06953125
0 0.04296875 0.3671875 0.03671875 0.075
0 0.978125 0.246875 0.04140625 0.046875
0 0.9265625 0.2453125 0.0484375 0.04453125
0 0.93671875 0.1984375 0.04609375 0.0421875
0 0.8703125 0.24453125 0.0453125 0.04453125
0 0.88125 0.1984375 0.05 0.04296875
0 0.084375 0.3796875 0.0453125 0.05703125
0 0.51640625 0.49765625 0.0734375 0.01796875
0 0.53203125 0.3546875 0.06015625 0.04140625
0 0.60078125 0.50625 0.065625 0.02734375
0 0.86796875 0.7046875 0.0671875 0.0359375
0 0.9421875 0.7 0.06953125 0.04453125
0 0.88046875 0.76484375 0.0453125 0.0421875
0 0.94296875 0.7703125 0.059375 0.0421875
0 0.82890625 0.76875 0.04921875 0.04453125
0 0.778125 0.76953125 0.05078125 0.0453125
0 0.728125 0.76875 0.04765625 0.04453125
0 0.6796875 0.771875 0.046875 0.05
0 0.63203125 0.771875 0.0453125 0.05078125
0 0.5796875 0.771875 0.05 0.0453125
0 0.51796875 0.771875 0.0671875 0.05078125
0 0.4484375 0.778125 0.06953125 0.05
0 0.38359375 0.7734375 0.0625 0.05078125
0 0.3140625 0.77734375 0.0609375 0.046875
0 0.18359375 0.77890625 0.03671875 0.0578125
0 0.13515625 0.78125 0.04140625 0.0515625
0 0.08359375 0.78046875 0.0484375 0.05546875
0 0.51796875 0.53515625 0.071875 0.03984375
0 0.896875 0.896875 0.078125 0.0265625
0 0.81640625 0.8984375 0.07421875 0.02734375
0 0.73125 0.8828125 0.0796875 0.0671875
0 0.63984375 0.86953125 0.065625 0.078125
0 0.5734375 0.88359375 0.0546875 0.07109375
0 0.79453125 0.703125 0.07421875 0.03984375
0 0.49453125 0.9046875 0.1 0.03203125
0 0.5015625 0.86953125 0.0875 0.0203125
0 0.38984375 0.90078125 0.11015625 0.03828125
0 0.275 0.86953125 0.10078125 0.08203125
0 0.1515625 0.884375 0.10078125 0.0859375
0 0.04375 0.88671875 0.07890625 0.08671875
0 0.028125 0.77890625 0.04765625 0.05546875
0 0.4875 0.8375 0.08984375 0.034375
0 0.71875 0.7046875 0.06875 0.0390625
0 0.24765625 0.7765625 0.0640625 0.05625
0 0.659375 0.52109375 0.04296875 0.05859375
0 0.59921875 0.61796875 0.0359375 0.06015625
0 0.646875 0.6125 0.0515625 0.065625
0 0.69765625 0.615625 0.04375 0.06015625
0 0.7953125 0.6171875 0.0453125 0.0625
0 0.74765625 0.6171875 0.0421875 0.0578125
0 0.90234375 0.6140625 0.04765625 0.0609375
0 0.540625 0.62109375 0.06328125 0.05390625
0 0.95234375 0.61171875 0.04453125 0.0640625
0 0.915625 0.52578125 0.053125 0.0484375
0 0.8453125 0.5265625 0.06640625 0.04765625
0 0.78046875 0.54296875 0.06484375 0.028125
0 0.71875 0.53046875 0.06015625 0.0546875
0 0.66171875 0.70625 0.0375 0.040625
0 0.5984375 0.5390625 0.07421875 0.0328125
0 0.97265625 0.5234375 0.05234375 0.05078125
0 0.4703125 0.61875 0.071875 0.05546875
0 0.84609375 0.6203125 0.05078125 0.0484375
0 0.40625 0.6125 0.05546875 0.0671875
0 0.59375 0.7046875 0.09609375 0.0421875
0 0.4078125 0.7046875 0.08984375 0.0390625
0 0.3171875 0.69921875 0.08359375 0.03671875
0 0.17265625 0.71171875 0.0796875 0.0359375
0 0.11015625 0.69609375 0.040625 0.05
0 0.0453125 0.7171875 0.0828125 0.03828125
0 0.03828125 0.63359375 0.0546875 0.03984375
0 0.50078125 0.7046875 0.084375 0.0453125
0 0.1109375 0.6296875 0.0546875 0.05
0 0.1734375 0.62421875 0.05703125 0.04609375
0 0.2421875 0.6140625 0.04765625 0.07109375
0 0.29765625 0.61484375 0.053125 0.06953125
0 0.3484375 0.61328125 0.05078125 0.06640625
0 0.028125 0.60234375 0.0515625 0.02265625