0 0.9734375 0.2359375 0.04453125 0.06640625
0 0.9265625 0.178125 0.0484375 0.059375
0 0.73359375 0.0734375 0.05546875 0.03125
0 0.66484375 0.76953125 0.05625 0.02890625
0 0.721875 0.76640625 0.053125 0.03671875
0 0.77578125 0.76953125 0.05 0.034375
0 0.83046875 0.7703125 0.0515625 0.0328125
0 0.8109375 0.7375 0.05546875 0.01953125
0 0.8671875 0.7375 0.0453125 0.021875
0 0.878125 0.759375 0.03125 0.01953125
0 0.6 0.7546875 0.0484375 0.02421875
0 0.91875 0.7515625 0.04609375 0.021875
0 0.8578125 0.8609375 0.0421875 0.07265625
0 0.80234375 0.84140625 0.03203125 0.0703125
0 0.765625 0.85859375 0.0375 0.07734375
0 0.7265625 0.85703125 0.0375 0.0734375
0 0.6765625 0.859375 0.03984375 0.07734375
0 0.615625 0.8609375 0.04296875 0.078125
0 0.51640625 0.8515625 0.0484375 0.1
0 0.90078125 0.86328125 0.03984375 0.0765625
0 0.46953125 0.85078125 0.04296875 0.096875
0 0.54921875 0.75390625 0.03828125 0.0578125
0 0.434375 0.74921875 0.02890625 0.046875
0 0.29453125 0.6734375 0.05625 0.0734375
0 0.2390625 0.6734375 0.053125 0.07109375
0 0.1828125 0.67578125 0.05546875 0.07578125
0 0.13046875 0.6828125 0.04375 0.059375
0 0.13515625 0.63359375 0.03671875 0.03515625
0 0.0828125 0.684375 0.04765625 0.05625
0 0.06171875 0.6375 0.0546875 0.034375
0 0.50546875 0.753125 0.04140625 0.059375
0 0.0328125 0.684375 0.0484375 0.05
0 0.0625 0.7578125 0.04609375 0.05546875
0 0.10859375 0.7578125 0.0453125 0.05546875
0 0.1546875 0.7578125 0.04609375 0.059375
0 0.20703125 0.759375 0.05625 0.05703125
0 0.27265625 0.76171875 0.0609375 0.05234375
0 0.33359375 0.75859375 0.05859375 0.06015625
0 0.390625 0.75390625 0.05078125 0.0546875
0 0.0203125 0.75625 0.03984375 0.059375
0 0.346875 0.6734375 0.04921875 0.06953125
0 0.4265625 0.85234375 0.0375 0.0953125
0 0.38359375 0.85234375 0.04296875 0.09140625
0 0.96328125 0.04765625 0.0734375 0.03515625
0 0.91328125 0.10078125 0.02890625 0.059375
0 0.8671875 0.12265625 0.0578125 0.01875
0 0.86484375 0.10078125 0.0578125 0.02421875
0 0.865625 0.07421875 0.05625 0.02421875
0 0.85234375 0.04765625 0.05859375 0.0234375
0 0.7953125 0.07265625 0.05859375 0.01953125
0 0.96875 0.07421875 0.0625 0.0171875
0 0.79765625 0.09140625 0.06484375 0.0140625
0 0.73203125 0.11640625 0.0484375 0.03046875
0 0.3140625 0.0859375 0.0546875 0.08203125
0 0.2453125 0.07890625 0.07890625 0.0921875
0 0.146875 0.10703125 0.09921875 0.03984375
0 0.14453125 0.0671875 0.09453125 0.03515625
0 0.14140625 0.0296875 0.0875 0.03828125
0 0.07421875 0.07734375 0.03359375 0.09453125
0 0.8015625 0.115625 0.06484375 0.03203125
0 0.5609375 0.8234375 0.034375 0.0390625
0 0.965625 0.09453125 0.06796875 0.02109375
0 0.4203125 0.08828125 0.03984375 0.0859375
0 0.34140625 0.85 0.040625 0.09375
0 0.2890625 0.85390625 0.040625 0.08671875
0 0.24453125 0.8546875 0.0421875 0.08828125
0 0.19609375 0.85546875 0.04296875 0.0890625
0 0.15 0.8546875 0.04296875 0.0859375
0 0.10703125 0.8546875 0.0421875 0.084375
0 0.04296875 0.85703125 0.04375 0.08125
0 0.3703125 0.0890625 0.05859375 0.078125
0 0.9671875 0.1171875 0.06484375 0.02421875
0 0.63046875 0.08671875 0.0390625 0.090625
0 0.58984375 0.1140625 0.0375 0.0375
0 0.540625 0.11796875 0.0484375 0.028125
0 0.59140625 0.0734375 0.034375 0.04296875
0 0.54140625 0.090625 0.05234375 0.02578125
0 0.4796875 0.115625 0.0671875 0.02734375
0 0.47578125 0.08046875 0.06640625 0.034375
0 0.678125 0.08828125 0.0515625 0.08515625
0 0.41015625 0.675 0.07578125 0.065625
0 0.6640625 0.740625 0.0546875 0.02734375
0 0.540625 0.65390625 0.0515625 0.07265625
0 0.81171875 0.2375 0.0375 0.06015625
0 0.48203125 0.68359375 0.06171875 0.04765625
0 0.77109375 0.23828125 0.03984375 0.05703125
0 0.7734375 0.17578125 0.04453125 0.0625
0 0.8171875 0.175 0.040625 0.059375
0 0.84921875 0.23984375 0.0328125 0.05625
0 0.8546875 0.18828125 0.03046875 0.0359375
0 0.69921875 0.2328125 0.08828125 0.07734375
0 0.89296875 0.2390625 0.040625 0.0625
0 0.2515625 0.33125 0.05234375 0.08046875
0 0.3359375 0.3265625 0.11171875 0.0921875
0 0.409375 0.33046875 0.02890625 0.08828125
0 0.4515625 0.33515625 0.053125 0.08046875
0 0.50234375 0.33671875 0.04609375 0.07890625
0 0.54296875 0.35390625 0.028125 0.0453125
0 0.6953125 0.340625 0.0546875 0.07421875
0 0.93203125 0.23828125 0.034375 0.05625
0 0.76875 0.3421875 0.078125 0.07109375
0 0.60078125 0.2296875 0.0953125 0.07890625
0 0.425 0.253125 0.06875 0.03203125
0 0.1953125 0.32890625 0.0578125 0.08515625
0 0.13828125 0.33125 0.03984375 0.08046875
0 0.078125 0.3296875 0.06484375 0.0796875
0 0.06953125 0.24609375 0.0796875 0.028125
0 0.06328125 0.21796875 0.08984375 0.0265625
0 0.0640625 0.1890625 0.0890625 0.02890625
0 0.05859375 0.15390625 0.07734375 0.0375
0 0.5078125 0.24296875 0.07734375 0.04765625
0 0.25703125 0.24765625 0.04609375 0.0328125
0 0.25390625 0.19453125 0.053125 0.028125
0 0.15078125 0.24765625 0.078125 0.0296875
0 0.1515625 0.22109375 0.07890625 0.02265625
0 0.15078125 0.1953125 0.078125 0.0296875
0 0.15078125 0.16015625 0.08046875 0.03671875
0 0.36796875 0.2109375 0.06015625 0.025
0 0.35859375 0.24609375 0.059375 0.0375
0 0.2578125 0.21953125 0.0515625 0.02109375
0 0.83671875 0.33984375 0.053125 0.07421875
0 0.61328125 0.33046875 0.1078125 0.0921875
0 0.065625 0.44453125 0.059375 0.08671875
0 0.9671875 0.45 0.0578125 0.078125
0 0.05 0.5515625 0.07734375 0.09921875
0 0.93671875 0.33828125 0.06328125 0.07578125
0 0.1265625 0.55234375 0.0625 0.09765625
0 0.20234375 0.55234375 0.08515625 0.09921875
0 0.28515625 0.55234375 0.07734375 0.09765625
0 0.36171875 0.55234375 0.071875 0.0953125
0 0.434375 0.5515625 0.07265625 0.09140625
0 0.49609375 0.55703125 0.03671875 0.08125
0 0.5484375 0.55703125 0.0546875 0.08125
0 0.6015625 0.559375 0.0453125 0.08671875
0 0.665625 0.55078125 0.07421875 0.09296875
0 0.73046875 0.56328125 0.0484375 0.07109375
0 0.7921875 0.546875 0.05234375 0.0796875
0 0.859375 0.5578125 0.06015625 0.08515625
0 0.8984375 0.44140625 0.071875 0.10078125
0 0.93515625 0.5546875 0.0796875 0.09453125
0 0.834375 0.4515625 0.0484375 0.08515625
0 0.7171875 0.4515625 0.059375 0.07890625
0 0.13203125 0.44453125 0.065625 0.0859375
0 0.61328125 0.67734375 0.07421875 0.059375
0 0.203125 0.44453125 0.0671875 0.08125
0 0.265625 0.45078125 0.053125 0.0765625
0 0.321875 0.45078125 0.05078125 0.0765625
0 0.3734375 0.4515625 0.04921875 0.07265625
0 0.4625 0.44609375 0.03671875 0.065625
0 0.521875 0.44140625 0.0765625 0.090625
0 0.6765625 0.675 0.04921875 0.0703125
0 0.7234375 0.68125 0.03359375 0.06484375
0 0.759375 0.67890625 0.03359375 0.05859375
0 0.81640625 0.67109375 0.07890625 0.06796875
0 0.89375 0.67109375 0.0765625 0.065625
0 0.5921875 0.44921875 0.05234375 0.078125
0 0.65703125 0.4484375 0.059375 0.07890625
0 0.77890625 0.45078125 0.05546875 0.08125
0 0.9640625 0.67890625 0.0578125 0.0625