0 0.02890625 0.871875 0.01875 0.0859375
0 0.00703125 0.87578125 0.0140625 0.06796875
0 0.98203125 0.765625 0.03515625 0.0640625
0 0.434375 0.340625 0.040625 0.10078125
0 0.8703125 0.75703125 0.0375 0.08203125
0 0.81953125 0.75859375 0.0484375 0.08671875
0 0.0359375 0.0125 0.0203125 0.02109375
0 0.05625 0.01171875 0.01171875 0.02265625
0 0.07578125 0.0125 0.0171875 0.02109375
0 0.9359375 0.7734375 0.05078125 0.059375
0 0.675 0.49453125 0.034375 0.08046875
0 0.08515625 0.88203125 0.03671875 0.06875
0 0.0109375 0.4859375 0.021875 0.09296875
0 0.06015625 0.46796875 0.065625 0.05546875
0 0.0609375 0.515625 0.0640625 0.0359375
0 0.13125 0.47109375 0.0640625 0.04140625
0 0.13203125 0.51484375 0.0640625 0.03984375
0 0.1890625 0.4875 0.0453125 0.09296875
0 0.9703125 0.34609375 0.05078125 0.096875
0 0.2296875 0.4859375 0.0328125 0.09609375
0 0.3046875 0.4828125 0.0375 0.10234375
0 0.346875 0.4875 0.0390625 0.0890625
0 0.3875 0.48515625 0.034375 0.09453125
0 0.421875 0.4875 0.03359375 0.09296875
0 0.46328125 0.490625 0.03515625 0.0859375
0 0.5 0.4875 0.034375 0.0890625
0 0.26640625 0.48515625 0.0375 0.096875
0 0.540625 0.49140625 0.03828125 0.09296875
0 0.9265625 0.35390625 0.03125 0.08046875
0 0.76484375 0.2921875 0.0234375 0.0265625
0 0.47890625 0.3390625 0.04375 0.10390625
0 0.52109375 0.3453125 0.03125 0.09921875
0 0.58828125 0.39140625 0.01640625 0.11171875
0 0.5921875 0.27421875 0.02109375 0.10078125
0 0.61484375 0.34921875 0.02265625 0.08984375
0 0.6421875 0.35 0.028125 0.08984375
0 0.890625 0.3546875 0.03515625 0.07734375
0 0.6375 0.28046875 0.0359375 0.03515625
0 0.70390625 0.35703125 0.028125 0.075
0 0.734375 0.35625 0.0296875 0.075
0 0.76796875 0.3484375 0.028125 0.08203125
0 0.79765625 0.353125 0.0265625 0.07421875
0 0.8265625 0.35390625 0.0296875 0.07421875
0 0.8578125 0.36015625 0.028125 0.06640625
0 0.67421875 0.35625 0.028125 0.08046875
0 0.5421875 0.4203125 0.03046875 0.0359375
0 0.6078125 0.49453125 0.0359375 0.07890625
0 0.64140625 0.503125 0.0265625 0.06640625
0 0.69765625 0.90546875 0.0546875 0.028125
0 0.6421875 0.8984375 0.04296875 0.03671875
0 0.5890625 0.88671875 0.0546875 0.06640625
0 0.53828125 0.88515625 0.040625 0.06328125
0 0.490625 0.88671875 0.04375 0.065625
0 0.45390625 0.8859375 0.0265625 0.06171875
0 0.740625 0.89453125 0.025 0.05859375
0 0.421875 0.88203125 0.0296875 0.06953125
0 0.3640625 0.86328125 0.01875 0.06015625
0 0.3359375 0.88046875 0.0328125 0.07265625
0 0.296875 0.88125 0.0359375 0.0671875
0 0.2546875 0.87265625 0.0421875 0.0875
0 0.18828125 0.8796875 0.0796875 0.0765625
0 0.12109375 0.88359375 0.034375 0.059375
0 0.3875 0.89296875 0.021875 0.04765625
0 0.771875 0.8921875 0.03125 0.05625
0 0.8046875 0.89296875 0.028125 0.0625
0 0.8375 0.859375 0.01875 0.04453125
0 0.0921875 0.01328125 0.01328125 0.02265625
0 0.7171875 0.484375 0.04375 0.09921875
0 0.7546875 0.5 0.028125 0.075
0 0.790625 0.49375 0.03671875 0.08046875
0 0.82265625 0.50390625 0.02578125 0.0703125
0 0.853125 0.49765625 0.028125 0.078125
0 0.8859375 0.4984375 0.02734375 0.078125
0 0.91875 0.49453125 0.03125 0.0859375
0 0.9546875 0.49375 0.0328125 0.08515625
0 0.984375 0.49921875 0.021875 0.06953125
0 0.01875 0.6359375 0.03671875 0.05703125
0 0.071875 0.634375 0.0625 0.05546875
0 0.12421875 0.61640625 0.0359375 0.0875
0 0.9546875 0.8765625 0.0703125 0.08671875
0 0.9015625 0.89765625 0.028125 0.05390625
0 0.0515625 0.8734375 0.025 0.08359375
0 0.01171875 0.0109375 0.0234375 0.02109375
0 0.23671875 0.1640625 0.04453125 0.11640625
0 0.1875 0.0234375 0.071875 0.04140625
0 0.89609375 0.18515625 0.0296875 0.07734375
0 0.93046875 0.17890625 0.0359375 0.08671875
0 0.971875 0.1734375 0.0390625 0.0953125
0 0.05078125 0.36875 0.0625 0.04296875
0 0.115625 0.36953125 0.0609375 0.040625
0 0.17421875 0.3296875 0.046875 0.1171875
0 0.215625 0.3328125 0.0359375 0.11640625
0 0.2578125 0.34140625 0.0421875 0.096875
0 0.865625 0.1890625 0.02890625 0.0640625
0 0.303125 0.3390625 0.0453125 0.1015625
0 0.76875 0.74921875 0.0453125 0.10234375
0 0.71796875 0.759375 0.05078125 0.0796875
0 0.67109375 0.75625 0.0328125 0.08359375
0 0.63359375 0.7625 0.0328125 0.0703125
0 0.60078125 0.75390625 0.03125 0.08203125
0 0.56640625 0.75625 0.02890625 0.07734375
0 0.53359375 0.75703125 0.03203125 0.07890625
0 0.5 0.75703125 0.03046875 0.078125
0 0.3453125 0.3453125 0.034375 0.09375
0 0.4671875 0.76171875 0.0296875 0.0671875
0 0.82890625 0.17109375 0.040625 0.09453125
0 0.753125 0.1796875 0.0296875 0.07734375
0 0.1765625 0.196875 0.071875 0.040625
0 0.1046875 0.196875 0.059375 0.040625
0 0.05078125 0.17265625 0.028125 0.08515625
0 0.01640625 0.1734375 0.0328125 0.084375
0 0.98828125 0.025 0.0234375 0.046875
0 0.9453125 0.0265625 0.046875 0.04765625
0 0.8984375 0.0265625 0.0453125 0.046875
0 0.8453125 0.021875 0.053125 0.0421875
0 0.7875 0.17890625 0.03671875 0.084375
0 0.78984375 0.0234375 0.0375 0.04453125
0 0.38125 0.178125 0.046875 0.07734375
0 0.43125 0.178125 0.0484375 0.0796875
0 0.4796875 0.17734375 0.04375 0.08515625
0 0.52890625 0.1765625 0.046875 0.0859375
0 0.5890625 0.1609375 0.04609375 0.10390625
0 0.63515625 0.16328125 0.040625 0.10546875
0 0.6765625 0.17890625 0.0359375 0.08125
0 0.7171875 0.1765625 0.0390625 0.08125
0 0.3328125 0.17734375 0.046875 0.0875
0 0.42109375 0.77421875 0.05625 0.0421875
0 0.3765625 0.7578125 0.0296875 0.07109375
0 0.34453125 0.7609375 0.0296875 0.07109375
0 0.4265625 0.6203125 0.03125 0.08515625
0 0.39453125 0.62265625 0.02890625 0.07578125
0 0.3640625 0.625 0.02734375 0.07421875
0 0.33125 0.62265625 0.0328125 0.08125
0 0.29453125 0.61640625 0.0390625 0.08828125
0 0.240625 0.640625 0.0625 0.04296875
0 0.1765625 0.63671875 0.06328125 0.05234375
0 0.28359375 0.1640625 0.04765625 0.10859375
0 0.4609375 0.625 0.03203125 0.0765625
0 0.74609375 0.0234375 0.04453125 0.0453125
0 0.64765625 0.02421875 0.05234375 0.04296875
0 0.59453125 0.021875 0.0484375 0.04375
0 0.54375 0.02265625 0.05078125 0.04296875
0 0.4890625 0.02265625 0.05703125 0.04375
0 0.42890625 0.0234375 0.0609375 0.0453125
0 0.36640625 0.021875 0.0546875 0.04375
0 0.31875 0.021875 0.0375 0.04375
0 0.26171875 0.02734375 0.0703125 0.03359375
0 0.69921875 0.02421875 0.0359375 0.03984375
0 0.49609375 0.61796875 0.03203125 0.08984375
0 0.53203125 0.6125 0.0375 0.07421875
0 0.575 0.61796875 0.0453125 0.090625
0 0.2984375 0.7671875 0.05859375 0.0578125
0 0.2375 0.76875 0.05625 0.05546875
0 0.18984375 0.7546875 0.0296875 0.08671875
0 0.14609375 0.77265625 0.053125 0.05
0 0.08984375 0.76953125 0.05625 0.05625
0 0.04375 0.7484375 0.0328125 0.0953125
0 0.01328125 0.75078125 0.0265625 0.090625
0 0.98828125 0.634375 0.0234375 0.06484375
0 0.959375 0.6328125 0.0296875 0.06953125
0 0.92890625 0.62734375 0.028125 0.0765625
0 0.89921875 0.63359375 0.0234375 0.06875
0 0.871875 0.6265625 0.025 0.07578125
0 0.84296875 0.6328125 0.028125 0.06484375
0 0.8125 0.63203125 0.0265625 0.06796875
0 0.78125 0.628125 0.03046875 0.07265625
0 0.74609375 0.61640625 0.0375 0.09375
0 0.703125 0.61640625 0.040625 0.09140625
0 0.6625 0.61796875 0.0328125 0.09296875
0 0.62265625 0.6171875 0.0421875 0.0890625
0 0.125 0.02109375 0.04296875 0.04140625
0 0.3875 0.340625 0.046875 0.09765625