0 0.9453125 0.26328125 0.03515625 0.078125
0 0.80078125 0.26640625 0.03828125 0.08046875
0 0.8671875 0.265625 0.03671875 0.08125
0 0.834375 0.26484375 0.01875 0.07734375
0 0.0203125 0.46796875 0.0375 0.08046875
0 0.74140625 0.26484375 0.03515625 0.07734375
0 0.70625 0.26796875 0.01640625 0.06640625
0 0.646875 0.26953125 0.0203125 0.06796875
0 0.90859375 0.26484375 0.0296875 0.07890625
0 0.0875 0.46328125 0.065625 0.07890625
0 0.33046875 0.38671875 0.0515625 0.08359375
0 0.23046875 0.38515625 0.034375 0.08203125
0 0.26484375 0.3859375 0.03359375 0.08125
0 0.6765625 0.26875 0.0390625 0.06953125
0 0.37578125 0.36953125 0.02109375 0.06015625
0 0.409375 0.38671875 0.040625 0.06875
0 0.45859375 0.378125 0.040625 0.07421875
0 0.51640625 0.38046875 0.03125 0.07265625
0 0.55625 0.3796875 0.03515625 0.0671875
0 0.5984375 0.37890625 0.03359375 0.065625
0 0.634375 0.3859375 0.0296875 0.0734375
0 0.10859375 0.02890625 0.06015625 0.05546875
0 0.04296875 0.03125 0.059375 0.05546875
0 0.94296875 0.02265625 0.04296875 0.04140625
0 0.87890625 0.02265625 0.046875 0.04453125
0 0.17265625 0.45546875 0.04609375 0.07734375
0 0.6140625 0.2703125 0.0359375 0.06796875
0 0.2609375 0.12421875 0.07734375 0.09375
0 0.52578125 0.2828125 0.0328125 0.03203125
0 0.33828125 0.1515625 0.04140625 0.06328125
0 0.3859375 0.15078125 0.046875 0.065625
0 0.4390625 0.1515625 0.0453125 0.065625
0 0.4875 0.15234375 0.03984375 0.0609375
0 0.5328125 0.153125 0.04765625 0.06484375
0 0.584375 0.1546875 0.03828125 0.0578125
0 0.63125 0.1515625 0.03828125 0.0578125
0 0.68046875 0.153125 0.046875 0.05703125
0 0.72890625 0.15078125 0.04765625 0.0578125
0 0.775 0.1390625 0.0390625 0.0859375
0 0.85390625 0.1390625 0.02734375 0.09765625
0 0.87734375 0.14765625 0.0234375 0.06328125
0 0.90859375 0.14921875 0.03046875 0.06015625
0 0.9484375 0.14453125 0.03359375 0.07109375
0 0.05078125 0.32265625 0.0609375 0.09765625
0 0.1203125 0.321875 0.06015625 0.1015625
0 0.2359375 0.25546875 0.04140625 0.1
0 0.825 0.0234375 0.03984375 0.0421875
0 0.31640625 0.2578125 0.02890625 0.09375
0 0.3484375 0.2609375 0.0296875 0.08984375
0 0.38203125 0.26171875 0.02890625 0.0859375
0 0.421875 0.26328125 0.025 0.0828125
0 0.45 0.26484375 0.0296875 0.08125
0 0.48359375 0.26953125 0.03046875 0.065625
0 0.51953125 0.24765625 0.02109375 0.03125
0 0.56484375 0.26796875 0.02734375 0.0671875
0 0.98203125 0.753125 0.034375 0.09453125
0 0.484375 0.72734375 0.0375 0.1203125
0 0.884375 0.7484375 0.05703125 0.06484375
0 0.7609375 0.490625 0.03046875 0.08046875
0 0.79140625 0.48984375 0.021875 0.08046875
0 0.81796875 0.4515625 0.03125 0.01015625
0 0.821875 0.46796875 0.03359375 0.0125
0 0.821875 0.48046875 0.0390625 0.01015625
0 0.834375 0.4984375 0.0546875 0.01328125
0 0.72578125 0.48828125 0.03046875 0.084375
0 0.8390625 0.51484375 0.053125 0.01328125
0 0.87734375 0.4640625 0.05625 0.01328125
0 0.875 0.475 0.04921875 0.01015625
0 0.88828125 0.48671875 0.0578125 0.0109375
0 0.90625 0.5140625 0.06015625 0.01875
0 0.05859375 0.5765625 0.059375 0.084375
0 0.125 0.578125 0.0515625 0.090625
0 0.87890625 0.44921875 0.0578125 0.01171875
0 0.190625 0.56796875 0.0546875 0.08046875
0 0.690625 0.48828125 0.04140625 0.08125
0 0.62578125 0.4890625 0.0328125 0.08203125
0 0.66640625 0.3828125 0.0328125 0.06953125
0 0.7046875 0.3828125 0.03515625 0.06796875
0 0.74609375 0.37265625 0.02109375 0.08984375
0 0.7703125 0.36875 0.0203125 0.08046875
0 0.88359375 0.378125 0.04140625 0.01484375
0 0.89921875 0.39296875 0.06015625 0.01171875
0 0.65625 0.48984375 0.0203125 0.08515625
0 0.89453125 0.4078125 0.059375 0.0125
0 0.40859375 0.490625 0.0328125 0.0796875
0 0.44453125 0.4890625 0.03046875 0.0859375
0 0.48203125 0.4875 0.0328125 0.08515625
0 0.51875 0.48984375 0.03046875 0.08125
0 0.55625 0.48984375 0.0390625 0.08359375
0 0.5890625 0.48671875 0.0203125 0.078125
0 0.3703125 0.490625 0.03828125 0.0796875
0 0.2515625 0.58671875 0.0234375 0.0765625
0 0.2796875 0.60390625 0.03203125 0.0609375
0 0.3125 0.58828125 0.025 0.0640625
0 0.90703125 0.584375 0.0203125 0.0609375
0 0.95703125 0.55703125 0.03671875 0.084375
0 0.9890625 0.4609375 0.021875 0.06875
0 0.09765625 0.7640625 0.1046875 0.0875
0 0.19765625 0.7640625 0.07578125 0.0796875
0 0.30078125 0.75390625 0.04921875 0.1109375
0 0.8796875 0.5859375 0.0234375 0.06875
0 0.3765625 0.75 0.0796875 0.1265625
0 0.14453125 0.1765625 0.096875 0.08828125
0 0.553125 0.7265625 0.0765625 0.11796875
0 0.6375 0.7421875 0.0703125 0.11328125
0 0.71171875 0.73203125 0.059375 0.12578125
0 0.7734375 0.728125 0.05546875 0.09921875
0 0.8265625 0.74140625 0.01953125 0.08828125
0 0.43984375 0.7390625 0.03828125 0.12109375
0 0.8453125 0.5828125 0.01875 0.06640625
0 0.81953125 0.58515625 0.025 0.06875
0 0.7765625 0.58515625 0.03515625 0.065625
0 0.3375 0.59453125 0.021875 0.08046875
0 0.36953125 0.5921875 0.03125 0.0734375
0 0.4171875 0.57109375 0.0484375 0.01875
0 0.4171875 0.61875 0.05703125 0.025
0 0.47578125 0.58359375 0.05234375 0.02421875
0 0.48515625 0.61953125 0.05859375 0.03125
0 0.54296875 0.5796875 0.0375 0.034375
0 0.553125 0.60625 0.05546875 0.0125
0 0.5546875 0.62421875 0.0640625 0.0171875
0 0.6015625 0.5953125 0.025 0.0828125
0 0.63203125 0.59453125 0.03046875 0.08046875
0 0.665625 0.59375 0.03125 0.08359375
0 0.69453125 0.59296875 0.0203125 0.0796875
0 0.7265625 0.5921875 0.03125 0.08203125
0 0.75078125 0.58203125 0.015625 0.0625
0 0.97109375 0.675 0.05625 0.06328125
0 0.0421875 0.1828125 0.0734375 0.07421875
0 0.8171875 0.13515625 0.0390625 0.09375
0 0.64609375 0.02265625 0.05 0.04296875
0 0.32890625 0.025 0.07265625 0.0453125
0 0.403125 0.02578125 0.06875 0.0390625
0 0.25390625 0.0234375 0.0734375 0.04453125
0 0.27734375 0.25546875 0.03828125 0.10234375
0 0.475 0.02421875 0.065625 0.04375
0 0.70078125 0.0234375 0.04375 0.04453125
0 0.575 0.021875 0.03359375 0.04140625
0 0.534375 0.0234375 0.04375 0.04296875