0 0.4640625 0.55390625 0.06640625 0.04921875
0 0.75703125 0.0484375 0.04765625 0.06328125
0 0.70546875 0.0390625 0.04609375 0.078125
0 0.6515625 0.03984375 0.05859375 0.078125
0 0.590625 0.03828125 0.0609375 0.07578125
0 0.39609375 0.5578125 0.06328125 0.046875
0 0.034375 0.1546875 0.06484375 0.09375
0 0.2609375 0.54921875 0.06796875 0.05625
0 0.18984375 0.50078125 0.0703125 0.02421875
0 0.18671875 0.540625 0.07578125 0.059375
0 0.08125 0.534375 0.0484375 0.0796875
0 0.03515625 0.5328125 0.04296875 0.07734375
0 0.01796875 0.4171875 0.03359375 0.07890625
0 0.05859375 0.4234375 0.04375 0.065625
0 0.10390625 0.41640625 0.0453125 0.07734375
0 0.33046875 0.553125 0.065625 0.04609375
0 0.128125 0.534375 0.04453125 0.0765625
0 0.89140625 0.05 0.04765625 0.0625
0 0.8515625 0.0515625 0.0328125 0.0640625
0 0.86015625 0.5578125 0.0671875 0.0484375
0 0.7953125 0.56171875 0.0578125 0.0328125
0 0.73203125 0.5578125 0.0640625 0.04140625
0 0.6640625 0.55703125 0.07109375 0.04765625
0 0.53203125 0.5546875 0.06953125 0.05
0 0.50078125 0.19609375 0.05546875 0.0390625
0 0.55703125 0.1828125 0.04609375 0.0703125
0 0.60703125 0.184375 0.05234375 0.078125
0 0.659375 0.1859375 0.0515625 0.07578125
0 0.71015625 0.1859375 0.04921875 0.0703125
0 0.76171875 0.18515625 0.053125 0.0765625
0 0.8140625 0.19296875 0.05078125 0.0625
0 0.87109375 0.1765625 0.053125 0.11015625
0 0.98125 0.17265625 0.03671875 0.1109375
0 0.98203125 0.04921875 0.03515625 0.0703125
0 0.93984375 0.04375 0.04296875 0.0734375
0 0.1453125 0.415625 0.0328125 0.075
0 0.80703125 0.04375 0.05078125 0.0734375
0 0.18515625 0.36875 0.04375 0.03515625
0 0.26796875 0.4 0.03359375 0.0265625
0 0.2265625 0.428125 0.04453125 0.05625
0 0.98125 0.4453125 0.03671875 0.05
0 0.9421875 0.2984375 0.05546875 0.07265625
0 0.88359375 0.29921875 0.05703125 0.0734375
0 0.82734375 0.30078125 0.05546875 0.071875
0 0.525 0.03828125 0.06171875 0.07578125
0 0.46328125 0.0359375 0.05859375 0.071875
0 0.403125 0.03359375 0.0546875 0.0671875
0 0.925 0.440625 0.06953125 0.0546875
0 0.29140625 0.0265625 0.03515625 0.02421875
0 0.2234375 0.1015625 0.03203125 0.025
0 0.2390625 0.14453125 0.04453125 0.034375
0 0.2890625 0.17109375 0.02734375 0.065625
0 0.28671875 0.08125 0.03203125 0.06484375
0 0.16640625 0.0328125 0.053125 0.06328125
0 0.1109375 0.0296875 0.0515625 0.059375
0 0.05234375 0.03125 0.053125 0.0609375
0 0.21875 0.03671875 0.04140625 0.01875
0 0.18203125 0.42109375 0.04140625 0.0640625
0 0.85703125 0.440625 0.06015625 0.05625
0 0.7421875 0.4375 0.0578125 0.0515625
0 0.2296875 0.3875 0.04453125 0.0234375
0 0.23203125 0.3625 0.03984375 0.021875
0 0.2671875 0.375 0.03515625 0.02421875
0 0.93046875 0.56796875 0.07421875 0.0265625
0 0.26875 0.43515625 0.03203125 0.0421875
0 0.30703125 0.4265625 0.03828125 0.06484375
0 0.32890625 0.375 0.04296875 0.02734375
0 0.7984375 0.440625 0.05078125 0.05
0 0.3625 0.375 0.02578125 0.0265625
0 0.3453125 0.43359375 0.03359375 0.0484375
0 0.3828125 0.4390625 0.0390625 0.0453125
0 0.471875 0.43984375 0.04140625 0.046875
0 0.515625 0.44453125 0.0484375 0.0328125
0 0.56328125 0.43125 0.04296875 0.0640625
0 0.61875 0.4375 0.06171875 0.0546875
0 0.68046875 0.43671875 0.06171875 0.053125
0 0.3625 0.3984375 0.02734375 0.021875
0 0.45 0.19453125 0.04921875 0.0390625
0 0.928125 0.1765625 0.0609375 0.109375
0 0.33984375 0.1828125 0.06171875 0.05546875
0 0.03828125 0.6671875 0.0546875 0.06484375
0 0.0296875 0.8015625 0.05078125 0.103125
0 0.084375 0.80703125 0.05859375 0.096875
0 0.14296875 0.80546875 0.059375 0.096875
0 0.20390625 0.80234375 0.06328125 0.10625
0 0.2609375 0.7984375 0.05078125 0.10390625
0 0.31328125 0.79765625 0.05234375 0.11015625
0 0.36796875 0.80078125 0.05078125 0.1078125
0 0.41875 0.79921875 0.0515625 0.11171875
0 0.471875 0.79921875 0.0515625 0.11171875
0 0.528125 0.8015625 0.05234375 0.1125
0 0.5875 0.8046875 0.06328125 0.1078125
0 0.64140625 0.8015625 0.04453125 0.1015625
0 0.09375 0.6625 0.05703125 0.0265625
0 0.68984375 0.80859375 0.04921875 0.1109375
0 0.78203125 0.80625 0.040625 0.1078125
0 0.82421875 0.80625 0.04375 0.103125
0 0.8703125 0.825 0.03671875 0.078125
0 0.91328125 0.809375 0.04375 0.10859375
0 0.9546875 0.8109375 0.03203125 0.1109375
0 0.9859375 0.8046875 0.02734375 0.1140625
0 0.484375 0.30859375 0.06328125 0.02890625
0 0.48515625 0.26953125 0.06171875 0.04765625
0 0.54609375 0.284375 0.05625 0.07890625
0 0.60703125 0.28828125 0.06015625 0.0828125
0 0.65390625 0.2890625 0.028125 0.0703125
0 0.3984375 0.19375 0.04609375 0.03515625
0 0.76953125 0.30078125 0.05703125 0.0734375
0 0.7359375 0.8046875 0.04453125 0.109375
0 0.09453125 0.6859375 0.05625 0.0203125
0 0.70703125 0.29609375 0.06484375 0.07890625
0 0.1546875 0.6875 0.06484375 0.0234375
0 0.15625 0.6640625 0.06640625 0.0234375
0 0.16640625 0.1828125 0.03828125 0.04296875
0 0.103125 0.153125 0.07265625 0.1078125
0 0.021875 0.278125 0.03984375 0.065625
0 0.0734375 0.278125 0.05859375 0.0765625
0 0.1328125 0.28125 0.06015625 0.075
0 0.1921875 0.2921875 0.0390625 0.0578125
0 0.23984375 0.2875 0.05234375 0.07109375
0 0.28515625 0.296875 0.03515625 0.0484375
0 0.31640625 0.29765625 0.03125 0.0484375
0 0.36328125 0.28359375 0.04765625 0.07890625
0 0.4203125 0.2875 0.06484375 0.07109375
0 0.9296875 0.540625 0.0734375 0.028125
0 0.20859375 0.18984375 0.03828125 0.03125
0 0.21875 0.68984375 0.0625 0.025
0 0.9828125 0.678125 0.03359375 0.0640625
0 0.2203125 0.6640625 0.06640625 0.02578125
0 0.28125 0.68046875 0.05546875 0.04765625
0 0.34140625 0.66484375 0.0546875 0.0765625
0 0.45859375 0.6546875 0.06484375 0.1
0 0.3984375 0.66875 0.05546875 0.06875
0 0.596875 0.65234375 0.08203125 0.10625
0 0.68046875 0.65703125 0.08203125 0.10625
0 0.77109375 0.6578125 0.09921875 0.09921875
0 0.8703125 0.675 0.08671875 0.06796875
0 0.94140625 0.68671875 0.05234375 0.0515625
0 0.5234375 0.65625 0.05859375 0.09453125