0 0.403125 0.7796875 0.078125 0.0859375
0 0.3421875 0.7953125 0.03203125 0.059375
0 0.2984375 0.79609375 0.053125 0.05859375
0 0.56640625 0.2078125 0.05703125 0.08359375
0 0.19453125 0.7984375 0.0484375 0.05625
0 0.7578125 0.78359375 0.0640625 0.059375
0 0.54765625 0.77734375 0.07734375 0.08046875
0 0.6203125 0.78515625 0.059375 0.06171875
0 0.68515625 0.20625 0.0578125 0.0859375
0 0.82421875 0.78359375 0.0671875 0.06015625
0 0.8890625 0.78828125 0.053125 0.05390625
0 0.94453125 0.765625 0.04375 0.0890625
0 0.98359375 0.7671875 0.0328125 0.08671875
0 0.984375 0.87265625 0.03046875 0.0921875
0 0.5109375 0.2140625 0.05234375 0.07734375
0 0.94453125 0.8734375 0.04609375 0.0875
0 0.47578125 0.790625 0.059375 0.06640625
0 0.45703125 0.2140625 0.05234375 0.08046875
0 0.3828125 0.3359375 0.06171875 0.07578125
0 0.346875 0.215625 0.04765625 0.0765625
0 0.453125 0.31953125 0.07265625 0.10625
0 0.8953125 0.8765625 0.0453125 0.0953125
0 0.31796875 0.321875 0.05703125 0.1015625
0 0.25703125 0.33984375 0.0609375 0.0625
0 0.2484375 0.29375 0.06484375 0.028125
0 0.17578125 0.3234375 0.0765625 0.103125
0 0.11328125 0.33125 0.0421875 0.09296875
0 0.07421875 0.33046875 0.03203125 0.09296875
0 0.40234375 0.215625 0.05625 0.07578125
0 0.021875 0.3296875 0.04140625 0.09296875
0 0.078125 0.215625 0.09921875 0.08203125
0 0.0828125 0.1421875 0.10859375 0.02109375
0 0.16015625 0.178125 0.03515625 0.021875
0 0.1609375 0.2234375 0.0390625 0.065625
0 0.2046875 0.13984375 0.0484375 0.04296875
0 0.20546875 0.21015625 0.0484375 0.0921875
0 0.253125 0.20859375 0.04765625 0.0890625
0 0.30234375 0.2203125 0.0421875 0.0625
0 0.07734375 0.1640625 0.10625 0.021875
0 0.85 0.87890625 0.03828125 0.09140625
0 0.53515625 0.04921875 0.04375 0.09765625
0 0.72578125 0.8796875 0.08671875 0.08046875
0 0.77734375 0.04765625 0.0484375 0.0953125
0 0.7265625 0.04765625 0.0453125 0.09375
0 0.68125 0.0484375 0.03828125 0.09453125
0 0.63046875 0.04921875 0.059375 0.0953125
0 0.57734375 0.05546875 0.034375 0.0828125
0 0.4875 0.05234375 0.04296875 0.10234375
0 0.42890625 0.06328125 0.0671875 0.02734375
0 0.09375 0.06171875 0.0578125 0.0859375
0 0.83671875 0.0796875 0.0671875 0.02734375
0 0.03203125 0.09375 0.0625 0.02421875
0 0.03203125 0.04296875 0.0609375 0.02578125
0 0.16484375 0.053125 0.08125 0.10546875
0 0.240625 0.0515625 0.06015625 0.10234375
0 0.3078125 0.0609375 0.06796875 0.0296875
0 0.3078125 0.090625 0.0578125 0.02578125
0 0.3734375 0.06640625 0.0421875 0.07109375
0 0.4328125 0.08984375 0.059375 0.02578125
0 0.51875 0.33671875 0.05390625 0.06875
0 0.03125 0.0671875 0.06015625 0.02265625
0 0.803125 0.87890625 0.05390625 0.09140625
0 0.91171875 0.075 0.078125 0.03828125
0 0.83984375 0.053125 0.06640625 0.02578125
0 0.64453125 0.87890625 0.07421875 0.07890625
0 0.5703125 0.88125 0.06953125 0.0765625
0 0.49765625 0.88203125 0.07578125 0.078125
0 0.4328125 0.8640625 0.05234375 0.0484375
0 0.328125 0.8890625 0.06796875 0.0953125
0 0.26015625 0.88828125 0.06484375 0.090625
0 0.19609375 0.88984375 0.06328125 0.09375
0 0.12890625 0.8890625 0.06875 0.08671875
0 0.975 0.0734375 0.04921875 0.0390625
0 0.06015625 0.89453125 0.0640625 0.0953125
0 0.74765625 0.2046875 0.0625 0.0875
0 0.80703125 0.20234375 0.04921875 0.08203125
0 0.86484375 0.20078125 0.06015625 0.08828125
0 0.9265625 0.20234375 0.0578125 0.07734375
0 0.97890625 0.2015625 0.0421875 0.07890625
0 0.9796875 0.02890625 0.040625 0.05234375
0 0.9140625 0.03359375 0.0796875 0.04140625
0 0.83828125 0.02578125 0.0640625 0.025
0 0.01171875 0.8953125 0.0234375 0.09140625
0 0.58046875 0.31796875 0.06484375 0.10546875
0 0.62734375 0.2078125 0.0546875 0.08359375
0 0.72265625 0.3140625 0.0671875 0.10234375
0 0.8234375 0.54765625 0.0890625 0.1
0 0.903125 0.55234375 0.0609375 0.084375
0 0.9671875 0.5453125 0.065625 0.09296875
0 0.903125 0.66796875 0.075 0.06640625
0 0.821875 0.66953125 0.078125 0.0640625
0 0.66328125 0.66015625 0.04765625 0.09375
0 0.6140625 0.66015625 0.03984375 0.08828125
0 0.57578125 0.66484375 0.03203125 0.08671875
0 0.540625 0.66328125 0.034375 0.08359375
0 0.50390625 0.66640625 0.03359375 0.0859375
0 0.46796875 0.6671875 0.03671875 0.08203125
0 0.43359375 0.66484375 0.03359375 0.08125
0 0.74375 0.5515625 0.05546875 0.08984375
0 0.3953125 0.66875 0.03984375 0.0875
0 0.31328125 0.671875 0.03984375 0.08984375
0 0.27421875 0.671875 0.0296875 0.08671875
0 0.24140625 0.67265625 0.03359375 0.08671875
0 0.20703125 0.6734375 0.034375 0.08671875
0 0.1484375 0.66953125 0.06015625 0.09296875
0 0.08984375 0.6703125 0.05078125 0.09765625
0 0.0359375 0.68359375 0.05703125 0.0734375
0 0.02109375 0.79609375 0.03984375 0.07109375
0 0.06171875 0.79453125 0.03203125 0.06796875
0 0.10390625 0.8 0.04375 0.0609375
0 0.15 0.79921875 0.04140625 0.059375
0 0.653125 0.32578125 0.06484375 0.0875
0 0.35390625 0.66640625 0.0375 0.0859375
0 0.67890625 0.5546875 0.071875 0.0890625
0 0.6859375 0.78671875 0.0734375 0.0640625
0 0.475 0.55625 0.0859375 0.090625
0 0.0453125 0.56171875 0.06640625 0.09609375
0 0.02109375 0.459375 0.04140625 0.08984375
0 0.0765625 0.45859375 0.06484375 0.0859375
0 0.1515625 0.45625 0.0703125 0.08515625
0 0.22578125 0.45546875 0.07578125 0.08671875
0 0.353125 0.4734375 0.11015625 0.0484375
0 0.3515625 0.42109375 0.1125 0.05078125
0 0.44375 0.440625 0.065625 0.109375
0 0.13046875 0.56875 0.0328125 0.06875
0 0.5046875 0.46171875 0.0515625 0.07109375
0 0.76875 0.403125 0.05859375 0.02734375
0 0.771875 0.45703125 0.065625 0.07265625
0 0.840625 0.43203125 0.06953125 0.10703125
0 0.9046875 0.446875 0.0546875 0.07265625
0 0.96484375 0.44296875 0.0625 0.0828125
0 0.93671875 0.30859375 0.075 0.10625
0 0.86640625 0.32578125 0.0625 0.07421875
0 0.553125 0.55546875 0.065625 0.0953125
0 0.665625 0.453125 0.06953125 0.07734375
0 0.1671875 0.57734375 0.040625 0.0609375
0 0.5765625 0.4359375 0.08203125 0.109375
0 0.79609375 0.31328125 0.06875 0.10625
0 0.31328125 0.575 0.034375 0.05625
0 0.27109375 0.578125 0.03671875 0.06015625
0 0.23125 0.5796875 0.03359375 0.0578125
0 0.2015625 0.5734375 0.02578125 0.05234375
0 0.2375 0.53359375 0.08125 0.0234375
0 0.35625 0.57421875 0.03984375 0.06328125