0 0.93359375 0.515625 0.0421875 0.0140625
0 0.93984375 0.6265625 0.05859375 0.01484375
0 0.940625 0.60625 0.0515625 0.0171875
0 0.93828125 0.5859375 0.05546875 0.0171875
0 0.92890625 0.559375 0.04765625 0.01875
0 0.9359375 0.53984375 0.0421875 0.0203125
0 0.95390625 0.65234375 0.04765625 0.0140625
0 0.9734375 0.41640625 0.053125 0.0203125
0 0.9296875 0.46796875 0.02890625 0.02265625
0 0.928125 0.4390625 0.025 0.02109375
0 0.1125 0.45703125 0.03984375 0.03203125
0 0.96640625 0.3953125 0.0671875 0.01953125
0 0.840625 0.3734375 0.025 0.0328125
0 0.8375 0.39921875 0.05390625 0.01640625
0 0.88984375 0.38203125 0.03359375 0.05546875
0 0.93046875 0.48984375 0.025 0.01953125
0 0.15625 0.45390625 0.03359375 0.0359375
0 0.434375 0.4578125 0.03046875 0.0375
0 0.29140625 0.45546875 0.0390625 0.0359375
0 0.28046875 0.54765625 0.053125 0.0171875
0 0.2234375 0.5375 0.04765625 0.03828125
0 0.16171875 0.5375 0.06484375 0.03515625
0 0.06484375 0.53828125 0.0390625 0.03125
0 0.028125 0.534375 0.03125 0.0375
0 0.82890625 0.44921875 0.0765625 0.03359375
0 0.77578125 0.46875 0.02578125 0.01484375
0 0.7375 0.4546875 0.04296875 0.04609375
0 0.63671875 0.471875 0.04140625 0.01171875
0 0.65078125 0.45859375 0.0640625 0.01171875
0 0.56015625 0.45703125 0.04296875 0.03125
0 0.5125 0.453125 0.0328125 0.03125
0 0.47421875 0.45859375 0.03671875 0.0375
0 0.39296875 0.45703125 0.03828125 0.0375
0 0.3359375 0.45625 0.04296875 0.03359375
0 0.20234375 0.45546875 0.04140625 0.03984375
0 0.6015625 0.4640625 0.03046875 0.015625
0 0.33984375 0.53515625 0.04609375 0.02578125
0 0.64609375 0.384375 0.04921875 0.0453125
0 0.33125 0.234375 0.0234375 0.0484375
0 0.3625 0.23515625 0.0265625 0.046875
0 0.4 0.2359375 0.02734375 0.04609375
0 0.48125 0.2359375 0.02421875 0.04375
0 0.5140625 0.23125 0.02578125 0.05625
0 0.5453125 0.23359375 0.028125 0.0546875
0 0.5796875 0.234375 0.0421875 0.0515625
0 0.62421875 0.23671875 0.03515625 0.04453125
0 0.6703125 0.2453125 0.04375 0.03359375
0 0.71484375 0.2453125 0.04296875 0.0328125
0 0.79375 0.2125 0.0390625 0.01640625
0 0.7921875 0.240625 0.025 0.03828125
0 0.8359375 0.2234375 0.03515625 0.0265625
0 0.8828125 0.2265625 0.0546875 0.02109375
0 0.83359375 0.24921875 0.03671875 0.025
0 0.875 0.25 0.0484375 0.0203125
0 0.9203125 0.2515625 0.040625 0.021875
0 0.97734375 0.2390625 0.0453125 0.046875
0 0.03515625 0.30546875 0.0703125 0.0171875
0 0.03828125 0.2921875 0.0625 0.01015625
0 0.10703125 0.3078125 0.0453125 0.046875
0 0.15078125 0.309375 0.0375 0.0421875
0 0.20703125 0.3078125 0.0390625 0.04765625
0 0.25 0.309375 0.04140625 0.046875
0 0.315625 0.31171875 0.03828125 0.040625
0 0.30078125 0.2328125 0.028125 0.0515625
0 0.6984375 0.38828125 0.0390625 0.040625
0 0.27109375 0.2328125 0.028125 0.04765625
0 0.21328125 0.2296875 0.021875 0.0484375
0 0.59296875 0.390625 0.03828125 0.0328125
0 0.5453125 0.3828125 0.03828125 0.04375
0 0.50703125 0.3828125 0.03203125 0.04375
0 0.4234375 0.38359375 0.0484375 0.0453125
0 0.3765625 0.3828125 0.040625 0.046875
0 0.334375 0.3828125 0.04140625 0.04453125
0 0.29375 0.3828125 0.0390625 0.0453125
0 0.253125 0.3828125 0.03671875 0.04765625
0 0.2125 0.38203125 0.03515625 0.04609375
0 0.06796875 0.3828125 0.0609375 0.03515625
0 0.01640625 0.38125 0.0328125 0.04453125
0 0.9625 0.30390625 0.059375 0.0140625
0 0.9609375 0.3296875 0.0515625 0.034375
0 0.9 0.3125 0.06328125 0.0453125
0 0.78515625 0.3125 0.04921875 0.04296875
0 0.840625 0.3125 0.0453125 0.04453125
0 0.7296875 0.3125 0.05234375 0.0484375
0 0.559375 0.3109375 0.0421875 0.0484375
0 0.484375 0.3125 0.04140625 0.0453125
0 0.4 0.3109375 0.0375 0.0453125
0 0.35859375 0.31015625 0.04296875 0.046875
0 0.04921875 0.23125 0.03828125 0.04765625
0 0.10546875 0.2296875 0.03515625 0.04765625
0 0.13984375 0.2328125 0.03125 0.046875
0 0.17421875 0.23125 0.02890625 0.053125
0 0.240625 0.23359375 0.02734375 0.0484375
0 0.2625 0.6171875 0.025 0.03359375
0 0.7515625 0.3890625 0.03359375 0.03984375
0 0.40625 0.5515625 0.05 0.01328125
0 0.40078125 0.77578125 0.0484375 0.0265625
0 0.45625 0.74375 0.04921875 0.03046875
0 0.4 0.74453125 0.04140625 0.0296875
0 0.08828125 0.76015625 0.08828125 0.0609375
0 0.8609375 0.68671875 0.06640625 0.05390625
0 0.790625 0.68671875 0.065625 0.05703125
0 0.4546875 0.77578125 0.04609375 0.02265625
0 0.7171875 0.68671875 0.08203125 0.05625
0 0.61484375 0.68515625 0.0328125 0.053125
0 0.58046875 0.6859375 0.028125 0.0421875
0 0.546875 0.6859375 0.03671875 0.05234375
0 0.50703125 0.6828125 0.0359375 0.04609375
0 0.453125 0.70234375 0.05390625 0.01484375
0 0.4515625 0.675 0.05078125 0.0203125
0 0.65234375 0.68046875 0.03203125 0.04609375
0 0.6171875 0.76328125 0.046875 0.05546875
0 0.66171875 0.76640625 0.03671875 0.04765625
0 0.70859375 0.76796875 0.0453125 0.05390625
0 0.94765625 0.0609375 0.10078125 0.0234375
0 0.40703125 0.03359375 0.0609375 0.06171875
0 0.3421875 0.0453125 0.04609375 0.04296875
0 0.26953125 0.0546875 0.034375 0.01640625
0 0.26796875 0.03359375 0.0375 0.021875
0 0.18984375 0.046875 0.0953125 0.0328125
0 0.12421875 0.04453125 0.02890625 0.0421875
0 0.03984375 0.0421875 0.034375 0.0390625
0 0.046875 0.48359375 0.090625 0.0390625
0 0.975 0.77109375 0.0296875 0.04140625
0 0.9140625 0.76953125 0.03203125 0.04296875
0 0.8703125 0.765625 0.034375 0.05
0 0.8328125 0.76484375 0.03203125 0.05078125
0 0.79765625 0.7671875 0.03359375 0.0515625
0 0.75546875 0.76875 0.0390625 0.04765625
0 0.4 0.68984375 0.02109375 0.03828125
0 0.37421875 0.68984375 0.01953125 0.03515625
0 0.0796875 0.04375 0.03984375 0.0390625
0 0.27890625 0.69765625 0.0984375 0.0140625
0 0.146875 0.61171875 0.02890625 0.05078125
0 0.115625 0.61328125 0.0296875 0.0546875
0 0.08203125 0.6171875 0.034375 0.04140625
0 0.0484375 0.6140625 0.0265625 0.03828125
0 0.015625 0.59765625 0.02578125 0.02421875
0 0.0171875 0.62421875 0.03125 0.0265625
0 0.784375 0.38984375 0.02734375 0.03671875
0 0.79609375 0.53984375 0.05625 0.04375
0 0.65625 0.54375 0.0453125 0.0265625
0 0.6 0.5265625 0.03203125 0.0421875
0 0.559375 0.54921875 0.05625 0.0171875
0 0.55 0.52734375 0.04765625 0.0234375
0 0.4546875 0.5296875 0.04140625 0.0359375
0 0.3484375 0.68828125 0.02265625 0.04296875
0 0.70546875 0.55390625 0.04921875 0.01484375
0 0.29375 0.615625 0.02421875 0.034375
0 0.6453125 0.5171875 0.053125 0.01796875
0 0.38359375 0.60703125 0.059375 0.04140625
0 0.325 0.6140625 0.0328125 0.04296875
0 0.1640625 0.70078125 0.11875 0.01171875
0 0.16875 0.6859375 0.11875 0.0109375
0 0.28203125 0.68046875 0.1 0.01328125
0 0.05703125 0.69140625 0.02890625 0.04765625
0 0.0265625 0.68046875 0.0234375 0.046875
0 0.82734375 0.63515625 0.06328125 0.01328125
0 0.08671875 0.69140625 0.03359375 0.05
0 0.75703125 0.62890625 0.053125 0.01953125
0 0.74375 0.60625 0.03984375 0.01953125
0 0.6875 0.62890625 0.053125 0.028125
0 0.61875 0.61875 0.0703125 0.04296875
0 0.54609375 0.61640625 0.06953125 0.046875
0 0.4609375 0.63359375 0.078125 0.0171875
0 0.8109375 0.61328125 0.05625 0.01875
0 0.46328125 0.5953125 0.06796875 0.0390625