0 0.171875 0.5140625 0.0875 0.02109375
0 0.1703125 0.490625 0.0875 0.02265625
0 0.16796875 0.46328125 0.06015625 0.01640625
0 0.0546875 0.51875 0.0328125 0.0234375
0 0.01796875 0.4984375 0.0359375 0.06328125
0 0.259375 0.48203125 0.0890625 0.03046875
0 0.975 0.475 0.0484375 0.0328125
0 0.9734375 0.509375 0.0515625 0.03046875
0 0.028125 0.59296875 0.05625 0.0296875
0 0.0296875 0.62265625 0.05859375 0.02734375
0 0.103125 0.59609375 0.0828125 0.02734375
0 0.103125 0.6234375 0.084375 0.0234375
0 0.05546875 0.49296875 0.0359375 0.02109375
0 0.2609375 0.5140625 0.0875 0.02890625
0 0.44765625 0.4875 0.0984375 0.02734375
0 0.35234375 0.51328125 0.0921875 0.02890625
0 0.1890625 0.5859375 0.08515625 0.02421875
0 0.45 0.515625 0.09609375 0.02578125
0 0.54765625 0.4890625 0.0953125 0.028125
0 0.546875 0.5171875 0.096875 0.02421875
0 0.903125 0.51328125 0.0796875 0.02578125
0 0.9046875 0.4859375 0.078125 0.02578125
0 0.821875 0.51328125 0.08046875 0.025
0 0.821875 0.4875 0.08203125 0.02734375
0 0.73125 0.51484375 0.0984375 0.025
0 0.73046875 0.4875 0.1 0.02734375
0 0.6375 0.5109375 0.0796875 0.02890625
0 0.6375 0.47890625 0.0796875 0.03125
0 0.85234375 0.8125 0.0171875 0.0203125
0 0.3515625 0.48046875 0.090625 0.028125
0 0.1890625 0.60859375 0.084375 0.01875
0 0.4578125 0.77890625 0.1015625 0.0203125
0 0.246875 0.60625 0.03046875 0.07265625
0 0.1765625 0.7 0.059375 0.02109375
0 0.259375 0.70078125 0.1046875 0.05
0 0.36484375 0.6890625 0.103125 0.02578125
0 0.3640625 0.71484375 0.103125 0.025
0 0.4640625 0.7015625 0.0921875 0.05703125
0 0.56015625 0.6890625 0.09296875 0.02734375
0 0.56015625 0.71875 0.09140625 0.02578125
0 0.6546875 0.69296875 0.09453125 0.02734375
0 0.6546875 0.71953125 0.09296875 0.025
0 0.74609375 0.68359375 0.0890625 0.02421875
0 0.75078125 0.725 0.09375 0.0234375
0 0.84765625 0.7 0.09375 0.02265625
0 0.846875 0.72421875 0.0921875 0.02265625
0 0.94765625 0.6921875 0.1046875 0.0296875
0 0.94765625 0.721875 0.1046875 0.0296875
0 0.01015625 0.75234375 0.0203125 0.01953125
0 0.01171875 0.78984375 0.021875 0.0203125
0 0.06640625 0.76640625 0.08671875 0.02109375
0 0.06796875 0.7890625 0.0828125 0.0203125
0 0.15390625 0.76328125 0.084375 0.028125
0 0.1546875 0.79140625 0.08515625 0.02578125
0 0.253125 0.7953125 0.1 0.02109375
0 0.3546875 0.775 0.10234375 0.02578125
0 0.35546875 0.79921875 0.1015625 0.02265625
0 0.4578125 0.80078125 0.10078125 0.02109375
0 0.1765625 0.67734375 0.059375 0.02109375
0 0.12734375 0.69765625 0.0328125 0.0234375
0 0.128125 0.67421875 0.03359375 0.02109375
0 0.0546875 0.7078125 0.08125 0.025
0 0.284375 0.5984375 0.0296875 0.0671875
0 0.31640625 0.5984375 0.03046875 0.07421875
0 0.34609375 0.59921875 0.02734375 0.071875
0 0.37421875 0.603125 0.0265625 0.07734375
0 0.403125 0.6046875 0.03125 0.07890625
0 0.4671875 0.59765625 0.0890625 0.03046875
0 0.834375 0.8125 0.0171875 0.02109375
0 0.46796875 0.63359375 0.090625 0.02421875
0 0.5625 0.61171875 0.0953125 0.021875
0 0.56328125 0.63515625 0.0921875 0.02109375
0 0.659375 0.61796875 0.09921875 0.06015625
0 0.759375 0.61875 0.0984375 0.059375
0 0.1890625 0.62890625 0.0828125 0.02109375
0 0.85234375 0.57265625 0.0953125 0.02421875
0 0.834375 0.7890625 0.01640625 0.02421875
0 0.7734375 0.79921875 0.10234375 0.04453125
0 0.66796875 0.81015625 0.103125 0.0234375
0 0.93984375 0.39375 0.10078125 0.07109375
0 0.66875 0.78671875 0.10625 0.0234375
0 0.5625 0.8078125 0.10234375 0.0203125
0 0.56171875 0.784375 0.103125 0.02265625
0 0.85859375 0.6109375 0.0953125 0.02265625
0 0.8578125 0.63671875 0.096875 0.02421875
0 0.95234375 0.59609375 0.0953125 0.0296875
0 0.9546875 0.63515625 0.090625 0.0234375
0 0.05234375 0.6828125 0.0859375 0.0234375
0 0.853125 0.7890625 0.01875 0.02421875
0 0.834375 0.41171875 0.1015625 0.03203125
0 0.6203125 0.2546875 0.0828125 0.03515625
0 0.7296875 0.4140625 0.1015625 0.03203125
0 0.1578125 0.93125 0.0921875 0.01796875
0 0.15703125 0.9125 0.09375 0.01640625
0 0.1546875 0.89140625 0.0953125 0.021875
0 0.06015625 0.92578125 0.0984375 0.02109375
0 0.05859375 0.90703125 0.0953125 0.01796875
0 0.0578125 0.8859375 0.09609375 0.0234375
0 0.05625 0.8640625 0.09765625 0.01953125
0 0.03828125 0.1328125 0.0765625 0.03515625
0 0.040625 0.16796875 0.08125 0.03359375
0 0.1265625 0.11171875 0.09921875 0.02421875
0 0.128125 0.13828125 0.1 0.025
0 0.1296875 0.16875 0.096875 0.034375
0 0.22265625 0.12890625 0.0765625 0.03515625
0 0.2203125 0.16484375 0.084375 0.03359375
0 0.31171875 0.128125 0.0984375 0.0328125
0 0.3109375 0.165625 0.1 0.03515625
0 0.403125 0.090625 0.0890625 0.02890625
0 0.4140625 0.1234375 0.1046875 0.03671875
0 0.415625 0.1625 0.1046875 0.0359375
0 0.8359375 0.378125 0.103125 0.03515625
0 0.5125 0.1609375 0.0875 0.0359375
0 0.6 0.121875 0.0875 0.0375
0 0.6 0.16015625 0.0828125 0.0359375
0 0.2390625 0.8625 0.0796875 0.02109375
0 0.65859375 0.1171875 0.025 0.12265625
0 0.240625 0.88515625 0.07578125 0.02109375
0 0.24453125 0.928125 0.08125 0.0203125
0 0.93359375 0.78671875 0.1078125 0.02265625
0 0.15625 0.04296875 0.03984375 0.06796875
0 0.1171875 0.0453125 0.0359375 0.0640625
0 0.075 0.04609375 0.0390625 0.065625
0 0.0265625 0.0421875 0.053125 0.07734375
0 0.97578125 0.90859375 0.04609375 0.084375
0 0.9265625 0.91171875 0.04296875 0.08359375
0 0.88046875 0.90859375 0.040625 0.08515625
0 0.83359375 0.90859375 0.0515625 0.08359375
0 0.78359375 0.90703125 0.04375 0.08671875
0 0.70546875 0.934375 0.10625 0.025
0 0.70625 0.9078125 0.1078125 0.02421875
0 0.7078125 0.88125 0.10703125 0.0265625
0 0.60078125 0.9328125 0.1 0.01953125
0 0.6 0.9109375 0.10078125 0.02265625
0 0.5140625 0.93359375 0.06953125 0.02265625
0 0.5140625 0.90859375 0.06875 0.02421875
0 0.5140625 0.88515625 0.0703125 0.02421875
0 0.43125 0.934375 0.09609375 0.02109375
0 0.43046875 0.9140625 0.096875 0.01796875
0 0.4296875 0.89453125 0.09765625 0.01953125
0 0.334375 0.93125 0.0953125 0.02109375
0 0.3328125 0.90703125 0.0953125 0.02421875
0 0.24296875 0.90625 0.078125 0.02109375
0 0.71796875 0.11875 0.08671875 0.0359375
0 0.5125 0.12421875 0.0859375 0.03359375
0 0.81640625 0.115625 0.1078125 0.03828125
0 0.0203125 0.4140625 0.03984375 0.02265625
0 0.0875 0.36484375 0.02890625 0.078125
0 0.09453125 0.43125 0.0296875 0.04375
0 0.7171875 0.15703125 0.084375 0.03671875
0 0.103125 0.528125 0.02578125 0.03828125
0 0.10078125 0.56953125 0.0171875 0.02890625
0 0.05078125 0.36015625 0.025 0.05546875
0 0.0515625 0.41328125 0.0203125 0.040625
0 0.0609375 0.46171875 0.0203125 0.03671875
0 0.0671875 0.5546875 0.025 0.03828125
0 0.15625 0.3734375 0.10390625 0.0390625
0 0.15859375 0.41171875 0.0984375 0.03671875
0 0.25546875 0.38359375 0.09375 0.034375
0 0.25625 0.415625 0.0875 0.03046875
0 0.3453125 0.3875 0.084375 0.03046875
0 0.34609375 0.41796875 0.0859375 0.028125
0 0.43125 0.3890625 0.084375 0.03359375
0 0.43203125 0.41953125 0.08203125 0.03046875
0 0.525 0.390625 0.1 0.0296875
0 0.525 0.41796875 0.0984375 0.025
0 0.6265625 0.38125 0.10078125 0.03046875
0 0.6265625 0.4125 0.09921875 0.03046875
0 0.73125 0.38046875 0.10390625 0.02734375
0 0.01875 0.3890625 0.03671875 0.02734375
0 0.0171875 0.36328125 0.03359375 0.021875
0 0.1 0.47734375 0.02265625 0.04375
0 0.978125 0.24453125 0.04375 0.03125
0 0.815625 0.15703125 0.10859375 0.040625
0 0.91640625 0.13828125 0.0890625 0.07890625
0 0.97578125 0.11640625 0.0265625 0.1171875
0 0.03203125 0.27265625 0.0640625 0.028125
0 0.03203125 0.3 0.0640625 0.02421875
0 0.1234375 0.2640625 0.1125 0.03046875
0 0.9765625 0.28046875 0.046875 0.03671875
0 0.240625 0.2296875 0.11640625 0.02890625
0 0.23984375 0.26171875 0.11875 0.03046875
0 0.24140625 0.29140625 0.11640625 0.028125
0 0.34296875 0.2515625 0.0828125 0.03515625
0 0.12421875 0.29375 0.1140625 0.028125
0 0.428125 0.25 0.08515625 0.03359375
0 0.90859375 0.28046875 0.084375 0.034375
0 0.34453125 0.28671875 0.0828125 0.03515625
0 0.9125 0.24296875 0.084375 0.0328125
0 0.80625 0.284375 0.10625 0.03203125
0 0.8078125 0.253125 0.10703125 0.03046875
0 0.928125 0.8125 0.109375 0.028125
0 0.70703125 0.253125 0.0859375 0.0296875
0 0.61953125 0.2875 0.0828125 0.03046875
0 0.52421875 0.2859375 0.103125 0.03828125
0 0.525 0.246875 0.103125 0.03671875
0 0.4296875 0.28671875 0.08203125 0.03671875
0 0.70625 0.28671875 0.08515625 0.03203125