0 0.46484375 0.92109375 0.09296875 0.0421875
0 0.5671875 0.928125 0.09453125 0.03828125
0 0.36875 0.91796875 0.08984375 0.0421875
0 0.27578125 0.88203125 0.065625 0.0078125
0 0.6359375 0.91796875 0.03515625 0.05390625
0 0.2734375 0.86953125 0.07578125 0.009375
0 0.88125 0.90703125 0.10546875 0.046875
0 0.77421875 0.921875 0.071875 0.0421875
0 0.28046875 0.89296875 0.07890625 0.00703125
0 0.96875 0.36875 0.06171875 0.1015625
0 0.89609375 0.384375 0.08359375 0.0578125
0 0.815625 0.3640625 0.06171875 0.09296875
0 0.753125 0.371875 0.04609375 0.08046875
0 0.696875 0.9171875 0.07265625 0.0453125
0 0.28046875 0.903125 0.0609375 0.00859375
0 0.62265625 0.7578125 0.1140625 0.0375
0 0.1921875 0.90703125 0.07734375 0.015625
0 0.403125 0.78671875 0.103125 0.04140625
0 0.29609375 0.78359375 0.09765625 0.03984375
0 0.18359375 0.78515625 0.103125 0.046875
0 0.209375 0.72578125 0.1078125 0.03125
0 0.0984375 0.778125 0.05390625 0.04765625
0 0.6265625 0.7953125 0.10546875 0.03125
0 0.6859375 0.38359375 0.06875 0.0625
0 0.7078125 0.7875 0.05546875 0.04609375
0 0.76328125 0.78984375 0.04296875 0.04609375
0 0.81875 0.78515625 0.0375 0.05078125
0 0.86640625 0.78125 0.0359375 0.05078125
0 0.92109375 0.77578125 0.05546875 0.07890625
0 0.97109375 0.80546875 0.03984375 0.01171875
0 0.9734375 0.7921875 0.04375 0.0125
0 0.975 0.775 0.04375 0.01484375
0 0.28046875 0.9125 0.0703125 0.00703125
0 0.603125 0.378125 0.08515625 0.05703125
0 0.9421875 0.0515625 0.08984375 0.0078125
0 0.425 0.334375 0.0921875 0.03515625
0 0.4921875 0.03359375 0.0640625 0.06640625
0 0.4234375 0.03359375 0.0625 0.06484375
0 0.36015625 0.034375 0.05546875 0.0640625
0 0.29453125 0.0328125 0.0625 0.0640625
0 0.24453125 0.03359375 0.025 0.0578125
0 0.175 0.0125 0.0890625 0.01640625
0 0.81796875 0.209375 0.04296875 0.08125
0 0.18203125 0.028125 0.08828125 0.0125
0 0.7578125 0.2 0.06953125 0.09921875
0 0.09921875 0.0578125 0.0703125 0.0125
0 0.18125 0.05703125 0.08046875 0.0109375
0 0.18203125 0.0421875 0.084375 0.0140625
0 0.51484375 0.78671875 0.10390625 0.04296875
0 0.02578125 0.05546875 0.05078125 0.01328125
0 0.0984375 0.04375 0.0796875 0.0125
0 0.8671875 0.21171875 0.03046875 0.078125
0 0.9140625 0.19765625 0.04375 0.10546875
0 0.96328125 0.196875 0.04140625 0.1078125
0 0.4046875 0.38671875 0.09296875 0.046875
0 0.3234375 0.36015625 0.06640625 0.09375
0 0.34609375 0.29375 0.0625 0.03125
0 0.24375 0.31484375 0.0828125 0.06328125
0 0.24609375 0.37890625 0.0828125 0.05703125
0 0.1703125 0.3125 0.05625 0.05703125
0 0.1609375 0.3734375 0.0703125 0.05625
0 0.08046875 0.37265625 0.06953125 0.0578125
0 0.0859375 0.30859375 0.10546875 0.0640625
0 0.71875 0.034375 0.06015625 0.06796875
0 0.9453125 0.0203125 0.08359375 0.01171875
0 0.9421875 0.0359375 0.08046875 0.015625
0 0.9421875 0.065625 0.0890625 0.0109375
0 0.6484375 0.034375 0.06328125 0.065625
0 0.57578125 0.0359375 0.0734375 0.0703125
0 0.509375 0.38125 0.103125 0.05
0 0.08046875 0.64296875 0.05625 0.0734375
0 0.46484375 0.19453125 0.08046875 0.01328125
0 0.165625 0.646875 0.05 0.0640625
0 0.4640625 0.21171875 0.08046875 0.0140625
0 0.54765625 0.19375 0.08125 0.01171875
0 0.5453125 0.20625 0.078125 0.009375
0 0.54375 0.21953125 0.078125 0.009375
0 0.54375 0.23125 0.078125 0.009375
0 0.54375 0.24296875 0.078125 0.009375
0 0.78203125 0.03359375 0.059375 0.0671875
0 0.625 0.2421875 0.078125 0.009375
0 0.62421875 0.2171875 0.07265625 0.0109375
0 0.625 0.203125 0.071875 0.01015625
0 0.69296875 0.1921875 0.046875 0.0109375
0 0.69453125 0.2078125 0.05625 0.009375
0 0.69140625 0.2203125 0.05390625 0.0109375
0 0.69140625 0.23046875 0.0546875 0.009375
0 0.625 0.2296875 0.07265625 0.01015625
0 0.6890625 0.2421875 0.04375 0.01015625
0 0.946875 0.00703125 0.0859375 0.01171875
0 0.075 0.203125 0.03046875 0.08046875
0 0.46484375 0.17734375 0.08046875 0.01328125
0 0.46796875 0.16171875 0.08046875 0.01328125
0 0.46640625 0.1453125 0.0828125 0.0140625
0 0.47265625 0.12890625 0.08203125 0.01328125
0 0.46015625 0.240625 0.0765625 0.0109375
0 0.38984375 0.203125 0.06015625 0.084375
0 0.03359375 0.20078125 0.04140625 0.08359375
0 0.3234375 0.21015625 0.06953125 0.07421875
0 0.165625 0.20078125 0.01796875 0.08125
0 0.20390625 0.20234375 0.05390625 0.07890625
0 0.4625 0.2265625 0.08046875 0.01328125
0 0.54921875 0.165625 0.08046875 0.01328125
0 0.54765625 0.1796875 0.0828125 0.0109375
0 0.1234375 0.2015625 0.059375 0.08515625
0 0.2625 0.21796875 0.046875 0.05
0 0.98359375 0.5015625 0.03203125 0.09375
0 0.928125 0.50546875 0.06328125 0.09765625
0 0.85546875 0.51171875 0.04453125 0.07890625
0 0.73046875 0.659375 0.04375 0.05234375
0 0.68515625 0.66015625 0.04375 0.0484375
0 0.6359375 0.6703125 0.03046875 0.034375
0 0.584375 0.67109375 0.05546875 0.02890625
0 0.58828125 0.6390625 0.0515625 0.0234375
0 0.5375 0.64765625 0.02421875 0.07890625
0 0.79140625 0.66953125 0.078125 0.0375
0 0.5078125 0.65703125 0.0265625 0.05703125
0 0.421875 0.6546875 0.0390625 0.0546875
0 0.38046875 0.6625 0.03984375 0.04609375
0 0.33046875 0.6609375 0.04296875 0.046875
0 0.29140625 0.66015625 0.03359375 0.05390625
0 0.25546875 0.653125 0.0296875 0.0515625
0 0.21484375 0.65 0.0375 0.06328125
0 0.4671875 0.65 0.03515625 0.0625
0 0.71875 0.59453125 0.05 0.034375
0 0.8921875 0.6703125 0.10859375 0.028125
0 0.97421875 0.66875 0.0515625 0.0328125
0 0.7984375 0.50703125 0.0484375 0.09375
0 0.7421875 0.5171875 0.04765625 0.065625
0 0.68125 0.51015625 0.053125 0.0875
0 0.609375 0.54453125 0.05546875 0.00703125
0 0.6140625 0.534375 0.0625 0.0109375
0 0.55390625 0.515625 0.046875 0.07734375
0 0.5625 0.459375 0.06015625 0.03125
0 0.49453125 0.5140625 0.05546875 0.075
0 0.4359375 0.51484375 0.0484375 0.06875
0 0.37734375 0.50703125 0.0640625 0.0796875
0 0.315625 0.509375 0.06015625 0.07734375
0 0.2109375 0.496875 0.025 0.08515625
0 0.2546875 0.509375 0.05703125 0.0765625
0 0.15234375 0.51484375 0.0875 0.0703125
0 0.06796875 0.50546875 0.0640625 0.0859375
0 0.12578125 0.64453125 0.02109375 0.06796875
0 0.859375 0.03515625 0.06328125 0.06875