0 0.3421875 0.103125 0.0453125 0.09921875
0 0.38125 0.10078125 0.03203125 0.103125
0 0.42109375 0.09375 0.046875 0.10546875
0 0.2984375 0.11328125 0.03046875 0.0875
0 0.56328125 0.55 0.05546875 0.08046875
0 0.2203125 0.12421875 0.02421875 0.090625
0 0.17265625 0.1296875 0.04765625 0.0921875
0 0.4921875 0.084375 0.0609375 0.11640625
0 0.2515625 0.12421875 0.03046875 0.0859375
0 0.546875 0.0796875 0.02265625 0.121875
0 0.56484375 0.23125 0.04453125 0.103125
0 0.63125 0.06640625 0.04375 0.1234375
0 0.28828125 0.2375 0.0359375 0.09609375
0 0.365625 0.234375 0.05859375 0.0953125
0 0.46640625 0.2390625 0.02578125 0.09375
0 0.50078125 0.23515625 0.03828125 0.1015625
0 0.60703125 0.70703125 0.02421875 0.0875
0 0.6140625 0.22265625 0.0453125 0.11875
0 0.58671875 0.06953125 0.04609375 0.125
0 0.68203125 0.2265625 0.04765625 0.115625
0 0.809375 0.2171875 0.07890625 0.12265625
0 0.91875 0.209375 0.12109375 0.1375
0 0.9671875 0.05 0.06015625 0.0953125
0 0.87734375 0.05234375 0.06484375 0.1
0 0.809375 0.05859375 0.059375 0.1078125
0 0.67734375 0.06171875 0.04765625 0.11484375
0 0.7328125 0.2203125 0.04609375 0.1203125
0 0.64765625 0.7375 0.05 0.075
0 0.64609375 0.8625 0.09375 0.0984375
0 0.778125 0.68125 0.08203125 0.0359375
0 0.0296875 0.15078125 0.0328125 0.07578125
0 0.06640625 0.1484375 0.0375 0.0796875
0 0.1 0.15 0.02578125 0.0765625
0 0.1296875 0.13515625 0.0359375 0.0890625
0 0.08671875 0.66171875 0.03359375 0.06015625
0 0.12265625 0.6796875 0.03984375 0.059375
0 0.08828125 0.61953125 0.04140625 0.0234375
0 0.1265625 0.63046875 0.040625 0.025
0 0.15546875 0.6890625 0.01875 0.05859375
0 0.175 0.6953125 0.02265625 0.0640625
0 0.203125 0.70625 0.02890625 0.0609375
0 0.23046875 0.7015625 0.01796875 0.0640625
0 0.26015625 0.73125 0.03125 0.0578125
0 0.3015625 0.74296875 0.02578125 0.071875
0 0.33203125 0.7484375 0.03515625 0.0828125
0 0.36953125 0.75078125 0.03203125 0.09609375
0 0.3984375 0.7421875 0.02734375 0.07734375
0 0.6234375 0.55 0.05390625 0.11015625
0 0.878125 0.7125 0.1140625 0.0296875
0 0.85625 0.784375 0.10078125 0.1046875
0 0.7546875 0.75625 0.0875 0.1046875
0 0.84765625 0.8546875 0.08359375 0.02421875
0 0.7515625 0.8421875 0.10078125 0.03515625
0 0.6984375 0.6765625 0.04296875 0.0359375
0 0.85234375 0.921875 0.09296875 0.09765625
0 0.31796875 0.234375 0.01953125 0.0953125
0 0.5546875 0.8359375 0.07734375 0.09296875
0 0.4984375 0.796875 0.02421875 0.0359375
0 0.496875 0.834375 0.02421875 0.03828125
0 0.4640625 0.7890625 0.03828125 0.09375
0 0.42890625 0.76640625 0.03125 0.103125
0 0.7453125 0.90859375 0.08828125 0.0921875
0 0.2609375 0.2375 0.01484375 0.0875
0 0.8890625 0.68515625 0.10078125 0.0234375
0 0.1984375 0.24296875 0.0203125 0.0828125
0 0.009375 0.5625 0.01796875 0.0265625
0 0.0265625 0.56640625 0.01328125 0.025
0 0.06171875 0.57109375 0.05859375 0.034375
0 0.11484375 0.571875 0.03984375 0.0671875
0 0.1296875 0.525 0.03671875 0.01796875
0 0.06015625 0.509375 0.02890625 0.0140625
0 0.065625 0.52734375 0.0296875 0.01875
0 0.06328125 0.5453125 0.03203125 0.0171875
0 0.1578125 0.525 0.03828125 0.0109375
0 0.1609375 0.540625 0.03359375 0.01796875
0 0.15546875 0.5828125 0.0296875 0.0609375
0 0.18359375 0.5875 0.02265625 0.06796875
0 0.209375 0.590625 0.02890625 0.0765625
0 0.2375 0.5875 0.02578125 0.07421875
0 0.26015625 0.60703125 0.01953125 0.0890625
0 0.28671875 0.6109375 0.03046875 0.0890625
0 0.31171875 0.6109375 0.02421875 0.0875
0 0.02890625 0.53359375 0.03828125 0.0328125
0 0.89609375 0.590625 0.0625 0.13125
0 0.83046875 0.5734375 0.05234375 0.134375
0 0.76015625 0.56640625 0.065625 0.1328125
0 0.5140625 0.5296875 0.0390625 0.10625
0 0.4515625 0.5171875 0.03515625 0.1015625
0 0.48203125 0.5140625 0.02265625 0.1046875
0 0.41484375 0.51015625 0.03046875 0.0984375
0 0.3796875 0.5078125 0.03515625 0.09609375
0 0.35078125 0.5015625 0.02578125 0.09375
0 0.2234375 0.2390625 0.02734375 0.08984375
0 0.27734375 0.48671875 0.028125 0.084375
0 0.33984375 0.615625 0.028125 0.0953125
0 0.24375 0.4828125 0.02890625 0.0890625
0 0.16875 0.47421875 0.0265625 0.08359375
0 0.14140625 0.4640625 0.01640625 0.0828125
0 0.115625 0.45703125 0.028125 0.07890625
0 0.0828125 0.45234375 0.02578125 0.07421875
0 0.05703125 0.45 0.02109375 0.07265625
0 0.0234375 0.43515625 0.04296875 0.0984375
0 0.71640625 0.553125 0.01796875 0.1171875
0 0.6796875 0.55 0.0484375 0.1109375
0 0.20546875 0.4765625 0.03359375 0.08515625
0 0.371875 0.63125 0.03359375 0.090625
0 0.3125 0.4890625 0.0328125 0.0859375
0 0.45 0.66640625 0.0484375 0.084375
0 0.221875 0.334375 0.0234375 0.0484375
0 0.196875 0.33359375 0.02421875 0.0484375
0 0.1671875 0.3328125 0.0328125 0.046875
0 0.2125 0.3828125 0.02421875 0.0453125
0 0.18828125 0.378125 0.02265625 0.0375
0 0.16875 0.378125 0.01640625 0.03984375
0 0.14765625 0.3765625 0.0234375 0.03828125
0 0.125 0.35390625 0.02421875 0.09375
0 0.246875 0.33203125 0.02109375 0.040625
0 0.09609375 0.35 0.03125 0.07421875
0 0.015625 0.3453125 0.03046875 0.0703125
0 0.01640625 0.2484375 0.0296875 0.0765625
0 0.040625 0.25 0.01328125 0.0765625
0 0.06171875 0.24375 0.03125 0.084375
0 0.09609375 0.2421875 0.03828125 0.0859375
0 0.12578125 0.246875 0.02265625 0.08125
0 0.15234375 0.2453125 0.0359375 0.0765625
0 0.40546875 0.6453125 0.028125 0.096875
0 0.0671875 0.35 0.0265625 0.0734375
0 0.26875 0.303125 0.01953125 0.0171875
0 0.57265625 0.7078125 0.04140625 0.071875
0 0.29609375 0.33125 0.02578125 0.04375
0 0.27109375 0.33515625 0.02421875 0.04609375
0 0.46484375 0.60390625 0.015625 0.034375
0 0.509375 0.68515625 0.06484375 0.08984375
0 0.5203125 0.6171875 0.0171875 0.03984375
0 0.53671875 0.61953125 0.01796875 0.03984375
0 0.55859375 0.6234375 0.02578125 0.034375
0 0.63125 0.63046875 0.04296875 0.02265625
0 0.91328125 0.3953125 0.0578125 0.1421875
0 0.85 0.39140625 0.05859375 0.134375
0 0.50390625 0.6140625 0.01484375 0.0375
0 0.7359375 0.38359375 0.05703125 0.13125
0 0.6203125 0.403125 0.16484375 0.0875
0 0.51328125 0.36875 0.03359375 0.1109375
0 0.4359375 0.3734375 0.0390625 0.09375
0 0.38828125 0.36796875 0.03828125 0.096875
0 0.34375 0.3703125 0.03515625 0.08671875
0 0.28984375 0.384375 0.02890625 0.04296875
0 0.2640625 0.38359375 0.0203125 0.04453125
0 0.79453125 0.390625 0.03046875 0.1328125
0 0.23984375 0.38125 0.021875 0.040625