0 0.83203125 0.13125 0.06640625 0.0671875
0 0.15390625 0.134375 0.1 0.025
0 0.3140625 0.115625 0.08984375 0.06875
0 0.4 0.11640625 0.078125 0.0703125
0 0.48046875 0.1203125 0.0765625 0.0671875
0 0.5640625 0.12109375 0.08359375 0.0671875
0 0.56328125 0.075 0.07734375 0.02421875
0 0.9625 0.1203125 0.04453125 0.146875
0 0.559375 0.0234375 0.08046875 0.0265625
0 0.634375 0.12734375 0.05390625 0.06015625
0 0.70234375 0.125 0.08046875 0.0671875
0 0.77109375 0.12578125 0.053125 0.0671875
0 0.91953125 0.11796875 0.04140625 0.14296875
0 0.56171875 0.05 0.07578125 0.02734375
0 0.165625 0.378125 0.08515625 0.0109375
0 0.06484375 0.1171875 0.071875 0.0625
0 0.653125 0.65234375 0.06328125 0.034375
0 0.72265625 0.64453125 0.06796875 0.0421875
0 0.7875 0.6421875 0.05859375 0.0390625
0 0.85703125 0.6328125 0.07421875 0.0484375
0 0.94921875 0.653125 0.04296875 0.0453125
0 0.91171875 0.65703125 0.03203125 0.040625
0 0.92890625 0.56796875 0.075 0.06015625
0 0.83125 0.575 0.08671875 0.03359375
0 0.75234375 0.5859375 0.06875 0.03046875
0 0.740625 0.559375 0.07578125 0.021875
0 0.02578125 0.628125 0.0515625 0.0328125
0 0.08359375 0.62109375 0.06171875 0.0421875
0 0.5875 0.6609375 0.06171875 0.03671875
0 0.1484375 0.61796875 0.06015625 0.0421875
0 0.27265625 0.61484375 0.08515625 0.0515625
0 0.3578125 0.60703125 0.0796875 0.05
0 0.52109375 0.59765625 0.07578125 0.04375
0 0.59921875 0.590625 0.07421875 0.0453125
0 0.66953125 0.5828125 0.06328125 0.05078125
0 0.0421875 0.5515625 0.08046875 0.046875
0 0.13203125 0.54609375 0.09296875 0.0453125
0 0.225 0.5421875 0.08828125 0.0375
0 0.31484375 0.53359375 0.0796875 0.04375
0 0.39609375 0.5296875 0.0828125 0.0453125
0 0.48046875 0.52734375 0.07890625 0.03984375
0 0.55859375 0.5265625 0.07734375 0.03359375
0 0.20078125 0.60625 0.04296875 0.053125
0 0.634375 0.521875 0.07421875 0.03203125
0 0.525 0.66796875 0.059375 0.03125
0 0.28203125 0.6859375 0.09453125 0.03828125
0 0.0484375 0.8953125 0.08828125 0.08515625
0 0.1328125 0.8859375 0.07890625 0.078125
0 0.21875 0.87421875 0.07890625 0.0765625
0 0.30859375 0.84921875 0.07421875 0.103125
0 0.390625 0.834375 0.0796875 0.096875
0 0.4703125 0.8234375 0.07109375 0.1046875
0 0.546875 0.8171875 0.0734375 0.1046875
0 0.621875 0.809375 0.0703125 0.096875
0 0.7015625 0.7984375 0.07890625 0.09921875
0 0.778125 0.78359375 0.06328125 0.1015625
0 0.84140625 0.775 0.06015625 0.0953125
0 0.81953125 0.68984375 0.08125 0.0390625
0 0.3796875 0.675 0.090625 0.03828125
0 0.7296875 0.6984375 0.09296875 0.040625
0 0.5515625 0.71796875 0.0875 0.0421875
0 0.4640625 0.7234375 0.08828125 0.0546875
0 0.3734375 0.734375 0.0921875 0.0390625
0 0.03515625 0.79609375 0.0703125 0.0765625
0 0.11171875 0.790625 0.07578125 0.0703125
0 0.18984375 0.784375 0.07421875 0.0671875
0 0.278125 0.7515625 0.09609375 0.053125
0 0.06015625 0.70390625 0.03984375 0.06953125
0 0.09921875 0.7 0.03515625 0.0640625
0 0.13671875 0.69375 0.03671875 0.06875
0 0.1734375 0.69140625 0.0328125 0.06171875
0 0.21171875 0.68515625 0.03984375 0.0671875
0 0.6375 0.7078125 0.0859375 0.0546875
0 0.709375 0.5171875 0.06796875 0.03359375
0 0.46015625 0.66953125 0.06015625 0.03984375
0 0.8609375 0.509375 0.06640625 0.0359375
0 0.68828125 0.30625 0.07578125 0.0265625
0 0.690625 0.2796875 0.0796875 0.025
0 0.77265625 0.28671875 0.08203125 0.02265625
0 0.95390625 0.35 0.08828125 0.12265625
0 0.0484375 0.334375 0.09609375 0.03203125
0 0.15078125 0.3328125 0.10234375 0.034375
0 0.253125 0.3125 0.09140625 0.02421875
0 0.25546875 0.28828125 0.09609375 0.0234375
0 0.34453125 0.3125 0.08671875 0.0234375
0 0.43125 0.3125 0.0875 0.0234375
0 0.61015625 0.30625 0.08046875 0.0296875
0 0.0578125 0.26171875 0.09921875 0.028125
0 0.765625 0.30859375 0.07890625 0.02109375
0 0.15703125 0.2578125 0.09375 0.034375
0 0.31875 0.2046875 0.08359375 0.06953125
0 0.403125 0.22890625 0.08515625 0.02265625
0 0.4046875 0.20546875 0.08828125 0.0234375
0 0.49140625 0.2296875 0.0859375 0.0203125
0 0.49140625 0.2078125 0.08515625 0.025
0 0.5734375 0.2296875 0.078125 0.02265625
0 0.65078125 0.23125 0.07109375 0.0234375
0 0.728125 0.23125 0.078125 0.021875
0 0.80390625 0.23203125 0.07109375 0.01875
0 0.86875 0.2125 0.05390625 0.05859375
0 0.7234375 0.21015625 0.08671875 0.0203125
0 0.7171875 0.18671875 0.0765625 0.0234375
0 0.78203125 0.5140625 0.07109375 0.0328125
0 0.84609375 0.30703125 0.08125 0.01875
0 0.2375 0.2046875 0.07890625 0.0703125
0 0.22109375 0.4796875 0.090625 0.02890625
0 0.853125 0.44921875 0.07265625 0.021875
0 0.77734375 0.446875 0.08046875 0.0359375
0 0.70546875 0.4578125 0.06953125 0.0234375
0 0.65 0.43046875 0.0703125 0.02890625
0 0.6375 0.459375 0.0671875 0.0265625
0 0.56328125 0.465625 0.08046875 0.0234375
0 0.5625 0.440625 0.07734375 0.02421875
0 0.4828125 0.46796875 0.0828125 0.021875
0 0.48203125 0.4421875 0.0796875 0.0296875
0 0.0375 0.48359375 0.07421875 0.0390625
0 0.12578125 0.471875 0.09609375 0.046875
0 0.76953125 0.3625 0.0671875 0.01171875
0 0.959375 0.440625 0.0515625 0.05859375
0 0.946875 0.50546875 0.06640625 0.053125
0 0.69609375 0.35390625 0.07109375 0.025
0 0.68828125 0.38125 0.07578125 0.028125
0 0.7625 0.38046875 0.07265625 0.025
0 0.840625 0.3796875 0.0796875 0.02421875
0 0.44296875 0.390625 0.06171875 0.028125
0 0.40234375 0.4703125 0.078125 0.03203125
0 0.36875 0.3578125 0.09609375 0.0296875
0 0.3640625 0.390625 0.09140625 0.0328125
0 0.2703125 0.3953125 0.09609375 0.0234375
0 0.16875 0.3921875 0.08828125 0.0140625
0 0.17109375 0.4125 0.09375 0.025
0 0.4 0.4421875 0.08046875 0.025
0 0.31328125 0.46796875 0.09296875 0.04609375
0 0.06953125 0.4078125 0.10234375 0.02890625