0 0.415625 0.28125 0.0734375 0.11171875
0 0.3609375 0.30078125 0.03125 0.0734375
0 0.10546875 0.55078125 0.03828125 0.06875
0 0.065625 0.7546875 0.05625 0.05078125
0 0.121875 0.75546875 0.05234375 0.0578125
0 0.28828125 0.7515625 0.109375 0.06171875
0 0.36953125 0.73671875 0.0390625 0.034375
0 0.4234375 0.740625 0.0640625 0.04453125
0 0.9484375 0.425 0.06796875 0.07421875
0 0.0546875 0.8546875 0.05234375 0.09921875
0 0.92109375 0.53203125 0.09140625 0.10546875
0 0.77578125 0.5375 0.06640625 0.096875
0 0.65234375 0.540625 0.06171875 0.0921875
0 0.5890625 0.5390625 0.0609375 0.09453125
0 0.52421875 0.54140625 0.06015625 0.08828125
0 0.4484375 0.534375 0.084375 0.1015625
0 0.3703125 0.54140625 0.06796875 0.08515625
0 0.83828125 0.53515625 0.053125 0.09140625
0 0.30859375 0.53671875 0.0484375 0.09921875
0 0.103125 0.85078125 0.03828125 0.0984375
0 0.253125 0.8484375 0.04375 0.09921875
0 0.81796875 0.41484375 0.06484375 0.09375
0 0.88125 0.4203125 0.05625 0.084375
0 0.51484375 0.75 0.06640625 0.05546875
0 0.865625 0.8359375 0.04453125 0.07734375
0 0.81640625 0.83359375 0.0484375 0.0734375
0 0.73515625 0.8578125 0.0421875 0.07109375
0 0.15390625 0.8515625 0.05859375 0.096875
0 0.69296875 0.86015625 0.03984375 0.07265625
0 0.6046875 0.86328125 0.04375 0.06953125
0 0.56328125 0.84296875 0.0375 0.06875
0 0.52109375 0.84140625 0.03984375 0.06640625
0 0.48046875 0.8421875 0.03828125 0.06796875
0 0.4265625 0.8609375 0.04140625 0.07109375
0 0.31015625 0.83671875 0.04375 0.0765625
0 0.65078125 0.86015625 0.04296875 0.0703125
0 0.746875 0.40625 0.0734375 0.1125
0 0.26796875 0.55 0.025 0.04140625
0 0.18671875 0.553125 0.03125 0.0421875
0 0.7359375 0.65703125 0.0453125 0.0828125
0 0.79140625 0.6546875 0.04140625 0.090625
0 0.8359375 0.65390625 0.04609375 0.096875
0 0.89609375 0.665625 0.065625 0.06796875
0 0.97265625 0.76328125 0.0375 0.04765625
0 0.93203125 0.7640625 0.03515625 0.0453125
0 0.6859375 0.6453125 0.03046875 0.078125
0 0.88203125 0.74765625 0.04296875 0.0625
0 0.7953125 0.7515625 0.02734375 0.0421875
0 0.7625 0.76015625 0.0328125 0.040625
0 0.73125 0.7578125 0.01796875 0.0421875
0 0.70078125 0.75859375 0.03515625 0.0453125
0 0.6390625 0.72890625 0.03671875 0.025
0 0.58359375 0.75 0.06796875 0.05859375
0 0.8359375 0.7484375 0.04296875 0.06328125
0 0.22890625 0.54921875 0.0328125 0.0453125
0 0.64921875 0.65546875 0.0390625 0.08359375
0 0.56171875 0.6484375 0.0375 0.0890625
0 0.14921875 0.553125 0.03125 0.04140625
0 0.9359375 0.8453125 0.05078125 0.09140625
0 0.059375 0.553125 0.05 0.071875
0 0.04296875 0.6703125 0.05078125 0.0703125
0 0.0984375 0.6703125 0.0546875 0.06640625
0 0.1703125 0.6578125 0.03359375 0.096875
0 0.6015625 0.6390625 0.0375 0.06953125
0 0.21015625 0.65625 0.03984375 0.0953125
0 0.3015625 0.65703125 0.04453125 0.09296875
0 0.35859375 0.6609375 0.03359375 0.08203125
0 0.396875 0.66171875 0.0359375 0.08125
0 0.43671875 0.6609375 0.03515625 0.08203125
0 0.47421875 0.64921875 0.0359375 0.07890625
0 0.5265625 0.64609375 0.02890625 0.08125
0 0.25625 0.653125 0.04375 0.096875
0 0.675 0.42734375 0.06640625 0.0703125
0 0.4671875 0.740625 0.02265625 0.04453125
0 0.5359375 0.42578125 0.0609375 0.075
0 0.03046875 0.42265625 0.0609375 0.0828125
0 0.08125 0.2984375 0.06875 0.07421875
0 0.16015625 0.28203125 0.0859375 0.11171875
0 0.259375 0.30078125 0.04765625 0.065625
0 0.3140625 0.2828125 0.05703125 0.11484375
0 0.20390625 0.02734375 0.03828125 0.046875
0 0.24921875 0.02578125 0.05078125 0.0484375
0 0.30625 0.03515625 0.05859375 0.0296875
0 0.4484375 0.028125 0.09296875 0.0453125
0 0.07421875 0.16015625 0.1 0.0890625
0 0.2671875 0.1671875 0.059375 0.07890625
0 0.33515625 0.18984375 0.0734375 0.03515625
0 0.42890625 0.1625 0.10546875 0.08515625
0 0.50703125 0.16875 0.046875 0.071875
0 0.5546875 0.16484375 0.04453125 0.0765625
0 0.60078125 0.16640625 0.0453125 0.07734375
0 0.64609375 0.16328125 0.04140625 0.078125
0 0.69140625 0.16484375 0.04296875 0.07265625
0 0.60390625 0.4078125 0.071875 0.1109375
0 0.1515625 0.42109375 0.0421875 0.0828125
0 0.20390625 0.42578125 0.05625 0.08515625
0 0.0953125 0.4234375 0.05859375 0.084375
0 0.66328125 0.025 0.06015625 0.04453125
0 0.475 0.42890625 0.05703125 0.07421875
0 0.47109375 0.37421875 0.05703125 0.0328125
0 0.3921875 0.4109375 0.08203125 0.1109375
0 0.98125 0.8421875 0.0375 0.08828125
0 0.4890625 0.2921875 0.06953125 0.090625
0 0.56953125 0.2796875 0.08671875 0.11484375
0 0.65625 0.29375 0.06953125 0.08671875
0 0.28671875 0.40859375 0.07421875 0.1125
0 0.1484375 0.02578125 0.05625 0.05078125
0 0.7875 0.29296875 0.05859375 0.07734375
0 0.7234375 0.29140625 0.06015625 0.084375
0 0.86875 0.24140625 0.06640625 0.034375
0 0.925 0.29453125 0.059375 0.07109375
0 0.934375 0.1578125 0.0609375 0.08125
0 0.87890625 0.1625 0.046875 0.0734375
0 0.8234375 0.1625 0.028125 0.05390625
0 0.7828125 0.17578125 0.0453125 0.03359375
0 0.73984375 0.17578125 0.04140625 0.0328125
0 0.021875 0.28046875 0.04375 0.11015625
0 0.9140625 0.028125 0.0890625 0.03671875
0 0.8578125 0.2953125 0.06640625 0.06953125