0 0.50078125 0.46953125 0.0265625 0.07421875
0 0.46640625 0.475 0.03125 0.07265625
0 0.42890625 0.4734375 0.0265625 0.07109375
0 0.5375 0.47109375 0.03359375 0.06875
0 0.3671875 0.4734375 0.02578125 0.07890625
0 0.01328125 0.165625 0.025 0.14140625
0 0.39765625 0.47265625 0.0203125 0.07578125
0 0.58359375 0.465625 0.03828125 0.07421875
0 0.8828125 0.296875 0.03515625 0.0609375
0 0.6765625 0.4609375 0.05 0.07421875
0 0.02421875 0.71171875 0.04609375 0.06953125
0 0.06796875 0.70625 0.02578125 0.07890625
0 0.109375 0.70546875 0.0375 0.07109375
0 0.14921875 0.7015625 0.0265625 0.06953125
0 0.19609375 0.69765625 0.0515625 0.06796875
0 0.24140625 0.703125 0.02890625 0.046875
0 0.2828125 0.6875 0.03828125 0.0703125
0 0.31484375 0.69453125 0.0140625 0.04296875
0 0.196875 0.59375 0.028125 0.07578125
0 0.3390625 0.6734375 0.02890625 0.059375
0 0.44140625 0.6890625 0.04921875 0.03203125
0 0.578125 0.66328125 0.0359375 0.04609375
0 0.43046875 0.65078125 0.02578125 0.03203125
0 0.6296875 0.65078125 0.03359375 0.0671875
0 0.67578125 0.65234375 0.02890625 0.03671875
0 0.709375 0.6453125 0.0265625 0.0609375
0 0.7421875 0.64296875 0.0234375 0.0609375
0 0.778125 0.64296875 0.02421875 0.05
0 0.37421875 0.6828125 0.021875 0.0578125
0 0.1625 0.596875 0.02734375 0.07265625
0 0.11953125 0.596875 0.0328125 0.07421875
0 0.07578125 0.603125 0.03828125 0.0765625
0 0.73515625 0.4546875 0.05390625 0.07734375
0 0.78828125 0.4515625 0.046875 0.075
0 0.7515625 0.55390625 0.0203125 0.0515625
0 0.72109375 0.553125 0.02109375 0.0625
0 0.6953125 0.55390625 0.02265625 0.0609375
0 0.63984375 0.5546875 0.01953125 0.0515625
0 0.6140625 0.5625 0.0203125 0.06328125
0 0.578125 0.56640625 0.02734375 0.0671875
0 0.5328125 0.565625 0.02734375 0.0640625
0 0.48984375 0.56875 0.02421875 0.059375
0 0.45703125 0.56875 0.0265625 0.06484375
0 0.42734375 0.575 0.0234375 0.06953125
0 0.3953125 0.57890625 0.03046875 0.06328125
0 0.3609375 0.57890625 0.01875 0.065625
0 0.26328125 0.58671875 0.02421875 0.0703125
0 0.2984375 0.58671875 0.02421875 0.06953125
0 0.33359375 0.5890625 0.02890625 0.0625
0 0.23046875 0.590625 0.0265625 0.0703125
0 0.03125 0.61015625 0.03125 0.06640625
0 0.621875 0.4625 0.0328125 0.075
0 0.4 0.68125 0.01796875 0.05546875
0 0.80703125 0.628125 0.0203125 0.07109375
0 0.15625 0.1875 0.06328125 0.1109375
0 0.6171875 0.3453125 0.03828125 0.06953125
0 0.5671875 0.34375 0.0453125 0.07265625
0 0.515625 0.33671875 0.05 0.08359375
0 0.44609375 0.3390625 0.040625 0.08203125
0 0.4015625 0.3484375 0.034375 0.0734375
0 0.3515625 0.3484375 0.053125 0.071875
0 0.2609375 0.3375 0.1046875 0.1015625
0 0.153125 0.359375 0.05625 0.0734375
0 0.0828125 0.34375 0.05625 0.090625
0 0.02265625 0.34453125 0.0453125 0.08359375
0 0.98671875 0.290625 0.0265625 0.071875
0 0.94609375 0.29140625 0.025 0.06953125
0 0.91796875 0.29765625 0.02578125 0.05546875
0 0.8578125 0.25078125 0.0328125 0.01953125
0 0.8484375 0.29609375 0.03203125 0.0625
0 0.99140625 0.16953125 0.0171875 0.0796875
0 0.96484375 0.16875 0.02578125 0.08125
0 0.9328125 0.16484375 0.0296875 0.08984375
0 0.8765625 0.17421875 0.0171875 0.05234375
0 0.85625 0.165625 0.01328125 0.07421875
0 0.79765625 0.18046875 0.0328125 0.14765625
0 0.7484375 0.17109375 0.05546875 0.159375
0 0.68125 0.16171875 0.0640625 0.178125
0 0.61015625 0.1625 0.065625 0.17578125
0 0.53359375 0.15625 0.0765625 0.178125
0 0.44296875 0.1671875 0.0515625 0.15078125
0 0.3734375 0.1796875 0.0578125 0.13828125
0 0.67421875 0.3359375 0.05703125 0.0828125
0 0.0625 0.1546875 0.05703125 0.16015625
0 0.73515625 0.33671875 0.0578125 0.0796875
0 0.8359375 0.40546875 0.0296875 0.07109375
0 0.3375 0.47578125 0.02265625 0.078125
0 0.3078125 0.4765625 0.028125 0.08046875
0 0.2796875 0.47734375 0.0203125 0.08125
0 0.2484375 0.48046875 0.02578125 0.0796875
0 0.2015625 0.490625 0.0546875 0.06328125
0 0.1375 0.4890625 0.05625 0.07421875
0 0.07265625 0.49453125 0.059375 0.075
0 0.0171875 0.5 0.034375 0.071875
0 0.96953125 0.7265625 0.015625 0.05703125
0 0.95078125 0.73984375 0.02109375 0.0546875
0 0.921875 0.746875 0.01953125 0.05703125
0 0.89453125 0.73984375 0.021875 0.07109375
0 0.865625 0.72578125 0.0265625 0.05703125
0 0.953125 0.6203125 0.02265625 0.04453125
0 0.92578125 0.628125 0.01328125 0.0453125
0 0.89609375 0.61875 0.015625 0.05390625
0 0.87265625 0.62421875 0.02890625 0.0703125
0 0.83984375 0.62734375 0.0265625 0.065625
0 0.065625 0.859375 0.0421875 0.10234375
0 0.95859375 0.496875 0.02734375 0.08046875
0 0.93046875 0.50390625 0.025 0.06484375
0 0.89921875 0.5046875 0.0328125 0.07109375
0 0.85703125 0.50234375 0.0375 0.0765625
0 0.9890625 0.396875 0.02109375 0.071875
0 0.9609375 0.3984375 0.03515625 0.0734375
0 0.91796875 0.40234375 0.0421875 0.06796875
0 0.865625 0.40546875 0.0234375 0.06640625
0 0.79296875 0.33671875 0.053125 0.07890625
0 0.11171875 0.85546875 0.0359375 0.09375
0 0.2265625 0.17578125 0.0625 0.1234375
0 0.20390625 0.86015625 0.0484375 0.05859375
0 0.29921875 0.1796875 0.0625 0.12578125
0 0.8359375 0.76328125 0.0296875 0.05390625
0 0.7234375 0.765625 0.040625 0.01328125
0 0.7734375 0.73125 0.04609375 0.0546875
0 0.68515625 0.75390625 0.04765625 0.0140625
0 0.62578125 0.76796875 0.04296875 0.00859375
0 0.63203125 0.746875 0.0453125 0.0296875
0 0.53828125 0.7609375 0.0390625 0.05078125
0 0.1515625 0.85859375 0.0390625 0.07578125
0 0.42109375 0.7671875 0.0453125 0.02109375
0 0.01015625 0.8671875 0.01875 0.09140625
0 0.43671875 0.803125 0.0484375 0.028125
0 0.38984375 0.8015625 0.03671875 0.03515625
0 0.2515625 0.765625 0.0453125 0.02734375
0 0.31796875 0.77109375 0.0546875 0.028125
0 0.328125 0.81015625 0.0546875 0.04375
0 0.490625 0.76484375 0.0328125 0.0515625
0 0.2625 0.809375 0.04921875 0.05078125