0 0.42890625 0.31875 0.05703125 0.09375
0 0.4875 0.31953125 0.0578125 0.0921875
0 0.54921875 0.3203125 0.06171875 0.09375
0 0.61640625 0.31953125 0.06875 0.09453125
0 0.6828125 0.31953125 0.06015625 0.0953125
0 0.74609375 0.315625 0.06640625 0.103125
0 0.13984375 0.23359375 0.02421875 0.034375
0 0.7875 0.07109375 0.07734375 0.03828125
0 0.7125 0.203125 0.06171875 0.0875
0 0.6125 0.20859375 0.05703125 0.08203125
0 0.54140625 0.20703125 0.053125 0.08125
0 0.48828125 0.2078125 0.053125 0.08359375
0 0.80234375 0.31484375 0.04375 0.10234375
0 0.8578125 0.3203125 0.05625 0.08125
0 0.91484375 0.31484375 0.059375 0.09296875
0 0.97265625 0.3140625 0.05 0.090625
0 0.1015625 0.23125 0.0484375 0.03125
0 0.3671875 0.33203125 0.05625 0.065625
0 0.05390625 0.21640625 0.0484375 0.06640625
0 0.17265625 0.15078125 0.0421875 0.07109375
0 0.17421875 0.21484375 0.04140625 0.05859375
0 0.2171875 0.21328125 0.0453125 0.0640625
0 0.215625 0.14765625 0.04765625 0.065625
0 0.26875 0.21171875 0.06015625 0.07578125
0 0.3265625 0.2125 0.053125 0.075
0 0.77734375 0.20390625 0.065625 0.08515625
0 0.859375 0.046875 0.06953125 0.09296875
0 0.8421875 0.20234375 0.065625 0.08125
0 0.96953125 0.20390625 0.06015625 0.07734375
0 0.784375 0.03125 0.071875 0.03828125
0 0.721875 0.05078125 0.05 0.0953125
0 0.6765625 0.0546875 0.046875 0.0875
0 0.634375 0.05390625 0.03671875 0.0859375
0 0.58984375 0.05078125 0.05078125 0.090625
0 0.52109375 0.0796875 0.09296875 0.0296875
0 0.51484375 0.04296875 0.08359375 0.03984375
0 0.41640625 0.0796875 0.0921875 0.03984375
0 0.41953125 0.04375 0.09765625 0.0328125
0 0.4203125 0.015625 0.09609375 0.0234375
0 0.34375 0.05 0.040625 0.08984375
0 0.2984375 0.0484375 0.0515625 0.0921875
0 0.25 0.0515625 0.053125 0.084375
0 0.1671875 0.07890625 0.075 0.03671875
0 0.171875 0.0453125 0.084375 0.0296875
0 0.17265625 0.0171875 0.0828125 0.02265625
0 0.0828125 0.08046875 0.06875 0.0265625
0 0.90859375 0.20390625 0.06171875 0.0765625
0 0.30625 0.32734375 0.06015625 0.08046875
0 0.63828125 0.4296875 0.08828125 0.1015625
0 0.096875 0.31875 0.06796875 0.096875
0 0.3984375 0.746875 0.0671875 0.059375
0 0.465625 0.74765625 0.06640625 0.05859375
0 0.52421875 0.75390625 0.0484375 0.05078125
0 0.6078125 0.75234375 0.1015625 0.046875
0 0.68515625 0.74453125 0.053125 0.06171875
0 0.73359375 0.74375 0.04453125 0.059375
0 0.77578125 0.74609375 0.0328125 0.05859375
0 0.83046875 0.7328125 0.05625 0.02890625
0 0.83125 0.76171875 0.05859375 0.028125
0 0.89609375 0.759375 0.071875 0.03359375
0 0.96171875 0.7578125 0.0578125 0.0328125
0 0.028125 0.75390625 0.0375 0.04765625
0 0.028125 0.66875 0.0453125 0.06953125
0 0.078125 0.66796875 0.0546875 0.065625
0 0.1296875 0.665625 0.0484375 0.06875
0 0.1796875 0.6640625 0.05234375 0.0671875
0 0.2296875 0.6640625 0.04609375 0.0671875
0 0.325 0.74765625 0.07890625 0.05859375
0 0.2390625 0.7515625 0.065625 0.0609375
0 0.18359375 0.75234375 0.0421875 0.0609375
0 0.12265625 0.75625 0.04921875 0.05390625
0 0.2203125 0.84296875 0.04609375 0.0796875
0 0.2671875 0.8421875 0.046875 0.07890625
0 0.31328125 0.84296875 0.0390625 0.071875
0 0.35625 0.84296875 0.0359375 0.0765625
0 0.39609375 0.84296875 0.04453125 0.0765625
0 0.4390625 0.8453125 0.0390625 0.07421875
0 0.4828125 0.84375 0.0453125 0.07265625
0 0.5296875 0.8421875 0.04375 0.07578125
0 0.278125 0.665625 0.0515625 0.06796875
0 0.5734375 0.84375 0.0421875 0.07578125
0 0.66484375 0.8390625 0.03828125 0.08203125
0 0.71640625 0.83125 0.0375 0.07578125
0 0.80625 0.83828125 0.04375 0.0921875
0 0.85390625 0.8375 0.05078125 0.0953125
0 0.9 0.83515625 0.04140625 0.08984375
0 0.93984375 0.8359375 0.04140625 0.0890625
0 0.98046875 0.83359375 0.03828125 0.08359375
0 0.07265625 0.75546875 0.04921875 0.05234375
0 0.62421875 0.83984375 0.04296875 0.0828125
0 0.16015625 0.33359375 0.053125 0.0703125
0 0.4328125 0.209375 0.05546875 0.08828125
0 0.07265625 0.56640625 0.05390625 0.0671875
0 0.31796875 0.6578125 0.0296875 0.090625
0 0.3546875 0.65703125 0.03671875 0.08828125
0 0.021875 0.5625 0.0421875 0.07109375
0 0.39140625 0.65703125 0.03203125 0.08671875
0 0.42421875 0.65703125 0.034375 0.08671875
0 0.45703125 0.65703125 0.03046875 0.0859375
0 0.490625 0.65703125 0.0328125 0.084375
0 0.9390625 0.665625 0.04296875 0.05546875
0 0.128125 0.5671875 0.0578125 0.065625
0 0.89296875 0.66640625 0.04609375 0.0625
0 0.81015625 0.65625 0.0453125 0.0890625
0 0.7625 0.65625 0.0453125 0.0890625
0 0.7203125 0.6671875 0.03984375 0.06171875
0 0.67734375 0.659375 0.03671875 0.07265625
0 0.6421875 0.65703125 0.03515625 0.07265625
0 0.60703125 0.659375 0.03515625 0.07421875
0 0.56953125 0.6609375 0.0375 0.07734375
0 0.53515625 0.66015625 0.0328125 0.07734375
0 0.85234375 0.67578125 0.034375 0.04375
0 0.184375 0.565625 0.0546875 0.0625
0 0.34609375 0.5671875 0.05546875 0.05703125
0 0.41875 0.5671875 0.0859375 0.0609375
0 0.02890625 0.325 0.05625 0.08359375
0 0.94453125 0.4390625 0.05703125 0.078125
0 0.88671875 0.44140625 0.05859375 0.08203125
0 0.796875 0.43125 0.11953125 0.1015625
0 0.71015625 0.43046875 0.053125 0.10078125
0 0.3796875 0.2140625 0.053125 0.07890625
0 0.56015625 0.43125 0.06171875 0.1046875
0 0.48359375 0.43203125 0.090625 0.10546875
0 0.409375 0.43125 0.05703125 0.1046875
0 0.3375 0.4359375 0.08984375 0.09140625
0 0.15 0.44140625 0.06796875 0.08828125
0 0.0828125 0.43984375 0.065625 0.08359375
0 0.959375 0.559375 0.0546875 0.07109375
0 0.8890625 0.546875 0.0796875 0.1
0 0.80703125 0.55078125 0.04765625 0.08984375
0 0.73515625 0.546875 0.096875 0.08359375
0 0.62109375 0.54453125 0.04921875 0.09375
0 0.5734375 0.54609375 0.0390625 0.0953125
0 0.52890625 0.54609375 0.04765625 0.09140625