0 0.225 0.65078125 0.021875 0.028125
0 0.13125 0.64921875 0.01953125 0.028125
0 0.1515625 0.65625 0.02109375 0.0296875
0 0.6421875 0.65390625 0.02109375 0.02265625
0 0.6171875 0.659375 0.0203125 0.02578125
0 0.59140625 0.65859375 0.0203125 0.0265625
0 0.5578125 0.65546875 0.0328125 0.0328125
0 0.51953125 0.65625 0.03671875 0.03671875
0 0.43359375 0.653125 0.03828125 0.03828125
0 0.40234375 0.65390625 0.025 0.0328125
0 0.37265625 0.653125 0.0234375 0.03359375
0 0.090625 0.6546875 0.02734375 0.03125
0 0.34375 0.65390625 0.028125 0.03203125
0 0.31171875 0.6546875 0.02421875 0.03046875
0 0.28203125 0.65625 0.02734375 0.03359375
0 0.2515625 0.65234375 0.028125 0.03203125
0 0.4734375 0.6546875 0.040625 0.0359375
0 0.04375 0.66015625 0.03359375 0.0328125
0 0.8140625 0.659375 0.0296875 0.02890625
0 0.93046875 0.6046875 0.025 0.03046875
0 0.2046875 0.8078125 0.0390625 0.0609375
0 0.85078125 0.6046875 0.02890625 0.028125
0 0.79609375 0.609375 0.06953125 0.0265625
0 0.875 0.659375 0.0234375 0.02890625
0 0.75390625 0.659375 0.01953125 0.028125
0 0.584375 0.60390625 0.07265625 0.0234375
0 0.653125 0.60546875 0.0609375 0.0265625
0 0.9765625 0.60625 0.046875 0.0453125
0 0.71953125 0.60703125 0.06171875 0.025
0 0.67265625 0.65859375 0.028125 0.02890625
0 0.5078125 0.60390625 0.06484375 0.028125
0 0.703125 0.66015625 0.01953125 0.025
0 0.728125 0.66015625 0.02578125 0.02578125
0 0.84765625 0.659375 0.03046875 0.028125
0 0.4390625 0.60390625 0.0640625 0.02578125
0 0.37109375 0.6046875 0.0734375 0.02734375
0 0.89296875 0.60546875 0.025 0.03359375
0 0.78125 0.66015625 0.021875 0.0296875
0 0.9828125 0.5171875 0.03359375 0.02109375
0 0.90234375 0.659375 0.03046875 0.028125
0 0.771875 0.4515625 0.05625 0.04296875
0 0.82109375 0.45546875 0.0390625 0.03125
0 0.85625 0.45703125 0.0265625 0.03046875
0 0.89140625 0.45625 0.0359375 0.034375
0 0.93984375 0.45703125 0.05234375 0.0359375
0 0.0984375 0.5265625 0.046875 0.03046875
0 0.15859375 0.52734375 0.0578125 0.03359375
0 0.221875 0.5265625 0.05546875 0.03046875
0 0.72421875 0.45234375 0.03515625 0.0421875
0 0.2890625 0.52890625 0.07265625 0.03203125
0 0.44140625 0.53125 0.0734375 0.02890625
0 0.5171875 0.53046875 0.07109375 0.02421875
0 0.59765625 0.53203125 0.06875 0.02109375
0 0.6734375 0.53203125 0.07421875 0.025
0 0.740625 0.53203125 0.05546875 0.025
0 0.80234375 0.534375 0.05546875 0.025
0 0.8625 0.534375 0.05546875 0.02578125
0 0.921875 0.5328125 0.05625 0.02265625
0 0.365625 0.52890625 0.06640625 0.0265625
0 0.67890625 0.4484375 0.040625 0.0421875
0 0.103125 0.6015625 0.06015625 0.02421875
0 0.16328125 0.60390625 0.05390625 0.02578125
0 0.96640625 0.6765625 0.05703125 0.0359375
0 0.034375 0.740625 0.046875 0.0390625
0 0.11328125 0.71953125 0.09140625 0.0515625
0 0.20234375 0.7203125 0.0875 0.05078125
0 0.2890625 0.71875 0.08125 0.04765625
0 0.3734375 0.71640625 0.07265625 0.0484375
0 0.4625 0.71953125 0.07578125 0.046875
0 0.1546875 0.8078125 0.04453125 0.06328125
0 0.1046875 0.809375 0.0453125 0.065625
0 0.02734375 0.8296875 0.04609375 0.02734375
0 0.96171875 0.7453125 0.05234375 0.034375
0 0.9 0.71796875 0.0296875 0.0515625
0 0.87265625 0.71875 0.01953125 0.0453125
0 0.81953125 0.73046875 0.08125 0.0265625
0 0.7390625 0.72265625 0.0703125 0.03671875
0 0.678125 0.721875 0.04375 0.0296875
0 0.6265625 0.71875 0.0515625 0.0359375
0 0.54609375 0.7171875 0.0796875 0.05
0 0.22265625 0.60234375 0.06328125 0.02734375
0 0.0359375 0.584375 0.0671875 0.03203125
0 0.2921875 0.60390625 0.06875 0.02421875
0 0.89296875 0.2734375 0.05625 0.03828125
0 0.565625 0.44765625 0.0296875 0.0421875
0 0.13515625 0.3625 0.0546875 0.05
0 0.19140625 0.3640625 0.05625 0.0484375
0 0.25546875 0.3640625 0.05234375 0.05078125
0 0.30546875 0.3609375 0.02109375 0.0484375
0 0.34140625 0.3625 0.0484375 0.05
0 0.39296875 0.3703125 0.04609375 0.0109375
0 0.9828125 0.82890625 0.028125 0.0171875
0 0.94140625 0.828125 0.0375 0.01953125
0 0.984375 0.80703125 0.02734375 0.02109375
0 0.94609375 0.8046875 0.03828125 0.0203125
0 0.82890625 0.80390625 0.03359375 0.065625
0 0.78671875 0.80546875 0.0328125 0.065625
0 0.73515625 0.80546875 0.0328125 0.06640625
0 0.6890625 0.809375 0.0375 0.06875
0 0.64609375 0.8234375 0.0375 0.03984375
0 0.2 0.65546875 0.02109375 0.03515625
0 0.6046875 0.8234375 0.0421875 0.0375
0 0.8265625 0.27578125 0.059375 0.03984375
0 0.60390625 0.446875 0.0328125 0.04296875
0 0.59140625 0.775 0.034375 0.01953125
0 0.95 0.715625 0.05078125 0.01171875
0 0.09140625 0.365625 0.025 0.0359375
0 0.02734375 0.2328125 0.05 0.02109375
0 0.12109375 0.26484375 0.053125 0.05
0 0.17578125 0.265625 0.04375 0.04609375
0 0.2203125 0.26640625 0.0390625 0.04140625
0 0.2703125 0.26875 0.04375 0.04296875
0 0.31640625 0.26796875 0.03828125 0.04453125
0 0.36328125 0.271875 0.0359375 0.04140625
0 0.40859375 0.2703125 0.0421875 0.04609375
0 0.459375 0.27421875 0.04296875 0.04453125
0 0.50625 0.275 0.04375 0.0453125
0 0.56484375 0.26875 0.06015625 0.04375
0 0.63203125 0.26953125 0.05703125 0.04453125
0 0.7609375 0.2703125 0.0609375 0.0484375
0 0.5703125 0.8078125 0.02734375 0.04609375
0 0.6984375 0.26953125 0.06328125 0.04453125
0 0.5125 0.8109375 0.03046875 0.06171875
0 0.015625 0.45078125 0.02734375 0.05390625
0 0.04765625 0.45390625 0.02890625 0.0515625
0 0.0875 0.43828125 0.02578125 0.0453125
0 0.11484375 0.4375 0.021875 0.04609375
0 0.1390625 0.44296875 0.021875 0.0453125
0 0.16640625 0.44140625 0.02890625 0.0453125
0 0.20234375 0.44140625 0.0296875 0.04296875
0 0.23515625 0.4421875 0.03046875 0.04375
0 0.31328125 0.44453125 0.0375 0.0390625
0 0.35390625 0.44296875 0.03046875 0.04296875
0 0.38828125 0.446875 0.028125 0.04375
0 0.421875 0.44609375 0.03828125 0.04375
0 0.46015625 0.44609375 0.03515625 0.04453125
0 0.5 0.44609375 0.03203125 0.04140625
0 0.54375 0.81015625 0.021875 0.04453125
0 0.93828125 0.38671875 0.04609375 0.0203125
0 0.94140625 0.3703125 0.046875 0.0109375
0 0.534375 0.4484375 0.0296875 0.040625
0 0.88203125 0.38046875 0.05234375 0.03203125
0 0.9453125 0.3609375 0.0515625 0.00703125
0 0.47265625 0.8109375 0.03828125 0.059375
0 0.43203125 0.79765625 0.03671875 0.0578125
0 0.39140625 0.7984375 0.03046875 0.059375
0 0.353125 0.821875 0.02421875 0.0390625
0 0.32265625 0.815625 0.03359375 0.05234375
0 0.28515625 0.82265625 0.0328125 0.04296875
0 0.24609375 0.81328125 0.04296875 0.05703125
0 0.39375 0.38359375 0.05234375 0.0109375
0 0.46328125 0.37421875 0.059375 0.01171875
0 0.17578125 0.6546875 0.02109375 0.03203125
0 0.52421875 0.3734375 0.05859375 0.0359375
0 0.5875 0.3734375 0.05703125 0.0390625
0 0.45703125 0.3859375 0.06015625 0.01015625
0 0.65625 0.3640625 0.075 0.0609375
0 0.7328125 0.38203125 0.075 0.021875
0 0.81640625 0.38671875 0.07890625 0.02109375