0 0.66640625 0.1234375 0.03203125 0.10546875
0 0.70703125 0.128125 0.03984375 0.11015625
0 0.73984375 0.1328125 0.028125 0.1015625
0 0.99140625 0.16328125 0.0140625 0.0828125
0 0.9703125 0.1609375 0.0203125 0.0875
0 0.753125 0.57265625 0.0296875 0.015625
0 0.62890625 0.1140625 0.034375 0.125
0 0.934375 0.1578125 0.0171875 0.0921875
0 0.76484375 0.1359375 0.01640625 0.103125
0 0.78828125 0.13828125 0.0203125 0.09765625
0 0.8203125 0.140625 0.03671875 0.103125
0 0.8640625 0.1453125 0.0234375 0.0921875
0 0.8890625 0.1484375 0.0265625 0.0984375
0 0.91484375 0.15390625 0.0171875 0.0859375
0 0.95234375 0.159375 0.0140625 0.08671875
0 0.5890625 0.109375 0.03359375 0.11875
0 0.55234375 0.10390625 0.034375 0.1296875
0 0.51015625 0.0984375 0.04453125 0.125
0 0.75234375 0.596875 0.03046875 0.025
0 0.71171875 0.58046875 0.03203125 0.075
0 0.78125 0.5671875 0.02265625 0.0671875
0 0.5953125 0.62265625 0.04609375 0.0421875
0 0.5578125 0.625 0.02734375 0.04140625
0 0.8046875 0.559375 0.021875 0.07265625
0 0.828125 0.55546875 0.01796875 0.0671875
0 0.3171875 0.5140625 0.04921875 0.1171875
0 0.59296875 0.5796875 0.040625 0.04375
0 0.2578125 0.521875 0.05546875 0.1203125
0 0.05 0.0625 0.078125 0.12109375
0 0.1265625 0.065625 0.0625 0.1296875
0 0.1921875 0.0703125 0.06796875 0.134375
0 0.25625 0.075 0.05703125 0.12578125
0 0.30390625 0.0890625 0.03125 0.115625
0 0.33515625 0.090625 0.02734375 0.1125
0 0.51953125 0.8234375 0.0234375 0.034375
0 0.3703125 0.0890625 0.03359375 0.11953125
0 0.40703125 0.096875 0.02890625 0.1125
0 0.4375 0.0984375 0.025 0.11484375
0 0.46796875 0.103125 0.03046875 0.115625
0 0.74765625 0.54765625 0.02890625 0.021875
0 0.6453125 0.59296875 0.03671875 0.078125
0 0.9828125 0.43984375 0.01953125 0.0640625
0 0.4734375 0.4953125 0.03671875 0.11015625
0 0.71796875 0.7859375 0.015625 0.03125
0 0.69921875 0.7890625 0.01484375 0.034375
0 0.76015625 0.75078125 0.03359375 0.075
0 0.7359375 0.7578125 0.0140625 0.07109375
0 0.7921875 0.7390625 0.0234375 0.06953125
0 0.815625 0.74765625 0.02265625 0.0375
0 0.815625 0.70625 0.025 0.040625
0 0.840625 0.73671875 0.01953125 0.0359375
0 0.8609375 0.69921875 0.0171875 0.0390625
0 0.86171875 0.7328125 0.01953125 0.02421875
0 0.71953125 0.7484375 0.0171875 0.0375
0 0.8828125 0.6921875 0.01328125 0.01875
0 0.9109375 0.69375 0.03046875 0.05390625
0 0.946875 0.6640625 0.02421875 0.0296875
0 0.946875 0.69765625 0.02734375 0.0359375
0 0.9796875 0.65625 0.0390625 0.028125
0 0.98125 0.690625 0.0359375 0.0328125
0 0.9828125 0.259375 0.0140625 0.0828125
0 0.02578125 0.334375 0.04921875 0.09609375
0 0.09765625 0.3890625 0.053125 0.125
0 0.0828125 0.2234375 0.05390625 0.1453125
0 0.15390625 0.3828125 0.0515625 0.12890625
0 0.8828125 0.721875 0.0171875 0.0328125
0 0.69921875 0.7546875 0.015625 0.03203125
0 0.66640625 0.77578125 0.04609375 0.06875
0 0.1421875 0.228125 0.06015625 0.13515625
0 0.51484375 0.86171875 0.02734375 0.0359375
0 0.96015625 0.25703125 0.02109375 0.08203125
0 0.9390625 0.25546875 0.0140625 0.08125
0 0.91953125 0.2578125 0.01875 0.08046875
0 0.8984375 0.2546875 0.01953125 0.08671875
0 0.86875 0.253125 0.02890625 0.0828125
0 0.82734375 0.2734375 0.05 0.040625
0 0.61796875 0.7984375 0.04765625 0.07578125
0 0.78515625 0.25 0.021875 0.09375
0 0.7578125 0.25 0.02890625 0.09140625
0 0.721875 0.24609375 0.02578125 0.0953125
0 0.6921875 0.246875 0.02734375 0.0984375
0 0.6578125 0.24375 0.02890625 0.103125
0 0.62578125 0.24375 0.0328125 0.1078125
0 0.58828125 0.2421875 0.03203125 0.10625
0 0.5515625 0.2390625 0.03671875 0.11796875
0 0.51015625 0.23984375 0.04140625 0.11640625
0 0.47734375 0.246875 0.021875 0.1078125
0 0.4265625 0.2375 0.03671875 0.1203125
0 0.38203125 0.2375 0.04453125 0.11953125
0 0.32734375 0.234375 0.05703125 0.1265625
0 0.26953125 0.23515625 0.053125 0.128125
0 0.20703125 0.23125 0.0625 0.13671875
0 0.22265625 0.38046875 0.07265625 0.1328125
0 0.55546875 0.584375 0.02578125 0.04140625
0 0.28984375 0.3765625 0.05078125 0.121875
0 0.3984375 0.375 0.059375 0.11328125
0 0.0703125 0.75625 0.02734375 0.0515625
0 0.040625 0.75625 0.02890625 0.0546875
0 0.06953125 0.6171875 0.01640625 0.0625
0 0.04296875 0.61875 0.02578125 0.0671875
0 0.0109375 0.6203125 0.021875 0.0625
0 0.94140625 0.440625 0.01328125 0.06875
0 0.92421875 0.4453125 0.01796875 0.075
0 0.90546875 0.4453125 0.01640625 0.0765625
0 0.88671875 0.45 0.0171875 0.08125
0 0.8625 0.45078125 0.02578125 0.0796875
0 0.10546875 0.74453125 0.02890625 0.0484375
0 0.83984375 0.45234375 0.01953125 0.0875
0 0.7953125 0.4578125 0.02109375 0.0875
0 0.76875 0.46015625 0.02421875 0.09140625
0 0.7390625 0.465625 0.0265625 0.0921875
0 0.71484375 0.4671875 0.01640625 0.09609375
0 0.68828125 0.471875 0.02734375 0.0953125
0 0.6515625 0.47421875 0.03203125 0.0984375
0 0.6171875 0.4859375 0.03671875 0.0734375
0 0.58125 0.490625 0.03515625 0.08125
0 0.54453125 0.4875 0.03046875 0.10234375
0 0.5109375 0.49140625 0.0296875 0.1046875
0 0.81796875 0.453125 0.01875 0.0828125
0 0.109375 0.6703125 0.04453125 0.04296875
0 0.1640625 0.7109375 0.04140625 0.03984375
0 0.1515625 0.6546875 0.02578125 0.04765625
0 0.4546875 0.375 0.046875 0.109375
0 0.5015625 0.3703125 0.04140625 0.1125
0 0.60234375 0.3640625 0.03046875 0.10078125
0 0.6359375 0.36484375 0.0265625 0.103125
0 0.665625 0.35859375 0.03515625 0.0984375
0 0.69921875 0.35859375 0.02421875 0.0953125
0 0.72734375 0.35859375 0.02265625 0.09609375
0 0.75546875 0.36171875 0.0234375 0.090625
0 0.784375 0.359375 0.0328125 0.08828125
0 0.828125 0.353125 0.0296875 0.0921875
0 0.8546875 0.3546875 0.01875 0.08984375
0 0.42890625 0.496875 0.03828125 0.1140625
0 0.37734375 0.50859375 0.06015625 0.1109375
0 0.515625 0.615625 0.04296875 0.0703125
0 0.4265625 0.65703125 0.02421875 0.0453125
0 0.425 0.61171875 0.02578125 0.0359375
0 0.2734375 0.6890625 0.03828125 0.04453125
0 0.325 0.68359375 0.0515625 0.0390625
0 0.38515625 0.67109375 0.0453125 0.04140625
0 0.378125 0.625 0.05859375 0.04140625
0 0.31796875 0.634375 0.0421875 0.0546875
0 0.2734375 0.6421875 0.04296875 0.0390625
0 0.21875 0.671875 0.06171875 0.09375
0 0.34375 0.37890625 0.0453125 0.1171875
0 0.9625 0.44453125 0.0171875 0.0703125
0 0.56171875 0.81796875 0.05390625 0.075
0 0.8546875 0.5328125 0.02421875 0.028125
0 0.109375 0.53828125 0.0453125 0.13046875
0 0.0484375 0.49140625 0.06640625 0.0328125
0 0.9921875 0.35 0.015625 0.0765625
0 0.975 0.35 0.01171875 0.078125
0 0.95390625 0.35 0.021875 0.0796875
0 0.92890625 0.35 0.01875 0.078125
0 0.9109375 0.3515625 0.01328125 0.07578125
0 0.890625 0.35078125 0.01640625 0.08515625
0 0.87265625 0.35078125 0.01484375 0.084375
0 0.990625 0.60390625 0.01875 0.0328125
0 0.14609375 0.93671875 0.04921875 0.0390625
0 0.18984375 0.92578125 0.03671875 0.0546875
0 0.246875 0.928125 0.06953125 0.06875
0 0.19140625 0.97578125 0.02890625 0.0390625
0 0.1515625 0.98046875 0.04453125 0.0328125
0 0.37265625 0.88046875 0.090625 0.065625
0 0.43671875 0.840625 0.028125 0.03671875
0 0.43828125 0.884375 0.0296875 0.0421875
0 0.4765625 0.85078125 0.0421875 0.07578125
0 0.853125 0.56640625 0.02890625 0.034375
0 0.61796875 0.71328125 0.02109375 0.03125
0 0.1625 0.534375 0.05234375 0.134375
0 0.6140625 0.68125 0.02578125 0.0296875
0 0.20859375 0.5203125 0.0359375 0.11953125
0 0.65078125 0.68984375 0.03828125 0.0109375
0 0.71796875 0.665625 0.02734375 0.0203125
0 0.71875 0.6875 0.0234375 0.02109375
0 0.74609375 0.66875 0.02734375 0.0375
0 0.7734375 0.66640625 0.0203125 0.03984375
0 0.7671875 0.6296875 0.03046875 0.02578125
0 0.79609375 0.6265625 0.02265625 0.03125
0 0.81796875 0.61875 0.02421875 0.03125
0 0.81875 0.6546875 0.02265625 0.02890625
0 0.7953125 0.66015625 0.01796875 0.0265625
0 0.84375 0.6296875 0.025 0.06484375
0 0.86796875 0.62421875 0.01875 0.0609375
0 0.890625 0.6171875 0.02421875 0.065625
0 0.91484375 0.6125 0.02109375 0.0609375
0 0.9390625 0.60859375 0.02109375 0.0640625
0 0.96484375 0.6 0.0265625 0.0578125
0 0.98984375 0.57734375 0.01953125 0.021875
0 0.68515625 0.68125 0.034375 0.009375
0 0.684375 0.671875 0.03515625 0.009375
0 0.6828125 0.659375 0.0390625 0.0125
0 0.64921875 0.7125 0.03671875 0.009375
0 0.64921875 0.7015625 0.03671875 0.00859375
0 0.64921875 0.67734375 0.03671875 0.00859375
0 0.68515625 0.70390625 0.03125 0.009375
0 0.54296875 0.734375 0.03203125 0.0265625
0 0.1953125 0.80390625 0.06484375 0.0859375
0 0.54375 0.70625 0.0390625 0.0203125
0 0.4984375 0.721875 0.04296875 0.07734375
0 0.4140625 0.775 0.05234375 0.03046875
0 0.4125 0.7484375 0.0453125 0.0171875
0 0.33515625 0.7625 0.09921875 0.0734375
0 0.25625 0.7875 0.05390625 0.10703125
0 0.14296875 0.84296875 0.03515625 0.053125
0 0.13046875 0.7921875 0.05234375 0.040625
0 0.58125 0.7 0.03671875 0.021875
0 0.11015625 0.8734375 0.021875 0.05546875
0 0.046875 0.8765625 0.01953125 0.08125
0 0.01796875 0.88515625 0.0234375 0.05625
0 0.98203125 0.52109375 0.0125 0.06328125
0 0.9671875 0.525 0.01328125 0.065625
0 0.94375 0.52890625 0.01953125 0.0625
0 0.92421875 0.534375 0.0140625 0.0671875
0 0.9046875 0.5375 0.0140625 0.0671875
0 0.88046875 0.546875 0.02578125 0.0625
0 0.07890625 0.87890625 0.02734375 0.04375
0 0.58359375 0.7265625 0.03828125 0.0296875
0 0.68515625 0.69296875 0.03046875 0.009375