0 0.1171875 0.47890625 0.02578125 0.10625
0 0.25078125 0.41015625 0.03125 0.109375
0 0.215625 0.409375 0.034375 0.109375
0 0.16875 0.33828125 0.04375 0.1125
0 0.121875 0.33203125 0.03359375 0.10859375
0 0.04921875 0.334375 0.04609375 0.1171875
0 0.0125 0.33046875 0.025 0.121875
0 0.87109375 0.2953125 0.0125 0.0734375
0 0.8578125 0.2953125 0.009375 0.06640625
0 0.84609375 0.29140625 0.0109375 0.06875
0 0.83359375 0.29140625 0.01171875 0.06796875
0 0.8234375 0.29140625 0.009375 0.065625
0 0.81328125 0.29453125 0.01171875 0.07265625
0 0.79921875 0.29140625 0.01171875 0.078125
0 0.78515625 0.2875 0.015625 0.0734375
0 0.77109375 0.28515625 0.0125 0.07734375
0 0.28515625 0.4078125 0.0328125 0.109375
0 0.31640625 0.409375 0.0296875 0.10390625
0 0.346875 0.40703125 0.0265625 0.10078125
0 0.37421875 0.40625 0.02734375 0.1015625
0 0.7375 0.3984375 0.01171875 0.07265625
0 0.7234375 0.39609375 0.0140625 0.0734375
0 0.7078125 0.39765625 0.0171875 0.07578125
0 0.6921875 0.3984375 0.01484375 0.07578125
0 0.67578125 0.396875 0.01796875 0.07734375
0 0.66015625 0.39765625 0.01484375 0.0765625
0 0.6421875 0.3984375 0.01796875 0.084375
0 0.7578125 0.2859375 0.01171875 0.07734375
0 0.62421875 0.4 0.0171875 0.08359375
0 0.546875 0.41796875 0.02109375 0.0546875
0 0.528125 0.4140625 0.015625 0.05859375
0 0.50703125 0.403125 0.02265625 0.09296875
0 0.48046875 0.40390625 0.02578125 0.0890625
0 0.45546875 0.40703125 0.0234375 0.09453125
0 0.4296875 0.40546875 0.02421875 0.0921875
0 0.40234375 0.40546875 0.02734375 0.09765625
0 0.60859375 0.4 0.0125 0.08125
0 0.75078125 0.3953125 0.01328125 0.06953125
0 0.74375 0.28515625 0.0171875 0.07578125
0 0.715625 0.28125 0.0140625 0.08203125
0 0.09609375 0.16640625 0.0390625 0.11875
0 0.053125 0.1625 0.04296875 0.11484375
0 0.0140625 0.15390625 0.028125 0.12421875
0 0.73125 0.178125 0.01171875 0.046875
0 0.7484375 0.175 0.015625 0.0453125
0 0.74921875 0.13359375 0.0171875 0.0421875
0 0.73671875 0.1296875 0.01015625 0.0453125
0 0.71875 0.12578125 0.01640625 0.04765625
0 0.71328125 0.1734375 0.02578125 0.04453125
0 0.68671875 0.15390625 0.0140625 0.06875
0 0.6625 0.12265625 0.02578125 0.0234375
0 0.66171875 0.1578125 0.01640625 0.046875
0 0.865625 0.4734375 0.0078125 0.06328125
0 0.61171875 0.14296875 0.0234375 0.05703125
0 0.58203125 0.14453125 0.0171875 0.040625
0 0.1375 0.1734375 0.0375 0.10859375
0 0.17421875 0.1765625 0.034375 0.11796875
0 0.21640625 0.23046875 0.03515625 0.115625
0 0.25234375 0.23515625 0.034375 0.1046875
0 0.69921875 0.28046875 0.0125 0.08125
0 0.68359375 0.2796875 0.01953125 0.0828125
0 0.665625 0.27890625 0.01484375 0.078125
0 0.65 0.27578125 0.015625 0.0828125
0 0.6296875 0.2765625 0.02109375 0.08515625
0 0.61171875 0.27421875 0.01484375 0.08984375
0 0.5453125 0.33359375 0.02578125 0.0984375
0 0.728125 0.28515625 0.01171875 0.07109375
0 0.58203125 0.3609375 0.0359375 0.09765625
0 0.4609375 0.2578125 0.02734375 0.10078125
0 0.43359375 0.25625 0.028125 0.09609375
0 0.4078125 0.2515625 0.02265625 0.103125
0 0.3796875 0.24921875 0.034375 0.09453125
0 0.35 0.24296875 0.0234375 0.10390625
0 0.31875 0.24375 0.03671875 0.10078125
0 0.284375 0.2375 0.028125 0.1109375
0 0.48828125 0.26328125 0.02578125 0.09140625
0 0.7640625 0.396875 0.0125 0.06875
0 0.77890625 0.3953125 0.0140625 0.06875
0 0.79296875 0.39453125 0.01171875 0.0671875
0 0.86171875 0.61953125 0.00859375 0.053125
0 0.853125 0.621875 0.00859375 0.053125
0 0.84453125 0.62421875 0.00859375 0.059375
0 0.83515625 0.63046875 0.00703125 0.05625
0 0.8265625 0.6328125 0.0078125 0.06015625
0 0.81640625 0.6359375 0.01171875 0.05859375
0 0.86484375 0.67109375 0.009375 0.0453125
0 0.85625 0.67265625 0.00703125 0.04609375
0 0.84765625 0.678125 0.009375 0.046875
0 0.8390625 0.684375 0.00859375 0.04375
0 0.83125 0.68671875 0.00625 0.04375
0 0.825 0.6890625 0.00703125 0.04765625
0 0.8171875 0.69453125 0.00859375 0.053125
0 0.8078125 0.69453125 0.00859375 0.059375
0 0.7984375 0.69609375 0.009375 0.05703125
0 0.87109375 0.61796875 0.0109375 0.05546875
0 0.61640625 0.690625 0.0078125 0.07421875
0 0.60390625 0.70078125 0.0171875 0.0765625
0 0.50234375 0.521875 0.02265625 0.09140625
0 0.87578125 0.47265625 0.0140625 0.0609375
0 0.76015625 0.4875 0.0140625 0.0671875
0 0.746875 0.48984375 0.0125 0.06953125
0 0.73203125 0.49140625 0.0125 0.07265625
0 0.71796875 0.49375 0.01171875 0.0734375
0 0.7046875 0.49609375 0.0125 0.071875
0 0.68828125 0.49921875 0.01640625 0.071875
0 0.78828125 0.69765625 0.01015625 0.0625
0 0.671875 0.4984375 0.01640625 0.0703125
0 0.6390625 0.50625 0.015625 0.0765625
0 0.621875 0.51015625 0.015625 0.07578125
0 0.6046875 0.51171875 0.01875 0.0734375
0 0.5859375 0.5125 0.01640625 0.0765625
0 0.56640625 0.51484375 0.01796875 0.08515625
0 0.54375 0.51796875 0.0234375 0.0859375
0 0.5234375 0.5171875 0.01640625 0.08671875
0 0.6546875 0.50390625 0.01640625 0.0796875
0 0.778125 0.70390625 0.00859375 0.05703125
0 0.7671875 0.70546875 0.00859375 0.06171875
0 0.75859375 0.709375 0.00859375 0.0609375
0 0.09140625 0.584375 0.02890625 0.10234375
0 0.05390625 0.59765625 0.034375 0.10390625
0 0.0203125 0.5953125 0.03203125 0.10546875
0 0.1765625 0.47265625 0.02109375 0.103125
0 0.14921875 0.475 0.03203125 0.103125
0 0.0859375 0.4765625 0.0328125 0.11015625
0 0.05078125 0.48359375 0.03359375 0.11484375
0 0.12109375 0.58359375 0.0296875 0.10234375
0 0.015625 0.48203125 0.03125 0.1140625
0 0.86953125 0.3953125 0.0078125 0.06171875
0 0.85859375 0.39375 0.01015625 0.065625
0 0.84765625 0.39453125 0.01015625 0.0640625
0 0.8375 0.3921875 0.01171875 0.065625
0 0.825 0.39296875 0.01171875 0.06640625
0 0.8125 0.3921875 0.01015625 0.06640625
0 0.80234375 0.39609375 0.009375 0.06796875
0 0.88203125 0.39375 0.0140625 0.06015625
0 0.56640625 0.1453125 0.0109375 0.0359375
0 0.1515625 0.5765625 0.0234375 0.0953125
0 0.21640625 0.55859375 0.034375 0.11171875
0 0.7484375 0.71171875 0.01015625 0.065625
0 0.84453125 0.478125 0.01015625 0.06640625
0 0.83515625 0.47890625 0.009375 0.0640625
0 0.8234375 0.47890625 0.01171875 0.0671875
0 0.8109375 0.4796875 0.01328125 0.06484375
0 0.8 0.48203125 0.0109375 0.065625
0 0.7890625 0.48203125 0.01015625 0.06796875
0 0.17890625 0.575 0.0234375 0.096875
0 0.478125 0.52421875 0.02265625 0.08828125
0 0.42890625 0.53203125 0.02265625 0.0921875
0 0.403125 0.5375 0.025 0.09609375
0 0.37578125 0.53828125 0.02890625 0.09765625
0 0.346875 0.5421875 0.02578125 0.10078125
0 0.3171875 0.54921875 0.0296875 0.103125
0 0.28515625 0.54921875 0.0328125 0.10390625
0 0.25 0.5578125 0.03203125 0.11328125
0 0.453125 0.53125 0.02578125 0.09375
0 0.53359375 0.12578125 0.028125 0.0546875
0 0.640625 0.1578125 0.025 0.0453125
0 0.50703125 0.11484375 0.01484375 0.0703125
0 0.33984375 0.7859375 0.01875 0.1
0 0.3609375 0.77890625 0.02109375 0.090625
0 0.38046875 0.77578125 0.01875 0.09765625
0 0.40234375 0.7703125 0.01796875 0.0875
0 0.4234375 0.76328125 0.015625 0.1
0 0.43984375 0.7546875 0.015625 0.090625
0 0.4578125 0.7515625 0.01484375 0.0875
0 0.4796875 0.72265625 0.0203125 0.05703125
0 0.49765625 0.71796875 0.01328125 0.06875
0 0.51328125 0.709375 0.01328125 0.06171875
0 0.5265625 0.709375 0.01015625 0.0609375
0 0.5390625 0.70390625 0.01328125 0.05625
0 0.55390625 0.7 0.01171875 0.0609375
0 0.22578125 0.921875 0.028125 0.08515625
0 0.25390625 0.91328125 0.02578125 0.09609375
0 0.31875 0.7921875 0.01875 0.09140625
0 0.29765625 0.79609375 0.01875 0.1046875
0 0.27578125 0.80546875 0.0203125 0.09765625
0 0.25234375 0.81640625 0.0203125 0.103125
0 0.76484375 0.5765625 0.00703125 0.0515625
0 0.77578125 0.575 0.0125 0.04921875
0 0.5328125 0.0859375 0.028125 0.01953125
0 0.7859375 0.57421875 0.00703125 0.04765625
0 0.80546875 0.56875 0.00703125 0.046875
0 0.8203125 0.565625 0.00859375 0.0515625
0 0.81171875 0.56640625 0.00625 0.04765625
0 0.27734375 0.903125 0.0171875 0.084375
0 0.83046875 0.56015625 0.009375 0.04296875
0 0.84765625 0.5578125 0.00703125 0.0421875
0 0.86171875 0.55546875 0.00703125 0.04375
0 0.871875 0.55078125 0.0078125 0.04296875
0 0.8546875 0.55546875 0.00703125 0.0421875
0 0.1390625 0.8921875 0.05 0.03515625
0 0.05546875 0.9078125 0.1109375 0.071875
0 0.22578125 0.825 0.02734375 0.09609375
0 0.83984375 0.559375 0.0078125 0.04609375
0 0.2984375 0.8953125 0.01953125 0.09296875
0 0.31953125 0.88359375 0.01796875 0.0796875
0 0.3421875 0.88203125 0.02109375 0.0828125
0 0.6375 0.68828125 0.009375 0.06796875
0 0.6515625 0.68515625 0.01796875 0.07421875
0 0.665625 0.6828125 0.00859375 0.071875
0 0.67578125 0.68046875 0.0125 0.07421875
0 0.6859375 0.67734375 0.00859375 0.0671875
0 0.70078125 0.66953125 0.01171875 0.0671875
0 0.7109375 0.66875 0.01015625 0.065625
0 0.62734375 0.69453125 0.0109375 0.0796875
0 0.72265625 0.66640625 0.01328125 0.0703125
0 0.73203125 0.728125 0.01015625 0.0578125
0 0.71875 0.73125 0.0109375 0.05859375
0 0.70703125 0.7359375 0.0109375 0.0640625
0 0.69375 0.740625 0.01171875 0.0625
0 0.68359375 0.74296875 0.01015625 0.05859375
0 0.67265625 0.74921875 0.0109375 0.06484375
0 0.66171875 0.7515625 0.00703125 0.0625
0 0.73515625 0.66328125 0.00703125 0.05859375
0 0.75703125 0.5796875 0.00703125 0.05
0 0.65078125 0.7546875 0.0109375 0.06796875
0 0.62421875 0.76953125 0.0140625 0.06875
0 0.36171875 0.86953125 0.01484375 0.078125
0 0.38203125 0.865625 0.0203125 0.0734375
0 0.40078125 0.85390625 0.01640625 0.07421875
0 0.41953125 0.8515625 0.01875 0.06640625
0 0.43828125 0.8375 0.01171875 0.0734375
0 0.45546875 0.8328125 0.015625 0.07421875
0 0.47734375 0.8203125 0.01875 0.08359375
0 0.6375 0.76328125 0.01171875 0.06484375
0 0.49453125 0.8140625 0.0125 0.08671875
0 0.52578125 0.80390625 0.01015625 0.0890625
0 0.540625 0.79296875 0.0125 0.08359375
0 0.55390625 0.7875 0.01171875 0.07578125
0 0.56796875 0.78125 0.01171875 0.0859375
0 0.58359375 0.775 0.0140625 0.0828125
0 0.59765625 0.778125 0.01484375 0.0671875
0 0.6109375 0.77265625 0.00859375 0.06484375
0 0.5109375 0.809375 0.015625 0.08671875
0 0.7484375 0.58203125 0.0078125 0.05
0 0.7953125 0.57265625 0.01015625 0.05
0 0.7296875 0.5859375 0.00703125 0.0515625
0 0.28125 0.6875 0.0171875 0.07734375
0 0.26015625 0.69296875 0.02109375 0.0734375
0 0.2375 0.7 0.02109375 0.0828125
0 0.21328125 0.70390625 0.02265625 0.078125
0 0.7390625 0.58359375 0.01015625 0.0484375
0 0.0078125 0.7375 0.015625 0.1109375
0 0.775 0.48671875 0.0140625 0.071875
0 0.05625 0.0390625 0.03125 0.065625
0 0.09375 0.0359375 0.03203125 0.0625
0 0.1265625 0.04453125 0.03125 0.08359375
0 0.1578125 0.04765625 0.03125 0.07890625
0 0.184375 0.0484375 0.01953125 0.08515625
0 0.30234375 0.68203125 0.0171875 0.0703125
0 0.22265625 0.0515625 0.0390625 0.0828125
0 0.278125 0.059375 0.0296875 0.09609375
0 0.30625 0.06171875 0.02578125 0.10859375
0 0.34140625 0.0875 0.02734375 0.05703125
0 0.34140625 0.046875 0.03046875 0.015625
0 0.36953125 0.09296875 0.025 0.06328125
0 0.39140625 0.10703125 0.0109375 0.05234375
0 0.40625 0.1046875 0.01015625 0.053125
0 0.421875 0.10703125 0.015625 0.0578125
0 0.43984375 0.08203125 0.02265625 0.11796875
0 0.46796875 0.1171875 0.0296875 0.05859375
0 0.46953125 0.059375 0.02890625 0.0546875
0 0.4921875 0.1078125 0.015625 0.08359375
0 0.2515625 0.05625 0.02109375 0.09609375
0 0.32265625 0.67578125 0.01953125 0.07890625
0 0.0359375 0.73515625 0.03515625 0.1203125
0 0.36640625 0.6671875 0.0171875 0.07265625
0 0.51328125 0.634375 0.01484375 0.06328125
0 0.52890625 0.63203125 0.01171875 0.0640625
0 0.54921875 0.62734375 0.01796875 0.06171875
0 0.56484375 0.62578125 0.0125 0.06015625
0 0.57734375 0.621875 0.01015625 0.053125
0 0.590625 0.61796875 0.01171875 0.0578125
0 0.603125 0.61484375 0.01171875 0.05625
0 0.615625 0.6140625 0.0109375 0.05703125
0 0.62734375 0.61015625 0.0109375 0.05859375
0 0.6390625 0.60625 0.01015625 0.06015625
0 0.65 0.6015625 0.01015625 0.0546875
0 0.66015625 0.60234375 0.00859375 0.0546875
0 0.66953125 0.6 0.01171875 0.05546875
0 0.68046875 0.5984375 0.0078125 0.0578125
0 0.69296875 0.59375 0.0125 0.05234375
0 0.70703125 0.59140625 0.01015625 0.0515625
0 0.71796875 0.5875 0.0125 0.05234375
0 0.4984375 0.6375 0.01328125 0.06484375
0 0.3453125 0.6703125 0.02109375 0.071875
0 0.85546875 0.47578125 0.0109375 0.0609375
0 0.484375 0.63984375 0.0125 0.06171875
0 0.4578125 0.6453125 0.0078125 0.06796875
0 0.44296875 0.653125 0.0171875 0.06875
0 0.425 0.6546875 0.0171875 0.0703125
0 0.40546875 0.659375 0.01796875 0.07265625
0 0.3859375 0.6609375 0.01875 0.06796875
0 0.46953125 0.64375 0.01328125 0.0671875