0 0.30625 0.40078125 0.028125 0.0328125
0 0.615625 0.3140625 0.03046875 0.06484375
0 0.64609375 0.309375 0.0296875 0.07578125
0 0.07578125 0.40078125 0.02265625 0.03359375
0 0.09921875 0.3953125 0.0234375 0.046875
0 0.12421875 0.39453125 0.02578125 0.04609375
0 0.15 0.39453125 0.02578125 0.0453125
0 0.2703125 0.38671875 0.03984375 0.03671875
0 0.31953125 0.328125 0.0265625 0.0484375
0 0.55390625 0.321875 0.02578125 0.05078125
0 0.75625 0.21015625 0.04375 0.009375
0 0.721875 0.2328125 0.01953125 0.046875
0 0.70390625 0.23125 0.0171875 0.046875
0 0.684375 0.2328125 0.02265625 0.05078125
0 0.65859375 0.23515625 0.02109375 0.04609375
0 0.63515625 0.24296875 0.01953125 0.02890625
0 0.61484375 0.24296875 0.01875 0.0296875
0 0.58984375 0.23359375 0.0296875 0.05
0 0.3328125 0.4 0.0234375 0.0328125
0 0.559375 0.2328125 0.02734375 0.05234375
0 0.53125 0.24375 0.02890625 0.02890625
0 0.50234375 0.2453125 0.0296875 0.03125
0 0.47109375 0.23515625 0.03046875 0.04765625
0 0.4421875 0.23671875 0.025 0.04921875
0 0.4125 0.25078125 0.0328125 0.01953125
0 0.378125 0.25078125 0.03125 0.02109375
0 0.34375 0.2515625 0.0359375 0.02109375
0 0.3828125 0.22890625 0.03359375 0.02109375
0 0.515625 0.453125 0.05859375 0.046875
0 0.75625 0.21875 0.04765625 0.0078125
0 0.78359375 0.2390625 0.05390625 0.0328125
0 0.8171875 0.309375 0.04140625 0.02734375
0 0.86953125 0.30390625 0.0640625 0.034375
0 0.52734375 0.32265625 0.0265625 0.0484375
0 0.49765625 0.32421875 0.02265625 0.05078125
0 0.46796875 0.3296875 0.03125 0.0421875
0 0.4265625 0.29921875 0.025 0.0140625
0 0.4375 0.32890625 0.02265625 0.0421875
0 0.415625 0.3296875 0.02265625 0.04296875
0 0.39296875 0.3359375 0.01796875 0.0296875
0 0.3703125 0.3359375 0.01875 0.03046875
0 0.34765625 0.328125 0.025 0.05
0 0.58515625 0.315625 0.0265625 0.0640625
0 0.2875 0.30859375 0.028125 0.0328125
0 0.26484375 0.340625 0.01953125 0.025
0 0.09921875 0.3421875 0.03359375 0.02578125
0 0.0578125 0.34296875 0.0328125 0.03359375
0 0.02734375 0.34453125 0.0265625 0.03046875
0 0.16484375 0.3265625 0.06015625 0.0453125
0 0.10859375 0.31484375 0.0421875 0.02421875
0 0.0171875 0.31171875 0.03359375 0.03046875
0 0.06015625 0.3109375 0.05078125 0.028125
0 0.940625 0.30390625 0.07421875 0.0390625
0 0.28828125 0.3390625 0.02578125 0.02890625
0 0.36328125 0.3890625 0.0296875 0.046875
0 0.615625 0.3953125 0.02109375 0.0265625
0 0.4078125 0.3984375 0.02109375 0.028125
0 0.58046875 0.38359375 0.01328125 0.04140625
0 0.565625 0.471875 0.03046875 0.028125
0 0.0765625 0.4609375 0.01328125 0.01171875
0 0.05234375 0.48515625 0.01640625 0.0109375
0 0.03828125 0.48671875 0.01171875 0.01171875
0 0.02421875 0.48671875 0.015625 0.0109375
0 0.0234375 0.475 0.0171875 0.01015625
0 0.03828125 0.475 0.0140625 0.00859375
0 0.05234375 0.4734375 0.0109375 0.01171875
0 0.05078125 0.46328125 0.01328125 0.00859375
0 0.0375 0.4640625 0.01328125 0.0125
0 0.0234375 0.46484375 0.01484375 0.01171875
0 0.94921875 0.35234375 0.04609375 0.01875
0 0.97890625 0.37109375 0.040625 0.01796875
0 0.98359375 0.4 0.03203125 0.03671875
0 0.9015625 0.38515625 0.05 0.05625
0 0.85625 0.3875 0.0328125 0.0578125
0 0.81953125 0.39375 0.0390625 0.06328125
0 0.7875 0.3828125 0.02109375 0.046875
0 0.76640625 0.39140625 0.01953125 0.02890625
0 0.74375 0.38359375 0.02578125 0.05078125
0 0.6359375 0.38515625 0.01796875 0.04375
0 0.6625 0.39140625 0.028125 0.03515625
0 0.69296875 0.39375 0.03046875 0.03125
0 0.7203125 0.3921875 0.02109375 0.03203125
0 0.56015625 0.38515625 0.02265625 0.05
0 0.38828125 0.396875 0.01875 0.0328125
0 0.53359375 0.39609375 0.0265625 0.03359375
0 0.48046875 0.39453125 0.025 0.03671875
0 0.43046875 0.38984375 0.021875 0.04453125
0 0.4546875 0.3890625 0.025 0.0484375
0 0.440625 0.4546875 0.00859375 0.05390625
0 0.47734375 0.4546875 0.01015625 0.05390625
0 0.46796875 0.4546875 0.009375 0.0546875
0 0.45859375 0.4546875 0.009375 0.05625
0 0.45 0.45625 0.01015625 0.05390625
0 0.43125 0.45625 0.009375 0.05234375
0 0.41484375 0.46328125 0.021875 0.0453125
0 0.3921875 0.471875 0.0203125 0.03046875
0 0.3671875 0.4609375 0.02578125 0.0515625
0 0.340625 0.46015625 0.0234375 0.05234375
0 0.31328125 0.46953125 0.0265625 0.0328125
0 0.265625 0.4625 0.0625 0.04609375
0 0.2 0.4609375 0.06640625 0.05078125
0 0.11015625 0.4828125 0.01484375 0.009375
0 0.09609375 0.48359375 0.01171875 0.01015625
0 0.08203125 0.484375 0.0140625 0.009375
0 0.10859375 0.4734375 0.01484375 0.01015625
0 0.09296875 0.4734375 0.01484375 0.009375
0 0.078125 0.4734375 0.01484375 0.00859375
0 0.21796875 0.38125 0.05703125 0.02421875
0 0.20078125 0.409375 0.06796875 0.0140625
0 0.10546875 0.46171875 0.01328125 0.01015625
0 0.09140625 0.46171875 0.01328125 0.01015625
0 0.50546875 0.39453125 0.02734375 0.03671875
0 0.34765625 0.22890625 0.03359375 0.02109375
0 0.67109375 0.31796875 0.01328125 0.0546875
0 0.240625 0.25234375 0.034375 0.0203125
0 0.5015625 0.5390625 0.021875 0.034375
0 0.52578125 0.53828125 0.0234375 0.0328125
0 0.55078125 0.53828125 0.025 0.034375
0 0.5765625 0.53125 0.025 0.04375
0 0.603125 0.53203125 0.025 0.04140625
0 0.628125 0.53203125 0.02421875 0.04296875
0 0.478125 0.5390625 0.0234375 0.034375
0 0.65234375 0.528125 0.0234375 0.0375
0 0.7015625 0.53046875 0.02421875 0.0421875
0 0.728125 0.52734375 0.02578125 0.04296875
0 0.753125 0.52734375 0.0265625 0.04765625
0 0.78359375 0.5265625 0.025 0.05078125
0 0.0328125 0.6 0.0203125 0.03046875
0 0.05390625 0.6 0.01875 0.0296875
0 0.6765625 0.53046875 0.025 0.04296875
0 0.0765625 0.59921875 0.02109375 0.028125
0 0.45234375 0.5390625 0.02421875 0.03515625
0 0.403125 0.54140625 0.02109375 0.034375
0 0.084375 0.53125 0.01953125 0.01328125
0 0.1078125 0.53046875 0.0203125 0.00859375
0 0.12890625 0.53046875 0.01953125 0.01015625
0 0.09296875 0.55234375 0.02421875 0.01328125
0 0.1171875 0.553125 0.02109375 0.01796875
0 0.16640625 0.5375 0.03984375 0.0453125
0 0.278125 0.2515625 0.0359375 0.02265625
0 0.2015625 0.53984375 0.02890625 0.04140625
0 0.25546875 0.5421875 0.02421875 0.03671875
0 0.28046875 0.5421875 0.02265625 0.03125
0 0.30546875 0.5390625 0.02265625 0.034375
0 0.32890625 0.53359375 0.02109375 0.0296875
0 0.3515625 0.53828125 0.021875 0.03125
0 0.37890625 0.540625 0.02421875 0.03515625
0 0.2296875 0.5390625 0.021875 0.034375
0 0.06328125 0.53203125 0.02265625 0.0109375
0 0.096875 0.59921875 0.02109375 0.03125
0 0.00625 0.59765625 0.0125 0.0140625
0 0.48515625 0.58125 0.0234375 0.025
0 0.51640625 0.61875 0.0296875 0.040625
0 0.54609375 0.61875 0.028125 0.04375
0 0.575 0.61875 0.03125 0.0421875
0 0.6046875 0.6171875 0.02265625 0.0453125
0 0.6328125 0.61640625 0.03046875 0.04140625
0 0.4625 0.58203125 0.02265625 0.02578125
0 0.66171875 0.615625 0.0234375 0.04609375
0 0.76875 0.59765625 0.04140625 0.07421875
0 0.80703125 0.5953125 0.03359375 0.0734375
0 0.846875 0.5953125 0.0421875 0.07265625
0 0.89140625 0.590625 0.0453125 0.0703125
0 0.94453125 0.5953125 0.04765625 0.07265625
0 0.984375 0.58671875 0.03125 0.07890625
0 0.7140625 0.621875 0.06484375 0.0234375
0 0.11875 0.5984375 0.01953125 0.03125
0 0.4390625 0.5828125 0.02265625 0.02578125
0 0.390625 0.5828125 0.0234375 0.02578125
0 0.0078125 0.6203125 0.015625 0.01171875
0 0.00859375 0.64140625 0.0171875 0.00859375
0 0.00625 0.63203125 0.0125 0.0078125
0 0.0078125 0.6109375 0.01484375 0.0078125
0 0.03515625 0.63046875 0.02109375 0.02734375
0 0.05703125 0.63046875 0.02265625 0.028125
0 0.415625 0.5828125 0.02421875 0.02578125
0 0.07890625 0.6296875 0.02109375 0.028125
0 0.121875 0.6296875 0.02265625 0.0296875
0 0.25703125 0.615625 0.02109375 0.04296875
0 0.28046875 0.615625 0.025 0.04375
0 0.30546875 0.615625 0.0234375 0.04375
0 0.33046875 0.61484375 0.02421875 0.04609375
0 0.35390625 0.6140625 0.0234375 0.04453125
0 0.10078125 0.6296875 0.0171875 0.0296875
0 0.128125 0.51875 0.025 0.0125
0 0.42734375 0.540625 0.025 0.0375
0 0.0796875 0.51875 0.01875 0.01328125
0 0.61015625 0.10625 0.05625 0.04296875
0 0.58125 0.16640625 0.01484375 0.05234375
0 0.55390625 0.153125 0.040625 0.07734375
0 0.5953125 0.4625 0.025 0.03125
0 0.6234375 0.46328125 0.0296875 0.0328125
0 0.65546875 0.45703125 0.0265625 0.04921875
0 0.66640625 0.10546875 0.05078125 0.04140625
0 0.67734375 0.4625 0.015625 0.0328125
0 0.5171875 0.15546875 0.03125 0.07421875
0 0.10546875 0.51875 0.02109375 0.01015625
0 0.4453125 0.17421875 0.03984375 0.0421875
0 0.40625 0.16953125 0.0296875 0.05078125
0 0.375 0.17109375 0.025 0.04609375
0 0.33828125 0.16640625 0.040625 0.05234375
0 0.696875 0.45546875 0.01953125 0.04375
0 0.290625 0.171875 0.0390625 0.05078125
0 0.6234375 0.159375 0.05703125 0.05546875
0 0.7375 0.159375 0.046875 0.05703125
0 0.2109375 0.23125 0.03359375 0.02109375
0 0.20703125 0.25390625 0.03125 0.02265625
0 0.17578125 0.24375 0.0296875 0.040625
0 0.0109375 0.228125 0.021875 0.02265625
0 0.1390625 0.24453125 0.0390625 0.03828125
0 0.0984375 0.24375 0.034375 0.03984375
0 0.68359375 0.15703125 0.05546875 0.059375
0 0.06484375 0.2515625 0.028125 0.02421875
0 0.04375 0.22578125 0.03828125 0.02109375
0 0.978125 0.2046875 0.04296875 0.06328125
0 0.92578125 0.21328125 0.06015625 0.0484375
0 0.93671875 0.12578125 0.0734375 0.06171875
0 0.8578125 0.1234375 0.0859375 0.06953125
0 0.78671875 0.1625 0.05 0.04765625
0 0.0328125 0.2515625 0.028125 0.02109375
0 0.24140625 0.18203125 0.0421875 0.0265625
0 0.484375 0.18046875 0.03046875 0.02578125
0 0.14921875 0.1796875 0.0390625 0.03203125
0 0.74296875 0.31796875 0.0109375 0.05546875
0 0.7625 0.31796875 0.00859375 0.05546875
0 0.7828125 0.31640625 0.0109375 0.05625
0 0.79296875 0.315625 0.0109375 0.05546875
0 0.771875 0.31640625 0.00859375 0.05546875
0 0.75390625 0.3171875 0.009375 0.05625
0 0.734375 0.3171875 0.009375 0.0546875
0 0.83515625 0.484375 0.025 0.065625
0 0.18984375 0.1625 0.0375 0.06875
0 0.92734375 0.490625 0.03203125 0.06484375
0 0.971875 0.4859375 0.05546875 0.0734375
0 0.01484375 0.51015625 0.0140625 0.01015625
0 0.02890625 0.51015625 0.01171875 0.009375
0 0.0421875 0.51015625 0.0140625 0.00859375
0 0.015625 0.5203125 0.015625 0.0109375
0 0.0296875 0.51953125 0.0109375 0.0109375
0 0.04375 0.51875 0.0140625 0.0078125
0 0.0234375 0.53671875 0.028125 0.01796875
0 0.040625 0.5546875 0.0234375 0.0140625
0 0.065625 0.5546875 0.02109375 0.01484375
0 0.0609375 0.51953125 0.01953125 0.01328125
0 0.72265625 0.3171875 0.01328125 0.05703125
0 0.69140625 0.3171875 0.00859375 0.05390625
0 0.8921875 0.490625 0.034375 0.0640625
0 0.709375 0.3171875 0.009375 0.05703125
0 0.7 0.31796875 0.009375 0.0578125
0 0.68203125 0.3171875 0.009375 0.05703125
0 0.778125 0.4640625 0.02421875 0.0265625
0 0.74140625 0.4765625 0.05234375 0.00859375
0 0.7390625 0.46640625 0.053125 0.0109375
0 0.03515625 0.1609375 0.02421875 0.06796875
0 0.0640625 0.15625 0.03359375 0.0765625
0 0.10078125 0.15546875 0.0375 0.0765625