0 0.42890625 0.275 0.06875 0.040625
0 0.56171875 0.171875 0.0921875 0.04296875
0 0.5625 0.2140625 0.09296875 0.03984375
0 0.65234375 0.2171875 0.08125 0.0328125
0 0.65390625 0.1796875 0.08125 0.040625
0 0.734375 0.18046875 0.07421875 0.0375
0 0.7359375 0.2203125 0.078125 0.0359375
0 0.8046875 0.14921875 0.0484375 0.06328125
0 0.80390625 0.2109375 0.0515625 0.059375
0 0.85078125 0.2140625 0.0390625 0.04921875
0 0.12109375 0.790625 0.08828125 0.03671875
0 0.1078125 0.84296875 0.09140625 0.065625
0 0.2015625 0.84140625 0.0921875 0.06328125
0 0.209375 0.790625 0.084375 0.034375
0 0.31875 0.8234375 0.13359375 0.0890625
0 0.45546875 0.82109375 0.13359375 0.08671875
0 0.56484375 0.8109375 0.084375 0.109375
0 0.65078125 0.81015625 0.08125 0.10859375
0 0.73828125 0.771875 0.07890625 0.05078125
0 0.73828125 0.83203125 0.078125 0.06484375
0 0.81953125 0.83203125 0.078125 0.0640625
0 0.49921875 0.2765625 0.06875 0.0421875
0 0.5671875 0.27890625 0.06875 0.03671875
0 0.6390625 0.2796875 0.07578125 0.03828125
0 0.71796875 0.28046875 0.08046875 0.0359375
0 0.2671875 0.15390625 0.021875 0.0109375
0 0.28046875 0.1921875 0.03203125 0.059375
0 0.34921875 0.3078125 0.0828125 0.03203125
0 0.375 0.13359375 0.08125 0.01796875
0 0.38046875 0.16484375 0.0828125 0.04375
0 0.378125 0.209375 0.08359375 0.04140625
0 0.4671875 0.16484375 0.08671875 0.04921875
0 0.46796875 0.2109375 0.07890625 0.04140625
0 0.5625 0.1265625 0.0890625 0.046875
0 0.10859375 0.41484375 0.07109375 0.03125
0 0.03671875 0.46796875 0.06796875 0.09296875
0 0.18046875 0.37734375 0.0703125 0.040625
0 0.11328125 0.378125 0.0640625 0.04140625
0 0.03828125 0.3609375 0.071875 0.07890625
0 0.4265625 0.31640625 0.07109375 0.0390625
0 0.496875 0.315625 0.06796875 0.0328125
0 0.56484375 0.31875 0.06875 0.0375
0 0.63828125 0.3203125 0.0734375 0.03671875
0 0.715625 0.3203125 0.08203125 0.0375
0 0.79375 0.3203125 0.07578125 0.0359375
0 0.8921875 0.31875 0.11328125 0.034375
0 0.89765625 0.284375 0.128125 0.0265625
0 0.79453125 0.28125 0.0734375 0.0375
0 0.834375 0.77421875 0.08828125 0.04375
0 0.9546875 0.65390625 0.090625 0.0421875
0 0.79765625 0.703125 0.06875 0.0328125
0 0.24453125 0.18984375 0.0328125 0.0609375
0 0.82890625 0.5953125 0.05859375 0.04140625
0 0.8046875 0.546875 0.0359375 0.04140625
0 0.7609375 0.5515625 0.046875 0.03828125
0 0.76953125 0.59765625 0.05859375 0.04453125
0 0.64140625 0.6015625 0.059375 0.04375
0 0.70078125 0.6015625 0.05625 0.04140625
0 0.70390625 0.5578125 0.06015625 0.0453125
0 0.6375 0.5578125 0.0609375 0.040625
0 0.575 0.60234375 0.05859375 0.03984375
0 0.565625 0.5578125 0.05703125 0.0390625
0 0.9484375 0.59140625 0.06875 0.03125
0 0.5046875 0.55703125 0.06171875 0.0375
0 0.9140625 0.21015625 0.04609375 0.05390625
0 0.96875 0.1546875 0.0625 0.059375
0 0.9703125 0.2203125 0.0484375 0.06328125
0 0.03828125 0.27265625 0.06875 0.05390625
0 0.11953125 0.265625 0.0734375 0.03671875
0 0.19375 0.26796875 0.0640625 0.03984375
0 0.1203125 0.3046875 0.07890625 0.0375
0 0.19609375 0.3046875 0.06796875 0.0328125
0 0.26953125 0.2703125 0.0703125 0.0421875
0 0.3484375 0.2703125 0.08359375 0.03984375
0 0.51328125 0.603125 0.059375 0.0390625
0 0.87265625 0.7046875 0.07421875 0.02734375
0 0.92421875 0.55546875 0.05390625 0.0203125
0 0.04609375 0.7234375 0.05703125 0.03828125
0 0.72421875 0.70390625 0.06875 0.03125
0 0.86953125 0.665625 0.06875 0.046875
0 0.79453125 0.66640625 0.07421875 0.03984375
0 0.72265625 0.66640625 0.05546875 0.0390625
0 0.565625 0.7015625 0.08046875 0.0328125
0 0.646875 0.70234375 0.08203125 0.0296875
0 0.64921875 0.66875 0.08671875 0.03359375
0 0.5578125 0.6578125 0.07109375 0.03515625
0 0.40546875 0.70546875 0.07578125 0.0328125
0 0.4796875 0.70546875 0.071875 0.03046875
0 0.034375 0.6859375 0.05 0.034375
0 0.48359375 0.665625 0.071875 0.0453125
0 0.328125 0.709375 0.06875 0.0296875
0 0.32578125 0.6703125 0.0640625 0.04453125
0 0.25546875 0.66171875 0.06484375 0.03671875
0 0.2546875 0.7015625 0.07421875 0.04296875
0 0.17890625 0.70625 0.07265625 0.03671875
0 0.1921875 0.66640625 0.0421875 0.015625
0 0.1890625 0.6421875 0.04609375 0.01796875
0 0.12890625 0.6375 0.0703125 0.01875
0 0.11640625 0.665625 0.05703125 0.03125
0 0.11015625 0.70859375 0.06640625 0.0359375
0 0.40703125 0.665625 0.0765625 0.046875
0 0.1984375 0.1875 0.05078125 0.06484375
0 0.31640625 0.18046875 0.0359375 0.09453125
0 0.03203125 0.171875 0.06015625 0.0875
0 0.80390625 0.428125 0.0640625 0.05
0 0.89765625 0.4328125 0.0734375 0.04765625
0 0.8984375 0.396875 0.065625 0.0234375
0 0.8953125 0.48046875 0.0765625 0.04375
0 0.809375 0.48125 0.0734375 0.04765625
0 0.10078125 0.56328125 0.06875 0.04375
0 0.73046875 0.4671875 0.0640625 0.0703125
0 0.175 0.56171875 0.08125 0.03984375
0 0.10234375 0.6046875 0.0765625 0.0390625
0 0.28046875 0.6046875 0.134375 0.0390625
0 0.2890625 0.56640625 0.13359375 0.03671875
0 0.28515625 0.53203125 0.14375 0.02890625
0 0.390625 0.56328125 0.05625 0.04140625
0 0.3921875 0.603125 0.05625 0.03671875
0 0.17578125 0.6046875 0.065625 0.040625
0 0.66875 0.46484375 0.05859375 0.06953125
0 0.60234375 0.46796875 0.0703125 0.06171875
0 0.12265625 0.196875 0.09140625 0.03984375
0 0.18046875 0.415625 0.07109375 0.03359375
0 0.1125 0.44921875 0.0671875 0.0375
0 0.184375 0.45 0.06171875 0.0359375
0 0.1859375 0.4828125 0.071875 0.0296875
0 0.1125 0.484375 0.0734375 0.02890625
0 0.25390625 0.39453125 0.0609375 0.071875
0 0.32265625 0.39375 0.0734375 0.0703125
0 0.3953125 0.39609375 0.06171875 0.07578125
0 0.4640625 0.396875 0.07578125 0.07578125
0 0.25625 0.46328125 0.0671875 0.06640625
0 0.325 0.46484375 0.06953125 0.06796875
0 0.3953125 0.46640625 0.065625 0.06171875
0 0.4640625 0.46796875 0.0671875 0.0640625
0 0.534375 0.4015625 0.0578125 0.0671875
0 0.59453125 0.4015625 0.0640625 0.0671875
0 0.446875 0.55625 0.05390625 0.0375
0 0.45234375 0.6015625 0.059375 0.04140625
0 0.5328125 0.4671875 0.0640625 0.0625
0 0.26796875 0.309375 0.0703125 0.03359375