0 0.8125 0.4421875 0.03359375 0.0703125
0 0.20078125 0.36640625 0.084375 0.065625
0 0.1109375 0.36875 0.08984375 0.065625
0 0.03203125 0.3734375 0.0640625 0.07109375
0 0.8734375 0.2015625 0.03671875 0.06796875
0 0.8390625 0.2015625 0.0265625 0.0703125
0 0.81328125 0.19609375 0.02421875 0.0734375
0 0.7875 0.19375 0.02734375 0.0765625
0 0.7578125 0.1921875 0.0265625 0.07890625
0 0.71953125 0.1875 0.04453125 0.0859375
0 0.66640625 0.18984375 0.01953125 0.07890625
0 0.64453125 0.18515625 0.02265625 0.0859375
0 0.60859375 0.184375 0.04609375 0.09140625
0 0.51484375 0.18046875 0.06328125 0.0984375
0 0.409375 0.1734375 0.0640625 0.103125
0 0.34921875 0.17890625 0.04140625 0.10078125
0 0.27421875 0.34375 0.04765625 0.15390625
0 0.31484375 0.346875 0.03046875 0.15078125
0 0.35625 0.340625 0.04921875 0.13984375
0 0.403125 0.340625 0.03828125 0.1421875
0 0.7734375 0.453125 0.0359375 0.071875
0 0.73359375 0.4546875 0.03828125 0.06796875
0 0.68828125 0.465625 0.03984375 0.07578125
0 0.640625 0.4703125 0.0484375 0.065625
0 0.59140625 0.475 0.04453125 0.075
0 0.54140625 0.47578125 0.05234375 0.0796875
0 0.484375 0.50390625 0.04765625 0.05625
0 0.41953125 0.51015625 0.05078125 0.0515625
0 0.36484375 0.515625 0.05390625 0.053125
0 0.29921875 0.5234375 0.06640625 0.0609375
0 0.21640625 0.4921875 0.07734375 0.0921875
0 0.12265625 0.5015625 0.0734375 0.096875
0 0.04140625 0.51328125 0.0828125 0.1046875
0 0.95390625 0.38984375 0.07109375 0.046875
0 0.9578125 0.3484375 0.071875 0.0234375
0 0.95078125 0.3234375 0.071875 0.025
0 0.9546875 0.296875 0.07265625 0.02421875
0 0.9546875 0.25625 0.07421875 0.04609375
0 0.8875 0.346875 0.03828125 0.05
0 0.84296875 0.33828125 0.03828125 0.06875
0 0.8046875 0.340625 0.03359375 0.08046875
0 0.76796875 0.34375 0.03203125 0.07578125
0 0.740625 0.3265625 0.02265625 0.115625
0 0.6703125 0.33203125 0.04921875 0.1171875
0 0.61875 0.365625 0.04765625 0.05625
0 0.5625 0.35625 0.06015625 0.08203125
0 0.4453125 0.3640625 0.04140625 0.0859375
0 0.28671875 0.1703125 0.07734375 0.115625
0 0.18046875 0.22578125 0.0921875 0.0796875
0 0.75703125 0.07890625 0.03671875 0.071875
0 0.97265625 0.1 0.04921875 0.0625
0 0.465625 0.04609375 0.08203125 0.078125
0 0.38515625 0.0390625 0.06640625 0.071875
0 0.28203125 0.034375 0.08671875 0.0625
0 0.18125 0.10234375 0.06640625 0.0671875
0 0.1109375 0.09765625 0.06640625 0.06875
0 0.03046875 0.09375 0.0609375 0.0703125
0 0.8640625 0.640625 0.01953125 0.09921875
0 0.88515625 0.63359375 0.01484375 0.090625
0 0.5203125 0.8796875 0.03046875 0.1109375
0 0.55 0.86875 0.02890625 0.11171875
0 0.4875 0.8921875 0.0328125 0.11171875
0 0.58203125 0.8578125 0.03046875 0.1078125
0 0.63984375 0.83515625 0.02890625 0.1015625
0 0.665625 0.82734375 0.01953125 0.1015625
0 0.6890625 0.81875 0.0203125 0.10625
0 0.71796875 0.8125 0.03203125 0.096875
0 0.753125 0.7953125 0.02890625 0.09609375
0 0.78203125 0.78671875 0.02890625 0.09609375
0 0.81640625 0.76875 0.03046875 0.0890625
0 0.84296875 0.7625 0.02109375 0.09375
0 0.921875 0.6234375 0.01796875 0.0875
0 0.90234375 0.628125 0.01953125 0.09375
0 0.61015625 0.84609375 0.02421875 0.1046875
0 0.078125 0.221875 0.09453125 0.08515625
0 0.453125 0.90078125 0.03203125 0.1171875
0 0.94296875 0.6203125 0.01796875 0.084375
0 0.91484375 0.0953125 0.06171875 0.0671875
0 0.853125 0.084375 0.04921875 0.078125
0 0.80234375 0.08671875 0.04609375 0.065625
0 0.71953125 0.07578125 0.03359375 0.07578125
0 0.68125 0.06796875 0.03515625 0.071875
0 0.6421875 0.06328125 0.0359375 0.0734375
0 0.60390625 0.05859375 0.04140625 0.075
0 0.54609375 0.0546875 0.06796875 0.07734375
0 0.9890625 0.71875 0.02109375 0.0703125
0 0.96875 0.725 0.01640625 0.0765625
0 0.4171875 0.9140625 0.03359375 0.1171875
0 0.95 0.72578125 0.0171875 0.084375
0 0.9109375 0.74140625 0.02421875 0.0875
0 0.8859375 0.74921875 0.0234375 0.0875
0 0.86328125 0.75625 0.01953125 0.0875
0 0.37890625 0.92578125 0.0359375 0.115625
0 0.33828125 0.93671875 0.03984375 0.1265625
0 0.2390625 0.909375 0.09921875 0.0640625
0 0.1359375 0.946875 0.09765625 0.0625
0 0.99375 0.6078125 0.01171875 0.0703125
0 0.97734375 0.6109375 0.01328125 0.075
0 0.96171875 0.615625 0.0171875 0.078125
0 0.9328125 0.734375 0.01484375 0.08828125
0 0.846875 0.44296875 0.03671875 0.06796875
0 0.91875 0.203125 0.03984375 0.05859375
0 0.9171875 0.440625 0.02578125 0.053125
0 0.94296875 0.52109375 0.0234375 0.04921875
0 0.96796875 0.515625 0.021875 0.0484375
0 0.98984375 0.509375 0.01953125 0.0421875
0 0.30859375 0.78984375 0.0375 0.1328125
0 0.3484375 0.7796875 0.03359375 0.1265625
0 0.3890625 0.765625 0.0359375 0.13046875
0 0.42734375 0.75625 0.034375 0.1203125
0 0.4625 0.74765625 0.03203125 0.1171875
0 0.4953125 0.73828125 0.03203125 0.11875
0 0.53046875 0.72734375 0.028125 0.11875
0 0.55859375 0.721875 0.02890625 0.1140625
0 0.59140625 0.7140625 0.03359375 0.1125
0 0.62109375 0.70546875 0.021875 0.1125
0 0.6484375 0.69453125 0.02890625 0.1046875
0 0.67890625 0.69140625 0.028125 0.1109375
0 0.7046875 0.68359375 0.02109375 0.103125
0 0.72578125 0.678125 0.01484375 0.10859375
0 0.74921875 0.6703125 0.02734375 0.09765625
0 0.77578125 0.665625 0.025 0.1046875
0 0.803125 0.6578125 0.028125 0.09296875
0 0.82578125 0.6546875 0.01484375 0.096875
0 0.8453125 0.6453125 0.0203125 0.090625
0 0.8859375 0.43828125 0.034375 0.0625
0 0.91640625 0.52421875 0.02265625 0.0515625
0 0.89375 0.5296875 0.01953125 0.05078125
0 0.7125 0.3265625 0.03046875 0.11484375
0 0.8421875 0.53984375 0.0296875 0.05703125
0 0.0671875 0.659375 0.0890625 0.06875
0 0.86953125 0.534375 0.02578125 0.0515625
0 0.153125 0.64921875 0.075 0.065625
0 0.2359375 0.625 0.08203125 0.0796875
0 0.03828125 0.76796875 0.0765625 0.0546875
0 0.13203125 0.74921875 0.08984375 0.0578125
0 0.02109375 0.87265625 0.0421875 0.0578125
0 0.07109375 0.859375 0.04765625 0.0671875
0 0.12421875 0.84375 0.04921875 0.05625
0 0.1703125 0.8265625 0.04140625 0.0546875
0 0.21328125 0.8171875 0.03828125 0.05390625
0 0.22109375 0.73125 0.08203125 0.0546875
0 0.33046875 0.63046875 0.10234375 0.09375
0 0.41328125 0.6203125 0.05234375 0.0796875
0 0.4609375 0.61015625 0.04140625 0.078125
0 0.50859375 0.6 0.04375 0.071875
0 0.54921875 0.590625 0.034375 0.06875
0 0.58828125 0.578125 0.03984375 0.06796875
0 0.65078125 0.571875 0.05390625 0.0671875
0 0.6984375 0.56171875 0.03671875 0.06875
0 0.74140625 0.55078125 0.04296875 0.0640625
0 0.26171875 0.80625 0.04296875 0.05703125
0 0.81328125 0.54453125 0.02421875 0.05234375
0 0.784375 0.55078125 0.03359375 0.0578125