0 0.18671875 0.5046875 0.028125 0.09296875
0 0.2125 0.503125 0.021875 0.08828125
0 0.1265625 0.19140625 0.03359375 0.09609375
0 0.38359375 0.69296875 0.01875 0.078125
0 0.36484375 0.703125 0.015625 0.0671875
0 0.34375 0.71484375 0.01875 0.08828125
0 0.3234375 0.728125 0.01875 0.0703125
0 0.3015625 0.7375 0.02109375 0.07265625
0 0.27890625 0.75390625 0.0171875 0.08515625
0 0.25703125 0.7640625 0.02265625 0.07421875
0 0.2328125 0.77578125 0.02109375 0.09453125
0 0.20859375 0.7875 0.0234375 0.08359375
0 0.1828125 0.80625 0.0203125 0.09609375
0 0.15625 0.81796875 0.025 0.07890625
0 0.40390625 0.684375 0.0171875 0.06953125
0 0.92109375 0.340625 0.015625 0.02734375
0 0.90234375 0.30703125 0.028125 0.03359375
0 0.85546875 0.3453125 0.0171875 0.07578125
0 0.83671875 0.353125 0.01875 0.06796875
0 0.7828125 0.39921875 0.01875 0.02734375
0 0.78203125 0.36640625 0.01875 0.03203125
0 0.7671875 0.41796875 0.01015625 0.04453125
0 0.75625 0.41796875 0.01015625 0.04609375
0 0.7390625 0.42578125 0.0109375 0.04609375
0 0.72734375 0.42890625 0.0109375 0.04765625
0 0.7078125 0.4390625 0.0171875 0.046875
0 0.66015625 0.46328125 0.015625 0.04921875
0 0.89765625 0.3453125 0.025 0.0265625
0 0.42109375 0.675 0.0171875 0.07578125
0 0.4390625 0.6640625 0.015625 0.06796875
0 0.4546875 0.653125 0.0109375 0.07421875
0 0.796875 0.4671875 0.01328125 0.059375
0 0.7796875 0.478125 0.01875 0.05546875
0 0.7546875 0.49375 0.00859375 0.06015625
0 0.7453125 0.49609375 0.0078125 0.05703125
0 0.734375 0.50703125 0.009375 0.04765625
0 0.721875 0.515625 0.0109375 0.04609375
0 0.7109375 0.52421875 0.01171875 0.03828125
0 0.69765625 0.5203125 0.0109375 0.05546875
0 0.68515625 0.52890625 0.0109375 0.05703125
0 0.67265625 0.53203125 0.0109375 0.05546875
0 0.6609375 0.5390625 0.0078125 0.05859375
0 0.6515625 0.54609375 0.00859375 0.06328125
0 0.64140625 0.54921875 0.00859375 0.06796875
0 0.6296875 0.559375 0.0109375 0.06015625
0 0.6171875 0.56328125 0.0125 0.0734375
0 0.60390625 0.5703125 0.009375 0.06875
0 0.59296875 0.575 0.0109375 0.07421875
0 0.58046875 0.58203125 0.01328125 0.06484375
0 0.56171875 0.5953125 0.015625 0.065625
0 0.54609375 0.6 0.01171875 0.07890625
0 0.53203125 0.60625 0.0109375 0.06640625
0 0.51953125 0.61484375 0.009375 0.08046875
0 0.50625 0.63125 0.01171875 0.06328125
0 0.490625 0.640625 0.0171875 0.06640625
0 0.4703125 0.646875 0.0140625 0.06328125
0 0.61484375 0.48046875 0.0125 0.05390625
0 0.60078125 0.4828125 0.0109375 0.06796875
0 0.5875 0.49140625 0.0125 0.0578125
0 0.575 0.4953125 0.0109375 0.0640625
0 0.08203125 0.18515625 0.053125 0.11015625
0 0.66640625 0.35234375 0.0125 0.059375
0 0.646875 0.35859375 0.0171875 0.05859375
0 0.63203125 0.3640625 0.01015625 0.05859375
0 0.61796875 0.36953125 0.0140625 0.06640625
0 0.6046875 0.375 0.01015625 0.06015625
0 0.5921875 0.37734375 0.01328125 0.06484375
0 0.578125 0.3828125 0.01328125 0.06328125
0 0.5640625 0.3859375 0.0125 0.0640625
0 0.5484375 0.39140625 0.01484375 0.07265625
0 0.5328125 0.39609375 0.0140625 0.0625
0 0.51796875 0.4 0.0109375 0.06953125
0 0.5015625 0.40703125 0.0140625 0.065625
0 0.4859375 0.41171875 0.0125 0.075
0 0.4703125 0.4171875 0.01640625 0.06796875
0 0.4515625 0.4265625 0.01640625 0.06953125
0 0.4328125 0.43046875 0.0140625 0.07421875
0 0.41484375 0.43515625 0.0203125 0.06953125
0 0.3953125 0.44453125 0.01328125 0.084375
0 0.37421875 0.45234375 0.0234375 0.07578125
0 0.33359375 0.46796875 0.025 0.07734375
0 0.30703125 0.47265625 0.0234375 0.08359375
0 0.2859375 0.4796875 0.01796875 0.0734375
0 0.2640625 0.4875 0.0171875 0.08359375
0 0.2375 0.49609375 0.02421875 0.07890625
0 0.68046875 0.34765625 0.0125 0.06015625
0 0.8171875 0.45625 0.025 0.07109375
0 0.690625 0.34375 0.00859375 0.05625
0 0.7125 0.3375 0.00859375 0.05234375
0 0.5625 0.50234375 0.01171875 0.0625
0 0.546875 0.50859375 0.0140625 0.06640625
0 0.53203125 0.51640625 0.0125 0.06171875
0 0.5171875 0.521875 0.015625 0.06953125
0 0.50390625 0.53125 0.0109375 0.06015625
0 0.48359375 0.53828125 0.0203125 0.06796875
0 0.4671875 0.54609375 0.0125 0.05859375
0 0.44921875 0.55546875 0.015625 0.059375
0 0.4296875 0.5625 0.0203125 0.0671875
0 0.4078125 0.5703125 0.0171875 0.06484375
0 0.38671875 0.58125 0.015625 0.078125
0 0.36953125 0.58984375 0.015625 0.07109375
0 0.34765625 0.59609375 0.0234375 0.08203125
0 0.32421875 0.609375 0.0203125 0.06640625
0 0.30234375 0.61953125 0.0203125 0.084375
0 0.278125 0.6265625 0.0203125 0.08515625
0 0.25234375 0.63671875 0.0234375 0.07578125
0 0.2234375 0.6515625 0.0265625 0.08984375
0 0.1890625 0.65859375 0.0359375 0.08828125
0 0.1375 0.67109375 0.0421875 0.10625
0 0.7703125 0.32109375 0.0109375 0.04921875
0 0.75859375 0.32265625 0.01015625 0.046875
0 0.746875 0.328125 0.0109375 0.04921875
0 0.7359375 0.33203125 0.0109375 0.0515625
0 0.7234375 0.33203125 0.0109375 0.05703125
0 0.7015625 0.3421875 0.0125 0.0578125
0 0.84375 0.41953125 0.0171875 0.02734375
0 0.65 0.67109375 0.01015625 0.05625
0 0.86328125 0.4125 0.0125 0.02578125
0 0.875 0.53046875 0.0140625 0.03203125
0 0.85859375 0.540625 0.0109375 0.0265625
0 0.84375 0.553125 0.0140625 0.02890625
0 0.84453125 0.51875 0.0140625 0.02265625
0 0.82578125 0.56796875 0.0171875 0.02734375
0 0.82578125 0.534375 0.01796875 0.03359375
0 0.8046875 0.5828125 0.01484375 0.02734375
0 0.80703125 0.54453125 0.01640625 0.040625
0 0.784375 0.590625 0.02265625 0.03515625
0 0.78359375 0.553125 0.025 0.03125
0 0.74296875 0.609375 0.009375 0.04921875
0 0.7328125 0.61328125 0.0109375 0.04921875
0 0.7203125 0.61875 0.01171875 0.04921875
0 0.69296875 0.64296875 0.009375 0.04765625
0 0.6828125 0.64765625 0.009375 0.05
0 0.6734375 0.6578125 0.00859375 0.053125
0 0.6625 0.6640625 0.01015625 0.05703125
0 0.63515625 0.6796875 0.0171875 0.04921875
0 0.61640625 0.6921875 0.01796875 0.0609375
0 0.6 0.70546875 0.01015625 0.05703125
0 0.58515625 0.7125 0.0140625 0.06640625
0 0.571875 0.721875 0.0109375 0.05546875
0 0.5578125 0.734375 0.0125 0.06328125
0 0.54375 0.74140625 0.01171875 0.05703125
0 0.53046875 0.75078125 0.0125 0.05625
0 0.5140625 0.76328125 0.0140625 0.06796875
0 0.4984375 0.77265625 0.0140625 0.059375
0 0.8875 0.525 0.009375 0.01953125
0 0.4828125 0.78046875 0.0140625 0.06796875
0 0.9015625 0.5140625 0.01640625 0.02421875
0 0.7703125 0.2203125 0.009375 0.0578125
0 0.1046875 0.35625 0.04296875 0.09765625
0 0.84140625 0.45546875 0.0171875 0.02421875
0 0.14453125 0.35234375 0.0296875 0.09296875
0 0.1765625 0.3453125 0.02890625 0.08203125
0 0.2109375 0.340625 0.034375 0.0859375
0 0.24453125 0.3359375 0.0296875 0.07890625
0 0.271875 0.32421875 0.01875 0.09140625
0 0.296875 0.31875 0.025 0.08359375
0 0.32265625 0.3140625 0.0234375 0.0890625
0 0.34609375 0.31015625 0.021875 0.08046875
0 0.36953125 0.30390625 0.01875 0.08671875
0 0.3921875 0.30078125 0.01875 0.078125
0 0.415625 0.29609375 0.02265625 0.08203125
0 0.4390625 0.29296875 0.01953125 0.07734375
0 0.4578125 0.284375 0.015625 0.0828125
0 0.4796875 0.2828125 0.021875 0.07578125
0 0.5125 0.271875 0.0203125 0.08203125
0 0.6359375 0.24765625 0.0125 0.06875
0 0.653125 0.2453125 0.01484375 0.06640625
0 0.671875 0.23984375 0.0125 0.06328125
0 0.6890625 0.23515625 0.0140625 0.0671875
0 0.7140625 0.23125 0.0125 0.06484375
0 0.7265625 0.22734375 0.01015625 0.0625
0 0.7015625 0.234375 0.009375 0.06171875
0 0.7375 0.22578125 0.009375 0.06171875
0 0.759375 0.221875 0.00859375 0.05546875
0 0.7484375 0.2234375 0.009375 0.059375
0 0.7828125 0.21875 0.01328125 0.05703125
0 0.465625 0.79140625 0.015625 0.06484375
0 0.7046875 0.6328125 0.0109375 0.0515625
0 0.43359375 0.8 0.0140625 0.09453125
0 0.6609375 0.128125 0.015625 0.0890625
0 0.6453125 0.128125 0.01171875 0.090625
0 0.634375 0.13125 0.009375 0.08671875
0 0.61796875 0.13125 0.0203125 0.0921875
0 0.596875 0.13359375 0.0125 0.09296875
0 0.58359375 0.1328125 0.0140625 0.09453125
0 0.5671875 0.13359375 0.015625 0.09453125
0 0.5453125 0.1359375 0.01875 0.09609375
0 0.52734375 0.13671875 0.01171875 0.10078125
0 0.5109375 0.140625 0.015625 0.10078125
0 0.49375 0.14375 0.0125 0.1
0 0.47734375 0.14609375 0.015625 0.09921875
0 0.46171875 0.15234375 0.0109375 0.09609375
0 0.4484375 0.79375 0.0125 0.09765625
0 0.42734375 0.16328125 0.01796875 0.07578125
0 0.403125 0.16796875 0.0234375 0.07578125
0 0.37734375 0.16953125 0.021875 0.078125
0 0.35234375 0.16875 0.025 0.07890625
0 0.32421875 0.17265625 0.0234375 0.08671875
0 0.2953125 0.1765625 0.025 0.08203125
0 0.26484375 0.17265625 0.02734375 0.09453125
0 0.234375 0.17421875 0.0328125 0.09296875
0 0.196875 0.18125 0.03125 0.08984375
0 0.16328125 0.18671875 0.0296875 0.08671875
0 0.89609375 0.4015625 0.0109375 0.0328125
0 0.87890625 0.40703125 0.0140625 0.03203125
0 0.8609375 0.446875 0.0140625 0.0296875
0 0.8765625 0.4421875 0.0140625 0.02890625
0 0.8921875 0.43359375 0.015625 0.01953125
0 0.446875 0.16328125 0.0171875 0.07421875
0 0.10390625 0.934375 0.0578125 0.13125
0 0.04140625 0.95234375 0.05625 0.09296875
0 0.39609375 0.81640625 0.0203125 0.1046875
0 0.3625 0.84453125 0.03359375 0.10859375
0 0.3234375 0.865625 0.03125 0.13671875
0 0.2953125 0.88671875 0.01875 0.11484375
0 0.275 0.9015625 0.01953125 0.13203125
0 0.2515625 0.91640625 0.0234375 0.11484375
0 0.2296875 0.92890625 0.0140625 0.12578125
0 0.20703125 0.94453125 0.0234375 0.1109375
0 0.4171875 0.80859375 0.01640625 0.11484375
0 0.1234375 0.47265625 0.05078125 0.07265625
0 0.15078125 0.590625 0.03125 0.03671875
0 0.12421875 0.54375 0.03125 0.05078125
0 0.0203125 0.3546875 0.040625 0.1453125
0 0.17421875 0.95078125 0.0390625 0.0984375
0 0.04765625 0.6609375 0.04296875 0.1078125
0 0.08359375 0.7765625 0.03125 0.1171875
0 0.03046875 0.81015625 0.05546875 0.10625
0 0.0328125 0.51171875 0.06015625 0.10625