0 0.45859375 0.4875 0.0765625 0.0734375
0 0.1265625 0.58515625 0.0609375 0.03984375
0 0.38046875 0.4875 0.075 0.065625
0 0.6875 0.4296875 0.053125 0.0578125
0 0.74921875 0.43046875 0.0609375 0.06015625
0 0.87109375 0.4296875 0.0546875 0.06171875
0 0.93203125 0.4328125 0.06015625 0.06015625
0 0.5375 0.48671875 0.075 0.07109375
0 0.81171875 0.43125 0.05078125 0.0578125
0 0.971875 0.3171875 0.05625 0.08125
0 0.9046875 0.3453125 0.06484375 0.034375
0 0.984375 0.4296875 0.03046875 0.05390625
0 0.62265625 0.4859375 0.084375 0.0703125
0 0.3125 0.415625 0.06015625 0.0734375
0 0.165625 0.4125 0.0671875 0.07734375
0 0.2421875 0.41328125 0.0734375 0.07265625
0 0.05625 0.621875 0.05546875 0.03828125
0 0.06796875 0.578125 0.04609375 0.04140625
0 0.01875 0.5765625 0.03125 0.03046875
0 0.0234375 0.5046875 0.040625 0.03515625
0 0.02578125 0.47109375 0.03828125 0.025
0 0.0234375 0.43359375 0.040625 0.0375
0 0.02578125 0.39453125 0.04453125 0.034375
0 0.09375 0.48828125 0.07109375 0.0671875
0 0.16640625 0.490625 0.0625 0.0640625
0 0.2375 0.490625 0.06328125 0.0671875
0 0.3 0.4890625 0.0546875 0.0640625
0 0.0875 0.40859375 0.071875 0.07734375
0 0.83984375 0.34296875 0.06171875 0.0390625
0 0.41875 0.290625 0.06640625 0.03984375
0 0.83984375 0.3046875 0.0625 0.03515625
0 0.07578125 0.16484375 0.0875 0.0515625
0 0.16953125 0.16640625 0.0890625 0.05078125
0 0.175 0.2203125 0.08046875 0.046875
0 0.3671875 0.2109375 0.10625 0.053125
0 0.38125 0.15859375 0.10234375 0.046875
0 0.08203125 0.215625 0.08671875 0.04453125
0 0.27109375 0.21328125 0.0859375 0.0546875
0 0.271875 0.1578125 0.0875 0.053125
0 0.60703125 0.2203125 0.07109375 0.04296875
0 0.509375 0.21796875 0.08828125 0.0421875
0 0.02734375 0.2859375 0.04765625 0.0421875
0 0.19765625 0.5828125 0.0671875 0.04375
0 0.02421875 0.321875 0.04140625 0.03046875
0 0.90859375 0.3046875 0.065625 0.0421875
0 0.1546875 0.2875 0.065625 0.04140625
0 0.16015625 0.32734375 0.06953125 0.03359375
0 0.23671875 0.32734375 0.06953125 0.0375
0 0.340625 0.28671875 0.071875 0.03515625
0 0.3421875 0.32734375 0.075 0.03984375
0 0.41953125 0.3296875 0.07421875 0.03515625
0 0.5078125 0.290625 0.08515625 0.0328125
0 0.51484375 0.33125 0.0859375 0.0375
0 0.6046875 0.28828125 0.08671875 0.0421875
0 0.59921875 0.33046875 0.08125 0.0359375
0 0.7078125 0.34609375 0.0546875 0.03515625
0 0.77109375 0.3453125 0.053125 0.034375
0 0.70625 0.303125 0.0640625 0.0390625
0 0.7734375 0.30546875 0.0640625 0.0375
0 0.22890625 0.28515625 0.07890625 0.0390625
0 0.1265625 0.621875 0.06640625 0.034375
0 0.71875 0.76328125 0.1015625 0.05
0 0.26484375 0.58203125 0.06171875 0.0453125
0 0.21015625 0.8234375 0.11796875 0.0875
0 0.32578125 0.81484375 0.07421875 0.0953125
0 0.42265625 0.80078125 0.06796875 0.0640625
0 0.50234375 0.8421875 0.08125 0.08828125
0 0.58671875 0.8453125 0.07578125 0.0796875
0 0.66875 0.83359375 0.06640625 0.021875
0 0.671875 0.85859375 0.059375 0.01640625
0 0.67421875 0.878125 0.05859375 0.01875
0 0.7484375 0.85078125 0.06484375 0.02265625
0 0.7484375 0.8734375 0.0796875 0.0171875
0 0.840625 0.871875 0.0828125 0.025
0 0.91953125 0.8296875 0.07421875 0.0234375
0 0.9203125 0.85234375 0.0703125 0.01875
0 0.921875 0.87421875 0.065625 0.02265625
0 0.9828125 0.83671875 0.034375 0.01640625
0 0.98125 0.85546875 0.0375 0.0140625
0 0.978125 0.87578125 0.0375 0.0140625
0 0.609375 0.17578125 0.08359375 0.0453125
0 0.60234375 0.1390625 0.07421875 0.021875
0 0.5109375 0.1375 0.071875 0.01796875
0 0.72890625 0.20546875 0.059375 0.07109375
0 0.79765625 0.2046875 0.06171875 0.065625
0 0.96875 0.20390625 0.06171875 0.07265625
0 0.91015625 0.20625 0.0421875 0.06953125
0 0.86015625 0.20546875 0.0578125 0.06484375
0 0.91953125 0.15390625 0.0578125 0.02578125
0 0.85625 0.1578125 0.0578125 0.0265625
0 0.07109375 0.8375 0.1171875 0.090625
0 0.20078125 0.6234375 0.0609375 0.034375
0 0.9359375 0.7640625 0.10703125 0.0453125
0 0.971875 0.7 0.05625 0.03515625
0 0.26640625 0.62265625 0.0515625 0.0359375
0 0.33203125 0.584375 0.0671875 0.04140625
0 0.3328125 0.62421875 0.06953125 0.0359375
0 0.9640625 0.5234375 0.06640625 0.05
0 0.41875 0.5671875 0.06640625 0.05078125
0 0.48984375 0.5671875 0.07421875 0.04453125
0 0.4140625 0.61953125 0.0640625 0.04453125
0 0.4828125 0.61875 0.0609375 0.0453125
0 0.696875 0.61328125 0.09140625 0.05703125
0 0.784375 0.6140625 0.08046875 0.0546875
0 0.96328125 0.61796875 0.0734375 0.0578125
0 0.04921875 0.68671875 0.059375 0.03125
0 0.82734375 0.76328125 0.1078125 0.04609375
0 0.04609375 0.72265625 0.065625 0.03671875
0 0.12578125 0.72578125 0.05859375 0.03671875
0 0.18828125 0.690625 0.05625 0.034375
0 0.196875 0.728125 0.065625 0.0328125
0 0.290625 0.70390625 0.06171875 0.0390625
0 0.3609375 0.71796875 0.075 0.04296875
0 0.44609375 0.68828125 0.06328125 0.03359375
0 0.43828125 0.7265625 0.0671875 0.03046875
0 0.51640625 0.69375 0.0640625 0.0328125
0 0.51484375 0.7265625 0.07421875 0.0296875
0 0.5984375 0.6890625 0.06640625 0.0359375
0 0.6015625 0.7265625 0.07265625 0.03125
0 0.6859375 0.69375 0.0703125 0.04140625
0 0.88671875 0.696875 0.0859375 0.0296875
0 0.11484375 0.68828125 0.0640625 0.03359375
0 0.509375 0.171875 0.08828125 0.04453125