0 0.85546875 0.1109375 0.0765625 0.0515625
0 0.3421875 0.07890625 0.10234375 0.059375
0 0.43671875 0.08359375 0.090625 0.0515625
0 0.521875 0.084375 0.07734375 0.05390625
0 0.60703125 0.08984375 0.0953125 0.04296875
0 0.6984375 0.096875 0.08515625 0.05625
0 0.78125 0.103125 0.08203125 0.040625
0 0.21875 0.0640625 0.12421875 0.0515625
0 0.90546875 0.096875 0.03671875 0.053125
0 0.10625 0.0578125 0.1140625 0.05703125
0 0.99140625 0.09453125 0.01640625 0.0625
0 0.74609375 0.28515625 0.08203125 0.0453125
0 0.83359375 0.2828125 0.09453125 0.040625
0 0.740625 0.23671875 0.09140625 0.04140625
0 0.08046875 0.3640625 0.13203125 0.040625
0 0.28359375 0.36328125 0.15859375 0.04296875
0 0.409375 0.3609375 0.10546875 0.046875
0 0.68359375 0.26875 0.04296875 0.0703125
0 0.5078125 0.35859375 0.09140625 0.05
0 0.68203125 0.35546875 0.08203125 0.0640625
0 0.78203125 0.3546875 0.07109375 0.05390625
0 0.84765625 0.353125 0.065625 0.053125
0 0.98125 0.26171875 0.02109375 0.0484375
0 0.975 0.32421875 0.04140625 0.065625
0 0.953125 0.096875 0.0609375 0.0609375
0 0.5953125 0.3640625 0.08828125 0.0625
0 0.60703125 0.23203125 0.059375 0.0421875
0 0.8328125 0.2359375 0.09296875 0.04375
0 0.41875 0.2265625 0.09921875 0.053125
0 0.52265625 0.2265625 0.10859375 0.053125
0 0.22578125 0.13046875 0.1125 0.0390625
0 0.3375 0.1375 0.10859375 0.053125
0 0.4265625 0.1390625 0.0703125 0.0515625
0 0.51171875 0.1421875 0.09921875 0.0578125
0 0.603125 0.15078125 0.084375 0.0421875
0 0.6921875 0.1515625 0.09296875 0.04375
0 0.103125 0.1203125 0.13203125 0.06015625
0 0.85 0.16015625 0.05859375 0.04375
0 0.90546875 0.15625 0.053125 0.05
0 0.9578125 0.1625 0.05078125 0.0609375
0 0.09765625 0.21015625 0.12890625 0.06328125
0 0.20625 0.21796875 0.08671875 0.046875
0 0.31015625 0.2234375 0.12109375 0.05546875
0 0.77890625 0.15546875 0.08359375 0.03671875