0 0.7171875 0.56640625 0.028125 0.09375
0 0.6421875 0.42734375 0.05546875 0.04140625
0 0.5828125 0.47109375 0.05703125 0.03984375
0 0.5828125 0.4296875 0.0578125 0.0359375
0 0.52265625 0.4734375 0.05703125 0.03515625
0 0.5234375 0.434375 0.0578125 0.03671875
0 0.46484375 0.475 0.05390625 0.03828125
0 0.46484375 0.4359375 0.05625 0.034375
0 0.415625 0.4796875 0.0390625 0.02734375
0 0.41484375 0.45 0.0375 0.028125
0 0.4140625 0.41640625 0.0390625 0.02890625
0 0.375 0.46796875 0.0375 0.03671875
0 0.37421875 0.43125 0.0375 0.03046875
0 0.31171875 0.46796875 0.0796875 0.05390625
0 0.31328125 0.415625 0.0796875 0.04765625
0 0.240625 0.47265625 0.0609375 0.04296875
0 0.240625 0.42734375 0.0609375 0.04140625
0 0.6421875 0.47265625 0.05625 0.040625
0 0.68984375 0.4453125 0.03359375 0.02734375
0 0.690625 0.4765625 0.0375 0.02890625
0 0.71640625 0.41171875 0.028125 0.03125
0 0.8671875 0.559375 0.05 0.0359375
0 0.92109375 0.59375 0.053125 0.040625
0 0.92265625 0.55390625 0.05390625 0.03671875
0 0.975 0.590625 0.04921875 0.040625
0 0.9765625 0.5453125 0.046875 0.0453125
0 0.8734375 0.47109375 0.05625 0.03671875
0 0.9328125 0.46875 0.05546875 0.0390625
0 0.19140625 0.4703125 0.034375 0.03828125
0 0.98125 0.4671875 0.03671875 0.0421875
0 0.9328125 0.42734375 0.05625 0.040625
0 0.875 0.43203125 0.05390625 0.03828125
0 0.815625 0.4734375 0.0546875 0.0359375
0 0.8171875 0.434375 0.05390625 0.03203125
0 0.7625 0.4734375 0.04921875 0.0328125
0 0.7625 0.43984375 0.0484375 0.03203125
0 0.7234375 0.4609375 0.025 0.059375
0 0.98125 0.42265625 0.03671875 0.04140625
0 0.190625 0.42890625 0.02890625 0.03203125
0 0.02265625 0.4859375 0.0453125 0.08984375
0 0.1375 0.3421875 0.04375 0.03671875
0 0.684375 0.35 0.0390625 0.03046875
0 0.6859375 0.31796875 0.0390625 0.02734375
0 0.7203125 0.33125 0.025 0.06796875
0 0.76015625 0.34375 0.05234375 0.0359375
0 0.7625 0.303125 0.0515625 0.03828125
0 0.81640625 0.34453125 0.0546875 0.0375
0 0.0703125 0.48828125 0.0390625 0.084375
0 0.6453125 0.325 0.02890625 0.08125
0 0.1484375 0.47578125 0.03671875 0.03671875
0 0.90390625 0.7140625 0.0375 0.02734375
0 0.9046875 0.6859375 0.034375 0.02578125
0 0.953125 0.70859375 0.05234375 0.040625
0 0.940625 0.65234375 0.04609375 0.028125
0 0.85234375 0.71015625 0.0625 0.04375
0 0.85234375 0.66328125 0.065625 0.0421875
0 0.77578125 0.66328125 0.059375 0.03984375
0 0.1453125 0.4359375 0.04140625 0.03828125
0 0.5984375 0.29765625 0.059375 0.04296875
0 0.5984375 0.3421875 0.06015625 0.04453125
0 0.53984375 0.30859375 0.05 0.03671875
0 0.190625 0.3421875 0.059375 0.0390625
0 0.253125 0.3421875 0.0640625 0.03984375
0 0.30703125 0.3421875 0.04140625 0.03671875
0 0.3046875 0.30390625 0.04375 0.03515625
0 0.25078125 0.3015625 0.059375 0.03671875
0 0.1890625 0.3015625 0.059375 0.03203125
0 0.13671875 0.30390625 0.04375 0.03671875
0 0.07578125 0.32109375 0.07578125 0.11875
0 0.01875 0.31875 0.03671875 0.11796875
0 0.3453125 0.33203125 0.0328125 0.06171875
0 0.384375 0.34609375 0.04375 0.034375
0 0.384375 0.30859375 0.0421875 0.03359375
0 0.43046875 0.34296875 0.04375 0.04140625
0 0.4296875 0.3015625 0.0453125 0.03828125
0 0.4828125 0.34453125 0.05703125 0.03828125
0 0.48125 0.30390625 0.05625 0.0390625
0 0.5390625 0.346875 0.05078125 0.03671875
0 0.86484375 0.596875 0.053125 0.03671875
0 0.8125 0.559375 0.05078125 0.0359375
0 0.8109375 0.59609375 0.0484375 0.0359375
0 0.759375 0.56484375 0.0484375 0.03203125
0 0.496875 0.9078125 0.0375 0.06953125
0 0.78125 0.828125 0.0546875 0.02890625
0 0.8359375 0.82578125 0.05 0.03359375
0 0.8359375 0.78984375 0.05 0.03203125
0 0.78203125 0.79375 0.05625 0.03046875
0 0.7296875 0.8296875 0.040625 0.02578125
0 0.728125 0.80078125 0.0421875 0.0234375
0 0.5390625 0.9203125 0.04375 0.0671875
0 0.68828125 0.82421875 0.0375 0.03125
0 0.64375 0.82421875 0.0453125 0.03046875
0 0.63984375 0.7796875 0.04609375 0.02734375
0 0.60234375 0.82265625 0.0375 0.0375
0 0.559375 0.82734375 0.04296875 0.03046875
0 0.559375 0.796875 0.04453125 0.02421875
0 0.51328125 0.83359375 0.040625 0.02734375
0 0.51328125 0.80234375 0.040625 0.02734375
0 0.68828125 0.79140625 0.0328125 0.02578125
0 0.475 0.8046875 0.0328125 0.0828125
0 0.58203125 0.90234375 0.0390625 0.065625
0 0.6671875 0.88984375 0.0328125 0.03125
0 0.975 0.89609375 0.025 0.03046875
0 0.9421875 0.9015625 0.034375 0.02578125
0 0.90703125 0.88359375 0.03203125 0.0390625
0 0.9515625 0.8203125 0.0578125 0.0421875
0 0.95390625 0.778125 0.0609375 0.03671875
0 0.89140625 0.81796875 0.0578125 0.04609375
0 0.32421875 0.68984375 0.03828125 0.02734375
0 0.62578125 0.909375 0.0453125 0.0765625
0 0.2828125 0.7234375 0.040625 0.03046875
0 0.2421875 0.721875 0.034375 0.03125
0 0.2421875 0.68671875 0.03671875 0.03046875
0 0.70625 0.934375 0.0375 0.02421875
0 0.7515625 0.934375 0.046875 0.02890625
0 0.75234375 0.90390625 0.04609375 0.03046875
0 0.7078125 0.90625 0.0375 0.02421875
0 0.66796875 0.93515625 0.0359375 0.0265625
0 0.28203125 0.6875 0.04140625 0.03203125
0 0.44296875 0.81171875 0.028125 0.06953125
0 0.40546875 0.8328125 0.046875 0.03203125
0 0.40546875 0.8015625 0.046875 0.02734375
0 0.26875 0.56328125 0.025 0.084375
0 0.2328125 0.5765625 0.034375 0.08203125
0 0.17734375 0.590625 0.075 0.053125
0 0.415625 0.6 0.040625 0.034375
0 0.4140625 0.56171875 0.04140625 0.03515625
0 0.4625 0.6 0.0421875 0.0296875
0 0.45625 0.56796875 0.03828125 0.03125
0 0.29921875 0.57109375 0.03125 0.08984375
0 0.5046875 0.596875 0.04140625 0.03671875
0 0.55390625 0.59921875 0.053125 0.03359375
0 0.55703125 0.5625 0.0546875 0.0359375
0 0.60625 0.6 0.046875 0.03203125
0 0.66640625 0.59609375 0.0640625 0.03828125
0 0.66875 0.55078125 0.0640625 0.04375
0 0.609375 0.5671875 0.046875 0.03046875
0 0.75859375 0.5984375 0.046875 0.03125
0 0.50859375 0.54921875 0.0390625 0.03359375
0 0.33515625 0.5703125 0.03515625 0.09765625
0 0.3734375 0.56484375 0.0359375 0.03515625
0 0.375 0.60078125 0.0390625 0.03359375
0 0.35546875 0.83046875 0.0484375 0.03046875
0 0.35390625 0.7984375 0.05 0.03125
0 0.309375 0.78984375 0.03671875 0.02890625
0 0.3078125 0.83671875 0.04140625 0.02890625
0 0.26328125 0.8375 0.040625 0.0265625
0 0.2671875 0.7953125 0.040625 0.03046875
0 0.2171875 0.83359375 0.04921875 0.034375
0 0.215625 0.8 0.0515625 0.028125
0 0.171875 0.7953125 0.034375 0.028125
0 0.17265625 0.83828125 0.040625 0.02890625
0 0.2046875 0.71875 0.0390625 0.03359375
0 0.1640625 0.72265625 0.03828125 0.03984375
0 0.11328125 0.7828125 0.059375 0.11015625
0 0.04296875 0.7828125 0.075 0.11328125
0 0.1 0.63828125 0.0703125 0.1
0 0.0453125 0.6390625 0.0359375 0.10390625
0 0.0125 0.6375 0.025 0.10390625
0 0.79140625 0.7125 0.053125 0.03671875
0 0.71171875 0.7171875 0.046875 0.02890625
0 0.32421875 0.72109375 0.040625 0.03046875
0 0.66171875 0.67734375 0.0375 0.02734375
0 0.0375 0.1671875 0.075 0.109375
0 0.36796875 0.69453125 0.04296875 0.02578125
0 0.4609375 0.91640625 0.03203125 0.075
0 0.42734375 0.928125 0.0359375 0.0515625
0 0.38984375 0.91484375 0.0359375 0.07734375
0 0.3125 0.94140625 0.0484375 0.03515625
0 0.3125 0.90390625 0.046875 0.034375
0 0.26640625 0.934375 0.0421875 0.0453125
0 0.22421875 0.9328125 0.0421875 0.0484375
0 0.18125 0.9484375 0.03984375 0.02734375
0 0.18125 0.91796875 0.0390625 0.028125
0 0.12890625 0.91328125 0.05859375 0.0953125
0 0.05390625 0.925 0.0890625 0.0734375
0 0.80390625 0.9375 0.0546875 0.02578125
0 0.80625 0.90625 0.05390625 0.02890625
0 0.86015625 0.93203125 0.0515625 0.03125
0 0.8625 0.8984375 0.05234375 0.02890625
0 0.096875 0.16328125 0.03125 0.115625
0 0.12890625 0.1625 0.028125 0.1171875
0 0.16640625 0.14921875 0.04375 0.14296875
0 0.215625 0.14921875 0.04375 0.1453125
0 0.875 0.29296875 0.05390625 0.04453125
0 0.921875 0.31171875 0.02890625 0.103125
0 0.96015625 0.3453125 0.0421875 0.0390625
0 0.96171875 0.3046875 0.040625 0.03828125
0 0.984375 0.1796875 0.03125 0.09453125
0 0.94140625 0.21015625 0.0515625 0.03515625
0 0.88984375 0.20859375 0.046875 0.03125
0 0.8921875 0.17265625 0.0484375 0.03359375
0 0.940625 0.93125 0.034375 0.02421875
0 0.84140625 0.21015625 0.04296875 0.03515625
0 0.790625 0.1921875 0.05625 0.0671875
0 0.7328125 0.196875 0.0546875 0.0609375
0 0.66328125 0.1875 0.07890625 0.07890625
0 0.58984375 0.1921875 0.0640625 0.0703125
0 0.51484375 0.1859375 0.08046875 0.08046875
0 0.43515625 0.190625 0.0671875 0.0703125
0 0.37578125 0.19453125 0.046875 0.05859375
0 0.33046875 0.15078125 0.0390625 0.1453125
0 0.84375 0.17265625 0.046875 0.03359375
0 0.875 0.33984375 0.05703125 0.04609375
0 0.81875 0.30234375 0.05390625 0.03828125
0 0.36875 0.721875 0.04140625 0.02578125
0 0.97265625 0.92890625 0.0234375 0.03203125
0 0.421875 0.68359375 0.05390625 0.03046875
0 0.41953125 0.71953125 0.0546875 0.034375
0 0.90390625 0.9265625 0.03125 0.0390625
0 0.4890625 0.6953125 0.0265625 0.0734375
0 0.4625 0.7046875 0.0234375 0.0609375
0 0.51796875 0.69453125 0.0296875 0.0796875
0 0.54921875 0.6890625 0.0328125 0.09140625
0 0.5828125 0.6890625 0.0328125 0.09296875
0 0.6203125 0.6875 0.03828125 0.09765625
0 0.6671875 0.72265625 0.0375 0.0296875
0 0.7125 0.684375 0.04765625 0.03203125