0 0.9625 0.1171875 0.059375 0.03984375
0 0.89765625 0.1171875 0.06328125 0.03671875
0 0.896875 0.90390625 0.04765625 0.0765625
0 0.059375 0.3765625 0.05859375 0.03359375
0 0.06640625 0.33828125 0.05546875 0.03515625
0 0.95859375 0.35234375 0.0671875 0.0609375
0 0.8625 0.66171875 0.0859375 0.02421875
0 0.96484375 0.70078125 0.0703125 0.0546875
0 0.89453125 0.80859375 0.1 0.0390625
0 0.8015625 0.87265625 0.11796875 0.03515625
0 0.67734375 0.925 0.1234375 0.04296875
0 0.67109375 0.88671875 0.10390625 0.03046875
0 0.915625 0.771875 0.0875 0.021875
0 0.75 0.79609375 0.15390625 0.0671875
0 0.8765625 0.7 0.1 0.046875
0 0.76171875 0.6953125 0.10234375 0.05625
0 0.82265625 0.14921875 0.0484375 0.0421875
0 0.1109375 0.6953125 0.05625 0.075
0 0.80234375 0.91796875 0.11484375 0.0453125
0 0.77265625 0.1484375 0.04140625 0.04140625
0 0.38046875 0.15390625 0.0640625 0.04140625
0 0.66953125 0.15234375 0.03671875 0.0390625
0 0.2484375 0.11171875 0.06796875 0.04140625
0 0.32265625 0.1109375 0.07265625 0.04140625
0 0.3984375 0.11015625 0.0734375 0.04296875
0 0.03984375 0.1546875 0.06484375 0.03515625
0 0.10703125 0.15390625 0.0671875 0.03515625
0 0.18125 0.1546875 0.06953125 0.040625
0 0.24921875 0.15390625 0.0609375 0.04140625
0 0.31640625 0.15234375 0.0609375 0.03984375
0 0.05390625 0.68125 0.05 0.0796875
0 0.72109375 0.15 0.04609375 0.03671875
0 0.44296875 0.153125 0.05234375 0.03828125
0 0.53125 0.1109375 0.0421875 0.04140625
0 0.18515625 0.32578125 0.06953125 0.053125
0 0.5796875 0.1109375 0.05 0.04375
0 0.63046875 0.1109375 0.04375 0.04140625
0 0.67265625 0.109375 0.034375 0.04375
0 0.72109375 0.11171875 0.04921875 0.03984375
0 0.53828125 0.15234375 0.04140625 0.0390625
0 0.584375 0.1515625 0.04375 0.03671875
0 0.62890625 0.15234375 0.04140625 0.0421875
0 0.4921875 0.1515625 0.04296875 0.04140625
0 0.9609375 0.58984375 0.06015625 0.04140625
0 0.7703125 0.3875 0.0484375 0.01953125
0 0.78515625 0.5890625 0.05234375 0.03828125
0 0.034375 0.23046875 0.0546875 0.03125
0 0.10625 0.22734375 0.0734375 0.03359375
0 0.03359375 0.2640625 0.059375 0.03125
0 0.103125 0.265625 0.07109375 0.03046875
0 0.18515625 0.2109375 0.06953125 0.04375
0 0.2578125 0.215625 0.06484375 0.046875
0 0.18359375 0.26015625 0.065625 0.0484375
0 0.25390625 0.2625 0.0671875 0.04140625
0 0.540625 0.22265625 0.04765625 0.03828125
0 0.5859375 0.22421875 0.040625 0.03828125
0 0.62890625 0.2203125 0.04140625 0.04375
0 0.67890625 0.2234375 0.04765625 0.04140625
0 0.53828125 0.2640625 0.04609375 0.03984375
0 0.7296875 0.26640625 0.0390625 0.03828125
0 0.7796875 0.265625 0.04921875 0.0375
0 0.83203125 0.2640625 0.046875 0.0390625
0 0.84453125 0.2296875 0.0359375 0.02421875
0 0.89921875 0.2609375 0.06953125 0.034375
0 0.96953125 0.26328125 0.06015625 0.03515625
0 0.034375 0.19921875 0.065625 0.02265625
0 0.95546875 0.15390625 0.0640625 0.0328125
0 0.8875 0.15390625 0.0609375 0.03203125
0 0.3 0.33125 0.059375 0.028125
0 0.73359375 0.58125 0.05 0.05625
0 0.81953125 0.55546875 0.053125 0.0234375
0 0.68046875 0.484375 0.04375 0.0390625
0 0.66328125 0.43828125 0.0484375 0.03671875
0 0.06875 0.4890625 0.06484375 0.0390625
0 0.06953125 0.45 0.0671875 0.03828125
0 0.83359375 0.478125 0.0421875 0.0453125
0 0.775 0.48203125 0.0609375 0.04296875
0 0.78359375 0.446875 0.0484375 0.0234375
0 0.8375 0.58671875 0.04609375 0.03984375
0 0.82578125 0.3703125 0.05234375 0.04453125
0 0.72109375 0.3875 0.046875 0.0234375
0 0.77109375 0.35546875 0.04921875 0.0359375
0 0.715625 0.35546875 0.053125 0.034375
0 0.571875 0.33984375 0.05546875 0.0265625
0 0.64140625 0.33046875 0.0703125 0.03515625
0 0.565625 0.30859375 0.0640625 0.0296875
0 0.2453125 0.3265625 0.0390625 0.03828125
0 0.24921875 0.37109375 0.0328125 0.05078125
0 0.2984375 0.36953125 0.059375 0.03359375
0 0.17734375 0.11171875 0.06875 0.04296875
0 0.1078125 0.11953125 0.06796875 0.03515625
0 0.19375 0.37578125 0.065625 0.03671875
0 0.9625 0.05859375 0.06015625 0.04140625
0 0.475 0.0546875 0.0453125 0.04140625
0 0.03515625 0.1140625 0.059375 0.03984375
0 0.10078125 0.02421875 0.06171875 0.03671875
0 0.03125 0.0203125 0.0625 0.034375
0 0.03046875 0.0578125 0.0546875 0.03515625
0 0.096875 0.05859375 0.06953125 0.028125
0 0.18515625 0.01640625 0.06328125 0.0265625
0 0.25703125 0.01640625 0.07109375 0.02578125
0 0.23828125 0.05234375 0.06171875 0.0421875
0 0.30234375 0.0546875 0.06015625 0.0375
0 0.39453125 0.01875 0.06640625 0.0296875
0 0.3734375 0.05625 0.06015625 0.03671875
0 0.428125 0.05546875 0.04296875 0.0390625
0 0.5203125 0.02265625 0.03828125 0.03671875
0 0.175 0.05390625 0.06015625 0.03984375
0 0.89609375 0.06171875 0.06640625 0.03671875
0 0.8015625 0.05703125 0.04921875 0.0390625
0 0.7484375 0.0578125 0.0484375 0.03984375
0 0.69921875 0.0578125 0.0421875 0.040625
0 0.65234375 0.05546875 0.03984375 0.03671875
0 0.56328125 0.0203125 0.0390625 0.03671875
0 0.60859375 0.0203125 0.03984375 0.03515625
0 0.653125 0.01953125 0.04296875 0.034375
0 0.60625 0.059375 0.04140625 0.03515625
0 0.5203125 0.059375 0.04140625 0.03515625
0 0.56484375 0.0578125 0.040625 0.03671875