0 0.5515625 0.66875 0.0421875 0.04140625
0 0.59921875 0.6625 0.0421875 0.03671875
0 0.64609375 0.65546875 0.0390625 0.0421875
0 0.5015625 0.7203125 0.04296875 0.03515625
0 0.91640625 0.43203125 0.03046875 0.07578125
0 0.54453125 0.7125 0.04140625 0.04140625
0 0.95 0.4296875 0.03359375 0.08046875
0 0.9828125 0.18203125 0.03359375 0.08359375
0 0.26875 0.38046875 0.0296875 0.05703125
0 0.23125 0.3765625 0.02734375 0.059375
0 0.196875 0.38125 0.03046875 0.05546875
0 0.7359375 0.64609375 0.03515625 0.03046875
0 0.7359375 0.609375 0.03828125 0.0328125
0 0.69453125 0.6125 0.03203125 0.0359375
0 0.69140625 0.65078125 0.0390625 0.02734375
0 0.7359375 0.68046875 0.04375 0.03359375
0 0.690625 0.68671875 0.03984375 0.03671875
0 0.7796875 0.6375 0.0390625 0.0296875
0 0.64609375 0.69609375 0.0359375 0.03671875
0 0.69921875 0.17578125 0.03046875 0.0890625
0 0.6671875 0.17578125 0.025 0.0953125
0 0.6328125 0.17109375 0.03515625 0.09765625
0 0.596875 0.17421875 0.02734375 0.09921875
0 0.5609375 0.17421875 0.0375 0.09375
0 0.521875 0.17109375 0.03203125 0.09765625
0 0.48671875 0.1703125 0.03125 0.0953125
0 0.44921875 0.1703125 0.03203125 0.09453125
0 0.41171875 0.16875 0.03671875 0.096875
0 0.596875 0.703125 0.04609375 0.03515625
0 0.77890625 0.60078125 0.034375 0.034375
0 0.81640625 0.59296875 0.034375 0.0296875
0 0.85703125 0.590625 0.0390625 0.034375
0 0.54453125 0.5453125 0.05078125 0.04453125
0 0.60859375 0.36640625 0.0171875 0.05
0 0.58359375 0.36640625 0.02578125 0.05
0 0.5546875 0.3671875 0.021875 0.0515625
0 0.52890625 0.3703125 0.02265625 0.0484375
0 0.503125 0.3703125 0.02421875 0.05390625
0 0.47421875 0.37109375 0.021875 0.05078125
0 0.4484375 0.37109375 0.0234375 0.0546875
0 0.41875 0.3734375 0.0203125 0.05234375
0 0.390625 0.3734375 0.02265625 0.05390625
0 0.3609375 0.37578125 0.0234375 0.05390625
0 0.33046875 0.37578125 0.02421875 0.0515625
0 0.30078125 0.378125 0.028125 0.0546875
0 0.890625 0.653125 0.025 0.03125
0 0.85625 0.659375 0.03515625 0.034375
0 0.81640625 0.66953125 0.03828125 0.02578125
0 0.778125 0.67421875 0.03046875 0.03125
0 0.85390625 0.625 0.03671875 0.03203125
0 0.81875 0.6296875 0.028125 0.03125
0 0.8921875 0.621875 0.028125 0.0296875
0 0.89375 0.58515625 0.03046875 0.0328125
0 0.36875 0.16484375 0.03515625 0.10078125
0 0.3328125 0.16640625 0.025 0.09765625
0 0.94921875 0.18359375 0.021875 0.08046875
0 0.29375 0.16484375 0.0375 0.09140625
0 0.5953125 0.4578125 0.034375 0.09609375
0 0.63359375 0.45390625 0.03125 0.09375
0 0.6703125 0.45234375 0.03125 0.0921875
0 0.7046875 0.44453125 0.03203125 0.0921875
0 0.74453125 0.44453125 0.03515625 0.090625
0 0.78203125 0.44140625 0.034375 0.08828125
0 0.81875 0.440625 0.028125 0.0890625
0 0.1875 0.58828125 0.065625 0.04765625
0 0.26015625 0.5765625 0.05234375 0.04296875
0 0.40859375 0.28671875 0.0375 0.1046875
0 0.9703125 0.49609375 0.0390625 0.0265625
0 0.925 0.50078125 0.03984375 0.03125
0 0.85390625 0.51015625 0.0390625 0.03515625
0 0.8109375 0.51328125 0.0390625 0.03671875
0 0.771875 0.51796875 0.0375 0.03671875
0 0.72734375 0.52109375 0.03125 0.0359375
0 0.68515625 0.53046875 0.03828125 0.04140625
0 0.31875 0.57109375 0.05078125 0.04296875
0 0.38125 0.5625 0.0546875 0.0421875
0 0.43671875 0.55625 0.04609375 0.0390625
0 0.4921875 0.55 0.05078125 0.04375
0 0.3703125 0.28671875 0.0375 0.1046875
0 0.6546875 0.36640625 0.02421875 0.0484375
0 0.32734375 0.2859375 0.0375 0.1046875
0 0.446875 0.2828125 0.0328125 0.09453125
0 0.2515625 0.1640625 0.0390625 0.09765625
0 0.2078125 0.159375 0.03984375 0.10390625
0 0.153125 0.1546875 0.05546875 0.1078125
0 0.24609375 0.284375 0.034375 0.10078125
0 0.1625 0.3828125 0.028125 0.0578125
0 0.93359375 0.278125 0.02109375 0.075
0 0.909375 0.278125 0.01875 0.078125
0 0.884375 0.27734375 0.02421875 0.08203125
0 0.85546875 0.28125 0.02265625 0.08125
0 0.83359375 0.27734375 0.015625 0.08125
0 0.8109375 0.2796875 0.02265625 0.08125
0 0.78046875 0.28203125 0.028125 0.08125
0 0.74765625 0.2859375 0.02734375 0.0953125
0 0.71875 0.2828125 0.02734375 0.0953125
0 0.6859375 0.2859375 0.02734375 0.09453125
0 0.65234375 0.2796875 0.02734375 0.0953125
0 0.6171875 0.28125 0.02734375 0.09453125
0 0.5859375 0.28125 0.028125 0.090625
0 0.5546875 0.28359375 0.03125 0.090625
0 0.5171875 0.28359375 0.03125 0.090625
0 0.47890625 0.28515625 0.03125 0.0921875
0 0.2875 0.284375 0.0375 0.1046875
0 0.68984375 0.3625 0.028125 0.04453125
0 0.62890625 0.36640625 0.015625 0.0484375
0 0.7359375 0.36328125 0.025 0.05234375
0 0.5125 0.46015625 0.0421875 0.1078125
0 0.55625 0.4609375 0.03828125 0.096875
0 0.71484375 0.3640625 0.015625 0.04375
0 0.45078125 0.72890625 0.0515625 0.03828125
0 0.39453125 0.74140625 0.046875 0.0390625
0 0.39140625 0.6984375 0.0484375 0.04296875
0 0.4703125 0.4609375 0.034375 0.10625
0 0.3375 0.70703125 0.0515625 0.04375
0 0.2796875 0.76015625 0.0515625 0.03984375
0 0.2171875 0.76875 0.05859375 0.0375
0 0.27265625 0.71796875 0.05703125 0.0375
0 0.21640625 0.71875 0.040625 0.0484375
0 0.9546875 0.596875 0.0375 0.03203125
0 0.9234375 0.60703125 0.0234375 0.0296875
0 0.33984375 0.75390625 0.05859375 0.0375
0 0.42578125 0.4703125 0.040625 0.1078125
0 0.38203125 0.4734375 0.04140625 0.1078125
0 0.33515625 0.47734375 0.046875 0.11328125
0 0.921875 0.1828125 0.02421875 0.07890625
0 0.89375 0.184375 0.02734375 0.08046875
0 0.86171875 0.18203125 0.02890625 0.07890625
0 0.8140625 0.17890625 0.03203125 0.084375
0 0.88515625 0.43359375 0.02734375 0.08203125
0 0.8515625 0.43671875 0.034375 0.0859375
0 0.18515625 0.49140625 0.04765625 0.1125
0 0.23515625 0.48203125 0.0453125 0.12109375
0 0.28359375 0.47734375 0.03671875 0.11328125
0 0.97890625 0.2765625 0.02265625 0.06796875
0 0.9546875 0.27890625 0.0203125 0.0703125
0 0.159375 0.28125 0.0421875 0.10625
0 0.20546875 0.28515625 0.0390625 0.10390625
0 0.44921875 0.684375 0.04453125 0.04140625
0 0.49921875 0.6765625 0.04296875 0.04140625
0 0.92421875 0.6453125 0.0296875 0.0296875
0 0.95859375 0.63671875 0.028125 0.03203125
0 0.63515625 0.53359375 0.046875 0.040625
0 0.98671875 0.59375 0.02265625 0.03203125
0 0.9046875 0.35546875 0.0171875 0.0515625
0 0.925 0.35234375 0.0171875 0.0515625
0 0.9453125 0.3515625 0.0171875 0.0515625
0 0.965625 0.3515625 0.0171875 0.0515625
0 0.98515625 0.35078125 0.0171875 0.0515625
0 0.984375 0.42578125 0.03125 0.078125
0 0.88515625 0.359375 0.0171875 0.0546875
0 0.72734375 0.18046875 0.0234375 0.08125
0 0.78203125 0.18046875 0.021875 0.078125
0 0.96953125 0.53125 0.0328125 0.034375
0 0.93046875 0.53671875 0.034375 0.02890625
0 0.98828125 0.6296875 0.021875 0.0265625
0 0.19296875 0.634375 0.059375 0.0421875
0 0.26015625 0.62265625 0.059375 0.04296875
0 0.75390625 0.17890625 0.02421875 0.0828125
0 0.84375 0.36015625 0.01640625 0.0515625
0 0.8640625 0.3578125 0.0171875 0.04921875
0 0.80078125 0.359375 0.01875 0.05
0 0.88828125 0.5421875 0.03671875 0.0359375
0 0.85 0.54765625 0.03671875 0.03203125
0 0.80859375 0.55234375 0.034375 0.03515625
0 0.7703125 0.5578125 0.034375 0.03203125
0 0.73046875 0.56015625 0.03359375 0.034375
0 0.684375 0.56953125 0.03671875 0.034375
0 0.8234375 0.36171875 0.01875 0.05078125
0 0.59453125 0.58046875 0.0421875 0.03828125
0 0.64140625 0.5734375 0.03984375 0.0328125
0 0.496875 0.59453125 0.05078125 0.0421875
0 0.44296875 0.6 0.0515625 0.03828125
0 0.3875 0.60546875 0.05234375 0.04296875
0 0.76015625 0.3625 0.0171875 0.05390625
0 0.7796875 0.36171875 0.01640625 0.0546875
0 0.32421875 0.61640625 0.05546875 0.04375
0 0.54765625 0.5875 0.040625 0.03828125