0 0.9625 0.59765625 0.04375 0.034375
0 0.86640625 0.2484375 0.090625 0.05859375
0 0.7921875 0.5984375 0.0390625 0.03125
0 0.83671875 0.60078125 0.03984375 0.0359375
0 0.878125 0.59921875 0.04140625 0.03984375
0 0.9203125 0.59765625 0.0390625 0.03359375
0 0.5921875 0.665625 0.05078125 0.065625
0 0.63984375 0.6578125 0.0421875 0.0765625
0 0.6796875 0.659375 0.0375 0.078125
0 0.72265625 0.6625 0.0390625 0.07421875
0 0.75234375 0.6 0.03984375 0.03046875
0 0.76875 0.66015625 0.03671875 0.0703125
0 0.853125 0.65859375 0.04140625 0.071875
0 0.89609375 0.65859375 0.0328125 0.07109375
0 0.93984375 0.6625 0.034375 0.0703125
0 0.97890625 0.66015625 0.04140625 0.07421875
0 0.046875 0.45234375 0.02578125 0.01953125
0 0.06875 0.45078125 0.01484375 0.02265625
0 0.08515625 0.4515625 0.015625 0.02109375
0 0.0375 0.47734375 0.0234375 0.01953125
0 0.81015625 0.659375 0.04140625 0.07421875
0 0.06015625 0.47578125 0.02265625 0.02265625
0 0.7140625 0.59921875 0.0375 0.0296875
0 0.63046875 0.5984375 0.04140625 0.03515625
0 0.4015625 0.66875 0.04296875 0.0453125
0 0.44765625 0.63828125 0.0328125 0.015625
0 0.4484375 0.6546875 0.03671875 0.015625
0 0.4484375 0.66796875 0.03828125 0.01015625
0 0.546875 0.634375 0.03125 0.0171875
0 0.5484375 0.65234375 0.02578125 0.01953125
0 0.546875 0.66875 0.028125 0.0125
0 0.446875 0.68515625 0.02578125 0.01953125
0 0.67265625 0.59765625 0.0421875 0.03203125
0 0.471875 0.6859375 0.0234375 0.01953125
0 0.521875 0.68671875 0.028125 0.0171875
0 0.546875 0.68671875 0.021875 0.01796875
0 0.44296875 0.6171875 0.028125 0.021875
0 0.46953125 0.6171875 0.02578125 0.01953125
0 0.49375 0.61640625 0.02734375 0.0171875
0 0.51796875 0.61640625 0.0203125 0.01796875
0 0.5421875 0.615625 0.03046875 0.0203125
0 0.58984375 0.60234375 0.0375 0.02734375
0 0.49453125 0.6875 0.02421875 0.0171875
0 0.33125 0.66953125 0.0421875 0.05078125
0 0.08203125 0.475 0.01640625 0.01875
0 0.0375 0.5125 0.01953125 0.0328125
0 0.2328125 0.55546875 0.03671875 0.01328125
0 0.2671875 0.55625 0.03359375 0.0125
0 0.32421875 0.4484375 0.03984375 0.02265625
0 0.36328125 0.44921875 0.034375 0.021875
0 0.315625 0.47109375 0.0421875 0.01875
0 0.30234375 0.55625 0.03203125 0.021875
0 0.30078125 0.5328125 0.0296875 0.02265625
0 0.2984375 0.50859375 0.04765625 0.021875
0 0.26875 0.5375 0.03046875 0.01953125
0 0.34375 0.51015625 0.0421875 0.02265625
0 0.35078125 0.55703125 0.05390625 0.0265625
0 0.41953125 0.5125 0.071875 0.08828125
0 0.50234375 0.5375 0.0796875 0.0203125
0 0.50546875 0.5546875 0.08515625 0.009375
0 0.58984375 0.53515625 0.08046875 0.01796875
0 0.5875 0.5515625 0.0734375 0.015625
0 0.6578125 0.50859375 0.03671875 0.0875
0 0.70703125 0.5078125 0.04296875 0.07890625
0 0.34453125 0.53203125 0.04140625 0.02265625
0 0.015625 0.515625 0.0265625 0.028125
0 0.23046875 0.53671875 0.0390625 0.01875
0 0.24453125 0.49453125 0.034375 0.01953125
0 0.06015625 0.5125 0.02109375 0.0296875
0 0.11015625 0.4765625 0.02578125 0.0203125
0 0.13515625 0.47578125 0.0234375 0.02265625
0 0.02734375 0.55703125 0.02265625 0.009375
0 0.02890625 0.54296875 0.025 0.0171875
0 0.06328125 0.55546875 0.025 0.0140625
0 0.084375 0.5578125 0.01796875 0.01171875
0 0.06171875 0.5421875 0.03125 0.01484375
0 0.246875 0.51015625 0.03828125 0.01015625
0 0.0890625 0.54375 0.02109375 0.01328125
0 0.11171875 0.55625 0.0296875 0.01015625
0 0.1484375 0.54921875 0.04140625 0.0328125
0 0.18984375 0.54609375 0.034375 0.03984375
0 0.203125 0.47265625 0.03046875 0.0109375
0 0.20234375 0.4609375 0.02890625 0.0078125
0 0.2015625 0.45 0.02734375 0.0125
0 0.240625 0.45859375 0.0296875 0.015625
0 0.2421875 0.47109375 0.03046875 0.0078125
0 0.109375 0.54296875 0.02265625 0.01484375
0 0.79296875 0.5265625 0.046875 0.053125
0 0.371875 0.6359375 0.02421875 0.02265625
0 0.2453125 0.6484375 0.121875 0.09765625
0 0.2390625 0.8140625 0.04375 0.04140625
0 0.28046875 0.81171875 0.03984375 0.03828125
0 0.31796875 0.81328125 0.0375 0.0359375
0 0.15234375 0.76171875 0.0453125 0.06015625
0 0.196875 0.7640625 0.03671875 0.059375
0 0.2328125 0.7609375 0.03671875 0.059375
0 0.27265625 0.7609375 0.0421875 0.05859375
0 0.3109375 0.76015625 0.03203125 0.0625
0 0.1984375 0.81484375 0.03671875 0.0359375
0 0.3671875 0.81640625 0.04921875 0.03671875
0 0.440625 0.8015625 0.03515625 0.04375
0 0.47421875 0.79296875 0.03125 0.06015625
0 0.5046875 0.7890625 0.02734375 0.05078125
0 0.53359375 0.784375 0.03203125 0.0609375
0 0.56484375 0.740625 0.02578125 0.03984375
0 0.5984375 0.7421875 0.03203125 0.04140625
0 0.6328125 0.740625 0.03515625 0.0453125
0 0.6671875 0.73984375 0.03125 0.04375
0 0.40703125 0.8078125 0.03046875 0.05546875
0 0.7015625 0.73828125 0.03515625 0.046875
0 0.1578125 0.815625 0.0453125 0.03515625
0 0.284375 0.859375 0.04140625 0.03984375
0 0.41328125 0.4546875 0.0296875 0.01875
0 0.44453125 0.45546875 0.0328125 0.01875
0 0.51015625 0.48671875 0.065625 0.015625
0 0.51171875 0.5015625 0.06640625 0.01171875
0 0.565625 0.4609375 0.04375 0.01171875
0 0.6078125 0.45859375 0.0390625 0.00859375
0 0.5671875 0.48046875 0.03515625 0.0125
0 0.60625 0.4796875 0.03828125 0.01015625
0 0.32265625 0.859375 0.03203125 0.03828125
0 0.5640625 0.50078125 0.0390625 0.01484375
0 0.60625 0.50390625 0.03671875 0.01171875
0 0.60859375 0.51484375 0.0375 0.01015625
0 0.01875 0.8484375 0.03203125 0.1015625
0 0.05859375 0.8453125 0.046875 0.09609375
0 0.1046875 0.84296875 0.04296875 0.10078125
0 0.16640625 0.86015625 0.04375 0.03828125
0 0.2078125 0.86171875 0.03203125 0.0375
0 0.24453125 0.859375 0.0390625 0.04140625
0 0.56484375 0.5140625 0.0421875 0.01015625
0 0.34921875 0.63515625 0.01953125 0.0234375
0 0.56484375 0.7875 0.02421875 0.03984375
0 0.6328125 0.78515625 0.03828125 0.0390625
0 0.1234375 0.6171875 0.02265625 0.0125
0 0.12265625 0.6296875 0.0203125 0.0125
0 0.14453125 0.62890625 0.02734375 0.01328125
0 0.17109375 0.6296875 0.02421875 0.015625
0 0.12890625 0.646875 0.02734375 0.01171875
0 0.15234375 0.6453125 0.0203125 0.01328125
0 0.17265625 0.64453125 0.01796875 0.01171875
0 0.1265625 0.66171875 0.025 0.01484375
0 0.146875 0.61640625 0.025 0.009375
0 0.14921875 0.6625 0.02109375 0.0140625
0 0.109375 0.67890625 0.01484375 0.0171875
0 0.13125 0.68125 0.02109375 0.0171875
0 0.14921875 0.68046875 0.0140625 0.01953125
0 0.17421875 0.678125 0.0203125 0.015625
0 0.05 0.6796875 0.02734375 0.025
0 0.0828125 0.678125 0.03359375 0.02734375
0 0.03671875 0.6390625 0.0328125 0.0390625
0 0.0703125 0.6375 0.03046875 0.0421875
0 0.1734375 0.6609375 0.0203125 0.0140625
0 0.59609375 0.7859375 0.0359375 0.03671875
0 0.1703125 0.615625 0.021875 0.00859375
0 0.14921875 0.6015625 0.0234375 0.01796875
0 0.6703125 0.78515625 0.03671875 0.0390625
0 0.70390625 0.78515625 0.0296875 0.03984375
0 0.584375 0.85546875 0.0375 0.05703125
0 0.6234375 0.84140625 0.03203125 0.0625
0 0.68984375 0.84609375 0.0453125 0.0609375
0 0.734375 0.84609375 0.0421875 0.05546875
0 0.7640625 0.76875 0.03828125 0.05859375
0 0.8015625 0.76640625 0.03359375 0.05546875
0 0.1703125 0.6 0.01953125 0.01875
0 0.83828125 0.7671875 0.03984375 0.053125
0 0.91015625 0.7625 0.03828125 0.0484375
0 0.78984375 0.8484375 0.04140625 0.059375
0 0.83046875 0.85 0.03984375 0.0625
0 0.865625 0.8484375 0.03125 0.0640625
0 0.9046875 0.84921875 0.0421875 0.0640625
0 0.9453125 0.85078125 0.0390625 0.06171875
0 0.10078125 0.6015625 0.025 0.015625
0 0.125 0.60234375 0.021875 0.015625
0 0.87421875 0.76484375 0.0328125 0.05078125
0 0.83203125 0.528125 0.03203125 0.05
0 0.35859375 0.4703125 0.03359375 0.02109375
0 0.925 0.528125 0.0484375 0.05546875
0 0.25390625 0.25625 0.0734375 0.0453125
0 0.33984375 0.2125 0.04921875 0.0390625
0 0.328125 0.25859375 0.0640625 0.0453125
0 0.390625 0.2578125 0.05625 0.04375
0 0.44140625 0.2078125 0.06796875 0.0453125
0 0.4484375 0.2578125 0.06015625 0.0421875
0 0.51640625 0.2515625 0.0546875 0.046875
0 0.61484375 0.2515625 0.1078125 0.02109375
0 0.61328125 0.2703125 0.1109375 0.015625
0 0.7109375 0.16875 0.10703125 0.02109375
0 0.73984375 0.23046875 0.13828125 0.08515625
0 0.93671875 0.2484375 0.04375 0.0546875
0 0.978125 0.24296875 0.0375 0.065625
0 0.0828125 0.0671875 0.1 0.1015625
0 0.2375 0.075 0.053125 0.07421875
0 0.30625 0.07421875 0.07578125 0.0796875
0 0.3796875 0.07109375 0.065625 0.08359375
0 0.4484375 0.0875 0.0578125 0.05078125
0 0.503125 0.0859375 0.0515625 0.05078125
0 0.55703125 0.0875 0.05078125 0.04765625
0 0.73125 0.0296875 0.0578125 0.02109375
0 0.78984375 0.021875 0.06015625 0.0359375
0 0.6171875 0.07734375 0.0609375 0.06796875
0 0.6796875 0.0765625 0.06171875 0.0703125
0 0.74609375 0.07734375 0.06171875 0.06796875
0 0.80703125 0.0734375 0.0546875 0.07109375
0 0.86953125 0.0828125 0.05859375 0.05078125
0 0.93515625 0.0875 0.0703125 0.04140625
0 0.8796875 0.5265625 0.0453125 0.05234375
0 0.2625 0.20703125 0.059375 0.04375
0 0.18359375 0.26015625 0.05703125 0.0421875
0 0.17578125 0.0734375 0.0625 0.08046875
0 0.12265625 0.2640625 0.06484375 0.0359375
0 0.978125 0.5171875 0.04375 0.08359375
0 0.18828125 0.20234375 0.06640625 0.059375
0 0.0390625 0.38359375 0.03515625 0.05859375
0 0.109375 0.359375 0.021875 0.015625
0 0.13359375 0.3609375 0.0171875 0.01328125
0 0.16015625 0.3609375 0.0234375 0.01328125
0 0.0890625 0.3796875 0.0265625 0.01796875
0 0.11640625 0.38046875 0.0265625 0.015625
0 0.14375 0.38046875 0.02265625 0.0140625
0 0.0984375 0.40234375 0.028125 0.015625
0 0.12890625 0.403125 0.0328125 0.01640625
0 0.2796875 0.31328125 0.103125 0.0125
0 0.3765625 0.3125 0.090625 0.015625
0 0.4875 0.31171875 0.1125 0.0140625
0 0.06953125 0.4015625 0.028125 0.01875
0 0.81484375 0.38125 0.053125 0.04765625
0 0.2625 0.36796875 0.1015625 0.09375
0 0.384375 0.36875 0.11953125 0.0875
0 0.50078125 0.37109375 0.1046875 0.08515625
0 0.61015625 0.3328125 0.10078125 0.0328125
0 0.60859375 0.38046875 0.10390625 0.05703125
0 0.73046875 0.39765625 0.11171875 0.0234375
0 0.73125 0.375 0.11484375 0.02265625
0 0.80625 0.3265625 0.0546875 0.0484375
0 0.05625 0.2609375 0.05546875 0.0359375
0 0.8640625 0.3640625 0.04140625 0.0796875
0 0.90859375 0.37421875 0.03984375 0.0625
0 0.96015625 0.38125 0.0609375 0.05078125
0 0.0828125 0.22265625 0.06484375 0.03125