0 0.35390625 0.29375 0.04296875 0.075
0 0.28828125 0.44140625 0.04765625 0.0640625
0 0.34375 0.45703125 0.0625 0.0484375
0 0.3984375 0.45 0.04140625 0.06015625
0 0.44453125 0.44921875 0.04140625 0.065625
0 0.509375 0.4328125 0.06328125 0.10078125
0 0.63125 0.7359375 0.0796875 0.053125
0 0.70859375 0.73671875 0.07421875 0.05234375
0 0.74921875 0.67109375 0.03125 0.04296875
0 0.7828125 0.6703125 0.034375 0.04140625
0 0.815625 0.67265625 0.03203125 0.04609375
0 0.853125 0.67265625 0.0390625 0.04609375
0 0.88828125 0.67109375 0.03046875 0.0453125
0 0.7765625 0.71328125 0.0296875 0.03828125
0 0.2203125 0.446875 0.0703125 0.06640625
0 0.81328125 0.71640625 0.03125 0.03671875
0 0.88125 0.71484375 0.0328125 0.03671875
0 0.9171875 0.684375 0.02578125 0.04296875
0 0.94765625 0.6859375 0.02734375 0.04375
0 0.98046875 0.68359375 0.0265625 0.0453125
0 0.059375 0.85703125 0.03671875 0.05625
0 0.1 0.8546875 0.03515625 0.04921875
0 0.140625 0.853125 0.03671875 0.05390625
0 0.17734375 0.85234375 0.034375 0.046875
0 0.046875 0.9328125 0.046875 0.0671875
0 0.1640625 0.92734375 0.04375 0.05703125
0 0.21953125 0.846875 0.0328125 0.05703125
0 0.26015625 0.8609375 0.03984375 0.0484375
0 0.3203125 0.86171875 0.03671875 0.0546875
0 0.2125 0.93359375 0.040625 0.053125
0 0.8453125 0.71640625 0.03125 0.03359375
0 0.15234375 0.4515625 0.06328125 0.0625
0 0.09140625 0.4484375 0.059375 0.06015625
0 0.0375 0.45859375 0.04609375 0.0390625
0 0.39609375 0.29296875 0.04140625 0.08125
0 0.4421875 0.29453125 0.04296875 0.07109375
0 0.48359375 0.30859375 0.03671875 0.0453125
0 0.52890625 0.3046875 0.04765625 0.05078125
0 0.21484375 0.30703125 0.0484375 0.040625
0 0.63046875 0.28984375 0.05 0.08984375
0 0.678125 0.2875 0.0453125 0.08671875
0 0.15625 0.30625 0.053125 0.0390625
0 0.73203125 0.290625 0.05078125 0.090625
0 0.80703125 0.2890625 0.090625 0.08515625
0 0.91328125 0.28984375 0.109375 0.0828125
0 0.096875 0.30625 0.053125 0.04375
0 0.20859375 0.26328125 0.0546875 0.03828125
0 0.90859375 0.10234375 0.059375 0.13984375
0 0.25390625 0.934375 0.040625 0.05859375
0 0.84609375 0.103125 0.05 0.13359375
0 0.75078125 0.10234375 0.05625 0.13828125
0 0.690625 0.10078125 0.0546875 0.140625
0 0.6265625 0.10546875 0.0453125 0.1265625
0 0.578125 0.1078125 0.0453125 0.121875
0 0.47421875 0.10390625 0.05 0.1234375
0 0.415625 0.10234375 0.0625 0.12578125
0 0.34375 0.10234375 0.06875 0.1265625
0 0.27734375 0.11015625 0.04765625 0.10625
0 0.184375 0.09453125 0.05625 0.140625
0 0.1140625 0.0984375 0.0765625 0.13125
0 0.034375 0.0921875 0.06875 0.14375
0 0.12890625 0.26015625 0.05703125 0.04296875
0 0.0421875 0.296875 0.0515625 0.06171875
0 0.31328125 0.29296875 0.03359375 0.07578125
0 0.296875 0.93515625 0.03359375 0.05859375
0 0.57734375 0.303125 0.04765625 0.05390625
0 0.38046875 0.921875 0.03828125 0.07890625
0 0.7890625 0.3921875 0.0359375 0.02421875
0 0.9609375 0.434375 0.0484375 0.09765625
0 0.06328125 0.56875 0.05078125 0.025
0 0.0953125 0.6046875 0.075 0.0421875
0 0.17734375 0.59140625 0.06328125 0.03515625
0 0.2484375 0.5640625 0.065625 0.0796875
0 0.32421875 0.590625 0.06953125 0.075
0 0.39375 0.596875 0.07578125 0.05859375
0 0.471875 0.51875 0.07734375 0.01875
0 0.47265625 0.5390625 0.06796875 0.01328125
0 0.46640625 0.5546875 0.06640625 0.0140625
0 0.471875 0.590625 0.07421875 0.0546875
0 0.553125 0.5953125 0.07890625 0.053125
0 0.55625 0.528125 0.0765625 0.02734375
0 0.54375 0.5515625 0.0671875 0.01640625
0 0.63203125 0.57421875 0.075 0.05234375
0 0.7015625 0.58671875 0.040625 0.084375
0 0.5484375 0.734375 0.07734375 0.059375
0 0.3921875 0.73359375 0.09140625 0.05859375
0 0.309375 0.73046875 0.071875 0.06171875
0 0.22578125 0.72265625 0.08203125 0.08671875
0 0.15078125 0.721875 0.06484375 0.03046875
0 0.08125 0.70625 0.0625 0.025
0 0.659375 0.37109375 0.03671875 0.02265625
0 0.05703125 0.75703125 0.09296875 0.065625
0 0.95390625 0.58203125 0.025 0.07578125
0 0.92109375 0.6015625 0.0375 0.05234375
0 0.8796875 0.6015625 0.04140625 0.05
0 0.83359375 0.596875 0.04296875 0.0609375
0 0.33671875 0.93359375 0.03671875 0.05390625
0 0.74921875 0.58359375 0.0546875 0.08984375
0 0.0265625 0.68671875 0.03203125 0.05546875
0 0.6078125 0.3859375 0.04296875 0.04921875
0 0.01875 0.5609375 0.03515625 0.03359375
0 0.86015625 0.43984375 0.05 0.090625
0 0.6453125 0.909375 0.04765625 0.07734375
0 0.60078125 0.90859375 0.03984375 0.075
0 0.56015625 0.91015625 0.03515625 0.07578125
0 0.51875 0.90859375 0.040625 0.0765625
0 0.90859375 0.44140625 0.0421875 0.08828125
0 0.6921875 0.84609375 0.040625 0.07421875
0 0.47421875 0.909375 0.04140625 0.0796875
0 0.6328125 0.82265625 0.040625 0.06953125
0 0.590625 0.82421875 0.03828125 0.07109375
0 0.54765625 0.82421875 0.0421875 0.07265625
0 0.50234375 0.82578125 0.0390625 0.07421875
0 0.4609375 0.8296875 0.03828125 0.07421875
0 0.428125 0.92578125 0.04453125 0.06953125
0 0.78046875 0.84140625 0.04375 0.0734375
0 0.82421875 0.84140625 0.04140625 0.075
0 0.7375 0.84296875 0.040625 0.07421875
0 0.91015625 0.8234375 0.03203125 0.06796875
0 0.86953125 0.840625 0.0421875 0.071875
0 0.6484375 0.45390625 0.05078125 0.059375
0 0.69609375 0.44140625 0.0484375 0.08515625
0 0.73828125 0.4578125 0.03515625 0.05546875
0 0.58515625 0.45078125 0.0703125 0.06640625
0 0.815625 0.44609375 0.03515625 0.08125
0 0.96171875 0.90625 0.03984375 0.08203125
0 0.775 0.44609375 0.0375 0.078125
0 0.87734375 0.91953125 0.04140625 0.0796875
0 0.83515625 0.9203125 0.0390625 0.078125
0 0.79140625 0.921875 0.040625 0.07890625
0 0.74453125 0.92265625 0.0453125 0.07890625
0 0.7 0.92578125 0.040625 0.075
0 0.94921875 0.82265625 0.03671875 0.06875
0 0.921875 0.90703125 0.0359375 0.0828125