0 0.88203125 0.41953125 0.0484375 0.08828125
0 0.6265625 0.41875 0.040625 0.0890625
0 0.834375 0.41640625 0.0390625 0.03125
0 0.83515625 0.44765625 0.04296875 0.03046875
0 0.7953125 0.4203125 0.0359375 0.08828125
0 0.76171875 0.41953125 0.02890625 0.0890625
0 0.725 0.41953125 0.04140625 0.08828125
0 0.67734375 0.41640625 0.04921875 0.0328125
0 0.67109375 0.44609375 0.05 0.02890625
0 0.41328125 0.4140625 0.03359375 0.08828125
0 0.58046875 0.446875 0.05234375 0.02578125
0 0.13359375 0.6265625 0.09296875 0.07734375
0 0.45 0.41484375 0.0375 0.090625
0 0.371875 0.41484375 0.03359375 0.09453125
0 0.33046875 0.41640625 0.04140625 0.084375
0 0.29296875 0.41875 0.03359375 0.07734375
0 0.253125 0.409375 0.03359375 0.03203125
0 0.25078125 0.4421875 0.04921875 0.03046875
0 0.92890625 0.41796875 0.04375 0.08828125
0 0.2046875 0.425 0.0296875 0.06640625
0 0.58203125 0.415625 0.0484375 0.0359375
0 0.97109375 0.41796875 0.03984375 0.0875
0 0.58359375 0.521875 0.0359375 0.09140625
0 0.1171875 0.52734375 0.05078125 0.0765625
0 0.1625 0.409375 0.0578125 0.0296875
0 0.0546875 0.5703125 0.06640625 0.0640625
0 0.971875 0.53046875 0.0453125 0.08125
0 0.928125 0.525 0.040625 0.09296875
0 0.8765625 0.52734375 0.040625 0.0921875
0 0.840625 0.52734375 0.03125 0.09453125
0 0.80234375 0.525 0.04765625 0.09140625
0 0.75546875 0.52421875 0.04453125 0.09296875
0 0.70703125 0.525 0.0359375 0.08828125
0 0.6671875 0.52421875 0.03984375 0.08828125
0 0.625 0.52265625 0.046875 0.0875
0 0.54453125 0.52265625 0.0375 0.08671875
0 0.50546875 0.52265625 0.03515625 0.0875
0 0.4640625 0.52109375 0.03984375 0.0875
0 0.42421875 0.52109375 0.0390625 0.0890625
0 0.38125 0.52265625 0.0453125 0.0890625
0 0.33984375 0.5234375 0.03828125 0.08671875
0 0.2984375 0.52421875 0.04375 0.08671875
0 0.25390625 0.525 0.040625 0.08515625
0 0.2125 0.52421875 0.0390625 0.07890625
0 0.16484375 0.5265625 0.04609375 0.07734375
0 0.05234375 0.484375 0.0640625 0.0640625
0 0.16171875 0.43984375 0.0609375 0.03203125
0 0.11796875 0.303125 0.03671875 0.09453125
0 0.03203125 0.39453125 0.0640625 0.06328125
0 0.16875 0.33671875 0.065625 0.028125
0 0.93515625 0.1921875 0.1296875 0.096875
0 0.80234375 0.19921875 0.13515625 0.08125
0 0.66171875 0.19375 0.13671875 0.08671875
0 0.5265625 0.190625 0.13359375 0.09609375
0 0.41875 0.20546875 0.0484375 0.0578125
0 0.33828125 0.18046875 0.1046875 0.1125
0 0.23828125 0.2078125 0.06875 0.05390625
0 0.171875 0.171875 0.06015625 0.12265625
0 0.11328125 0.17109375 0.059375 0.11953125
0 0.96953125 0.05390625 0.03671875 0.10390625
0 0.91640625 0.0609375 0.06953125 0.0890625
0 0.85078125 0.05390625 0.05 0.09296875
0 0.803125 0.0515625 0.04609375 0.0984375
0 0.725 0.05078125 0.1109375 0.09765625
0 0.5953125 0.04921875 0.14765625 0.0984375
0 0.47109375 0.05546875 0.1015625 0.0875
0 0.34296875 0.05078125 0.14296875 0.08828125
0 0.24609375 0.0484375 0.04375 0.090625
0 0.16875 0.046875 0.10390625 0.0890625
0 0.0921875 0.04609375 0.04296875 0.0921875
0 0.16953125 0.30546875 0.065625 0.03046875
0 0.11171875 0.4109375 0.0375 0.08984375
0 0.16875 0.27421875 0.06640625 0.03125
0 0.25078125 0.33671875 0.05546875 0.03046875
0 0.9828125 0.3125 0.034375 0.1
0 0.94609375 0.3125 0.04140625 0.09921875
0 0.90703125 0.309375 0.034375 0.09765625
0 0.8625 0.27890625 0.04765625 0.034375
0 0.86171875 0.31171875 0.0484375 0.0328125
0 0.8625 0.3453125 0.0515625 0.03203125
0 0.81328125 0.31640625 0.04375 0.090625
0 0.77578125 0.3109375 0.03203125 0.1
0 0.73671875 0.31171875 0.04140625 0.10234375
0 0.68984375 0.31015625 0.05234375 0.0359375
0 0.690625 0.34453125 0.05078125 0.03359375
0 0.64375 0.31328125 0.0390625 0.090625
0 0.596875 0.3125 0.05390625 0.03203125
0 0.5953125 0.34453125 0.05703125 0.03203125
0 0.54296875 0.31015625 0.040625 0.096875
0 0.4609375 0.3078125 0.03984375 0.0890625
0 0.425 0.30625 0.034375 0.08671875
0 0.3859375 0.3046875 0.0421875 0.08984375
0 0.3375 0.31328125 0.04375 0.0796875
0 0.2953125 0.31171875 0.040625 0.08359375
0 0.24921875 0.30625 0.0578125 0.0296875
0 0.21171875 0.31953125 0.01875 0.0625
0 0.203125 0.62578125 0.03671875 0.08359375
0 0.5296875 0.41484375 0.0390625 0.08515625
0 0.27734375 0.6265625 0.0375 0.08515625
0 0.68203125 0.728125 0.04921875 0.08828125
0 0.73203125 0.72890625 0.04921875 0.08828125
0 0.7796875 0.7296875 0.04609375 0.08515625
0 0.828125 0.73203125 0.05 0.08984375
0 0.875 0.72890625 0.04140625 0.08828125
0 0.91953125 0.73125 0.04765625 0.08203125
0 0.971875 0.73046875 0.05625 0.0828125
0 0.1421875 0.8375 0.0859375 0.0734375
0 0.2125 0.83125 0.05625 0.08671875
0 0.26171875 0.8328125 0.03984375 0.0921875
0 0.3 0.83359375 0.0375 0.096875
0 0.34140625 0.8328125 0.04375 0.09140625
0 0.396875 0.8234375 0.0390625 0.08046875
0 0.44140625 0.83203125 0.0421875 0.08828125
0 0.53359375 0.83671875 0.04921875 0.09296875
0 0.58125 0.83828125 0.04765625 0.09140625
0 0.63046875 0.840625 0.046875 0.09453125
0 0.67890625 0.840625 0.05 0.09140625
0 0.7265625 0.8390625 0.04375 0.0875
0 0.77421875 0.83828125 0.05078125 0.08828125
0 0.821875 0.840625 0.04453125 0.09296875
0 0.86796875 0.840625 0.0484375 0.0890625
0 0.9140625 0.84140625 0.04296875 0.0890625
0 0.959375 0.84296875 0.04921875 0.09375
0 0.240625 0.6265625 0.0359375 0.084375
0 0.6328125 0.72890625 0.05 0.08828125
0 0.584375 0.728125 0.04375 0.0890625
0 0.48515625 0.83359375 0.04453125 0.0859375
0 0.45390625 0.72578125 0.04609375 0.09140625
0 0.50078125 0.72890625 0.04375 0.096875
0 0.3171875 0.6265625 0.04296875 0.0859375
0 0.3625 0.62578125 0.0421875 0.08359375
0 0.40390625 0.6234375 0.040625 0.0875
0 0.4421875 0.6234375 0.03359375 0.08515625
0 0.4796875 0.62421875 0.04375 0.08359375
0 0.5578125 0.6265625 0.04453125 0.08359375
0 0.6 0.62734375 0.04140625 0.0890625
0 0.653125 0.62421875 0.04453125 0.0796875
0 0.696875 0.6234375 0.04453125 0.08125
0 0.7375 0.625 0.0375 0.084375
0 0.77578125 0.6265625 0.03828125 0.08125
0 0.51796875 0.625 0.03203125 0.084375
0 0.853125 0.628125 0.04140625 0.08125
0 0.4078125 0.728125 0.0484375 0.08671875
0 0.8140625 0.62734375 0.0390625 0.084375
0 0.35078125 0.72578125 0.0375 0.0890625
0 0.30625 0.72578125 0.05234375 0.0890625
0 0.2546875 0.72734375 0.04453125 0.090625
0 0.1421875 0.7296875 0.0859375 0.075
0 0.21015625 0.72421875 0.046875 0.084375
0 0.025 0.7421875 0.05 0.05390625
0 0.0453125 0.659375 0.075 0.06875
0 0.98046875 0.6265625 0.03671875 0.06953125
0 0.934375 0.625 0.0421875 0.084375
0 0.89296875 0.62734375 0.0390625 0.07890625