0 0.346875 0.3859375 0.0359375 0.05625
0 0.26484375 0.38046875 0.0453125 0.05859375
0 0.98515625 0.31796875 0.0296875 0.10234375
0 0.3015625 0.19453125 0.03984375 0.07578125
0 0.33984375 0.1953125 0.03046875 0.07421875
0 0.4984375 0.19765625 0.0375 0.07734375
0 0.41640625 0.19765625 0.04609375 0.0703125
0 0.46015625 0.1984375 0.0375 0.0765625
0 0.540625 0.19765625 0.0390625 0.0765625
0 0.390625 0.38359375 0.04609375 0.059375
0 0.37421875 0.19609375 0.0375 0.07578125
0 0.478125 0.38515625 0.03984375 0.0578125
0 0.36171875 0.12734375 0.0515625 0.02890625
0 0.06015625 0.08984375 0.040625 0.1
0 0.1078125 0.0890625 0.046875 0.10078125
0 0.15625 0.109375 0.02890625 0.05625
0 0.1859375 0.10859375 0.025 0.0546875
0 0.215625 0.09921875 0.02890625 0.078125
0 0.24765625 0.10078125 0.0234375 0.07265625
0 0.28046875 0.1015625 0.03671875 0.075
0 0.58203125 0.19609375 0.03671875 0.07734375
0 0.4078125 0.096875 0.03828125 0.08359375
0 0.4453125 0.096875 0.0359375 0.08515625
0 0.4796875 0.115625 0.0296875 0.04765625
0 0.51015625 0.11796875 0.028125 0.04375
0 0.01953125 0.090625 0.03828125 0.09921875
0 0.62734375 0.19453125 0.0453125 0.08046875
0 0.0171875 0.3421875 0.034375 0.0921875
0 0.71328125 0.2015625 0.034375 0.06953125
0 0.94375 0.31796875 0.04921875 0.09765625
0 0.89609375 0.32265625 0.0390625 0.08828125
0 0.8328125 0.3 0.01171875 0.05234375
0 0.80625 0.2921875 0.0390625 0.0703125
0 0.7625 0.29375 0.04140625 0.06953125
0 0.70859375 0.29375 0.046875 0.0640625
0 0.66015625 0.29375 0.03203125 0.06328125
0 0.6203125 0.29296875 0.04453125 0.0703125
0 0.57421875 0.2921875 0.04375 0.0703125
0 0.53125 0.29375 0.040625 0.0640625
0 0.4859375 0.29296875 0.04453125 0.0671875
0 0.4421875 0.290625 0.040625 0.07265625
0 0.39765625 0.29140625 0.04375 0.06484375
0 0.34453125 0.2859375 0.05546875 0.075
0 0.2703125 0.28828125 0.04921875 0.0734375
0 0.18125 0.30703125 0.04921875 0.04375
0 0.1796875 0.3609375 0.04609375 0.06015625
0 0.10625 0.35625 0.040625 0.065625
0 0.05859375 0.346875 0.0453125 0.0796875
0 0.55 0.1015625 0.0453125 0.07421875
0 0.96484375 0.20078125 0.0703125 0.0984375
0 0.90703125 0.20234375 0.04375 0.09921875
0 0.859375 0.19609375 0.05078125 0.08203125
0 0.80859375 0.19765625 0.0484375 0.078125
0 0.75703125 0.19609375 0.0484375 0.075
0 0.67265625 0.19609375 0.0453125 0.0796875
0 0.01171875 0.5703125 0.0234375 0.09375
0 0.06640625 0.57734375 0.0796875 0.09375
0 0.6765625 0.09453125 0.0484375 0.09296875
0 0.14765625 0.21015625 0.0546875 0.10078125
0 0.08984375 0.21328125 0.053125 0.09296875
0 0.0484375 0.21875 0.02734375 0.08515625
0 0.828125 0.47734375 0.0671875 0.09375
0 0.68828125 0.47734375 0.0734375 0.0890625
0 0.603125 0.4734375 0.0859375 0.09453125
0 0.20625 0.209375 0.05859375 0.103125
0 0.521875 0.4703125 0.071875 0.08828125
0 0.39453125 0.46796875 0.0640625 0.0890625
0 0.2171875 0.49453125 0.06796875 0.01953125
0 0.23515625 0.44609375 0.06875 0.025
0 0.21953125 0.471875 0.07265625 0.021875
0 0.15625 0.46484375 0.04609375 0.075
0 0.403125 0.69765625 0.0546875 0.09296875
0 0.45546875 0.47109375 0.05078125 0.090625
0 0.2578125 0.19296875 0.040625 0.07421875
0 0.3453125 0.69765625 0.06015625 0.090625
0 0.28046875 0.69453125 0.0640625 0.08984375
0 0.12890625 0.58359375 0.03984375 0.07421875
0 0.19140625 0.571875 0.0765625 0.096875
0 0.2625 0.58203125 0.0640625 0.1
0 0.328125 0.58203125 0.06015625 0.096875
0 0.39375 0.584375 0.06484375 0.09375
0 0.45546875 0.58359375 0.053125 0.090625
0 0.515625 0.58671875 0.0625 0.090625
0 0.57890625 0.5875 0.059375 0.08828125
0 0.64296875 0.58671875 0.053125 0.08984375
0 0.70390625 0.5890625 0.06015625 0.0953125
0 0.79140625 0.59140625 0.07890625 0.09296875
0 0.0296875 0.6859375 0.05859375 0.10078125
0 0.0921875 0.68671875 0.065625 0.09765625
0 0.15234375 0.696875 0.05078125 0.08359375
0 0.2140625 0.69453125 0.06875 0.0890625
0 0.46328125 0.7 0.05703125 0.090625
0 0.63046875 0.10234375 0.0375 0.0765625
0 0.52890625 0.70390625 0.065625 0.09609375
0 0.61640625 0.67421875 0.02578125 0.0453125
0 0.834375 0.38359375 0.040625 0.0703125
0 0.78515625 0.3828125 0.0515625 0.0671875
0 0.7109375 0.384375 0.0453125 0.06796875
0 0.66875 0.3828125 0.03515625 0.07109375
0 0.634375 0.3828125 0.03515625 0.06796875
0 0.59765625 0.38203125 0.03125 0.06953125
0 0.91796875 0.44296875 0.08984375 0.07265625
0 0.5609375 0.38125 0.0375 0.065625
0 0.01953125 0.2171875 0.02890625 0.08515625
0 0.96171875 0.08515625 0.05078125 0.10078125
0 0.90859375 0.08828125 0.05234375 0.10234375
0 0.84921875 0.0921875 0.05390625 0.0921875
0 0.7890625 0.09375 0.059375 0.0921875
0 0.73046875 0.09375 0.05625 0.0921875
0 0.51875 0.38671875 0.0421875 0.0609375
0 0.91328125 0.534375 0.09609375 0.071875
0 0.98046875 0.53359375 0.0390625 0.07109375
0 0.8796875 0.6296875 0.05234375 0.06484375
0 0.65703125 0.70703125 0.05546875 0.09375
0 0.721875 0.70625 0.071875 0.096875
0 0.79296875 0.709375 0.05625 0.0890625
0 0.74296875 0.47109375 0.03046875 0.0796875
0 0.10234375 0.47578125 0.05546875 0.053125
0 0.05546875 0.46015625 0.034375 0.08125
0 0.01640625 0.465625 0.0328125 0.06875
0 0.9875 0.75078125 0.02421875 0.02265625
0 0.94921875 0.75 0.04765625 0.0265625
0 0.8984375 0.7453125 0.04375 0.0234375
0 0.89921875 0.7203125 0.04375 0.0234375
0 0.85546875 0.74765625 0.04375 0.0234375
0 0.85234375 0.725 0.04375 0.0234375
0 0.98203125 0.625 0.0359375 0.075
0 0.9359375 0.6296875 0.05546875 0.0640625
0 0.58203125 0.67109375 0.03671875 0.046875
0 0.5921875 0.103125 0.034375 0.0765625