0 0.1203125 0.45234375 0.065625 0.04296875
0 0.19375 0.446875 0.071875 0.04375
0 0.1921875 0.4953125 0.0703125 0.04375
0 0.2640625 0.45234375 0.0625 0.0375
0 0.34375 0.4328125 0.09375 0.04921875
0 0.34453125 0.48671875 0.09453125 0.05
0 0.42265625 0.44296875 0.0515625 0.03203125
0 0.1203125 0.5 0.06953125 0.03828125
0 0.4234375 0.48671875 0.053125 0.0453125
0 0.48046875 0.45 0.0578125 0.0359375
0 0.2640625 0.49453125 0.0640625 0.03828125
0 0.05 0.49921875 0.06875 0.04375
0 0.0578125 0.33984375 0.0640625 0.04140625
0 0.24453125 0.2984375 0.0515625 0.03984375
0 0.1953125 0.29921875 0.04375 0.11484375
0 0.12890625 0.33203125 0.0734375 0.05078125
0 0.48125 0.4890625 0.05859375 0.0359375
0 0.1296875 0.278125 0.075 0.05
0 0.05703125 0.29140625 0.0640625 0.04375
0 0.309375 0.33515625 0.06640625 0.04296875
0 0.309375 0.2875 0.06875 0.04296875
0 0.3703125 0.33828125 0.0515625 0.03515625
0 0.36953125 0.29765625 0.05 0.03671875
0 0.4328125 0.28828125 0.071875 0.04609375
0 0.4328125 0.33359375 0.07109375 0.04296875
0 0.2453125 0.33828125 0.05234375 0.034375
0 0.5421875 0.44296875 0.059375 0.040625
0 0.6703125 0.48125 0.06328125 0.03828125
0 0.60390625 0.44453125 0.059375 0.03828125
0 0.6296875 0.6140625 0.0578125 0.0359375
0 0.6296875 0.65546875 0.059375 0.03515625
0 0.56328125 0.61171875 0.06875 0.03984375
0 0.5640625 0.65625 0.065625 0.04140625
0 0.4984375 0.61953125 0.059375 0.0375
0 0.4984375 0.66171875 0.06171875 0.03984375
0 0.434375 0.6203125 0.06015625 0.03984375
0 0.4359375 0.6640625 0.0609375 0.03984375
0 0.365625 0.6625 0.0765625 0.04765625
0 0.21484375 0.675 0.0640625 0.04453125
0 0.2875 0.62109375 0.071875 0.04375
0 0.2875 0.66875 0.07109375 0.04296875
0 0.034375 0.60390625 0.05390625 0.03515625
0 0.5421875 0.48671875 0.06015625 0.04140625
0 0.02265625 0.6484375 0.0453125 0.03515625
0 0.7484375 0.6515625 0.05390625 0.034375
0 0.74765625 0.6125 0.053125 0.034375
0 0.86171875 0.5953125 0.053125 0.04296875
0 0.8671875 0.64140625 0.059375 0.03984375
0 0.9375 0.6875 0.0703125 0.0921875
0 0.9828125 0.490625 0.03359375 0.12421875
0 0.94921875 0.50234375 0.028125 0.10234375
0 0.91796875 0.50546875 0.0328125 0.10390625
0 0.73203125 0.44140625 0.0578125 0.0375
0 0.73125 0.4828125 0.05703125 0.03671875
0 0.4875 0.31796875 0.0359375 0.078125
0 0.60390625 0.4859375 0.059375 0.03515625
0 0.66875 0.43984375 0.06484375 0.03984375
0 0.021875 0.6890625 0.04375 0.03671875
0 0.525 0.31640625 0.03515625 0.08203125
0 0.92109375 0.33046875 0.034375 0.08359375
0 0.6328125 0.32734375 0.078125 0.05078125
0 0.29140625 0.8140625 0.0703125 0.04765625
0 0.29375 0.86640625 0.0703125 0.04453125
0 0.37265625 0.796875 0.08125 0.05078125
0 0.371875 0.8578125 0.08125 0.04921875
0 0.4453125 0.7953125 0.0578125 0.05
0 0.5 0.803125 0.0453125 0.0421875
0 0.4484375 0.85234375 0.05625 0.05234375
0 0.50078125 0.85234375 0.046875 0.04609375
0 0.55 0.8046875 0.0484375 0.03515625
0 0.5515625 0.8515625 0.0515625 0.0328125
0 0.6109375 0.77890625 0.0625 0.05390625
0 0.6109375 0.83671875 0.06328125 0.05234375
0 0.675 0.79296875 0.0609375 0.0359375
0 0.6765625 0.83984375 0.06015625 0.0390625
0 0.7296875 0.80078125 0.04296875 0.03671875
0 0.73125 0.8390625 0.0453125 0.0328125
0 0.77734375 0.8 0.0484375 0.03125
0 0.78046875 0.83515625 0.0484375 0.02890625
0 0.8265625 0.7953125 0.04453125 0.0328125
0 0.82734375 0.8328125 0.04375 0.03203125
0 0.8734375 0.7953125 0.0484375 0.03203125
0 0.8734375 0.83046875 0.0453125 0.02734375
0 0.846875 0.74609375 0.025 0.0296875
0 0.9765625 0.86875 0.0359375 0.08984375
0 0.9421875 0.8515625 0.0296875 0.13046875
0 0.9125 0.86171875 0.025 0.11171875
0 0.8703125 0.328125 0.053125 0.04296875
0 0.21875 0.87109375 0.0703125 0.04609375
0 0.56640625 0.309375 0.0421875 0.090625
0 0.21875 0.81875 0.06953125 0.03984375
0 0.10703125 0.7984375 0.0640625 0.03984375
0 0.6328125 0.26953125 0.07578125 0.05546875
0 0.68984375 0.31328125 0.03125 0.075
0 0.7421875 0.33125 0.05625 0.03984375
0 0.98828125 0.321875 0.0234375 0.10234375
0 0.95625 0.325 0.0328125 0.09609375
0 0.96875 0.1296875 0.0515625 0.10078125
0 0.9171875 0.12734375 0.0453125 0.10078125
0 0.87890625 0.14765625 0.02890625 0.08671875
0 0.82578125 0.1640625 0.075 0.053125
0 0.76171875 0.14140625 0.04375 0.10234375
0 0.715625 0.13984375 0.04375 0.10390625
0 0.6671875 0.14296875 0.04921875 0.09765625
0 0.61171875 0.14140625 0.046875 0.10234375
0 0.5515625 0.159375 0.06875 0.0578125
0 0.478125 0.1546875 0.06640625 0.06328125
0 0.39609375 0.15078125 0.0859375 0.07890625
0 0.3234375 0.13515625 0.05078125 0.10234375
0 0.26796875 0.134375 0.053125 0.1015625
0 0.2203125 0.13671875 0.025 0.09296875
0 0.1890625 0.13671875 0.02734375 0.0984375
0 0.0296875 0.15859375 0.05625 0.0453125
0 0.078125 0.684375 0.0625 0.03671875
0 0.0796875 0.64296875 0.06328125 0.03828125
0 0.05078125 0.8421875 0.046875 0.0328125
0 0.04140625 0.89296875 0.0546875 0.03203125
0 0.1078125 0.8859375 0.0671875 0.03671875
0 0.10703125 0.84140625 0.065625 0.03984375
0 0.1625 0.85390625 0.03828125 0.08984375
0 0.134375 0.1328125 0.059375 0.10703125
0 0.690625 0.65546875 0.0578125 0.03046875
0 0.690625 0.61953125 0.05625 0.03359375