0 0.26640625 0.41015625 0.0375 0.0578125
0 0.028125 0.621875 0.04609375 0.0171875
0 0.04375 0.6796875 0.06484375 0.021875
0 0.0484375 0.703125 0.07109375 0.021875
0 0.10859375 0.7046875 0.04609375 0.046875
0 0.16015625 0.71328125 0.05078125 0.05625
0 0.21015625 0.7234375 0.04921875 0.05390625
0 0.3140625 0.7375 0.05234375 0.071875
0 0.0265625 0.60390625 0.04921875 0.015625
0 0.55 0.79296875 0.06796875 0.0765625
0 0.61953125 0.81328125 0.06640625 0.071875
0 0.6890625 0.82421875 0.06484375 0.0828125
0 0.75859375 0.84375 0.07109375 0.09296875
0 0.26171875 0.72421875 0.04765625 0.05078125
0 0.075 0.5796875 0.078125 0.0265625
0 0.95859375 0.6359375 0.078125 0.0875
0 0.01171875 0.3984375 0.0234375 0.071875
0 0.06640625 0.50859375 0.02265625 0.0796875
0 0.09140625 0.51015625 0.02109375 0.075
0 0.11640625 0.50859375 0.025 0.071875
0 0.13828125 0.50625 0.01328125 0.07734375
0 0.15546875 0.4984375 0.02109375 0.07109375
0 0.175 0.49375 0.01484375 0.08046875
0 0.07421875 0.3421875 0.08359375 0.01484375
0 0.83984375 0.875 0.078125 0.0671875
0 0.53671875 0.6671875 0.07265625 0.0203125
0 0.53828125 0.6453125 0.0734375 0.015625
0 0.44765625 0.646875 0.09765625 0.02421875
0 0.44765625 0.6234375 0.10078125 0.01875
0 0.346875 0.63515625 0.09140625 0.0203125
0 0.19453125 0.334375 0.03359375 0.09765625
0 0.07109375 0.40390625 0.04140625 0.071875
0 0.0375 0.40234375 0.0265625 0.06875
0 0.14453125 0.3359375 0.0546875 0.015625
0 0.928125 0.9 0.07578125 0.0703125
0 0.16015625 0.58046875 0.08515625 0.015625
0 0.04453125 0.50625 0.01328125 0.07734375
0 0.25703125 0.65 0.084375 0.01875
0 0.2625 0.6671875 0.08359375 0.0125
0 0.16953125 0.634375 0.071875 0.01796875
0 0.17421875 0.65625 0.07421875 0.01953125
0 0.08671875 0.6171875 0.06640625 0.0203125
0 0.08984375 0.6359375 0.06875 0.0171875
0 0.35390625 0.6875 0.08984375 0.02109375
0 0.128125 0.13125 0.03125 0.10078125
0 0.046875 0.25390625 0.04453125 0.0875
0 0.0921875 0.2546875 0.03984375 0.09453125
0 0.1390625 0.2546875 0.05078125 0.090625
0 0.9078125 0.778125 0.1265625 0.0328125
0 0.9125 0.81015625 0.14296875 0.025
0 0.76328125 0.7640625 0.13046875 0.021875
0 0.0640625 0.13515625 0.04921875 0.0953125
0 0.76796875 0.74609375 0.13203125 0.01171875
0 0.3515625 0.6640625 0.090625 0.01953125
0 0.45234375 0.68671875 0.09375 0.0203125
0 0.16015625 0.6015625 0.08046875 0.02265625
0 0.24921875 0.59609375 0.08828125 0.01875
0 0.25078125 0.6171875 0.08828125 0.0203125
0 0.34296875 0.6109375 0.08984375 0.025
0 0.6171875 0.659375 0.075 0.0203125
0 0.61875 0.68203125 0.07734375 0.021875
0 0.45 0.7109375 0.09296875 0.02265625
0 0.725 0.6671875 0.11953125 0.01953125
0 0.859375 0.68828125 0.1375 0.028125
0 0.85625 0.7203125 0.1296875 0.03125
0 0.36875 0.753125 0.05390625 0.0734375
0 0.428125 0.76328125 0.05859375 0.05625
0 0.4875 0.77578125 0.0578125 0.06875
0 0.55078125 0.7171875 0.0859375 0.04375
0 0.72734375 0.6921875 0.12109375 0.028125
0 0.02578125 0.50703125 0.01953125 0.0765625
0 0.00703125 0.5046875 0.0140625 0.0765625
0 0.84765625 0.5390625 0.05703125 0.06875
0 0.653125 0.43203125 0.04921875 0.0734375
0 0.7265625 0.44609375 0.05546875 0.0640625
0 0.79375 0.44765625 0.0640625 0.05625
0 0.8734375 0.44375 0.04765625 0.059375
0 0.23515625 0.52109375 0.059375 0.075
0 0.29375 0.5375 0.046875 0.040625
0 0.30546875 0.4921875 0.034375 0.0453125
0 0.3578125 0.490625 0.03203125 0.04453125
0 0.39453125 0.49765625 0.03984375 0.0453125
0 0.89609375 0.2765625 0.03515625 0.03359375
0 0.896875 0.240625 0.0328125 0.03515625
0 0.821875 0.2765625 0.03359375 0.028125
0 0.8234375 0.24609375 0.02890625 0.03125
0 0.75625 0.28515625 0.03515625 0.040625
0 0.75859375 0.2546875 0.03046875 0.01875
0 0.46640625 0.43046875 0.04375 0.065625
0 0.67421875 0.275 0.02890625 0.028125
0 0.41328125 0.4265625 0.05234375 0.05859375
0 0.53671875 0.4234375 0.04765625 0.065625
0 0.22265625 0.43203125 0.03515625 0.0609375
0 0.90546875 0.3578125 0.05625 0.0734375
0 0.84453125 0.35078125 0.04453125 0.0734375
0 0.7859375 0.3828125 0.03515625 0.034375
0 0.7875 0.35 0.03515625 0.03046875
0 0.728125 0.38203125 0.03359375 0.028125
0 0.7265625 0.3515625 0.02734375 0.0265625
0 0.66171875 0.35390625 0.053125 0.0703125
0 0.59296875 0.346875 0.04609375 0.06484375
0 0.5203125 0.34921875 0.0609375 0.06796875
0 0.459375 0.346875 0.05546875 0.071875
0 0.4015625 0.34140625 0.05703125 0.059375
0 0.3453125 0.3375 0.0484375 0.0671875
0 0.30078125 0.3328125 0.0375 0.05859375
0 0.24453125 0.33125 0.03984375 0.0640625
0 0.3609375 0.42265625 0.0484375 0.065625
0 0.30859375 0.4171875 0.04453125 0.05
0 0.62890625 0.2765625 0.03359375 0.02734375
0 0.67265625 0.2453125 0.03203125 0.0296875
0 0.846875 0.07734375 0.05625 0.06015625
0 0.7625 0.075 0.0671875 0.06640625
0 0.6828125 0.078125 0.04921875 0.0703125
0 0.6296875 0.08125 0.0484375 0.071875
0 0.5453125 0.084375 0.06171875 0.0734375
0 0.47265625 0.08359375 0.05625 0.0671875
0 0.40546875 0.0921875 0.06171875 0.06875
0 0.33828125 0.09140625 0.04921875 0.0609375
0 0.27734375 0.09453125 0.04296875 0.059375
0 0.1765625 0.10234375 0.03828125 0.05078125
0 0.48203125 0.5109375 0.02421875 0.04375
0 0.53046875 0.5125 0.03203125 0.0484375
0 0.59921875 0.51796875 0.03359375 0.04375
0 0.653125 0.52890625 0.03671875 0.046875
0 0.73515625 0.528125 0.05625 0.075
0 0.91640625 0.06875 0.05390625 0.06171875
0 0.55859375 0.27890625 0.03203125 0.0296875
0 0.91484375 0.15546875 0.06484375 0.0734375
0 0.75625 0.15859375 0.06015625 0.0703125
0 0.6265625 0.24609375 0.02890625 0.0328125
0 0.55703125 0.2453125 0.02578125 0.0265625
0 0.4421875 0.5046875 0.05078125 0.0515625
0 0.43671875 0.240625 0.05234375 0.059375
0 0.3703125 0.2390625 0.05078125 0.05859375
0 0.2984375 0.2375 0.04765625 0.0578125
0 0.253125 0.2390625 0.03828125 0.0546875
0 0.23125 0.165625 0.0421875 0.0578125
0 0.2875 0.17265625 0.04453125 0.0546875
0 0.34140625 0.16875 0.04765625 0.059375
0 0.41953125 0.16640625 0.0515625 0.0625
0 0.478125 0.16328125 0.06484375 0.06875
0 0.5484375 0.1625 0.06484375 0.065625
0 0.61875 0.16171875 0.05859375 0.06875
0 0.6796875 0.1609375 0.06015625 0.06953125
0 0.8203125 0.15546875 0.0640625 0.0640625
0 0.49375 0.240625 0.05 0.0640625