0 0.46484375 0.696875 0.0375 0.025
0 0.68125 0.46015625 0.0859375 0.0484375
0 0.55859375 0.46171875 0.103125 0.04765625
0 0.46875 0.4609375 0.0453125 0.04296875
0 0.0140625 0.84609375 0.025 0.03203125
0 0.51875 0.70234375 0.04921875 0.02890625
0 0.640625 0.72578125 0.0640625 0.00859375
0 0.63203125 0.7015625 0.05703125 0.02734375
0 0.7203125 0.71015625 0.05703125 0.0484375
0 0.78359375 0.71171875 0.05625 0.05234375
0 0.84765625 0.70546875 0.0515625 0.03984375
0 0.46015625 0.7203125 0.065625 0.0171875
0 0.575 0.70234375 0.04921875 0.0375
0 0.39140625 0.70703125 0.0609375 0.04375
0 0.55078125 0.6359375 0.0609375 0.046875
0 0.28515625 0.7125 0.03671875 0.0453125
0 0.23671875 0.70390625 0.03515625 0.040625
0 0.20390625 0.70078125 0.028125 0.03984375
0 0.17109375 0.703125 0.0265625 0.02109375
0 0.1390625 0.69375 0.0328125 0.01640625
0 0.125 0.7171875 0.03671875 0.0234375
0 0.32734375 0.6515625 0.04140625 0.03125
0 0.28203125 0.63828125 0.04140625 0.03984375
0 0.2328125 0.6421875 0.04296875 0.046875
0 0.1734375 0.6515625 0.0375 0.03203125
0 0.125 0.646875 0.03671875 0.03203125
0 0.428125 0.6375 0.03515625 0.046875
0 0.47265625 0.6390625 0.0375 0.0484375
0 0.0421875 0.8515625 0.03203125 0.0515625
0 0.33125 0.71484375 0.02734375 0.0359375
0 0.08359375 0.8515625 0.0234375 0.05078125
0 0.28984375 0.3921875 0.05078125 0.04296875
0 0.2125 0.85390625 0.0359375 0.03125
0 0.59765625 0.64609375 0.03046875 0.0484375
0 0.2015625 0.3453125 0.03515625 0.0171875
0 0.25546875 0.3453125 0.05234375 0.01953125
0 0.25 0.3640625 0.04140625 0.01328125
0 0.20625 0.3671875 0.03828125 0.01796875
0 0.109375 0.3875 0.053125 0.05546875
0 0.05390625 0.36875 0.04296875 0.03828125
0 0.01484375 0.37109375 0.02421875 0.04296875
0 0.1640625 0.3859375 0.02890625 0.040625
0 0.03359375 0.440625 0.05078125 0.05703125
0 0.12109375 0.46328125 0.065625 0.0390625
0 0.01640625 0.5328125 0.02734375 0.04921875
0 0.225 0.47109375 0.0484375 0.0296875
0 0.2203125 0.4359375 0.05546875 0.021875
0 0.27890625 0.4703125 0.05078125 0.03046875
0 0.2078125 0.3953125 0.02578125 0.034375
0 0.24375 0.39296875 0.03359375 0.04453125
0 0.3875 0.4609375 0.053125 0.04140625
0 0.9734375 0.8625 0.053125 0.04375
0 0.90078125 0.8578125 0.06015625 0.0296875
0 0.74375 0.84453125 0.05078125 0.04453125
0 0.6734375 0.83828125 0.04921875 0.03515625
0 0.615625 0.8703125 0.05625 0.01640625
0 0.57265625 0.84453125 0.01953125 0.053125
0 0.54765625 0.846875 0.015625 0.0546875
0 0.5171875 0.84296875 0.01953125 0.04765625
0 0.3921875 0.86171875 0.053125 0.02734375
0 0.32265625 0.8453125 0.06328125 0.0359375
0 0.26015625 0.85625 0.0453125 0.03359375
0 0.1484375 0.85 0.0296875 0.0390625
0 0.66015625 0.640625 0.06484375 0.05234375
0 0.39609375 0.38984375 0.03359375 0.04453125
0 0.79140625 0.640625 0.03359375 0.04375
0 0.95625 0.68125 0.028125 0.04921875
0 0.92421875 0.67421875 0.02265625 0.0484375
0 0.89375 0.67734375 0.025 0.0515625
0 0.47265625 0.2984375 0.02734375 0.0359375
0 0.44140625 0.2984375 0.02265625 0.0421875
0 0.378125 0.29140625 0.07265625 0.0203125
0 0.3734375 0.31171875 0.06328125 0.01171875
0 0.9140625 0.76328125 0.08828125 0.01484375
0 0.31640625 0.296875 0.040625 0.03828125
0 0.24375 0.28828125 0.034375 0.04140625
0 0.20859375 0.3 0.0375 0.03828125
0 0.16171875 0.3015625 0.034375 0.0390625
0 0.11015625 0.29140625 0.04453125 0.04765625
0 0.06328125 0.28125 0.0359375 0.0515625
0 0.03046875 0.2859375 0.02421875 0.06171875
0 0.91796875 0.58671875 0.02578125 0.04453125
0 0.278125 0.2875 0.02890625 0.04296875
0 0.91328125 0.790625 0.07421875 0.0171875
0 0.97890625 0.78828125 0.04140625 0.0328125
0 0.82890625 0.77734375 0.0609375 0.028125
0 0.48984375 0.3890625 0.0390625 0.040625
0 0.4390625 0.390625 0.040625 0.0453125
0 0.56328125 0.3921875 0.06953125 0.046875
0 0.62578125 0.3921875 0.05 0.0515625
0 0.6765625 0.39453125 0.040625 0.04765625
0 0.7921875 0.39375 0.07890625 0.04609375
0 0.875 0.3921875 0.078125 0.0421875
0 0.9703125 0.371875 0.05 0.04453125
0 0.98046875 0.290625 0.0390625 0.05234375
0 0.9390625 0.28984375 0.0359375 0.06171875
0 0.8609375 0.290625 0.01796875 0.0484375
0 0.828125 0.2875 0.03828125 0.0546875
0 0.75234375 0.29296875 0.053125 0.04921875
0 0.7015625 0.30078125 0.03125 0.03125
0 0.62421875 0.2953125 0.05234375 0.03671875
0 0.65 0.7640625 0.065625 0.021875
0 0.73984375 0.775 0.08125 0.0359375
0 0.98203125 0.521875 0.03125 0.04453125
0 0.73984375 0.6265625 0.03359375 0.0296875
0 0.92890625 0.5296875 0.0484375 0.05078125
0 0.9765625 0.44609375 0.046875 0.04609375
0 0.3421875 0.559375 0.02734375 0.04765625
0 0.38515625 0.5671875 0.0390625 0.05078125
0 0.4265625 0.56171875 0.03046875 0.0484375
0 0.46953125 0.5671875 0.04140625 0.040625
0 0.48671875 0.51875 0.02890625 0.0234375
0 0.53515625 0.55859375 0.05546875 0.07109375
0 0.59609375 0.57890625 0.0484375 0.015625
0 0.3046875 0.56875 0.0328125 0.05
0 0.5890625 0.56015625 0.05 0.015625
0 0.603125 0.52421875 0.05 0.015625
0 0.659375 0.5515625 0.0484375 0.0625
0 0.71953125 0.57265625 0.05703125 0.0453125
0 0.79140625 0.5703125 0.0453125 0.05234375
0 0.85 0.571875 0.05078125 0.03828125
0 0.83203125 0.64921875 0.03046875 0.03203125
0 0.86328125 0.6390625 0.02890625 0.0375
0 0.59296875 0.54375 0.05 0.0125
0 0.2671875 0.584375 0.03828125 0.021875
0 0.22734375 0.57734375 0.028125 0.0359375
0 0.1828125 0.553125 0.0453125 0.078125
0 0.8890625 0.44609375 0.05234375 0.01953125
0 0.815625 0.465625 0.05625 0.04921875
0 0.56953125 0.7671875 0.08203125 0.02734375
0 0.48125 0.7765625 0.08203125 0.02421875
0 0.028125 0.7671875 0.0515625 0.03984375
0 0.0703125 0.76171875 0.028125 0.059375
0 0.11953125 0.78125 0.02578125 0.0390625
0 0.159375 0.7796875 0.034375 0.0390625
0 0.03671875 0.68125 0.03828125 0.0296875
0 0.3890625 0.77109375 0.02578125 0.040625
0 0.41875 0.775 0.02109375 0.0421875
0 0.34296875 0.76640625 0.01796875 0.0296875
0 0.365625 0.76640625 0.015625 0.0265625
0 0.31328125 0.76875 0.02265625 0.02734375
0 0.28671875 0.76796875 0.01875 0.0265625
0 0.0546875 0.6109375 0.05625 0.04375
0 0.128125 0.5484375 0.0484375 0.08203125
0 0.528125 0.3 0.07890625 0.03359375