0 0.92265625 0.8375 0.0296875 0.0234375
0 0.92265625 0.80703125 0.02265625 0.01484375
0 0.84765625 0.78203125 0.03515625 0.028125
0 0.88828125 0.7828125 0.0390625 0.0265625
0 0.8296875 0.6984375 0.06484375 0.0390625
0 0.90390625 0.6953125 0.0625 0.04296875
0 0.971875 0.696875 0.05625 0.0421875
0 0.9203125 0.86015625 0.03359375 0.0234375
0 0.92734375 0.7828125 0.03203125 0.0328125
0 0.8796875 0.8609375 0.03046875 0.021875
0 0.03671875 0.81171875 0.0125 0.0296875
0 0.84140625 0.83359375 0.02734375 0.02578125
0 0.88125 0.83671875 0.0296875 0.02265625
0 0.884375 0.80625 0.03125 0.01875
0 0.846875 0.80703125 0.03359375 0.01953125
0 0.609375 0.8234375 0.04453125 0.028125
0 0.12265625 0.25546875 0.0390625 0.0203125
0 0.96953125 0.634375 0.0609375 0.0375
0 0.021875 0.815625 0.0140625 0.03359375
0 0.22734375 0.86796875 0.0546875 0.01015625
0 0.7375 0.58671875 0.03046875 0.0671875
0 0.7015625 0.58671875 0.0265625 0.06953125
0 0.83984375 0.86015625 0.03203125 0.02265625
0 0.8921875 0.63359375 0.059375 0.03828125
0 0.546875 0.6796875 0.04453125 0.059375
0 0.65390625 0.75703125 0.034375 0.04609375
0 0.9859375 0.45703125 0.028125 0.0515625
0 0.80546875 0.45390625 0.059375 0.046875
0 0.6375 0.58515625 0.03203125 0.0609375
0 0.8703125 0.4578125 0.06328125 0.0484375
0 0.9375 0.45625 0.0640625 0.046875
0 0.94140625 0.5109375 0.06328125 0.05
0 0.8765625 0.51328125 0.059375 0.0453125
0 0.81171875 0.51171875 0.06171875 0.046875
0 0.94765625 0.571875 0.06328125 0.040625
0 0.8828125 0.57109375 0.06171875 0.0421875
0 0.7296875 0.46640625 0.02734375 0.0234375
0 0.82265625 0.6328125 0.0625 0.04609375
0 0.665625 0.58046875 0.01875 0.0578125
0 0.709375 0.67890625 0.04296875 0.05703125
0 0.65703125 0.68125 0.04609375 0.06171875
0 0.603125 0.67890625 0.05703125 0.0609375
0 0.49296875 0.65078125 0.03984375 0.01328125
0 0.50078125 0.6859375 0.046875 0.05
0 0.4484375 0.68359375 0.04921875 0.0515625
0 0.39765625 0.6796875 0.03828125 0.04921875
0 0.35390625 0.68046875 0.04140625 0.06015625
0 0.3078125 0.68671875 0.034375 0.04140625
0 0.2578125 0.7 0.0421875 0.02890625
0 0.2078125 0.69921875 0.03203125 0.0359375
0 0.76328125 0.678125 0.04296875 0.06328125
0 0.58984375 0.58515625 0.04453125 0.05078125
0 0.42578125 0.57890625 0.05234375 0.0453125
0 0.48359375 0.5765625 0.0390625 0.0359375
0 0.090625 0.540625 0.02109375 0.071875
0 0.0640625 0.54453125 0.025 0.07578125
0 0.0375 0.54140625 0.0203125 0.08046875
0 0.01171875 0.54609375 0.0234375 0.0671875
0 0.17734375 0.64609375 0.02734375 0.065625
0 0.1484375 0.64296875 0.0296875 0.06328125
0 0.1140625 0.65078125 0.034375 0.059375
0 0.075 0.6515625 0.03359375 0.0703125
0 0.0421875 0.653125 0.0328125 0.0671875
0 0.01015625 0.65390625 0.0203125 0.065625
0 0.1703125 0.73671875 0.034375 0.0625
0 0.13671875 0.73984375 0.02421875 0.0609375
0 0.10546875 0.73828125 0.03046875 0.0640625
0 0.0734375 0.73671875 0.03046875 0.0640625
0 0.0421875 0.73984375 0.0328125 0.0640625
0 0.0125 0.740625 0.025 0.065625
0 0.09765625 0.80390625 0.03671875 0.02421875
0 0.08046875 0.884375 0.040625 0.0484375
0 0.16953125 0.87578125 0.0296875 0.06484375
0 0.0609375 0.809375 0.03046875 0.03515625
0 0.18359375 0.809375 0.03515625 0.05390625
0 0.1140625 0.540625 0.02578125 0.07421875
0 0.13828125 0.5390625 0.021875 0.075
0 0.165625 0.5421875 0.0296875 0.07421875
0 0.01953125 0.42265625 0.0390625 0.07109375
0 0.79296875 0.29453125 0.05078125 0.03828125
0 0.76953125 0.58359375 0.02578125 0.05859375
0 0.85859375 0.29921875 0.065625 0.046875
0 0.9296875 0.296875 0.06171875 0.05234375
0 0.9859375 0.29765625 0.028125 0.04140625
0 0.93671875 0.35 0.06796875 0.0453125
0 0.8671875 0.353125 0.0703125 0.0484375
0 0.8015625 0.3484375 0.0546875 0.0453125
0 0.98671875 0.346875 0.025 0.04609375
0 0.75 0.3609375 0.05 0.08671875
0 0.25625 0.753125 0.03984375 0.02578125
0 0.69921875 0.365625 0.0484375 0.0765625
0 0.575 0.35859375 0.0609375 0.10078125
0 0.50703125 0.3515625 0.05546875 0.11328125
0 0.4109375 0.3796875 0.04296875 0.075
0 0.3546875 0.36015625 0.0421875 0.0953125
0 0.303125 0.3625 0.05 0.09921875
0 0.253125 0.34921875 0.0375 0.121875
0 0.20078125 0.3796875 0.04375 0.07265625
0 0.14453125 0.43359375 0.02890625 0.04453125
0 0.10703125 0.42890625 0.03359375 0.05390625
0 0.06484375 0.43125 0.03984375 0.05390625
0 0.63359375 0.35703125 0.053125 0.10390625
0 0.53203125 0.58125 0.040625 0.046875
0 0.3109375 0.74921875 0.040625 0.02421875
0 0.34609375 0.81171875 0.04296875 0.0984375
0 0.3421875 0.5140625 0.03046875 0.015625
0 0.33984375 0.5265625 0.034375 0.00859375
0 0.7578125 0.178125 0.07109375 0.140625
0 0.68515625 0.171875 0.06640625 0.14765625
0 0.60390625 0.16953125 0.08125 0.1484375
0 0.52734375 0.18125 0.065625 0.13671875
0 0.45390625 0.17890625 0.05703125 0.14453125
0 0.378125 0.171875 0.0640625 0.153125
0 0.3265625 0.19375 0.0375 0.11953125
0 0.27734375 0.19765625 0.03359375 0.1078125
0 0.390625 0.4921875 0.0453125 0.065625
0 0.23359375 0.19453125 0.03203125 0.1109375
0 0.03828125 0.28125 0.0734375 0.08828125
0 0.0953125 0.29453125 0.040625 0.05625
0 0.1421875 0.29453125 0.03984375 0.05625
0 0.30078125 0.5046875 0.03359375 0.05078125
0 0.26328125 0.49453125 0.0359375 0.0703125
0 0.23203125 0.50078125 0.0296875 0.0625
0 0.1984375 0.49921875 0.03203125 0.06875
0 0.21484375 0.59140625 0.03359375 0.0671875
0 0.26484375 0.5953125 0.04296875 0.0546875
0 0.37734375 0.58515625 0.040625 0.02265625
0 0.1953125 0.2 0.03359375 0.10390625
0 0.2859375 0.80546875 0.05078125 0.07265625
0 0.4453125 0.4890625 0.0515625 0.08203125
0 0.56015625 0.49140625 0.04921875 0.06640625
0 0.4265625 0.79921875 0.03515625 0.04296875
0 0.49140625 0.83359375 0.0578125 0.0859375
0 0.55078125 0.8328125 0.0515625 0.065625
0 0.61015625 0.85703125 0.04609375 0.03984375
0 0.6875 0.821875 0.053125 0.08359375
0 0.6 0.76796875 0.0515625 0.084375
0 0.540625 0.7640625 0.0484375 0.06015625
0 0.48515625 0.7609375 0.04609375 0.046875
0 0.2359375 0.8109375 0.02890625 0.0640625
0 0.22890625 0.85546875 0.04921875 0.0109375
0 0.503125 0.49765625 0.04765625 0.065625
0 0.28828125 0.86015625 0.05625 0.0109375
0 0.421875 0.83203125 0.04765625 0.01171875
0 0.4171875 0.8421875 0.05078125 0.01015625
0 0.42578125 0.86171875 0.05625 0.01328125
0 0.38046875 0.7625 0.021875 0.04453125
0 0.9484375 0.396875 0.0734375 0.04921875
0 0.87265625 0.40546875 0.0640625 0.04609375
0 0.81328125 0.4015625 0.04765625 0.04296875
0 0.74375 0.5046875 0.04296875 0.04140625
0 0.6890625 0.48984375 0.05390625 0.06953125
0 0.62265625 0.49375 0.0578125 0.06171875
0 0.290625 0.84921875 0.05625 0.0109375
0 0.8171875 0.575 0.0640625 0.05078125