0 0.37890625 0.63671875 0.075 0.10625
0 0.91171875 0.17890625 0.0453125 0.10625
0 0.96015625 0.178125 0.0390625 0.10625
0 0.98359375 0.30078125 0.0328125 0.09609375
0 0.03046875 0.41953125 0.04765625 0.071875
0 0.17265625 0.40859375 0.040625 0.075
0 0.23125 0.4046875 0.05859375 0.08125
0 0.5890625 0.6390625 0.06328125 0.0921875
0 0.95 0.5203125 0.04140625 0.09453125
0 0.9859375 0.52265625 0.02734375 0.08984375
0 0.034375 0.65078125 0.046875 0.06953125
0 0.090625 0.6453125 0.05234375 0.07421875
0 0.52109375 0.6390625 0.0671875 0.09609375
0 0.23359375 0.63984375 0.0734375 0.0984375
0 0.30546875 0.6375 0.0703125 0.10234375
0 0.45078125 0.63828125 0.06640625 0.0984375
0 0.1578125 0.63828125 0.0734375 0.09765625
0 0.421875 0.40859375 0.04453125 0.07734375
0 0.10546875 0.46796875 0.05546875 0.03203125
0 0.60390625 0.52265625 0.06484375 0.08515625
0 0.671875 0.52421875 0.06015625 0.0890625
0 0.740625 0.521875 0.06875 0.08828125
0 0.81015625 0.52421875 0.06640625 0.08984375
0 0.90546875 0.5171875 0.03828125 0.1
0 0.93984375 0.3 0.046875 0.09765625
0 0.96015625 0.4109375 0.03984375 0.084375
0 0.9203125 0.4125 0.02890625 0.084375
0 0.8234375 0.41171875 0.04765625 0.0796875
0 0.771875 0.41171875 0.046875 0.08515625
0 0.72265625 0.41171875 0.04921875 0.08125
0 0.10390625 0.4140625 0.09140625 0.0734375
0 0.67109375 0.41171875 0.04921875 0.08125
0 0.534375 0.409375 0.04921875 0.0796875
0 0.47109375 0.40859375 0.05 0.078125
0 0.53671875 0.52265625 0.06171875 0.08359375
0 0.46953125 0.5234375 0.06484375 0.08125
0 0.40234375 0.51875 0.065625 0.084375
0 0.33125 0.52109375 0.065625 0.0859375
0 0.26796875 0.51953125 0.059375 0.08359375
0 0.20234375 0.51796875 0.06640625 0.08359375
0 0.0234375 0.5296875 0.04609375 0.0796875
0 0.11484375 0.553125 0.0765625 0.04765625
0 0.1171875 0.50625 0.0765625 0.04453125
0 0.6125 0.409375 0.05546875 0.0796875
0 0.896875 0.29765625 0.0328125 0.096875
0 0.70390625 0.18984375 0.0390625 0.07578125
0 0.80234375 0.3015625 0.05546875 0.09375
0 0.06328125 0.2 0.03203125 0.053125
0 0.0375 0.19921875 0.021875 0.05078125
0 0.01171875 0.19765625 0.02109375 0.05625
0 0.36640625 0.40546875 0.0515625 0.07890625
0 0.96328125 0.86953125 0.0734375 0.07421875
0 0.88359375 0.8640625 0.078125 0.07578125
0 0.7765625 0.87265625 0.09375 0.0828125
0 0.66328125 0.87109375 0.11953125 0.08359375
0 0.73828125 0.64296875 0.03828125 0.08984375
0 0.79296875 0.63984375 0.0671875 0.0984375
0 0.953125 0.6421875 0.0671875 0.09375
0 0.95390625 0.759375 0.05546875 0.096875
0 0.87421875 0.75859375 0.05703125 0.10546875
0 0.7796875 0.759375 0.1 0.08671875
0 0.675 0.75546875 0.1015625 0.08984375
0 0.57265625 0.75703125 0.10078125 0.08203125
0 0.4640625 0.75859375 0.10078125 0.0859375
0 0.3625 0.76015625 0.10078125 0.090625
0 0.271875 0.7609375 0.07578125 0.0875
0 0.178125 0.7625 0.09453125 0.08828125
0 0.0984375 0.76640625 0.05234375 0.08046875
0 0.03046875 0.765625 0.03984375 0.084375
0 0.05078125 0.89140625 0.0421875 0.075
0 0.10078125 0.8875 0.04296875 0.06328125
0 0.159375 0.8734375 0.046875 0.0859375
0 0.22578125 0.87109375 0.06953125 0.08203125
0 0.3234375 0.87265625 0.10625 0.0875
0 0.42734375 0.87265625 0.090625 0.0859375
0 0.53984375 0.86953125 0.1078125 0.08125
0 0.1015625 0.18828125 0.0390625 0.07734375
0 0.85078125 0.29921875 0.0375 0.09921875
0 0.14296875 0.1859375 0.040625 0.0796875
0 0.2296875 0.1875 0.040625 0.0765625
0 0.74765625 0.30234375 0.0484375 0.09765625
0 0.69765625 0.30078125 0.04921875 0.09609375
0 0.646875 0.30078125 0.05078125 0.0953125
0 0.59609375 0.3 0.046875 0.0921875
0 0.546875 0.3 0.046875 0.09375
0 0.496875 0.29921875 0.04921875 0.0921875
0 0.44375 0.296875 0.0515625 0.090625
0 0.38828125 0.29921875 0.05 0.0953125
0 0.33515625 0.29921875 0.0546875 0.0953125
0 0.27734375 0.29921875 0.05234375 0.0953125
0 0.2234375 0.29921875 0.0515625 0.09609375
0 0.16875 0.30078125 0.05703125 0.0921875
0 0.1109375 0.2984375 0.059375 0.08671875
0 0.04609375 0.31796875 0.02890625 0.05078125
0 0.01328125 0.315625 0.0265625 0.059375
0 0.8359375 0.190625 0.0421875 0.07265625
0 0.7875 0.190625 0.04140625 0.08125
0 0.74453125 0.19140625 0.04296875 0.0796875
0 0.66328125 0.1890625 0.04140625 0.07734375
0 0.61953125 0.1890625 0.04375 0.08203125
0 0.57734375 0.18828125 0.03984375 0.0828125
0 0.53515625 0.18828125 0.04140625 0.08125
0 0.4921875 0.1890625 0.03984375 0.0796875
0 0.66875 0.64375 0.09453125 0.090625
0 0.44921875 0.1875 0.04296875 0.08515625
0 0.40390625 0.18828125 0.04140625 0.08125
0 0.3578125 0.1875 0.04609375 0.08046875
0 0.31328125 0.1859375 0.04296875 0.08125
0 0.27109375 0.1875 0.040625 0.078125
0 0.1859375 0.18515625 0.04609375 0.08046875
0 0.29609375 0.40546875 0.0515625 0.075