0 0.68828125 0.34296875 0.03046875 0.0828125
0 0.38671875 0.55078125 0.02578125 0.03125
0 0.35234375 0.55078125 0.03515625 0.028125
0 0.4234375 0.55078125 0.0359375 0.05546875
0 0.525 0.58515625 0.025 0.01875
0 0.56171875 0.55078125 0.028125 0.04375
0 0.55546875 0.58671875 0.0296875 0.02109375
0 0.53046875 0.5484375 0.02578125 0.046875
0 0.31328125 0.51171875 0.01953125 0.07265625
0 0.1796875 0.4890625 0.02421875 0.07421875
0 0.27578125 0.5046875 0.01953125 0.07578125
0 0.87421875 0.51015625 0.040625 0.06796875
0 0.921875 0.5125 0.0390625 0.07890625
0 0.96484375 0.5203125 0.03125 0.07421875
0 0.01328125 0.46328125 0.01953125 0.0625
0 0.04140625 0.465625 0.02265625 0.059375
0 0.06015625 0.465625 0.0140625 0.0671875
0 0.08515625 0.4703125 0.02265625 0.06640625
0 0.1140625 0.4765625 0.02109375 0.07578125
0 0.13671875 0.4796875 0.0203125 0.06953125
0 0.15546875 0.48515625 0.01875 0.065625
0 0.60546875 0.55546875 0.0453125 0.0546875
0 0.2 0.49453125 0.01640625 0.06484375
0 0.21875 0.4984375 0.01484375 0.0640625
0 0.23671875 0.4984375 0.01484375 0.0640625
0 0.25546875 0.5015625 0.01640625 0.07265625
0 0.29375 0.51171875 0.0125 0.07578125
0 0.6453125 0.56796875 0.0296875 0.05234375
0 0.8 0.596875 0.0296875 0.05546875
0 0.72578125 0.5578125 0.0390625 0.025
0 0.334375 0.6265625 0.028125 0.0515625
0 0.3296875 0.66875 0.03359375 0.02421875
0 0.39453125 0.6578125 0.021875 0.07890625
0 0.44609375 0.6625 0.03203125 0.08515625
0 0.47578125 0.675 0.02421875 0.07421875
0 0.5015625 0.67578125 0.028125 0.08828125
0 0.53203125 0.6796875 0.02734375 0.09140625
0 0.56171875 0.6875 0.02421875 0.0953125
0 0.5859375 0.70390625 0.02265625 0.0796875
0 0.6140625 0.70859375 0.02734375 0.07734375
0 0.64609375 0.7171875 0.03046875 0.09296875
0 0.6796875 0.7296875 0.03125 0.0828125
0 0.7328125 0.74921875 0.05625 0.103125
0 0.78828125 0.74765625 0.0484375 0.10546875
0 0.93203125 0.7953125 0.05703125 0.090625
0 0.31171875 0.625 0.01484375 0.0484375
0 0.29140625 0.6234375 0.01640625 0.0921875
0 0.27265625 0.6203125 0.02109375 0.08671875
0 0.2359375 0.60390625 0.03515625 0.090625
0 0.7234375 0.58671875 0.05234375 0.01875
0 0.64375 0.60859375 0.02265625 0.0203125
0 0.67421875 0.61328125 0.03046875 0.02109375
0 0.7671875 0.59296875 0.02734375 0.05
0 0.7625 0.63359375 0.0234375 0.02734375
0 0.796875 0.640625 0.0234375 0.02421875
0 0.840625 0.6046875 0.03203125 0.05390625
0 0.6765625 0.57265625 0.025 0.05390625
0 0.8296875 0.64765625 0.028125 0.02734375
0 0.8890625 0.65859375 0.05625 0.01796875
0 0.93984375 0.6328125 0.0375 0.06875
0 0.06796875 0.565625 0.015625 0.08828125
0 0.08828125 0.56640625 0.021875 0.078125
0 0.14453125 0.58125 0.03125 0.08203125
0 0.171875 0.58046875 0.02421875 0.0828125
0 0.196875 0.58515625 0.028125 0.0796875
0 0.88515625 0.61875 0.0515625 0.05625
0 0.825 0.5015625 0.05 0.0734375
0 0.46328125 0.55390625 0.03828125 0.05
0 0.709375 0.4859375 0.04921875 0.06328125
0 0.6984375 0.20859375 0.03828125 0.03984375
0 0.74296875 0.20078125 0.02734375 0.0609375
0 0.78984375 0.196875 0.040625 0.06640625
0 0.853125 0.196875 0.04375 0.07109375
0 0.925 0.20390625 0.0390625 0.07109375
0 0.96796875 0.2 0.04453125 0.075
0 0.03515625 0.271875 0.02109375 0.0796875
0 0.0546875 0.2734375 0.0203125 0.0765625
0 0.075 0.27265625 0.01953125 0.078125
0 0.096875 0.2765625 0.01640625 0.075
0 0.1203125 0.278125 0.02890625 0.08125
0 0.18203125 0.29609375 0.03671875 0.07109375
0 0.2109375 0.29921875 0.01953125 0.06484375
0 0.23984375 0.30078125 0.025 0.0703125
0 0.28046875 0.303125 0.02890625 0.0671875
0 0.65625 0.215625 0.03125 0.0171875
0 0.65703125 0.18125 0.0359375 0.03828125
0 0.61796875 0.184375 0.03515625 0.04921875
0 0.58046875 0.190625 0.0296875 0.06015625
0 0.01875 0.16796875 0.03046875 0.06875
0 0.06015625 0.1640625 0.04296875 0.07890625
0 0.11171875 0.16484375 0.040625 0.0890625
0 0.15703125 0.16953125 0.028125 0.0859375
0 0.18828125 0.17265625 0.02109375 0.0859375
0 0.209375 0.17734375 0.0203125 0.0765625
0 0.765625 0.49296875 0.05234375 0.05859375
0 0.315625 0.30390625 0.02578125 0.0796875
0 0.26328125 0.1828125 0.02734375 0.07734375
0 0.3296875 0.1765625 0.021875 0.08984375
0 0.35625 0.1828125 0.02890625 0.08515625
0 0.38359375 0.18515625 0.0203125 0.0765625
0 0.43203125 0.16875 0.03203125 0.0921875
0 0.4640625 0.1671875 0.0265625 0.090625
0 0.49375 0.17890625 0.02265625 0.08046875
0 0.54765625 0.190625 0.03125 0.06484375
0 0.3015625 0.18046875 0.028125 0.090625
0 0.3390625 0.30625 0.01953125 0.078125
0 0.234375 0.18125 0.02109375 0.07421875
0 0.38984375 0.31484375 0.025 0.07265625
0 0.23046875 0.40234375 0.0234375 0.07734375
0 0.25703125 0.4046875 0.0203125 0.078125
0 0.27890625 0.40546875 0.0234375 0.07734375
0 0.30390625 0.409375 0.01953125 0.06484375
0 0.3234375 0.4109375 0.01640625 0.07734375
0 0.34375 0.41796875 0.02109375 0.078125
0 0.36484375 0.41875 0.01875 0.07578125
0 0.3890625 0.43359375 0.0234375 0.065625
0 0.42265625 0.44140625 0.03984375 0.0609375
0 0.46328125 0.4453125 0.0390625 0.06015625
0 0.503125 0.45 0.03359375 0.06171875
0 0.5703125 0.4640625 0.03828125 0.0578125
0 0.62109375 0.4734375 0.05078125 0.06640625
0 0.665625 0.47578125 0.03125 0.06015625
0 0.36171875 0.3109375 0.025 0.06796875
0 0.19296875 0.39453125 0.0203125 0.0765625
0 0.1734375 0.39453125 0.01953125 0.07890625
0 0.53515625 0.45859375 0.028125 0.0609375
0 0.125 0.384375 0.02109375 0.0765625
0 0.14921875 0.38984375 0.0203125 0.06875
0 0.440625 0.31796875 0.02890625 0.07578125
0 0.475 0.31953125 0.03046875 0.07578125
0 0.55625 0.32890625 0.028125 0.06796875
0 0.58828125 0.33203125 0.034375 0.075
0 0.63515625 0.3625 0.03984375 0.03515625
0 0.728125 0.34921875 0.03203125 0.07578125
0 0.5171875 0.32265625 0.040625 0.075
0 0.4140625 0.315625 0.0171875 0.07109375
0 0.83125 0.353125 0.0484375 0.08359375
0 0.88046875 0.3609375 0.0484375 0.0859375
0 0.96328125 0.371875 0.0484375 0.09375
0 0.05 0.3703125 0.01640625 0.071875
0 0.77265625 0.37578125 0.0484375 0.03203125
0 0.071875 0.3765625 0.0234375 0.0609375