0 0.34140625 0.871875 0.04375 0.1234375
0 0.5328125 0.5640625 0.03828125 0.09609375
0 0.57265625 0.55703125 0.0421875 0.1046875
0 0.65703125 0.559375 0.040625 0.1046875
0 0.19921875 0.7171875 0.0453125 0.115625
0 0.2453125 0.71796875 0.04296875 0.11796875
0 0.2953125 0.8734375 0.04453125 0.12421875
0 0.9296875 0.56015625 0.03203125 0.103125
0 0.20234375 0.87890625 0.03984375 0.12421875
0 0.03984375 0.80546875 0.07734375 0.0984375
0 0.9625 0.5625 0.03125 0.09609375
0 0.3765625 0.7078125 0.03984375 0.1078125
0 0.8828125 0.55390625 0.05703125 0.1125
0 0.8359375 0.54921875 0.03359375 0.11953125
0 0.49375 0.5625 0.03828125 0.09375
0 0.24765625 0.8765625 0.04609375 0.12421875
0 0.4546875 0.56328125 0.0375 0.09375
0 0.89296875 0.7046875 0.03515625 0.1390625
0 0.378125 0.57109375 0.03984375 0.0796875
0 0.97265625 0.70390625 0.05390625 0.13046875
0 0.92578125 0.70234375 0.0296875 0.1
0 0.2890625 0.71171875 0.03984375 0.12109375
0 0.684375 0.71953125 0.0328125 0.11953125
0 0.6453125 0.721875 0.02265625 0.0921875
0 0.61953125 0.72890625 0.028125 0.09296875
0 0.5890625 0.7328125 0.03203125 0.08125
0 0.41796875 0.57265625 0.0359375 0.0796875
0 0.54609375 0.734375 0.03125 0.08203125
0 0.84921875 0.70625 0.0390625 0.1359375
0 0.61484375 0.55703125 0.040625 0.10234375
0 0.9 0.39765625 0.05546875 0.13828125
0 0.94609375 0.41640625 0.03203125 0.0984375
0 0.8578125 0.39765625 0.02734375 0.1265625
0 0.240625 0.56953125 0.04140625 0.08203125
0 0.28671875 0.5703125 0.0359375 0.07890625
0 0.41640625 0.70625 0.03828125 0.10859375
0 0.33671875 0.70234375 0.03671875 0.10078125
0 0.44453125 0.87421875 0.04375 0.1390625
0 0.68203125 0.40703125 0.02734375 0.10625
0 0.18984375 0.04140625 0.0578125 0.078125
0 0.25234375 0.05859375 0.06015625 0.05
0 0.25234375 0.0171875 0.0625 0.02890625
0 0.30078125 0.0453125 0.02734375 0.07578125
0 0.3375 0.04296875 0.0328125 0.0828125
0 0.371875 0.04296875 0.03359375 0.08203125
0 0.40703125 0.0453125 0.03125 0.08359375
0 0.4390625 0.046875 0.03125 0.08359375
0 0.47421875 0.046875 0.03203125 0.084375
0 0.5078125 0.046875 0.03203125 0.084375
0 0.5734375 0.05546875 0.03203125 0.07265625
0 0.540625 0.0453125 0.03203125 0.0890625
0 0.61328125 0.071875 0.03828125 0.03671875
0 0.65859375 0.07109375 0.0484375 0.03359375
0 0.61328125 0.03515625 0.03671875 0.03671875
0 0.653125 0.03515625 0.04296875 0.03515625
0 0.70703125 0.046875 0.0484375 0.084375
0 0.75546875 0.04765625 0.046875 0.08515625
0 0.79453125 0.04609375 0.02734375 0.084375
0 0.121875 0.04375 0.0421875 0.07734375
0 0.8390625 0.0734375 0.05234375 0.03359375
0 0.05546875 0.04375 0.0421875 0.08046875
0 0.140625 0.65078125 0.05546875 0.1203125
0 0.82421875 0.41484375 0.04375 0.09140625
0 0.38515625 0.86953125 0.040625 0.1234375
0 0.56953125 0.8625 0.03671875 0.096875
0 0.6109375 0.88125 0.03828125 0.10234375
0 0.65625 0.88515625 0.046875 0.10078125
0 0.6984375 0.89609375 0.0203125 0.0796875
0 0.73828125 0.8953125 0.0203125 0.078125
0 0.765625 0.8984375 0.01875 0.08125
0 0.8296875 0.8640625 0.0296875 0.1328125
0 0.52890625 0.87109375 0.04296875 0.13046875
0 0.48828125 0.871875 0.0375 0.140625
0 0.884375 0.86953125 0.02578125 0.13515625
0 0.928125 0.87890625 0.03125 0.11171875
0 0.95546875 0.8734375 0.02421875 0.1140625
0 0.72109375 0.45078125 0.0421875 0.0890625
0 0.7875 0.57109375 0.0609375 0.1015625
0 0.79921875 0.675 0.0625 0.0953125
0 0.7328125 0.7875 0.05546875 0.12109375
0 0.1453125 0.51484375 0.05859375 0.14765625
0 0.14375 0.9609375 0.071875 0.065625
0 0.83828125 0.03671875 0.0484375 0.03515625
0 0.79609375 0.89765625 0.021875 0.08515625
0 0.88828125 0.07890625 0.0421875 0.02421875
0 0.75390625 0.25625 0.05703125 0.04296875
0 0.753125 0.29609375 0.0484375 0.03359375
0 0.8140625 0.29140625 0.05390625 0.04609375
0 0.88125 0.2578125 0.0734375 0.10625
0 0.93515625 0.25859375 0.02578125 0.096875
0 0.975 0.27265625 0.0375 0.08046875
0 0.05546875 0.38515625 0.09765625 0.1203125
0 0.0515625 0.50625 0.09375 0.11484375
0 0.36875 0.41796875 0.02578125 0.08984375
0 0.396875 0.41484375 0.02578125 0.08671875
0 0.42578125 0.41796875 0.02734375 0.08671875
0 0.453125 0.41640625 0.025 0.0875
0 0.484375 0.4078125 0.028125 0.1078125
0 0.5140625 0.40625 0.028125 0.1078125
0 0.571875 0.40859375 0.028125 0.10625
0 0.59921875 0.4078125 0.028125 0.10625
0 0.6265625 0.40859375 0.02734375 0.10625
0 0.65390625 0.40703125 0.02734375 0.10625
0 0.88984375 0.0484375 0.04296875 0.03046875
0 0.6890625 0.253125 0.03984375 0.04140625
0 0.6984375 0.29375 0.053125 0.034375
0 0.54296875 0.409375 0.028125 0.1078125
0 0.6390625 0.2359375 0.0515625 0.0265625
0 0.8875 0.01640625 0.04765625 0.0234375
0 0.64140625 0.2640625 0.053125 0.025
0 0.93203125 0.04765625 0.0359375 0.08515625
0 0.9703125 0.046875 0.03984375 0.0859375
0 0.146875 0.2234375 0.07109375 0.05625
0 0.1484375 0.2796875 0.06796875 0.05625
0 0.28828125 0.2125 0.0265625 0.03515625
0 0.2546875 0.26875 0.0296875 0.08359375
0 0.2859375 0.2703125 0.0296875 0.078125
0 0.33046875 0.24375 0.03984375 0.04375
0 0.0765625 0.278125 0.06953125 0.05625
0 0.3515625 0.28828125 0.02890625 0.04375
0 0.321875 0.2890625 0.028125 0.04296875
0 0.5828125 0.23984375 0.05859375 0.05546875
0 0.5359375 0.28671875 0.0359375 0.0546875
0 0.58515625 0.2921875 0.0515625 0.0453125
0 0.4203125 0.27109375 0.03203125 0.0765625
0 0.3875 0.2703125 0.0296875 0.07578125
0 0.64140625 0.296875 0.05859375 0.03515625
0 0.49375 0.2921875 0.0484375 0.040625
0 0.6359375 0.20234375 0.05234375 0.0375