0 0.4 0.64453125 0.07890625 0.0234375
0 0.22890625 0.86484375 0.084375 0.0359375
0 0.5703125 0.28125 0.02734375 0.03828125
0 0.6015625 0.24765625 0.0234375 0.03828125
0 0.62109375 0.25 0.01328125 0.0296875
0 0.6484375 0.2546875 0.0296875 0.03515625
0 0.67421875 0.25625 0.01953125 0.0296875
0 0.70078125 0.259375 0.025 0.03203125
0 0.75390625 0.26484375 0.0203125 0.0265625
0 0.77421875 0.27109375 0.01796875 0.0265625
0 0.79765625 0.27265625 0.0234375 0.028125
0 0.82265625 0.2765625 0.01953125 0.0265625
0 0.2984375 0.33671875 0.08671875 0.0375
0 0.3796875 0.3359375 0.0734375 0.03359375
0 0.17265625 0.38515625 0.12109375 0.0453125
0 0.03984375 0.059375 0.06875 0.06875
0 0.28359375 0.384375 0.09296875 0.0421875
0 0.4609375 0.37578125 0.0703125 0.04375
0 0.06015625 0.446875 0.11953125 0.05078125
0 0.06171875 0.5078125 0.11953125 0.0421875
0 0.1828125 0.440625 0.11171875 0.0453125
0 0.2921875 0.434375 0.08984375 0.03828125
0 0.1890625 0.49140625 0.11171875 0.040625
0 0.29765625 0.48671875 0.08984375 0.0390625
0 0.38203125 0.42734375 0.08203125 0.03984375
0 0.38671875 0.47578125 0.07890625 0.040625
0 0.46171875 0.425 0.06484375 0.0375
0 0.46953125 0.4703125 0.06484375 0.03515625
0 0.5328125 0.42578125 0.04765625 0.0328125
0 0.5359375 0.46484375 0.05390625 0.03125
0 0.37890625 0.3796875 0.08671875 0.040625
0 0.5796875 0.42265625 0.02578125 0.0328125
0 0.1109375 0.07265625 0.0671875 0.0640625
0 0.1765625 0.08828125 0.0609375 0.0578125
0 0.5671875 0.2390625 0.02734375 0.03671875
0 0.5390625 0.27890625 0.0328125 0.0375
0 0.53515625 0.2375 0.02578125 0.0421875
0 0.5046875 0.275 0.02734375 0.03671875
0 0.503125 0.234375 0.02734375 0.03828125
0 0.46796875 0.2734375 0.03359375 0.040625
0 0.4640625 0.2296875 0.034375 0.04140625
0 0.42890625 0.2703125 0.03671875 0.03828125
0 0.4265625 0.22578125 0.03203125 0.04375
0 0.38828125 0.2671875 0.03671875 0.0421875
0 0.384375 0.21875 0.03984375 0.0484375
0 0.34375 0.2640625 0.04453125 0.04453125
0 0.2984375 0.2609375 0.0453125 0.046875
0 0.175 0.028125 0.0578125 0.05546875
0 0.24609375 0.2578125 0.05234375 0.04921875
0 0.1234375 0.24453125 0.0609375 0.046875
0 0.06015625 0.23984375 0.06328125 0.0546875
0 0.33515625 0.2140625 0.04609375 0.04765625
0 0.28984375 0.20859375 0.04453125 0.05
0 0.23671875 0.2015625 0.04921875 0.053125
0 0.17578125 0.19609375 0.0546875 0.0515625
0 0.11796875 0.1875 0.05078125 0.05703125
0 0.053125 0.1796875 0.0671875 0.0625
0 0.5125 0.1515625 0.03359375 0.046875
0 0.471875 0.1421875 0.03984375 0.046875
0 0.4328125 0.1359375 0.03828125 0.05
0 0.35078125 0.115625 0.08984375 0.0578125
0 0.25546875 0.0953125 0.09140625 0.06953125
0 0.18125 0.2484375 0.05 0.04921875
0 0.58203125 0.4640625 0.02734375 0.03203125
0 0.59765625 0.28671875 0.02109375 0.0328125
0 0.6234375 0.2890625 0.01328125 0.03125
0 0.21484375 0.58046875 0.10234375 0.0484375
0 0.09375 0.6609375 0.11484375 0.04921875
0 0.2171875 0.63359375 0.10703125 0.040625
0 0.2234375 0.690625 0.10703125 0.02421875
0 0.315625 0.615625 0.08671875 0.0296875
0 0.39375 0.5984375 0.0703125 0.0296875
0 0.46796875 0.584375 0.07265625 0.0296875
0 0.53984375 0.571875 0.06171875 0.0234375
0 0.47265625 0.62421875 0.06328125 0.0171875
0 0.31796875 0.6671875 0.08046875 0.03125
0 0.52734375 0.609375 0.04140625 0.015625
0 0.640625 0.55 0.06328125 0.01953125
0 0.70234375 0.5421875 0.04921875 0.02265625
0 0.0890625 0.6 0.12890625 0.05703125
0 0.7484375 0.53046875 0.03984375 0.0234375
0 0.821875 0.515625 0.02421875 0.01953125
0 0.81953125 0.54453125 0.02890625 0.0234375
0 0.78203125 0.55625 0.03828125 0.0203125
0 0.74140625 0.5625 0.04140625 0.01328125
0 0.11640625 0.8171875 0.10078125 0.059375
0 0.11953125 0.875 0.12734375 0.0484375
0 0.12734375 0.93515625 0.13515625 0.0546875
0 0.32265625 0.5515625 0.02890625 0.0421875
0 0.2890625 0.5625 0.0328125 0.046875
0 0.46171875 0.68671875 0.06484375 0.021875
0 0.384375 0.71171875 0.07109375 0.01875
0 0.46796875 0.734375 0.06953125 0.0203125
0 0.22421875 0.80390625 0.0625 0.05
0 0.7890625 0.52421875 0.0328125 0.0234375
0 0.81796875 0.4890625 0.03359375 0.028125
0 0.78359375 0.4921875 0.02890625 0.028125
0 0.7421875 0.5 0.04296875 0.02421875
0 0.64765625 0.290625 0.01953125 0.02734375
0 0.67578125 0.2921875 0.025 0.034375
0 0.70078125 0.29375 0.021875 0.0328125
0 0.7234375 0.2953125 0.01796875 0.0296875
0 0.73984375 0.296875 0.015625 0.03125
0 0.7609375 0.2984375 0.01640625 0.028125
0 0.784375 0.3046875 0.01953125 0.028125
0 0.80234375 0.30390625 0.0171875 0.025
0 0.828125 0.30703125 0.02109375 0.02734375
0 0.70625 0.35546875 0.02421875 0.03125
0 0.7375 0.35703125 0.021875 0.028125
0 0.76875 0.36171875 0.01640625 0.0296875
0 0.81484375 0.35703125 0.01953125 0.0265625
0 0.81796875 0.38359375 0.0171875 0.02421875
0 0.8140625 0.4109375 0.02109375 0.028125
0 0.81484375 0.43984375 0.01875 0.0234375
0 0.771875 0.4015625 0.021875 0.03515625
0 0.79453125 0.41484375 0.01328125 0.0296875
0 0.78671875 0.44296875 0.015625 0.025
0 0.7265625 0.38671875 0.01953125 0.028125
0 0.74765625 0.3875 0.01953125 0.02890625
0 0.75078125 0.41484375 0.01796875 0.0234375
0 0.74921875 0.4453125 0.01796875 0.02890625
0 0.72734375 0.446875 0.01328125 0.02734375
0 0.728125 0.41640625 0.0234375 0.0234375
0 0.6703125 0.3953125 0.034375 0.0171875
0 0.66015625 0.4265625 0.01953125 0.0359375
0 0.66875 0.49140625 0.0234375 0.03515625
0 0.59921875 0.5203125 0.07734375 0.02265625
0 0.24296875 0.91953125 0.07265625 0.05
0 0.1 0.725 0.12734375 0.028125