0 0.87265625 0.48671875 0.04375 0.06640625
0 0.60546875 0.6375 0.02734375 0.08046875
0 0.63359375 0.62578125 0.03046875 0.10546875
0 0.6625 0.61953125 0.02421875 0.09921875
0 0.6890625 0.621875 0.02734375 0.0875
0 0.559375 0.64921875 0.04140625 0.0421875
0 0.715625 0.49375 0.04921875 0.09375
0 0.75703125 0.49375 0.0328125 0.0765625
0 0.7828125 0.4890625 0.01875 0.08125
0 0.7140625 0.61328125 0.0234375 0.08203125
0 0.80546875 0.48984375 0.02109375 0.0703125
0 0.83203125 0.48515625 0.02109375 0.078125
0 0.746875 0.59453125 0.01328125 0.07890625
0 0.5125 0.66171875 0.046875 0.0734375
0 0.8328125 0.68203125 0.0234375 0.0640625
0 0.3765625 0.6703125 0.0796875 0.10390625
0 0.5671875 0.74921875 0.0453125 0.06484375
0 0.62265625 0.7375 0.0375 0.08359375
0 0.6546875 0.73203125 0.02421875 0.0734375
0 0.715625 0.71640625 0.03125 0.07265625
0 0.74609375 0.70703125 0.02734375 0.07421875
0 0.78828125 0.69453125 0.0421875 0.05859375
0 0.43671875 0.80625 0.034375 0.04296875
0 0.4328125 0.7609375 0.0328125 0.03515625
0 0.37734375 0.80078125 0.0734375 0.0921875
0 0.909375 0.46875 0.02109375 0.08828125
0 0.30546875 0.8171875 0.06484375 0.11171875
0 0.2375 0.83203125 0.05625 0.09921875
0 0.15859375 0.8546875 0.09375 0.11015625
0 0.078125 0.88046875 0.05 0.09609375
0 0.66875 0.48671875 0.040625 0.11640625
0 0.8546875 0.68125 0.0171875 0.06796875
0 0.878125 0.671875 0.02734375 0.06171875
0 0.9078125 0.66640625 0.025 0.059375
0 0.93125 0.64296875 0.01796875 0.0296875
0 0.9296875 0.67421875 0.01953125 0.0296875
0 0.03125 0.7390625 0.04296875 0.1296875
0 0.0984375 0.71875 0.059375 0.14296875
0 0.1578125 0.709375 0.05625 0.159375
0 0.225 0.7015625 0.0578125 0.1203125
0 0.2921875 0.68671875 0.08515625 0.13359375
0 0.45625 0.659375 0.05703125 0.10390625
0 0.63046875 0.5046875 0.03359375 0.08828125
0 0.4421875 0.546875 0.04140625 0.021875
0 0.5859375 0.50078125 0.05546875 0.11171875
0 0.5828125 0.16796875 0.0375 0.13828125
0 0.5171875 0.92578125 0.05625 0.02109375
0 0.68203125 0.16484375 0.05078125 0.146875
0 0.72578125 0.2046875 0.025 0.078125
0 0.515625 0.903125 0.059375 0.021875
0 0.5109375 0.88203125 0.065625 0.015625
0 0.49921875 0.8578125 0.07578125 0.02734375
0 0.57890625 0.90625 0.0546875 0.01640625
0 0.57578125 0.88515625 0.05546875 0.0140625
0 0.56875 0.84921875 0.06015625 0.04921875
0 0.62578125 0.84609375 0.0390625 0.07421875
0 0.69296875 0.8625 0.03671875 0.01953125
0 0.69765625 0.84375 0.05546875 0.0125
0 0.684375 0.8125 0.07421875 0.03984375
0 0.7640625 0.83359375 0.059375 0.028125
0 0.75625 0.203125 0.03125 0.078125
0 0.7828125 0.20625 0.02109375 0.08125
0 0.521875 0.16015625 0.05234375 0.14921875
0 0.809375 0.2015625 0.0296875 0.08359375
0 0.42109375 0.15078125 0.140625 0.15546875
0 0.24765625 0.11875 0.0609375 0.196875
0 0.91875 0.578125 0.02578125 0.06328125
0 0.89765625 0.5859375 0.015625 0.06015625
0 0.88046875 0.5796875 0.01875 0.078125
0 0.85703125 0.58984375 0.02109375 0.06796875
0 0.23046875 0.96484375 0.07890625 0.0640625
0 0.28515625 0.94296875 0.02734375 0.025
0 0.35546875 0.93984375 0.06875 0.09453125
0 0.44453125 0.93671875 0.0765625 0.0171875
0 0.428125 0.89296875 0.0703125 0.05
0 0.94921875 0.57421875 0.02890625 0.07265625
0 0.97890625 0.565625 0.02109375 0.0609375
0 0.975 0.46484375 0.02734375 0.07421875
0 0.9546875 0.465625 0.01328125 0.08046875
0 0.93359375 0.4640625 0.0234375 0.10078125
0 0.03046875 0.14140625 0.05078125 0.13515625
0 0.08828125 0.1421875 0.0546875 0.1328125
0 0.165625 0.14453125 0.09453125 0.14296875
0 0.31328125 0.165625 0.0671875 0.11875
0 0.83828125 0.20859375 0.02421875 0.0765625
0 0.86953125 0.2125 0.0375 0.06875
0 0.75 0.79296875 0.0484375 0.04453125
0 0.66328125 0.36953125 0.01640625 0.0625
0 0.62734375 0.3609375 0.04921875 0.08359375
0 0.58515625 0.371875 0.03125 0.071875
0 0.5515625 0.35625 0.0328125 0.10390625
0 0.51640625 0.37421875 0.0375 0.0765625
0 0.46328125 0.359375 0.05078125 0.1078125
0 0.3890625 0.346875 0.06875 0.13671875
0 0.2734375 0.35 0.1546875 0.15703125
0 0.14375 0.34921875 0.1 0.1609375
0 0.053125 0.35234375 0.06953125 0.16953125
0 0.0828125 0.546875 0.10859375 0.14765625
0 0.18125 0.54375 0.08203125 0.1375
0 0.26640625 0.5515625 0.0859375 0.0984375
0 0.3375 0.54296875 0.05625 0.10390625
0 0.3921875 0.52421875 0.053125 0.12578125
0 0.43515625 0.51328125 0.02421875 0.03125
0 0.4828125 0.5390625 0.040625 0.0484375
0 0.68359375 0.35625 0.02578125 0.08828125
0 0.709375 0.35546875 0.02734375 0.09609375
0 0.73046875 0.35390625 0.0171875 0.09296875
0 0.75234375 0.35546875 0.02734375 0.0890625
0 0.79765625 0.78203125 0.04453125 0.0265625
0 0.8578125 0.759375 0.06640625 0.04453125
0 0.9203125 0.73828125 0.04375 0.04140625
0 0.97890625 0.65703125 0.02265625 0.03984375
0 0.95546875 0.65390625 0.025 0.0640625
0 0.8375 0.5875 0.015625 0.08359375
0 0.8125 0.5953125 0.02578125 0.07734375
0 0.77421875 0.596875 0.03671875 0.08515625
0 0.540625 0.490625 0.02734375 0.109375
0 0.9 0.2125 0.021875 0.075
0 0.98515625 0.1765625 0.02890625 0.09140625
0 0.96796875 0.3703125 0.03359375 0.0390625
0 0.93125 0.3484375 0.03046875 0.078125
0 0.89375 0.3515625 0.02265625 0.08125
0 0.86796875 0.36875 0.02578125 0.0453125
0 0.8265625 0.34296875 0.02265625 0.046875
0 0.80234375 0.353125 0.0234375 0.08203125
0 0.77734375 0.35546875 0.02265625 0.08671875
0 0.94453125 0.19375 0.05234375 0.11796875
0 0.63515625 0.18125 0.03984375 0.11796875
0 0.46640625 0.77265625 0.02421875 0.06953125
0 0.5171875 0.765625 0.05 0.0796875