0 0.415625 0.74453125 0.0875 0.025
0 0.41484375 0.76875 0.0890625 0.021875
0 0.3453125 0.5515625 0.11875 0.0609375
0 0.45 0.559375 0.07890625 0.0484375
0 0.53515625 0.55703125 0.0734375 0.053125
0 0.61015625 0.5609375 0.071875 0.0421875
0 0.0390625 0.7625 0.07734375 0.03359375
0 0.7734375 0.52734375 0.0765625 0.0375
0 0.31484375 0.765625 0.10546875 0.02890625
0 0.20546875 0.7640625 0.10390625 0.03046875
0 0.059375 0.8453125 0.0734375 0.06171875
0 0.04765625 0.89453125 0.06796875 0.0296875
0 0.684375 0.56171875 0.0703125 0.0390625
0 0.50703125 0.76875 0.08671875 0.02265625
0 0.4234375 0.12734375 0.115625 0.040625
0 0.590625 0.74140625 0.06875 0.03828125
0 0.48984375 0.659375 0.078125 0.0390625
0 0.403125 0.621875 0.0921875 0.03359375
0 0.40546875 0.65859375 0.08359375 0.0359375
0 0.296875 0.65859375 0.0671875 0.0375
0 0.2328125 0.6234375 0.0703125 0.03046875
0 0.2265625 0.659375 0.06484375 0.0359375
0 0.5890625 0.665625 0.06640625 0.03984375
0 0.22109375 0.55 0.12421875 0.06484375
0 0.04296875 0.63984375 0.078125 0.04765625
0 0.76875 0.565625 0.07265625 0.03515625
0 0.84375 0.56640625 0.07265625 0.03828125
0 0.91796875 0.56640625 0.06640625 0.0375
0 0.978125 0.56640625 0.04296875 0.0359375
0 0.98203125 0.528125 0.0359375 0.03828125
0 0.1375 0.65 0.10390625 0.0546875
0 0.66796875 0.628125 0.08203125 0.0375
0 0.6703125 0.66640625 0.0734375 0.0390625
0 0.75625 0.665625 0.08203125 0.040625
0 0.6609375 0.74140625 0.06640625 0.0359375
0 0.72890625 0.7390625 0.06953125 0.03828125
0 0.7984375 0.73828125 0.06640625 0.03671875
0 0.79609375 0.7796875 0.06484375 0.0359375
0 0.72421875 0.78046875 0.06875 0.0375
0 0.65703125 0.78046875 0.06484375 0.0359375
0 0.58671875 0.78046875 0.065625 0.03828125
0 0.93671875 0.7828125 0.06796875 0.03984375
0 0.871875 0.7828125 0.05625 0.0390625
0 0.8796875 0.7421875 0.06328125 0.0390625
0 0.94609375 0.7421875 0.06875 0.040625
0 0.846875 0.66953125 0.0828125 0.03671875
0 0.9375 0.6703125 0.08203125 0.03515625
0 0.934375 0.628125 0.08828125 0.04453125
0 0.8453125 0.62734375 0.07265625 0.0390625
0 0.5046875 0.7328125 0.0859375 0.0203125
0 0.0953125 0.5484375 0.125 0.065625
0 0.29296875 0.2890625 0.07109375 0.0390625
0 0.05625 0.42734375 0.109375 0.0375
0 0.9765625 0.43203125 0.04609375 0.0375
0 0.9453125 0.3453125 0.10546875 0.08046875
0 0.53046875 0.31171875 0.08125 0.09609375
0 0.45 0.31171875 0.07421875 0.09375
0 0.36953125 0.30703125 0.08125 0.09609375
0 0.29609375 0.3328125 0.065625 0.0421875
0 0.92109375 0.528125 0.07265625 0.0375
0 0.2203125 0.28984375 0.0703125 0.0390625
0 0.225 0.33203125 0.07421875 0.04140625
0 0.1453125 0.30859375 0.07421875 0.07890625
0 0.04765625 0.3 0.07890625 0.10625
0 0.834375 0.16796875 0.090625 0.05234375
0 0.9234375 0.22265625 0.0859375 0.04765625
0 0.83359375 0.2203125 0.0859375 0.0515625
0 0.73828125 0.21796875 0.09140625 0.04765625
0 0.64921875 0.21640625 0.078125 0.0515625
0 0.54609375 0.12265625 0.11171875 0.0375
0 0.54296875 0.1828125 0.121875 0.084375
0 0.41953125 0.18515625 0.125 0.07421875
0 0.22578125 0.16875 0.084375 0.10234375
0 0.140625 0.16875 0.0765625 0.1046875
0 0.06015625 0.16796875 0.07890625 0.1046875
0 0.77265625 0.83203125 0.05859375 0.03125
0 0.85390625 0.840625 0.0609375 0.03828125
0 0.9265625 0.84375 0.08359375 0.0421875
0 0.92578125 0.8859375 0.07265625 0.0390625
0 0.84921875 0.8859375 0.06953125 0.040625
0 0.78203125 0.8859375 0.05703125 0.04609375
0 0.721875 0.88671875 0.0546875 0.04296875
0 0.91640625 0.43515625 0.06640625 0.04296875
0 0.05625 0.465625 0.10859375 0.03671875
0 0.84375 0.434375 0.07734375 0.04296875
0 0.684375 0.4328125 0.0734375 0.040625
0 0.1484375 0.45234375 0.06796875 0.06640625
0 0.2359375 0.4609375 0.0953125 0.05
0 0.3390625 0.4640625 0.09765625 0.0453125
0 0.41796875 0.45078125 0.05546875 0.07734375
0 0.475 0.453125 0.0546875 0.075
0 0.53515625 0.453125 0.05625 0.07734375
0 0.97890625 0.475 0.0421875 0.04296875
0 0.91640625 0.475 0.07734375 0.03671875
0 0.8375 0.475 0.07890625 0.0359375
0 0.75859375 0.47421875 0.075 0.0359375
0 0.13359375 0.890625 0.07109375 0.0359375
0 0.13984375 0.8390625 0.0640625 0.06171875
0 0.2140625 0.84140625 0.0640625 0.0578125
0 0.209375 0.8890625 0.06796875 0.0328125
0 0.7625 0.434375 0.08125 0.04375
0 0.28671875 0.896875 0.06640625 0.03359375
0 0.35546875 0.8515625 0.0734375 0.04921875
0 0.60703125 0.4328125 0.07734375 0.040625
0 0.60625 0.47265625 0.0734375 0.0375
0 0.68046875 0.4734375 0.07421875 0.03828125
0 0.71875 0.83359375 0.04375 0.03203125
0 0.6546875 0.890625 0.0640625 0.0328125
0 0.65859375 0.84609375 0.06328125 0.04609375
0 0.284375 0.85078125 0.06796875 0.0515625
0 0.58671875 0.84140625 0.071875 0.04375
0 0.50625 0.89453125 0.0703125 0.03671875
0 0.50859375 0.846875 0.06953125 0.05390625
0 0.43515625 0.84609375 0.06953125 0.059375
0 0.4328125 0.89453125 0.065625 0.0359375
0 0.3578125 0.89609375 0.06484375 0.0359375
0 0.58984375 0.88671875 0.06484375 0.0421875
0 0.84453125 0.528125 0.06328125 0.0375