0 0.77265625 0.7828125 0.06015625 0.0296875
0 0.8390625 0.8078125 0.06171875 0.0265625
0 0.796875 0.62890625 0.065625 0.03515625
0 0.371875 0.71875 0.06484375 0.02421875
0 0.36328125 0.690625 0.04765625 0.02890625
0 0.30625 0.71953125 0.06484375 0.028125
0 0.30546875 0.68984375 0.06328125 0.0265625
0 0.23671875 0.72421875 0.06484375 0.02734375
0 0.2359375 0.69375 0.06953125 0.02890625
0 0.16953125 0.7265625 0.065625 0.02890625
0 0.1640625 0.6890625 0.0609375 0.01640625
0 0.10078125 0.7296875 0.06875 0.028125
0 0.09453125 0.69609375 0.0671875 0.02265625
0 0.10234375 0.646875 0.06875 0.0296875
0 0.0984375 0.61484375 0.07421875 0.03125
0 0.1734375 0.64375 0.06640625 0.0296875
0 0.16953125 0.61171875 0.06875 0.0296875
0 0.24140625 0.64296875 0.06484375 0.028125
0 0.23828125 0.6109375 0.06796875 0.03359375
0 0.31171875 0.640625 0.06953125 0.03046875
0 0.9328125 0.6234375 0.0703125 0.03515625
0 0.8640625 0.62578125 0.06484375 0.034375
0 0.5765625 0.81796875 0.065625 0.02734375
0 0.72890625 0.6296875 0.06875 0.0328125
0 0.659375 0.6 0.0671875 0.03046875
0 0.66015625 0.6328125 0.065625 0.0328125
0 0.43515625 0.6859375 0.0671875 0.025
0 0.58828125 0.603125 0.06640625 0.0296875
0 0.51875 0.603125 0.06796875 0.0296875
0 0.521875 0.63515625 0.065625 0.0296875
0 0.45390625 0.6359375 0.065625 0.0296875
0 0.38046875 0.60546875 0.06875 0.0296875
0 0.3859375 0.63671875 0.0671875 0.02890625
0 0.31015625 0.609375 0.06875 0.03203125
0 0.59140625 0.6328125 0.06796875 0.03046875
0 0.91953125 0.5828125 0.07265625 0.03203125
0 0.43671875 0.71484375 0.06484375 0.03125
0 0.50234375 0.71328125 0.06484375 0.02890625
0 0.43515625 0.79296875 0.06171875 0.03125
0 0.44375 0.8234375 0.0640625 0.0265625
0 0.37109375 0.79453125 0.06328125 0.02734375
0 0.378125 0.8234375 0.0671875 0.02421875
0 0.30703125 0.796875 0.06640625 0.02578125
0 0.31015625 0.82421875 0.06328125 0.0265625
0 0.23984375 0.7984375 0.06640625 0.0265625
0 0.17578125 0.79921875 0.06171875 0.02578125
0 0.24453125 0.82578125 0.06484375 0.02734375
0 0.1796875 0.82734375 0.0609375 0.028125
0 0.11015625 0.8 0.0640625 0.025
0 0.1140625 0.82890625 0.06171875 0.028125
0 0.83828125 0.77890625 0.0640625 0.02734375
0 0.903125 0.80546875 0.0640625 0.02578125
0 0.903125 0.77734375 0.0609375 0.03125
0 0.9671875 0.8015625 0.0640625 0.02578125
0 0.96640625 0.771875 0.05546875 0.02421875
0 0.565625 0.6828125 0.065625 0.0265625
0 0.56796875 0.71015625 0.0640625 0.02578125
0 0.63203125 0.6796875 0.06328125 0.0265625
0 0.6328125 0.70859375 0.06171875 0.02890625
0 0.6984375 0.67734375 0.06953125 0.0265625
0 0.7 0.7046875 0.0703125 0.02734375
0 0.49921875 0.684375 0.06328125 0.02734375
0 0.765625 0.67578125 0.06328125 0.02578125
0 0.83359375 0.67421875 0.06953125 0.025
0 0.83359375 0.70234375 0.0640625 0.0296875
0 0.89921875 0.67265625 0.0625 0.02421875
0 0.89921875 0.70234375 0.06171875 0.03046875
0 0.96640625 0.671875 0.065625 0.0234375
0 0.965625 0.70234375 0.06640625 0.0296875
0 0.76796875 0.703125 0.06015625 0.028125
0 0.984375 0.62578125 0.02890625 0.03046875
0 0.984375 0.5921875 0.02890625 0.03125
0 0.93515625 0.51171875 0.06796875 0.0625
0 0.2046875 0.3234375 0.0828125 0.0671875
0 0.10390625 0.3296875 0.08125 0.07265625
0 0.03125 0.33125 0.05859375 0.06875
0 0.0328125 0.19140625 0.06171875 0.10078125
0 0.0984375 0.17734375 0.06875 0.121875
0 0.16328125 0.18984375 0.05859375 0.08984375
0 0.22578125 0.1765625 0.0578125 0.11796875
0 0.29921875 0.1875 0.07578125 0.09140625
0 0.371875 0.17578125 0.065625 0.11171875
0 0.44453125 0.1859375 0.078125 0.0890625
0 0.51640625 0.171875 0.0609375 0.115625
0 0.57734375 0.14140625 0.0578125 0.03125
0 0.5984375 0.1921875 0.078125 0.06796875
0 0.68046875 0.18984375 0.0796875 0.06875
0 0.64921875 0.1359375 0.0875 0.03828125
0 0.7640625 0.18828125 0.084375 0.06796875
0 0.7625 0.13359375 0.084375 0.040625
0 0.775 0.80859375 0.06015625 0.0234375
0 0.7078125 0.78671875 0.06328125 0.0296875
0 0.9234375 0.18515625 0.07421875 0.07109375
0 0.7078125 0.81640625 0.0640625 0.0265625
0 0.64140625 0.78828125 0.06484375 0.02734375
0 0.64296875 0.81640625 0.06328125 0.02734375
0 0.27578125 0.32109375 0.05078125 0.06484375
0 0.57109375 0.7890625 0.0625 0.0265625
0 0.98359375 0.115625 0.03046875 0.06875
0 0.98046875 0.184375 0.0359375 0.0640625
0 0.884375 0.09453125 0.0765625 0.028125
0 0.84765625 0.1296875 0.08125 0.0375
0 0.84609375 0.18515625 0.078125 0.06875
0 0.80078125 0.0953125 0.08515625 0.028125
0 0.92734375 0.12890625 0.0796875 0.040625
0 0.33125 0.3203125 0.0578125 0.06796875
0 0.39921875 0.321875 0.078125 0.06640625
0 0.48515625 0.31796875 0.07734375 0.0671875
0 0.03984375 0.4296875 0.0765625 0.0625
0 0.06171875 0.534375 0.08203125 0.0578125
0 0.14140625 0.52734375 0.06484375 0.06640625
0 0.2140625 0.53046875 0.07578125 0.05859375
0 0.28828125 0.52734375 0.0703125 0.06171875
0 0.31484375 0.48203125 0.0734375 0.01640625
0 0.11796875 0.42734375 0.078125 0.06171875
0 0.3640625 0.52578125 0.07421875 0.059375
0 0.50859375 0.52265625 0.06953125 0.06171875
0 0.5796875 0.521875 0.06796875 0.06484375
0 0.64921875 0.5203125 0.06875 0.06328125
0 0.71875 0.5171875 0.0703125 0.06484375
0 0.790625 0.5140625 0.0703125 0.0640625
0 0.8640625 0.5109375 0.0734375 0.0640625
0 0.4375 0.52421875 0.0703125 0.0625
0 0.51015625 0.8203125 0.0640625 0.02421875
0 0.1953125 0.42578125 0.0734375 0.065625
0 0.34296875 0.4203125 0.07265625 0.0625
0 0.5671875 0.31640625 0.075 0.0640625
0 0.646875 0.31328125 0.0828125 0.06796875
0 0.72578125 0.31171875 0.07109375 0.06875
0 0.803125 0.31015625 0.078125 0.07421875
0 0.88046875 0.30625 0.071875 0.07109375
0 0.9609375 0.30625 0.078125 0.0625
0 0.26953125 0.421875 0.07109375 0.06640625
0 0.94375 0.403125 0.08125 0.059375
0 0.79296875 0.40859375 0.071875 0.06640625
0 0.71640625 0.41015625 0.075 0.06640625
0 0.63984375 0.4140625 0.07578125 0.0640625
0 0.56484375 0.4125 0.06953125 0.06328125
0 0.490625 0.41484375 0.07265625 0.06015625
0 0.415625 0.41953125 0.0703125 0.0609375
0 0.8671875 0.4078125 0.07109375 0.0625
0 0.50234375 0.790625 0.0671875 0.03125