0 0.33984375 0.7296875 0.0375 0.03984375
0 0.59140625 0.84921875 0.0609375 0.034375
0 0.5125 0.8328125 0.07890625 0.04375
0 0.42578125 0.84921875 0.08125 0.03125
0 0.3328125 0.84140625 0.078125 0.04453125
0 0.26796875 0.83671875 0.03671875 0.06640625
0 0.2296875 0.8328125 0.03125 0.06484375
0 0.859375 0.41171875 0.01875 0.053125
0 0.95390625 0.42265625 0.025 0.0625
0 0.9875 0.421875 0.021875 0.05703125
0 0.9515625 0.5 0.07734375 0.0453125
0 0.94765625 0.54453125 0.0734375 0.03671875
0 0.75 0.51640625 0.04140625 0.02265625
0 0.65859375 0.853125 0.06640625 0.03203125
0 0.790625 0.51640625 0.03984375 0.02265625
0 0.878125 0.51875 0.0421875 0.0203125
0 0.87578125 0.540625 0.040625 0.01875
0 0.8328125 0.5390625 0.0390625 0.0203125
0 0.78671875 0.5390625 0.040625 0.01953125
0 0.74765625 0.53828125 0.03984375 0.01875
0 0.69296875 0.52109375 0.03828125 0.05390625
0 0.6546875 0.5359375 0.0296875 0.02578125
0 0.5953125 0.52421875 0.034375 0.04453125
0 0.55625 0.525 0.03515625 0.0421875
0 0.51953125 0.52421875 0.03515625 0.04375
0 0.484375 0.525 0.03125 0.0421875
0 0.4546875 0.52734375 0.02421875 0.0359375
0 0.83359375 0.51484375 0.04375 0.02421875
0 0.72578125 0.8546875 0.06015625 0.0328125
0 0.77109375 0.8234375 0.0265625 0.04921875
0 0.81796875 0.8390625 0.03359375 0.059375
0 0.05234375 0.37734375 0.0484375 0.03984375
0 0.10859375 0.40390625 0.03125 0.06171875
0 0.140625 0.40234375 0.02890625 0.05703125
0 0.18046875 0.3953125 0.02890625 0.071875
0 0.2203125 0.41953125 0.05 0.028125
0 0.3078125 0.42109375 0.046875 0.0265625
0 0.3546875 0.421875 0.04375 0.02578125
0 0.40078125 0.421875 0.04296875 0.02421875
0 0.4453125 0.42109375 0.04375 0.02421875
0 0.48828125 0.421875 0.04296875 0.028125
0 0.3546875 0.39453125 0.0484375 0.028125
0 0.56875 0.40546875 0.025 0.059375
0 0.5953125 0.40625 0.02734375 0.059375
0 0.6234375 0.39765625 0.02578125 0.07578125
0 0.65078125 0.39921875 0.0234375 0.0765625
0 0.68125 0.41640625 0.03203125 0.03984375
0 0.7171875 0.42578125 0.0375 0.02265625
0 0.75703125 0.4265625 0.03671875 0.02109375
0 0.79609375 0.40234375 0.03125 0.0703125
0 0.82890625 0.4015625 0.028125 0.07109375
0 0.7125 0.80234375 0.0609375 0.0140625
0 0.64921875 0.803125 0.06015625 0.01953125
0 0.01484375 0.4953125 0.0296875 0.078125
0 0.98828125 0.8359375 0.0234375 0.06953125
0 0.95859375 0.8359375 0.025 0.06953125
0 0.92734375 0.8375 0.02890625 0.0703125
0 0.8953125 0.8375 0.03125 0.0703125
0 0.425 0.52421875 0.0328125 0.04375
0 0.3890625 0.52421875 0.034375 0.0453125
0 0.36015625 0.52734375 0.025 0.03671875
0 0.3296875 0.52265625 0.03125 0.04375
0 0.85234375 0.74375 0.03828125 0.01953125
0 0.85625 0.72421875 0.03671875 0.01875
0 0.8140625 0.721875 0.040625 0.01875
0 0.81484375 0.74140625 0.0359375 0.01875
0 0.775 0.74296875 0.03515625 0.01875
0 0.73828125 0.74296875 0.03671875 0.015625
0 0.73984375 0.7234375 0.0359375 0.01796875
0 0.6953125 0.725 0.04765625 0.05078125
0 0.64140625 0.725 0.05 0.05078125
0 0.58359375 0.72421875 0.05078125 0.05
0 0.53046875 0.72578125 0.04140625 0.0515625
0 0.48984375 0.725 0.03984375 0.04921875
0 0.45703125 0.72265625 0.02265625 0.05390625
0 0.43359375 0.7234375 0.02265625 0.0515625
0 0.41015625 0.73359375 0.0203125 0.0171875
0 0.378125 0.73359375 0.03671875 0.03125
0 0.3015625 0.72421875 0.03671875 0.05
0 0.26328125 0.7234375 0.0359375 0.05
0 0.22890625 0.71796875 0.03203125 0.04296875
0 0.10234375 0.84296875 0.02890625 0.0671875
0 0.190625 0.7234375 0.040625 0.0515625
0 0.14921875 0.72265625 0.04140625 0.046875
0 0.05078125 0.7359375 0.10078125 0.06015625
0 0.02109375 0.64296875 0.0421875 0.05390625
0 0.034375 0.85390625 0.0296875 0.06328125
0 0.06640625 0.84609375 0.028125 0.0625
0 0.00546875 0.84609375 0.0109375 0.0609375
0 0.98515625 0.73046875 0.0296875 0.0671875
0 0.02734375 0.2546875 0.0546875 0.03984375
0 0.93671875 0.71953125 0.02265625 0.0484375
0 0.93203125 0.64140625 0.0765625 0.05390625
0 0.2953125 0.52265625 0.0328125 0.04375
0 0.2390625 0.5140625 0.03046875 0.0609375
0 0.2109375 0.5140625 0.02578125 0.0609375
0 0.1859375 0.525 0.0234375 0.03828125
0 0.16015625 0.5171875 0.02578125 0.05625
0 0.12890625 0.51640625 0.0359375 0.05546875
0 0.0546875 0.4921875 0.04375 0.0828125
0 0.084375 0.64296875 0.0453125 0.03828125
0 0.13125 0.61875 0.021875 0.0625
0 0.15390625 0.6171875 0.02109375 0.059375
0 0.17578125 0.6171875 0.01875 0.05703125
0 0.19765625 0.61796875 0.0203125 0.05859375
0 0.21875 0.61796875 0.01875 0.0578125
0 0.26015625 0.621875 0.046875 0.05234375
0 0.3078125 0.62109375 0.04609375 0.05234375
0 0.3546875 0.60546875 0.04453125 0.02578125
0 0.41015625 0.634375 0.028125 0.02734375
0 0.440625 0.6375 0.03046875 0.0234375
0 0.5859375 0.62109375 0.0171875 0.0578125
0 0.60703125 0.62109375 0.0171875 0.05859375
0 0.628125 0.62265625 0.015625 0.0578125
0 0.66953125 0.625 0.02421875 0.053125
0 0.69609375 0.625 0.02734375 0.05
0 0.7296875 0.6359375 0.03515625 0.03125
0 0.76875 0.63359375 0.03828125 0.03671875
0 0.81484375 0.63359375 0.03984375 0.0359375
0 0.86015625 0.63515625 0.0421875 0.03671875
0 0.90078125 0.7296875 0.03125 0.065625
0 0.04609375 0.21484375 0.05546875 0.03984375
0 0.16875 0.8359375 0.08515625 0.05390625