0 0.334375 0.4328125 0.02421875 0.0171875
0 0.8125 0.5984375 0.0203125 0.0140625
0 0.0765625 0.534375 0.01640625 0.04921875
0 0.15234375 0.48828125 0.0234375 0.04921875
0 0.12890625 0.48984375 0.0203125 0.0453125
0 0.04296875 0.490625 0.02578125 0.04765625
0 0.0171875 0.49140625 0.025 0.0484375
0 0.1515625 0.4390625 0.02578125 0.046875
0 0.12578125 0.4390625 0.02421875 0.05078125
0 0.0421875 0.43984375 0.02578125 0.04921875
0 0.0953125 0.53515625 0.0203125 0.0484375
0 0.01640625 0.43984375 0.02578125 0.04921875
0 0.54921875 0.56328125 0.021875 0.015625
0 0.55078125 0.5796875 0.021875 0.015625
0 0.55078125 0.59609375 0.021875 0.015625
0 0.55078125 0.61171875 0.021875 0.015625
0 0.54921875 0.6265625 0.021875 0.015625
0 0.571875 0.45078125 0.01953125 0.015625
0 0.57109375 0.46796875 0.0203125 0.015625
0 0.5703125 0.48203125 0.01640625 0.015625
0 0.54921875 0.546875 0.021875 0.015625
0 0.5703125 0.4984375 0.01875 0.015625
0 0.1265625 0.5375 0.025 0.04453125
0 0.01875 0.540625 0.02265625 0.0453125
0 0.18046875 0.44921875 0.0265625 0.01875
0 0.259375 0.43046875 0.02421875 0.01875
0 0.23359375 0.43125 0.02421875 0.01875
0 0.20703125 0.43125 0.0265625 0.01875
0 0.1796875 0.43046875 0.02421875 0.01875
0 0.153125 0.63359375 0.02421875 0.03984375
0 0.12734375 0.63515625 0.02734375 0.03984375
0 0.09921875 0.6375 0.028125 0.04296875
0 0.15234375 0.5375 0.02265625 0.04609375
0 0.0734375 0.63671875 0.02109375 0.04140625
0 0.02265625 0.63984375 0.01953125 0.046875
0 0.15 0.5875 0.025 0.0484375
0 0.125 0.58828125 0.02265625 0.0453125
0 0.09921875 0.5890625 0.02421875 0.04609375
0 0.075 0.58984375 0.0234375 0.0453125
0 0.0453125 0.58984375 0.03125 0.046875
0 0.0203125 0.590625 0.01953125 0.046875
0 0.04375 0.53984375 0.028125 0.0453125
0 0.04765625 0.63984375 0.02578125 0.046875
0 0.5703125 0.515625 0.01875 0.015625
0 0.56875 0.53125 0.01953125 0.015625
0 0.5703125 0.54765625 0.01875 0.015625
0 0.73515625 0.43515625 0.01953125 0.01484375
0 0.6140625 0.45078125 0.01875 0.015625
0 0.63359375 0.45078125 0.0171875 0.01484375
0 0.65234375 0.45078125 0.01875 0.015625
0 0.6734375 0.4515625 0.0234375 0.01328125
0 0.69453125 0.45078125 0.01953125 0.0140625
0 0.7140625 0.4515625 0.01875 0.0140625
0 0.6125 0.4671875 0.01875 0.01484375
0 0.715625 0.4359375 0.01875 0.0171875
0 0.63203125 0.4671875 0.01875 0.015625
0 0.675 0.46640625 0.021875 0.01484375
0 0.69609375 0.46640625 0.02109375 0.01484375
0 0.715625 0.4671875 0.01875 0.0140625
0 0.6125 0.4828125 0.01875 0.015625
0 0.6328125 0.4828125 0.01875 0.015625
0 0.65234375 0.4828125 0.0203125 0.01484375
0 0.675 0.48359375 0.0203125 0.01484375
0 0.6953125 0.48203125 0.0203125 0.015625
0 0.65234375 0.46640625 0.01875 0.01484375
0 0.6953125 0.4359375 0.01953125 0.01640625
0 0.675 0.43671875 0.02265625 0.015625
0 0.65390625 0.4359375 0.01875 0.0140625
0 0.56953125 0.56328125 0.01875 0.015625
0 0.5703125 0.5796875 0.01953125 0.015625
0 0.5703125 0.59453125 0.0203125 0.0140625
0 0.5703125 0.609375 0.0203125 0.0140625
0 0.571875 0.625 0.0203125 0.0140625
0 0.5921875 0.45078125 0.01875 0.0171875
0 0.59140625 0.46796875 0.0171875 0.0171875
0 0.5921875 0.48359375 0.021875 0.0140625
0 0.59140625 0.49765625 0.02265625 0.0140625
0 0.590625 0.5125 0.021875 0.0140625
0 0.590625 0.528125 0.021875 0.0140625
0 0.59140625 0.54453125 0.021875 0.0140625
0 0.58984375 0.56015625 0.02265625 0.0140625
0 0.59140625 0.57578125 0.021875 0.0140625
0 0.5921875 0.59140625 0.021875 0.0140625
0 0.59140625 0.60703125 0.02265625 0.0140625
0 0.59296875 0.621875 0.021875 0.0140625
0 0.6125 0.43515625 0.02109375 0.0140625
0 0.6328125 0.43515625 0.02109375 0.0140625
0 0.209375 0.45 0.02578125 0.01875
0 0.71484375 0.48203125 0.01640625 0.0140625
0 0.2359375 0.45 0.0265625 0.01875
0 0.18046875 0.46640625 0.0265625 0.015625
0 0.55 0.43515625 0.021875 0.015625
0 0.571875 0.43515625 0.02109375 0.01640625
0 0.5484375 0.45 0.021875 0.015625
0 0.55 0.46640625 0.021875 0.015625
0 0.5515625 0.48125 0.021875 0.015625
0 0.55 0.49921875 0.021875 0.015625
0 0.5484375 0.51640625 0.021875 0.015625
0 0.54921875 0.53125 0.01953125 0.015625
0 0.528125 0.62578125 0.021875 0.015625
0 0.290625 0.63828125 0.02421875 0.015625
0 0.2390625 0.640625 0.0265625 0.01640625
0 0.2109375 0.64296875 0.02734375 0.0140625
0 0.184375 0.6421875 0.02734375 0.01484375
0 0.31640625 0.61953125 0.0234375 0.01796875
0 0.2921875 0.62109375 0.025 0.01484375
0 0.26640625 0.6234375 0.0234375 0.01796875
0 0.2390625 0.62421875 0.02578125 0.015625
0 0.2109375 0.625 0.028125 0.0171875
0 0.265625 0.64140625 0.025 0.01640625
0 0.18359375 0.62578125 0.02578125 0.01640625
0 0.528125 0.6109375 0.021875 0.015625
0 0.52890625 0.5796875 0.02265625 0.015625
0 0.484375 0.62890625 0.02109375 0.0140625
0 0.503125 0.515625 0.02109375 0.0171875
0 0.5046875 0.53203125 0.02109375 0.01640625
0 0.50546875 0.54765625 0.021875 0.0125
0 0.5046875 0.56328125 0.01796875 0.01484375
0 0.50625 0.58046875 0.0203125 0.015625
0 0.50390625 0.59609375 0.021875 0.0140625
0 0.50625 0.61171875 0.0203125 0.015625
0 0.528125 0.5953125 0.021875 0.015625
0 0.50546875 0.62734375 0.01953125 0.01484375
0 0.52578125 0.45078125 0.021875 0.01640625
0 0.5265625 0.46796875 0.02265625 0.015625
0 0.5265625 0.4828125 0.02421875 0.0140625
0 0.52734375 0.49921875 0.01875 0.01484375
0 0.5265625 0.51484375 0.021875 0.01640625
0 0.52734375 0.53046875 0.021875 0.01640625
0 0.52734375 0.54765625 0.021875 0.01640625
0 0.528125 0.56328125 0.021875 0.01484375
0 0.52734375 0.43515625 0.0234375 0.0171875
0 0.3640625 0.60078125 0.02421875 0.0140625
0 0.33984375 0.60234375 0.02421875 0.015625
0 0.31484375 0.60390625 0.025 0.01328125
0 0.26171875 0.53671875 0.02421875 0.01875
0 0.23671875 0.53671875 0.028125 0.0171875
0 0.20859375 0.5375 0.02578125 0.01796875
0 0.18046875 0.5375 0.0296875 0.01796875
0 0.2875 0.51796875 0.025 0.0171875
0 0.2609375 0.51796875 0.02265625 0.015625
0 0.2078125 0.51875 0.0796875 0.015625
0 0.28828125 0.5015625 0.02734375 0.015625
0 0.28671875 0.5359375 0.0234375 0.0171875
0 0.26015625 0.5015625 0.02734375 0.015625
0 0.2078125 0.5015625 0.02734375 0.015625
0 0.18046875 0.50234375 0.02734375 0.015625
0 0.28671875 0.484375 0.02109375 0.0171875
0 0.2625 0.48359375 0.0265625 0.0171875
0 0.2046875 0.48359375 0.08203125 0.0171875
0 0.2609375 0.46640625 0.0265625 0.015625
0 0.234375 0.46796875 0.0265625 0.0140625
0 0.20703125 0.4671875 0.0265625 0.015625
0 0.23515625 0.5015625 0.02734375 0.015625
0 0.18125 0.55546875 0.02734375 0.015625
0 0.209375 0.5546875 0.02578125 0.01796875
0 0.2359375 0.55390625 0.0265625 0.015625
0 0.290625 0.6046875 0.0234375 0.015625
0 0.26484375 0.60546875 0.02734375 0.01640625
0 0.23828125 0.60546875 0.02734375 0.01484375
0 0.21015625 0.60703125 0.028125 0.0171875
0 0.18125 0.6078125 0.028125 0.0171875
0 0.31328125 0.58671875 0.0265625 0.01640625
0 0.2875 0.58828125 0.02578125 0.0140625
0 0.23671875 0.5890625 0.025 0.0140625
0 0.209375 0.590625 0.02734375 0.015625
0 0.18203125 0.59140625 0.02890625 0.0140625
0 0.3140625 0.5703125 0.02421875 0.0171875
0 0.2890625 0.56953125 0.02421875 0.0171875
0 0.26328125 0.57109375 0.02421875 0.0171875
0 0.2375 0.57265625 0.02578125 0.0171875
0 0.21015625 0.5734375 0.028125 0.0171875
0 0.18125 0.57265625 0.028125 0.0171875
0 0.3125 0.55234375 0.02578125 0.01484375
0 0.28515625 0.553125 0.02421875 0.0140625
0 0.26171875 0.55390625 0.025 0.01484375
0 0.26328125 0.45078125 0.02578125 0.01640625
0 0.61328125 0.49765625 0.02109375 0.0140625
0 0.63359375 0.49765625 0.02109375 0.0140625
0 0.6546875 0.4984375 0.02109375 0.01484375
0 0.90390625 0.453125 0.01640625 0.01328125
0 0.921875 0.453125 0.01875 0.01328125
0 0.940625 0.45234375 0.01640625 0.0140625
0 0.85078125 0.465625 0.0140625 0.0140625
0 0.86640625 0.46640625 0.0171875 0.015625
0 0.8859375 0.46640625 0.015625 0.01171875
0 0.903125 0.46640625 0.01875 0.0125
0 0.921875 0.46640625 0.01796875 0.0125
0 0.8859375 0.45234375 0.01953125 0.0140625
0 0.940625 0.46640625 0.01640625 0.0125
0 0.8671875 0.48203125 0.01875 0.0140625
0 0.8859375 0.48046875 0.015625 0.01328125
0 0.903125 0.48046875 0.0171875 0.01484375
0 0.91953125 0.48046875 0.01640625 0.015625
0 0.9390625 0.48125 0.02109375 0.0140625
0 0.85078125 0.496875 0.0140625 0.01328125
0 0.8671875 0.49609375 0.01796875 0.0140625
0 0.884375 0.49609375 0.015625 0.0140625
0 0.85078125 0.48125 0.0140625 0.015625
0 0.90234375 0.49609375 0.0171875 0.01328125
0 0.8671875 0.45234375 0.01875 0.0125
0 0.92109375 0.525 0.053125 0.0125
0 0.73515625 0.5890625 0.0203125 0.01171875
0 0.75390625 0.58828125 0.0171875 0.0125
0 0.77421875 0.5875 0.01875 0.01328125
0 0.79375 0.5859375 0.0171875 0.0140625
0 0.81328125 0.58359375 0.01796875 0.0140625
0 0.83046875 0.58359375 0.01796875 0.015625
0 0.734375 0.603125 0.01953125 0.0140625
0 0.75390625 0.60234375 0.0203125 0.015625
0 0.85078125 0.45234375 0.01484375 0.01328125
0 0.77421875 0.6015625 0.01875 0.01328125
0 0.83125 0.5984375 0.01640625 0.0140625
0 0.7359375 0.6171875 0.015625 0.0140625
0 0.75390625 0.6171875 0.0203125 0.0140625
0 0.7734375 0.61484375 0.0171875 0.01328125
0 0.7921875 0.6140625 0.0203125 0.015625
0 0.81171875 0.61328125 0.01875 0.01484375
0 0.8296875 0.6125 0.0171875 0.0140625
0 0.86796875 0.525 0.0515625 0.0125
0 0.79296875 0.59921875 0.01875 0.01484375
0 0.9203125 0.49609375 0.01796875 0.015625
0 0.93984375 0.49609375 0.01875 0.015625
0 0.85078125 0.5109375 0.0171875 0.01484375
0 0.8484375 0.5828125 0.01640625 0.0140625
0 0.8671875 0.5828125 0.01875 0.0140625
0 0.88515625 0.5828125 0.01640625 0.0140625
0 0.84609375 0.59765625 0.0140625 0.01328125
0 0.8640625 0.59765625 0.01875 0.01328125
0 0.884375 0.5984375 0.0203125 0.0140625
0 0.90234375 0.596875 0.01328125 0.01640625
0 0.91875 0.5953125 0.01875 0.01328125
0 0.93984375 0.5671875 0.01796875 0.0125
0 0.93828125 0.59609375 0.01875 0.0140625
0 0.865625 0.6125 0.01640625 0.01484375
0 0.884375 0.6125 0.01875 0.01328125
0 0.90234375 0.6109375 0.015625 0.01171875
0 0.91953125 0.6109375 0.0140625 0.01484375
0 0.93671875 0.6109375 0.01640625 0.0125
0 0.903125 0.58203125 0.01484375 0.0109375
0 0.9203125 0.58125 0.01953125 0.0125
0 0.9390625 0.5796875 0.015625 0.0125
0 0.84921875 0.61328125 0.01484375 0.01484375
0 0.9203125 0.56875 0.0203125 0.01171875
0 0.903125 0.56953125 0.0140625 0.01328125
0 0.8859375 0.56875 0.01875 0.0140625
0 0.86796875 0.51171875 0.01640625 0.0140625
0 0.88515625 0.51171875 0.0171875 0.0140625
0 0.903125 0.51015625 0.0171875 0.01484375
0 0.9203125 0.5109375 0.01484375 0.015625
0 0.93828125 0.51171875 0.01875 0.0140625
0 0.85078125 0.53984375 0.0171875 0.01640625
0 0.86796875 0.53984375 0.0171875 0.015625
0 0.88515625 0.53984375 0.0171875 0.015625
0 0.90390625 0.5390625 0.015625 0.015625
0 0.921875 0.5390625 0.0171875 0.01484375
0 0.9390625 0.5375 0.0171875 0.0140625
0 0.85 0.5546875 0.015625 0.01171875
0 0.86640625 0.55390625 0.01640625 0.0125
0 0.88359375 0.55390625 0.0171875 0.01171875
0 0.9046875 0.55390625 0.0171875 0.0125
0 0.92109375 0.55390625 0.01640625 0.01328125
0 0.9390625 0.55234375 0.0171875 0.0125
0 0.85 0.56875 0.015625 0.0125
0 0.865625 0.56875 0.01640625 0.0125
0 0.83046875 0.56875 0.01796875 0.0140625
0 0.8109375 0.56875 0.0171875 0.0140625
0 0.7921875 0.5703125 0.0171875 0.015625
0 0.7734375 0.571875 0.01796875 0.01484375
0 0.61328125 0.575 0.01953125 0.015625
0 0.63359375 0.575 0.021875 0.015625
0 0.6546875 0.57421875 0.0203125 0.0140625
0 0.67421875 0.57421875 0.01875 0.015625
0 0.69375 0.5734375 0.01875 0.0140625
0 0.71328125 0.57265625 0.02109375 0.015625
0 0.61328125 0.590625 0.0203125 0.01484375
0 0.6328125 0.590625 0.02109375 0.015625
0 0.715625 0.55859375 0.01796875 0.01484375
0 0.65703125 0.5890625 0.021875 0.0140625
0 0.6953125 0.5875 0.0203125 0.0140625
0 0.715625 0.58671875 0.01875 0.0140625
0 0.61484375 0.60546875 0.0203125 0.0125
0 0.6359375 0.6046875 0.0203125 0.01328125
0 0.65625 0.6046875 0.0203125 0.0140625
0 0.67578125 0.6046875 0.01796875 0.0140625
0 0.6953125 0.603125 0.0203125 0.0140625
0 0.715625 0.60078125 0.01875 0.0140625
0 0.6765625 0.5890625 0.0171875 0.0140625
0 0.6953125 0.5578125 0.01953125 0.0140625
0 0.675 0.559375 0.01953125 0.0140625
0 0.653125 0.559375 0.01953125 0.01484375
0 0.675 0.4984375 0.02109375 0.01484375
0 0.696875 0.49765625 0.0203125 0.0140625
0 0.71484375 0.496875 0.01640625 0.01328125
0 0.61328125 0.51484375 0.01953125 0.015625
0 0.6328125 0.5140625 0.02109375 0.01640625
0 0.65390625 0.5125 0.01875 0.0140625
0 0.675 0.51328125 0.01875 0.0140625
0 0.69453125 0.51328125 0.01875 0.0140625
0 0.7140625 0.51171875 0.01875 0.0140625
0 0.6328125 0.52890625 0.06328125 0.01328125
0 0.69375 0.528125 0.0578125 0.0171875
0 0.61328125 0.54375 0.01953125 0.0140625
0 0.6328125 0.54375 0.0203125 0.0140625
0 0.65390625 0.54375 0.021875 0.01484375
0 0.675 0.54453125 0.01953125 0.01484375
0 0.69453125 0.54296875 0.0203125 0.0125
0 0.71328125 0.54296875 0.01796875 0.0125
0 0.6125 0.559375 0.0171875 0.0140625
0 0.63203125 0.559375 0.021875 0.0140625
0 0.6140625 0.62109375 0.02109375 0.015625
0 0.46171875 0.63046875 0.02109375 0.0140625
0 0.63515625 0.62109375 0.02265625 0.01640625
0 0.67578125 0.6203125 0.02109375 0.015625
0 0.81328125 0.51171875 0.0203125 0.01484375
0 0.83203125 0.51171875 0.01796875 0.01484375
0 0.75234375 0.5265625 0.0578125 0.0125
0 0.79296875 0.5265625 0.021875 0.01328125
0 0.81328125 0.5265625 0.0171875 0.0125
0 0.83125 0.525 0.01796875 0.01328125
0 0.734375 0.54296875 0.01875 0.015625
0 0.75390625 0.54296875 0.0203125 0.01484375
0 0.79375 0.5125 0.0203125 0.015625
0 0.7734375 0.54140625 0.01953125 0.015625
0 0.734375 0.5578125 0.01953125 0.0140625
0 0.75390625 0.55703125 0.0203125 0.0140625
0 0.77421875 0.55625 0.01640625 0.01328125
0 0.79296875 0.55546875 0.01953125 0.015625
0 0.81171875 0.55390625 0.01875 0.01328125
0 0.83046875 0.55390625 0.01875 0.01484375
0 0.7359375 0.57421875 0.01875 0.01484375
0 0.75546875 0.5734375 0.01953125 0.0171875
0 0.8125 0.53984375 0.0546875 0.01484375
0 0.77265625 0.51328125 0.01953125 0.01484375
0 0.75390625 0.51328125 0.01953125 0.0140625
0 0.73359375 0.5125 0.0203125 0.0140625
0 0.69453125 0.61796875 0.01953125 0.01328125
0 0.715625 0.61796875 0.02109375 0.01328125
0 0.73515625 0.45078125 0.0171875 0.01484375
0 0.753125 0.45 0.01953125 0.01640625
0 0.73515625 0.46640625 0.0171875 0.01484375
0 0.7546875 0.46640625 0.01875 0.0140625
0 0.73515625 0.48125 0.0171875 0.0140625
0 0.75390625 0.48203125 0.01953125 0.0140625
0 0.775 0.48125 0.02109375 0.0140625
0 0.7953125 0.48125 0.0171875 0.01328125
0 0.815625 0.4828125 0.01953125 0.0125
0 0.834375 0.48125 0.01953125 0.0125
0 0.834375 0.4671875 0.0171875 0.015625
0 0.834375 0.45234375 0.015625 0.01484375
0 0.8140625 0.46796875 0.01953125 0.015625
0 0.734375 0.496875 0.01875 0.015625
0 0.7546875 0.49765625 0.01875 0.01484375
0 0.7734375 0.49765625 0.0171875 0.0171875
0 0.8125 0.49609375 0.0609375 0.01328125
0 0.65703125 0.6203125 0.0171875 0.015625
0 0.4359375 0.6296875 0.021875 0.0140625
0 0.2625 0.58828125 0.02578125 0.01484375
0 0.3890625 0.6328125 0.02109375 0.0140625
0 0.36484375 0.634375 0.02578125 0.015625
0 0.38515625 0.45 0.02421875 0.01875
0 0.409375 0.45 0.02265625 0.01484375
0 0.434375 0.45078125 0.025 0.01796875
0 0.45703125 0.4515625 0.0203125 0.0171875
0 0.45625 0.43515625 0.0234375 0.01484375
0 0.315625 0.6375 0.028125 0.01640625
0 0.340625 0.63515625 0.021875 0.015625
0 0.4328125 0.434375 0.02265625 0.01328125
0 0.384375 0.4671875 0.02265625 0.01484375
0 0.409375 0.4671875 0.02265625 0.015625
0 0.4328125 0.46796875 0.0234375 0.01640625
0 0.45625 0.46875 0.021875 0.015625
0 0.38515625 0.4828125 0.0234375 0.0171875
0 0.409375 0.48359375 0.025 0.01328125
0 0.43515625 0.484375 0.0234375 0.015625
0 0.41015625 0.43359375 0.0234375 0.0140625
0 0.365625 0.61796875 0.0234375 0.0171875
0 0.3421875 0.61953125 0.02421875 0.015625
0 0.36484375 0.58515625 0.02265625 0.0171875
0 0.359375 0.4328125 0.02734375 0.015625
0 0.3359375 0.45 0.02421875 0.01796875
0 0.36015625 0.45 0.021875 0.01796875
0 0.33515625 0.46796875 0.02109375 0.01796875
0 0.359375 0.4671875 0.0234375 0.01796875
0 0.3359375 0.4859375 0.0234375 0.01640625
0 0.36171875 0.484375 0.0234375 0.015625
0 0.3375 0.50234375 0.0234375 0.015625
0 0.3625 0.5 0.0234375 0.015625
0 0.3375 0.51875 0.0234375 0.01328125
0 0.359375 0.5171875 0.01953125 0.0171875
0 0.3375 0.534375 0.0234375 0.0140625
0 0.3609375 0.53359375 0.02265625 0.015625
0 0.33828125 0.5515625 0.021875 0.01796875
0 0.36171875 0.55078125 0.02265625 0.0171875
0 0.33984375 0.56875 0.02265625 0.0140625
0 0.340625 0.58671875 0.02578125 0.01640625
0 0.45703125 0.484375 0.02109375 0.0140625
0 0.47890625 0.4828125 0.02265625 0.015625
0 0.3625 0.56796875 0.02265625 0.01640625
0 0.4109375 0.5 0.0234375 0.0171875
0 0.48203125 0.5640625 0.0234375 0.01484375
0 0.3875 0.58359375 0.02265625 0.01484375
0 0.4109375 0.5828125 0.02265625 0.01640625
0 0.434375 0.58359375 0.025 0.0171875
0 0.459375 0.584375 0.021875 0.01640625
0 0.48125 0.58203125 0.02109375 0.01640625
0 0.3890625 0.60078125 0.02265625 0.0140625
0 0.4125 0.6 0.021875 0.015625
0 0.43515625 0.59921875 0.0234375 0.015625
0 0.45859375 0.6 0.0234375 0.01328125
0 0.4828125 0.596875 0.02109375 0.0140625
0 0.38984375 0.615625 0.025 0.015625
0 0.4140625 0.61640625 0.02109375 0.0140625
0 0.43671875 0.615625 0.02109375 0.0140625
0 0.459375 0.6140625 0.021875 0.0140625
0 0.48125 0.61328125 0.02109375 0.0140625
0 0.3859375 0.5 0.0234375 0.01640625
0 0.45859375 0.56640625 0.0203125 0.0171875
0 0.4359375 0.56640625 0.021875 0.01640625
0 0.4125 0.63203125 0.02109375 0.0140625
0 0.3875 0.5671875 0.02265625 0.01640625
0 0.4125 0.56640625 0.0203125 0.0171875
0 0.434375 0.5 0.02421875 0.015625
0 0.45859375 0.50078125 0.02265625 0.015625
0 0.48046875 0.4984375 0.021875 0.01328125
0 0.38359375 0.5171875 0.02109375 0.015625
0 0.4109375 0.51640625 0.02265625 0.0171875
0 0.45625 0.51640625 0.02109375 0.01640625
0 0.47890625 0.51484375 0.02109375 0.0171875
0 0.3859375 0.53359375 0.02265625 0.0140625
0 0.4328125 0.5171875 0.021875 0.0171875
0 0.4328125 0.5328125 0.021875 0.0140625
0 0.45625 0.53203125 0.01875 0.01484375
0 0.48046875 0.53203125 0.02265625 0.01484375
0 0.3859375 0.55078125 0.02265625 0.0140625
0 0.409375 0.54921875 0.021875 0.0171875
0 0.4328125 0.54921875 0.02421875 0.01796875
0 0.4578125 0.5484375 0.0234375 0.015625
0 0.48125 0.5484375 0.0234375 0.0171875
0 0.41015625 0.53359375 0.0234375 0.015625