0 0.26796875 0.6671875 0.05078125 0.06171875
0 0.784375 0.77421875 0.0546875 0.1015625
0 0.8515625 0.809375 0.06640625 0.05625
0 0.84921875 0.75 0.06640625 0.05234375
0 0.9359375 0.77890625 0.08125 0.04765625
0 0.94453125 0.728125 0.084375 0.0515625
0 0.94140625 0.6703125 0.0875 0.0515625
0 0.95 0.615625 0.08671875 0.053125
0 0.84765625 0.659375 0.0546875 0.0734375
0 0.73984375 0.66328125 0.053125 0.071875
0 0.72265625 0.76640625 0.0671875 0.0453125
0 0.6171875 0.6546875 0.03203125 0.07734375
0 0.57265625 0.659375 0.0515625 0.07890625
0 0.51796875 0.65234375 0.0484375 0.07265625
0 0.46171875 0.66015625 0.05078125 0.07578125
0 0.41015625 0.66796875 0.04296875 0.0609375
0 0.36875 0.6671875 0.03515625 0.06015625
0 0.32265625 0.665625 0.04921875 0.059375
0 0.70078125 0.65859375 0.02421875 0.06875
0 0.66015625 0.65078125 0.0484375 0.0703125
0 0.21484375 0.6640625 0.0453125 0.071875
0 0.09140625 0.8140625 0.078125 0.0421875
0 0.2671875 0.73671875 0.05 0.04765625
0 0.31953125 0.73671875 0.0390625 0.04765625
0 0.2625 0.79765625 0.0546875 0.05703125
0 0.31640625 0.79921875 0.04765625 0.06171875
0 0.4078125 0.77421875 0.128125 0.11171875
0 0.51328125 0.7796875 0.07578125 0.1015625
0 0.58828125 0.78828125 0.0625 0.08203125
0 0.6546875 0.73515625 0.0609375 0.04453125
0 0.18671875 0.81328125 0.07578125 0.0390625
0 0.1875 0.77578125 0.07734375 0.03125
0 0.10625 0.76796875 0.06953125 0.03515625
0 0.85 0.55390625 0.08203125 0.021875
0 0.85 0.5296875 0.0828125 0.021875
0 0.93046875 0.83515625 0.0703125 0.05546875
0 0.653125 0.79453125 0.05859375 0.06875
0 0.12734375 0.73046875 0.0625 0.0234375
0 0.025 0.79609375 0.05 0.0515625
0 0.046875 0.728125 0.09375 0.021875
0 0.03515625 0.75703125 0.06953125 0.02578125
0 0.72109375 0.80859375 0.0625 0.03359375
0 0.16640625 0.665625 0.04296875 0.0671875
0 0.6109375 0.16875 0.0453125 0.02421875
0 0.71484375 0.2484375 0.021875 0.04375
0 0.2296875 0.4546875 0.05546875 0.08671875
0 0.28359375 0.4546875 0.04765625 0.08359375
0 0.3390625 0.453125 0.0578125 0.0890625
0 0.39609375 0.45 0.0484375 0.0859375
0 0.44765625 0.45546875 0.0453125 0.07578125
0 0.49453125 0.4609375 0.04453125 0.0703125
0 0.5421875 0.45390625 0.040625 0.0796875
0 0.59453125 0.4578125 0.05078125 0.0703125
0 0.64375 0.45625 0.04375 0.075
0 0.68671875 0.459375 0.03359375 0.07421875
0 0.73203125 0.4578125 0.04296875 0.08046875
0 0.77734375 0.4640625 0.03359375 0.06328125
0 0.8515625 0.3859375 0.1140625 0.05
0 0.96171875 0.3828125 0.0765625 0.06015625
0 0.9546875 0.44453125 0.090625 0.053125
0 0.85 0.42578125 0.0953125 0.0203125
0 0.8515625 0.453125 0.096875 0.028125
0 0.85 0.47734375 0.08359375 0.0171875
0 0.95 0.49765625 0.1 0.0515625
0 0.9515625 0.5609375 0.08984375 0.0515625
0 0.06953125 0.528125 0.12421875 0.03125
0 0.06640625 0.5546875 0.13125 0.01484375
0 0.06328125 0.584375 0.1265625 0.04375
0 0.1734375 0.55546875 0.07265625 0.07890625
0 0.24375 0.553125 0.059375 0.0828125
0 0.2953125 0.56015625 0.04296875 0.0671875
0 0.346875 0.55234375 0.0546875 0.08046875
0 0.4046875 0.55234375 0.05546875 0.08125
0 0.4609375 0.55390625 0.05078125 0.08046875
0 0.1734375 0.45390625 0.0484375 0.08359375
0 0.07265625 0.4671875 0.14453125 0.0609375
0 0.68125 0.36484375 0.075 0.034375
0 0.75546875 0.3640625 0.06640625 0.03359375
0 0.6171875 0.19609375 0.04375 0.02734375
0 0.6171875 0.21875 0.04453125 0.01640625
0 0.615625 0.25 0.04140625 0.04375
0 0.64921875 0.253125 0.021875 0.0359375
0 0.68125 0.253125 0.03359375 0.03515625
0 0.75390625 0.25 0.053125 0.0421875
0 0.81875 0.2421875 0.06328125 0.053125
0 0.8890625 0.24296875 0.0640625 0.0578125
0 0.96171875 0.25390625 0.0765625 0.06015625
0 0.96640625 0.31953125 0.0671875 0.0578125
0 0.9140625 0.31875 0.0328125 0.0578125
0 0.05859375 0.35234375 0.1171875 0.0765625
0 0.14140625 0.365625 0.04296875 0.03046875
0 0.1828125 0.36484375 0.034375 0.03203125
0 0.5484375 0.56171875 0.0546875 0.06015625
0 0.2265625 0.36796875 0.0359375 0.02734375
0 0.26875 0.36875 0.04296875 0.028125
0 0.31796875 0.3640625 0.03671875 0.03046875
0 0.35390625 0.34375 0.0328125 0.07578125
0 0.4078125 0.3609375 0.0171875 0.0421875
0 0.43359375 0.32734375 0.0375 0.02109375
0 0.434375 0.3609375 0.0296875 0.04296875
0 0.48515625 0.35546875 0.059375 0.0171875
0 0.53203125 0.33828125 0.06484375 0.0140625
0 0.48515625 0.3734375 0.059375 0.0171875
0 0.546875 0.35703125 0.05703125 0.02109375
0 0.54765625 0.3734375 0.05859375 0.0109375
0 0.61171875 0.36015625 0.0578125 0.04140625
0 0.67734375 0.32890625 0.0734375 0.0328125
0 0.759375 0.32734375 0.078125 0.0359375
0 0.25625 0.3390625 0.06640625 0.02421875
0 0.6 0.56171875 0.04296875 0.0578125
0 0.3859375 0.353125 0.02265625 0.05703125
0 0.69375 0.55390625 0.0453125 0.08046875
0 0.48203125 0.246875 0.034375 0.0515625
0 0.44375 0.246875 0.03359375 0.04921875
0 0.40234375 0.24140625 0.04296875 0.059375
0 0.33671875 0.23515625 0.07265625 0.06875
0 0.2765625 0.24765625 0.0453125 0.046875
0 0.23359375 0.25234375 0.03125 0.0359375
0 0.19921875 0.253125 0.03359375 0.03359375
0 0.52265625 0.246875 0.03828125 0.0484375
0 0.646875 0.56171875 0.04609375 0.06171875
0 0.22890625 0.2125 0.0328125 0.04140625
0 0.14609375 0.2375 0.05625 0.065625
0 0.05625 0.2375 0.11171875 0.06796875
0 0.06796875 0.6625 0.13515625 0.0796875
0 0.84296875 0.5015625 0.09296875 0.028125
0 0.7875 0.55703125 0.0328125 0.07109375
0 0.74375 0.55703125 0.04765625 0.07109375
0 0.1953125 0.21328125 0.03203125 0.0421875
0 0.56796875 0.25234375 0.046875 0.040625