0 0.4328125 0.33671875 0.03515625 0.0546875
0 0.471875 0.3375 0.0359375 0.053125
0 0.51015625 0.3390625 0.03984375 0.05
0 0.58203125 0.34140625 0.034375 0.05625
0 0.6546875 0.3359375 0.0265625 0.0546875
0 0.6203125 0.33984375 0.03828125 0.06015625
0 0.6921875 0.33671875 0.04453125 0.05390625
0 0.39609375 0.33828125 0.0390625 0.0515625
0 0.0640625 0.52265625 0.0609375 0.0390625
0 0.3171875 0.34375 0.0421875 0.0515625
0 0.27265625 0.3453125 0.034375 0.04921875
0 0.22890625 0.34296875 0.04140625 0.0421875
0 0.7375 0.33046875 0.03828125 0.05859375
0 0.18515625 0.34453125 0.04296875 0.04765625
0 0.13984375 0.3453125 0.0421875 0.04921875
0 0.09296875 0.34296875 0.03828125 0.05
0 0.04609375 0.34375 0.0515625 0.0515625
0 0.3578125 0.34453125 0.0359375 0.05078125
0 0.778125 0.32734375 0.03828125 0.05859375
0 0.3125 0.571875 0.05625 0.04765625
0 0.87109375 0.33203125 0.046875 0.05390625
0 0.0953125 0.5953125 0.03828125 0.0390625
0 0.14140625 0.57265625 0.05 0.0484375
0 0.19765625 0.57421875 0.0578125 0.0453125
0 0.25390625 0.5734375 0.059375 0.04375
0 0.93828125 0.415625 0.0390625 0.0515625
0 0.37421875 0.57109375 0.065625 0.0453125
0 0.4359375 0.56796875 0.05703125 0.04921875
0 0.496875 0.56875 0.06171875 0.04375
0 0.55625 0.56640625 0.05703125 0.04609375
0 0.61015625 0.56328125 0.040625 0.03671875
0 0.67109375 0.571875 0.0640625 0.03984375
0 0.73125 0.5703125 0.05390625 0.03671875
0 0.79296875 0.565625 0.06015625 0.046875
0 0.05234375 0.26171875 0.053125 0.0484375
0 0.86328125 0.56875 0.06875 0.0390625
0 0.9140625 0.30546875 0.0359375 0.02734375
0 0.9125 0.3375 0.0359375 0.02890625
0 0.825 0.33671875 0.04140625 0.0453125
0 0.90546875 0.41640625 0.0296875 0.05078125
0 0.23671875 0.425 0.025 0.05
0 0.834375 0.41640625 0.0390625 0.0515625
0 0.8296875 0.4953125 0.04453125 0.03515625
0 0.78046875 0.48515625 0.05625 0.0515625
0 0.7359375 0.48828125 0.02421875 0.040625
0 0.69921875 0.49765625 0.04609375 0.040625
0 0.6578125 0.484375 0.0375 0.03359375
0 0.60625 0.49453125 0.0421875 0.03828125
0 0.56328125 0.496875 0.0375 0.0390625
0 0.51328125 0.5 0.0515625 0.04453125
0 0.46640625 0.5046875 0.0421875 0.0390625
0 0.421875 0.5046875 0.05078125 0.0390625
0 0.37734375 0.4984375 0.0375 0.0421875
0 0.33671875 0.50078125 0.04296875 0.0375
0 0.2953125 0.50078125 0.03984375 0.040625
0 0.04921875 0.59609375 0.05078125 0.0359375
0 0.25625 0.49609375 0.03828125 0.05625
0 0.2140625 0.496875 0.0421875 0.0578125
0 0.16953125 0.49453125 0.0390625 0.05
0 0.89453125 0.47890625 0.06796875 0.0328125
0 0.8703125 0.41640625 0.03125 0.05234375
0 0.90625 0.50234375 0.08515625 0.01171875
0 0.128125 0.40546875 0.08125 0.01484375
0 0.79375 0.41484375 0.0421875 0.0484375
0 0.75234375 0.42734375 0.03828125 0.0265625
0 0.71328125 0.4265625 0.0421875 0.0265625
0 0.66328125 0.4203125 0.05625 0.040625
0 0.61171875 0.41953125 0.04453125 0.0390625
0 0.55703125 0.41875 0.0609375 0.03984375
0 0.5015625 0.421875 0.0515625 0.046875
0 0.4515625 0.42265625 0.04921875 0.0453125
0 0.40546875 0.4234375 0.04296875 0.046875
0 0.3609375 0.42421875 0.03984375 0.0484375
0 0.33046875 0.42421875 0.02734375 0.0484375
0 0.30078125 0.4265625 0.0296875 0.04296875
0 0.2640625 0.42578125 0.0234375 0.0484375
0 0.19609375 0.42421875 0.05546875 0.0484375
0 0.1234375 0.4421875 0.09140625 0.01015625
0 0.12109375 0.43125 0.08046875 0.0109375
0 0.11875 0.4203125 0.084375 0.0140625
0 0.92421875 0.56328125 0.04921875 0.05234375
0 0.89453125 0.63046875 0.0453125 0.01953125
0 0.778125 0.71015625 0.07265625 0.03984375
0 0.76953125 0.63515625 0.06171875 0.03515625
0 0.60859375 0.7703125 0.028125 0.040625
0 0.57890625 0.771875 0.02890625 0.03984375
0 0.53203125 0.7703125 0.0375 0.03671875
0 0.4921875 0.77109375 0.0421875 0.0359375
0 0.44921875 0.771875 0.04140625 0.0375
0 0.396875 0.7671875 0.0484375 0.02578125
0 0.39609375 0.790625 0.046875 0.0140625
0 0.35234375 0.77578125 0.0359375 0.03828125
0 0.19375 0.259375 0.0375 0.04765625
0 0.28125 0.25390625 0.04609375 0.05390625
0 0.35234375 0.265625 0.0828125 0.03359375
0 0.43203125 0.26640625 0.065625 0.03359375
0 0.3546875 0.23046875 0.0828125 0.0265625
0 0.434375 0.2296875 0.07734375 0.03046875
0 0.4984375 0.25390625 0.053125 0.05625
0 0.55078125 0.25859375 0.04609375 0.0453125
0 0.615625 0.25625 0.0359375 0.04609375
0 0.67109375 0.784375 0.08671875 0.0171875
0 0.66796875 0.2515625 0.06875 0.0578125
0 0.66875 0.765625 0.084375 0.01875
0 0.76640625 0.7671875 0.01640625 0.034375
0 0.70078125 0.70078125 0.04921875 0.034375
0 0.63671875 0.69765625 0.03984375 0.03046875
0 0.59375 0.696875 0.02890625 0.021875
0 0.55625 0.71015625 0.034375 0.03984375
0 0.521875 0.71484375 0.02890625 0.03984375
0 0.45390625 0.7125 0.03828125 0.0375
0 0.39140625 0.7046875 0.0359375 0.0359375
0 0.3484375 0.70859375 0.04921875 0.0140625
0 0.31953125 0.72265625 0.0421875 0.0125
0 0.303125 0.69609375 0.03515625 0.02421875
0 0.2609375 0.7 0.034375 0.02578125
0 0.19765625 0.71640625 0.04609375 0.0421875
0 0.13984375 0.7140625 0.046875 0.0453125
0 0.94296875 0.7796875 0.08671875 0.04609375
0 0.87578125 0.77265625 0.0375 0.0390625
0 0.83046875 0.771875 0.0421875 0.03984375
0 0.7953125 0.77109375 0.0328125 0.0390625
0 0.7390625 0.77265625 0.0359375 0.0359375
0 0.8359375 0.63515625 0.0546875 0.0375
0 0.72890625 0.25703125 0.03828125 0.04453125
0 0.83125 0.26171875 0.07421875 0.028125
0 0.03046875 0.659375 0.0359375 0.0375
0 0.065625 0.6625 0.0296875 0.0390625
0 0.7828125 0.1578125 0.04609375 0.0609375
0 0.1015625 0.26171875 0.03828125 0.05
0 0.9375 0.15078125 0.06328125 0.065625
0 0.88125 0.15078125 0.04921875 0.06328125
0 0.09765625 0.66171875 0.03359375 0.040625
0 0.146875 0.63359375 0.03828125 0.034375
0 0.19609375 0.65234375 0.05546875 0.03359375
0 0.259375 0.6390625 0.04921875 0.04609375
0 0.3125 0.64296875 0.05234375 0.046875
0 0.3625 0.6390625 0.03125 0.0453125
0 0.4640625 0.64140625 0.06953125 0.04453125
0 0.5390625 0.63359375 0.0578125 0.040625
0 0.60078125 0.63984375 0.06640625 0.053125
0 0.66015625 0.640625 0.05078125 0.0515625
0 0.715625 0.6390625 0.04296875 0.0453125
0 0.90078125 0.7078125 0.04609375 0.046875
0 0.76953125 0.25625 0.03828125 0.04453125
0 0.846875 0.7015625 0.04453125 0.0359375
0 0.05703125 0.76953125 0.04453125 0.02265625
0 0.91640625 0.25703125 0.09375 0.0359375
0 0.10703125 0.15234375 0.0953125 0.0875
0 0.234375 0.1703125 0.0984375 0.0625
0 0.3375 0.165625 0.1046875 0.0703125
0 0.43125 0.15625 0.06640625 0.07421875
0 0.49765625 0.16484375 0.065625 0.05859375
0 0.66015625 0.10703125 0.05625 0.025
0 0.72265625 0.10546875 0.05703125 0.02734375
0 0.5578125 0.15859375 0.05546875 0.0640625
0 0.6078125 0.15390625 0.0453125 0.0765625
0 0.6609375 0.1578125 0.05390625 0.06875
0 0.72421875 0.15625 0.06484375 0.07109375
0 0.31640625 0.778125 0.0390625 0.034375
0 0.28046875 0.771875 0.0296875 0.03671875
0 0.22734375 0.7765625 0.05 0.03125
0 0.1671875 0.7796875 0.05625 0.03671875
0 0.07109375 0.73984375 0.05078125 0.021875
0 0.1125 0.77265625 0.046875 0.0234375
0 0.83046875 0.1546875 0.046875 0.0703125
0 0.1515625 0.26015625 0.04609375 0.046875