0 0.17109375 0.08671875 0.04296875 0.0703125
0 0.87109375 0.4890625 0.06328125 0.08046875
0 0.23125 0.69609375 0.05234375 0.0390625
0 0.22734375 0.65546875 0.06015625 0.0375
0 0.328125 0.69609375 0.05625 0.0328125
0 0.33203125 0.66171875 0.04765625 0.025
0 0.38671875 0.66953125 0.05859375 0.03125
0 0.3859375 0.69921875 0.05859375 0.0265625
0 0.44453125 0.6984375 0.05625 0.02890625
0 0.44375 0.66796875 0.053125 0.03125
0 0.50625 0.68203125 0.05546875 0.05546875
0 0.565625 0.6828125 0.0609375 0.0546875
0 0.6265625 0.6796875 0.05625 0.05625
0 0.171875 0.696875 0.0609375 0.040625
0 0.86015625 0.6796875 0.09296875 0.05546875
0 0.740625 0.740625 0.09453125 0.06796875
0 0.8921875 0.584375 0.09140625 0.09609375
0 0.7921875 0.4984375 0.090625 0.08671875
0 0.79140625 0.58515625 0.084375 0.08515625
0 0.70234375 0.590625 0.08671875 0.0890625
0 0.696875 0.5015625 0.0703125 0.08515625
0 0.89765625 0.39296875 0.09765625 0.06328125
0 0.89921875 0.32890625 0.0953125 0.0625
0 0.8015625 0.3953125 0.08984375 0.06328125
0 0.70625 0.3953125 0.08984375 0.05703125
0 0.68671875 0.33359375 0.1 0.0609375
0 0.8625 0.7421875 0.09453125 0.06953125
0 0.60078125 0.34375 0.04140625 0.078125
0 0.16796875 0.65546875 0.0546875 0.03984375
0 0.115625 0.6734375 0.0453125 0.05859375
0 0.9046875 0.89453125 0.053125 0.05
0 0.846875 0.8953125 0.04765625 0.04921875
0 0.90859375 0.83671875 0.0578125 0.0609375
0 0.85078125 0.8359375 0.05546875 0.065625
0 0.71484375 0.875 0.06796875 0.08828125
0 0.64140625 0.88515625 0.07578125 0.07890625
0 0.565625 0.88671875 0.071875 0.08671875
0 0.4921875 0.8828125 0.0671875 0.090625
0 0.4234375 0.884375 0.0640625 0.08671875
0 0.35859375 0.8859375 0.0609375 0.08359375
0 0.29765625 0.88125 0.0578125 0.08515625
0 0.05546875 0.68359375 0.05703125 0.06640625
0 0.23515625 0.88359375 0.065625 0.08203125
0 0.10625 0.88671875 0.0609375 0.08203125
0 0.64609375 0.7734375 0.04296875 0.08671875
0 0.52109375 0.7765625 0.046875 0.08046875
0 0.47421875 0.77578125 0.04453125 0.08359375
0 0.4296875 0.77578125 0.040625 0.08359375
0 0.3859375 0.77734375 0.0453125 0.08671875
0 0.3390625 0.77734375 0.04296875 0.08828125
0 0.29609375 0.78359375 0.03984375 0.0765625
0 0.2546875 0.78671875 0.0453125 0.078125
0 0.1703125 0.790625 0.04921875 0.07890625
0 0.04375 0.78671875 0.0515625 0.07578125
0 0.16796875 0.88671875 0.0609375 0.08359375
0 0.51015625 0.3421875 0.0625 0.08203125
0 0.8 0.33046875 0.0953125 0.06171875
0 0.37109375 0.34140625 0.059375 0.08359375
0 0.7015625 0.02890625 0.08515625 0.05703125
0 0.76171875 0.07109375 0.0359375 0.0765625
0 0.4421875 0.34140625 0.06015625 0.08671875
0 0.63203125 0.071875 0.05390625 0.02734375
0 0.63125 0.1 0.0515625 0.02734375
0 0.5765625 0.07421875 0.04453125 0.0765625
0 0.52578125 0.10390625 0.0515625 0.01796875
0 0.5265625 0.08203125 0.0484375 0.02265625
0 0.4703125 0.10703125 0.05859375 0.01484375
0 0.4671875 0.08984375 0.053125 0.0171875
0 0.52890625 0.05703125 0.05 0.02421875
0 0.47265625 0.06640625 0.0484375 0.028125
0 0.4078125 0.103125 0.05625 0.02421875
0 0.4078125 0.07578125 0.0546875 0.028125
0 0.353125 0.10625 0.04921875 0.02109375
0 0.3515625 0.0828125 0.0515625 0.02421875
0 0.35 0.0578125 0.0515625 0.025
0 0.3625 0.0296875 0.0546875 0.03046875
0 0.2875 0.09765625 0.059375 0.03828125
0 0.29453125 0.0578125 0.0546875 0.0359375
0 0.2203125 0.103125 0.04921875 0.03515625
0 0.22109375 0.06953125 0.05234375 0.0296875
0 0.040625 0.0859375 0.04609375 0.07421875
0 0.0859375 0.0859375 0.03671875 0.07265625
0 0.128125 0.08515625 0.0421875 0.071875
0 0.83203125 0.04140625 0.08671875 0.025
0 0.82578125 0.06796875 0.08359375 0.02734375
0 0.7015625 0.0859375 0.08203125 0.05078125
0 0.89375 0.06328125 0.03359375 0.090625
0 0.30234375 0.34296875 0.0578125 0.0875
0 0.22109375 0.33671875 0.08828125 0.09765625
0 0.12734375 0.34140625 0.08046875 0.09296875
0 0.05546875 0.34453125 0.0578125 0.084375
0 0.18359375 0.1859375 0.03828125 0.04765625
0 0.15390625 0.2421875 0.0421875 0.0625
0 0.8296875 0.09609375 0.0796875 0.02578125
0 0.23828125 0.25 0.04375 0.0453125
0 0.2796875 0.184375 0.04140625 0.05078125
0 0.32109375 0.184375 0.03515625 0.0515625
0 0.2796875 0.24453125 0.03828125 0.0609375
0 0.196875 0.25703125 0.0375 0.03359375
0 0.36875 0.23671875 0.05625 0.06875
0 0.925 0.0671875 0.02734375 0.08046875
0 0.3203125 0.2421875 0.040625 0.06015625
0 0.98828125 0.22265625 0.0234375 0.0765625
0 0.94453125 0.2234375 0.05703125 0.07890625
0 0.840625 0.23671875 0.05 0.059375
0 0.96953125 0.06171875 0.0609375 0.0890625
0 0.62265625 0.23515625 0.04765625 0.07265625
0 0.53828125 0.240625 0.046875 0.05625
0 0.48046875 0.23125 0.05390625 0.08125
0 0.42578125 0.23203125 0.05546875 0.078125
0 0.78828125 0.2375 0.05078125 0.06015625