0 0.1234375 0.63125 0.05625 0.03515625
0 0.25390625 0.678125 0.06640625 0.0390625
0 0.12578125 0.6765625 0.05546875 0.04296875
0 0.3578125 0.91640625 0.0578125 0.03828125
0 0.35703125 0.86953125 0.0578125 0.0515625
0 0.29375 0.9171875 0.05078125 0.04296875
0 0.2921875 0.86796875 0.05390625 0.046875
0 0.23125 0.85546875 0.0578125 0.0125
0 0.22890625 0.925 0.0546875 0.0296875
0 0.2265625 0.88671875 0.05859375 0.0421875
0 0.16875 0.92109375 0.0546875 0.03671875
0 0.16640625 0.8796875 0.06015625 0.04140625
0 0.10625 0.92421875 0.059375 0.03046875
0 0.10390625 0.8796875 0.059375 0.046875
0 0.0390625 0.91796875 0.05703125 0.0328125
0 0.415625 0.86953125 0.05390625 0.05078125
0 0.0375 0.87734375 0.06328125 0.0453125
0 0.903125 0.7765625 0.0609375 0.08125
0 0.834375 0.7765625 0.06171875 0.0765625
0 0.75078125 0.803125 0.0828125 0.0328125
0 0.759375 0.76484375 0.0796875 0.03671875
0 0.665625 0.80078125 0.08203125 0.03984375
0 0.665625 0.75859375 0.08203125 0.04296875
0 0.57578125 0.79921875 0.08984375 0.034375
0 0.575 0.7515625 0.0859375 0.04140625
0 0.484375 0.790625 0.08984375 0.040625
0 0.484375 0.7484375 0.0875 0.0375
0 0.39375 0.784375 0.06171875 0.04765625
0 0.32890625 0.790625 0.0546875 0.03984375
0 0.96875 0.77578125 0.05703125 0.0703125
0 0.41640625 0.9234375 0.05859375 0.04140625
0 0.47890625 0.85859375 0.06015625 0.034375
0 0.48125 0.8953125 0.05546875 0.03671875
0 0.0640625 0.678125 0.06796875 0.04140625
0 0.06953125 0.746875 0.06015625 0.0359375
0 0.1359375 0.7484375 0.06953125 0.03359375
0 0.203125 0.74765625 0.05234375 0.0390625
0 0.20859375 0.790625 0.06328125 0.0359375
0 0.14453125 0.790625 0.06484375 0.03671875
0 0.94375 0.9375 0.0578125 0.0328125
0 0.94921875 0.89765625 0.0640625 0.03515625
0 0.94921875 0.8640625 0.06328125 0.028125
0 0.87421875 0.93515625 0.0546875 0.03671875
0 0.88515625 0.8640625 0.06171875 0.03203125
0 0.8109375 0.9328125 0.0515625 0.034375
0 0.81484375 0.8953125 0.06640625 0.0328125
0 0.8140625 0.86015625 0.06484375 0.02890625
0 0.73828125 0.93984375 0.05234375 0.028125
0 0.74453125 0.903125 0.06953125 0.03671875
0 0.74609375 0.86484375 0.06015625 0.0359375
0 0.67421875 0.93359375 0.05546875 0.03046875
0 0.67734375 0.89765625 0.0609375 0.03203125
0 0.67734375 0.86328125 0.06171875 0.03046875
0 0.6125 0.9265625 0.0625 0.02890625
0 0.61015625 0.89140625 0.06328125 0.03671875
0 0.60859375 0.859375 0.0609375 0.0296875
0 0.54609375 0.928125 0.06484375 0.03359375
0 0.54296875 0.89453125 0.0609375 0.03125
0 0.54375 0.8609375 0.0578125 0.0328125
0 0.4765625 0.9296875 0.07109375 0.03046875
0 0.059375 0.63125 0.07421875 0.0359375
0 0.88125 0.89765625 0.0609375 0.03203125
0 0.2734375 0.77890625 0.0515625 0.0625
0 0.4015625 0.7171875 0.04140625 0.0359375
0 0.59140625 0.2640625 0.0609375 0.0453125
0 0.66328125 0.265625 0.065625 0.04140625
0 0.7390625 0.26171875 0.075 0.04296875
0 0.52109375 0.309375 0.07578125 0.03671875
0 0.51953125 0.2625 0.06875 0.05390625
0 0.4390625 0.26328125 0.06953125 0.04765625
0 0.43984375 0.30859375 0.07109375 0.04296875
0 0.32578125 0.24921875 0.15234375 0.05859375
0 0.32890625 0.30703125 0.13828125 0.05
0 0.21953125 0.31015625 0.07578125 0.04609375
0 0.59765625 0.309375 0.06484375 0.03828125
0 0.2109375 0.2484375 0.0703125 0.05703125
0 0.06953125 0.29140625 0.06875 0.08046875
0 0.96796875 0.40234375 0.05703125 0.059375
0 0.9671875 0.44765625 0.0546875 0.0296875
0 0.89921875 0.44765625 0.06875 0.03359375
0 0.89765625 0.39921875 0.06796875 0.059375
0 0.8234375 0.3953125 0.06328125 0.0640625
0 0.8171875 0.446875 0.0765625 0.02890625
0 0.74375 0.3984375 0.0859375 0.04140625
0 0.73359375 0.44375 0.08046875 0.0421875
0 0.65234375 0.4453125 0.06875 0.03828125
0 0.1328125 0.29140625 0.059375 0.0796875
0 0.66484375 0.30859375 0.06953125 0.03828125
0 0.7390625 0.30859375 0.0703125 0.0375
0 0.8984375 0.3125 0.084375 0.03203125
0 0.05234375 0.1453125 0.0671875 0.09375
0 0.12265625 0.1453125 0.06796875 0.09375
0 0.20078125 0.16328125 0.0734375 0.05078125
0 0.278125 0.1625 0.07890625 0.04921875
0 0.353125 0.16640625 0.06796875 0.05703125
0 0.19296875 0.1 0.07265625 0.06796875
0 0.26796875 0.1 0.071875 0.065625
0 0.34609375 0.09609375 0.0734375 0.07109375
0 0.4375 0.1703125 0.084375 0.04375
0 0.5296875 0.16953125 0.0984375 0.0421875
0 0.6234375 0.16484375 0.078125 0.0421875
0 0.7046875 0.16328125 0.0859375 0.04296875
0 0.4390625 0.11640625 0.10078125 0.05234375
0 0.5390625 0.115625 0.0953125 0.0546875
0 0.62890625 0.11015625 0.0734375 0.0515625
0 0.709375 0.11171875 0.08203125 0.05078125
0 0.778125 0.10859375 0.05234375 0.04921875
0 0.775 0.1625 0.04921875 0.04609375
0 0.8453125 0.1125 0.0734375 0.06875
0 0.92578125 0.1125 0.0734375 0.0703125
0 0.8984375 0.26171875 0.071875 0.06171875
0 0.821875 0.2640625 0.08125 0.0546875
0 0.81328125 0.3109375 0.07578125 0.0296875
0 0.66171875 0.403125 0.07578125 0.03828125
0 0.5828125 0.44609375 0.053125 0.03671875
0 0.58515625 0.4 0.0578125 0.04140625
0 0.51796875 0.4 0.0703125 0.04140625
0 0.23984375 0.5125 0.05625 0.0484375
0 0.1765625 0.5625 0.0609375 0.0453125
0 0.171875 0.51328125 0.059375 0.0453125
0 0.109375 0.56171875 0.0625 0.04296875
0 0.1046875 0.51328125 0.0609375 0.046875
0 0.04296875 0.5609375 0.0578125 0.03984375
0 0.03515625 0.515625 0.059375 0.046875
0 0.94921875 0.67265625 0.06953125 0.06796875
0 0.8765625 0.67109375 0.0703125 0.075
0 0.80390625 0.66953125 0.05703125 0.0765625
0 0.734375 0.6875 0.0671875 0.04140625
0 0.73203125 0.64453125 0.06171875 0.0421875
0 0.65390625 0.6453125 0.06328125 0.03671875
0 0.659375 0.684375 0.0734375 0.03984375
0 0.56484375 0.6890625 0.096875 0.0375
0 0.559375 0.64375 0.0859375 0.05
0 0.46953125 0.6859375 0.08828125 0.0359375
0 0.46796875 0.6390625 0.08359375 0.05390625
0 0.08203125 0.78984375 0.0578125 0.0359375
0 0.2515625 0.63359375 0.0640625 0.04296875
0 0.18828125 0.67734375 0.06328125 0.04375
0 0.18671875 0.634375 0.06015625 0.03984375
0 0.378125 0.66875 0.04296875 0.0609375
0 0.246875 0.56171875 0.06796875 0.04296875
0 0.33671875 0.72734375 0.05 0.03984375
0 0.34609375 0.559375 0.11953125 0.05234375
0 0.459375 0.521875 0.09453125 0.04375
0 0.5125 0.44375 0.07421875 0.03984375
0 0.4359375 0.44375 0.06875 0.03828125
0 0.440625 0.4 0.078125 0.04140625
0 0.334375 0.38828125 0.128125 0.04921875
0 0.3296875 0.4421875 0.1234375 0.04375
0 0.23125 0.440625 0.07421875 0.0484375
0 0.22109375 0.38671875 0.07578125 0.04296875
0 0.15 0.42421875 0.053125 0.07578125
0 0.08671875 0.425 0.0734375 0.0734375
0 0.02421875 0.421875 0.0453125 0.078125
0 0.3375 0.50859375 0.1234375 0.03828125
0 0.96328125 0.528125 0.06328125 0.0609375
0 0.88515625 0.56953125 0.0796875 0.0328125
0 0.8078125 0.57265625 0.065625 0.03515625
0 0.80703125 0.5203125 0.065625 0.05390625
0 0.73359375 0.56953125 0.07421875 0.03671875
0 0.73359375 0.52734375 0.071875 0.03984375
0 0.659375 0.56796875 0.065625 0.03515625
0 0.653125 0.5265625 0.06484375 0.04140625
0 0.5609375 0.5203125 0.1015625 0.04375
0 0.565625 0.5671875 0.09609375 0.03984375
0 0.4625 0.56640625 0.0953125 0.0375
0 0.88203125 0.5203125 0.06484375 0.0625