0 0.9828125 0.5734375 0.03359375 0.13359375
0 0.22734375 0.74765625 0.0125 0.04609375
0 0.2703125 0.81171875 0.0109375 0.0390625
0 0.31640625 0.80625 0.0171875 0.05078125
0 0.29921875 0.79453125 0.01171875 0.04375
0 0.28359375 0.78515625 0.01328125 0.05
0 0.2578125 0.8046875 0.0140625 0.04375
0 0.2421875 0.7953125 0.01015625 0.04296875
0 0.22890625 0.86640625 0.0109375 0.03984375
0 0.22734375 0.8265625 0.01171875 0.03125
0 0.21484375 0.85625 0.01171875 0.040625
0 0.21328125 0.81953125 0.00859375 0.03359375
0 0.20078125 0.84375 0.009375 0.0390625
0 0.18671875 0.83203125 0.00859375 0.03125
0 0.2015625 0.80703125 0.009375 0.02578125
0 0.21171875 0.73984375 0.01328125 0.0453125
0 0.18671875 0.79453125 0.009375 0.0296875
0 0.14375 0.79453125 0.015625 0.0296875
0 0.1875 0.72265625 0.01640625 0.04140625
0 0.16640625 0.778125 0.02421875 0.0265625
0 0.1421875 0.7578125 0.01640625 0.0359375
0 0.228125 0.7921875 0.01328125 0.0296875
0 0.2125 0.78203125 0.01015625 0.03203125
0 0.2015625 0.7765625 0.01015625 0.02265625
0 0.18984375 0.76015625 0.0125 0.03046875
0 0.171875 0.74765625 0.009375 0.03203125
0 0.159375 0.74375 0.009375 0.02421875
0 0.140625 0.721875 0.01171875 0.02109375
0 0.12734375 0.721875 0.00859375 0.0171875
0 0.11875 0.709375 0.0078125 0.02265625
0 0.16796875 0.81640625 0.0203125 0.0390625
0 0.1625 0.7046875 0.02578125 0.040625
0 0.47109375 0.759375 0.01640625 0.10625
0 0.1234375 0.68203125 0.009375 0.028125
0 0.5703125 0.334375 0.02890625 0.16328125
0 0.540625 0.33828125 0.0265625 0.1578125
0 0.5140625 0.33984375 0.02265625 0.15234375
0 0.48828125 0.3421875 0.0265625 0.14609375
0 0.4578125 0.34296875 0.0296875 0.13828125
0 0.42578125 0.346875 0.02578125 0.128125
0 0.40078125 0.34921875 0.01875 0.11796875
0 0.3796875 0.3515625 0.01953125 0.1203125
0 0.5328125 0.09375 0.1140625 0.17734375
0 0.42734375 0.13046875 0.07734375 0.1828125
0 0.35 0.1578125 0.07109375 0.13828125
0 0.28515625 0.1828125 0.05 0.1421875
0 0.23125 0.20859375 0.053125 0.121875
0 0.57109375 0.803125 0.0171875 0.13046875
0 0.5515625 0.79296875 0.01875 0.115625
0 0.53203125 0.784375 0.01484375 0.125
0 0.60703125 0.33203125 0.034375 0.1625
0 0.51484375 0.778125 0.015625 0.11171875
0 0.49921875 0.77265625 0.0140625 0.10859375
0 0.48515625 0.76484375 0.0125 0.1203125
0 0.28515625 0.83203125 0.01171875 0.034375
0 0.45390625 0.72734375 0.01484375 0.10390625
0 0.440625 0.7203125 0.0109375 0.0890625
0 0.42578125 0.7171875 0.015625 0.09453125
0 0.98125 0.70390625 0.0375 0.115625
0 0.94453125 0.70390625 0.03046875 0.11640625
0 0.9109375 0.68671875 0.03046875 0.12265625
0 0.8765625 0.678125 0.0296875 0.115625
0 0.84453125 0.67265625 0.02734375 0.11015625
0 0.1375 0.6890625 0.01796875 0.04375
0 0.94609375 0.57734375 0.03203125 0.12109375
0 0.3015625 0.83984375 0.01015625 0.02890625
0 0.2421875 0.8375 0.01328125 0.03515625
0 0.46640625 0.5125 0.01640625 0.07109375
0 0.484375 0.51171875 0.01875 0.0734375
0 0.425 0.58125 0.0140625 0.06640625
0 0.4375 0.58203125 0.01171875 0.06484375
0 0.45078125 0.58515625 0.00859375 0.071875
0 0.46484375 0.58984375 0.0171875 0.06875
0 0.51875 0.5125 0.015625 0.07734375
0 0.534375 0.51484375 0.0125 0.0796875
0 0.5484375 0.515625 0.0140625 0.0828125
0 0.5640625 0.51875 0.015625 0.0796875
0 0.321875 0.85546875 0.015625 0.03515625
0 0.58046875 0.51875 0.01328125 0.08203125
0 0.596875 0.52421875 0.015625 0.0765625
0 0.61328125 0.52109375 0.01484375 0.08671875
0 0.63125 0.525 0.015625 0.0859375
0 0.45078125 0.51015625 0.01171875 0.075
0 0.43828125 0.50859375 0.0125 0.07265625
0 0.42421875 0.50859375 0.01171875 0.06953125
0 0.9703125 0.325 0.04375 0.178125
0 0.3109375 0.36015625 0.01640625 0.1171875
0 0.33046875 0.35859375 0.01875 0.115625
0 0.14453125 0.50625 0.00859375 0.06484375
0 0.15390625 0.50546875 0.0078125 0.06328125
0 0.17265625 0.528125 0.02265625 0.028125
0 0.17734375 0.49765625 0.015625 0.0296875
0 0.19140625 0.49765625 0.0109375 0.02734375
0 0.65078125 0.52890625 0.0171875 0.09140625
0 0.196875 0.46875 0.01328125 0.0296875
0 0.2453125 0.51328125 0.0109375 0.025
0 0.64921875 0.33359375 0.0421875 0.15234375
0 0.70859375 0.3421875 0.0421875 0.1421875
0 0.75 0.32265625 0.034375 0.184375
0 0.78359375 0.31484375 0.0296875 0.1953125
0 0.82109375 0.31953125 0.03671875 0.196875
0 0.91484375 0.303125 0.05 0.22421875
0 0.2328125 0.5125 0.0125 0.02421875
0 0.67109375 0.53359375 0.01875 0.09375
0 0.690625 0.5328125 0.01796875 0.09140625
0 0.71484375 0.54140625 0.02421875 0.1
0 0.21484375 0.640625 0.0078125 0.06953125
0 0.20703125 0.634375 0.00625 0.07109375
0 0.196875 0.63125 0.0078125 0.0734375
0 0.1828125 0.6234375 0.0140625 0.065625
0 0.16796875 0.62109375 0.01328125 0.071875
0 0.315625 0.55703125 0.0109375 0.0484375
0 0.303125 0.55625 0.00859375 0.046875
0 0.2265625 0.64609375 0.0125 0.06328125
0 0.3109375 0.49453125 0.01015625 0.065625
0 0.28046875 0.51015625 0.0125 0.0484375
0 0.278125 0.5515625 0.01015625 0.0328125
0 0.26015625 0.54921875 0.01953125 0.03515625
0 0.24453125 0.54453125 0.0109375 0.028125
0 0.23125 0.54375 0.0140625 0.0296875
0 0.26796875 0.50859375 0.01015625 0.04296875
0 0.25625 0.509375 0.01015625 0.0390625
0 0.30078125 0.49453125 0.00859375 0.06484375
0 0.2921875 0.36171875 0.01875 0.1171875
0 0.24453125 0.6453125 0.0109375 0.0765625
0 0.26875 0.65078125 0.01171875 0.0703125
0 0.73984375 0.54296875 0.0203125 0.0984375
0 0.76328125 0.54375 0.02265625 0.1046875
0 0.78984375 0.54609375 0.02734375 0.1
0 0.81796875 0.55234375 0.028125 0.10859375
0 0.85 0.55234375 0.0265625 0.1078125
0 0.88203125 0.55859375 0.02578125 0.11484375
0 0.91015625 0.56328125 0.02578125 0.109375
0 0.25625 0.64921875 0.009375 0.06875
0 0.1140625 0.6765625 0.00703125 0.03828125
0 0.09765625 0.4265625 0.025 0.04765625
0 0.66328125 0.078125 0.13203125 0.14765625
0 0.4 0.69375 0.0140625 0.06953125
0 0.38203125 0.6953125 0.01640625 0.0734375
0 0.3125 0.6796875 0.0109375 0.0859375
0 0.3 0.675 0.0125 0.08125
0 0.28828125 0.6734375 0.00859375 0.0828125
0 0.090625 0.578125 0.02109375 0.05234375
0 0.2765625 0.36484375 0.0125 0.1078125
0 0.86953125 0.31484375 0.03203125 0.19921875
0 0.2484375 0.36328125 0.01015625 0.10546875
0 0.4515625 0.95390625 0.02265625 0.0421875
0 0.425 0.93203125 0.01640625 0.03671875
0 0.4015625 0.91796875 0.015625 0.0375
0 0.37890625 0.89921875 0.01953125 0.04296875
0 0.35859375 0.88359375 0.01171875 0.040625
0 0.54453125 0.953125 0.03515625 0.08125
0 0.509375 0.9359375 0.028125 0.07890625
0 0.4796875 0.9125 0.0265625 0.07734375
0 0.45 0.89375 0.02578125 0.06875
0 0.42265625 0.871875 0.02109375 0.065625
0 0.4 0.86015625 0.01953125 0.0671875
0 0.37890625 0.84375 0.02421875 0.06328125
0 0.353125 0.82734375 0.021875 0.06015625
0 0.53515625 0.590625 0.01015625 0.06953125
0 0.65234375 0.63046875 0.01875 0.09140625
0 0.48125 0.97578125 0.01875 0.0390625
0 0.35703125 0.93046875 0.0171875 0.04296875
0 0.38203125 0.9484375 0.02109375 0.04453125
0 0.40234375 0.9625 0.0171875 0.04609375
0 0.5484375 0.59453125 0.015625 0.0671875
0 0.56484375 0.60078125 0.0125 0.078125
0 0.57890625 0.6015625 0.0125 0.07734375
0 0.59375 0.60625 0.0125 0.0796875
0 0.61328125 0.62421875 0.01953125 0.09375
0 0.50234375 0.584375 0.0171875 0.0734375
0 0.48359375 0.5875 0.0171875 0.06875
0 0.67734375 0.6375 0.01953125 0.09140625
0 0.40703125 0.571875 0.01484375 0.07265625
0 0.3828125 0.56875 0.0109375 0.06796875
0 0.3703125 0.56484375 0.0125 0.07265625
0 0.37890625 0.9859375 0.0140625 0.028125
0 0.35859375 0.9765625 0.01953125 0.0359375
0 0.6328125 0.62578125 0.01796875 0.09609375
0 0.26171875 0.36328125 0.01484375 0.10625
0 0.4234375 0.97578125 0.01796875 0.04296875
0 0.39375 0.57109375 0.01015625 0.0734375
0 0.73984375 0.6421875 0.01953125 0.090625
0 0.325 0.95 0.0171875 0.04296875
0 0.7859375 0.646875 0.01953125 0.09375
0 0.2890625 0.87578125 0.01484375 0.0390625
0 0.76171875 0.64765625 0.01953125 0.0875
0 0.2703125 0.85859375 0.01171875 0.04453125
0 0.25546875 0.89140625 0.01328125 0.0375
0 0.24140625 0.8796875 0.01171875 0.04296875
0 0.25703125 0.8515625 0.0125 0.0328125
0 0.11875 0.25546875 0.0546875 0.0703125
0 0.30390625 0.88828125 0.01015625 0.03984375
0 0.0765625 0.26875 0.0265625 0.0734375
0 0.13359375 0.3734375 0.0171875 0.08828125
0 0.14921875 0.37109375 0.0140625 0.08671875
0 0.165625 0.3703125 0.01484375 0.0859375
0 0.18203125 0.36796875 0.015625 0.090625
0 0.1984375 0.36875 0.01640625 0.0921875
0 0.21640625 0.36796875 0.0171875 0.09609375
0 0.234375 0.36640625 0.015625 0.1
0 0.0484375 0.28046875 0.02578125 0.07265625
0 0.3234375 0.9015625 0.01484375 0.0421875
0 0.521875 0.59140625 0.01484375 0.07265625
0 0.28671875 0.91484375 0.01328125 0.03671875
0 0.58984375 0.8109375 0.01875 0.1203125
0 0.60859375 0.81953125 0.01796875 0.1359375
0 0.62890625 0.828125 0.02109375 0.12578125
0 0.65078125 0.840625 0.0171875 0.1421875
0 0.81328125 0.66953125 0.028125 0.109375
0 0.67265625 0.84921875 0.02265625 0.1484375
0 0.696875 0.85703125 0.0265625 0.13359375
0 0.721875 0.87421875 0.02109375 0.15625
0 0.74765625 0.88046875 0.0234375 0.1453125
0 0.7734375 0.89375 0.02421875 0.1640625
0 0.271875 0.9046875 0.015625 0.040625
0 0.30390625 0.934375 0.01796875 0.03828125
0 0.83203125 0.9171875 0.028125 0.16484375
0 0.865625 0.9234375 0.034375 0.15078125
0 0.90078125 0.93046875 0.0328125 0.1390625
0 0.93828125 0.93984375 0.0390625 0.1203125
0 0.8015625 0.909375 0.028125 0.1453125