0 0.96796875 0.446875 0.05625 0.0625
0 0.678125 0.5234375 0.06796875 0.0765625
0 0.8609375 0.51640625 0.0734375 0.0890625
0 0.7640625 0.5171875 0.08828125 0.09296875
0 0.85859375 0.61953125 0.07265625 0.0859375
0 0.18671875 0.51171875 0.084375 0.07421875
0 0.52578125 0.515625 0.06171875 0.08359375
0 0.42265625 0.53828125 0.084375 0.0859375
0 0.3203125 0.5203125 0.0984375 0.08515625
0 0.97578125 0.4984375 0.0484375 0.028125
0 0.6015625 0.52578125 0.05546875 0.090625
0 0.96484375 0.553125 0.06015625 0.05078125
0 0.66640625 0.9140625 0.05078125 0.0703125
0 0.959375 0.7140625 0.075 0.05703125
0 0.9546875 0.778125 0.06796875 0.0515625
0 0.1890625 0.9421875 0.05703125 0.06171875
0 0.25234375 0.93125 0.0578125 0.07890625
0 0.3109375 0.93203125 0.053125 0.075
0 0.365625 0.928125 0.05390625 0.08046875
0 0.42734375 0.92109375 0.0515625 0.084375
0 0.48515625 0.92109375 0.05390625 0.06875
0 0.5453125 0.925 0.05078125 0.0609375
0 0.60390625 0.92265625 0.05546875 0.0546875
0 0.73984375 0.9015625 0.071875 0.0640625
0 0.834375 0.9015625 0.084375 0.075
0 0.78046875 0.6265625 0.06484375 0.0859375
0 0.9609375 0.6453125 0.05546875 0.0515625
0 0.20625 0.3046875 0.11953125 0.0890625
0 0.28203125 0.7296875 0.07890625 0.06875
0 0.69375 0.62421875 0.0796875 0.084375
0 0.08125 0.9125 0.10859375 0.06484375
0 0.09765625 0.7296875 0.06796875 0.1
0 0.02890625 0.72734375 0.05078125 0.1015625
0 0.0421875 0.5578125 0.08203125 0.0859375
0 0.05859375 0.38671875 0.11640625 0.11875
0 0.05625 0.2140625 0.11015625 0.128125
0 0.328125 0.425 0.090625 0.0890625
0 0.44296875 0.4359375 0.07578125 0.08046875
0 0.5234375 0.4234375 0.07734375 0.075
0 0.2828125 0.82109375 0.08984375 0.090625
0 0.6078125 0.4296875 0.059375 0.08203125
0 0.7609375 0.4203125 0.0703125 0.0765625
0 0.86875 0.4171875 0.0703125 0.07890625
0 0.87578125 0.3140625 0.09296875 0.090625
0 0.78671875 0.31875 0.07890625 0.084375
0 0.70078125 0.31640625 0.06875 0.08125
0 0.60703125 0.3140625 0.07734375 0.0859375
0 0.5265625 0.315625 0.07578125 0.0890625
0 0.43828125 0.32109375 0.08203125 0.0921875
0 0.334375 0.309375 0.1 0.0921875
0 0.684375 0.4296875 0.06171875 0.0765625
0 0.36484375 0.8609375 0.04765625 0.015625
0 0.21640625 0.415625 0.0859375 0.090625
0 0.47578125 0.83828125 0.06171875 0.0640625
0 0.53359375 0.62734375 0.07109375 0.071875
0 0.453125 0.63203125 0.06796875 0.0828125
0 0.41875 0.8625 0.04609375 0.015625
0 0.28125 0.63125 0.07734375 0.0921875
0 0.196875 0.59921875 0.07265625 0.084375
0 0.18359375 0.6859375 0.08046875 0.08828125
0 0.37421875 0.72421875 0.06953125 0.078125
0 0.45234375 0.725 0.06640625 0.071875
0 0.5234375 0.7203125 0.0609375 0.08359375
0 0.603125 0.7359375 0.0859375 0.06796875
0 0.36640625 0.625 0.06875 0.07421875
0 0.7484375 0.73359375 0.06328125 0.090625
0 0.84375 0.7328125 0.08828125 0.09765625
0 0.83984375 0.83984375 0.05390625 0.0234375
0 0.78515625 0.84375 0.046875 0.0265625
0 0.72421875 0.83046875 0.05 0.05
0 0.66171875 0.83203125 0.0515625 0.046875
0 0.5984375 0.8390625 0.05546875 0.046875
0 0.60078125 0.7890625 0.090625 0.03125
0 0.5359375 0.8515625 0.04140625 0.0296875
0 0.68359375 0.73203125 0.04921875 0.078125