0 0.05625 0.065625 0.0421875 0.1078125
0 0.365625 0.315625 0.04296875 0.1046875
0 0.321875 0.3171875 0.0390625 0.11015625
0 0.2078125 0.334375 0.046875 0.1046875
0 0.1296875 0.32890625 0.0421875 0.10234375
0 0.0734375 0.3296875 0.0421875 0.10234375
0 0.0328125 0.32890625 0.03125 0.10546875
0 0.1015625 0.0625 0.0390625 0.1125
0 0.6890625 0.1921875 0.04609375 0.1125
0 0.63984375 0.19296875 0.04609375 0.10625
0 0.59296875 0.19140625 0.04375 0.11015625
0 0.5484375 0.1890625 0.04296875 0.10625
0 0.50078125 0.19921875 0.03828125 0.08515625
0 0.45703125 0.2015625 0.04609375 0.08515625
0 0.409375 0.19921875 0.03515625 0.078125
0 0.36640625 0.2 0.0484375 0.08515625
0 0.31953125 0.19765625 0.040625 0.090625
0 0.2 0.2 0.0515625 0.1078125
0 0.14765625 0.2015625 0.03984375 0.11015625
0 0.10859375 0.1984375 0.03203125 0.11328125
0 0.0640625 0.19921875 0.05625 0.11015625
0 0.015625 0.20078125 0.03046875 0.109375
0 0.97265625 0.0453125 0.04609375 0.08828125
0 0.92265625 0.0484375 0.040625 0.0953125
0 0.87734375 0.05234375 0.03984375 0.08828125
0 0.74296875 0.07421875 0.0328125 0.06875
0 0.70078125 0.075 0.04609375 0.0671875
0 0.65390625 0.07109375 0.03984375 0.0703125
0 0.409375 0.31640625 0.0390625 0.10625
0 0.45 0.31796875 0.04140625 0.10390625
0 0.4953125 0.31875 0.0421875 0.10859375
0 0.446875 0.65859375 0.03515625 0.0859375
0 0.5671875 0.7578125 0.04921875 0.08671875
0 0.61484375 0.7578125 0.04609375 0.08671875
0 0.6671875 0.75859375 0.0515625 0.08515625
0 0.79609375 0.74140625 0.06640625 0.08203125
0 0.871875 0.73828125 0.08046875 0.0734375
0 0.95 0.74296875 0.06328125 0.0703125
0 0.5171875 0.75546875 0.0421875 0.08828125
0 0.46953125 0.75859375 0.04296875 0.09375
0 0.421875 0.75625 0.0453125 0.09375
0 0.37734375 0.75625 0.040625 0.09296875
0 0.33125 0.75390625 0.040625 0.090625
0 0.2328125 0.7625 0.040625 0.07734375
0 0.18671875 0.7640625 0.0375 0.0796875
0 0.58515625 0.31953125 0.0453125 0.1125
0 0.1453125 0.76328125 0.0328125 0.07109375
0 0.07109375 0.75859375 0.03515625 0.06953125
0 0.03359375 0.75546875 0.0375 0.0703125
0 0.9703125 0.6421875 0.05234375 0.08828125
0 0.8984375 0.63359375 0.034375 0.0859375
0 0.865625 0.63359375 0.025 0.08515625
0 0.83203125 0.6484375 0.0421875 0.0796875
0 0.7859375 0.646875 0.03125 0.07734375
0 0.684375 0.66171875 0.0484375 0.0921875
0 0.64140625 0.66015625 0.0375 0.0953125
0 0.603125 0.659375 0.0375 0.09375
0 0.5625 0.65859375 0.03671875 0.090625
0 0.52109375 0.659375 0.040625 0.0890625
0 0.48359375 0.6578125 0.0328125 0.08984375
0 0.11015625 0.76171875 0.0375 0.075
0 0.60546875 0.071875 0.04765625 0.06953125
0 0.73203125 0.190625 0.03359375 0.10390625
0 0.51171875 0.06796875 0.04296875 0.065625
0 0.09140625 0.5609375 0.04375 0.08828125
0 0.04765625 0.56328125 0.040625 0.08984375
0 0.0125 0.559375 0.025 0.09375
0 0.94453125 0.32421875 0.046875 0.03671875
0 0.89375 0.32265625 0.040625 0.0359375
0 0.9828125 0.42265625 0.0328125 0.06875
0 0.9484375 0.42421875 0.034375 0.06796875
0 0.909375 0.4234375 0.0375 0.06640625
0 0.86953125 0.42578125 0.04140625 0.071875
0 0.82265625 0.4234375 0.04609375 0.065625
0 0.70546875 0.4421875 0.04453125 0.09765625
0 0.6625 0.44140625 0.0390625 0.09296875
0 0.62109375 0.44296875 0.03828125 0.0921875
0 0.1703125 0.56015625 0.05 0.08515625
0 0.57890625 0.43984375 0.04296875 0.0953125
0 0.4921875 0.43984375 0.0375 0.0953125
0 0.4515625 0.43828125 0.040625 0.0921875
0 0.40703125 0.43671875 0.0390625 0.09375
0 0.36640625 0.43828125 0.0390625 0.09765625
0 0.32421875 0.43828125 0.0390625 0.09765625
0 0.559375 0.0703125 0.0421875 0.0703125
0 0.165625 0.45390625 0.04921875 0.0984375
0 0.11484375 0.45 0.04765625 0.09609375
0 0.03515625 0.446875 0.05546875 0.09921875
0 0.7203125 0.31953125 0.04140625 0.103125
0 0.6734375 0.3234375 0.0359375 0.11328125
0 0.63125 0.32265625 0.040625 0.10859375
0 0.01640625 0.06171875 0.0328125 0.1140625
0 0.53203125 0.43984375 0.03984375 0.0953125
0 0.21875 0.5640625 0.04296875 0.08984375
0 0.21328125 0.453125 0.040625 0.103125
0 0.3671875 0.55 0.040625 0.096875
0 0.465625 0.06875 0.04609375 0.0671875
0 0.4203125 0.06640625 0.03984375 0.0671875
0 0.3734375 0.0625 0.04765625 0.075
0 0.32578125 0.0546875 0.0421875 0.08671875
0 0.1921875 0.06328125 0.0390625 0.11953125
0 0.146875 0.0625 0.04765625 0.11484375
0 0.325 0.55078125 0.03828125 0.0984375
0 0.40859375 0.65546875 0.03671875 0.090625
0 0.3703125 0.6546875 0.03828125 0.08828125
0 0.33125 0.653125 0.03203125 0.09140625
0 0.22265625 0.6671875 0.03984375 0.08671875
0 0.18359375 0.6671875 0.03359375 0.08671875
0 0.14296875 0.66640625 0.0421875 0.084375
0 0.10234375 0.66640625 0.03671875 0.08359375
0 0.53828125 0.3203125 0.04140625 0.1078125
0 0.0203125 0.6765625 0.03984375 0.06640625
0 0.0625 0.6734375 0.0375 0.071875
0 0.6109375 0.5515625 0.0375 0.09140625
0 0.571875 0.55234375 0.03203125 0.090625
0 0.48984375 0.5515625 0.0390625 0.09765625
0 0.4484375 0.5515625 0.0390625 0.09765625
0 0.4078125 0.553125 0.0359375 0.09609375
0 0.53046875 0.55390625 0.040625 0.09453125
0 0.809375 0.5328125 0.034375 0.0671875
0 0.8484375 0.53515625 0.040625 0.06328125
0 0.8890625 0.53515625 0.0328125 0.0640625
0 0.92734375 0.53984375 0.03828125 0.05703125
0 0.96953125 0.52734375 0.040625 0.06796875
0 0.6953125 0.55859375 0.040625 0.09453125
0 0.65390625 0.5546875 0.034375 0.096875