0 0.6609375 0.640625 0.05234375 0.025
0 0.6609375 0.66640625 0.04453125 0.02734375
0 0.69296875 0.3375 0.04140625 0.0296875
0 0.26484375 0.453125 0.0203125 0.05078125
0 0.21640625 0.4421875 0.071875 0.0640625
0 0.15625 0.44453125 0.03515625 0.05390625
0 0.0734375 0.45234375 0.03671875 0.0453125
0 0.03046875 0.44765625 0.0390625 0.04765625
0 0.9734375 0.3828125 0.0390625 0.02109375
0 0.93046875 0.38125 0.0421875 0.021875
0 0.884375 0.38046875 0.04609375 0.021875
0 0.97890625 0.35859375 0.0421875 0.0234375
0 0.29140625 0.4515625 0.02421875 0.0546875
0 0.9328125 0.3578125 0.0421875 0.0203125
0 0.8875 0.334375 0.046875 0.02265625
0 0.8203125 0.35 0.03984375 0.0828125
0 0.78046875 0.35546875 0.02734375 0.0734375
0 0.7453125 0.35859375 0.03203125 0.05859375
0 0.69375 0.37578125 0.04296875 0.02734375
0 0.70625 0.3078125 0.04609375 0.025
0 0.64375 0.34375 0.04375 0.0265625
0 0.640625 0.37421875 0.05 0.025
0 0.58828125 0.3734375 0.03359375 0.0296875
0 0.88515625 0.3578125 0.04921875 0.02265625
0 0.58671875 0.33984375 0.034375 0.03203125
0 0.3234375 0.45390625 0.0265625 0.0484375
0 0.40390625 0.46875 0.0390625 0.01953125
0 0.934375 0.44609375 0.0328125 0.03671875
0 0.89765625 0.44765625 0.0328125 0.03671875
0 0.86484375 0.44765625 0.02890625 0.0375
0 0.91328125 0.415625 0.0328125 0.01875
0 0.871875 0.41640625 0.034375 0.021875
0 0.8296875 0.4453125 0.03359375 0.040625
0 0.771875 0.4390625 0.0234375 0.0484375
0 0.74296875 0.4546875 0.034375 0.02109375
0 0.74375 0.43203125 0.03359375 0.0234375
0 0.36015625 0.46796875 0.0390625 0.02109375
0 0.671875 0.45 0.03828125 0.0265625
0 0.678125 0.4234375 0.04140625 0.025
0 0.6296875 0.42109375 0.04609375 0.02890625
0 0.58046875 0.44609375 0.04375 0.0328125
0 0.57890625 0.415625 0.0421875 0.028125
0 0.53125 0.4484375 0.05 0.02265625
0 0.53203125 0.41953125 0.04453125 0.03125
0 0.36171875 0.4234375 0.03828125 0.021875
0 0.40703125 0.446875 0.040625 0.01640625
0 0.3640625 0.44609375 0.0421875 0.0203125
0 0.628125 0.45 0.0390625 0.0265625
0 0.54609375 0.3296875 0.0421875 0.0171875
0 0.53984375 0.3625 0.034375 0.04609375
0 0.50078125 0.353125 0.034375 0.06640625
0 0.82734375 0.1921875 0.028125 0.05546875
0 0.76875 0.1890625 0.0296875 0.05859375
0 0.7328125 0.20703125 0.028125 0.0171875
0 0.70078125 0.20625 0.0265625 0.01875
0 0.66484375 0.17734375 0.0375 0.0734375
0 0.62578125 0.1828125 0.0296875 0.0625
0 0.58984375 0.18515625 0.0328125 0.05234375
0 0.54609375 0.1578125 0.0375 0.10625
0 0.490625 0.15859375 0.06640625 0.10078125
0 0.01640625 0.340625 0.028125 0.06796875
0 0.425 0.1734375 0.0421875 0.06796875
0 0.3296875 0.175 0.03125 0.06015625
0 0.29765625 0.175 0.02421875 0.04765625
0 0.271875 0.1703125 0.02109375 0.05390625
0 0.23671875 0.16796875 0.04296875 0.0671875
0 0.19375 0.16640625 0.03125 0.065625
0 0.1625 0.171875 0.02578125 0.0421875
0 0.13359375 0.1703125 0.02109375 0.04140625
0 0.05 0.16796875 0.096875 0.0390625
0 0.05390625 0.1203125 0.1 0.0453125
0 0.37265625 0.17421875 0.05546875 0.0578125
0 0.05390625 0.3453125 0.03828125 0.0609375
0 0.090625 0.34375 0.02734375 0.059375
0 0.35078125 0.8625 0.07421875 0.0421875
0 0.4546875 0.35078125 0.0515625 0.0671875
0 0.39375 0.37109375 0.040625 0.01953125
0 0.3484375 0.3703125 0.04140625 0.02109375
0 0.39765625 0.34765625 0.04375 0.02578125
0 0.34921875 0.346875 0.04453125 0.02265625
0 0.30078125 0.35625 0.034375 0.046875
0 0.26015625 0.36171875 0.03671875 0.0359375
0 0.17109375 0.34609375 0.09609375 0.0609375
0 0.946875 0.8859375 0.0734375 0.04375
0 0.86796875 0.8890625 0.07421875 0.04140625
0 0.784375 0.8921875 0.08359375 0.0421875
0 0.696875 0.89765625 0.07421875 0.0296875
0 0.696875 0.86015625 0.07421875 0.0390625
0 0.63515625 0.87421875 0.03046875 0.06875
0 0.6015625 0.87578125 0.03359375 0.0703125
0 0.56328125 0.875 0.03203125 0.07421875
0 0.52578125 0.88046875 0.03984375 0.0703125
0 0.48359375 0.88046875 0.0359375 0.0703125
0 0.44609375 0.8796875 0.03515625 0.06953125
0 0.41015625 0.8875 0.03359375 0.0546875
0 0.34609375 0.90078125 0.0765625 0.03359375
0 0.971875 0.44765625 0.0359375 0.03984375
0 0.01875 0.5296875 0.0328125 0.078125
0 0.7984375 0.43828125 0.02421875 0.05625
0 0.15703125 0.50859375 0.04140625 0.0203125
0 0.9 0.5046875 0.0328125 0.0265625
0 0.9015625 0.5265625 0.04453125 0.0171875
0 0.8578125 0.5203125 0.03203125 0.03203125
0 0.82421875 0.5109375 0.028125 0.05390625
0 0.9015625 0.67109375 0.03671875 0.0171875
0 0.94375 0.6703125 0.0375 0.01640625
0 0.0203125 0.7453125 0.0359375 0.0625
0 0.06484375 0.7515625 0.04140625 0.04921875
0 0.203125 0.74609375 0.04609375 0.059375
0 0.9453125 0.51796875 0.03984375 0.03203125
0 0.25859375 0.74609375 0.046875 0.05546875
0 0.3625 0.7421875 0.0515625 0.0578125
0 0.434375 0.721875 0.046875 0.03203125
0 0.07578125 0.53515625 0.06328125 0.0703125
0 0.4328125 0.7546875 0.04375 0.03046875
0 0.4828125 0.7546875 0.0421875 0.03046875
0 0.52421875 0.753125 0.04140625 0.028125
0 0.5765625 0.7578125 0.04453125 0.01875
0 0.5765625 0.7359375 0.0421875 0.02421875
0 0.575 0.71328125 0.04609375 0.0203125
0 0.30390625 0.74453125 0.0421875 0.0546875
0 0.03046875 0.640625 0.04375 0.05859375
0 0.0765625 0.640625 0.0421875 0.05078125
0 0.14765625 0.65078125 0.0359375 0.0609375
0 0.71875 0.659375 0.03984375 0.0453125
0 0.7625 0.65390625 0.0390625 0.04921875
0 0.79921875 0.65390625 0.025 0.05234375
0 0.82734375 0.65390625 0.0234375 0.04921875
0 0.8578125 0.65 0.0328125 0.01640625
0 0.8609375 0.6703125 0.03671875 0.01796875
0 0.8984375 0.653125 0.0421875 0.015625
0 0.94296875 0.653125 0.0390625 0.01953125
0 0.946875 0.634375 0.03828125 0.01484375
0 0.525 0.66796875 0.04453125 0.02109375
0 0.5234375 0.640625 0.0390625 0.025
0 0.39375 0.66171875 0.03984375 0.04140625
0 0.35625 0.65625 0.02734375 0.05390625
0 0.321875 0.65625 0.0328125 0.04921875
0 0.28828125 0.65703125 0.02734375 0.053125
0 0.35703125 0.61953125 0.0328125 0.01484375
0 0.32421875 0.625 0.02890625 0.00859375
0 0.2875 0.62421875 0.02578125 0.01015625
0 0.2546875 0.6546875 0.034375 0.05546875
0 0.21875 0.64765625 0.02890625 0.06875
0 0.18828125 0.646875 0.03359375 0.0703125
0 0.6234375 0.73359375 0.04609375 0.0234375
0 0.62421875 0.75703125 0.04375 0.02109375
0 0.4828125 0.72109375 0.0421875 0.0328125
0 0.671875 0.73359375 0.0421875 0.01796875
0 0.9515625 0.59453125 0.0359375 0.025
0 0.86484375 0.6 0.0375 0.01796875
0 0.86328125 0.5765625 0.0390625 0.02578125
0 0.8203125 0.5953125 0.03671875 0.025
0 0.778125 0.59453125 0.03984375 0.02421875
0 0.74453125 0.5828125 0.021875 0.0453125
0 0.6734375 0.71328125 0.0421875 0.01953125
0 0.6765625 0.59375 0.04453125 0.02890625
0 0.62734375 0.59453125 0.04609375 0.025
0 0.53671875 0.5078125 0.03125 0.0640625
0 0.625 0.56796875 0.04609375 0.02578125
0 0.40625 0.56875 0.0203125 0.04296875
0 0.3734375 0.5703125 0.034375 0.0421875
0 0.33203125 0.57890625 0.03984375 0.02109375
0 0.33125 0.55703125 0.03828125 0.0234375
0 0.2953125 0.5578125 0.02890625 0.06796875
0 0.25859375 0.56640625 0.0296875 0.0484375
0 0.2296875 0.5546875 0.025 0.07265625
0 0.19609375 0.5546875 0.03515625 0.0703125
0 0.15546875 0.5578125 0.03828125 0.0625
0 0.44375 0.5921875 0.03984375 0.02734375
0 0.64140625 0.5234375 0.03984375 0.02890625
0 0.71796875 0.584375 0.0296875 0.0453125
0 0.68828125 0.52421875 0.04453125 0.02734375
0 0.67109375 0.75625 0.04765625 0.02421875
0 0.72578125 0.740625 0.0578125 0.05546875
0 0.6765625 0.49296875 0.04765625 0.0296875
0 0.83125 0.74140625 0.03515625 0.01953125
0 0.871875 0.740625 0.03359375 0.01953125
0 0.91015625 0.740625 0.03515625 0.0171875
0 0.8328125 0.7609375 0.03515625 0.015625
0 0.87109375 0.759375 0.03671875 0.01796875
0 0.91015625 0.75859375 0.03515625 0.0171875
0 0.08359375 0.87109375 0.09296875 0.034375
0 0.78125 0.74140625 0.046875 0.05625
0 0.175 0.8328125 0.08125 0.03359375
0 0.0796875 0.90859375 0.08203125 0.03203125
0 0.7375 0.5140625 0.0421875 0.046875
0 0.79765625 0.509375 0.02109375 0.05390625
0 0.25546875 0.903125 0.08125 0.03359375
0 0.77421875 0.50859375 0.01875 0.05390625
0 0.2671875 0.8203125 0.0734375 0.0359375
0 0.17109375 0.90390625 0.0734375 0.03359375
0 0.1734375 0.86875 0.07109375 0.03125
0 0.26171875 0.865625 0.0796875 0.0375