0 0.95703125 0.8625 0.05078125 0.10078125
0 0.34296875 0.89140625 0.05546875 0.04375
0 0.5046875 0.55234375 0.05078125 0.0265625
0 0.90546875 0.646875 0.05 0.0828125
0 0.8546875 0.6703125 0.04375 0.04140625
0 0.8515625 0.62265625 0.04765625 0.046875
0 0.7921875 0.64375 0.0671875 0.0890625
0 0.72265625 0.64609375 0.059375 0.084375
0 0.65234375 0.66953125 0.06015625 0.03125
0 0.58984375 0.671875 0.0546875 0.028125
0 0.5953125 0.6390625 0.06171875 0.03125
0 0.65859375 0.6375 0.06484375 0.0328125
0 0.65546875 0.60390625 0.06328125 0.034375
0 0.59296875 0.60625 0.05703125 0.0296875
0 0.5265625 0.64609375 0.06171875 0.078125
0 0.4640625 0.646875 0.06328125 0.07578125
0 0.4 0.671875 0.0609375 0.02890625
0 0.4015625 0.6453125 0.053125 0.0234375
0 0.39921875 0.61640625 0.053125 0.0296875
0 0.33828125 0.61640625 0.05625 0.03125
0 0.33984375 0.64375 0.0625 0.021875
0 0.33984375 0.671875 0.059375 0.0296875
0 0.275 0.63984375 0.06484375 0.08984375
0 0.20703125 0.640625 0.06796875 0.08828125
0 0.1359375 0.64296875 0.06328125 0.08125
0 0.06953125 0.6453125 0.0578125 0.0796875
0 0.840625 0.54765625 0.06015625 0.0421875
0 0.90078125 0.55 0.05703125 0.04375
0 0.9671875 0.55 0.06484375 0.04765625
0 0.971875 0.5015625 0.05625 0.04375
0 0.90390625 0.50546875 0.078125 0.0421875
0 0.8328125 0.496875 0.04765625 0.04609375
0 0.96796875 0.65078125 0.0640625 0.08046875
0 0.7703125 0.51953125 0.06953125 0.0921875
0 0.04765625 0.746875 0.06328125 0.078125
0 0.184375 0.7453125 0.06328125 0.078125
0 0.059375 0.8640625 0.0453125 0.0328125
0 0.0171875 0.865625 0.03046875 0.03125
0 0.9078125 0.77109375 0.04375 0.0359375
0 0.959375 0.76875 0.05546875 0.03984375
0 0.96171875 0.7296875 0.05234375 0.0390625
0 0.91015625 0.7296875 0.046875 0.040625
0 0.546875 0.746875 0.05390625 0.0234375
0 0.490625 0.746875 0.0546875 0.0234375
0 0.43046875 0.7484375 0.05703125 0.0234375
0 0.37421875 0.7484375 0.05078125 0.021875
0 0.5453125 0.721875 0.05546875 0.025
0 0.48515625 0.71953125 0.05234375 0.028125
0 0.43125 0.7203125 0.0515625 0.028125
0 0.3734375 0.721875 0.05 0.025
0 0.853125 0.7765625 0.05546875 0.021875
0 0.7984375 0.77421875 0.04765625 0.01953125
0 0.7984375 0.75078125 0.04921875 0.0203125
0 0.85234375 0.75234375 0.05703125 0.028125
0 0.85625 0.721875 0.05234375 0.0296875
0 0.80078125 0.7234375 0.05234375 0.02734375
0 0.74140625 0.7484375 0.06015625 0.07734375
0 0.67890625 0.746875 0.059375 0.07578125
0 0.6109375 0.746875 0.06796875 0.075
0 0.54765625 0.77265625 0.05546875 0.021875
0 0.48984375 0.7734375 0.05703125 0.02265625
0 0.43046875 0.771875 0.05 0.02421875
0 0.375 0.7734375 0.06015625 0.025
0 0.31171875 0.746875 0.05703125 0.0859375
0 0.2515625 0.7453125 0.0578125 0.08125
0 0.1171875 0.74765625 0.06796875 0.0765625
0 0.69921875 0.52265625 0.06484375 0.09140625
0 0.6328125 0.5515625 0.05546875 0.0328125
0 0.6296875 0.5171875 0.06015625 0.03046875
0 0.94140625 0.2484375 0.059375 0.13203125
0 0.88359375 0.2515625 0.04140625 0.12890625
0 0.83203125 0.2515625 0.05390625 0.1296875
0 0.77578125 0.25390625 0.0515625 0.1234375
0 0.7125 0.2546875 0.0640625 0.12109375
0 0.65078125 0.2484375 0.0578125 0.1296875
0 0.59140625 0.234375 0.05 0.1
0 0.53125 0.23203125 0.046875 0.10625
0 0.46953125 0.24375 0.07109375 0.13046875
0 0.40703125 0.24296875 0.04765625 0.128125
0 0.34765625 0.24453125 0.0625 0.1328125
0 0.28203125 0.24296875 0.05859375 0.13125
0 0.21875 0.2453125 0.05078125 0.13125
0 0.16171875 0.24296875 0.05859375 0.134375
0 0.0984375 0.2453125 0.0578125 0.13671875
0 0.03828125 0.246875 0.05234375 0.13203125
0 0.9734375 0.096875 0.04609375 0.1328125
0 0.9109375 0.096875 0.06484375 0.1265625
0 0.85234375 0.0953125 0.053125 0.1328125
0 0.7953125 0.0984375 0.05703125 0.1265625
0 0.73515625 0.0953125 0.05625 0.13515625
0 0.6703125 0.09375 0.06953125 0.1328125
0 0.60078125 0.0859375 0.06328125 0.146875
0 0.5296875 0.0875 0.06953125 0.1421875
0 0.05625 0.08125 0.04609375 0.1421875
0 0.1203125 0.0859375 0.07421875 0.13671875
0 0.19140625 0.08125 0.05703125 0.13828125
0 0.25625 0.08359375 0.0640625 0.1375
0 0.3234375 0.0828125 0.059375 0.14140625
0 0.0359375 0.38984375 0.05078125 0.11875
0 0.09609375 0.3890625 0.06171875 0.1203125
0 0.1546875 0.3921875 0.05234375 0.1265625
0 0.2171875 0.390625 0.06328125 0.12734375
0 0.565625 0.55 0.0671875 0.0296875
0 0.571875 0.5171875 0.0546875 0.034375
0 0.50703125 0.4921875 0.06015625 0.02890625
0 0.5046875 0.52265625 0.05078125 0.028125
0 0.390625 0.0859375 0.071875 0.140625
0 0.44609375 0.553125 0.059375 0.02578125
0 0.4453125 0.5234375 0.06328125 0.028125
0 0.44296875 0.48984375 0.0625 0.03203125
0 0.37734375 0.5203125 0.06171875 0.08359375
0 0.3109375 0.5234375 0.06328125 0.0796875
0 0.24453125 0.55078125 0.06875 0.0296875
0 0.1796875 0.55 0.05390625 0.0265625
0 0.23984375 0.5234375 0.05625 0.0265625
0 0.1796875 0.52421875 0.05703125 0.021875
0 0.10625 0.8625 0.0421875 0.028125
0 0.2375 0.4921875 0.0546875 0.034375
0 0.17421875 0.4890625 0.05859375 0.0421875
0 0.1140625 0.5203125 0.05703125 0.10234375
0 0.04609375 0.52578125 0.06875 0.0859375
0 0.97890625 0.39609375 0.04140625 0.1171875
0 0.93125 0.3984375 0.05625 0.11484375
0 0.878125 0.3921875 0.04296875 0.11875
0 0.8265625 0.3953125 0.0515625 0.115625
0 0.771875 0.39453125 0.046875 0.1171875
0 0.715625 0.396875 0.05390625 0.115625
0 0.6640625 0.39375 0.04765625 0.1203125
0 0.46796875 0.3953125 0.0515625 0.1203125
0 0.4140625 0.39375 0.06171875 0.12578125
0 0.3484375 0.39296875 0.05625 0.125
0 0.28515625 0.390625 0.05703125 0.1265625
0 0.9078125 0.8625 0.04140625 0.1015625
0 0.109375 0.8953125 0.03828125 0.0328125
0 0.46015625 0.0859375 0.05625 0.146875
0 0.6453125 0.90625 0.0546875 0.01328125
0 0.75625 0.896875 0.053125 0.0109375
0 0.6953125 0.884375 0.0484375 0.0109375
0 0.75390625 0.88359375 0.0484375 0.0109375
0 0.7 0.86875 0.05859375 0.015625
0 0.7578125 0.90703125 0.05234375 0.0109375
0 0.7015625 0.9046875 0.04921875 0.01484375
0 0.5859375 0.90625 0.0546875 0.0140625
0 0.6390625 0.875 0.05546875 0.01875
0 0.58046875 0.8734375 0.05546875 0.01953125
0 0.16328125 0.8921875 0.06484375 0.046875
0 0.225 0.89375 0.05078125 0.04453125
0 0.5078125 0.875 0.08984375 0.075
0 0.4140625 0.8734375 0.08203125 0.07421875
0 0.33671875 0.846875 0.06171875 0.0421875
0 0.2734375 0.846875 0.0578125 0.0453125
0 0.21328125 0.84453125 0.06015625 0.0421875
0 0.15703125 0.84375 0.04453125 0.04453125
0 0.015625 0.9015625 0.03125 0.034375
0 0.06171875 0.89921875 0.05078125 0.0296875
0 0.809375 0.86328125 0.040625 0.1046875
0 0.8546875 0.86484375 0.04609375 0.096875
0 0.28359375 0.89453125 0.0609375 0.040625