0 0.7671875 0.38125 0.05546875 0.08671875
0 0.51015625 0.5734375 0.05390625 0.05234375
0 0.6765625 0.86015625 0.04609375 0.04375
0 0.721875 0.859375 0.04296875 0.04140625
0 0.76796875 0.8578125 0.046875 0.0421875
0 0.2296875 0.80234375 0.0546875 0.04375
0 0.278125 0.8015625 0.0421875 0.046875
0 0.32265625 0.8015625 0.04609375 0.0453125
0 0.36640625 0.8 0.04375 0.04609375
0 0.4140625 0.8 0.05078125 0.04375
0 0.46484375 0.79765625 0.04765625 0.046875
0 0.6296875 0.86015625 0.04453125 0.0421875
0 0.528125 0.79765625 0.05078125 0.0453125
0 0.62109375 0.79375 0.04375 0.0453125
0 0.66640625 0.7953125 0.04609375 0.0453125
0 0.71171875 0.79375 0.04453125 0.0453125
0 0.76015625 0.79375 0.05 0.04453125
0 0.215625 0.73203125 0.0546875 0.046875
0 0.26484375 0.73203125 0.0421875 0.046875
0 0.30859375 0.7328125 0.04453125 0.04921875
0 0.3546875 0.73203125 0.04453125 0.0515625
0 0.4015625 0.7296875 0.05078125 0.046875
0 0.57578125 0.7953125 0.04375 0.04921875
0 0.58671875 0.8625 0.04375 0.046875
0 0.53671875 0.86484375 0.05625 0.0421875
0 0.471875 0.865625 0.04296875 0.0421875
0 0.81015625 0.74375 0.0359375 0.0421875
0 0.85 0.74375 0.04296875 0.0453125
0 0.89375 0.7421875 0.04453125 0.0453125
0 0.93984375 0.7421875 0.04453125 0.0453125
0 0.25859375 0.934375 0.05078125 0.0375
0 0.30625 0.934375 0.04296875 0.0390625
0 0.34921875 0.93359375 0.04296875 0.0390625
0 0.3921875 0.9328125 0.04296875 0.0421875
0 0.43515625 0.9328125 0.04140625 0.0421875
0 0.48359375 0.93125 0.05 0.0453125
0 0.55 0.92734375 0.04765625 0.03984375
0 0.59375 0.9265625 0.03828125 0.0421875
0 0.6359375 0.9265625 0.04296875 0.04375
0 0.678125 0.9265625 0.04296875 0.0421875
0 0.72421875 0.92421875 0.04921875 0.0390625
0 0.771875 0.925 0.04609375 0.04140625
0 0.246875 0.87109375 0.04921875 0.0375
0 0.29375 0.86875 0.0421875 0.0421875
0 0.3390625 0.86796875 0.0484375 0.04375
0 0.384375 0.8671875 0.040625 0.0453125
0 0.42578125 0.86484375 0.04765625 0.0421875
0 0.453125 0.728125 0.046875 0.04921875
0 0.809375 0.696875 0.03359375 0.05
0 0.5234375 0.7265625 0.04296875 0.0484375
0 0.6125 0.72421875 0.04765625 0.0484375
0 0.71484375 0.38125 0.046875 0.0859375
0 0.759375 0.56484375 0.04765625 0.053125
0 0.159375 0.4828125 0.06171875 0.07890625
0 0.215625 0.48125 0.0515625 0.08515625
0 0.26953125 0.4796875 0.05546875 0.0828125
0 0.31875 0.48203125 0.04296875 0.0796875
0 0.36875 0.48046875 0.05234375 0.0765625
0 0.421875 0.478125 0.0515625 0.08125
0 0.5046875 0.47578125 0.04921875 0.0828125
0 0.7109375 0.565625 0.05234375 0.05234375
0 0.41953125 0.3875 0.04921875 0.0875
0 0.60390625 0.47421875 0.0546875 0.0796875
0 0.6578125 0.47265625 0.05078125 0.078125
0 0.7078125 0.471875 0.0515625 0.0828125
0 0.76328125 0.47109375 0.04921875 0.0796875
0 0.15546875 0.390625 0.06015625 0.08515625
0 0.20625 0.39296875 0.04453125 0.08125
0 0.259375 0.3921875 0.06328125 0.08125
0 0.315625 0.390625 0.04453125 0.08203125
0 0.36484375 0.390625 0.05703125 0.08125
0 0.553125 0.475 0.0484375 0.0796875
0 0.6609375 0.5671875 0.04765625 0.053125
0 0.61015625 0.56953125 0.05234375 0.04765625
0 0.56171875 0.57265625 0.04609375 0.0546875
0 0.66015625 0.72421875 0.04921875 0.046875
0 0.70859375 0.7234375 0.04765625 0.046875
0 0.7578125 0.721875 0.04765625 0.05078125
0 0.2046875 0.659375 0.05078125 0.05078125
0 0.25390625 0.65625 0.04609375 0.05625
0 0.3015625 0.6546875 0.0515625 0.05078125
0 0.35 0.653125 0.0453125 0.05390625
0 0.3984375 0.6515625 0.05078125 0.053125
0 0.44765625 0.6515625 0.0484375 0.05625
0 0.51171875 0.65 0.05703125 0.04609375
0 0.5625 0.64921875 0.04453125 0.046875
0 0.65859375 0.64765625 0.0484375 0.053125
0 0.7078125 0.64609375 0.0484375 0.0484375
0 0.75703125 0.64375 0.05234375 0.053125
0 0.18203125 0.58203125 0.06328125 0.0515625
0 0.2359375 0.5796875 0.04296875 0.05625
0 0.28203125 0.578125 0.04921875 0.053125
0 0.32890625 0.57578125 0.0453125 0.0578125
0 0.38046875 0.57421875 0.05703125 0.05546875
0 0.43359375 0.5734375 0.04765625 0.05546875
0 0.49921875 0.3875 0.05625 0.0828125
0 0.56640625 0.725 0.04375 0.05
0 0.84921875 0.69609375 0.04609375 0.046875
0 0.609375 0.65 0.04765625 0.0484375
0 0.9421875 0.6921875 0.03671875 0.05
0 0.60234375 0.19609375 0.0546875 0.0921875
0 0.54765625 0.19765625 0.05546875 0.0953125
0 0.41484375 0.2 0.05 0.09296875
0 0.35859375 0.20078125 0.05625 0.0921875
0 0.303125 0.20078125 0.0546875 0.09453125
0 0.2484375 0.2046875 0.05703125 0.08671875
0 0.19296875 0.20390625 0.053125 0.0859375
0 0.1328125 0.203125 0.06640625 0.08828125
0 0.76328125 0.2890625 0.05625 0.0921875
0 0.71015625 0.29296875 0.05 0.0859375
0 0.65703125 0.2953125 0.05546875 0.0890625
0 0.59921875 0.2953125 0.04765625 0.0859375
0 0.546875 0.29609375 0.04453125 0.08828125
0 0.49296875 0.29609375 0.06328125 0.0890625
0 0.4171875 0.29921875 0.05390625 0.0890625
0 0.6578125 0.1953125 0.053125 0.09375
0 0.36328125 0.3 0.05390625 0.0875
0 0.7109375 0.19609375 0.05234375 0.096875
0 0.1515625 0.11015625 0.0546875 0.08671875
0 0.89765625 0.69375 0.04921875 0.05
0 0.5578125 0.3875 0.05859375 0.08125
0 0.6109375 0.38828125 0.04765625 0.0828125
0 0.66328125 0.38359375 0.05703125 0.090625
0 0.734375 0.0984375 0.053125 0.0921875
0 0.68125 0.09609375 0.04453125 0.09296875
0 0.634375 0.096875 0.05234375 0.09453125
0 0.58203125 0.0984375 0.04765625 0.090625
0 0.53515625 0.0984375 0.04609375 0.090625
0 0.48203125 0.0875 0.04921875 0.0625
0 0.403125 0.10234375 0.0484375 0.0875
0 0.35 0.10390625 0.05703125 0.08203125
0 0.29921875 0.10625 0.04375 0.084375
0 0.25078125 0.1078125 0.0546875 0.08125
0 0.2 0.11015625 0.04453125 0.0859375
0 0.76640625 0.1984375 0.05703125 0.0921875
0 0.30859375 0.3015625 0.0546875 0.090625
0 0.4890625 0.2 0.0609375 0.0890625
0 0.203125 0.303125 0.04765625 0.0921875
0 0.8359375 0.36953125 0.04765625 0.05234375
0 0.88125 0.36796875 0.04296875 0.0546875
0 0.975 0.3625 0.03203125 0.0484375
0 0.834375 0.42421875 0.0421875 0.0546875
0 0.88046875 0.42421875 0.0484375 0.0546875
0 0.934375 0.41953125 0.04921875 0.0515625
0 0.9796875 0.41796875 0.040625 0.05625
0 0.86171875 0.496875 0.06640625 0.06875
0 0.925 0.49375 0.0546875 0.065625
0 0.9765625 0.49296875 0.04453125 0.0671875
0 0.25390625 0.30234375 0.0546875 0.090625
0 0.98046875 0.69375 0.0390625 0.04375
0 0.85625 0.55859375 0.059375 0.05
0 0.92109375 0.5578125 0.05390625 0.03984375
0 0.97421875 0.55390625 0.0515625 0.0484375
0 0.9421875 0.29140625 0.04453125 0.0421875
0 0.89375 0.29375 0.05078125 0.03671875
0 0.9328125 0.365625 0.04765625 0.05
0 0.9421875 0.2453125 0.04375 0.0421875
0 0.1453125 0.3015625 0.0609375 0.09375
0 0.05703125 0.45703125 0.11015625 0.0671875
0 0.09609375 0.68828125 0.10234375 0.05078125
0 0.84140625 0.29609375 0.05390625 0.040625
0 0.03046875 0.81015625 0.06015625 0.06171875
0 0.11796875 0.81328125 0.10234375 0.0515625
0 0.03828125 0.86484375 0.07578125 0.03984375
0 0.12734375 0.8609375 0.1 0.04375
0 0.84921875 0.0765625 0.05390625 0.05859375
0 0.1015625 0.740625 0.09453125 0.046875
0 0.8484375 0.1375 0.05859375 0.0625
0 0.9015625 0.1375 0.0453125 0.059375
0 0.94921875 0.13671875 0.04921875 0.059375
0 0.89921875 0.07578125 0.046875 0.0609375
0 0.84453125 0.25 0.05 0.04375
0 0.89140625 0.24921875 0.04296875 0.046875