0 0.7671875 0.5015625 0.01484375 0.03671875
0 0.784375 0.50234375 0.01640625 0.03828125
0 0.79765625 0.50078125 0.0109375 0.04140625
0 0.809375 0.49921875 0.01171875 0.03515625
0 0.82734375 0.49765625 0.0125 0.0328125
0 0.85078125 0.5015625 0.0140625 0.03671875
0 0.8640625 0.4984375 0.01328125 0.0375
0 0.98828125 0.55 0.01171875 0.04375
0 0.89140625 0.48984375 0.015625 0.03828125
0 0.75078125 0.50390625 0.01953125 0.03515625
0 0.97578125 0.55 0.01015625 0.04140625
0 0.96484375 0.55390625 0.009375 0.0484375
0 0.58984375 0.38671875 0.0390625 0.03125
0 0.55 0.38828125 0.0375 0.0328125
0 0.87734375 0.4953125 0.01015625 0.03046875
0 0.6296875 0.384375 0.040625 0.03515625
0 0.703125 0.34609375 0.03671875 0.028125
0 0.70546875 0.37734375 0.0328125 0.0328125
0 0.59296875 0.24296875 0.04140625 0.03671875
0 0.54140625 0.2765625 0.03828125 0.0390625
0 0.58515625 0.28046875 0.03671875 0.0328125
0 0.6234375 0.28046875 0.0359375 0.0296875
0 0.665625 0.28046875 0.04296875 0.02890625
0 0.703125 0.2796875 0.0328125 0.03046875
0 0.74921875 0.30625 0.046875 0.2109375
0 0.70546875 0.3125 0.03671875 0.03515625
0 0.66796875 0.31328125 0.0375 0.03359375
0 0.628125 0.31328125 0.03984375 0.0359375
0 0.5859375 0.3140625 0.0390625 0.03203125
0 0.546875 0.31640625 0.03984375 0.0359375
0 0.54375 0.353125 0.03984375 0.0328125
0 0.58671875 0.3515625 0.040625 0.034375
0 0.628125 0.3484375 0.03828125 0.03125
0 0.6671875 0.3484375 0.0375 0.034375
0 0.54765625 0.42421875 0.04140625 0.034375
0 0.66875 0.38203125 0.03671875 0.03046875
0 0.58984375 0.41953125 0.03828125 0.03515625
0 0.86796875 0.3 0.0171875 0.04296875
0 0.66796875 0.41484375 0.03515625 0.03125
0 0.98828125 0.60703125 0.01328125 0.04609375
0 0.43828125 0.03125 0.12734375 0.05546875
0 0.55 0.03828125 0.090625 0.0703125
0 0.64140625 0.0421875 0.0921875 0.06328125
0 0.925 0.0734375 0.06796875 0.0703125
0 0.84765625 0.0703125 0.08515625 0.0609375
0 0.7609375 0.06015625 0.08671875 0.0796875
0 0.975 0.609375 0.0125 0.04375
0 0.71328125 0.5859375 0.03359375 0.02734375
0 0.70625 0.52734375 0.0390625 0.03125
0 0.70703125 0.49296875 0.03515625 0.03203125
0 0.7078125 0.684375 0.0296875 0.0296875
0 0.6734375 0.68671875 0.03046875 0.025
0 0.675 0.66015625 0.0328125 0.0265625
0 0.7109375 0.65 0.03828125 0.02734375
0 0.7078125 0.621875 0.0328125 0.02578125
0 0.71015625 0.55859375 0.03828125 0.02734375
0 0.62734375 0.4203125 0.0359375 0.03125
0 0.9625 0.6125 0.01171875 0.04765625
0 0.9296875 0.61328125 0.0125 0.05234375
0 0.70703125 0.4125 0.03125 0.034375
0 0.8515625 0.3015625 0.0140625 0.0390625
0 0.83828125 0.3015625 0.01171875 0.03984375
0 0.94921875 0.55546875 0.01875 0.04375
0 0.84609375 0.57734375 0.0125 0.04140625
0 0.83125 0.58125 0.01171875 0.0453125
0 0.81171875 0.5796875 0.025 0.0484375
0 0.94921875 0.61328125 0.01328125 0.04765625
0 0.77734375 0.64453125 0.01484375 0.05703125
0 0.815625 0.640625 0.01484375 0.04609375
0 0.834375 0.6328125 0.015625 0.05234375
0 0.8484375 0.6328125 0.01484375 0.04921875
0 0.8640625 0.62890625 0.01328125 0.05
0 0.8859375 0.628125 0.01484375 0.04921875
0 0.9 0.6234375 0.01015625 0.0546875
0 0.915625 0.6171875 0.015625 0.04921875
0 0.79765625 0.6375 0.01484375 0.0515625
0 0.86328125 0.575 0.01328125 0.0390625
0 0.29375 0.22890625 0.0484375 0.0421875
0 0.671875 0.62421875 0.03125 0.02265625
0 0.96171875 0.26015625 0.009375 0.03046875
0 0.95 0.259375 0.01328125 0.0328125
0 0.93828125 0.26015625 0.01171875 0.0328125
0 0.92578125 0.2609375 0.0125 0.034375
0 0.9125 0.26171875 0.0140625 0.0328125
0 0.9828125 0.29609375 0.015625 0.03984375
0 0.98359375 0.33828125 0.01328125 0.0375
0 0.98515625 0.38515625 0.01640625 0.04140625
0 0.05234375 0.5453125 0.03984375 0.02421875
0 0.0859375 0.60546875 0.065625 0.0375
0 0.15390625 0.59765625 0.059375 0.0453125
0 0.21484375 0.5890625 0.05390625 0.034375
0 0.26796875 0.58515625 0.05 0.04140625
0 0.02734375 0.65703125 0.0546875 0.0390625
0 0.0890625 0.65234375 0.06015625 0.04453125
0 0.1546875 0.64453125 0.05625 0.0375
0 0.2140625 0.63671875 0.0578125 0.0421875
0 0.27578125 0.6296875 0.05859375 0.03671875
0 0.3265625 0.61796875 0.04140625 0.04453125
0 0.3765625 0.609375 0.0484375 0.02890625
0 0.3765625 0.64765625 0.0453125 0.03828125
0 0.33125 0.65546875 0.0390625 0.028125
0 0.27890625 0.66796875 0.0546875 0.0328125
0 0.21875 0.675 0.05546875 0.02890625
0 0.15859375 0.684375 0.05703125 0.03828125
0 0.0953125 0.69453125 0.06171875 0.0328125
0 0.0296875 0.70078125 0.05546875 0.04140625
0 0.97578125 0.25859375 0.0140625 0.03125
0 0.89453125 0.3875 0.01796875 0.03828125
0 0.909375 0.3859375 0.01171875 0.03828125
0 0.921875 0.384375 0.01171875 0.0359375
0 0.7875 0.3015625 0.01875 0.0484375
0 0.86953125 0.346875 0.01796875 0.04140625
0 0.85234375 0.34609375 0.015625 0.04296875
0 0.83828125 0.34609375 0.01171875 0.04375
0 0.82421875 0.3484375 0.015625 0.04296875
0 0.8078125 0.3484375 0.015625 0.04296875
0 0.7890625 0.35078125 0.01953125 0.04453125
0 0.86796875 0.390625 0.01328125 0.04375
0 0.8546875 0.3921875 0.015625 0.04140625
0 0.8375 0.39375 0.0171875 0.04453125
0 0.821875 0.3953125 0.01640625 0.04375
0 0.80390625 0.39375 0.01484375 0.040625
0 0.78671875 0.39609375 0.01640625 0.0421875
0 0.03359375 0.74296875 0.0640625 0.0359375
0 0.9625 0.29765625 0.01640625 0.04140625
0 0.93125 0.3 0.0125 0.04296875
0 0.91875 0.3 0.01015625 0.0421875
0 0.90390625 0.3015625 0.015625 0.04609375
0 0.88984375 0.3 0.0140625 0.04765625
0 0.96484375 0.34140625 0.01484375 0.03828125
0 0.94921875 0.34140625 0.0171875 0.03984375
0 0.934375 0.34140625 0.01171875 0.04140625
0 0.921875 0.34375 0.0125 0.03984375
0 0.9078125 0.34609375 0.01171875 0.03984375
0 0.89140625 0.34453125 0.015625 0.04140625
0 0.965625 0.38359375 0.01875 0.03671875
0 0.9484375 0.3828125 0.015625 0.03984375
0 0.9359375 0.38125 0.00859375 0.034375
0 0.9453125 0.29921875 0.0140625 0.04140625
0 0.63203125 0.24453125 0.0359375 0.03359375
0 0.0984375 0.7359375 0.0625 0.0421875
0 0.215625 0.71328125 0.05703125 0.0390625
0 0.62890625 0.57109375 0.03828125 0.0328125
0 0.6703125 0.56171875 0.03515625 0.02578125
0 0.67265625 0.5921875 0.0328125 0.03515625
0 0.63125 0.60078125 0.034375 0.025
0 0.59296875 0.60625 0.0375 0.0359375
0 0.5515625 0.61640625 0.034375 0.02734375
0 0.51171875 0.61875 0.0453125 0.03359375
0 0.46796875 0.6296875 0.0390625 0.03125
0 0.425 0.63515625 0.0390625 0.034375
0 0.421875 0.6703125 0.03671875 0.028125
0 0.465625 0.6671875 0.0390625 0.0328125
0 0.51015625 0.653125 0.03671875 0.025
0 0.54921875 0.64921875 0.03828125 0.03203125
0 0.58984375 0.64140625 0.03828125 0.02265625
0 0.63046875 0.63359375 0.0328125 0.0328125
0 0.634375 0.66640625 0.03984375 0.0296875
0 0.5953125 0.671875 0.0328125 0.0265625
0 0.55625 0.68046875 0.0375 0.028125
0 0.5171875 0.6875 0.034375 0.02578125
0 0.47578125 0.7 0.03984375 0.0296875
0 0.42890625 0.70703125 0.03984375 0.0296875
0 0.43203125 0.74140625 0.040625 0.0296875
0 0.4734375 0.7359375 0.0375 0.0359375
0 0.51640625 0.71796875 0.0328125 0.0265625
0 0.5546875 0.7140625 0.0328125 0.03359375
0 0.59375 0.70234375 0.03046875 0.025
0 0.63125 0.7 0.03203125 0.028125
0 0.58828125 0.5734375 0.03984375 0.02734375
0 0.5484375 0.5796875 0.0375 0.0390625
0 0.51015625 0.5875 0.04140625 0.02578125
0 0.46640625 0.5953125 0.0390625 0.0328125
0 0.275 0.703125 0.04921875 0.03046875
0 0.32890625 0.68984375 0.0453125 0.03671875
0 0.37890625 0.6828125 0.0453125 0.0265625
0 0.38359375 0.71875 0.04375 0.0359375
0 0.33125 0.72734375 0.05 0.03828125
0 0.27890625 0.740625 0.04609375 0.0375
0 0.2234375 0.75078125 0.059375 0.0328125
0 0.165625 0.76171875 0.04765625 0.034375
0 0.10703125 0.7765625 0.0625 0.0296875
0 0.0421875 0.7859375 0.05859375 0.03671875
0 0.04375 0.82265625 0.05859375 0.034375
0 0.11015625 0.8109375 0.05703125 0.028125
0 0.16796875 0.796875 0.05078125 0.02734375
0 0.16171875 0.725 0.05078125 0.03125
0 0.22421875 0.78828125 0.0484375 0.0328125
0 0.3359375 0.76484375 0.04765625 0.03125
0 0.3828125 0.75546875 0.03671875 0.02734375
0 0.42265625 0.56171875 0.0421875 0.03125
0 0.4703125 0.55625 0.04296875 0.0328125
0 0.50546875 0.5140625 0.04375 0.03046875
0 0.55 0.5109375 0.04375 0.034375
0 0.58984375 0.503125 0.03046875 0.03125
0 0.6265625 0.50234375 0.03828125 0.03515625
0 0.63046875 0.53671875 0.03515625 0.0328125
0 0.59375 0.540625 0.0359375 0.03203125
0 0.5578125 0.54453125 0.034375 0.03125
0 0.5171875 0.55078125 0.03828125 0.02734375
0 0.425 0.596875 0.03828125 0.03125
0 0.28359375 0.7765625 0.04921875 0.02734375
0 0.66875 0.24453125 0.03203125 0.03359375
0 0.8203125 0.30078125 0.01484375 0.04375
0 0.696875 0.20625 0.0359375 0.03671875
0 0.25234375 0.40234375 0.06171875 0.0390625
0 0.70546875 0.24140625 0.040625 0.0359375
0 0.2453125 0.35859375 0.05 0.04140625
0 0.2421875 0.31875 0.0671875 0.03828125
0 0.2359375 0.2734375 0.05546875 0.04375
0 0.23359375 0.22890625 0.0671875 0.04140625
0 0.2265625 0.18359375 0.053125 0.04375
0 0.28671875 0.18359375 0.059375 0.04375
0 0.296875 0.2734375 0.05546875 0.0453125
0 0.30546875 0.35859375 0.05703125 0.03828125
0 0.3109375 0.4 0.04609375 0.040625
0 0.3125 0.4375 0.0546875 0.034375
0 0.365625 0.4375 0.04296875 0.0359375
0 0.3625 0.39921875 0.05 0.03359375
0 0.3578125 0.359375 0.0421875 0.03984375
0 0.353125 0.31640625 0.0515625 0.03671875
0 0.3515625 0.275 0.05078125 0.0375
0 0.25390625 0.4453125 0.05546875 0.0421875
0 0.19453125 0.4453125 0.0640625 0.04140625
0 0.190625 0.40390625 0.0546875 0.03984375
0 0.1859375 0.36171875 0.0578125 0.04140625
0 0.8046875 0.3 0.01328125 0.04609375
0 0.0328125 0.17421875 0.06171875 0.0484375
0 0.0375 0.221875 0.06015625 0.040625
0 0.0421875 0.26953125 0.0765625 0.05
0 0.0484375 0.31640625 0.06640625 0.04375
0 0.05 0.3625 0.071875 0.0453125
0 0.05625 0.40859375 0.06796875 0.0453125
0 0.059375 0.4546875 0.0703125 0.03828125
0 0.35078125 0.23125 0.0609375 0.03828125
0 0.13046875 0.45234375 0.05625 0.04296875
0 0.1203125 0.36328125 0.0609375 0.040625
0 0.11796875 0.31640625 0.0734375 0.0421875
0 0.1125 0.27265625 0.0578125 0.0421875
0 0.1109375 0.22578125 0.0625 0.04375
0 0.16484375 0.18046875 0.065625 0.0453125
0 0.17265625 0.22734375 0.05390625 0.0453125
0 0.175 0.27265625 0.0609375 0.04453125
0 0.18125 0.31796875 0.04921875 0.04609375
0 0.125 0.40703125 0.0671875 0.0421875
0 0.340625 0.190625 0.04453125 0.04375
0 0.3015625 0.31796875 0.0453125 0.040625
0 0.4 0.23671875 0.0390625 0.04453125
0 0.39296875 0.190625 0.0484375 0.04140625
0 0.49765625 0.278125 0.0375 0.03671875
0 0.621875 0.2046875 0.03359375 0.03671875
0 0.6578125 0.20625 0.03203125 0.0390625
0 0.49609375 0.23671875 0.04296875 0.03984375
0 0.49375 0.19609375 0.04140625 0.03515625
0 0.584375 0.2015625 0.0390625 0.0421875
0 0.5015625 0.3546875 0.040625 0.0375
0 0.5078125 0.390625 0.0453125 0.0328125
0 0.50234375 0.42734375 0.046875 0.03203125
0 0.45859375 0.42890625 0.03984375 0.034375
0 0.5 0.31640625 0.04375 0.0328125
0 0.46015625 0.390625 0.0421875 0.03515625
0 0.45546875 0.3171875 0.0390625 0.03515625
0 0.45 0.27890625 0.04375 0.04140625
0 0.45 0.23671875 0.04140625 0.04140625
0 0.4453125 0.19453125 0.04296875 0.04140625
0 0.4140625 0.43203125 0.0453125 0.03203125
0 0.4109375 0.39375 0.046875 0.03515625
0 0.40390625 0.35703125 0.04921875 0.03828125
0 0.4046875 0.3171875 0.04765625 0.03828125
0 0.40390625 0.278125 0.0453125 0.03984375
0 0.45703125 0.353125 0.04140625 0.03359375