0 0.090625 0.87890625 0.05625 0.053125
0 0.01875 0.7203125 0.0375 0.0296875
0 0.04453125 0.85390625 0.03671875 0.05
0 0.01875 0.75546875 0.03671875 0.03515625
0 0.03203125 0.89296875 0.05703125 0.0203125
0 0.41640625 0.77421875 0.09453125 0.0390625
0 0.18359375 0.88125 0.1078125 0.05
0 0.2953125 0.88203125 0.10546875 0.04765625
0 0.4265625 0.71953125 0.09140625 0.0328125
0 0.52578125 0.7703125 0.1140625 0.04375
0 0.9109375 0.44296875 0.07734375 0.03359375
0 0.1671875 0.8359375 0.1171875 0.03046875
0 0.9765625 0.4125 0.046875 0.08984375
0 0.09140625 0.5046875 0.06171875 0.0328125
0 0.95859375 0.4984375 0.0828125 0.03671875
0 0.21328125 0.61953125 0.04453125 0.0171875
0 0.06171875 0.665625 0.06796875 0.0375
0 0.1328125 0.66328125 0.06171875 0.04453125
0 0.0921875 0.609375 0.0484375 0.03203125
0 0.03203125 0.61640625 0.06328125 0.0390625
0 0.01875 0.55234375 0.0375 0.040625
0 0.03046875 0.50703125 0.0515625 0.040625
0 0.06640625 0.54921875 0.053125 0.04140625
0 0.1171875 0.784375 0.04921875 0.01484375
0 0.046875 0.784375 0.0515625 0.0171875
0 0.90859375 0.35390625 0.10234375 0.021875
0 0.065625 0.753125 0.0515625 0.04140625
0 0.22421875 0.54609375 0.0828125 0.04921875
0 0.325 0.54375 0.08984375 0.05234375
0 0.45078125 0.53984375 0.11015625 0.059375
0 0.53828125 0.5234375 0.04609375 0.0734375
0 0.6234375 0.49921875 0.07890625 0.02265625
0 0.61328125 0.5421875 0.1015625 0.0609375
0 0.7296875 0.54921875 0.12421875 0.04375
0 0.859375 0.5484375 0.121875 0.0515625
0 0.853125 0.4984375 0.1234375 0.0421875
0 0.96171875 0.546875 0.0765625 0.05546875
0 0.13515625 0.54765625 0.07890625 0.0484375
0 0.32890625 0.7359375 0.10078125 0.03515625
0 0.6140625 0.41171875 0.06953125 0.09375
0 0.24375 0.76640625 0.06484375 0.0484375
0 0.4671875 0.29921875 0.08984375 0.04921875
0 0.45703125 0.25 0.08046875 0.04609375
0 0.36875 0.2453125 0.0875 0.05859375
0 0.378125 0.3 0.08046875 0.0484375
0 0.29296875 0.25 0.05859375 0.0390625
0 0.29609375 0.29921875 0.08046875 0.046875
0 0.21953125 0.2484375 0.0625 0.03828125
0 0.20859375 0.29609375 0.08515625 0.053125
0 0.1609375 0.25078125 0.04765625 0.03515625
0 0.1234375 0.29609375 0.0828125 0.05
0 0.87421875 0.30078125 0.07265625 0.05078125
0 0.94609375 0.30078125 0.0609375 0.04921875
0 0.89765625 0.26171875 0.053125 0.0203125
0 0.8375 0.25859375 0.06171875 0.0265625
0 0.915625 0.11328125 0.04453125 0.034375
0 0.16875 0.6015625 0.03125 0.0234375
0 0.91953125 0.15625 0.0546875 0.04921875
0 0.80078125 0.29765625 0.0703125 0.0484375
0 0.640625 0.29765625 0.075 0.05078125
0 0.53828125 0.409375 0.0734375 0.09765625
0 0.1171875 0.43046875 0.075 0.053125
0 0.43359375 0.4234375 0.12265625 0.065625
0 0.3078125 0.4296875 0.125 0.0515625
0 0.20234375 0.4328125 0.08125 0.04921875
0 0.19609375 0.38125 0.0796875 0.05
0 0.11875 0.38046875 0.071875 0.0421875
0 0.03984375 0.4390625 0.0796875 0.0328125
0 0.0375 0.39921875 0.075 0.0421875
0 0.03828125 0.3671875 0.0765625 0.015625
0 0.07578125 0.34921875 0.0890625 0.0140625
0 0.05078125 0.3015625 0.05546875 0.04140625
0 0.04375 0.25703125 0.06171875 0.040625
0 0.0828125 0.22265625 0.06015625 0.02578125
0 0.02578125 0.22265625 0.0515625 0.025
0 0.71796875 0.2984375 0.07734375 0.0515625
0 0.3234375 0.775 0.0890625 0.0390625
0 0.8578125 0.153125 0.0625 0.05234375
0 0.77578125 0.153125 0.07734375 0.05390625
0 0.48671875 0.06640625 0.05703125 0.03515625
0 0.48203125 0.10703125 0.06015625 0.04375
0 0.55703125 0.06328125 0.05859375 0.0265625
0 0.5484375 0.1046875 0.05546875 0.05234375
0 0.32890625 0.153125 0.0671875 0.053125
0 0.3984375 0.153125 0.06484375 0.05
0 0.7765625 0.83203125 0.071875 0.0359375
0 0.6734375 0.8890625 0.07734375 0.04140625
0 0.68125 0.840625 0.0796875 0.05234375
0 0.57265625 0.884375 0.1140625 0.0453125
0 0.5796875 0.85 0.1140625 0.021875
0 0.35546875 0.82421875 0.06484375 0.0265625
0 0.43515625 0.821875 0.06875 0.021875
0 0.465625 0.871875 0.0734375 0.0515625
0 0.38828125 0.87734375 0.0734375 0.05
0 0.17578125 0.76640625 0.06484375 0.0484375
0 0.85546875 0.1 0.06796875 0.05078125
0 0.49296875 0.02890625 0.05546875 0.03515625
0 0.55703125 0.2984375 0.0875 0.05
0 0.696875 0.153125 0.071875 0.05234375
0 0.61953125 0.1515625 0.078125 0.05703125
0 0.5328125 0.15625 0.06640625 0.04609375
0 0.4640625 0.1546875 0.05859375 0.0484375
0 0.96171875 0.87890625 0.0765625 0.046875
0 0.86640625 0.88046875 0.11015625 0.04921875
0 0.765625 0.88046875 0.07734375 0.05625
0 0.28515625 0.071875 0.06875 0.04140625
0 0.36015625 0.10390625 0.05 0.04375
0 0.4171875 0.10546875 0.06015625 0.04296875
0 0.7 0.37734375 0.09375 0.04921875
0 0.7125 0.43203125 0.09921875 0.05546875
0 0.80390625 0.37421875 0.10078125 0.04765625
0 0.81484375 0.42890625 0.09921875 0.05703125
0 0.9078125 0.3953125 0.07734375 0.0578125
0 0.53828125 0.253125 0.0640625 0.03515625
0 0.1984375 0.66328125 0.0640625 0.04296875
0 0.175 0.14921875 0.0734375 0.05703125
0 0.26640625 0.6328125 0.05859375 0.0125
0 0.6421875 0.77109375 0.11015625 0.0453125
0 0.63515625 0.71484375 0.10859375 0.0203125
0 0.6375 0.73671875 0.1015625 0.0203125
0 0.7328125 0.7203125 0.084375 0.03359375
0 0.7390625 0.76484375 0.07890625 0.05546875
0 0.81640625 0.7671875 0.0734375 0.05390625
0 0.52734375 0.71484375 0.1046875 0.02265625
0 0.8171875 0.721875 0.08125 0.0328125
0 0.25859375 0.14921875 0.06875 0.059375
0 0.26640625 0.6640625 0.0640625 0.04609375
0 0.95 0.6640625 0.09921875 0.02421875
0 0.93125 0.62265625 0.09140625 0.053125
0 0.85234375 0.63828125 0.06171875 0.08046875
0 0.275 0.10625 0.0625 0.02421875
0 0.9015625 0.7671875 0.084375 0.05234375
0 0.53046875 0.7375 0.1046875 0.01875
0 0.97421875 0.74609375 0.0515625 0.0484375
0 0.64375 0.65390625 0.10078125 0.059375
0 0.11640625 0.7546875 0.0453125 0.03671875
0 0.12109375 0.1046875 0.0578125 0.02890625
0 0.09765625 0.15 0.0703125 0.05390625
0 0.02890625 0.16015625 0.0578125 0.0296875
0 0.0296875 0.128125 0.05859375 0.03203125
0 0.0359375 0.090625 0.0625 0.03828125
0 0.03125 0.0609375 0.06171875 0.02109375
0 0.78828125 0.640625 0.06328125 0.08046875
0 0.72578125 0.640625 0.059375 0.0828125
0 0.53046875 0.62578125 0.0984375 0.0421875
0 0.32890625 0.634375 0.0578125 0.015625
0 0.4234375 0.65234375 0.1109375 0.0640625
0 0.31328125 0.61328125 0.06640625 0.0203125
0 0.33203125 0.66484375 0.0640625 0.04375