0 0.44765625 0.7015625 0.05390625 0.05
0 0.4515625 0.65390625 0.05234375 0.04140625
0 0.6015625 0.696875 0.09609375 0.01875
0 0.5140625 0.67890625 0.06484375 0.05078125
0 0.515625 0.71640625 0.0609375 0.02265625
0 0.39375 0.6390625 0.05859375 0.02109375
0 0.603125 0.7140625 0.0953125 0.01796875
0 0.93984375 0.6875 0.02109375 0.03984375
0 0.7 0.715625 0.10546875 0.01640625
0 0.75078125 0.66796875 0.034375 0.0484375
0 0.78515625 0.6765625 0.0359375 0.0328125
0 0.82265625 0.67890625 0.03046875 0.04296875
0 0.85390625 0.67734375 0.0328125 0.046875
0 0.9125 0.69140625 0.03359375 0.0328125
0 0.965625 0.6859375 0.03203125 0.03828125
0 0.05625 0.79609375 0.10625 0.0171875
0 0.05546875 0.81171875 0.10546875 0.0140625
0 0.05625 0.8265625 0.10625 0.01484375
0 0.70390625 0.7 0.096875 0.01640625
0 0.3796875 0.69921875 0.06171875 0.05859375
0 0.178125 0.68515625 0.05546875 0.08203125
0 0.2421875 0.68515625 0.071875 0.09375
0 0.03984375 0.696875 0.06953125 0.07265625
0 0.93671875 0.55625 0.0359375 0.05703125
0 0.8984375 0.55234375 0.028125 0.05
0 0.05625 0.8640625 0.10546875 0.01171875
0 0.1078125 0.6890625 0.06875 0.075
0 0.0640625 0.8875 0.1015625 0.0078125
0 0.1671875 0.80703125 0.1109375 0.021875
0 0.16640625 0.82421875 0.11171875 0.01015625
0 0.165625 0.8375 0.11015625 0.015625
0 0.16796875 0.8484375 0.1046875 0.00859375
0 0.16875 0.86015625 0.1078125 0.01484375
0 0.1734375 0.8734375 0.09765625 0.01328125
0 0.17890625 0.88671875 0.10859375 0.01015625
0 0.275 0.79375 0.1046875 0.01875
0 0.27578125 0.81171875 0.10078125 0.01640625
0 0.278125 0.825 0.109375 0.01015625
0 0.04609375 0.19375 0.05625 0.07578125
0 0.8796875 0.8546875 0.03828125 0.07578125
0 0.8359375 0.85390625 0.04765625 0.071875
0 0.3203125 0.67265625 0.05546875 0.07109375
0 0.059375 0.8765625 0.11171875 0.01484375
0 0.53046875 0.33828125 0.05078125 0.05078125
0 0.74765625 0.5703125 0.1015625 0.0734375
0 0.54375 0.14921875 0.05546875 0.13125
0 0.5953125 0.1515625 0.046875 0.12890625
0 0.64609375 0.1484375 0.0546875 0.12578125
0 0.69609375 0.14765625 0.0453125 0.12734375
0 0.746875 0.14453125 0.0546875 0.12421875
0 0.803125 0.13828125 0.05859375 0.13828125
0 0.86796875 0.15390625 0.0671875 0.09765625
0 0.93203125 0.1671875 0.0578125 0.0703125
0 0.75 0.31875 0.0578125 0.08203125
0 0.496875 0.1515625 0.040625 0.13515625
0 0.86953125 0.30078125 0.11796875 0.05546875
0 0.09140625 0.46484375 0.05546875 0.05703125
0 0.034375 0.46796875 0.05 0.04453125
0 0.03359375 0.421875 0.04765625 0.040625
0 0.115625 0.415625 0.05625 0.03046875
0 0.15234375 0.46484375 0.0515625 0.040625
0 0.20859375 0.47265625 0.06484375 0.02890625
0 0.21171875 0.4484375 0.059375 0.0234375
0 0.22265625 0.4171875 0.05625 0.0328125
0 0.309375 0.45546875 0.04296875 0.0625
0 0.92578125 0.33984375 0.10859375 0.02109375
0 0.446875 0.153125 0.05703125 0.13203125
0 0.396875 0.15703125 0.04296875 0.13515625
0 0.35 0.1578125 0.0515625 0.13125
0 0.578125 0.33125 0.04375 0.06484375
0 0.6265625 0.340625 0.040625 0.04140625
0 0.66328125 0.34140625 0.03125 0.040625
0 0.69921875 0.334375 0.0421875 0.04921875
0 0.44453125 0.3296875 0.0421875 0.07421875
0 0.40390625 0.3296875 0.03984375 0.075
0 0.36328125 0.334375 0.0421875 0.071875
0 0.325 0.3421875 0.03359375 0.05703125
0 0.2828125 0.31953125 0.03515625 0.0375
0 0.28359375 0.3546875 0.03203125 0.03359375
0 0.2390625 0.35078125 0.053125 0.03984375
0 0.23828125 0.31328125 0.0546875 0.03671875
0 0.17734375 0.3140625 0.0609375 0.040625
0 0.18203125 0.3546875 0.053125 0.0390625
0 0.125 0.3546875 0.05859375 0.03828125
0 0.075 0.35078125 0.0484375 0.05390625
0 0.0265625 0.3515625 0.05 0.05078125
0 0.98046875 0.16640625 0.0390625 0.0671875
0 0.175 0.16796875 0.0625 0.12265625
0 0.23984375 0.1640625 0.0671875 0.1296875
0 0.2984375 0.16171875 0.05078125 0.125
0 0.34609375 0.45390625 0.03046875 0.065625
0 0.84453125 0.56171875 0.0796875 0.05
0 0.396875 0.45703125 0.06796875 0.05859375
0 0.5 0.44375 0.04140625 0.0796875
0 0.79453125 0.85078125 0.03515625 0.0765625
0 0.8765625 0.4265625 0.07421875 0.0953125
0 0.9328125 0.44765625 0.03671875 0.05390625
0 0.97421875 0.44609375 0.0453125 0.053125
0 0.01875 0.59296875 0.0359375 0.04921875
0 0.0125 0.53984375 0.02265625 0.04296875
0 0.07421875 0.546875 0.05546875 0.04609375
0 0.07109375 0.59609375 0.06171875 0.05
0 0.14765625 0.57890625 0.03671875 0.03515625
0 0.2 0.58828125 0.0640625 0.0546875
0 0.2671875 0.5890625 0.071875 0.05234375
0 0.27109375 0.53203125 0.07578125 0.05234375
0 0.33984375 0.5796875 0.05859375 0.04609375
0 0.39453125 0.58359375 0.040625 0.05390625
0 0.43828125 0.575 0.0421875 0.07890625
0 0.4 0.53046875 0.0328125 0.0484375
0 0.47578125 0.58671875 0.03125 0.046875
0 0.50625 0.58203125 0.03125 0.04296875
0 0.53984375 0.565625 0.0375 0.0703125
0 0.5765625 0.57578125 0.0375 0.065625
0 0.6375 0.54609375 0.0859375 0.0640625
0 0.7578125 0.85390625 0.03828125 0.07734375
0 0.45390625 0.46171875 0.04453125 0.05078125
0 0.71796875 0.85546875 0.03984375 0.075
0 0.67890625 0.85390625 0.03359375 0.07265625
0 0.53828125 0.44765625 0.03046875 0.04921875
0 0.57109375 0.44453125 0.0390625 0.07421875
0 0.61171875 0.4390625 0.04296875 0.0859375
0 0.65390625 0.4328125 0.0421875 0.07890625
0 0.69921875 0.43046875 0.04609375 0.09296875
0 0.74296875 0.4296875 0.040625 0.09609375
0 0.80234375 0.440625 0.07265625 0.0546875
0 0.05546875 0.84140625 0.10625 0.01328125
0 0.48359375 0.32890625 0.03671875 0.0734375
0 0.2796875 0.8375 0.10546875 0.01484375
0 0.28515625 0.85078125 0.115625 0.01171875
0 0.28515625 0.86328125 0.115625 0.0140625
0 0.2859375 0.87578125 0.11796875 0.01171875
0 0.29140625 0.8890625 0.10859375 0.01484375
0 0.38515625 0.81015625 0.059375 0.0640625
0 0.38515625 0.86640625 0.05859375 0.05
0 0.459375 0.8375 0.06171875 0.1046875
0 0.51328125 0.85625 0.03515625 0.06796875
0 0.55078125 0.8546875 0.03984375 0.0703125
0 0.5890625 0.8546875 0.03671875 0.07109375
0 0.628125 0.85234375 0.0390625 0.0703125
0 0.05625 0.853125 0.10625 0.0109375