0 0.56015625 0.64609375 0.0828125 0.03828125
0 0.75390625 0.71953125 0.034375 0.0578125
0 0.66328125 0.63671875 0.1046875 0.01875
0 0.946875 0.71875 0.04453125 0.0609375
0 0.85390625 0.71875 0.0359375 0.05703125
0 0.70703125 0.715625 0.04296875 0.0578125
0 0.9203125 0.8078125 0.06328125 0.046875
0 0.5859375 0.7359375 0.071875 0.02109375
0 0.5890625 0.715625 0.0765625 0.02109375
0 0.5859375 0.69453125 0.078125 0.0171875
0 0.32109375 0.71328125 0.0859375 0.05546875
0 0.12421875 0.715625 0.09609375 0.06328125
0 0.8703125 0.809375 0.0375 0.0453125
0 0.38359375 0.64375 0.07421875 0.0359375
0 0.653125 0.7171875 0.0359375 0.0625
0 0.14140625 0.6484375 0.10546875 0.04609375
0 0.73671875 0.14296875 0.04609375 0.05625
0 0.178125 0.58984375 0.04609375 0.015625
0 0.784375 0.19375 0.0375 0.0515625
0 0.815625 0.1921875 0.0265625 0.05546875
0 0.82109375 0.7875 0.03125 0.0359375
0 0.7875 0.13203125 0.03125 0.03984375
0 0.76640625 0.57421875 0.04453125 0.0515625
0 0.68125 0.5765625 0.0484375 0.053125
0 0.1046875 0.57734375 0.0421875 0.0359375
0 0.62421875 0.5765625 0.053125 0.05078125
0 0.51015625 0.5796875 0.053125 0.03984375
0 0.45 0.5828125 0.0640625 0.03046875
0 0.3875 0.5859375 0.05625 0.03203125
0 0.325 0.584375 0.03828125 0.03046875
0 0.2765625 0.58359375 0.05390625 0.0359375
0 0.39140625 0.55390625 0.05546875 0.0203125
0 0.5671875 0.5765625 0.05234375 0.05390625
0 0.77890625 0.7984375 0.0359375 0.05859375
0 0.8546875 0.13828125 0.03359375 0.015625
0 0.66875 0.8109375 0.0796875 0.02890625
0 0.10703125 0.02890625 0.14140625 0.03515625
0 0.2046875 0.0375 0.0375 0.0609375
0 0.2359375 0.0390625 0.0328125 0.06171875
0 0.2671875 0.040625 0.028125 0.0640625
0 0.29609375 0.04140625 0.0328125 0.0609375
0 0.3375 0.03828125 0.0421875 0.06875
0 0.1046875 0.06015625 0.1359375 0.025
0 0.38671875 0.03984375 0.0515625 0.06640625
0 0.48359375 0.0453125 0.04765625 0.05859375
0 0.5375 0.0421875 0.04375 0.059375
0 0.58125 0.04296875 0.04140625 0.059375
0 0.6234375 0.0421875 0.04375 0.06171875
0 0.675 0.04609375 0.0546875 0.0234375
0 0.6796875 0.06328125 0.06875 0.009375
0 0.4390625 0.04140625 0.03984375 0.06171875
0 0.978125 0.19375 0.0390625 0.059375
0 0.95 0.20390625 0.015625 0.03671875
0 0.9140625 0.19453125 0.05234375 0.05390625
0 0.59921875 0.79921875 0.040625 0.06328125
0 0.55859375 0.80546875 0.0359375 0.05
0 0.52109375 0.80390625 0.03515625 0.05
0 0.46015625 0.81953125 0.07734375 0.01875
0 0.4 0.79296875 0.04296875 0.05
0 0.3515625 0.80234375 0.0421875 0.04921875
0 0.31015625 0.8 0.03984375 0.05078125
0 0.259375 0.7984375 0.0484375 0.06171875
0 0.2125 0.79765625 0.04609375 0.06328125
0 0.1171875 0.79453125 0.05234375 0.04921875
0 0.8171875 0.13515625 0.028125 0.034375
0 0.740625 0.1953125 0.0328125 0.05234375
0 0.8515625 0.15703125 0.03515625 0.0140625
0 0.84296875 0.19453125 0.02890625 0.053125
0 0.875 0.1953125 0.02734375 0.0515625
0 0.73125 0.7984375 0.04609375 0.0546875
0 0.70546875 0.19609375 0.03359375 0.05078125
0 0.78515625 0.28515625 0.0296875 0.0421875
0 0.64140625 0.19296875 0.03046875 0.053125
0 0.228125 0.51171875 0.06015625 0.02734375
0 0.1640625 0.5140625 0.07421875 0.02265625
0 0.0890625 0.5140625 0.06328125 0.025
0 0.0859375 0.48359375 0.0515625 0.02890625
0 0.1515625 0.484375 0.0625 0.03046875
0 0.23125 0.48046875 0.06015625 0.025
0 0.29765625 0.5109375 0.0578125 0.0265625
0 0.865625 0.58359375 0.06953125 0.04140625
0 0.57578125 0.42890625 0.0359375 0.04453125
0 0.61640625 0.428125 0.034375 0.04921875
0 0.64921875 0.428125 0.02578125 0.04765625
0 0.684375 0.42578125 0.0421875 0.0484375
0 0.778125 0.42734375 0.0203125 0.04921875
0 0.80546875 0.42734375 0.0296875 0.0484375
0 0.81015625 0.57734375 0.0421875 0.05546875
0 0.3640625 0.4984375 0.06328125 0.04765625
0 0.47421875 0.50390625 0.05390625 0.053125
0 0.53515625 0.50546875 0.06015625 0.04375
0 0.2078125 0.42421875 0.06640625 0.04765625
0 0.35390625 0.43125 0.03125 0.040625
0 0.40390625 0.42890625 0.04140625 0.04140625
0 0.4421875 0.4296875 0.02734375 0.04296875
0 0.471875 0.42890625 0.02578125 0.0515625
0 0.503125 0.42890625 0.02578125 0.0515625
0 0.5359375 0.428125 0.04140625 0.04375
0 0.15546875 0.42578125 0.03828125 0.0484375
0 0.95078125 0.50078125 0.04296875 0.05625
0 0.90546875 0.49921875 0.046875 0.05625
0 0.84453125 0.5078125 0.0546875 0.03515625
0 0.78125 0.5078125 0.0609375 0.0421875
0 0.7125 0.5015625 0.05390625 0.0546875
0 0.6578125 0.51015625 0.05625 0.0375
0 0.596875 0.50703125 0.05703125 0.03984375
0 0.86328125 0.41640625 0.08046875 0.01953125
0 0.67109375 0.19296875 0.028125 0.05625
0 0.865625 0.4390625 0.08046875 0.025
0 0.440625 0.32578125 0.09609375 0.00625
0 0.65390625 0.28671875 0.0625 0.04765625
0 0.73203125 0.290625 0.0671875 0.03203125
0 0.81875 0.28203125 0.0328125 0.05390625
0 0.86015625 0.28125 0.05234375 0.0515625
0 0.91484375 0.28671875 0.05625 0.0375
0 0.04921875 0.2046875 0.0625 0.03203125
0 0.6015625 0.28125 0.04140625 0.05703125
0 0.11640625 0.20546875 0.05546875 0.03359375
0 0.20625 0.18125 0.08671875 0.01796875
0 0.19375 0.20859375 0.0765625 0.0296875
0 0.2765625 0.20703125 0.08515625 0.0328125
0 0.3640625 0.20625 0.08671875 0.02890625
0 0.4453125 0.20625 0.07890625 0.02890625
0 0.5921875 0.20390625 0.06640625 0.03046875
0 0.1125 0.1703125 0.06171875 0.03125
0 0.553125 0.28046875 0.0296875 0.05546875
0 0.50625 0.28203125 0.05390625 0.05234375
0 0.44765625 0.28046875 0.05703125 0.0515625
0 0.4328125 0.3375 0.08515625 0.00859375
0 0.42734375 0.35703125 0.07421875 0.025
0 0.6078125 0.35390625 0.0859375 0.03125
0 0.7015625 0.33515625 0.0890625 0.0171875
0 0.70703125 0.3546875 0.09375 0.0234375
0 0.77734375 0.3453125 0.05078125 0.0453125
0 0.8390625 0.346875 0.053125 0.0453125
0 0.88125 0.34765625 0.03125 0.04375
0 0.14453125 0.25703125 0.06484375 0.03359375
0 0.06796875 0.28984375 0.0875 0.0375
0 0.1453125 0.29140625 0.065625 0.03125
0 0.2171875 0.29375 0.06953125 0.028125
0 0.29296875 0.290625 0.07421875 0.03046875
0 0.3734375 0.26328125 0.075 0.028125
0 0.37578125 0.29296875 0.0859375 0.02734375
0 0.9421875 0.434375 0.07109375 0.0328125
0 0.7421875 0.04921875 0.053125 0.0375
0 0.80703125 0.04140625 0.0546875 0.01875
0 0.890625 0.02109375 0.09453125 0.02890625
0 0.8078125 0.06015625 0.05546875 0.0140625
0 0.31953125 0.43046875 0.03125 0.03515625
0 0.26796875 0.42421875 0.05390625 0.0484375
0 0.9625 0.04140625 0.04765625 0.05703125
0 0.8921875 0.05390625 0.09609375 0.03046875