0 0.68125 0.8734375 0.0625 0.06875
0 0.4109375 0.3296875 0.04765625 0.04296875
0 0.76796875 0.69453125 0.04296875 0.02578125
0 0.76640625 0.66171875 0.05 0.0296875
0 0.70625 0.68984375 0.05625 0.0359375
0 0.64453125 0.68125 0.05234375 0.05390625
0 0.64453125 0.63828125 0.05546875 0.01328125
0 0.5859375 0.665625 0.05703125 0.08046875
0 0.525 0.6828125 0.04609375 0.05234375
0 0.47421875 0.68359375 0.04453125 0.05234375
0 0.41875 0.6734375 0.05625 0.07890625
0 0.821875 0.6734375 0.04375 0.03671875
0 0.8015625 0.86796875 0.034375 0.06484375
0 0.77890625 0.81875 0.028125 0.03203125
0 0.66875 0.81953125 0.05390625 0.0296875
0 0.02265625 0.09296875 0.04296875 0.1296875
0 0.3640625 0.675 0.03515625 0.078125
0 0.30625 0.678125 0.06796875 0.071875
0 0.2390625 0.6796875 0.046875 0.071875
0 0.18984375 0.7 0.040625 0.0265625
0 0.1890625 0.66796875 0.03828125 0.0328125
0 0.1328125 0.703125 0.05859375 0.02265625
0 0.73125 0.821875 0.05859375 0.03359375
0 0.13515625 0.67265625 0.04921875 0.03515625
0 0.03046875 0.77109375 0.0484375 0.04375
0 0.14375 0.7640625 0.0484375 0.0515625
0 0.60390625 0.85703125 0.065625 0.10078125
0 0.5359375 0.86015625 0.06171875 0.09765625
0 0.4640625 0.8703125 0.06875 0.0796875
0 0.39140625 0.87265625 0.065625 0.07578125
0 0.32890625 0.8578125 0.046875 0.10546875
0 0.27890625 0.8578125 0.0421875 0.08828125
0 0.153125 0.83671875 0.059375 0.0359375
0 0.20625 0.890625 0.07265625 0.06953125
0 0.11875 0.8921875 0.0703125 0.053125
0 0.08984375 0.76171875 0.05 0.05390625
0 0.03984375 0.86171875 0.07734375 0.1046875
0 0.76484375 0.74453125 0.0375 0.04375
0 0.7015625 0.75078125 0.0328125 0.046875
0 0.61796875 0.7609375 0.121875 0.0453125
0 0.51875 0.76171875 0.0609375 0.05390625
0 0.44609375 0.76015625 0.0734375 0.05546875
0 0.3671875 0.759375 0.0765625 0.05546875
0 0.303125 0.759375 0.0453125 0.05234375
0 0.25234375 0.75859375 0.04375 0.0515625
0 0.19921875 0.76328125 0.04921875 0.0484375
0 0.80234375 0.7390625 0.02734375 0.03125
0 0.3515625 0.365625 0.05390625 0.0578125
0 0.0875 0.6890625 0.02734375 0.0421875
0 0.10390625 0.6078125 0.06328125 0.05
0 0.52890625 0.465625 0.040625 0.05703125
0 0.49296875 0.46328125 0.0265625 0.05546875
0 0.453125 0.46171875 0.03984375 0.06171875
0 0.40625 0.45234375 0.0375 0.075
0 0.359375 0.47265625 0.0421875 0.04375
0 0.27109375 0.4671875 0.0328125 0.05859375
0 0.225 0.4671875 0.05078125 0.06015625
0 0.165625 0.44140625 0.0578125 0.0609375
0 0.0953125 0.4609375 0.065625 0.025
0 0.65078125 0.475 0.0578125 0.034375
0 0.028125 0.459375 0.0546875 0.02734375
0 0.8109375 0.35703125 0.0359375 0.0671875
0 0.77265625 0.36015625 0.02890625 0.04921875
0 0.68984375 0.3515625 0.0734375 0.06796875
0 0.62578125 0.35703125 0.04296875 0.06015625
0 0.575 0.35703125 0.05078125 0.05859375
0 0.515625 0.35390625 0.05546875 0.06953125
0 0.4734375 0.36796875 0.02109375 0.0421875
0 0.44765625 0.36953125 0.01640625 0.04296875
0 0.4078125 0.37265625 0.05234375 0.03671875
0 0.86484375 0.36171875 0.05234375 0.0515625
0 0.1828125 0.60390625 0.04765625 0.05546875
0 0.70625 0.453125 0.0484375 0.071875
0 0.80078125 0.4515625 0.040625 0.07265625
0 0.04921875 0.60703125 0.03828125 0.05
0 0.01484375 0.60546875 0.02734375 0.0546875
0 0.821875 0.55703125 0.06875 0.09921875
0 0.71953125 0.559375 0.121875 0.08984375
0 0.58671875 0.5546875 0.12890625 0.0859375
0 0.48828125 0.58203125 0.0546875 0.021875
0 0.434375 0.60078125 0.05 0.01328125
0 0.43125 0.58359375 0.04765625 0.0125
0 0.7484375 0.871875 0.0609375 0.06171875
0 0.753125 0.45625 0.046875 0.06484375
0 0.425 0.546875 0.04140625 0.0125
0 0.3734375 0.58203125 0.0546875 0.01640625
0 0.3703125 0.559375 0.04765625 0.01875
0 0.31484375 0.56875 0.04765625 0.0859375
0 0.24765625 0.5734375 0.07421875 0.075
0 0.18359375 0.5140625 0.0453125 0.021875
0 0.1296875 0.5125 0.04140625 0.0234375
0 0.06796875 0.5171875 0.053125 0.028125
0 0.01875 0.51875 0.03515625 0.0390625
0 0.84765625 0.45390625 0.04296875 0.07421875
0 0.37734375 0.60234375 0.06171875 0.0171875
0 0.43046875 0.56640625 0.0453125 0.01640625
0 0.3125 0.465625 0.04296875 0.0578125
0 0.2109375 0.246875 0.08515625 0.065625
0 0.79375 0.09140625 0.0703125 0.121875
0 0.725 0.09375 0.059375 0.1234375
0 0.665625 0.09296875 0.03984375 0.125
0 0.609375 0.09296875 0.053125 0.13125
0 0.50078125 0.09296875 0.05390625 0.12734375
0 0.43984375 0.0953125 0.0546875 0.12578125
0 0.38125 0.0828125 0.0578125 0.15625
0 0.31953125 0.08203125 0.05703125 0.16015625
0 0.796875 0.24375 0.0375 0.06640625
0 0.8578125 0.20234375 0.0625 0.03828125
0 0.86875 0.2484375 0.059375 0.04375
0 0.1953125 0.384375 0.0375 0.02734375
0 0.25234375 0.36484375 0.0359375 0.059375
0 0.29453125 0.3640625 0.040625 0.053125
0 0.2515625 0.0796875 0.04921875 0.15703125
0 0.184375 0.08203125 0.05703125 0.16171875
0 0.096875 0.08203125 0.09921875 0.16171875
0 0.6734375 0.2609375 0.10625 0.02578125
0 0.7515625 0.24375 0.04296875 0.05859375
0 0.8734375 0.0875 0.08828125 0.125
0 0.0265625 0.29609375 0.053125 0.14140625
0 0.55625 0.09296875 0.0453125 0.1265625
0 0.134375 0.30078125 0.05078125 0.14453125
0 0.309375 0.24453125 0.090625 0.07109375
0 0.40546875 0.2453125 0.0953125 0.06953125
0 0.5140625 0.2421875 0.0953125 0.07109375
0 0.68125 0.209375 0.07109375 0.02265625
0 0.0796875 0.303125 0.0421875 0.13828125
0 0.678125 0.23359375 0.075 0.01953125