0 0.63125 0.74921875 0.03359375 0.059375
0 0.66328125 0.7390625 0.02890625 0.0625
0 0.465625 0.6484375 0.03984375 0.09375
0 0.13828125 0.5625 0.07265625 0.05
0 0.240625 0.5375 0.0875 0.1078125
0 0.3046875 0.5140625 0.0375 0.09140625
0 0.3703125 0.528125 0.07578125 0.05234375
0 0.43203125 0.5171875 0.0421875 0.07734375
0 0.47890625 0.509375 0.04296875 0.0953125
0 0.06328125 0.5359375 0.053125 0.0984375
0 0.52421875 0.53125 0.03515625 0.053125
0 0.6 0.52578125 0.04296875 0.04453125
0 0.6421875 0.52578125 0.03359375 0.0421875
0 0.68125 0.52421875 0.0328125 0.0453125
0 0.71875 0.51640625 0.0328125 0.0484375
0 0.7578125 0.5171875 0.03515625 0.0421875
0 0.790625 0.5 0.02421875 0.07578125
0 0.5609375 0.52890625 0.03203125 0.05546875
0 0.81796875 0.5046875 0.025 0.0640625
0 0.01328125 0.53671875 0.0265625 0.1265625
0 0.94453125 0.39921875 0.02109375 0.04296875
0 0.39921875 0.38671875 0.04453125 0.0859375
0 0.45625 0.3875 0.04921875 0.08359375
0 0.503125 0.38203125 0.04453125 0.0875
0 0.54921875 0.38984375 0.04296875 0.0765625
0 0.59296875 0.3875 0.03515625 0.08203125
0 0.62890625 0.38203125 0.02890625 0.1
0 0.9828125 0.38984375 0.034375 0.084375
0 0.66171875 0.390625 0.03515625 0.06875
0 0.72578125 0.3875 0.021875 0.071875
0 0.75625 0.38515625 0.02578125 0.07734375
0 0.78671875 0.38671875 0.02890625 0.0703125
0 0.83203125 0.4015625 0.05234375 0.0359375
0 0.87578125 0.38359375 0.03125 0.071875
0 0.915625 0.3828125 0.034375 0.07578125
0 0.69609375 0.38125 0.02890625 0.09296875
0 0.3 0.3859375 0.046875 0.08515625
0 0.8421875 0.5046875 0.02109375 0.053125
0 0.06640625 0.70546875 0.06171875 0.0875
0 0.74609375 0.6390625 0.0375 0.028125
0 0.7859375 0.63359375 0.03515625 0.0265625
0 0.82578125 0.6328125 0.03671875 0.025
0 0.97109375 0.59765625 0.03671875 0.0828125
0 0.05078125 0.846875 0.04140625 0.05625
0 0.11328125 0.82421875 0.0375 0.059375
0 0.7046875 0.6421875 0.03984375 0.0296875
0 0.19609375 0.8171875 0.053125 0.05703125
0 0.3203125 0.81015625 0.0421875 0.078125
0 0.36875 0.825 0.04453125 0.02890625
0 0.41796875 0.81328125 0.05234375 0.028125
0 0.48203125 0.7703125 0.03046875 0.0890625
0 0.6953125 0.7265625 0.028125 0.06484375
0 0.72890625 0.73125 0.034375 0.0578125
0 0.27109375 0.81484375 0.05390625 0.090625
0 0.86484375 0.509375 0.03125 0.046875
0 0.88671875 0.59375 0.02734375 0.075
0 0.821875 0.60625 0.0390625 0.0234375
0 0.1328125 0.69375 0.05390625 0.09296875
0 0.2359375 0.696875 0.08828125 0.1171875
0 0.29296875 0.6625 0.02578125 0.10859375
0 0.33046875 0.65703125 0.04140625 0.1125
0 0.375 0.646875 0.04453125 0.0953125
0 0.4234375 0.65078125 0.03828125 0.09375
0 0.859375 0.59921875 0.02421875 0.0734375
0 0.5078125 0.6578125 0.03671875 0.05390625
0 0.58828125 0.62265625 0.03515625 0.0984375
0 0.61875 0.621875 0.02890625 0.0984375
0 0.65234375 0.621875 0.03125 0.1015625
0 0.7 0.6015625 0.03828125 0.0421875
0 0.7421875 0.59765625 0.03203125 0.0453125
0 0.78203125 0.59921875 0.03515625 0.028125
0 0.55 0.65390625 0.0390625 0.0515625
0 0.765625 0.7296875 0.02265625 0.0578125
0 0.553125 0.75625 0.0484375 0.0765625
0 0.52421875 0.2609375 0.04140625 0.05703125
0 0.08515625 0.38046875 0.08046875 0.1109375
0 0.02109375 0.3796875 0.04140625 0.096875
0 0.93515625 0.2953125 0.034375 0.0328125
0 0.89921875 0.2921875 0.034375 0.03515625
0 0.8671875 0.284375 0.02734375 0.04453125
0 0.83359375 0.2828125 0.0296875 0.04375
0 0.7984375 0.28046875 0.03046875 0.05
0 0.7625 0.2828125 0.0359375 0.040625
0 0.7234375 0.2734375 0.03359375 0.0515625
0 0.68984375 0.2609375 0.02734375 0.06953125
0 0.65703125 0.271875 0.03203125 0.046875
0 0.621875 0.26796875 0.03828125 0.05625
0 0.57578125 0.26171875 0.05078125 0.0609375
0 0.94921875 0.7015625 0.02890625 0.0421875
0 0.48125 0.24296875 0.0390625 0.0859375
0 0.440625 0.24375 0.0375 0.0734375
0 0.3875 0.23515625 0.02734375 0.0890625
0 0.328125 0.228125 0.08046875 0.1359375
0 0.24296875 0.071875 0.06640625 0.0796875
0 0.24609375 0.196875 0.05078125 0.12890625
0 0.16796875 0.2125 0.07265625 0.1109375
0 0.08984375 0.20546875 0.075 0.115625
0 0.0234375 0.175 0.04296875 0.16484375
0 0.7859375 0.7234375 0.01796875 0.0515625
0 0.81796875 0.7171875 0.03671875 0.0671875
0 0.20234375 0.38828125 0.09140625 0.13125
0 0.86328125 0.7 0.04453125 0.08125
0 0.97734375 0.6921875 0.03203125 0.034375
0 0.9625 0.7859375 0.03203125 0.021875
0 0.83515625 0.9703125 0.02890625 0.03984375
0 0.87421875 0.96328125 0.02890625 0.06796875
0 0.90546875 0.953125 0.0265625 0.0671875
0 0.9328125 0.9640625 0.0203125 0.02578125
0 0.96640625 0.953125 0.02265625 0.0203125
0 0.99140625 0.95390625 0.01640625 0.01796875
0 0.990625 0.89375 0.01796875 0.0546875
0 0.8703125 0.815625 0.02421875 0.0296875
0 0.8390625 0.825 0.03125 0.03203125
0 0.80546875 0.815625 0.034375 0.06875
0 0.76796875 0.82578125 0.0296875 0.0609375
0 0.7265625 0.8359375 0.0453125 0.06953125
0 0.68515625 0.84375 0.03671875 0.07734375
0 0.60546875 0.8609375 0.04453125 0.078125
0 0.559375 0.8734375 0.03125 0.0828125
0 0.55625 0.85 0.01171875 0.0359375
0 0.52890625 0.87734375 0.025 0.08359375
0 0.49765625 0.89296875 0.0296875 0.071875
0 0.4515625 0.8984375 0.0328125 0.08359375
0 0.41171875 0.91640625 0.03125 0.0765625
0 0.38203125 0.915625 0.01875 0.08828125
0 0.33515625 0.92890625 0.06328125 0.09296875
0 0.2546875 0.95078125 0.08046875 0.0984375
0 0.18359375 0.971875 0.040625 0.05625
0 0.91640625 0.78359375 0.06484375 0.06328125
0 0.990625 0.7703125 0.01796875 0.0546875
0 0.9109375 0.6875 0.05078125 0.0703125