0 0.0265625 0.40546875 0.053125 0.0703125
0 0.0828125 0.584375 0.0703125 0.0765625
0 0.02265625 0.6578125 0.04453125 0.08515625
0 0.15625 0.5875 0.07109375 0.07421875
0 0.15625 0.6625 0.07109375 0.07421875
0 0.0828125 0.6625 0.06796875 0.07578125
0 0.23046875 0.5859375 0.07109375 0.078125
0 0.30390625 0.5875 0.06875 0.07734375
0 0.37578125 0.5875 0.06484375 0.0796875
0 0.44765625 0.58828125 0.06875 0.078125
0 0.02421875 0.4796875 0.0484375 0.071875
0 0.728125 0.946875 0.0671875 0.07265625
0 0.3 0.40546875 0.07578125 0.07265625
0 0.0859375 0.4796875 0.04765625 0.0671875
0 0.15078125 0.484375 0.07421875 0.07265625
0 0.15 0.40625 0.0640625 0.0734375
0 0.225 0.484375 0.06953125 0.0703125
0 0.22265625 0.40703125 0.07421875 0.0734375
0 0.30078125 0.4828125 0.0671875 0.0765625
0 0.52109375 0.58828125 0.06640625 0.078125
0 0.3734375 0.48359375 0.06953125 0.0796875
0 0.3875 0.40703125 0.065625 0.06875
0 0.4546875 0.40703125 0.05859375 0.0703125
0 0.44765625 0.48359375 0.07109375 0.078125
0 0.5234375 0.48359375 0.06875 0.078125
0 0.521875 0.40703125 0.06796875 0.0734375
0 0.59609375 0.40703125 0.07265625 0.0765625
0 0.0875 0.40625 0.04765625 0.06875
0 0.59296875 0.5890625 0.06953125 0.0828125
0 0.3015625 0.665625 0.06796875 0.071875
0 0.67109375 0.67265625 0.07265625 0.078125
0 0.3734375 0.7609375 0.06015625 0.071875
0 0.37421875 0.8375 0.06796875 0.078125
0 0.3078125 0.7453125 0.06015625 0.046875
0 0.303125 0.8265625 0.0671875 0.08671875
0 0.23359375 0.8328125 0.06953125 0.0796875
0 0.23671875 0.75546875 0.06484375 0.06953125
0 0.16171875 0.7609375 0.0703125 0.071875
0 0.16015625 0.83515625 0.06796875 0.0734375
0 0.08828125 0.8359375 0.06953125 0.075
0 0.08515625 0.759375 0.07265625 0.07421875
0 0.02421875 0.76171875 0.04375 0.06875
0 0.02421875 0.8328125 0.04765625 0.0703125
0 0.05390625 0.9296875 0.053125 0.06796875
0 0.23984375 0.934375 0.05546875 0.0703125
0 0.30078125 0.9328125 0.05859375 0.065625
0 0.36875 0.93515625 0.06640625 0.06953125
0 0.44140625 0.93359375 0.06796875 0.06875
0 0.5140625 0.93828125 0.06328125 0.06875
0 0.58359375 0.940625 0.065625 0.065625
0 0.9203125 0.9484375 0.14921875 0.0546875
0 0.80078125 0.94375 0.06953125 0.06796875
0 0.44453125 0.84375 0.06796875 0.0765625
0 0.44375 0.7640625 0.06953125 0.078125
0 0.51484375 0.8453125 0.0703125 0.075
0 0.51640625 0.7671875 0.06484375 0.0765625
0 0.59375 0.6703125 0.06796875 0.075
0 0.52265625 0.66640625 0.06953125 0.0734375
0 0.44765625 0.66484375 0.06796875 0.0734375
0 0.375 0.66484375 0.0671875 0.0734375
0 0.653125 0.940625 0.0671875 0.0671875
0 0.23046875 0.66328125 0.06640625 0.07265625
0 0.746875 0.59140625 0.07109375 0.084375
0 0.8203125 0.59296875 0.0703125 0.0828125
0 0.81953125 0.6734375 0.07578125 0.07578125
0 0.7453125 0.671875 0.06640625 0.0734375
0 0.66953125 0.590625 0.071875 0.08203125
0 0.93984375 0.5984375 0.11640625 0.065625
0 0.9453125 0.7625 0.1078125 0.0640625
0 0.94375 0.82578125 0.11171875 0.0609375
0 0.8125 0.77109375 0.06875 0.075
0 0.80703125 0.85 0.07421875 0.0765625
0 0.734375 0.84453125 0.06640625 0.0765625
0 0.734375 0.76796875 0.06875 0.0734375
0 0.6609375 0.7671875 0.06796875 0.075
0 0.6609375 0.84375 0.0734375 0.075
0 0.5859375 0.84375 0.06796875 0.075
0 0.58984375 0.7671875 0.06953125 0.0765625
0 0.9375 0.66171875 0.12421875 0.05625
0 0.178125 0.93125 0.05390625 0.0640625
0 0.1140625 0.93359375 0.0578125 0.0671875
0 0.75390625 0.27890625 0.071875 0.0359375
0 0.834375 0.2828125 0.07890625 0.03359375
0 0.821875 0.2515625 0.0640625 0.01875
0 0.7484375 0.25 0.06171875 0.0140625
0 0.675 0.31875 0.07421875 0.0359375
0 0.675 0.28671875 0.06484375 0.0203125
0 0.52109375 0.32109375 0.06953125 0.034375
0 0.596875 0.31875 0.07890625 0.0375
0 0.60078125 0.28046875 0.06875 0.03359375
0 0.525 0.28125 0.06640625 0.0328125
0 0.440625 0.31484375 0.075 0.0328125
0 0.2921875 0.315625 0.07265625 0.03671875
0 0.215625 0.315625 0.07265625 0.034375
0 0.1375 0.3171875 0.07421875 0.034375
0 0.45 0.284375 0.06953125 0.025
0 0.36640625 0.27890625 0.075 0.03515625
0 0.28671875 0.2796875 0.071875 0.03203125
0 0.21328125 0.278125 0.06796875 0.034375
0 0.13671875 0.27890625 0.07265625 0.03515625
0 0.05859375 0.315625 0.06953125 0.034375
0 0.06015625 0.278125 0.071875 0.03125
0 0.0375 0.1640625 0.065625 0.0671875
0 0.10625 0.16640625 0.065625 0.065625
0 0.175 0.16328125 0.06015625 0.06484375
0 0.83046875 0.3171875 0.075 0.0328125
0 0.75234375 0.31640625 0.07578125 0.0359375
0 0.828125 0.4078125 0.0734375 0.0765625
0 0.82578125 0.4875 0.07578125 0.078125
0 0.03828125 0.0921875 0.06640625 0.0734375
0 0.10625 0.0953125 0.065625 0.0734375
0 0.171875 0.09140625 0.06015625 0.07265625
0 0.24140625 0.090625 0.06328125 0.0765625
0 0.30859375 0.09296875 0.05859375 0.06875
0 0.37421875 0.090625 0.06796875 0.078125
0 0.44296875 0.08984375 0.06171875 0.0765625
0 0.5078125 0.090625 0.06328125 0.0765625
0 0.578125 0.09375 0.06171875 0.07421875
0 0.6484375 0.09296875 0.06484375 0.0734375
0 0.71875 0.09140625 0.0671875 0.0734375
0 0.240625 0.1625 0.06328125 0.06328125
0 0.7890625 0.08984375 0.0625 0.0734375
0 0.959375 0.0921875 0.06796875 0.06875
0 0.9578125 0.1609375 0.06796875 0.0671875
0 0.85546875 0.1671875 0.06484375 0.0625
0 0.7859375 0.1640625 0.0625 0.06640625
0 0.71796875 0.1640625 0.0671875 0.065625
0 0.64453125 0.1640625 0.06484375 0.0640625
0 0.59609375 0.484375 0.0703125 0.0765625
0 0.671875 0.48515625 0.0734375 0.078125
0 0.6734375 0.40625 0.0703125 0.078125
0 0.74765625 0.4875 0.07265625 0.0796875
0 0.74921875 0.4046875 0.0703125 0.0796875
0 0.85625 0.09296875 0.06484375 0.075
0 0.31015625 0.165625 0.06171875 0.0640625
0 0.36640625 0.3171875 0.06796875 0.03515625
0 0.4421875 0.1640625 0.06171875 0.065625
0 0.57890625 0.16484375 0.0640625 0.06484375
0 0.3734375 0.1640625 0.06328125 0.0671875
0 0.51015625 0.16328125 0.0640625 0.0625