0 0.5421875 0.64609375 0.07109375 0.0359375
0 0.8625 0.14375 0.071875 0.04140625
0 0.79140625 0.14375 0.065625 0.0390625
0 0.68203125 0.14296875 0.06171875 0.0421875
0 0.61953125 0.14140625 0.05546875 0.040625
0 0.55625 0.140625 0.0671875 0.0421875
0 0.475 0.1390625 0.05859375 0.040625
0 0.40703125 0.1375 0.05859375 0.04296875
0 0.346875 0.134375 0.0578125 0.04296875
0 0.28203125 0.1359375 0.0625 0.04453125
0 0.22265625 0.1359375 0.05546875 0.040625
0 0.028125 0.13515625 0.05625 0.0421875
0 0.47109375 0.646875 0.07109375 0.0375
0 0.1015625 0.74765625 0.04921875 0.0453125
0 0.0453125 0.7515625 0.05234375 0.04375
0 0.96953125 0.6375 0.0609375 0.0625
0 0.9125 0.6359375 0.05703125 0.05859375
0 0.84453125 0.64921875 0.07890625 0.034375
0 0.2203125 0.74375 0.0359375 0.0578125
0 0.18203125 0.7421875 0.03984375 0.0625
0 0.14375 0.74609375 0.0296875 0.0546875
0 0.76875 0.65 0.07265625 0.03125
0 0.69140625 0.646875 0.07578125 0.034375
0 0.615625 0.64765625 0.07578125 0.034375
0 0.08828125 0.1359375 0.05859375 0.04375
0 0.93515625 0.1453125 0.06328125 0.03984375
0 0.12890625 0.3328125 0.0578125 0.059375
0 0.10859375 0.2171875 0.07109375 0.0609375
0 0.265625 0.334375 0.06484375 0.06015625
0 0.3328125 0.33125 0.05234375 0.05546875
0 0.4 0.334375 0.0796875 0.0625
0 0.46875 0.346875 0.03984375 0.04296875
0 0.5578125 0.334375 0.075 0.1078125
0 0.64765625 0.3484375 0.0625 0.04375
0 0.20546875 0.33203125 0.053125 0.06328125
0 0.70859375 0.35546875 0.05234375 0.0203125
0 0.825 0.34765625 0.06640625 0.0375
0 0.88984375 0.3453125 0.065625 0.040625
0 0.96171875 0.346875 0.0765625 0.0375
0 0.0375 0.43828125 0.04765625 0.0703125
0 0.0875 0.44609375 0.04921875 0.0546875
0 0.13828125 0.44375 0.05 0.05703125
0 0.76328125 0.3546875 0.0546875 0.02109375
0 0.03828125 0.21640625 0.06484375 0.0609375
0 0.40078125 0.6484375 0.06953125 0.034375
0 0.04140625 0.33203125 0.0375 0.0640625
0 0.19765625 0.21796875 0.06015625 0.065625
0 0.246875 0.2234375 0.03125 0.053125
0 0.2828125 0.2234375 0.0375 0.053125
0 0.3203125 0.221875 0.0328125 0.0515625
0 0.35625 0.2265625 0.03828125 0.04609375
0 0.41328125 0.22109375 0.07578125 0.0578125
0 0.07890625 0.33203125 0.03515625 0.06484375
0 0.48828125 0.2234375 0.06796875 0.05625
0 0.64453125 0.22265625 0.0671875 0.05625
0 0.725 0.221875 0.07109375 0.06015625
0 0.79921875 0.2265625 0.06796875 0.05
0 0.89375 0.2234375 0.07265625 0.053125
0 0.965625 0.228125 0.06640625 0.0515625
0 0.01171875 0.3296875 0.02265625 0.06328125
0 0.5734375 0.2234375 0.06796875 0.05625
0 0.328125 0.64921875 0.0671875 0.04296875
0 0.11171875 0.6296875 0.04609375 0.0765625
0 0.2015625 0.6296875 0.040625 0.078125
0 0.28515625 0.8328125 0.06171875 0.0796875
0 0.3578125 0.83203125 0.06796875 0.08125
0 0.4296875 0.8296875 0.065625 0.0796875
0 0.49296875 0.83125 0.0609375 0.08203125
0 0.56171875 0.8296875 0.06328125 0.08671875
0 0.621875 0.82734375 0.0578125 0.0828125
0 0.6890625 0.8296875 0.0609375 0.07734375
0 0.775 0.8265625 0.0859375 0.075
0 0.87109375 0.8265625 0.1 0.075
0 0.96015625 0.828125 0.07890625 0.078125
0 0.259375 0.6515625 0.06796875 0.0390625
0 0.1859375 0.4453125 0.0453125 0.0546875
0 0.23359375 0.45 0.03984375 0.046875
0 0.29140625 0.45546875 0.06953125 0.04609375
0 0.36015625 0.45234375 0.06953125 0.040625
0 0.4265625 0.4484375 0.06328125 0.0484375
0 0.49375 0.453125 0.06640625 0.03984375
0 0.2140625 0.8328125 0.07734375 0.0796875
0 0.14140625 0.8359375 0.06328125 0.08359375
0 0.0640625 0.8390625 0.07890625 0.0796875
0 0.9765625 0.7328125 0.046875 0.065625
0 0.253125 0.7453125 0.02734375 0.05703125
0 0.28671875 0.7421875 0.03828125 0.05859375
0 0.32265625 0.74140625 0.03359375 0.0578125
0 0.3578125 0.740625 0.03671875 0.05859375
0 0.39296875 0.74375 0.03046875 0.04921875
0 0.425 0.7453125 0.0328125 0.046875
0 0.4640625 0.73828125 0.03671875 0.0546875
0 0.49609375 0.7375 0.02890625 0.05625
0 0.68203125 0.4546875 0.0734375 0.034375
0 0.53203125 0.7390625 0.03125 0.0484375
0 0.59765625 0.7359375 0.03203125 0.05625
0 0.64453125 0.740625 0.04921875 0.046875
0 0.6953125 0.74140625 0.05 0.04609375
0 0.74140625 0.740625 0.04296875 0.04453125
0 0.78671875 0.7421875 0.040625 0.04140625
0 0.83359375 0.7390625 0.04453125 0.04765625
0 0.88046875 0.740625 0.04921875 0.0453125
0 0.928125 0.7390625 0.0453125 0.0484375
0 0.56484375 0.7390625 0.03125 0.05078125
0 0.75703125 0.4546875 0.07265625 0.0390625
0 0.16875 0.33359375 0.01796875 0.0578125
0 0.9015625 0.45234375 0.06796875 0.040625
0 0.54609375 0.540625 0.06328125 0.04375
0 0.6125 0.54375 0.06171875 0.04375
0 0.675 0.54453125 0.059375 0.040625
0 0.7328125 0.5578125 0.05078125 0.0234375
0 0.8296875 0.45390625 0.07109375 0.040625
0 0.7859375 0.53046875 0.05234375 0.0203125
0 0.84140625 0.53125 0.053125 0.028125
0 0.89765625 0.53125 0.053125 0.025
0 0.846875 0.5546875 0.05859375 0.0203125
0 0.9078125 0.55546875 0.06171875 0.021875
0 0.96796875 0.53515625 0.06328125 0.01875
0 0.97109375 0.5546875 0.0578125 0.0203125
0 0.0265625 0.6328125 0.04140625 0.07734375
0 0.0671875 0.6328125 0.03828125 0.0765625
0 0.1578125 0.6296875 0.04921875 0.07890625
0 0.3625 0.54453125 0.06953125 0.04609375
0 0.2875 0.54765625 0.07421875 0.040625
0 0.7875 0.55703125 0.05546875 0.025
0 0.13515625 0.55 0.07421875 0.0359375
0 0.96875 0.45546875 0.0609375 0.04375
0 0.2125 0.5484375 0.07421875 0.034375
0 0.06328125 0.54765625 0.06953125 0.0375