0 0.86640625 0.56796875 0.04375 0.0578125
0 0.34609375 0.646875 0.03359375 0.05390625
0 0.3859375 0.6484375 0.04140625 0.05234375
0 0.4265625 0.6515625 0.03828125 0.059375
0 0.471875 0.65234375 0.05 0.05703125
0 0.590625 0.64609375 0.03671875 0.0546875
0 0.5546875 0.65390625 0.03359375 0.06484375
0 0.3109375 0.65 0.0359375 0.0578125
0 0.675 0.6484375 0.0421875 0.0546875
0 0.51953125 0.6546875 0.03984375 0.06328125
0 0.2765625 0.64921875 0.034375 0.059375
0 0.571875 0.4703125 0.03359375 0.078125
0 0.121875 0.64453125 0.0328125 0.05859375
0 0.15703125 0.64609375 0.03984375 0.05625
0 0.78203125 0.65625 0.0359375 0.0625
0 0.52421875 0.46640625 0.0390625 0.07265625
0 0.46484375 0.46171875 0.034375 0.053125
0 0.421875 0.4625 0.02890625 0.0578125
0 0.3671875 0.46015625 0.025 0.059375
0 0.334375 0.4609375 0.03671875 0.0578125
0 0.23515625 0.459375 0.0484375 0.059375
0 0.19296875 0.459375 0.0359375 0.0609375
0 0.078125 0.6546875 0.034375 0.04921875
0 0.82421875 0.659375 0.04921875 0.0578125
0 0.071875 0.7421875 0.034375 0.06015625
0 0.0234375 0.74375 0.03828125 0.0609375
0 0.5140625 0.74921875 0.0375 0.0578125
0 0.46796875 0.7453125 0.04140625 0.0609375
0 0.434375 0.74453125 0.0203125 0.06171875
0 0.403125 0.74140625 0.03828125 0.05546875
0 0.36875 0.74140625 0.0328125 0.05546875
0 0.5546875 0.74921875 0.0421875 0.0578125
0 0.5953125 0.7484375 0.034375 0.0609375
0 0.3296875 0.740625 0.0390625 0.05703125
0 0.29453125 0.7390625 0.03203125 0.0625
0 0.2578125 0.7375 0.04296875 0.06328125
0 0.21875 0.7390625 0.03203125 0.0609375
0 0.04296875 0.653125 0.0359375 0.053125
0 0.0125 0.6515625 0.0203125 0.0578125
0 0.17890625 0.73828125 0.03203125 0.0578125
0 0.6453125 0.7484375 0.04140625 0.06640625
0 0.7265625 0.75390625 0.090625 0.0625
0 0.8265625 0.75703125 0.109375 0.0578125
0 0.01640625 0.46328125 0.028125 0.06328125
0 0.1453125 0.740625 0.0328125 0.06015625
0 0.11484375 0.7390625 0.03046875 0.06328125
0 0.1546875 0.4578125 0.03515625 0.0578125
0 0.86953125 0.6578125 0.0390625 0.05703125
0 0.1953125 0.64375 0.03515625 0.05234375
0 0.11953125 0.45859375 0.0328125 0.05703125
0 0.0765625 0.2625 0.04375 0.065625
0 0.36328125 0.36640625 0.03828125 0.0625
0 0.30078125 0.36640625 0.0359375 0.06640625
0 0.253125 0.35546875 0.0515625 0.07109375
0 0.74296875 0.47109375 0.04609375 0.065625
0 0.78984375 0.4734375 0.04765625 0.0625
0 0.8375 0.4734375 0.04609375 0.0625
0 0.88671875 0.47109375 0.05234375 0.06484375
0 0.021875 0.56015625 0.0390625 0.06875
0 0.13828125 0.55 0.0359375 0.06484375
0 0.17734375 0.5515625 0.04140625 0.0625
0 0.2171875 0.5515625 0.03828125 0.06328125
0 0.42421875 0.36875 0.04296875 0.06875
0 0.26015625 0.553125 0.04296875 0.06015625
0 0.3640625 0.56171875 0.0453125 0.0640625
0 0.40625 0.56015625 0.040625 0.06640625
0 0.46015625 0.5625 0.046875 0.0625
0 0.50859375 0.5640625 0.04140625 0.06328125
0 0.55078125 0.56328125 0.0375 0.0625
0 0.6203125 0.5640625 0.04140625 0.05859375
0 0.66640625 0.565625 0.025 0.0578125
0 0.69609375 0.565625 0.0328125 0.0578125
0 0.72890625 0.56484375 0.03671875 0.05625
0 0.7828125 0.5671875 0.05546875 0.05546875
0 0.825 0.56796875 0.0296875 0.0578125
0 0.3046875 0.55859375 0.040625 0.0625
0 0.02265625 0.26171875 0.040625 0.06875
0 0.49140625 0.37109375 0.059375 0.0640625
0 0.61640625 0.375 0.04296875 0.06328125
0 0.1234375 0.2546875 0.04296875 0.075
0 0.165625 0.25625 0.04375 0.071875
0 0.20390625 0.26015625 0.02734375 0.07265625
0 0.23828125 0.25859375 0.04140625 0.07578125
0 0.28515625 0.2609375 0.04375 0.07578125
0 0.33671875 0.26328125 0.05703125 0.0703125
0 0.39296875 0.26328125 0.0515625 0.07109375
0 0.44375 0.26640625 0.04765625 0.06484375
0 0.5015625 0.2671875 0.05703125 0.0671875
0 0.5625 0.26953125 0.05703125 0.06328125
0 0.62265625 0.2734375 0.05078125 0.05625
0 0.56171875 0.37109375 0.0640625 0.06640625
0 0.67578125 0.27578125 0.05703125 0.05234375
0 0.7953125 0.2703125 0.05859375 0.0546875
0 0.89296875 0.271875 0.0734375 0.05625
0 0.02265625 0.36328125 0.03671875 0.06328125
0 0.12890625 0.35859375 0.0421875 0.06953125
0 0.17265625 0.35859375 0.0453125 0.06875
0 0.24140625 0.6296875 0.03125 0.0484375
0 0.87890625 0.375 0.05390625 0.06953125
0 0.8140625 0.37421875 0.0546875 0.0640625
0 0.7609375 0.37421875 0.04921875 0.0625
0 0.7046875 0.3734375 0.03828125 0.0625
0 0.66171875 0.375 0.0453125 0.0625
0 0.72890625 0.27578125 0.04375 0.0515625
0 0.21171875 0.35703125 0.03203125 0.0671875
0 0.68203125 0.471875 0.05234375 0.0640625
0 0.6203125 0.4703125 0.0375 0.0734375