0 0.83046875 0.31640625 0.053125 0.07734375
0 0.03359375 0.15546875 0.0671875 0.08984375
0 0.09140625 0.159375 0.046875 0.0796875
0 0.1515625 0.1875 0.07421875 0.10234375
0 0.20703125 0.20546875 0.03515625 0.06796875
0 0.24609375 0.2015625 0.04140625 0.07421875
0 0.2890625 0.2015625 0.0421875 0.07421875
0 0.33359375 0.2015625 0.04296875 0.07421875
0 0.4203125 0.20078125 0.0421875 0.07421875
0 0.50546875 0.17109375 0.040625 0.0421875
0 0.7015625 0.196875 0.090625 0.08203125
0 0.61484375 0.1890625 0.08125 0.1
0 0.5515625 0.2171875 0.04140625 0.04609375
0 0.54609375 0.171875 0.04140625 0.04609375
0 0.50703125 0.21484375 0.04140625 0.04609375
0 0.4640625 0.2046875 0.0421875 0.06953125
0 0.3765625 0.2015625 0.0421875 0.07421875
0 0.7796875 0.2828125 0.046875 0.05
0 0.2296875 0.32421875 0.0375 0.07109375
0 0.73125 0.2828125 0.05 0.046875
0 0.26875 0.3234375 0.0390625 0.0703125
0 0.31015625 0.32265625 0.0390625 0.071875
0 0.35078125 0.32265625 0.04296875 0.07265625
0 0.4046875 0.32421875 0.04296875 0.07265625
0 0.14453125 0.3234375 0.04375 0.07109375
0 0.0328125 0.28984375 0.0140625 0.0609375
0 0.0796875 0.28359375 0.078125 0.07421875
0 0.77734375 0.20703125 0.0609375 0.0640625
0 0.51484375 0.765625 0.034375 0.04296875
0 0.46953125 0.32421875 0.04453125 0.06953125
0 0.18828125 0.3234375 0.04375 0.07109375
0 0.5125 0.32421875 0.03984375 0.06875
0 0.55390625 0.325 0.04140625 0.06640625
0 0.609375 0.28671875 0.0578125 0.05234375
0 0.59453125 0.33515625 0.03984375 0.0453125
0 0.63203125 0.334375 0.03203125 0.04296875
0 0.68125 0.3203125 0.046875 0.07109375
0 0.7609375 0.33203125 0.0421875 0.04921875
0 0.78359375 0.80390625 0.01171875 0.10625
0 0.721875 0.33203125 0.034375 0.05
0 0.746875 0.784375 0.0390625 0.078125
0 0.6015625 0.6171875 0.0578125 0.05
0 0.54140625 0.61953125 0.05078125 0.05390625
0 0.49296875 0.615625 0.04453125 0.0609375
0 0.44140625 0.6140625 0.0546875 0.06484375
0 0.3890625 0.615625 0.0546875 0.06484375
0 0.3359375 0.59296875 0.04921875 0.02265625
0 0.33671875 0.6296875 0.0515625 0.03984375
0 0.27421875 0.6171875 0.0734375 0.065625
0 0.196875 0.6171875 0.07734375 0.0625
0 0.1265625 0.6171875 0.0546875 0.07109375
0 0.659375 0.6125 0.05703125 0.06328125
0 0.07734375 0.61640625 0.04296875 0.07109375
0 0.8375 0.5125 0.0796875 0.07890625
0 0.76875 0.5203125 0.04375 0.07578125
0 0.721875 0.51328125 0.040625 0.08125
0 0.675 0.528125 0.04921875 0.05234375
0 0.63359375 0.51015625 0.0296875 0.06796875
0 0.59609375 0.5234375 0.04609375 0.07265625
0 0.54609375 0.521875 0.04375 0.07421875
0 0.50078125 0.5234375 0.04375 0.05703125
0 0.4484375 0.52578125 0.05859375 0.06953125
0 0.390625 0.53671875 0.05546875 0.05078125
0 0.02734375 0.61640625 0.05390625 0.075
0 0.69609375 0.60234375 0.0203125 0.04921875
0 0.7296875 0.61328125 0.034375 0.0515625
0 0.81328125 0.8140625 0.04609375 0.1015625
0 0.6609375 0.66875 0.02109375 0.01171875
0 0.6796875 0.67578125 0.015625 0.028125
0 0.70078125 0.68125 0.02578125 0.040625
0 0.63203125 0.6828125 0.01953125 0.0359375
0 0.65390625 0.69765625 0.02265625 0.04609375
0 0.590625 0.67734375 0.02109375 0.028125
0 0.55703125 0.7015625 0.0296875 0.05078125
0 0.49921875 0.69453125 0.0609375 0.0609375
0 0.43984375 0.6890625 0.0234375 0.03359375
0 0.41640625 0.68671875 0.02421875 0.04453125
0 0.3734375 0.675 0.0203125 0.015625
0 0.3953125 0.6828125 0.01953125 0.0328125
0 0.3734375 0.703125 0.0234375 0.03203125
0 0.34921875 0.68828125 0.02265625 0.03125
0 0.32578125 0.6890625 0.0234375 0.03125
0 0.259375 0.690625 0.0234375 0.03203125
0 0.2375 0.68984375 0.02265625 0.03125
0 0.19375 0.70703125 0.0421875 0.0421875
0 0.1390625 0.7140625 0.0640625 0.07578125
0 0.07734375 0.7 0.05703125 0.05703125
0 0.01953125 0.70703125 0.0390625 0.0671875
0 0.82734375 0.60390625 0.02421875 0.05234375
0 0.79765625 0.61484375 0.034375 0.0515625
0 0.3296875 0.528125 0.06328125 0.0765625
0 0.26484375 0.52734375 0.06328125 0.0765625
0 0.76328125 0.61328125 0.034375 0.0515625
0 0.128125 0.503125 0.04375 0.08984375
0 0.78125 0.6796875 0.01015625 0.0359375
0 0.36796875 0.82890625 0.03359375 0.1
0 0.02109375 0.85390625 0.0421875 0.0640625
0 0.071875 0.84296875 0.053125 0.05859375
0 0.12890625 0.8515625 0.0609375 0.0625
0 0.17421875 0.83203125 0.02890625 0.0984375
0 0.20703125 0.83046875 0.03359375 0.0984375
0 0.24375 0.8171875 0.03671875 0.09453125
0 0.27890625 0.8203125 0.03203125 0.09375
0 0.309375 0.81640625 0.02890625 0.09375
0 0.3375 0.81953125 0.02734375 0.09609375
0 0.696875 0.809375 0.03125 0.07421875
0 0.66015625 0.82421875 0.0421875 0.07578125
0 0.61328125 0.79765625 0.03671875 0.071875
0 0.5828125 0.77890625 0.01640625 0.06484375
0 0.4640625 0.77421875 0.025 0.05390625
0 0.55703125 0.8203125 0.03203125 0.10859375
0 0.434375 0.8140625 0.03125 0.11328125
0 0.40234375 0.8265625 0.03359375 0.1
0 0.80390625 0.6921875 0.03125 0.0453125
0 0.73515625 0.69140625 0.01953125 0.034375
0 0.5453125 0.66953125 0.02109375 0.01171875
0 0.0765625 0.3953125 0.0640625 0.0796875
0 0.07421875 0.503125 0.06328125 0.08828125
0 0.84921875 0.4109375 0.01875 0.07421875
0 0.8046875 0.41640625 0.06875 0.08046875
0 0.74453125 0.41796875 0.04921875 0.06953125
0 0.69609375 0.4171875 0.03359375 0.065625
0 0.653125 0.41875 0.05 0.06640625
0 0.7609375 0.69921875 0.02890625 0.0453125
0 0.021875 0.39296875 0.04375 0.0828125
0 0.6015625 0.41484375 0.053125 0.0703125
0 0.50078125 0.41796875 0.0328125 0.0671875
0 0.19453125 0.52265625 0.071875 0.08515625
0 0.459375 0.41796875 0.05 0.07109375
0 0.12890625 0.403125 0.040625 0.06796875
0 0.17734375 0.41875 0.05703125 0.07421875
0 0.2296875 0.41875 0.04609375 0.07421875
0 0.27578125 0.41953125 0.04375 0.07109375
0 0.31796875 0.41953125 0.04375 0.06796875
0 0.55 0.415625 0.04609375 0.0703125
0 0.36640625 0.41796875 0.04609375 0.07265625
0 0.4109375 0.42109375 0.04453125 0.06796875