0 0.67265625 0.8265625 0.046875 0.02890625
0 0.87734375 0.73671875 0.04453125 0.02734375
0 0.921875 0.7296875 0.040625 0.03125
0 0.79296875 0.62109375 0.05546875 0.04375
0 0.9640625 0.7484375 0.0421875 0.0640625
0 0.87421875 0.7640625 0.04453125 0.02734375
0 0.84765625 0.61328125 0.05234375 0.04375
0 0.89453125 0.609375 0.03984375 0.0390625
0 0.69453125 0.58984375 0.059375 0.0234375
0 0.73359375 0.671875 0.04765625 0.03671875
0 0.84609375 0.65703125 0.04765625 0.040625
0 0.91796875 0.7578125 0.0328125 0.025
0 0.89140625 0.6484375 0.03046875 0.0328125
0 0.93046875 0.64765625 0.04453125 0.0234375
0 0.978125 0.6421875 0.04375 0.0203125
0 0.8265625 0.77265625 0.0484375 0.0875
0 0.934375 0.6203125 0.0390625 0.0265625
0 0.9765625 0.61484375 0.040625 0.02578125
0 0.7921875 0.66328125 0.05 0.034375
0 0.7765625 0.78125 0.04609375 0.0703125
0 0.13125 0.90234375 0.0765625 0.103125
0 0.6734375 0.7984375 0.0453125 0.025
0 0.6734375 0.771875 0.04921875 0.025
0 0.61875 0.80546875 0.0609375 0.09375
0 0.55546875 0.82265625 0.05625 0.0796875
0 0.49140625 0.77578125 0.07109375 0.03828125
0 0.490625 0.84375 0.0671875 0.08125
0 0.42265625 0.87734375 0.0625 0.0375
0 0.421875 0.8375 0.0609375 0.0328125
0 0.40546875 0.78125 0.06953125 0.03046875
0 0.3625 0.8921875 0.06015625 0.02890625
0 0.3625 0.8625 0.06015625 0.02265625
0 0.3625 0.8390625 0.04609375 0.01484375
0 0.36328125 0.821875 0.05078125 0.015625
0 0.290625 0.878125 0.07578125 0.0875
0 0.2125 0.9203125 0.07890625 0.0328125
0 0.73984375 0.628125 0.053125 0.04453125
0 0.215625 0.8890625 0.0734375 0.0203125
0 0.2125 0.86328125 0.07890625 0.0296875
0 0.0515625 0.9515625 0.07734375 0.04453125
0 0.05078125 0.9078125 0.071875 0.040625
0 0.93984375 0.590625 0.05078125 0.0265625
0 0.7234375 0.765625 0.05 0.025
0 0.72265625 0.79375 0.05234375 0.03125
0 0.68046875 0.68515625 0.046875 0.0265625
0 0.6875 0.6234375 0.04765625 0.028125
0 0.6859375 0.6546875 0.04765625 0.0265625
0 0.8859375 0.29375 0.05859375 0.125
0 0.828125 0.2984375 0.05078125 0.1328125
0 0.76875 0.303125 0.0609375 0.134375
0 0.7109375 0.303125 0.053125 0.13125
0 0.66015625 0.30625 0.04765625 0.1265625
0 0.609375 0.30703125 0.0515625 0.1265625
0 0.55625 0.3015625 0.05390625 0.1390625
0 0.4984375 0.30390625 0.06015625 0.14296875
0 0.4359375 0.30625 0.0625 0.1375
0 0.3796875 0.30625 0.05 0.14296875
0 0.3203125 0.31171875 0.0578125 0.1359375
0 0.26015625 0.31171875 0.059375 0.1390625
0 0.19453125 0.3125 0.06953125 0.1375
0 0.1296875 0.3125 0.0546875 0.1390625
0 0.96875 0.29765625 0.06015625 0.1203125
0 0.06015625 0.3109375 0.07890625 0.1421875
0 0.9421875 0.1390625 0.03984375 0.1265625
0 0.87578125 0.140625 0.03515625 0.13125
0 0.8453125 0.14375 0.02421875 0.12421875
0 0.80859375 0.1359375 0.04140625 0.128125
0 0.76796875 0.1328125 0.03984375 0.134375
0 0.72265625 0.13046875 0.05234375 0.1296875
0 0.66953125 0.115625 0.05625 0.16015625
0 0.61015625 0.115625 0.05390625 0.15625
0 0.55546875 0.11640625 0.05625 0.14609375
0 0.50234375 0.1125 0.04765625 0.15234375
0 0.44609375 0.1078125 0.06171875 0.1546875
0 0.3875 0.10625 0.0578125 0.15703125
0 0.33046875 0.0984375 0.05078125 0.1578125
0 0.26328125 0.09375 0.08125 0.16640625
0 0.98046875 0.14296875 0.03671875 0.11875
0 0.0265625 0.5 0.0515625 0.1453125
0 0.08984375 0.496875 0.07421875 0.146875
0 0.1609375 0.496875 0.06484375 0.15
0 0.63125 0.659375 0.05390625 0.0265625
0 0.63125 0.6296875 0.05703125 0.0296875
0 0.5703125 0.69453125 0.06015625 0.04375
0 0.56875 0.64375 0.0640625 0.0484375
0 0.503125 0.703125 0.06640625 0.046875
0 0.50234375 0.6515625 0.065625 0.04765625
0 0.43515625 0.7078125 0.06328125 0.05625
0 0.36875 0.71875 0.06015625 0.04921875
0 0.30078125 0.7296875 0.0671875 0.06484375
0 0.22890625 0.740625 0.07421875 0.0609375
0 0.15625 0.76015625 0.06328125 0.0609375
0 0.0921875 0.76484375 0.06328125 0.0546875
0 0.0296875 0.7734375 0.05859375 0.05390625
0 0.43125 0.65078125 0.06953125 0.05625
0 0.36015625 0.659375 0.071875 0.0625
0 0.28359375 0.6671875 0.08046875 0.0609375
0 0.084375 0.7015625 0.0671875 0.0625
0 0.22421875 0.490625 0.06171875 0.1421875
0 0.2828125 0.48984375 0.05078125 0.14765625
0 0.33515625 0.4828125 0.053125 0.1328125
0 0.39140625 0.48125 0.05078125 0.140625
0 0.44140625 0.478125 0.0484375 0.12890625
0 0.49921875 0.47578125 0.06171875 0.1296875
0 0.62890625 0.69140625 0.05 0.03046875
0 0.55859375 0.4734375 0.05546875 0.1265625
0 0.65546875 0.47421875 0.0375 0.1015625
0 0.69921875 0.47265625 0.04921875 0.1046875
0 0.746875 0.4703125 0.04140625 0.1
0 0.7984375 0.45625 0.05234375 0.1171875
0 0.8625 0.45078125 0.06640625 0.06875
0 0.94375 0.4453125 0.0703125 0.0703125
0 0.6109375 0.4703125 0.0453125 0.13125
0 0.15390625 0.69375 0.07109375 0.06875