0 0.35 0.2671875 0.07734375 0.03671875
0 0.51484375 0.58671875 0.0640625 0.028125
0 0.4265625 0.58125 0.07578125 0.03359375
0 0.34921875 0.57890625 0.0625 0.028125
0 0.2921875 0.5765625 0.05234375 0.03359375
0 0.23125 0.57734375 0.0640625 0.034375
0 0.16171875 0.5765625 0.07265625 0.03828125
0 0.9703125 0.515625 0.05859375 0.03203125
0 0.89609375 0.51875 0.08203125 0.03046875
0 0.96640625 0.4765625 0.0578125 0.03359375
0 0.8890625 0.4890625 0.07109375 0.0234375
0 0.8890625 0.4625 0.07109375 0.025
0 0.8125 0.5015625 0.05234375 0.06171875
0 0.7515625 0.4984375 0.05625 0.06953125
0 0.68046875 0.51171875 0.04921875 0.03671875
0 0.68046875 0.475 0.07265625 0.034375
0 0.60703125 0.475 0.0578125 0.03828125
0 0.60546875 0.5171875 0.05390625 0.03828125
0 0.53671875 0.51640625 0.0640625 0.046875
0 0.53046875 0.471875 0.059375 0.03203125
0 0.4671875 0.471875 0.0515625 0.03984375
0 0.4625 0.51484375 0.0609375 0.028125
0 0.58515625 0.58515625 0.06953125 0.025
0 0.1578125 0.62109375 0.0578125 0.040625
0 0.21875 0.6203125 0.0640625 0.03984375
0 0.2828125 0.61953125 0.0578125 0.04296875
0 0.8875 0.6875 0.05390625 0.02109375
0 0.7703125 0.7484375 0.11015625 0.04375
0 0.646875 0.746875 0.10078125 0.03828125
0 0.53359375 0.74375 0.11015625 0.04609375
0 0.7671875 0.696875 0.09375 0.04609375
0 0.6609375 0.69609375 0.10546875 0.04453125
0 0.5375 0.690625 0.10546875 0.025
0 0.42109375 0.69609375 0.0875 0.03828125
0 0.40703125 0.74140625 0.06875 0.04921875
0 0.29609375 0.74453125 0.11015625 0.053125
0 0.37265625 0.51640625 0.0921875 0.0421875
0 0.3140625 0.6984375 0.1171875 0.0375
0 0.9734375 0.609375 0.053125 0.071875
0 0.89765625 0.6265625 0.07421875 0.04453125
0 0.88984375 0.58359375 0.07890625 0.03203125
0 0.79921875 0.6015625 0.06875 0.07265625
0 0.7359375 0.61015625 0.0546875 0.0578125
0 0.675 0.60859375 0.0671875 0.05546875
0 0.58671875 0.62109375 0.07578125 0.03828125
0 0.4921875 0.62421875 0.0671875 0.0296875
0 0.4203125 0.62109375 0.07265625 0.0359375
0 0.3484375 0.6203125 0.05390625 0.04453125
0 0.18203125 0.7296875 0.1203125 0.0875
0 0.371875 0.46875 0.1140625 0.03671875
0 0.265625 0.5203125 0.09921875 0.03203125
0 0.1578125 0.5234375 0.096875 0.0234375
0 0.66796875 0.2171875 0.07109375 0.04921875
0 0.66015625 0.26796875 0.0671875 0.03359375
0 0.58359375 0.26640625 0.059375 0.04609375
0 0.57890625 0.21875 0.0515625 0.03671875
0 0.51015625 0.2609375 0.07421875 0.059375
0 0.41484375 0.26484375 0.0375 0.0359375
0 0.26953125 0.2671875 0.07734375 0.03671875
0 0.2671875 0.2140625 0.07578125 0.06171875
0 0.19453125 0.21328125 0.06875 0.04296875
0 0.190625 0.2625 0.0609375 0.0359375
0 0.73671875 0.265625 0.0625 0.03984375
0 0.11484375 0.26171875 0.07421875 0.03671875
0 0.88125 0.1203125 0.0578125 0.0484375
0 0.81640625 0.10703125 0.0640625 0.075
0 0.7484375 0.1078125 0.06953125 0.075
0 0.6796875 0.1125 0.0640625 0.06640625
0 0.603125 0.11640625 0.07890625 0.071875
0 0.52265625 0.121875 0.06640625 0.0703125
0 0.4515625 0.1203125 0.059375 0.04609375
0 0.3796875 0.121875 0.0640625 0.0484375
0 0.27578125 0.11953125 0.146875 0.04609375
0 0.121875 0.1234375 0.125 0.046875
0 0.10390625 0.2171875 0.0859375 0.0484375
0 0.8984375 0.71875 0.04921875 0.02578125
0 0.8125 0.2671875 0.0625 0.03203125
0 0.74609375 0.2203125 0.07109375 0.03828125
0 0.2515625 0.4734375 0.10390625 0.046875
0 0.13046875 0.4734375 0.10859375 0.0546875
0 0.96953125 0.3953125 0.0609375 0.0421875
0 0.89609375 0.39453125 0.0859375 0.046875
0 0.8171875 0.39453125 0.06875 0.04453125
0 0.73984375 0.396875 0.07265625 0.04453125
0 0.88671875 0.34375 0.0859375 0.03203125
0 0.80859375 0.3421875 0.0671875 0.046875
0 0.73203125 0.35078125 0.04921875 0.0328125
0 0.66484375 0.3484375 0.0609375 0.046875
0 0.8265625 0.2234375 0.06796875 0.0453125
0 0.66015625 0.403125 0.0609375 0.04453125
0 0.54921875 0.34296875 0.10859375 0.040625
0 0.453125 0.34765625 0.07265625 0.05390625
0 0.4359375 0.396875 0.08359375 0.0421875
0 0.27421875 0.40234375 0.1140625 0.040625
0 0.15234375 0.403125 0.1234375 0.0421875
0 0.36953125 0.40390625 0.05 0.03671875
0 0.36171875 0.35859375 0.04140625 0.04453125
0 0.28203125 0.35546875 0.10859375 0.03828125
0 0.15234375 0.35625 0.1203125 0.040625
0 0.9140625 0.259375 0.07421875 0.0421875
0 0.5640625 0.3953125 0.1171875 0.0484375
0 0.971875 0.740625 0.05390625 0.034375
0 0.975 0.69921875 0.04765625 0.04609375
0 0.1796875 0.85625 0.065625 0.0953125
0 0.2609375 0.06484375 0.13046875 0.0609375
0 0.93203125 0.84921875 0.0671875 0.09140625
0 0.8671875 0.85 0.053125 0.08984375
0 0.80546875 0.84921875 0.05078125 0.08671875
0 0.7453125 0.87734375 0.05625 0.0421875
0 0.70390625 0.83125 0.065625 0.04609375
0 0.67421875 0.87734375 0.053125 0.03984375
0 0.61015625 0.875 0.059375 0.034375
0 0.61953125 0.82890625 0.065625 0.03828125
0 0.1234375 0.06640625 0.14140625 0.05703125
0 0.54140625 0.8796875 0.0609375 0.03828125
0 0.25703125 0.85390625 0.059375 0.09296875
0 0.321875 0.834375 0.0609375 0.046875
0 0.33359375 0.88046875 0.05078125 0.03046875
0 0.546875 0.83671875 0.0625 0.03671875
0 0.396875 0.83515625 0.04609375 0.0484375
0 0.46953125 0.834375 0.0625 0.03203125
0 0.47578125 0.88046875 0.0640625 0.03671875
0 0.39296875 0.8796875 0.04765625 0.0328125