0 0.7125 0.75546875 0.059375 0.0375
0 0.93125 0.90234375 0.028125 0.0984375
0 0.528125 0.43359375 0.04296875 0.0359375
0 0.5265625 0.39609375 0.040625 0.0359375
0 0.48515625 0.3953125 0.0375 0.1046875
0 0.4453125 0.384375 0.03671875 0.12109375
0 0.4046875 0.39296875 0.040625 0.109375
0 0.3640625 0.39296875 0.0359375 0.1046875
0 0.325 0.3921875 0.03671875 0.10390625
0 0.259375 0.353125 0.0859375 0.05859375
0 0.26171875 0.41484375 0.084375 0.06171875
0 0.571875 0.38671875 0.046875 0.04609375
0 0.18203125 0.41953125 0.071875 0.04921875
0 0.1265625 0.39375 0.0359375 0.0953125
0 0.0671875 0.434375 0.07890625 0.13125
0 0.05 0.290625 0.075 0.103125
0 0.1375 0.27734375 0.0921875 0.04765625
0 0.134375 0.22734375 0.0921875 0.05
0 0.2203125 0.27265625 0.07265625 0.05859375
0 0.2203125 0.21328125 0.0765625 0.05859375
0 0.2828125 0.22265625 0.0375 0.05234375
0 0.28046875 0.275 0.04375 0.05
0 0.18046875 0.36484375 0.0671875 0.053125
0 0.575 0.4296875 0.04765625 0.03828125
0 0.63125 0.42890625 0.06171875 0.04765625
0 0.62890625 0.3796875 0.0609375 0.04609375
0 0.6359375 0.55859375 0.07421875 0.04765625
0 0.63671875 0.50078125 0.075 0.059375
0 0.696875 0.565625 0.046875 0.03359375
0 0.6984375 0.52734375 0.046875 0.03828125
0 0.7484375 0.56640625 0.05234375 0.03671875
0 0.7484375 0.5265625 0.05 0.0390625
0 0.803125 0.56640625 0.05546875 0.03515625
0 0.803125 0.525 0.05546875 0.0421875
0 0.859375 0.55859375 0.0546875 0.059375
0 0.91328125 0.5671875 0.05078125 0.03515625
0 0.915625 0.528125 0.05 0.0375
0 0.9703125 0.55078125 0.05859375 0.07109375
0 0.94921875 0.4046875 0.0359375 0.08984375
0 0.875 0.4046875 0.0375 0.090625
0 0.83125 0.38359375 0.0453125 0.12890625
0 0.76796875 0.421875 0.07578125 0.0578125
0 0.76015625 0.35546875 0.071875 0.05078125
0 0.70546875 0.3734375 0.034375 0.05
0 0.70703125 0.42578125 0.04296875 0.04765625
0 0.67421875 0.425 0.02109375 0.0546875
0 0.675 0.371875 0.025 0.04609375
0 0.328125 0.28203125 0.04375 0.0453125
0 0.56640625 0.55859375 0.0640625 0.05234375
0 0.325 0.2390625 0.04375 0.03828125
0 0.3828125 0.22578125 0.06875 0.05078125
0 0.5203125 0.03203125 0.03359375 0.0453125
0 0.55 0.09921875 0.0296875 0.084375
0 0.51953125 0.0984375 0.028125 0.08359375
0 0.478125 0.12109375 0.046875 0.040625
0 0.478125 0.07890625 0.0484375 0.03984375
0 0.43125 0.1171875 0.04140625 0.04921875
0 0.43125 0.06484375 0.0421875 0.05078125
0 0.4 0.115625 0.01953125 0.04765625
0 0.39921875 0.06484375 0.0171875 0.05078125
0 0.60078125 0.05859375 0.06875 0.05078125
0 0.35546875 0.1140625 0.0671875 0.05
0 0.2953125 0.11171875 0.0515625 0.0515625
0 0.290625 0.05625 0.05234375 0.05234375
0 0.240625 0.11484375 0.053125 0.04765625
0 0.23671875 0.065625 0.053125 0.04140625
0 0.17265625 0.06015625 0.06953125 0.053125
0 0.17734375 0.1140625 0.0703125 0.0515625
0 0.10390625 0.1140625 0.071875 0.05078125
0 0.10078125 0.059375 0.0703125 0.05234375
0 0.03203125 0.10859375 0.0625 0.16171875
0 0.3546875 0.0609375 0.0671875 0.05078125
0 0.5984375 0.1140625 0.065625 0.04921875
0 0.65390625 0.090625 0.0328125 0.09765625
0 0.70859375 0.1109375 0.07265625 0.06171875
0 0.4546875 0.278125 0.06875 0.05
0 0.45390625 0.22265625 0.0703125 0.05625
0 0.5515625 0.284375 0.0609375 0.0390625
0 0.5546875 0.24140625 0.059375 0.04375
0 0.6546875 0.22421875 0.071875 0.05625
0 0.66484375 0.2796875 0.06875 0.05078125
0 0.75078125 0.21171875 0.09921875 0.0625
0 0.7484375 0.27578125 0.09375 0.06171875
0 0.82578125 0.278125 0.0578125 0.05546875
0 0.88984375 0.2359375 0.06171875 0.0453125
0 0.8875 0.284375 0.0578125 0.04453125
0 0.95078125 0.28515625 0.0625 0.0515625
0 0.95625 0.2296875 0.065625 0.05078125
0 0.96171875 0.0578125 0.06953125 0.05390625
0 0.96015625 0.1140625 0.06953125 0.05546875
0 0.89375 0.11953125 0.05 0.04609375
0 0.89765625 0.0703125 0.05 0.046875
0 0.8296875 0.115625 0.0734375 0.05390625
0 0.83125 0.0578125 0.0765625 0.05546875
0 0.76796875 0.071875 0.0390625 0.13359375
0 0.709375 0.04296875 0.07109375 0.0671875
0 0.38515625 0.27890625 0.0671875 0.05078125
0 0.9640625 0.921875 0.03125 0.07109375
0 0.565625 0.50546875 0.0640625 0.04765625
0 0.4875 0.53125 0.0328125 0.09296875
0 0.18046875 0.79140625 0.04375 0.02890625
0 0.178125 0.75625 0.04453125 0.03828125
0 0.22734375 0.79296875 0.04609375 0.03046875
0 0.225 0.76171875 0.04375 0.03125
0 0.2765625 0.79296875 0.05 0.03515625
0 0.2734375 0.7546875 0.05234375 0.0359375
0 0.328125 0.7921875 0.05 0.03515625
0 0.32734375 0.753125 0.0515625 0.03671875
0 0.3703125 0.77109375 0.03125 0.075
0 0.10078125 0.74375 0.0921875 0.09765625
0 0.41171875 0.7921875 0.05 0.03359375
0 0.45703125 0.7921875 0.0375 0.02890625
0 0.5078125 0.75390625 0.0609375 0.0421875
0 0.5078125 0.7953125 0.0609375 0.03828125
0 0.5703125 0.79296875 0.059375 0.03671875
0 0.56875 0.75234375 0.05859375 0.03984375
0 0.61875 0.76796875 0.0375 0.08359375
0 0.659375 0.79765625 0.04140625 0.03125
0 0.66015625 0.7640625 0.0421875 0.03203125
0 0.7125 0.79609375 0.05859375 0.04140625
0 0.4140625 0.75625 0.0515625 0.03515625
0 0.02578125 0.740625 0.0515625 0.09296875
0 0.02578125 0.9140625 0.05 0.04765625
0 0.071875 0.91171875 0.0375 0.04296875
0 0.903125 0.928125 0.025 0.0546875
0 0.86171875 0.9296875 0.05546875 0.05234375
0 0.81328125 0.91796875 0.03359375 0.06875
0 0.8078125 0.8625 0.034375 0.02890625
0 0.77578125 0.8609375 0.028125 0.02734375
0 0.78046875 0.91484375 0.02890625 0.07421875
0 0.746875 0.9203125 0.0375 0.0640625
0 0.69921875 0.92109375 0.0515625 0.06328125
0 0.6484375 0.92109375 0.04609375 0.06484375
0 0.6015625 0.928125 0.04375 0.04765625
0 0.55625 0.93359375 0.04296875 0.0421875
0 0.51015625 0.9203125 0.04765625 0.0640625
0 0.46796875 0.90390625 0.03125 0.090625
0 0.42890625 0.90546875 0.04375 0.07578125
0 0.3828125 0.915625 0.0453125 0.05703125
0 0.3359375 0.90546875 0.0453125 0.08046875
0 0.2875 0.89921875 0.05 0.08515625
0 0.2359375 0.8953125 0.0484375 0.0859375
0 0.18984375 0.896875 0.03828125 0.08359375
0 0.1484375 0.91171875 0.0390625 0.05234375
0 0.109375 0.90859375 0.0359375 0.05
0 0.76640625 0.80390625 0.0453125 0.02890625
0 0.51953125 0.52734375 0.028125 0.08515625
0 0.76640625 0.77265625 0.04609375 0.02890625
0 0.85625 0.76953125 0.05 0.03203125
0 0.26640625 0.678125 0.05625 0.03515625
0 0.26484375 0.6390625 0.05703125 0.03828125
0 0.215625 0.6734375 0.040625 0.03984375
0 0.2140625 0.63046875 0.0421875 0.04140625
0 0.1734375 0.6234375 0.0359375 0.04296875
0 0.171875 0.67265625 0.0453125 0.03359375
0 0.02890625 0.59765625 0.0578125 0.13125
0 0.1140625 0.621875 0.0734375 0.03515625
0 0.16328125 0.50234375 0.04921875 0.04453125
0 0.3203125 0.6390625 0.04921875 0.03828125
0 0.1515625 0.55078125 0.05 0.04609375
0 0.24296875 0.55234375 0.0453125 0.04296875
0 0.2484375 0.5 0.0328125 0.0421875
0 0.29296875 0.55859375 0.05078125 0.034375
0 0.29140625 0.521875 0.0515625 0.03515625
0 0.35 0.55703125 0.0609375 0.0421875
0 0.3484375 0.5109375 0.06171875 0.04609375
0 0.409375 0.5625 0.05546875 0.03828125
0 0.40859375 0.521875 0.0578125 0.03984375
0 0.45390625 0.53203125 0.0296875 0.09296875
0 0.209375 0.534375 0.01875 0.040625
0 0.8546875 0.803125 0.046875 0.03203125
0 0.321875 0.67734375 0.05 0.034375
0 0.38203125 0.67890625 0.06875 0.04140625
0 0.903125 0.765625 0.03984375 0.0421875
0 0.9 0.80234375 0.03828125 0.02578125
0 0.94921875 0.80390625 0.05546875 0.02578125
0 0.95234375 0.7703125 0.05390625 0.03671875
0 0.9796875 0.6828125 0.03984375 0.05625
0 0.93046875 0.68984375 0.05 0.03046875
0 0.9328125 0.65703125 0.05078125 0.03125
0 0.840625 0.69140625 0.0453125 0.03515625
0 0.83984375 0.653125 0.0453125 0.03671875
0 0.38125 0.63046875 0.0703125 0.04765625
0 0.78203125 0.6765625 0.0640625 0.05625
0 0.71953125 0.64296875 0.059375 0.03984375
0 0.65546875 0.684375 0.0625 0.0375
0 0.65546875 0.6421875 0.0640625 0.04140625
0 0.59921875 0.68515625 0.0453125 0.03046875
0 0.6 0.65 0.046875 0.03359375
0 0.5515625 0.6828125 0.0453125 0.03203125
0 0.5515625 0.6453125 0.04765625 0.03828125
0 0.5078125 0.6515625 0.0359375 0.0890625
0 0.47265625 0.6484375 0.0328125 0.0953125
0 0.4359375 0.6453125 0.0359375 0.0984375
0 0.71875 0.6859375 0.06015625 0.03984375
0 0.8109375 0.79921875 0.0390625 0.034375