0 0.0859375 0.28671875 0.05 0.05546875
0 0.034375 0.2875 0.040625 0.0640625
0 0.93828125 0.8453125 0.0703125 0.0765625
0 0.875 0.8015625 0.05 0.06875
0 0.8171875 0.84375 0.0484375 0.07109375
0 0.56640625 0.809375 0.04375 0.11484375
0 0.68046875 0.83359375 0.05234375 0.078125
0 0.628125 0.83515625 0.053125 0.0796875
0 0.5203125 0.809375 0.0453125 0.1125
0 0.46796875 0.828125 0.05859375 0.075
0 0.13203125 0.28515625 0.040625 0.0578125
0 0.75390625 0.8359375 0.0609375 0.08203125
0 0.1703125 0.2859375 0.034375 0.05859375
0 0.5765625 0.30625 0.01953125 0.034375
0 0.23828125 0.2890625 0.028125 0.0578125
0 0.2671875 0.28828125 0.0328125 0.05625
0 0.296875 0.29453125 0.02734375 0.04375
0 0.33515625 0.3015625 0.0421875 0.04375
0 0.3734375 0.30234375 0.034375 0.03984375
0 0.4046875 0.30078125 0.021875 0.03828125
0 0.425 0.30546875 0.01875 0.03828125
0 0.4453125 0.3046875 0.021875 0.03828125
0 0.47734375 0.2921875 0.04140625 0.0640625
0 0.52109375 0.296875 0.03515625 0.06484375
0 0.465625 0.765625 0.06640625 0.02109375
0 0.6421875 0.29921875 0.053125 0.0515625
0 0.690625 0.30859375 0.04453125 0.034375
0 0.7375 0.30859375 0.0484375 0.034375
0 0.20625 0.28828125 0.03359375 0.0640625
0 0.3796875 0.8328125 0.0703125 0.075
0 0.68984375 0.1875 0.04296875 0.084375
0 0.3203125 0.79765625 0.040625 0.12109375
0 0.04453125 0.16328125 0.0359375 0.12109375
0 0.78125 0.309375 0.04140625 0.0375
0 0.0828125 0.16484375 0.0390625 0.11484375
0 0.12265625 0.16171875 0.03671875 0.1125
0 0.159375 0.16875 0.0375 0.1
0 0.2078125 0.16640625 0.05625 0.13046875
0 0.25546875 0.1890625 0.034375 0.08046875
0 0.29296875 0.184375 0.0390625 0.07890625
0 0.3296875 0.16796875 0.034375 0.11328125
0 0.3640625 0.16484375 0.03203125 0.1125
0 0.39921875 0.16796875 0.0359375 0.10390625
0 0.43828125 0.1640625 0.03671875 0.10859375
0 0.47421875 0.16796875 0.034375 0.10078125
0 0.3890625 0.76328125 0.07734375 0.05546875
0 0.5078125 0.171875 0.0328125 0.1140625
0 0.57734375 0.17109375 0.03828125 0.11953125
0 0.646875 0.190625 0.04140625 0.08125
0 0.73671875 0.1734375 0.0296875 0.12109375
0 0.76796875 0.18125 0.03515625 0.10625
0 0.83671875 0.184375 0.04296875 0.11796875
0 0.890625 0.1796875 0.05234375 0.11484375
0 0.940625 0.17265625 0.05 0.11015625
0 0.053125 0.79765625 0.03671875 0.115625
0 0.0875 0.80078125 0.0328125 0.1109375
0 0.125 0.79921875 0.0296875 0.10859375
0 0.16796875 0.79765625 0.05546875 0.11484375
0 0.23125 0.7859375 0.0546875 0.11640625
0 0.28125 0.79921875 0.03984375 0.1109375
0 0.54140625 0.171875 0.034375 0.1125
0 0.828125 0.31484375 0.05078125 0.03125
0 0.553125 0.3109375 0.0296875 0.0390625
0 0.44765625 0.6875 0.03984375 0.05078125
0 0.3296875 0.584375 0.02734375 0.06796875
0 0.28359375 0.5828125 0.02890625 0.06015625
0 0.25 0.57734375 0.0390625 0.08046875
0 0.2046875 0.59765625 0.03515625 0.0328125
0 0.2015625 0.56484375 0.03984375 0.01953125
0 0.15859375 0.59921875 0.0328125 0.0328125
0 0.12578125 0.59609375 0.0296875 0.03125
0 0.16171875 0.56796875 0.03828125 0.0296875
0 0.12578125 0.56171875 0.03125 0.0328125
0 0.090625 0.58203125 0.03359375 0.05546875
0 0.0609375 0.57578125 0.0234375 0.06640625
0 0.53203125 0.3984375 0.0515625 0.03828125
0 0.40703125 0.6828125 0.03046875 0.06875
0 0.36015625 0.5875 0.03203125 0.0640625
0 0.37890625 0.68515625 0.025 0.06484375
0 0.33515625 0.68046875 0.02109375 0.0671875
0 0.66875 0.3625 0.04921875 0.025
0 0.6671875 0.38359375 0.053125 0.01171875
0 0.66953125 0.40546875 0.0546875 0.025
0 0.6109375 0.4046875 0.0609375 0.11875
0 0.2984375 0.67734375 0.03046875 0.0703125
0 0.26171875 0.69609375 0.04296875 0.03125
0 0.22109375 0.696875 0.0390625 0.03125
0 0.18203125 0.69609375 0.03828125 0.03359375
0 0.128125 0.67109375 0.071875 0.084375
0 0.07265625 0.66875 0.03671875 0.0796875
0 0.603125 0.6515625 0.0609375 0.10703125
0 0.54140625 0.69921875 0.05078125 0.03984375
0 0.35703125 0.68359375 0.021875 0.0609375
0 0.40390625 0.5859375 0.04921875 0.0734375
0 0.440625 0.590625 0.02421875 0.0640625
0 0.47109375 0.590625 0.03671875 0.07109375
0 0.365625 0.384375 0.04765625 0.0484375
0 0.32890625 0.3796875 0.02890625 0.05859375
0 0.29609375 0.39609375 0.03828125 0.028125
0 0.29609375 0.36796875 0.03359375 0.0265625
0 0.2578125 0.39453125 0.03828125 0.028125
0 0.2078125 0.38359375 0.02890625 0.04609375
0 0.18359375 0.38046875 0.0203125 0.05234375
0 0.15703125 0.38046875 0.0328125 0.04921875
0 0.1203125 0.3765625 0.040625 0.05546875
0 0.08046875 0.3734375 0.03984375 0.0609375
0 0.0484375 0.3734375 0.02734375 0.053125
0 0.33125 0.43828125 0.0375 0.02421875
0 0.528125 0.5 0.03671875 0.0484375
0 0.49609375 0.49921875 0.02890625 0.046875
0 0.45078125 0.4859375 0.0453125 0.065625
0 0.39765625 0.490625 0.0609375 0.05546875
0 0.33828125 0.49453125 0.05625 0.0484375
0 0.28984375 0.49296875 0.03671875 0.05078125
0 0.24765625 0.496875 0.034375 0.03984375
0 0.21875 0.49140625 0.02109375 0.05078125
0 0.16484375 0.5078125 0.0328125 0.015625
0 0.17109375 0.475 0.0328125 0.04765625
0 0.128125 0.4875 0.03984375 0.05234375
0 0.09140625 0.48671875 0.02734375 0.05546875
0 0.03984375 0.48359375 0.04296875 0.05546875
0 0.60703125 0.52734375 0.06015625 0.11875
0 0.55546875 0.5921875 0.02578125 0.0640625
0 0.52890625 0.59296875 0.0265625 0.06328125
0 0.50234375 0.59375 0.0265625 0.06015625
0 0.50390625 0.69609375 0.02109375 0.03671875
0 0.42421875 0.38671875 0.0609375 0.05703125
0 0.48125 0.6953125 0.02421875 0.03828125
0 0.6859375 0.4828125 0.0828125 0.06015625
0 0.82734375 0.6453125 0.06484375 0.06484375
0 0.9796875 0.57421875 0.040625 0.0578125
0 0.9359375 0.5703125 0.0453125 0.0546875
0 0.88828125 0.56953125 0.0515625 0.053125
0 0.834375 0.56953125 0.05 0.05859375
0 0.77109375 0.5703125 0.04921875 0.0390625
0 0.71953125 0.5609375 0.0453125 0.05546875
0 0.6671875 0.5640625 0.06171875 0.0484375
0 0.7875 0.484375 0.12265625 0.05546875
0 0.8921875 0.64921875 0.0640625 0.06484375
0 0.965625 0.48046875 0.06796875 0.06953125
0 0.975 0.4078125 0.05 0.0359375
0 0.9171875 0.365625 0.0515625 0.03671875
0 0.9234375 0.4046875 0.0484375 0.0359375
0 0.86953125 0.40234375 0.04765625 0.03828125
0 0.81484375 0.403125 0.0640625 0.0421875
0 0.73984375 0.40390625 0.0765625 0.034375
0 0.740625 0.36875 0.07421875 0.03671875
0 0.94375 0.3203125 0.0453125 0.03203125
0 0.8921875 0.31796875 0.059375 0.03671875
0 0.8890625 0.4796875 0.08203125 0.071875
0 0.95625 0.64375 0.05703125 0.06484375
0 0.48046875 0.40234375 0.03984375 0.03125
0 0.690625 0.6515625 0.04453125 0.04296875
0 0.696875 0.62109375 0.04296875 0.0125
0 0.84921875 0.7234375 0.0390625 0.05234375
0 0.80859375 0.7265625 0.03984375 0.04296875
0 0.7703125 0.72734375 0.03984375 0.04140625
0 0.8984375 0.72734375 0.05078125 0.0609375
0 0.73125 0.64921875 0.034375 0.04765625
0 0.6625 0.71796875 0.04921875 0.059375
0 0.77421875 0.6421875 0.04375 0.05546875
0 0.71875 0.71875 0.059375 0.05859375