0 0.9046875 0.325 0.0375 0.08671875
0 0.9453125 0.3203125 0.0375 0.08515625
0 0.9828125 0.3046875 0.0328125 0.11171875
0 0.2375 0.1640625 0.04765625 0.0765625
0 0.18828125 0.10859375 0.0375 0.165625
0 0.28671875 0.17421875 0.03515625 0.05859375
0 0.86328125 0.30625 0.03515625 0.10546875
0 0.82265625 0.3078125 0.040625 0.1078125
0 0.2453125 0.025 0.05234375 0.04140625
0 0.3671875 0.1734375 0.03359375 0.06015625
0 0.303125 0.021875 0.05625 0.0421875
0 0.74765625 0.3078125 0.0359375 0.11015625
0 0.9828125 0.1625 0.0234375 0.0953125
0 0.9546875 0.15859375 0.02734375 0.0921875
0 0.925 0.1578125 0.025 0.10390625
0 0.89140625 0.15625 0.03671875 0.10234375
0 0.8515625 0.1515625 0.03203125 0.10234375
0 0.8171875 0.1609375 0.0328125 0.0859375
0 0.784375 0.15703125 0.02421875 0.08515625
0 0.32734375 0.17578125 0.040625 0.053125
0 0.7421875 0.16796875 0.0546875 0.084375
0 0.6421875 0.16796875 0.04375 0.08359375
0 0.590625 0.13828125 0.05 0.04609375
0 0.53359375 0.13828125 0.0515625 0.04453125
0 0.478125 0.1359375 0.053125 0.04609375
0 0.58828125 0.1875 0.05 0.04140625
0 0.53515625 0.1875 0.04765625 0.03984375
0 0.4828125 0.1859375 0.0515625 0.03984375
0 0.4390625 0.19453125 0.0296875 0.02890625
0 0.4046875 0.175 0.03125 0.05546875
0 0.6890625 0.16875 0.046875 0.084375
0 0.70546875 0.303125 0.04140625 0.10703125
0 0.39453125 0.30859375 0.0375 0.0921875
0 0.625 0.30546875 0.0390625 0.10703125
0 0.746875 0.7125 0.0453125 0.02578125
0 0.796875 0.684375 0.040625 0.02265625
0 0.79609375 0.7125 0.0453125 0.02890625
0 0.84453125 0.69921875 0.0484375 0.05234375
0 0.88671875 0.6953125 0.03125 0.05234375
0 0.9234375 0.69453125 0.040625 0.0515625
0 0.95703125 0.684375 0.0234375 0.06796875
0 0.98671875 0.6796875 0.025 0.07265625
0 0.25703125 0.5828125 0.0390625 0.07578125
0 0.3 0.58203125 0.03984375 0.0796875
0 0.36875 0.578125 0.0359375 0.08046875
0 0.4109375 0.578125 0.04140625 0.07734375
0 0.45234375 0.5515625 0.0359375 0.0484375
0 0.48828125 0.57421875 0.01484375 0.07734375
0 0.52109375 0.58203125 0.0375 0.07265625
0 0.57421875 0.58203125 0.0203125 0.07421875
0 0.60703125 0.57734375 0.0359375 0.08203125
0 0.64453125 0.578125 0.0328125 0.08359375
0 0.678125 0.58125 0.03203125 0.07578125
0 0.715625 0.58203125 0.0359375 0.06875
0 0.753125 0.5796875 0.03203125 0.08046875
0 0.78359375 0.584375 0.02578125 0.06796875
0 0.85 0.5890625 0.025 0.05703125
0 0.884375 0.60234375 0.03828125 0.02890625
0 0.92265625 0.5765625 0.0359375 0.07734375
0 0.959375 0.5734375 0.0359375 0.06953125
0 0.6609375 0.690625 0.0375 0.05859375
0 0.703125 0.7 0.03515625 0.05859375
0 0.98984375 0.78046875 0.0203125 0.0703125
0 0.96328125 0.81171875 0.028125 0.09765625
0 0.9359375 0.81796875 0.0203125 0.09453125
0 0.0234375 0.865625 0.046875 0.05546875
0 0.08828125 0.859375 0.071875 0.06015625
0 0.1515625 0.83984375 0.03203125 0.09453125
0 0.1859375 0.83515625 0.0328125 0.09765625
0 0.259375 0.8296875 0.04296875 0.11015625
0 0.303125 0.821875 0.0359375 0.11796875
0 0.33984375 0.81484375 0.028125 0.11171875
0 0.3734375 0.8296875 0.0296875 0.10703125
0 0.4015625 0.8390625 0.01875 0.08984375
0 0.425 0.84296875 0.02265625 0.075
0 0.45 0.834375 0.021875 0.09296875
0 0.47890625 0.8265625 0.0328125 0.0984375
0 0.51875 0.8328125 0.040625 0.08046875
0 0.61796875 0.696875 0.04375 0.05546875
0 0.55625 0.82421875 0.028125 0.0875
0 0.63203125 0.81875 0.0328125 0.0234375
0 0.62734375 0.76328125 0.034375 0.01953125
0 0.6296875 0.84296875 0.034375 0.02109375
0 0.628125 0.8640625 0.03515625 0.0203125
0 0.6671875 0.859375 0.0359375 0.01953125
0 0.6703125 0.83203125 0.0359375 0.02578125
0 0.70234375 0.83046875 0.0265625 0.08046875
0 0.728125 0.821875 0.0203125 0.09609375
0 0.75625 0.815625 0.028125 0.09921875
0 0.784375 0.81953125 0.0234375 0.10234375
0 0.8484375 0.8125 0.028125 0.1140625
0 0.88125 0.809375 0.0265625 0.115625
0 0.9109375 0.8203125 0.028125 0.08984375
0 0.59296875 0.84375 0.034375 0.0640625
0 0.66484375 0.303125 0.03359375 0.109375
0 0.56953125 0.69921875 0.04921875 0.06640625
0 0.47578125 0.68515625 0.0359375 0.0875
0 0.26015625 0.440625 0.03046875 0.09765625
0 0.2953125 0.44453125 0.034375 0.0890625
0 0.3328125 0.45078125 0.0359375 0.103125
0 0.371875 0.44765625 0.0390625 0.10625
0 0.41484375 0.4453125 0.03828125 0.10546875
0 0.459375 0.42265625 0.0359375 0.08515625
0 0.49765625 0.44609375 0.034375 0.11171875
0 0.53984375 0.4421875 0.040625 0.1109375
0 0.6046875 0.4453125 0.0375 0.10703125
0 0.64609375 0.4484375 0.0328125 0.11953125
0 0.684375 0.45390625 0.034375 0.09296875
0 0.72578125 0.44921875 0.0421875 0.1015625
0 0.76484375 0.45390625 0.03125 0.109375
0 0.80546875 0.4703125 0.04375 0.07109375
0 0.853125 0.4578125 0.04375 0.0890625
0 0.90390625 0.4609375 0.0484375 0.0921875
0 0.9484375 0.4578125 0.03203125 0.08671875
0 0.984375 0.45859375 0.03125 0.08515625
0 0.24375 0.30390625 0.0359375 0.09765625
0 0.2828125 0.3078125 0.0359375 0.09296875
0 0.32109375 0.30703125 0.02734375 0.09140625
0 0.35625 0.30859375 0.034375 0.09609375
0 0.43046875 0.29609375 0.0265625 0.07734375
0 0.46640625 0.30859375 0.03828125 0.1015625
0 0.50625 0.30703125 0.0375 0.10859375
0 0.5453125 0.30625 0.0359375 0.11015625
0 0.58515625 0.30859375 0.0328125 0.10078125
0 0.365625 0.0234375 0.0625 0.04453125
0 0.42890625 0.02421875 0.0609375 0.04453125
0 0.4765625 0.03203125 0.0234375 0.03671875
0 0.50546875 0.02421875 0.028125 0.0484375
0 0.4078125 0.68671875 0.0265625 0.075
0 0.365625 0.6890625 0.053125 0.0828125
0 0.32421875 0.696875 0.02890625 0.07578125
0 0.2953125 0.69765625 0.0234375 0.07265625
0 0.265625 0.70234375 0.03125 0.06484375
0 0.2203125 0.71875 0.0484375 0.07109375
0 0.1671875 0.7171875 0.046875 0.07890625
0 0.11875 0.7109375 0.0375 0.07421875
0 0.0734375 0.70625 0.0453125 0.0765625
0 0.0203125 0.71640625 0.040625 0.071875
0 0.06875 0.52109375 0.0671875 0.18046875
0 0.19375 0.3015625 0.0578125 0.18671875
0 0.109375 0.34609375 0.053125 0.13125
0 0.515625 0.6953125 0.0328125 0.01796875
0 0.034375 0.29765625 0.059375 0.21484375
0 0.1015625 0.1953125 0.06796875 0.1046875
0 0.10234375 0.040625 0.0765625 0.07421875
0 0.99140625 0.5765625 0.0171875 0.07265625
0 0.9796875 0.03203125 0.03125 0.06328125
0 0.9453125 0.0328125 0.03046875 0.06015625
0 0.91484375 0.03515625 0.0296875 0.06875
0 0.8796875 0.0328125 0.03515625 0.0640625
0 0.84140625 0.03203125 0.034375 0.059375
0 0.75234375 0.02734375 0.0703125 0.05390625
0 0.69921875 0.03125 0.02890625 0.0515625
0 0.66796875 0.028125 0.0265625 0.05390625
0 0.621875 0.02890625 0.05625 0.04921875
0 0.5578125 0.02734375 0.0640625 0.05390625
0 0.0265625 0.0625 0.053125 0.125
0 0.815625 0.81171875 0.0328125 0.10546875