0 0.9796875 0.65625 0.040625 0.04375
0 0.0671875 0.7 0.04296875 0.0359375
0 0.01640625 0.70390625 0.0328125 0.03828125
0 0.390625 0.74921875 0.10703125 0.015625
0 0.015625 0.790625 0.0234375 0.04296875
0 0.9765625 0.77578125 0.046875 0.0640625
0 0.921875 0.77734375 0.04453125 0.06328125
0 0.85625 0.77421875 0.04921875 0.07421875
0 0.78671875 0.78828125 0.034375 0.0625
0 0.7328125 0.7796875 0.0359375 0.09140625
0 0.696875 0.77734375 0.03515625 0.09375
0 0.6234375 0.784375 0.09921875 0.0796875
0 0.55703125 0.7703125 0.02109375 0.04140625
0 0.528125 0.76875 0.0171875 0.0359375
0 0.05625 0.79609375 0.04765625 0.04765625
0 0.49453125 0.7796875 0.015625 0.0765625
0 0.3890625 0.81171875 0.09921875 0.01796875
0 0.3875 0.79375 0.10703125 0.01171875
0 0.38671875 0.77578125 0.1046875 0.01640625
0 0.928125 0.659375 0.034375 0.04296875
0 0.3046875 0.7765625 0.0328125 0.0609375
0 0.26953125 0.78046875 0.02890625 0.059375
0 0.20546875 0.78828125 0.09609375 0.06015625
0 0.14140625 0.77890625 0.0265625 0.0625
0 0.103125 0.78125 0.0265625 0.0578125
0 0.4640625 0.77734375 0.0296875 0.065625
0 0.8609375 0.6875 0.11328125 0.0140625
0 0.70703125 0.3578125 0.109375 0.0125
0 0.7484375 0.6875 0.09453125 0.0140625
0 0.83125 0.384375 0.11953125 0.01015625
0 0.83203125 0.371875 0.1140625 0.01015625
0 0.96015625 0.3765625 0.0796875 0.046875
0 0.90859375 0.31328125 0.01796875 0.02734375
0 0.8359375 0.321875 0.11171875 0.01640625
0 0.840625 0.30234375 0.1109375 0.0171875
0 0.8359375 0.2828125 0.121875 0.015625
0 0.71171875 0.3234375 0.1140625 0.0171875
0 0.7171875 0.30625 0.1125 0.015625
0 0.71484375 0.28671875 0.11484375 0.0171875
0 0.596875 0.325 0.11171875 0.0140625
0 0.5984375 0.30546875 0.109375 0.01484375
0 0.59453125 0.2890625 0.1125 0.0125
0 0.48046875 0.32421875 0.1078125 0.01484375
0 0.578125 0.4671875 0.12265625 0.0171875
0 0.47890625 0.30625 0.1109375 0.01640625
0 0.36484375 0.32421875 0.115625 0.01875
0 0.36015625 0.3046875 0.11171875 0.01640625
0 0.24453125 0.325 0.10859375 0.0140625
0 0.2453125 0.3109375 0.11015625 0.0125
0 0.24140625 0.2953125 0.11171875 0.0125
0 0.034375 0.30625 0.046875 0.05234375
0 0.11796875 0.315625 0.12109375 0.040625
0 0.97109375 0.2484375 0.02265625 0.078125
0 0.93671875 0.2515625 0.01953125 0.07890625
0 0.8671875 0.2359375 0.10859375 0.03203125
0 0.86875 0.2078125 0.128125 0.01484375
0 0.74296875 0.2359375 0.09921875 0.03828125
0 0.74609375 0.20703125 0.1 0.01953125
0 0.62109375 0.23515625 0.1109375 0.03671875
0 0.4765625 0.2875 0.12109375 0.015625
0 0.6234375 0.20703125 0.1109375 0.01640625
0 0.571875 0.4484375 0.121875 0.01328125
0 0.45703125 0.46875 0.10390625 0.01015625
0 0.70546875 0.384375 0.10625 0.0109375
0 0.7078125 0.4 0.11015625 0.01015625
0 0.58984375 0.35625 0.11484375 0.0125
0 0.5890625 0.3703125 0.1125 0.01484375
0 0.5875 0.38671875 0.109375 0.00859375
0 0.5875 0.39921875 0.10859375 0.01171875
0 0.47265625 0.3609375 0.1078125 0.015625
0 0.4734375 0.38203125 0.109375 0.015625
0 0.46953125 0.3984375 0.1125 0.01640625
0 0.36015625 0.35625 0.10546875 0.0109375
0 0.359375 0.36953125 0.10390625 0.0109375
0 0.35859375 0.38515625 0.10234375 0.01171875
0 0.35859375 0.3984375 0.103125 0.01015625
0 0.2375 0.36171875 0.121875 0.0140625
0 0.57421875 0.43203125 0.1265625 0.01328125
0 0.240625 0.3796875 0.10625 0.01328125
0 0.12421875 0.3625 0.1015625 0.01015625
0 0.12890625 0.37890625 0.10546875 0.01484375
0 0.128125 0.39609375 0.109375 0.015625
0 0.03046875 0.37265625 0.05625 0.02578125
0 0.0375 0.4 0.0421875 0.02265625
0 0.83828125 0.3984375 0.1265625 0.01484375
0 0.13515625 0.4328125 0.11875 0.01328125
0 0.13671875 0.45 0.11640625 0.01015625
0 0.1375 0.46953125 0.11875 0.01640625
0 0.25078125 0.43125 0.09921875 0.01328125
0 0.2546875 0.44921875 0.096875 0.01484375
0 0.2578125 0.4671875 0.103125 0.0140625
0 0.46015625 0.43046875 0.0890625 0.0171875
0 0.46171875 0.4515625 0.0921875 0.0125
0 0.24453125 0.396875 0.11953125 0.0171875
0 0.85703125 0.67109375 0.1046875 0.0125
0 0.5 0.23671875 0.11328125 0.0390625
0 0.421875 0.221875 0.02265625 0.07109375
0 0.9796875 0.559375 0.040625 0.0703125
0 0.81328125 0.6046875 0.0390625 0.01640625
0 0.6078125 0.58203125 0.1125 0.0140625
0 0.6078125 0.60390625 0.11171875 0.025
0 0.72890625 0.5828125 0.11953125 0.01015625
0 0.728125 0.60390625 0.1140625 0.02421875
0 0.49765625 0.60625 0.09765625 0.0171875
0 0.38828125 0.5734375 0.11796875 0.01484375
0 0.39140625 0.5890625 0.1140625 0.0140625
0 0.3875 0.60625 0.10703125 0.01328125
0 0.27578125 0.5734375 0.0953125 0.00859375
0 0.2765625 0.5890625 0.10625 0.0125
0 0.27421875 0.60390625 0.1125 0.01484375
0 0.165625 0.58046875 0.10859375 0.0140625
0 0.93046875 0.5515625 0.04453125 0.065625
0 0.16015625 0.596875 0.096875 0.01640625
0 0.05546875 0.6421875 0.05078125 0.0421875
0 0.01328125 0.64296875 0.021875 0.03828125
0 0.15078125 0.67265625 0.10625 0.01796875
0 0.2703125 0.66484375 0.11640625 0.0140625
0 0.26875 0.684375 0.1078125 0.01796875
0 0.38984375 0.65859375 0.12109375 0.0140625
0 0.39140625 0.67578125 0.11484375 0.0125
0 0.3875 0.68984375 0.11171875 0.0125
0 0.5125 0.665625 0.11171875 0.0109375
0 0.70625 0.371875 0.1140625 0.009375
0 0.509375 0.68671875 0.11171875 0.021875
0 0.6390625 0.6609375 0.125 0.0109375
0 0.6375 0.6828125 0.11640625 0.0234375
0 0.7515625 0.6703125 0.09609375 0.0125
0 0.0390625 0.590625 0.071875 0.01328125
0 0.5 0.20625 0.11953125 0.02109375
0 0.85546875 0.53984375 0.1078125 0.01875
0 0.73515625 0.53984375 0.12265625 0.01484375
0 0.3859375 0.21953125 0.021875 0.06328125
0 0.3515625 0.215625 0.02890625 0.06640625
0 0.31875 0.2171875 0.028125 0.0703125
0 0.27578125 0.21875 0.034375 0.07109375
0 0.2390625 0.21875 0.02109375 0.06484375
0 0.203125 0.21640625 0.03046875 0.06953125
0 0.1703125 0.2171875 0.02578125 0.0703125
0 0.13515625 0.21875 0.0359375 0.0671875
0 0.090625 0.215625 0.02890625 0.06796875
0 0.05546875 0.2109375 0.0234375 0.09765625
0 0.021875 0.20703125 0.0328125 0.0890625
0 0.70234375 0.43046875 0.121875 0.0171875
0 0.703125 0.44921875 0.11640625 0.0109375
0 0.70234375 0.46875 0.115625 0.01640625
0 0.8546875 0.5203125 0.10078125 0.0125
0 0.84453125 0.45859375 0.14453125 0.03984375
0 0.96171875 0.4734375 0.0765625 0.0125
0 0.96015625 0.4859375 0.0796875 0.009375
0 0.02265625 0.51015625 0.04140625 0.03828125
0 0.059375 0.5078125 0.02578125 0.040625
0 0.1359375 0.5375 0.11484375 0.0140625
0 0.2640625 0.51015625 0.1375 0.0140625
0 0.259375 0.53359375 0.13828125 0.0328125
0 0.38671875 0.503125 0.09921875 0.015625
0 0.390625 0.52109375 0.10234375 0.0140625
0 0.38828125 0.53828125 0.09765625 0.01484375
0 0.50625 0.53203125 0.11015625 0.03046875
0 0.621875 0.53125 0.096875 0.0375
0 0.7328125 0.5015625 0.128125 0.01875
0 0.7375 0.51953125 0.1265625 0.0140625
0 0.96171875 0.459375 0.0765625 0.009375
0 0.05546875 0.45 0.03984375 0.03828125