0 0.7390625 0.20078125 0.05859375 0.10234375
0 0.38125 0.08671875 0.0453125 0.08359375
0 0.4359375 0.090625 0.03984375 0.06796875
0 0.47734375 0.06953125 0.0390625 0.1109375
0 0.5234375 0.071875 0.046875 0.09921875
0 0.5703125 0.07109375 0.04140625 0.09765625
0 0.61875 0.059375 0.0546875 0.109375
0 0.66640625 0.06328125 0.0390625 0.09375
0 0.9625 0.0484375 0.0671875 0.09375
0 0.7828125 0.053125 0.05703125 0.10546875
0 0.840625 0.05234375 0.0546875 0.1046875
0 0.8984375 0.05 0.05859375 0.09765625
0 0.96796875 0.1859375 0.053125 0.11171875
0 0.9 0.1921875 0.0578125 0.10078125
0 0.8453125 0.19296875 0.04765625 0.1046875
0 0.79453125 0.19609375 0.0515625 0.1078125
0 0.28203125 0.0796875 0.040625 0.10703125
0 0.71953125 0.05546875 0.0640625 0.109375
0 0.22578125 0.08046875 0.06953125 0.11640625
0 0.8328125 0.871875 0.0484375 0.03828125
0 0.10390625 0.09453125 0.0390625 0.1015625
0 0.68515625 0.2046875 0.04765625 0.1046875
0 0.625 0.87890625 0.0609375 0.03125
0 0.67265625 0.87109375 0.028125 0.04453125
0 0.70703125 0.871875 0.0390625 0.04375
0 0.746875 0.8734375 0.028125 0.0453125
0 0.78203125 0.87265625 0.03515625 0.04765625
0 0.74296875 0.82578125 0.034375 0.05078125
0 0.78046875 0.825 0.03359375 0.0484375
0 0.83203125 0.83359375 0.05078125 0.03671875
0 0.8859375 0.83359375 0.0546875 0.034375
0 0.884375 0.87265625 0.0515625 0.03984375
0 0.93828125 0.83046875 0.04609375 0.034375
0 0.93671875 0.871875 0.0484375 0.040625
0 0.56953125 0.8421875 0.0328125 0.01015625
0 0.5734375 0.85546875 0.03125 0.01015625
0 0.57265625 0.86796875 0.03125 0.01171875
0 0.575 0.8796875 0.03046875 0.01171875
0 0.57421875 0.89296875 0.03359375 0.01171875
0 0.0578125 0.09453125 0.04921875 0.1
0 0.15625 0.08359375 0.06328125 0.1109375
0 0.4609375 0.2140625 0.06171875 0.12109375
0 0.325 0.07578125 0.04453125 0.115625
0 0.3328125 0.2171875 0.06640625 0.1125
0 0.3890625 0.7328125 0.0703125 0.0875
0 0.46015625 0.728125 0.0703125 0.0890625
0 0.53515625 0.728125 0.06640625 0.0890625
0 0.6125 0.73046875 0.08984375 0.078125
0 0.70546875 0.72734375 0.0875 0.078125
0 0.89921875 0.71171875 0.1125 0.09765625
0 0.97890625 0.71171875 0.0421875 0.10234375
0 0.959375 0.60234375 0.08125 0.078125
0 0.87265625 0.60546875 0.08671875 0.08046875
0 0.7859375 0.61015625 0.0875 0.07734375
0 0.396875 0.21484375 0.0625 0.11171875
0 0.31875 0.73515625 0.06875 0.08671875
0 0.59296875 0.60546875 0.103125 0.08828125
0 0.4 0.6109375 0.10234375 0.090625
0 0.3140625 0.6171875 0.0578125 0.08984375
0 0.2484375 0.61796875 0.07265625 0.0875
0 0.059375 0.6296875 0.11875 0.0875
0 0.0203125 0.503125 0.040625 0.1
0 0.06953125 0.5 0.05390625 0.103125
0 0.12578125 0.49921875 0.053125 0.10234375
0 0.17734375 0.49453125 0.04921875 0.11171875
0 0.22890625 0.4921875 0.053125 0.10703125
0 0.2875 0.4890625 0.06484375 0.11171875
0 0.34453125 0.48828125 0.04765625 0.1078125
0 0.496875 0.6109375 0.0875 0.09140625
0 0.39609375 0.48515625 0.05546875 0.10859375
0 0.25078125 0.73671875 0.06953125 0.08515625
0 0.08359375 0.74140625 0.08515625 0.0859375
0 0.51796875 0.8171875 0.06484375 0.04921875
0 0.5234375 0.8703125 0.06171875 0.05078125
0 0.4609375 0.87109375 0.05859375 0.05234375
0 0.4078125 0.8734375 0.04609375 0.04921875
0 0.40859375 0.821875 0.04375 0.046875
0 0.36484375 0.846875 0.03828125 0.015625
0 0.32578125 0.84921875 0.0359375 0.0171875
0 0.36328125 0.82890625 0.0390625 0.0203125
0 0.32421875 0.83203125 0.0359375 0.0171875
0 0.36328125 0.87890625 0.0328125 0.04453125
0 0.3265625 0.88046875 0.040625 0.04296875
0 0.17109375 0.73828125 0.0890625 0.08671875
0 0.2875 0.878125 0.03203125 0.04609375
0 0.2875 0.846875 0.03828125 0.0171875
0 0.246875 0.846875 0.03671875 0.01875
0 0.2125 0.8796875 0.0390625 0.040625
0 0.209375 0.84765625 0.0375 0.02265625
0 0.2109375 0.8265625 0.03984375 0.01796875
0 0.1671875 0.896875 0.05859375 0.01328125
0 0.165625 0.88125 0.0578125 0.0171875
0 0.1640625 0.86484375 0.0578125 0.01328125
0 0.0484375 0.890625 0.05703125 0.03515625
0 0.04609375 0.85625 0.06328125 0.03203125
0 0.0203125 0.75 0.040625 0.07265625
0 0.2515625 0.87890625 0.03515625 0.04609375
0 0.4609375 0.4828125 0.071875 0.11328125
0 0.69453125 0.6015625 0.0953125 0.0921875
0 0.271875 0.21953125 0.053125 0.11328125
0 0.6109375 0.34609375 0.04921875 0.10625
0 0.66171875 0.34453125 0.05 0.109375
0 0.55703125 0.35 0.0546875 0.1046875
0 0.5015625 0.35390625 0.05390625 0.10390625
0 0.44921875 0.35390625 0.04140625 0.1078125
0 0.39609375 0.35703125 0.06015625 0.10703125
0 0.34140625 0.359375 0.05 0.10625
0 0.28359375 0.359375 0.059375 0.10625
0 0.22890625 0.36328125 0.046875 0.10859375
0 0.17265625 0.3609375 0.06484375 0.1140625
0 0.11484375 0.365625 0.0453125 0.1109375
0 0.8984375 0.33359375 0.05546875 0.10703125
0 0.05234375 0.23046875 0.05546875 0.10859375
0 0.5703125 0.478125 0.05703125 0.109375
0 0.62734375 0.47578125 0.053125 0.11484375
0 0.6796875 0.47421875 0.04609375 0.11328125
0 0.72734375 0.4734375 0.0484375 0.10546875
0 0.96484375 0.4671875 0.05234375 0.11015625
0 0.11015625 0.22734375 0.06015625 0.1109375
0 0.16640625 0.225 0.04921875 0.109375
0 0.0609375 0.36328125 0.06328125 0.11484375
0 0.21796875 0.221875 0.0515625 0.1109375
0 0.9609375 0.33125 0.0640625 0.10625