0 0.4515625 0.55 0.04609375 0.07265625
0 0.40234375 0.54453125 0.046875 0.0890625
0 0.0265625 0.06953125 0.04609375 0.08125
0 0.35625 0.76484375 0.04765625 0.0875
0 0.4046875 0.76015625 0.04609375 0.08984375
0 0.44921875 0.7734375 0.04765625 0.0640625
0 0.4953125 0.7625 0.04140625 0.0859375
0 0.5375 0.7640625 0.04296875 0.0890625
0 0.5796875 0.7640625 0.03984375 0.0890625
0 0.62265625 0.77421875 0.0484375 0.06875
0 0.66953125 0.765625 0.04375 0.08125
0 0.71328125 0.76328125 0.04609375 0.08515625
0 0.75546875 0.76640625 0.040625 0.08984375
0 0.79765625 0.765625 0.0421875 0.08984375
0 0.84609375 0.75546875 0.0546875 0.0890625
0 0.9078125 0.76015625 0.07578125 0.1
0 0.975 0.77265625 0.05 0.078125
0 0.3515625 0.55859375 0.0484375 0.0875
0 0.29609375 0.55859375 0.06484375 0.08828125
0 0.23359375 0.55703125 0.0640625 0.08671875
0 0.16640625 0.55625 0.07421875 0.09140625
0 0.09765625 0.55625 0.0640625 0.09140625
0 0.034375 0.5578125 0.0625 0.0890625
0 0.35859375 0.4734375 0.03515625 0.06953125
0 0.3234375 0.47265625 0.03515625 0.06796875
0 0.28671875 0.471875 0.0375 0.075
0 0.2484375 0.4703125 0.03671875 0.071875
0 0.21171875 0.4703125 0.0390625 0.0703125
0 0.175 0.46875 0.03359375 0.06796875
0 0.1375 0.46953125 0.04140625 0.06640625
0 0.09765625 0.4703125 0.03515625 0.06640625
0 0.0609375 0.4734375 0.0390625 0.0625
0 0.30625 0.7625 0.05 0.09140625
0 0.25234375 0.765625 0.059375 0.096875
0 0.2015625 0.7640625 0.0421875 0.0890625
0 0.14765625 0.76328125 0.06484375 0.08828125
0 0.490625 0.54296875 0.02890625 0.084375
0 0.5515625 0.5484375 0.03125 0.0734375
0 0.58515625 0.546875 0.0390625 0.0765625
0 0.63046875 0.54375 0.0484375 0.08828125
0 0.67890625 0.54296875 0.05 0.08984375
0 0.73125 0.57578125 0.04921875 0.02421875
0 0.7953125 0.55 0.04921875 0.078125
0 0.83828125 0.55390625 0.03515625 0.0703125
0 0.87265625 0.56796875 0.02421875 0.03671875
0 0.90703125 0.5515625 0.04296875 0.0671875
0 0.94609375 0.5546875 0.0375 0.0609375
0 0.028125 0.65546875 0.053125 0.090625
0 0.08515625 0.65703125 0.06171875 0.08828125
0 0.146875 0.65625 0.06015625 0.08671875
0 0.0203125 0.471875 0.0390625 0.06171875
0 0.2046875 0.65625 0.05546875 0.08828125
0 0.35078125 0.6578125 0.07109375 0.0859375
0 0.409375 0.653125 0.0484375 0.09375
0 0.4546875 0.65625 0.0390625 0.07109375
0 0.49765625 0.65078125 0.04609375 0.08203125
0 0.54140625 0.65234375 0.04296875 0.0875
0 0.6140625 0.66171875 0.1015625 0.07265625
0 0.6953125 0.66484375 0.06484375 0.0640625
0 0.75078125 0.66015625 0.04609375 0.075
0 0.796875 0.66015625 0.02578125 0.07890625
0 0.821875 0.659375 0.02578125 0.08203125
0 0.8578125 0.64453125 0.04296875 0.0890625
0 0.92421875 0.6515625 0.0640625 0.09921875
0 0.97890625 0.67578125 0.0421875 0.0703125
0 0.08125 0.76171875 0.06640625 0.08125
0 0.26015625 0.6546875 0.0578125 0.08671875
0 0.9671875 0.47421875 0.0453125 0.03203125
0 0.51875 0.54140625 0.02734375 0.08515625
0 0.95546875 0.41015625 0.034375 0.03515625
0 0.90625 0.20703125 0.06328125 0.08515625
0 0.8359375 0.2203125 0.07265625 0.06796875
0 0.765625 0.2203125 0.06640625 0.06640625
0 0.715625 0.20859375 0.03046875 0.08671875
0 0.68359375 0.20546875 0.0328125 0.090625
0 0.64453125 0.2015625 0.03984375 0.09609375
0 0.60859375 0.19609375 0.034375 0.1046875
0 0.57109375 0.1984375 0.03671875 0.10234375
0 0.53359375 0.21484375 0.040625 0.06953125
0 0.47734375 0.21015625 0.0625 0.07578125
0 0.41328125 0.2 0.06640625 0.09765625
0 0.34375 0.175 0.0578125 0.103125
0 0.975 0.440625 0.034375 0.02421875
0 0.234375 0.18125 0.05625 0.09375
0 0.18515625 0.1796875 0.04375 0.09140625
0 0.1359375 0.184375 0.05546875 0.08125
0 0.09140625 0.18359375 0.03515625 0.08046875
0 0.04765625 0.18515625 0.05 0.0796875
0 0.69140625 0.06171875 0.04921875 0.096875
0 0.6546875 0.06484375 0.0234375 0.090625
0 0.6296875 0.0640625 0.028125 0.090625
0 0.59296875 0.06015625 0.0453125 0.09921875
0 0.5453125 0.06953125 0.05078125 0.084375
0 0.49140625 0.0578125 0.05546875 0.10625
0 0.4390625 0.07109375 0.046875 0.078125
0 0.3953125 0.07734375 0.03984375 0.0640625
0 0.178125 0.07578125 0.04921875 0.06484375
0 0.12734375 0.06796875 0.05 0.07890625
0 0.075 0.06015625 0.05078125 0.1
0 0.96953125 0.23359375 0.0609375 0.0265625
0 0.04375 0.28515625 0.0515625 0.0765625
0 0.2875 0.18203125 0.05078125 0.09140625
0 0.13359375 0.28828125 0.04921875 0.08046875
0 0.86484375 0.4390625 0.0609375 0.08515625
0 0.08828125 0.2859375 0.0390625 0.07578125
0 0.7421875 0.43125 0.06796875 0.10390625
0 0.67890625 0.43046875 0.059375 0.103125
0 0.62578125 0.4359375 0.04609375 0.090625
0 0.56796875 0.4390625 0.0609375 0.06171875
0 0.50234375 0.4453125 0.07109375 0.0734375
0 0.42421875 0.43203125 0.084375 0.09921875
0 0.36015625 0.38984375 0.03828125 0.06796875
0 0.27890625 0.38984375 0.03984375 0.0625
0 0.2203125 0.38828125 0.04140625 0.06953125
0 0.18359375 0.3875 0.03359375 0.06640625
0 0.14609375 0.384375 0.0390625 0.07109375
0 0.10625 0.384375 0.03984375 0.07265625
0 0.06640625 0.38828125 0.040625 0.06484375
0 0.31875 0.38828125 0.0421875 0.06484375
0 0.95 0.31875 0.096875 0.0890625
0 0.17890625 0.28828125 0.04375 0.08046875
0 0.02265625 0.38359375 0.04375 0.07421875
0 0.26640625 0.28984375 0.04296875 0.08125
0 0.315625 0.28984375 0.05625 0.08125
0 0.4171875 0.31640625 0.08828125 0.10078125
0 0.48671875 0.321875 0.05 0.090625
0 0.5328125 0.31796875 0.04921875 0.09921875
0 0.22265625 0.28828125 0.04296875 0.0828125
0 0.63125 0.3171875 0.0796875 0.10234375
0 0.69296875 0.3203125 0.04296875 0.09375
0 0.7390625 0.31953125 0.0484375 0.09296875
0 0.79453125 0.3203125 0.06015625 0.09375
0 0.57578125 0.32578125 0.0328125 0.0875
0 0.8734375 0.3171875 0.05859375 0.0921875