0 0.371875 0.63828125 0.04296875 0.07265625
0 0.41875 0.63359375 0.0421875 0.07734375
0 0.4625 0.6359375 0.04375 0.07734375
0 0.509375 0.6328125 0.04296875 0.07578125
0 0.59296875 0.64375 0.03984375 0.08046875
0 0.546875 0.63671875 0.03828125 0.06875
0 0.86796875 0.75546875 0.04765625 0.06796875
0 0.74765625 0.7453125 0.0234375 0.06875
0 0.896875 0.65 0.05234375 0.0703125
0 0.846875 0.64765625 0.046875 0.07265625
0 0.8 0.65078125 0.04296875 0.06796875
0 0.759375 0.64609375 0.03828125 0.07578125
0 0.9875 0.5546875 0.025 0.09375
0 0.94609375 0.54296875 0.03671875 0.0765625
0 0.9 0.546875 0.046875 0.07265625
0 0.85078125 0.53203125 0.0375 0.06640625
0 0.81015625 0.54921875 0.03828125 0.071875
0 0.7640625 0.54609375 0.0515625 0.0796875
0 0.959375 0.75625 0.04765625 0.059375
0 0.33046875 0.63671875 0.040625 0.07109375
0 0.9140625 0.76015625 0.03828125 0.0609375
0 0.8234375 0.7578125 0.0328125 0.065625
0 0.94453125 0.6484375 0.04140625 0.06796875
0 0.9828125 0.6484375 0.034375 0.06875
0 0.35234375 0.7359375 0.03671875 0.0828125
0 0.390625 0.734375 0.0390625 0.08515625
0 0.42734375 0.73203125 0.0359375 0.08125
0 0.465625 0.73671875 0.0375 0.07734375
0 0.509375 0.73828125 0.0484375 0.09140625
0 0.59609375 0.73828125 0.03515625 0.084375
0 0.6359375 0.74453125 0.03671875 0.0796875
0 0.67578125 0.7453125 0.04296875 0.08125
0 0.6328125 0.64765625 0.0390625 0.07265625
0 0.6828125 0.6421875 0.0484375 0.06640625
0 0.55390625 0.740625 0.0390625 0.08359375
0 0.36328125 0.534375 0.03046875 0.071875
0 0.95703125 0.23125 0.05078125 0.08046875
0 0.7875 0.75390625 0.0421875 0.07109375
0 0.77578125 0.11875 0.0421875 0.07890625
0 0.8203125 0.1234375 0.04765625 0.08046875
0 0.8671875 0.115625 0.04140625 0.078125
0 0.91328125 0.1171875 0.0453125 0.0765625
0 0.96015625 0.11484375 0.0484375 0.08203125
0 0.30390625 0.2453125 0.03671875 0.07421875
0 0.340625 0.24375 0.0375 0.07578125
0 0.37890625 0.2421875 0.0359375 0.07109375
0 0.4140625 0.240625 0.03671875 0.071875
0 0.45703125 0.2390625 0.0453125 0.07109375
0 0.4984375 0.23828125 0.03828125 0.0734375
0 0.53359375 0.23671875 0.03515625 0.06875
0 0.57421875 0.23671875 0.03984375 0.0703125
0 0.61171875 0.2375 0.03671875 0.07421875
0 0.65 0.24140625 0.03984375 0.0671875
0 0.90625 0.23671875 0.046875 0.08359375
0 0.86015625 0.23515625 0.0453125 0.084375
0 0.815625 0.23671875 0.0453125 0.08515625
0 0.76875 0.23671875 0.04921875 0.08515625
0 0.39921875 0.53359375 0.03671875 0.0703125
0 0.4359375 0.5359375 0.03671875 0.06640625
0 0.4828125 0.53984375 0.04765625 0.08203125
0 0.52421875 0.5375 0.0375 0.078125
0 0.56015625 0.53671875 0.03515625 0.07890625
0 0.59921875 0.534375 0.03984375 0.078125
0 0.63828125 0.534375 0.0375 0.07890625
0 0.68046875 0.5359375 0.04765625 0.09296875
0 0.328125 0.53359375 0.04375 0.07578125
0 0.76875 0.34296875 0.0328125 0.07734375
0 0.890625 0.33828125 0.040625 0.08671875
0 0.93828125 0.33671875 0.05 0.08203125
0 0.76015625 0.44765625 0.040625 0.075
0 0.80703125 0.4515625 0.053125 0.07578125
0 0.85 0.44765625 0.03984375 0.07265625
0 0.8953125 0.44765625 0.04140625 0.07421875
0 0.93984375 0.44140625 0.04375 0.071875
0 0.9828125 0.4375 0.034375 0.078125
0 0.80078125 0.346875 0.0328125 0.071875
0 0.97890625 0.84921875 0.04140625 0.07734375
0 0.175 0.728125 0.02890625 0.07109375
0 0.83984375 0.8578125 0.04375 0.0796875
0 0.07578125 0.6359375 0.0375 0.08359375
0 0.03984375 0.63125 0.034375 0.0859375
0 0.20078125 0.54296875 0.0390625 0.06640625
0 0.1625 0.54375 0.0359375 0.06875
0 0.13203125 0.53828125 0.02421875 0.07109375
0 0.09140625 0.54609375 0.040625 0.0640625
0 0.11953125 0.63671875 0.034375 0.08984375
0 0.05078125 0.54296875 0.03203125 0.0640625
0 0.196875 0.44609375 0.03828125 0.065625
0 0.1109375 0.44375 0.03828125 0.06484375
0 0.0703125 0.446875 0.03046875 0.06875
0 0.03203125 0.44765625 0.04375 0.06875
0 0.18984375 0.3515625 0.040625 0.0640625
0 0.0765625 0.35078125 0.034375 0.08984375
0 0.01875 0.53984375 0.0328125 0.0671875
0 0.1578125 0.6421875 0.03828125 0.07890625
0 0.20625 0.63984375 0.04921875 0.08125
0 0.01328125 0.7265625 0.02578125 0.06328125
0 0.690625 0.23515625 0.0390625 0.0671875
0 0.45078125 0.13359375 0.03671875 0.06328125
0 0.23828125 0.83125 0.0359375 0.07265625
0 0.196875 0.8296875 0.0390625 0.06484375
0 0.15859375 0.8265625 0.0328125 0.071875
0 0.12578125 0.82578125 0.03125 0.0671875
0 0.09375 0.8234375 0.02890625 0.06953125
0 0.0578125 0.825 0.034375 0.07265625
0 0.025 0.82265625 0.034375 0.08203125
0 0.21328125 0.73046875 0.04375 0.06796875
0 0.48515625 0.134375 0.03203125 0.06171875
0 0.13984375 0.73515625 0.03125 0.06484375
0 0.1078125 0.73046875 0.03203125 0.071875
0 0.07734375 0.72890625 0.028125 0.06796875
0 0.04296875 0.7265625 0.0375 0.06796875
0 0.03359375 0.35546875 0.046875 0.08671875
0 0.17734375 0.24609375 0.040625 0.07109375
0 0.1375 0.25 0.034375 0.06875
0 0.0984375 0.24765625 0.03359375 0.06796875
0 0.4265625 0.43671875 0.034375 0.06796875
0 0.46328125 0.43828125 0.0375 0.07421875
0 0.503125 0.44140625 0.0390625 0.06796875
0 0.5421875 0.43828125 0.03125 0.06875
0 0.57734375 0.43828125 0.0375 0.06796875
0 0.61171875 0.43671875 0.03359375 0.06953125
0 0.65078125 0.440625 0.0375 0.06640625
0 0.68828125 0.4390625 0.034375 0.06796875
0 0.3046875 0.346875 0.03828125 0.06953125
0 0.3453125 0.34921875 0.03828125 0.06640625
0 0.384375 0.3484375 0.03515625 0.0671875
0 0.4203125 0.3484375 0.0375 0.0703125
0 0.4609375 0.34609375 0.03671875 0.06796875
0 0.49765625 0.3453125 0.03671875 0.06796875
0 0.53359375 0.3453125 0.03125 0.07265625
0 0.39140625 0.43671875 0.03671875 0.06875
0 0.88359375 0.85390625 0.0421875 0.08515625
0 0.35234375 0.440625 0.03671875 0.0671875
0 0.38984375 0.13984375 0.06640625 0.07265625
0 0.06328125 0.253125 0.0328125 0.071875
0 0.02890625 0.24765625 0.03671875 0.0796875
0 0.16796875 0.140625 0.03828125 0.07265625
0 0.12890625 0.13828125 0.03828125 0.075
0 0.0890625 0.14765625 0.04296875 0.08359375
0 0.04765625 0.146875 0.03828125 0.08359375
0 0.68515625 0.34375 0.04609375 0.06640625
0 0.64296875 0.34609375 0.03046875 0.06640625
0 0.5171875 0.1328125 0.03203125 0.0609375
0 0.55234375 0.13515625 0.03671875 0.06328125
0 0.59140625 0.13359375 0.0296875 0.06171875
0 0.621875 0.13203125 0.0328125 0.06640625
0 0.65625 0.12734375 0.03671875 0.05859375
0 0.69453125 0.1265625 0.0390625 0.065625
0 0.3296875 0.1453125 0.05078125 0.06171875
0 0.31796875 0.43984375 0.03203125 0.065625
0 0.571875 0.34765625 0.03828125 0.06875
0 0.6109375 0.34765625 0.03203125 0.06484375
0 0.4140625 0.84140625 0.0375 0.06875
0 0.796875 0.8578125 0.03984375 0.0765625
0 0.7578125 0.85546875 0.0359375 0.078125
0 0.68125 0.84765625 0.0375 0.07734375
0 0.640625 0.840625 0.0421875 0.078125
0 0.60078125 0.8390625 0.0359375 0.08125
0 0.553125 0.84453125 0.0453125 0.06640625
0 0.50234375 0.84375 0.04609375 0.06640625
0 0.45390625 0.84609375 0.03984375 0.06328125
0 0.37734375 0.85 0.03359375 0.0734375
0 0.33671875 0.846875 0.0453125 0.08203125