0 0.67421875 0.6234375 0.04296875 0.05390625
0 0.5609375 0.6328125 0.015625 0.03203125
0 0.58515625 0.634375 0.02578125 0.03515625
0 0.8140625 0.7640625 0.08359375 0.01875
0 0.8125 0.725 0.0765625 0.05546875
0 0.75390625 0.734375 0.0265625 0.06875
0 0.721875 0.7359375 0.0296875 0.06875
0 0.69296875 0.74375 0.01875 0.0484375
0 0.6640625 0.746875 0.02890625 0.05
0 0.6265625 0.7421875 0.03203125 0.065625
0 0.59453125 0.75625 0.02421875 0.0421875
0 0.56484375 0.74609375 0.028125 0.05703125
0 0.61171875 0.62890625 0.028125 0.03828125
0 0.47734375 0.72578125 0.06015625 0.0828125
0 0.4015625 0.7265625 0.08125 0.09375
0 0.2703125 0.7421875 0.1609375 0.065625
0 0.6390625 0.62890625 0.0203125 0.04140625
0 0.11640625 0.7265625 0.13984375 0.09140625
0 0.81953125 0.64296875 0.08984375 0.0140625
0 0.80625 0.61171875 0.08515625 0.04375
0 0.72734375 0.61796875 0.0515625 0.0546875
0 0.53125 0.73828125 0.028125 0.06796875
0 0.484375 0.553125 0.02734375 0.0453125
0 0.13359375 0.35 0.0703125 0.03046875
0 0.4265625 0.57109375 0.02109375 0.01640625
0 0.81953125 0.35390625 0.07421875 0.0234375
0 0.0390625 0.40390625 0.06328125 0.0390625
0 0.10078125 0.39921875 0.05625 0.0125
0 0.10078125 0.41484375 0.0515625 0.01640625
0 0.165625 0.40078125 0.0609375 0.040625
0 0.24375 0.40859375 0.05625 0.0390625
0 0.30390625 0.409375 0.05625 0.0375
0 0.365625 0.409375 0.05546875 0.04140625
0 0.42265625 0.409375 0.05 0.040625
0 0.5171875 0.384375 0.0671875 0.03125
0 0.6296875 0.4859375 0.08984375 0.06328125
0 0.5484375 0.478125 0.0671875 0.078125
0 0.47734375 0.49921875 0.06015625 0.02890625
0 0.41875 0.5 0.053125 0.0296875
0 0.3625 0.49296875 0.05390625 0.04296875
0 0.2953125 0.4984375 0.07109375 0.03203125
0 0.23828125 0.4890625 0.03984375 0.05625
0 0.74140625 0.34921875 0.06875 0.03125
0 0.4546875 0.559375 0.025 0.0375
0 0.66484375 0.35078125 0.07734375 0.0296875
0 0.51015625 0.34921875 0.07890625 0.0296875
0 0.42578125 0.55234375 0.025 0.01953125
0 0.32890625 0.56640625 0.0390625 0.01875
0 0.32890625 0.54375 0.04375 0.0234375
0 0.28359375 0.56640625 0.0421875 0.02421875
0 0.2421875 0.56015625 0.0375 0.0375
0 0.20078125 0.5578125 0.0375 0.03671875
0 0.16171875 0.55390625 0.0328125 0.0671875
0 0.11953125 0.56328125 0.0375 0.05703125
0 0.0359375 0.52890625 0.04609375 0.02578125
0 0.53359375 0.62890625 0.028125 0.040625
0 0.03125 0.56796875 0.0578125 0.0484375
0 0.82265625 0.4890625 0.09609375 0.06171875
0 0.725 0.4875 0.09296875 0.0625
0 0.2046875 0.3484375 0.06640625 0.0296875
0 0.278125 0.3515625 0.07265625 0.02265625
0 0.3546875 0.346875 0.075 0.03046875
0 0.43203125 0.34765625 0.07421875 0.02890625
0 0.58671875 0.35 0.071875 0.03125
0 0.078125 0.5640625 0.03125 0.0578125
0 0.49765625 0.6234375 0.03359375 0.05078125
0 0.4375 0.62109375 0.02734375 0.05546875
0 0.77421875 0.17578125 0.071875 0.015625
0 0.64609375 0.21015625 0.0859375 0.08203125
0 0.55546875 0.21328125 0.0921875 0.07578125
0 0.46875 0.21875 0.06953125 0.06171875
0 0.38828125 0.215625 0.08515625 0.06640625
0 0.3234375 0.21640625 0.0328125 0.0640625
0 0.73125 0.21796875 0.07890625 0.06484375
0 0.2859375 0.21640625 0.0375 0.0640625
0 0.46484375 0.61875 0.0203125 0.06015625
0 0.20234375 0.2109375 0.03984375 0.07109375
0 0.15390625 0.20859375 0.04296875 0.07109375
0 0.0984375 0.20546875 0.05625 0.07734375
0 0.03671875 0.20703125 0.0578125 0.075
0 0.384375 0.63125 0.03046875 0.0390625
0 0.24375 0.215625 0.034375 0.0640625
0 0.821875 0.21953125 0.090625 0.0609375
0 0.0515625 0.296875 0.0765625 0.02578125
0 0.134375 0.3 0.08203125 0.021875
0 0.0625 0.34765625 0.071875 0.02578125
0 0.81953125 0.296875 0.053125 0.04140625
0 0.771875 0.3078125 0.03515625 0.01875
0 0.190625 0.48828125 0.04375 0.05859375
0 0.7390625 0.30703125 0.02265625 0.0171875
0 0.7046875 0.30703125 0.03125 0.0171875
0 0.6703125 0.30703125 0.03046875 0.01484375
0 0.59765625 0.30703125 0.0984375 0.01484375
0 0.52734375 0.2921875 0.02578125 0.05078125
0 0.49140625 0.28984375 0.0359375 0.053125
0 0.45078125 0.28984375 0.03359375 0.0484375
0 0.3734375 0.3046875 0.11171875 0.0203125
0 0.371875 0.284375 0.1046875 0.0140625
0 0.246875 0.303125 0.12890625 0.01953125
0 0.2484375 0.28359375 0.10625 0.01484375
0 0.35078125 0.634375 0.025 0.040625
0 0.3203125 0.63046875 0.02734375 0.04296875
0 0.14375 0.48125 0.03359375 0.0265625
0 0.203125 0.62890625 0.0515625 0.0421875
0 0.66796875 0.4109375 0.05234375 0.040625
0 0.721875 0.4015625 0.04765625 0.0625
0 0.7765625 0.4078125 0.05625 0.04375
0 0.8390625 0.409375 0.05625 0.046875
0 0.03046875 0.46484375 0.03515625 0.0578125
0 0.48515625 0.4171875 0.0609375 0.02734375
0 0.63828125 0.56484375 0.05859375 0.025
0 0.5671875 0.5625 0.07421875 0.02890625
0 0.609375 0.41015625 0.0546875 0.0390625
0 0.26875 0.6375 0.06953125 0.02890625
0 0.5125 0.5609375 0.02578125 0.034375
0 0.06953125 0.46484375 0.03984375 0.05546875
0 0.10859375 0.46875 0.0296875 0.04609375
0 0.41171875 0.62734375 0.01796875 0.04453125
0 0.70078125 0.56328125 0.0546875 0.02734375
0 0.76640625 0.5640625 0.0765625 0.0234375
0 0.83828125 0.55703125 0.05390625 0.05
0 0.02578125 0.63125 0.0484375 0.04140625
0 0.08125 0.63125 0.05390625 0.04140625
0 0.13984375 0.63125 0.05625 0.03984375
0 0.5484375 0.41484375 0.0578125 0.0296875