0 0.8296875 0.57421875 0.02421875 0.08515625
0 0.803125 0.5796875 0.025 0.09140625
0 0.778125 0.58515625 0.01875 0.09140625
0 0.67578125 0.61796875 0.034375 0.1203125
0 0.853125 0.56328125 0.0234375 0.09140625
0 0.73515625 0.45234375 0.025 0.0875
0 0.88125 0.55703125 0.0296875 0.09375
0 0.76640625 0.44609375 0.0296875 0.08046875
0 0.7921875 0.434375 0.01640625 0.09140625
0 0.81875 0.43046875 0.028125 0.0796875
0 0.84296875 0.421875 0.0140625 0.08671875
0 0.64375 0.63125 0.0234375 0.10703125
0 0.2140625 0.965625 0.0375 0.06328125
0 0.25390625 0.95078125 0.0328125 0.09296875
0 0.28828125 0.93203125 0.03125 0.12734375
0 0.71875 0.77265625 0.02578125 0.090625
0 0.68984375 0.7828125 0.0265625 0.0921875
0 0.6640625 0.79453125 0.021875 0.09296875
0 0.63828125 0.80703125 0.0265625 0.0875
0 0.57890625 0.828125 0.02578125 0.09296875
0 0.546875 0.8359375 0.03125 0.08828125
0 0.2078125 0.14140625 0.04453125 0.15390625
0 0.15546875 0.1390625 0.0546875 0.16171875
0 0.096875 0.13984375 0.053125 0.15078125
0 0.8640625 0.41640625 0.02109375 0.09375
0 0.03046875 0.14921875 0.0546875 0.1375
0 0.61484375 0.47890625 0.0296875 0.10078125
0 0.64375 0.47421875 0.02265625 0.0921875
0 0.6765625 0.46484375 0.03046875 0.1
0 0.70625 0.45859375 0.02734375 0.09375
0 0.4875 0.8671875 0.0328125 0.08671875
0 0.4515625 0.8796875 0.03359375 0.10625
0 0.41796875 0.8890625 0.025 0.0953125
0 0.353125 0.92421875 0.03203125 0.11328125
0 0.31953125 0.92265625 0.0265625 0.13046875
0 0.58125 0.49296875 0.03125 0.08828125
0 0.8875 0.41171875 0.025 0.08984375
0 0.22265625 0.7671875 0.0375 0.1203125
0 0.1328125 0.80234375 0.03828125 0.11015625
0 0.36796875 0.33203125 0.0390625 0.128125
0 0.4078125 0.33046875 0.034375 0.11796875
0 0.4453125 0.321875 0.03359375 0.11171875
0 0.484375 0.31640625 0.03515625 0.11328125
0 0.5203125 0.3203125 0.034375 0.10859375
0 0.5578125 0.30546875 0.03515625 0.11953125
0 0.5921875 0.29921875 0.03125 0.11796875
0 0.6234375 0.2796875 0.02421875 0.13671875
0 0.04765625 0.6171875 0.0515625 0.13203125
0 0.653125 0.28671875 0.03359375 0.1109375
0 0.684375 0.27421875 0.02265625 0.13046875
0 0.70625 0.27109375 0.01875 0.13515625
0 0.72734375 0.26796875 0.01875 0.128125
0 0.75078125 0.26328125 0.021875 0.12578125
0 0.775 0.26640625 0.0203125 0.09765625
0 0.7984375 0.26171875 0.0203125 0.10703125
0 0.8234375 0.26015625 0.02734375 0.09765625
0 0.8484375 0.25546875 0.01796875 0.09453125
0 0.87265625 0.25859375 0.021875 0.09453125
0 0.321875 0.33671875 0.03515625 0.128125
0 0.0828125 0.82109375 0.0359375 0.11328125
0 0.2578125 0.3265625 0.03125 0.1265625
0 0.10703125 0.59765625 0.05 0.140625
0 0.74609375 0.759375 0.0265625 0.08671875
0 0.2671875 0.75703125 0.0359375 0.12265625
0 0.3109375 0.740625 0.03515625 0.11171875
0 0.3578125 0.71953125 0.0375 0.11328125
0 0.396875 0.7109375 0.03671875 0.11484375
0 0.4296875 0.68671875 0.0265625 0.1203125
0 0.45859375 0.6796875 0.025 0.1234375
0 0.546875 0.503125 0.0328125 0.09375
0 0.8984375 0.2453125 0.0265625 0.11015625
0 0.009375 0.62421875 0.01796875 0.12734375
0 0.6140625 0.63828125 0.028125 0.10390625
0 0.58671875 0.65390625 0.0203125 0.0875
0 0.55859375 0.659375 0.0265625 0.09296875
0 0.5296875 0.66796875 0.0265625 0.103125
0 0.4953125 0.6765625 0.034375 0.09921875
0 0.27421875 0.48125 0.0453125 0.03359375
0 0.2609375 0.565625 0.040625 0.12578125
0 0.2125 0.571875 0.04765625 0.13359375
0 0.159375 0.590625 0.05234375 0.1390625
0 0.21796875 0.346875 0.0453125 0.13125
0 0.7703125 0.75234375 0.0171875 0.08359375
0 0.60703125 0.81953125 0.0265625 0.09140625
0 0.8140625 0.73671875 0.02109375 0.06875
0 0.99140625 0.4734375 0.015625 0.0984375
0 0.965625 0.54765625 0.053125 0.02578125
0 0.9640625 0.578125 0.0546875 0.0296875
0 0.96328125 0.60703125 0.0484375 0.02421875
0 0.9625 0.63203125 0.0453125 0.02421875
0 0.9625 0.65859375 0.04609375 0.01953125
0 0.9609375 0.69453125 0.053125 0.02578125
0 0.3015625 0.13359375 0.034375 0.13671875
0 0.35234375 0.12890625 0.0390625 0.13828125
0 0.79296875 0.74765625 0.02109375 0.07265625
0 0.40078125 0.12890625 0.040625 0.12734375
0 0.440625 0.12421875 0.03515625 0.12890625
0 0.4828125 0.12109375 0.03515625 0.12890625
0 0.9703125 0.48125 0.0203125 0.096875
0 0.52265625 0.121875 0.034375 0.12265625
0 0.5953125 0.11953125 0.03125 0.11640625
0 0.6296875 0.12265625 0.0296875 0.115625
0 0.66328125 0.10859375 0.0328125 0.13046875
0 0.69609375 0.11640625 0.0296875 0.11171875
0 0.725 0.11328125 0.02734375 0.10390625
0 0.75703125 0.11328125 0.0296875 0.10234375
0 0.7859375 0.11328125 0.0265625 0.09921875
0 0.8140625 0.10859375 0.025 0.1
0 0.12109375 0.36015625 0.04609375 0.14609375
0 0.0640625 0.375 0.046875 0.15078125
0 0.015625 0.38125 0.03125 0.140625
0 0.86640625 0.10703125 0.02890625 0.09296875
0 0.83984375 0.109375 0.021875 0.09140625
0 0.559375 0.121875 0.03515625 0.1203125
0 0.990625 0.31953125 0.01640625 0.13515625
0 0.86171875 0.71953125 0.025 0.06640625
0 0.171875 0.34921875 0.0375 0.12890625
0 0.509375 0.509375 0.0296875 0.09765625
0 0.471875 0.5171875 0.0328125 0.0921875
0 0.4328125 0.53046875 0.0375 0.0953125
0 0.3953125 0.52890625 0.0375 0.11640625
0 0.3515625 0.53828125 0.0421875 0.12890625
0 0.30625 0.559375 0.04375 0.1171875
0 0.9796875 0.1515625 0.028125 0.125
0 0.25546875 0.14765625 0.04765625 0.13203125
0 0.8375 0.7296875 0.021875 0.06953125
0 0.959375 0.32578125 0.0296875 0.12265625