0 0.14921875 0.528125 0.08359375 0.03515625
0 0.91484375 0.24375 0.028125 0.0359375
0 0.3578125 0.4734375 0.07421875 0.03203125
0 0.43515625 0.47578125 0.05625 0.04375
0 0.271875 0.525 0.075 0.03125
0 0.1140625 0.315625 0.03984375 0.04296875
0 0.4421875 0.52421875 0.0703125 0.0359375
0 0.15390625 0.31328125 0.0296875 0.04140625
0 0.53828125 0.4375 0.04609375 0.03359375
0 0.60703125 0.4390625 0.0640625 0.0296875
0 0.6703125 0.44140625 0.046875 0.0390625
0 0.1921875 0.3140625 0.0390625 0.04375
0 0.23671875 0.31328125 0.0375 0.03984375
0 0.27578125 0.31328125 0.0390625 0.040625
0 0.35703125 0.5234375 0.08125 0.034375
0 0.834375 0.30546875 0.03984375 0.03671875
0 0.41484375 0.309375 0.03828125 0.0375
0 0.790625 0.30625 0.04765625 0.0359375
0 0.7453125 0.30625 0.03359375 0.034375
0 0.70546875 0.30859375 0.03515625 0.034375
0 0.6140625 0.30703125 0.03515625 0.0359375
0 0.5734375 0.309375 0.0390625 0.0390625
0 0.5375 0.30703125 0.034375 0.03515625
0 0.31328125 0.31015625 0.0359375 0.03984375
0 0.91015625 0.303125 0.0484375 0.0359375
0 0.13828125 0.4765625 0.0703125 0.03671875
0 0.059375 0.52890625 0.07109375 0.03671875
0 0.72734375 0.43984375 0.04140625 0.0375
0 0.86953125 0.30390625 0.02890625 0.03359375
0 0.49375 0.31171875 0.03828125 0.0375
0 0.4515625 0.3125 0.0265625 0.0375
0 0.0640625 0.47734375 0.0796875 0.0359375
0 0.5390625 0.47734375 0.0421875 0.0359375
0 0.21875 0.2515625 0.0390625 0.0390625
0 0.65546875 0.478125 0.05078125 0.0328125
0 0.14609375 0.25390625 0.03359375 0.03984375
0 0.109375 0.2546875 0.03125 0.0421875
0 0.0859375 0.709375 0.05625 0.03046875
0 0.02109375 0.7875 0.03984375 0.046875
0 0.9625 0.525 0.06015625 0.0359375
0 0.89453125 0.52265625 0.06484375 0.0328125
0 0.18046875 0.253125 0.03515625 0.03671875
0 0.8328125 0.5234375 0.06015625 0.0328125
0 0.6625 0.525 0.04453125 0.034375
0 0.60859375 0.52421875 0.0625 0.0328125
0 0.53828125 0.52734375 0.05078125 0.03046875
0 0.9578125 0.46875 0.04609375 0.0296875
0 0.89453125 0.46953125 0.06484375 0.025
0 0.8296875 0.4703125 0.0484375 0.02421875
0 0.71953125 0.52265625 0.059375 0.03359375
0 0.5953125 0.478125 0.06015625 0.03046875
0 0.26171875 0.25234375 0.034375 0.04375
0 0.41328125 0.2515625 0.04609375 0.0421875
0 0.72578125 0.478125 0.0515625 0.0328125
0 0.834375 0.4375 0.03984375 0.03671875
0 0.88515625 0.4359375 0.04609375 0.03203125
0 0.95078125 0.43515625 0.06640625 0.03125
0 0.87578125 0.246875 0.03125 0.03359375
0 0.8375 0.246875 0.03671875 0.034375
0 0.303125 0.25234375 0.03984375 0.0421875
0 0.79765625 0.2484375 0.02890625 0.0359375
0 0.71328125 0.24765625 0.04140625 0.03203125
0 0.60859375 0.25 0.03828125 0.03828125
0 0.5671875 0.24921875 0.0328125 0.03984375
0 0.53125 0.24765625 0.028125 0.0390625
0 0.49609375 0.24609375 0.034375 0.0390625
0 0.4609375 0.25 0.03515625 0.0421875
0 0.7546875 0.24765625 0.03828125 0.0328125
0 0.26953125 0.47578125 0.065625 0.03203125
0 0.9203125 0.6640625 0.0390625 0.0234375
0 0.14296875 0.703125 0.0546875 0.02109375
0 0.67890625 0.78828125 0.03046875 0.04375
0 0.746875 0.66015625 0.0328125 0.03203125
0 0.8375 0.6671875 0.0453125 0.0265625
0 0.88046875 0.6625 0.03125 0.02578125
0 0.9625 0.66328125 0.0328125 0.0234375
0 0.74140625 0.7171875 0.03046875 0.0578125
0 0.7875 0.7140625 0.046875 0.059375
0 0.82890625 0.7140625 0.02421875 0.05859375
0 0.6359375 0.7875 0.04140625 0.04453125
0 0.86953125 0.71484375 0.046875 0.05078125
0 0.95703125 0.71171875 0.03984375 0.05625
0 0.73984375 0.7828125 0.0328125 0.053125
0 0.78125 0.7796875 0.0421875 0.053125
0 0.821875 0.7796875 0.03828125 0.053125
0 0.86796875 0.7796875 0.04375 0.053125
0 0.909375 0.7765625 0.03515625 0.05546875
0 0.94921875 0.778125 0.03984375 0.06015625
0 0.02265625 0.70703125 0.0453125 0.0203125
0 0.915625 0.7140625 0.034375 0.0515625
0 0.59765625 0.7890625 0.03125 0.0484375
0 0.78828125 0.66328125 0.04296875 0.01875
0 0.51640625 0.784375 0.04453125 0.05390625
0 0.55078125 0.7234375 0.03359375 0.05390625
0 0.50625 0.72265625 0.04375 0.053125
0 0.46171875 0.725 0.03125 0.0484375
0 0.678125 0.6671875 0.04296875 0.04921875
0 0.6375 0.665625 0.03359375 0.05390625
0 0.59453125 0.66484375 0.04921875 0.053125
0 0.55078125 0.66640625 0.03828125 0.05234375
0 0.559375 0.78515625 0.04140625 0.0546875
0 0.46171875 0.66328125 0.0375 0.05234375
0 0.27578125 0.78515625 0.04765625 0.05
0 0.21875 0.7875 0.05859375 0.0515625
0 0.15078125 0.7890625 0.07109375 0.04765625
0 0.09140625 0.7890625 0.0484375 0.04921875
0 0.24609375 0.70546875 0.0359375 0.03046875
0 0.19765625 0.70859375 0.04609375 0.02890625
0 0.590625 0.728125 0.04453125 0.0453125
0 0.6359375 0.73046875 0.03671875 0.0453125
0 0.50390625 0.665625 0.04453125 0.04921875
0 0.678125 0.73046875 0.04375 0.04609375
0 0.471875 0.7859375 0.0375 0.04921875