0 0.6453125 0.5703125 0.06484375 0.0328125
0 0.56328125 0.57265625 0.09140625 0.0328125
0 0.5640625 0.5375 0.0890625 0.0359375
0 0.475 0.54140625 0.08046875 0.0296875
0 0.47421875 0.57265625 0.08046875 0.03125
0 0.2859375 0.52734375 0.1140625 0.0375
0 0.38671875 0.5734375 0.08359375 0.0296875
0 0.28828125 0.56953125 0.1078125 0.0421875
0 0.2015625 0.5453125 0.05390625 0.0921875
0 0.1421875 0.5453125 0.06171875 0.090625
0 0.3890625 0.5359375 0.07578125 0.028125
0 0.20078125 0.08828125 0.11171875 0.04375
0 0.2125 0.66875 0.07578125 0.025
0 0.06796875 0.578125 0.06796875 0.028125
0 0.79375 0.6671875 0.06953125 0.0234375
0 0.71796875 0.69296875 0.0703125 0.0265625
0 0.7203125 0.6671875 0.07265625 0.0234375
0 0.62578125 0.68984375 0.08125 0.0296875
0 0.6265625 0.65859375 0.08359375 0.0296875
0 0.54140625 0.690625 0.07734375 0.0296875
0 0.54375 0.6625 0.07890625 0.0265625
0 0.54453125 0.6328125 0.078125 0.02890625
0 0.478125 0.67109375 0.04765625 0.0671875
0 0.79296875 0.6921875 0.0703125 0.025
0 0.425 0.659375 0.0515625 0.08046875
0 0.36171875 0.66875 0.07109375 0.021875
0 0.290625 0.69375 0.0640625 0.0296875
0 0.2890625 0.6625 0.06484375 0.0296875
0 0.28828125 0.63359375 0.06953125 0.025
0 0.06875 0.67265625 0.06640625 0.02421875
0 0.07265625 0.7015625 0.06875 0.0296875
0 0.1390625 0.6703125 0.06328125 0.0265625
0 0.14140625 0.69921875 0.06484375 0.028125
0 0.21328125 0.640625 0.07734375 0.025
0 0.3625 0.69609375 0.07109375 0.0265625
0 0.0671875 0.54765625 0.07109375 0.028125
0 0.8671875 0.66796875 0.07265625 0.021875
0 0.94609375 0.6578125 0.08359375 0.03203125
0 0.21640625 0.69609375 0.07734375 0.028125
0 0.646875 0.53515625 0.06875 0.034375
0 0.18046875 0.79765625 0.0734375 0.021875
0 0.1828125 0.8234375 0.06953125 0.025
0 0.1046875 0.8078125 0.07421875 0.05234375
0 0.03203125 0.7953125 0.06328125 0.02578125
0 0.0328125 0.82265625 0.06484375 0.025
0 0.26015625 0.8171875 0.08046875 0.03046875
0 0.26015625 0.78515625 0.08203125 0.028125
0 0.86484375 0.6921875 0.06953125 0.02578125
0 0.34296875 0.78046875 0.06875 0.071875
0 0.45234375 0.809375 0.04375 0.03984375
0 0.515625 0.80625 0.078125 0.040625
0 0.59375 0.80859375 0.07578125 0.0375
0 0.6671875 0.7875 0.06796875 0.0734375
0 0.73984375 0.778125 0.071875 0.08828125
0 0.828125 0.78515625 0.07734375 0.075
0 0.9046875 0.78828125 0.05859375 0.071875
0 0.9671875 0.7890625 0.065625 0.06953125
0 0.9421875 0.690625 0.07578125 0.03125
0 0.403125 0.81015625 0.05078125 0.0375
0 0.721875 0.5703125 0.06640625 0.0328125
0 0.2015625 0.13359375 0.1109375 0.04375
0 0.80234375 0.5125 0.0671875 0.03125
0 0.05 0.271875 0.07265625 0.028125
0 0.04921875 0.240625 0.07265625 0.03046875
0 0.1453125 0.2953125 0.10234375 0.0375
0 0.140625 0.25703125 0.1046875 0.0375
0 0.2328125 0.25859375 0.07578125 0.0375
0 0.7265625 0.5359375 0.071875 0.0328125
0 0.31484375 0.259375 0.07109375 0.1078125
0 0.3890625 0.26015625 0.07578125 0.1078125
0 0.45859375 0.2640625 0.06484375 0.0921875
0 0.553125 0.26640625 0.0671875 0.0890625
0 0.61875 0.26796875 0.06015625 0.0921875
0 0.68125 0.2671875 0.06640625 0.090625
0 0.7875 0.3546875 0.10390625 0.1
0 0.05390625 0.3015625 0.07265625 0.03046875
0 0.8953125 0.38203125 0.11015625 0.040625
0 0.9671875 0.1921875 0.0640625 0.040625
0 0.96796875 0.14921875 0.0640625 0.0421875
0 0.89453125 0.19296875 0.07890625 0.03828125
0 0.896875 0.15390625 0.0734375 0.0390625
0 0.8 0.18984375 0.1078125 0.0453125
0 0.8015625 0.14375 0.1109375 0.0453125
0 0.7890625 0.1 0.08515625 0.034375
0 0.67265625 0.121875 0.13984375 0.05703125
0 0.56015625 0.1328125 0.07890625 0.0390625
0 0.559375 0.090625 0.07578125 0.040625
0 0.48203125 0.13671875 0.07265625 0.0328125
0 0.090625 0.134375 0.11015625 0.040625
0 0.0875 0.0890625 0.1140625 0.04453125
0 0.9015625 0.3390625 0.11015625 0.0421875
0 0.10234375 0.40625 0.07734375 0.1078125
0 0.23671875 0.29609375 0.07734375 0.0359375
0 0.2359375 0.41171875 0.06484375 0.09375
0 0.7984375 0.5421875 0.065625 0.028125
0 0.79453125 0.5734375 0.0734375 0.03125
0 0.86796875 0.56953125 0.0703125 0.034375
0 0.87265625 0.53515625 0.07109375 0.0328125
0 0.87734375 0.50078125 0.07109375 0.03515625
0 0.9484375 0.49921875 0.0703125 0.0359375
0 0.946875 0.5359375 0.0734375 0.034375
0 0.93828125 0.56953125 0.0671875 0.034375
0 0.67265625 0.44375 0.078125 0.028125
0 0.17109375 0.4125 0.05859375 0.096875
0 0.57421875 0.4421875 0.09609375 0.03515625
0 0.57578125 0.40390625 0.096875 0.0359375
0 0.40625 0.134375 0.07734375 0.0390625
0 0.48125 0.10234375 0.07109375 0.034375
0 0.67421875 0.4125 0.07265625 0.03046875
0 0.29921875 0.4140625 0.0578125 0.08984375
0 0.35859375 0.41875 0.05546875 0.0796875
0 0.48203125 0.44296875 0.08203125 0.034375
0 0.4828125 0.40859375 0.08359375 0.0328125
0 0.4109375 0.42109375 0.0484375 0.0734375