0 0.2203125 0.4515625 0.10078125 0.02265625
0 0.22578125 0.84765625 0.115625 0.02578125
0 0.10625 0.8171875 0.040625 0.0640625
0 0.0640625 0.81953125 0.03828125 0.06640625
0 0.0234375 0.8171875 0.03671875 0.06875
0 0.559375 0.13671875 0.1265625 0.02421875
0 0.72109375 0.1234375 0.12109375 0.01953125
0 0.72421875 0.10234375 0.11640625 0.02109375
0 0.72265625 0.07890625 0.12109375 0.02265625
0 0.440625 0.1328125 0.1046875 0.02734375
0 0.33203125 0.12890625 0.10625 0.0234375
0 0.22734375 0.12890625 0.1 0.021875
0 0.64140625 0.103125 0.034375 0.09453125
0 0.221875 0.43203125 0.10390625 0.01796875
0 0.72109375 0.14296875 0.11796875 0.0171875
0 0.559375 0.11484375 0.13046875 0.0171875
0 0.559375 0.0703125 0.13046875 0.02265625
0 0.94765625 0.81640625 0.1046875 0.02421875
0 0.21796875 0.66015625 0.09921875 0.01875
0 0.321875 0.6546875 0.1 0.01953125
0 0.22265625 0.67890625 0.09765625 0.01484375
0 0.22109375 0.6984375 0.09765625 0.021875
0 0.3234375 0.67578125 0.09921875 0.021875
0 0.56015625 0.09296875 0.128125 0.02265625
0 0.31953125 0.7 0.0953125 0.02265625
0 0.225 0.075 0.10546875 0.02578125
0 0.33359375 0.08046875 0.10546875 0.02265625
0 0.440625 0.0796875 0.1015625 0.025
0 0.2265625 0.10234375 0.103125 0.028125
0 0.3328125 0.1046875 0.10390625 0.02421875
0 0.22578125 0.40859375 0.1046875 0.02578125
0 0.42578125 0.6546875 0.10078125 0.02265625
0 0.43984375 0.10625 0.10078125 0.02421875
0 0.8375 0.3625 0.12890625 0.0453125
0 0.84375 0.3140625 0.14140625 0.0453125
0 0.95234375 0.09921875 0.0578125 0.02421875
0 0.94765625 0.1234375 0.0578125 0.01875
0 0.9484375 0.14609375 0.0546875 0.02421875
0 0.228125 0.19296875 0.1015625 0.028125
0 0.3328125 0.1953125 0.10390625 0.02578125
0 0.43828125 0.19609375 0.09921875 0.03046875
0 0.56953125 0.2 0.146875 0.02421875
0 0.22890625 0.21875 0.09921875 0.021875
0 0.33359375 0.21953125 0.10859375 0.02265625
0 0.4390625 0.2234375 0.0984375 0.0234375
0 0.56953125 0.22734375 0.13984375 0.02265625
0 0.70703125 0.2140625 0.125 0.02578125
0 0.70859375 0.2375 0.125 0.01796875
0 0.7140625 0.2578125 0.121875 0.01875
0 0.84765625 0.1875 0.13828125 0.025
0 0.84609375 0.2125 0.13515625 0.021875
0 0.84453125 0.234375 0.13984375 0.0203125
0 0.953125 0.07578125 0.05625 0.02265625
0 0.096875 0.38046875 0.08671875 0.09765625
0 0.85 0.1453125 0.12890625 0.01484375
0 0.853125 0.1 0.1359375 0.0203125
0 0.703125 0.36015625 0.128125 0.04609375
0 0.56953125 0.36953125 0.12890625 0.01953125
0 0.5703125 0.34765625 0.1234375 0.02109375
0 0.57265625 0.32421875 0.12578125 0.02265625
0 0.45234375 0.36875 0.10234375 0.02109375
0 0.34375 0.3640625 0.10703125 0.02265625
0 0.23125 0.3625 0.11171875 0.025
0 0.45234375 0.34375 0.10625 0.02421875
0 0.34140625 0.33828125 0.11015625 0.0234375
0 0.2296875 0.33671875 0.109375 0.02421875
0 0.4546875 0.31640625 0.10859375 0.02578125
0 0.34296875 0.31328125 0.11015625 0.0234375
0 0.2328125 0.3109375 0.10390625 0.025
0 0.04140625 0.28125 0.06796875 0.0390625
0 0.040625 0.22734375 0.06953125 0.0625
0 0.846875 0.25703125 0.1375 0.02109375
0 0.8546875 0.07734375 0.13828125 0.02109375
0 0.85078125 0.12421875 0.13125 0.02265625
0 0.57265625 0.3046875 0.12109375 0.015625
0 0.6546875 0.7875 0.1140625 0.02109375
0 0.94765625 0.7640625 0.10234375 0.02265625
0 0.81484375 0.4421875 0.12265625 0.01953125
0 0.68046875 0.46171875 0.1125 0.01953125
0 0.6828125 0.4421875 0.12109375 0.01953125
0 0.81171875 0.4203125 0.128125 0.02109375
0 0.68203125 0.4171875 0.11875 0.02421875
0 0.5546875 0.48125 0.11953125 0.0171875
0 0.5546875 0.46015625 0.1140625 0.02109375
0 0.8171875 0.4640625 0.1125 0.0203125
0 0.55625 0.440625 0.11875 0.01796875
0 0.5390625 0.69453125 0.11953125 0.0390625
0 0.5390625 0.65078125 0.11953125 0.046875
0 0.4265625 0.7015625 0.1015625 0.0203125
0 0.42734375 0.678125 0.1 0.021875
0 0.44375 0.48046875 0.09921875 0.01953125
0 0.44140625 0.45859375 0.103125 0.02109375
0 0.4421875 0.43671875 0.10390625 0.01953125
0 0.5578125 0.42109375 0.11328125 0.01953125
0 0.44296875 0.415625 0.103125 0.0234375
0 0.9421875 0.4390625 0.115625 0.02109375
0 0.02890625 0.51875 0.046875 0.06640625
0 0.67890625 0.5234375 0.13359375 0.0234375
0 0.553125 0.58984375 0.1265625 0.02265625
0 0.5453125 0.5671875 0.12734375 0.0203125
0 0.5453125 0.54375 0.12421875 0.02421875
0 0.5421875 0.5203125 0.128125 0.021875
0 0.428125 0.58984375 0.09375 0.01953125
0 0.43203125 0.56875 0.09375 0.01796875
0 0.9453125 0.4609375 0.10859375 0.02265625
0 0.43203125 0.55078125 0.0953125 0.01796875
0 0.2265625 0.5828125 0.09921875 0.02265625
0 0.33203125 0.56171875 0.10234375 0.0203125
0 0.22890625 0.559375 0.0953125 0.02109375
0 0.4265625 0.53203125 0.09375 0.0203125
0 0.328125 0.5375 0.09453125 0.0234375
0 0.22578125 0.53515625 0.10078125 0.02265625
0 0.07890625 0.51796875 0.05078125 0.0703125
0 0.32890625 0.58359375 0.09921875 0.01875
0 0.94765625 0.790625 0.1046875 0.02421875
0 0.33203125 0.478125 0.11328125 0.01875
0 0.33203125 0.4328125 0.11171875 0.021875
0 0.46796875 0.75625 0.12265625 0.025
0 0.46953125 0.78203125 0.12265625 0.0234375
0 0.46796875 0.80625 0.1234375 0.0203125
0 0.54609375 0.77421875 0.02578125 0.0859375
0 0.57734375 0.775 0.03359375 0.08515625
0 0.65703125 0.765625 0.11875 0.025
0 0.3234375 0.63125 0.10234375 0.02421875
0 0.34765625 0.80078125 0.10234375 0.01796875
0 0.65390625 0.80859375 0.115625 0.01875
0 0.74921875 0.76796875 0.01640625 0.01953125
0 0.7265625 0.7890625 0.025 0.01875
0 0.74921875 0.78984375 0.015625 0.021875
0 0.725 0.81015625 0.02109375 0.02265625
0 0.7453125 0.8109375 0.01953125 0.01875
0 0.828125 0.78671875 0.12734375 0.02734375
0 0.82421875 0.8140625 0.128125 0.021875
0 0.728125 0.7671875 0.0203125 0.02265625
0 0.33125 0.45625 0.1109375 0.0234375
0 0.24609375 0.8015625 0.0953125 0.0171875
0 0.2453125 0.78203125 0.096875 0.01796875
0 0.21875 0.47578125 0.10859375 0.02265625
0 0.6640625 0.6390625 0.12578125 0.0296875
0 0.665625 0.66875 0.12109375 0.0296875
0 0.79296875 0.65703125 0.12890625 0.02265625
0 0.79765625 0.68203125 0.128125 0.02734375
0 0.92265625 0.63671875 0.109375 0.01953125
0 0.9171875 0.65703125 0.10859375 0.0171875
0 0.34921875 0.77890625 0.10703125 0.02265625
0 0.91640625 0.6734375 0.10390625 0.0171875
0 0.9265625 0.709375 0.09140625 0.015625
0 0.0203125 0.7203125 0.0328125 0.07109375
0 0.0578125 0.7203125 0.0375 0.06640625
0 0.10546875 0.71796875 0.05078125 0.06171875
0 0.24921875 0.74375 0.09453125 0.0171875
0 0.24765625 0.7625 0.09140625 0.0171875
0 0.3515625 0.7546875 0.10234375 0.01953125
0 0.91953125 0.6921875 0.103125 0.0171875
0 0.21796875 0.6375 0.09921875 0.02421875
0 0.6828125 0.56875 0.12734375 0.0203125
0 0.0484375 0.12734375 0.09296875 0.10390625
0 0.7203125 0.92421875 0.11640625 0.02265625
0 0.853125 0.8640625 0.12421875 0.02265625
0 0.84921875 0.88671875 0.115625 0.02109375
0 0.84921875 0.90703125 0.1203125 0.01796875
0 0.84453125 0.92578125 0.1171875 0.0203125
0 0.95859375 0.87265625 0.0828125 0.0234375
0 0.95859375 0.89765625 0.0828125 0.0234375
0 0.95703125 0.92421875 0.08203125 0.025
0 0.34453125 0.884375 0.1171875 0.02109375
0 0.21796875 0.89375 0.12734375 0.0203125
0 0.3484375 0.8640625 0.1203125 0.01796875
0 0.68046875 0.54609375 0.13203125 0.01953125
0 0.82265625 0.5734375 0.12734375 0.01796875
0 0.82109375 0.553125 0.12109375 0.02109375
0 0.8140625 0.52890625 0.1265625 0.02265625
0 0.725 0.90234375 0.11875 0.021875
0 0.7296875 0.8765625 0.1203125 0.01640625
0 0.21875 0.871875 0.12578125 0.01953125
0 0.59921875 0.909375 0.12109375 0.01953125
0 0.6 0.92890625 0.1140625 0.01953125
0 0.9453125 0.57421875 0.10859375 0.01875
0 0.9421875 0.55234375 0.11328125 0.02109375
0 0.94375 0.53046875 0.11171875 0.02265625
0 0.34609375 0.9296875 0.11875 0.02109375
0 0.2171875 0.91484375 0.11875 0.0203125
0 0.21875 0.93515625 0.11953125 0.01796875
0 0.34296875 0.90859375 0.12109375 0.02109375
0 0.48671875 0.865625 0.11796875 0.01328125
0 0.4765625 0.884375 0.1265625 0.021875
0 0.475 0.90625 0.1265625 0.01875
0 0.475 0.92890625 0.1265625 0.02421875
0 0.61015625 0.85 0.11875 0.01796875
0 0.6078125 0.86953125 0.115625 0.01875
0 0.4875 0.8484375 0.12265625 0.01953125
0 0.60390625 0.88828125 0.11953125 0.01875