0 0.415625 0.02734375 0.04765625 0.0515625
0 0.334375 0.675 0.05390625 0.05546875
0 0.9375 0.60859375 0.0375 0.015625
0 0.4875 0.6890625 0.04609375 0.028125
0 0.440625 0.68984375 0.04140625 0.0296875
0 0.39375 0.69140625 0.0453125 0.03046875
0 0.4875 0.6578125 0.0421875 0.0296875
0 0.440625 0.65703125 0.04609375 0.02890625
0 0.390625 0.6578125 0.0484375 0.0296875
0 0.53671875 0.6515625 0.04453125 0.01953125
0 0.2796875 0.675 0.0515625 0.0546875
0 0.09921875 0.490625 0.04375 0.06953125
0 0.1734375 0.675 0.05234375 0.05546875
0 0.45859375 0.5828125 0.0484375 0.01953125
0 0.459375 0.60625 0.0453125 0.0203125
0 0.409375 0.60703125 0.0484375 0.01953125
0 0.409375 0.58359375 0.04375 0.0234375
0 0.34921875 0.5953125 0.03671875 0.04453125
0 0.3125 0.590625 0.028125 0.05
0 0.28046875 0.58671875 0.02734375 0.06015625
0 0.209375 0.5921875 0.03046875 0.0546875
0 0.17578125 0.5859375 0.03203125 0.06796875
0 0.1421875 0.58515625 0.02890625 0.07109375
0 0.36953125 0.0390625 0.04765625 0.02109375
0 0.10703125 0.5859375 0.03828125 0.0671875
0 0.33984375 0.50234375 0.01875 0.04609375
0 0.30234375 0.50625 0.03828125 0.0375
0 0.2609375 0.49375 0.04453125 0.02109375
0 0.26171875 0.51875 0.04140625 0.02265625
0 0.2171875 0.49609375 0.03046875 0.06640625
0 0.18515625 0.503125 0.02421875 0.04609375
0 0.140625 0.4921875 0.034375 0.07109375
0 0.02578125 0.4875 0.04609375 0.0765625
0 0.0328125 0.59453125 0.040625 0.04921875
0 0.0328125 0.678125 0.05234375 0.046875
0 0.121875 0.67421875 0.046875 0.05546875
0 0.2265625 0.67578125 0.0484375 0.05703125
0 0.365625 0.01484375 0.04453125 0.02421875
0 0.63046875 0.69296875 0.0421875 0.01953125
0 0.31640625 0.01171875 0.0484375 0.01640625
0 0.06484375 0.76875 0.09140625 0.04765625
0 0.29609375 0.76875 0.0765625 0.05
0 0.36171875 0.7578125 0.03671875 0.0640625
0 0.40078125 0.76640625 0.0359375 0.04375
0 0.4375 0.75703125 0.03046875 0.06640625
0 0.4734375 0.75703125 0.03515625 0.06640625
0 0.5125 0.759375 0.0359375 0.0671875
0 0.96875 0.66875 0.0359375 0.05625
0 0.55078125 0.75859375 0.03515625 0.0671875
0 0.6328125 0.75625 0.03828125 0.06484375
0 0.67109375 0.75546875 0.03359375 0.065625
0 0.73359375 0.73984375 0.08203125 0.0359375
0 0.734375 0.77578125 0.078125 0.03046875
0 0.81640625 0.73984375 0.07265625 0.02890625
0 0.81640625 0.77265625 0.06796875 0.034375
0 0.890625 0.76796875 0.07265625 0.0390625
0 0.5875 0.75625 0.03671875 0.06796875
0 0.88828125 0.6953125 0.04140625 0.015625
0 0.93046875 0.69453125 0.03515625 0.015625
0 0.92890625 0.6765625 0.03828125 0.0140625
0 0.2625 0.0265625 0.0515625 0.0484375
0 0.07421875 0.02578125 0.08359375 0.046875
0 0.53359375 0.67109375 0.04375 0.01875
0 0.53515625 0.69296875 0.0390625 0.021875
0 0.58359375 0.65078125 0.04140625 0.02109375
0 0.58046875 0.67265625 0.04453125 0.01953125
0 0.5796875 0.69375 0.04296875 0.0203125
0 0.63125 0.6515625 0.04296875 0.01796875
0 0.63046875 0.671875 0.0453125 0.0171875
0 0.89375 0.60703125 0.04375 0.01640625
0 0.68828125 0.671875 0.05546875 0.0515625
0 0.753125 0.67890625 0.05703125 0.04765625
0 0.803125 0.6765625 0.03828125 0.0171875
0 0.803125 0.6953125 0.03828125 0.0171875
0 0.84453125 0.67734375 0.034375 0.0140625
0 0.84453125 0.69453125 0.0390625 0.01640625
0 0.8859375 0.67578125 0.04453125 0.015625
0 0.31796875 0.03671875 0.05625 0.028125
0 0.93046875 0.628125 0.03984375 0.01640625
0 0.79453125 0.5546875 0.03828125 0.0203125
0 0.85 0.6265625 0.03671875 0.01796875
0 0.79296875 0.3 0.0203125 0.06328125
0 0.81875 0.29921875 0.021875 0.0640625
0 0.8578125 0.27265625 0.04921875 0.025
0 0.85703125 0.296875 0.04296875 0.02109375
0 0.8546875 0.321875 0.04609375 0.02265625
0 0.90703125 0.32265625 0.04921875 0.0234375
0 0.9078125 0.29765625 0.046875 0.02265625
0 0.91171875 0.2734375 0.04609375 0.02265625
0 0.9625 0.27265625 0.04453125 0.021875
0 0.9625 0.29765625 0.04921875 0.02265625
0 0.95859375 0.32265625 0.04921875 0.0234375
0 0.021875 0.39921875 0.0390625 0.0671875
0 0.08359375 0.4015625 0.03515625 0.065625
0 0.20625 0.4078125 0.02890625 0.0484375
0 0.23671875 0.40625 0.02578125 0.0515625
0 0.271875 0.4109375 0.0234375 0.0453125
0 0.309375 0.39921875 0.046875 0.02109375
0 0.3578125 0.40078125 0.04296875 0.021875
0 0.35546875 0.421875 0.04140625 0.01875
0 0.309375 0.42109375 0.04296875 0.01953125
0 0.3984375 0.4453125 0.03828125 0.0546875
0 0.7765625 0.03125 0.03828125 0.04609375
0 0.81484375 0.0265625 0.034375 0.05234375
0 0.76171875 0.29921875 0.03046875 0.065625
0 0.8609375 0.040625 0.05078125 0.02578125
0 0.946875 0.76171875 0.03515625 0.05390625
0 0.72890625 0.3078125 0.0171875 0.0484375
0 0.70234375 0.2984375 0.03125 0.065625
0 0.65703125 0.29921875 0.03046875 0.06796875
0 0.61875 0.31953125 0.03125 0.0296875
0 0.56640625 0.30625 0.040625 0.05625
0 0.521875 0.31875 0.03671875 0.03359375
0 0.4828125 0.2984375 0.0359375 0.07109375
0 0.43984375 0.2953125 0.04453125 0.07421875
0 0.39453125 0.2921875 0.0421875 0.07890625
0 0.5390625 0.440625 0.05546875 0.05859375
0 0.3453125 0.29609375 0.04765625 0.0234375
0 0.246875 0.29453125 0.046875 0.025
0 0.34375 0.32109375 0.04765625 0.0234375
0 0.29453125 0.32109375 0.04375 0.0234375
0 0.246875 0.3203125 0.0421875 0.025
0 0.20703125 0.3046875 0.02890625 0.05078125
0 0.17421875 0.3125 0.03203125 0.0375
0 0.10078125 0.2984375 0.103125 0.0671875
0 0.9703125 0.0390625 0.059375 0.03359375
0 0.91328125 0.04140625 0.04921875 0.025
0 0.86484375 0.0140625 0.05 0.0234375
0 0.296875 0.2953125 0.04765625 0.0234375
0 0.88828125 0.628125 0.03671875 0.01796875
0 0.41796875 0.3796875 0.053125 0.03125
0 0.53046875 0.37734375 0.0515625 0.03671875
0 0.8875 0.534375 0.03984375 0.01875
0 0.884375 0.55390625 0.0421875 0.01640625
0 0.83984375 0.55546875 0.03828125 0.01953125
0 0.840625 0.53515625 0.0390625 0.015625
0 0.8421875 0.51640625 0.04296875 0.01796875
0 0.79453125 0.515625 0.04296875 0.01640625
0 0.79375 0.53359375 0.0359375 0.0171875
0 0.75 0.5328125 0.03828125 0.01875
0 0.75234375 0.5546875 0.04296875 0.0203125
0 0.715625 0.5359375 0.02578125 0.05703125
0 0.6859375 0.53828125 0.0296875 0.0484375
0 0.6421875 0.51875 0.0359375 0.05
0 0.5375 0.503125 0.04765625 0.02109375
0 0.53828125 0.53125 0.04921875 0.02890625
0 0.6421875 0.57421875 0.04375 0.0265625
0 0.64296875 0.603125 0.0421875 0.0265625
0 0.70546875 0.6125 0.03828125 0.046875
0 0.7484375 0.61328125 0.04375 0.04453125
0 0.78515625 0.609375 0.0234375 0.0515625
0 0.8125 0.609375 0.0265625 0.0515625
0 0.85 0.60234375 0.040625 0.02734375
0 0.88828125 0.5171875 0.0359375 0.0171875
0 0.93125 0.54140625 0.0421875 0.04921875
0 0.8546875 0.48125 0.04296875 0.01796875
0 0.89921875 0.48046875 0.03671875 0.01875
0 0.58515625 0.37890625 0.04921875 0.0328125
0 0.63828125 0.3796875 0.04453125 0.03203125
0 0.59609375 0.4265625 0.05390625 0.02890625
0 0.65390625 0.428125 0.05 0.0265625
0 0.653125 0.4578125 0.0484375 0.03046875
0 0.5984375 0.45859375 0.05 0.028125
0 0.70078125 0.3765625 0.03203125 0.02421875
0 0.7359375 0.38828125 0.03046875 0.05078125
0 0.69921875 0.403125 0.03515625 0.02421875
0 0.809375 0.390625 0.0375 0.04375
0 0.47421875 0.3796875 0.0515625 0.028125
0 0.88203125 0.3921875 0.03671875 0.04296875
0 0.96328125 0.3921875 0.0375 0.040625
0 0.70703125 0.46484375 0.04140625 0.05
0 0.596875 0.02734375 0.0390625 0.05234375
0 0.775 0.4609375 0.02421875 0.05703125
0 0.81328125 0.45625 0.03125 0.02265625
0 0.809375 0.4796875 0.03359375 0.02265625
0 0.8546875 0.4546875 0.04609375 0.0296875
0 0.9015625 0.45234375 0.03828125 0.034375
0 0.94765625 0.45546875 0.04140625 0.02890625
0 0.94453125 0.48125 0.0390625 0.0171875
0 0.92109375 0.3921875 0.03515625 0.0421875
0 0.9859375 0.76328125 0.028125 0.04921875
0 0.74609375 0.4609375 0.03046875 0.0546875