0 0.6234375 0.58515625 0.059375 0.03125
0 0.484375 0.36953125 0.03515625 0.0609375
0 0.4359375 0.36875 0.0546875 0.0734375
0 0.4375 0.3125 0.059375 0.03671875
0 0.38671875 0.36640625 0.0375 0.0671875
0 0.3453125 0.3671875 0.04375 0.0671875
0 0.303125 0.36328125 0.03828125 0.07265625
0 0.14140625 0.6109375 0.1109375 0.0421875
0 0.22578125 0.58515625 0.05234375 0.08125
0 0.2796875 0.584375 0.0515625 0.0765625
0 0.33125 0.58359375 0.0515625 0.07578125
0 0.3875 0.590625 0.05703125 0.0734375
0 0.4359375 0.59921875 0.0375 0.0578125
0 0.48203125 0.5984375 0.05625 0.0640625
0 0.54296875 0.584375 0.06328125 0.03046875
0 0.5421875 0.61640625 0.06484375 0.02890625
0 0.52734375 0.37109375 0.034375 0.06640625
0 0.26171875 0.3625 0.03984375 0.07265625
0 0.5859375 0.384375 0.07109375 0.04453125
0 0.66484375 0.34140625 0.07109375 0.04765625
0 0.63671875 0.21484375 0.08203125 0.1109375
0 0.77109375 0.259375 0.09921875 0.02734375
0 0.85625 0.215625 0.05234375 0.1234375
0 0.92421875 0.215625 0.05078125 0.1203125
0 0.98359375 0.21796875 0.0328125 0.11953125
0 0.26953125 0.24296875 0.0921875 0.04140625
0 0.01796875 0.2140625 0.0359375 0.084375
0 0.93671875 0.36640625 0.025 0.08515625
0 0.975 0.3765625 0.02421875 0.0640625
0 0.90078125 0.365625 0.0296875 0.0875
0 0.8578125 0.359375 0.0359375 0.09375
0 0.80703125 0.35703125 0.03828125 0.096875
0 0.7640625 0.3578125 0.03046875 0.0921875
0 0.72265625 0.359375 0.0359375 0.0921875
0 0.66171875 0.3859375 0.07265625 0.04375
0 0.58828125 0.33984375 0.07421875 0.04375
0 0.5421875 0.21328125 0.084375 0.1125
0 0.62109375 0.61640625 0.059375 0.03046875
0 0.7 0.58828125 0.0609375 0.0296875
0 0.14140625 0.34453125 0.0421875 0.10234375
0 0.103125 0.346875 0.02890625 0.09765625
0 0.05625 0.36796875 0.0421875 0.05234375
0 0.0359375 0.43359375 0.05625 0.0203125
0 0.03828125 0.45546875 0.0640625 0.01875
0 0.04140625 0.47890625 0.05390625 0.0234375
0 0.0421875 0.5015625 0.06171875 0.02734375
0 0.09765625 0.48515625 0.04609375 0.0640625
0 0.1640625 0.5015625 0.06015625 0.03515625
0 0.1703125 0.453125 0.04140625 0.0328125
0 0.228125 0.465625 0.06640625 0.034375
0 0.2359375 0.503125 0.065625 0.03515625
0 0.29375 0.48046875 0.0421875 0.065625
0 0.44140625 0.50546875 0.06171875 0.03203125
0 0.4328125 0.46953125 0.06640625 0.03515625
0 0.18515625 0.36015625 0.0359375 0.0734375
0 0.696875 0.61953125 0.05859375 0.0296875
0 0.22265625 0.36171875 0.03671875 0.07265625
0 0.57890625 0.503125 0.04765625 0.0390625
0 0.77578125 0.584375 0.05859375 0.0328125
0 0.7671875 0.6171875 0.0625 0.03125
0 0.8265625 0.6171875 0.05078125 0.03359375
0 0.88515625 0.6203125 0.0625 0.028125
0 0.95078125 0.621875 0.05703125 0.03046875
0 0.9578125 0.5890625 0.06171875 0.03203125
0 0.88984375 0.58828125 0.0625 0.0296875
0 0.975 0.5078125 0.04921875 0.0328125
0 0.978125 0.4734375 0.0421875 0.0328125
0 0.9125 0.478125 0.04453125 0.0859375
0 0.85625 0.48828125 0.04765625 0.06484375
0 0.79765625 0.50625 0.05703125 0.0390625
0 0.73046875 0.4859375 0.05234375 0.071875
0 0.66875 0.47890625 0.0609375 0.09140625
0 0.52421875 0.440625 0.06171875 0.02890625
0 0.515625 0.50234375 0.07109375 0.03671875
0 0.36171875 0.45703125 0.065625 0.0359375
0 0.359375 0.50546875 0.065625 0.034375
0 0.8546875 0.6984375 0.05859375 0.028125
0 0.1171875 0.6890625 0.046875 0.07578125
0 0.1609375 0.68828125 0.04140625 0.07421875
0 0.20703125 0.690625 0.04375 0.071875
0 0.25390625 0.68984375 0.03828125 0.07109375
0 0.29609375 0.6921875 0.04453125 0.07421875
0 0.34140625 0.68984375 0.04296875 0.06953125
0 0.39140625 0.71328125 0.059375 0.034375
0 0.45078125 0.71640625 0.05546875 0.0375
0 0.14453125 0.565625 0.10859375 0.0515625
0 0.04765625 0.61953125 0.0546875 0.0203125
0 0.04765625 0.59765625 0.059375 0.0234375
0 0.05390625 0.72265625 0.0546875 0.021875
0 0.04921875 0.5765625 0.0515625 0.01953125
0 0.97265625 0.6890625 0.053125 0.028125
0 0.97578125 0.7171875 0.0484375 0.025
0 0.91640625 0.72265625 0.0609375 0.02578125
0 0.8515625 0.72421875 0.05234375 0.02421875
0 0.5078125 0.7109375 0.05625 0.034375
0 0.79609375 0.696875 0.0515625 0.02578125
0 0.79140625 0.7234375 0.04765625 0.0265625
0 0.7359375 0.721875 0.05625 0.02421875
0 0.7390625 0.69765625 0.0546875 0.02421875
0 0.67734375 0.71484375 0.0546875 0.03515625
0 0.62109375 0.71484375 0.0515625 0.03828125
0 0.9125 0.69609375 0.053125 0.02578125
0 0.5640625 0.7140625 0.0546875 0.03671875
0 0.0609375 0.69921875 0.0578125 0.0234375
0 0.9046875 0.825 0.0359375 0.0703125
0 0.015625 0.7 0.02890625 0.01796875
0 0.0125 0.7203125 0.025 0.021875
0 0.959375 0.821875 0.04375 0.0765625
0 0.05859375 0.8265625 0.05859375 0.06640625
0 0.15234375 0.825 0.0921875 0.040625
0 0.253125 0.84609375 0.10390625 0.04140625
0 0.36015625 0.81796875 0.0828125 0.0484375
0 0.01484375 0.82890625 0.02578125 0.0609375
0 0.53671875 0.81875 0.05 0.0859375
0 0.46171875 0.840625 0.096875 0.04921875
0 0.85625 0.828125 0.0375 0.071875
0 0.78515625 0.82109375 0.0390625 0.0796875
0 0.5609375 0.67578125 0.05703125 0.034375
0 0.68671875 0.825 0.0484375 0.078125
0 0.6359375 0.82109375 0.04296875 0.0859375
0 0.5875 0.81875 0.0421875 0.08671875
0 0.7375 0.8234375 0.04609375 0.08125