0 0.81640625 0.571875 0.08671875 0.05234375
0 0.90390625 0.57109375 0.09140625 0.0546875
0 0.975 0.5703125 0.05 0.053125
0 0.9 0.6203125 0.09140625 0.04453125
0 0.728125 0.6125 0.084375 0.06015625
0 0.97265625 0.61953125 0.05390625 0.0453125
0 0.0671875 0.7078125 0.09140625 0.0328125
0 0.81328125 0.62109375 0.08046875 0.0421875
0 0.64609375 0.6125 0.07890625 0.059375
0 0.47890625 0.56484375 0.08203125 0.03203125
0 0.65 0.56484375 0.0828125 0.03203125
0 0.5640625 0.565625 0.0859375 0.03203125
0 0.403125 0.55703125 0.06328125 0.01796875
0 0.97421875 0.88671875 0.04375 0.0421875
0 0.9078125 0.88671875 0.0859375 0.0421875
0 0.815625 0.88984375 0.09765625 0.04609375
0 0.97890625 0.83515625 0.0421875 0.0578125
0 0.91328125 0.83828125 0.08828125 0.05234375
0 0.815625 0.83828125 0.09765625 0.053125
0 0.7328125 0.5640625 0.08203125 0.03203125
0 0.72265625 0.88984375 0.08671875 0.04609375
0 0.33671875 0.7375 0.0796875 0.03046875
0 0.2484375 0.70546875 0.090625 0.03203125
0 0.42265625 0.7375 0.0890625 0.03046875
0 0.51328125 0.73125 0.0859375 0.03125
0 0.5953125 0.72890625 0.07578125 0.02890625
0 0.67890625 0.72734375 0.0859375 0.03203125
0 0.76875 0.72734375 0.0890625 0.03046875
0 0.76796875 0.75703125 0.090625 0.0265625
0 0.67734375 0.75625 0.08828125 0.0265625
0 0.59296875 0.759375 0.08203125 0.0234375
0 0.23359375 0.471875 0.078125 0.053125
0 0.140625 0.4421875 0.09453125 0.11015625
0 0.05 0.44609375 0.08671875 0.103125
0 0.921875 0.34296875 0.096875 0.028125
0 0.82734375 0.34375 0.0953125 0.02734375
0 0.91796875 0.31328125 0.09296875 0.0296875
0 0.821875 0.3140625 0.09296875 0.03046875
0 0.72734375 0.34296875 0.1015625 0.03046875
0 0.628125 0.34296875 0.09765625 0.028125
0 0.30859375 0.471875 0.07109375 0.05234375
0 0.3875 0.415625 0.08359375 0.03515625
0 0.46796875 0.4171875 0.0765625 0.034375
0 0.5484375 0.41796875 0.08125 0.034375
0 0.33828125 0.76640625 0.0796875 0.025
0 0.971875 0.44921875 0.053125 0.0296875
0 0.9 0.45 0.08828125 0.02890625
0 0.809375 0.4515625 0.09296875 0.03203125
0 0.71796875 0.4515625 0.09140625 0.03046875
0 0.9703125 0.41640625 0.059375 0.0328125
0 0.8984375 0.41953125 0.08828125 0.03203125
0 0.80859375 0.41875 0.0875 0.03359375
0 0.5296875 0.34140625 0.0984375 0.03046875
0 0.7171875 0.4203125 0.0890625 0.03046875
0 0.55078125 0.48125 0.08203125 0.03203125
0 0.46875 0.4828125 0.07890625 0.03125
0 0.38984375 0.48359375 0.0796875 0.03125
0 0.6328125 0.45 0.078125 0.0328125
0 0.55078125 0.45 0.08203125 0.03046875
0 0.46953125 0.45078125 0.08046875 0.0328125
0 0.3890625 0.4515625 0.07734375 0.03203125
0 0.62890625 0.4171875 0.07890625 0.03359375
0 0.6328125 0.48203125 0.078125 0.03125
0 0.42890625 0.34140625 0.09765625 0.025
0 0.33359375 0.340625 0.08671875 0.02578125
0 0.72421875 0.3109375 0.09453125 0.03046875
0 0.628125 0.9 0.08671875 0.0265625
0 0.5390625 0.903125 0.09140625 0.021875
0 0.45 0.9046875 0.0765625 0.02578125
0 0.36796875 0.90703125 0.08203125 0.0234375
0 0.453125 0.8765625 0.0859375 0.03046875
0 0.36796875 0.87734375 0.08203125 0.03046875
0 0.45390625 0.8390625 0.075 0.0421875
0 0.37265625 0.83984375 0.08359375 0.0390625
0 0.53828125 0.83984375 0.0859375 0.034375
0 0.2796875 0.9078125 0.08515625 0.0265625
0 0.0796875 0.903125 0.15078125 0.03828125
0 0.28671875 0.87734375 0.08203125 0.03359375
0 0.2015625 0.878125 0.08359375 0.03203125
0 0.28828125 0.83984375 0.08515625 0.03828125
0 0.20546875 0.840625 0.08203125 0.0390625
0 0.115625 0.8609375 0.08984375 0.0390625
0 0.0359375 0.8609375 0.06796875 0.040625
0 0.42578125 0.76484375 0.08671875 0.021875
0 0.196875 0.90859375 0.07734375 0.02578125
0 0.80859375 0.4828125 0.09296875 0.03125
0 0.63125 0.81640625 0.09609375 0.0140625
0 0.540625 0.875 0.0859375 0.0296875
0 0.628125 0.31171875 0.09375 0.0328125
0 0.72734375 0.278125 0.0921875 0.0359375
0 0.62890625 0.2765625 0.09609375 0.0328125
0 0.73359375 0.24921875 0.1015625 0.01953125
0 0.6359375 0.25 0.09296875 0.01796875
0 0.528125 0.30859375 0.10078125 0.03359375
0 0.428125 0.309375 0.10078125 0.0359375
0 0.33125 0.309375 0.090625 0.0359375
0 0.63203125 0.83984375 0.08046875 0.0296875
0 0.425 0.2734375 0.103125 0.03359375
0 0.23984375 0.31484375 0.0828125 0.06953125
0 0.14609375 0.32109375 0.0875 0.0546875
0 0.06171875 0.3234375 0.0765625 0.05234375
0 0.51015625 0.76015625 0.08125 0.021875
0 0.07265625 0.7671875 0.08984375 0.02421875
0 0.1625 0.76796875 0.090625 0.02578125
0 0.725 0.83828125 0.084375 0.053125
0 0.6296875 0.871875 0.0890625 0.0265625
0 0.3296875 0.2734375 0.08359375 0.03359375
0 0.903125 0.48046875 0.0890625 0.028125
0 0.71875 0.48203125 0.08828125 0.03203125
0 0.0390625 0.5796875 0.078125 0.03046875
0 0.25390625 0.73828125 0.08828125 0.02890625
0 0.16640625 0.7390625 0.0859375 0.028125
0 0.0765625 0.73984375 0.09296875 0.028125
0 0.94765625 0.73046875 0.08515625 0.07109375
0 0.1578125 0.70703125 0.08984375 0.03515625
0 0.86015625 0.73203125 0.08828125 0.06796875
0 0.7671875 0.6953125 0.09140625 0.03125
0 0.67578125 0.6953125 0.0921875 0.03203125
0 0.59296875 0.6953125 0.071875 0.0359375
0 0.5140625 0.69765625 0.0796875 0.03515625
0 0.4234375 0.7046875 0.08203125 0.03125
0 0.33671875 0.70546875 0.08828125 0.03203125
0 0.97421875 0.47890625 0.0515625 0.0296875
0 0.5625 0.61328125 0.08359375 0.0609375
0 0.4796875 0.6125 0.08359375 0.0625
0 0.25390625 0.76640625 0.0890625 0.025
0 0.30546875 0.63671875 0.0765625 0.0234375
0 0.22265625 0.6375 0.08671875 0.02265625
0 0.1328125 0.63828125 0.090625 0.025
0 0.04453125 0.63828125 0.084375 0.025
0 0.30546875 0.6078125 0.08046875 0.03125
0 0.22265625 0.60859375 0.08203125 0.0296875
0 0.390625 0.61015625 0.08125 0.06484375
0 0.04296875 0.6109375 0.08203125 0.028125
0 0.30234375 0.5765625 0.0828125 0.03203125
0 0.2171875 0.5765625 0.08828125 0.03125
0 0.125 0.578125 0.09140625 0.03046875
0 0.13046875 0.61015625 0.09453125 0.03203125