0 0.80625 0.396875 0.02421875 0.05078125
0 0.11328125 0.25390625 0.02734375 0.0578125
0 0.4203125 0.40078125 0.02734375 0.0546875
0 0.39140625 0.40234375 0.02734375 0.0546875
0 0.3625 0.40234375 0.02734375 0.0546875
0 0.3328125 0.4046875 0.02734375 0.0546875
0 0.30390625 0.40625 0.02734375 0.0546875
0 0.14609375 0.2546875 0.02734375 0.0578125
0 0.2734375 0.4046875 0.02734375 0.0546875
0 0.2140625 0.4046875 0.02734375 0.0546875
0 0.18515625 0.40390625 0.02578125 0.0546875
0 0.15625 0.40625 0.02890625 0.05390625
0 0.121875 0.40859375 0.02890625 0.0546875
0 0.83671875 0.328125 0.025 0.0484375
0 0.81015625 0.328125 0.025 0.0484375
0 0.24296875 0.40546875 0.02734375 0.0546875
0 0.78203125 0.3296875 0.0265625 0.0484375
0 0.17734375 0.25546875 0.02734375 0.0578125
0 0.23984375 0.25625 0.028125 0.0578125
0 0.7796875 0.39765625 0.02421875 0.05078125
0 0.4484375 0.4 0.02734375 0.0546875
0 0.821875 0.6359375 0.0390625 0.0390625
0 0.8625 0.6328125 0.03984375 0.03828125
0 0.56015625 0.25859375 0.02734375 0.05234375
0 0.53203125 0.26015625 0.02734375 0.05234375
0 0.20703125 0.25625 0.028125 0.0578125
0 0.50390625 0.26015625 0.02734375 0.05234375
0 0.44765625 0.2578125 0.0296875 0.0578125
0 0.41484375 0.2578125 0.0296875 0.0578125
0 0.36171875 0.2578125 0.0296875 0.0578125
0 0.33046875 0.25625 0.0296875 0.0578125
0 0.29765625 0.259375 0.02734375 0.0578125
0 0.26953125 0.25625 0.028125 0.0578125
0 0.4765625 0.25859375 0.02421875 0.05546875
0 0.75546875 0.3296875 0.0265625 0.0484375
0 0.72734375 0.33046875 0.0234375 0.05078125
0 0.7015625 0.33046875 0.0234375 0.05078125
0 0.1140625 0.33046875 0.028125 0.05703125
0 0.83515625 0.25703125 0.02578125 0.05078125
0 0.809375 0.2578125 0.02421875 0.05234375
0 0.78203125 0.2578125 0.02578125 0.0546875
0 0.75546875 0.25859375 0.02578125 0.0546875
0 0.72890625 0.259375 0.02578125 0.0546875
0 0.14453125 0.33203125 0.028125 0.05703125
0 0.7015625 0.259375 0.02578125 0.05390625
0 0.6453125 0.259375 0.02421875 0.0515625
0 0.61875 0.259375 0.02421875 0.0515625
0 0.590625 0.2609375 0.02734375 0.05234375
0 0.69375 0.6390625 0.040625 0.04140625
0 0.73671875 0.6390625 0.040625 0.04140625
0 0.77890625 0.63671875 0.040625 0.03828125
0 0.67265625 0.25859375 0.02734375 0.0546875
0 0.1765625 0.33125 0.028125 0.05703125
0 0.20859375 0.33046875 0.028125 0.05703125
0 0.23828125 0.33203125 0.028125 0.05703125
0 0.67421875 0.33125 0.02578125 0.05
0 0.64609375 0.33125 0.0265625 0.05
0 0.61796875 0.33125 0.0265625 0.05
0 0.58828125 0.33203125 0.02734375 0.05078125
0 0.55703125 0.33359375 0.02578125 0.046875
0 0.52890625 0.334375 0.0234375 0.046875
0 0.503125 0.334375 0.02421875 0.0453125
0 0.4765625 0.33984375 0.0234375 0.03203125
0 0.44609375 0.33046875 0.028125 0.05703125
0 0.4171875 0.33046875 0.028125 0.05703125
0 0.3890625 0.33046875 0.028125 0.05703125
0 0.359375 0.33125 0.028125 0.05703125
0 0.32890625 0.33046875 0.028125 0.05703125
0 0.3 0.33203125 0.028125 0.0578125
0 0.26875 0.33203125 0.028125 0.05703125
0 0.503125 0.415625 0.02421875 0.025
0 0.534375 0.403125 0.0296875 0.05078125
0 0.47578125 0.403125 0.02734375 0.05234375
0 0.17890625 0.66171875 0.046875 0.04140625
0 0.5953125 0.55859375 0.028125 0.06640625
0 0.62578125 0.55859375 0.028125 0.06640625
0 0.68359375 0.55625 0.02578125 0.06484375
0 0.71328125 0.55703125 0.02578125 0.06484375
0 0.74609375 0.55 0.03359375 0.07265625
0 0.784375 0.5484375 0.03671875 0.0734375
0 0.82578125 0.5484375 0.03671875 0.07265625
0 0.12890625 0.6640625 0.04921875 0.0421875
0 0.228125 0.659375 0.04609375 0.04296875
0 0.2765625 0.65703125 0.04296875 0.0390625
0 0.33046875 0.6546875 0.06015625 0.0375
0 0.38671875 0.65390625 0.04609375 0.0359375
0 0.43359375 0.6515625 0.04375 0.03359375
0 0.4765625 0.64765625 0.03359375 0.03984375
0 0.5203125 0.64765625 0.0421875 0.03203125
0 0.56328125 0.64609375 0.03984375 0.03046875
0 0.60546875 0.64453125 0.03671875 0.0296875
0 0.65 0.64140625 0.04296875 0.0390625
0 0.75390625 0.396875 0.02421875 0.05078125
0 0.72734375 0.396875 0.0234375 0.053125
0 0.7 0.39609375 0.02421875 0.053125
0 0.6734375 0.3984375 0.0234375 0.053125
0 0.646875 0.3984375 0.02421875 0.053125
0 0.62109375 0.40078125 0.02421875 0.053125
0 0.5625 0.4109375 0.02421875 0.03203125
0 0.159375 0.4796875 0.028125 0.05546875
0 0.128125 0.478125 0.028125 0.05546875
0 0.83359375 0.39609375 0.02421875 0.05078125
0 0.5109375 0.55625 0.03046875 0.0609375
0 0.56015625 0.55703125 0.03359375 0.0671875
0 0.18984375 0.478125 0.028125 0.05546875
0 0.65390625 0.55703125 0.025 0.06484375
0 0.246875 0.47734375 0.025 0.0515625
0 0.80703125 0.4625 0.02421875 0.05234375
0 0.21953125 0.47734375 0.02421875 0.0515625
0 0.13203125 0.571875 0.03125 0.07109375
0 0.16328125 0.5703125 0.02734375 0.07265625
0 0.1953125 0.5703125 0.03046875 0.07109375
0 0.228125 0.5703125 0.03046875 0.07109375
0 0.78046875 0.4640625 0.025 0.05234375
0 0.26015625 0.56953125 0.03046875 0.07109375
0 0.32265625 0.5671875 0.02890625 0.06953125
0 0.35234375 0.565625 0.0296875 0.06640625
0 0.384375 0.56484375 0.0296875 0.06640625
0 0.4171875 0.56328125 0.0296875 0.06640625
0 0.4484375 0.56328125 0.028125 0.06640625
0 0.47890625 0.5609375 0.0296875 0.06640625
0 0.2921875 0.56953125 0.0296875 0.07109375
0 0.753125 0.46484375 0.025 0.05234375
0 0.83359375 0.46171875 0.025 0.05234375
0 0.7 0.465625 0.025 0.05
0 0.3640625 0.4734375 0.02578125 0.05
0 0.2796875 0.47890625 0.02578125 0.05
0 0.72734375 0.46484375 0.02421875 0.05234375
0 0.39453125 0.47421875 0.028125 0.05390625
0 0.4234375 0.4734375 0.02734375 0.053125
0 0.4515625 0.47265625 0.025 0.04921875
0 0.309375 0.478125 0.02578125 0.05
0 0.47734375 0.471875 0.02265625 0.05
0 0.5265625 0.471875 0.025 0.04375
0 0.565625 0.4703125 0.0296875 0.05078125
0 0.59296875 0.46796875 0.02265625 0.05
0 0.67265625 0.46484375 0.025 0.05234375
0 0.50078125 0.475 0.01875 0.04140625