0 0.4296875 0.64765625 0.05390625 0.046875
0 0.14609375 0.834375 0.03359375 0.0671875
0 0.37578125 0.64765625 0.05078125 0.0484375
0 0.3296875 0.64453125 0.03203125 0.04453125
0 0.08515625 0.86484375 0.05546875 0.0609375
0 0.2078125 0.86171875 0.08359375 0.0484375
0 0.203125 0.6234375 0.04765625 0.0890625
0 0.37265625 0.86171875 0.06171875 0.071875
0 0.29765625 0.64375 0.0296875 0.0453125
0 0.25703125 0.64296875 0.04765625 0.0453125
0 0.159375 0.6296875 0.03984375 0.071875
0 0.11875 0.6296875 0.0359375 0.07421875
0 0.4859375 0.64765625 0.05390625 0.0484375
0 0.29296875 0.8671875 0.08046875 0.04453125
0 0.53515625 0.64375 0.040625 0.05859375
0 0.771875 0.653125 0.07265625 0.05234375
0 0.02578125 0.853125 0.0515625 0.075
0 0.3984375 0.75 0.04296875 0.0609375
0 0.4421875 0.753125 0.04140625 0.0609375
0 0.4875 0.7515625 0.0453125 0.0640625
0 0.5375 0.753125 0.04609375 0.06640625
0 0.58359375 0.7609375 0.0375 0.05
0 0.625 0.76953125 0.04140625 0.0375
0 0.66875 0.76875 0.0421875 0.04140625
0 0.7125 0.76875 0.0375 0.04453125
0 0.62734375 0.725 0.04375 0.0328125
0 0.77578125 0.7703125 0.07421875 0.05
0 0.87890625 0.753125 0.04375 0.08515625
0 0.9296875 0.7703125 0.05 0.0546875
0 0.978125 0.77421875 0.04296875 0.05625
0 0.3015625 0.73984375 0.03515625 0.0625
0 0.25703125 0.75 0.04140625 0.05859375
0 0.21484375 0.74921875 0.040625 0.059375
0 0.1703125 0.74765625 0.03984375 0.059375
0 0.12734375 0.746875 0.03984375 0.05703125
0 0.078125 0.75625 0.04765625 0.04375
0 0.0328125 0.753125 0.03984375 0.04765625
0 0.97734375 0.6640625 0.04453125 0.04375
0 0.92890625 0.6609375 0.04765625 0.040625
0 0.87890625 0.6578125 0.04765625 0.04609375
0 0.8328125 0.640625 0.04140625 0.078125
0 0.71171875 0.6609375 0.04453125 0.0265625
0 0.6671875 0.6609375 0.03984375 0.02890625
0 0.621875 0.64375 0.0421875 0.059375
0 0.578125 0.6421875 0.04140625 0.059375
0 0.35 0.7484375 0.04765625 0.06640625
0 0.609375 0.5125 0.04453125 0.078125
0 0.0640625 0.64140625 0.0671875 0.103125
0 0.2140625 0.2625 0.0609375 0.0859375
0 0.26640625 0.27890625 0.0359375 0.0484375
0 0.31328125 0.26328125 0.05078125 0.0890625
0 0.3640625 0.26484375 0.0375 0.0890625
0 0.4046875 0.2796875 0.0359375 0.05078125
0 0.45234375 0.2515625 0.05546875 0.1125
0 0.49921875 0.26328125 0.03671875 0.078125
0 0.528125 0.2609375 0.01640625 0.07734375
0 0.56015625 0.2578125 0.04296875 0.08203125
0 0.615625 0.26015625 0.04765625 0.08125
0 0.6703125 0.26796875 0.05546875 0.071875
0 0.71953125 0.26875 0.034375 0.06875
0 0.76484375 0.2765625 0.05 0.053125
0 0.81484375 0.2765625 0.046875 0.0546875
0 0.859375 0.2625 0.03671875 0.08046875
0 0.8984375 0.278125 0.0390625 0.0484375
0 0.9390625 0.2765625 0.03359375 0.0515625
0 0.9765625 0.28046875 0.034375 0.04375
0 0.10703125 0.3890625 0.05546875 0.07734375
0 0.1671875 0.38671875 0.05625 0.08125
0 0.2390625 0.38671875 0.06640625 0.078125
0 0.30234375 0.38671875 0.05546875 0.0796875
0 0.4375 0.40703125 0.05234375 0.0484375
0 0.48671875 0.3984375 0.03984375 0.06640625
0 0.53125 0.39765625 0.03984375 0.065625
0 0.5734375 0.3984375 0.04140625 0.0640625
0 0.6171875 0.39921875 0.03828125 0.0640625
0 0.0296875 0.3 0.05625 0.1078125
0 0.6609375 0.4 0.0453125 0.065625
0 0.70625 0.3953125 0.03984375 0.075
0 0.74296875 0.39609375 0.03046875 0.0703125
0 0.97890625 0.553125 0.03984375 0.021875
0 0.98125 0.53125 0.03671875 0.01640625
0 0.98125 0.5140625 0.03671875 0.01875
0 0.98046875 0.49296875 0.03359375 0.02109375
0 0.93125 0.5171875 0.053125 0.0734375
0 0.87578125 0.5234375 0.04765625 0.07578125
0 0.825 0.51796875 0.0484375 0.0828125
0 0.7734375 0.51953125 0.04765625 0.0796875
0 0.721875 0.5109375 0.04765625 0.08984375
0 0.66328125 0.5140625 0.05625 0.075
0 0.5546875 0.51875 0.0453125 0.0703125
0 0.503125 0.51484375 0.04453125 0.075
0 0.44453125 0.5265625 0.0578125 0.04453125
0 0.44140625 0.878125 0.06328125 0.0390625
0 0.3859375 0.5109375 0.03984375 0.078125
0 0.3 0.4953125 0.03984375 0.08046875
0 0.25390625 0.515625 0.04609375 0.0671875
0 0.209375 0.509375 0.03828125 0.08125
0 0.15390625 0.51171875 0.0421875 0.08125
0 0.10859375 0.51171875 0.04140625 0.08125
0 0.04765625 0.49921875 0.06953125 0.01015625
0 0.05390625 0.4859375 0.059375 0.0109375
0 0.95546875 0.34921875 0.05703125 0.0421875
0 0.95390625 0.4046875 0.059375 0.0625
0 0.90078125 0.3953125 0.04296875 0.08359375
0 0.8578125 0.4 0.03984375 0.0734375
0 0.81875 0.396875 0.03515625 0.07421875
0 0.78046875 0.39609375 0.03671875 0.071875
0 0.346875 0.50234375 0.03515625 0.07890625
0 0.50859375 0.88125 0.0609375 0.0375
0 0.284375 0.09609375 0.03203125 0.109375
0 0.5796875 0.86328125 0.034375 0.0734375
0 0.8859375 0.09140625 0.0640625 0.115625
0 0.82265625 0.09375 0.0546875 0.11875
0 0.76640625 0.1125 0.05625 0.08203125
0 0.64296875 0.1046875 0.03515625 0.1015625
0 0.60390625 0.10546875 0.03828125 0.096875
0 0.565625 0.1046875 0.03984375 0.0953125
0 0.9515625 0.103125 0.05234375 0.08984375
0 0.52265625 0.109375 0.040625 0.08828125
0 0.403125 0.1125 0.0484375 0.0859375
0 0.33515625 0.09609375 0.05546875 0.109375
0 0.203125 0.11328125 0.0984375 0.0875
0 0.103125 0.1125 0.0953125 0.0890625
0 0.025 0.05546875 0.04609375 0.08359375
0 0.50390625 0.8375 0.0796875 0.0359375
0 0.46875 0.109375 0.06484375 0.0875
0 0.08125 0.28046875 0.03828125 0.053125
0 0.69921875 0.109375 0.07109375 0.08046875
0 0.77421875 0.87109375 0.0515625 0.065625
0 0.82890625 0.8734375 0.05234375 0.06640625
0 0.8828125 0.8671875 0.0515625 0.071875
0 0.93984375 0.87265625 0.05390625 0.0796875
0 0.984375 0.875 0.03125 0.065625
0 0.72421875 0.8640625 0.04453125 0.0703125
0 0.66484375 0.8640625 0.04140625 0.0734375
0 0.62109375 0.86328125 0.040625 0.071875