0 0.46015625 0.3796875 0.04375 0.0453125
0 0.378125 0.48359375 0.02265625 0.03046875
0 0.35546875 0.4859375 0.02421875 0.02734375
0 0.3296875 0.4859375 0.01875 0.0328125
0 0.2515625 0.49296875 0.0203125 0.034375
0 0.27578125 0.48828125 0.021875 0.03359375
0 0.22578125 0.4921875 0.02578125 0.034375
0 0.378125 0.446875 0.021875 0.040625
0 0.35390625 0.44921875 0.0234375 0.04296875
0 0.37578125 0.40390625 0.025 0.03984375
0 0.30625 0.48984375 0.02421875 0.03203125
0 0.50703125 0.38125 0.04375 0.04296875
0 0.55390625 0.41796875 0.040625 0.0359375
0 0.596875 0.375 0.0453125 0.04140625
0 0.46015625 0.42265625 0.04765625 0.0421875
0 0.50703125 0.4234375 0.04765625 0.0390625
0 0.73984375 0.36875 0.03125 0.0375
0 0.596875 0.41640625 0.0375 0.03828125
0 0.63671875 0.4125 0.03203125 0.03515625
0 0.4609375 0.465625 0.0453125 0.03984375
0 0.5078125 0.46484375 0.0421875 0.03984375
0 0.55390625 0.459375 0.03828125 0.03828125
0 0.59296875 0.45546875 0.03671875 0.0375
0 0.34921875 0.4046875 0.02421875 0.0421875
0 0.7046875 0.37109375 0.03515625 0.03828125
0 0.5515625 0.378125 0.040625 0.03984375
0 0.6359375 0.45 0.03671875 0.0359375
0 0.76484375 0.70390625 0.0296875 0.02734375
0 0.3 0.44765625 0.0234375 0.04375
0 0.946875 0.67890625 0.02265625 0.0265625
0 0.95234375 0.646875 0.021875 0.02890625
0 0.77109375 0.36796875 0.02890625 0.03515625
0 0.9546875 0.6140625 0.01953125 0.0203125
0 0.95625 0.578125 0.01484375 0.02734375
0 0.91953125 0.6875 0.0203125 0.03203125
0 0.89375 0.696875 0.021875 0.0328125
0 0.86171875 0.70625 0.0265625 0.03359375
0 0.83203125 0.71484375 0.028125 0.03046875
0 0.79921875 0.72890625 0.028125 0.034375
0 0.76484375 0.7390625 0.0296875 0.03203125
0 0.92109375 0.65546875 0.02265625 0.02265625
0 0.89140625 0.665625 0.02109375 0.02421875
0 0.32734375 0.44765625 0.02421875 0.04140625
0 0.8625 0.675 0.02421875 0.02109375
0 0.8 0.690625 0.0296875 0.03125
0 0.92734375 0.621875 0.021875 0.02265625
0 0.9 0.628125 0.021875 0.03046875
0 0.87265625 0.63671875 0.02734375 0.03046875
0 0.8421875 0.64609375 0.028125 0.0328125
0 0.69453125 0.29375 0.0171875 0.075
0 0.71171875 0.29609375 0.015625 0.06875
0 0.1890625 0.41171875 0.03359375 0.05234375
0 0.21953125 0.41171875 0.0234375 0.046875
0 0.19453125 0.459375 0.0234375 0.03828125
0 0.221875 0.4546875 0.025 0.0359375
0 0.24921875 0.45234375 0.02578125 0.04375
0 0.2734375 0.44765625 0.02421875 0.04375
0 0.83125 0.68359375 0.0296875 0.02109375
0 0.8046875 0.36875 0.02734375 0.0328125
0 0.53359375 0.6765625 0.028125 0.04296875
0 0.86484375 0.3640625 0.0328125 0.03671875
0 0.61796875 0.703125 0.0875 0.03671875
0 0.61640625 0.74453125 0.07734375 0.03125
0 0.61640625 0.784375 0.07734375 0.0328125
0 0.70234375 0.59765625 0.07734375 0.0328125
0 0.7046875 0.63515625 0.06796875 0.03203125
0 0.70546875 0.67734375 0.06484375 0.0328125
0 0.703125 0.71796875 0.071875 0.0328125
0 0.69921875 0.75703125 0.0671875 0.03515625
0 0.77734375 0.54765625 0.0359375 0.040625
0 0.81484375 0.5421875 0.0359375 0.0453125
0 0.8515625 0.5359375 0.03203125 0.03828125
0 0.88359375 0.5296875 0.0234375 0.03359375
0 0.9125 0.52578125 0.028125 0.034375
0 0.940625 0.51875 0.028125 0.03671875
0 0.775 0.5890625 0.0359375 0.034375
0 0.81171875 0.58359375 0.028125 0.03046875
0 0.84765625 0.5734375 0.0265625 0.0296875
0 0.8796875 0.56796875 0.02265625 0.0328125
0 0.90546875 0.56171875 0.02890625 0.02734375
0 0.934375 0.55625 0.021875 0.0234375
0 0.7734375 0.628125 0.03515625 0.034375
0 0.8078125 0.61953125 0.03046875 0.034375
0 0.8421875 0.609375 0.0234375 0.0328125
0 0.87265625 0.6046875 0.028125 0.03125
0 0.90546875 0.59609375 0.028125 0.02734375
0 0.296875 0.85 0.13515625 0.04375
0 0.9328125 0.5859375 0.02265625 0.0328125
0 0.621875 0.659375 0.090625 0.02734375
0 0.61484375 0.6140625 0.084375 0.03671875
0 0.60859375 0.5640625 0.078125 0.04375
0 0.50625 0.67421875 0.02734375 0.04609375
0 0.70546875 0.40859375 0.03671875 0.03671875
0 0.73984375 0.40703125 0.02578125 0.034375
0 0.771875 0.4078125 0.0328125 0.03671875
0 0.8015625 0.403125 0.025 0.03125
0 0.83203125 0.3984375 0.02890625 0.0296875
0 0.86328125 0.396875 0.02578125 0.02734375
0 0.7046875 0.44453125 0.03203125 0.0328125
0 0.73828125 0.4421875 0.028125 0.03125
0 0.76875 0.43984375 0.03046875 0.0265625
0 0.8015625 0.43359375 0.025 0.02734375
0 0.83125 0.43046875 0.02578125 0.028125
0 0.8609375 0.42734375 0.02421875 0.03125
0 0.73671875 0.30078125 0.03046875 0.05859375
0 0.83359375 0.365625 0.025 0.0328125
0 0.7609375 0.3015625 0.015625 0.05390625
0 0.7953125 0.303125 0.01484375 0.05078125
0 0.81171875 0.30078125 0.0125 0.0546875
0 0.825 0.303125 0.0140625 0.0515625
0 0.853125 0.3 0.04140625 0.05
0 0.428125 0.61015625 0.11171875 0.034375
0 0.4265625 0.659375 0.10859375 0.0359375
0 0.421875 0.71328125 0.1125 0.03046875
0 0.42421875 0.75859375 0.1 0.02734375
0 0.42734375 0.8078125 0.0921875 0.02890625
0 0.4265625 0.85546875 0.0984375 0.03359375
0 0.5265625 0.72421875 0.0859375 0.0359375
0 0.5296875 0.77421875 0.0921875 0.03671875
0 0.52734375 0.821875 0.09375 0.05
0 0.778125 0.3 0.0171875 0.05234375
0 0.29765625 0.90703125 0.1234375 0.0421875
0 0.80859375 0.65546875 0.03203125 0.03125
0 0.61484375 0.29375 0.0125 0.078125
0 0.553125 0.29453125 0.01796875 0.07578125
0 0.53125 0.296875 0.0203125 0.075
0 0.50234375 0.29609375 0.028125 0.07578125
0 0.4703125 0.2921875 0.028125 0.08203125
0 0.4453125 0.29296875 0.0203125 0.08359375
0 0.425 0.29296875 0.01953125 0.08515625
0 0.39609375 0.290625 0.03046875 0.08671875
0 0.36953125 0.2890625 0.01953125 0.0875
0 0.34453125 0.28984375 0.02578125 0.0875
0 0.315625 0.2890625 0.03046875 0.08984375
0 0.359375 0.13359375 0.04609375 0.14296875
0 0.4078125 0.14140625 0.04609375 0.128125
0 0.5765625 0.29453125 0.02578125 0.07734375
0 0.45234375 0.14296875 0.03828125 0.1328125
0 0.534375 0.15078125 0.03359375 0.11953125
0 0.57109375 0.1578125 0.0328125 0.11171875
0 0.6109375 0.1609375 0.0375 0.11484375
0 0.64921875 0.165625 0.03125 0.109375
0 0.6796875 0.1671875 0.03125 0.1109375
0 0.28046875 0.290625 0.03125 0.08984375
0 0.2359375 0.26875 0.05234375 0.13203125
0 0.8765625 0.19296875 0.01640625 0.09609375
0 0.85234375 0.18984375 0.025 0.10234375
0 0.825 0.1859375 0.02265625 0.09453125
0 0.7984375 0.1796875 0.025 0.09921875
0 0.77109375 0.17890625 0.025 0.09765625
0 0.4953125 0.15078125 0.0421875 0.11953125
0 0.59921875 0.29453125 0.01640625 0.0796875
0 0.71171875 0.17265625 0.03046875 0.103125
0 0.63359375 0.29609375 0.01875 0.07890625
0 0.65390625 0.296875 0.01953125 0.07421875
0 0.67578125 0.29375 0.01953125 0.075
0 0.3078125 0.128125 0.05 0.13046875
0 0.2515625 0.11875 0.05234375 0.14609375
0 0.19453125 0.115625 0.04921875 0.13984375
0 0.1453125 0.109375 0.03984375 0.1484375
0 0.76796875 0.66640625 0.0328125 0.03671875
0 0.74375 0.175 0.02734375 0.10078125