0 0.6359375 0.14453125 0.034375 0.075
0 0.07734375 0.5109375 0.0484375 0.11171875
0 0.0296875 0.51171875 0.040625 0.1125
0 0.16796875 0.3890625 0.03671875 0.096875
0 0.12421875 0.38828125 0.03671875 0.096875
0 0.084375 0.3875 0.0390625 0.096875
0 0.040625 0.38828125 0.0390625 0.096875
0 0.84140625 0.69765625 0.02578125 0.0609375
0 0.846875 0.6203125 0.03203125 0.06484375
0 0.884375 0.5671875 0.03515625 0.10078125
0 0.9234375 0.56796875 0.040625 0.1046875
0 0.96875 0.5671875 0.04375 0.103125
0 0.9015625 0.44375 0.025 0.059375
0 0.87734375 0.36328125 0.021875 0.07265625
0 0.90625 0.3703125 0.02109375 0.08125
0 0.93125 0.384375 0.01484375 0.075
0 0.9515625 0.384375 0.0203125 0.075
0 0.93828125 0.29453125 0.03125 0.0875
0 0.1328125 0.50859375 0.05234375 0.11171875
0 0.98203125 0.30234375 0.03515625 0.1109375
0 0.184375 0.51015625 0.0359375 0.115625
0 0.1109375 0.78046875 0.1453125 0.0828125
0 0.37734375 0.35546875 0.02734375 0.07265625
0 0.346875 0.35546875 0.02734375 0.07265625
0 0.31484375 0.35546875 0.03125 0.07265625
0 0.28046875 0.35625 0.03125 0.07265625
0 0.24765625 0.35625 0.03125 0.07265625
0 0.21484375 0.35703125 0.03125 0.07265625
0 0.6734375 0.834375 0.0296875 0.078125
0 0.640625 0.8453125 0.025 0.0671875
0 0.60703125 0.846875 0.028125 0.06796875
0 0.575 0.8484375 0.02734375 0.06875
0 0.53046875 0.80546875 0.0546875 0.05
0 0.5296875 0.8625 0.05546875 0.05546875
0 0.471875 0.865625 0.05546875 0.0515625
0 0.471875 0.81015625 0.0546875 0.05234375
0 0.4046875 0.7796875 0.05859375 0.03203125
0 0.409375 0.86171875 0.0640625 0.06171875
0 0.12890625 0.8671875 0.1484375 0.08203125
0 0.16875 0.6375 0.078125 0.109375
0 0.41015625 0.3546875 0.03046875 0.07265625
0 0.84921875 0.24765625 0.03671875 0.07421875
0 0.778125 0.2484375 0.034375 0.07265625
0 0.06953125 0.13515625 0.04609375 0.09921875
0 0.115625 0.13671875 0.03984375 0.09375
0 0.1578125 0.13984375 0.03828125 0.0921875
0 0.19921875 0.134375 0.0390625 0.09921875
0 0.24296875 0.134375 0.040625 0.10546875
0 0.2859375 0.1328125 0.040625 0.1046875
0 0.32578125 0.146875 0.03359375 0.07578125
0 0.36484375 0.1453125 0.0375 0.07421875
0 0.40390625 0.14453125 0.0375 0.07421875
0 0.44296875 0.14453125 0.0375 0.0734375
0 0.48203125 0.14375 0.0375 0.07578125
0 0.521875 0.14453125 0.0390625 0.08046875
0 0.56171875 0.14453125 0.03671875 0.07890625
0 0.59921875 0.1453125 0.034375 0.075
0 0.825 0.14453125 0.03359375 0.07421875
0 0.6734375 0.1453125 0.034375 0.07421875
0 0.7109375 0.14453125 0.034375 0.07421875
0 0.02109375 0.13515625 0.0421875 0.0953125
0 0.8125 0.2484375 0.03046875 0.07109375
0 0.8625 0.14375 0.0328125 0.07421875
0 0.9453125 0.16171875 0.0375 0.109375
0 0.7421875 0.24765625 0.034375 0.07265625
0 0.7046875 0.25 0.034375 0.07265625
0 0.66640625 0.24921875 0.034375 0.07421875
0 0.63046875 0.25 0.034375 0.07421875
0 0.59296875 0.25 0.034375 0.07421875
0 0.5546875 0.24921875 0.034375 0.07421875
0 0.5171875 0.24921875 0.034375 0.07421875
0 0.4796875 0.25234375 0.03515625 0.07578125
0 0.440625 0.25234375 0.03515625 0.07578125
0 0.40234375 0.25234375 0.03515625 0.07578125
0 0.365625 0.25234375 0.0375 0.075
0 0.32734375 0.25703125 0.03203125 0.06484375
0 0.2953125 0.26015625 0.02421875 0.05859375
0 0.26171875 0.2609375 0.03046875 0.05703125
0 0.22578125 0.2609375 0.0296875 0.059375
0 0.10078125 0.27734375 0.03828125 0.07421875
0 0.98359375 0.1609375 0.03203125 0.109375
0 0.903125 0.16015625 0.04375 0.109375
0 0.75078125 0.14375 0.03828125 0.07421875
0 0.44296875 0.353125 0.0296875 0.07265625
0 0.5078125 0.35234375 0.03046875 0.07265625
0 0.6375 0.625 0.03359375 0.06171875
0 0.57734375 0.62890625 0.0359375 0.0625
0 0.5203125 0.63125 0.0359375 0.0625
0 0.4859375 0.6328125 0.03046875 0.065625
0 0.45234375 0.63515625 0.0296875 0.065625
0 0.4140625 0.63828125 0.03203125 0.0640625
0 0.37734375 0.6390625 0.03203125 0.0640625
0 0.3390625 0.63828125 0.03203125 0.0640625
0 0.30390625 0.63984375 0.03203125 0.06484375
0 0.26875 0.64140625 0.0328125 0.06484375
0 0.23359375 0.64375 0.0328125 0.0640625
0 0.84921875 0.540625 0.03203125 0.06484375
0 0.815625 0.5421875 0.03125 0.06484375
0 0.78046875 0.54375 0.03046875 0.0640625
0 0.74609375 0.54453125 0.0296875 0.065625
0 0.71171875 0.5453125 0.03046875 0.0671875
0 0.6796875 0.54609375 0.03125 0.0671875
0 0.66875 0.62578125 0.0265625 0.06171875
0 0.64375 0.546875 0.03046875 0.0671875
0 0.703125 0.625 0.03125 0.06171875
0 0.7703125 0.625 0.03125 0.0609375
0 0.8125 0.696875 0.02578125 0.05859375
0 0.78046875 0.69921875 0.02578125 0.05859375
0 0.7484375 0.7015625 0.02578125 0.05859375
0 0.71875 0.70234375 0.0296875 0.059375
0 0.68984375 0.70078125 0.02421875 0.05625
0 0.6609375 0.70390625 0.03125 0.0609375
0 0.62578125 0.7046875 0.03125 0.0578125
0 0.59140625 0.70703125 0.03125 0.05625
0 0.559375 0.70859375 0.02578125 0.05703125
0 0.52578125 0.709375 0.034375 0.05703125
0 0.48984375 0.7109375 0.03125 0.05703125
0 0.45625 0.71328125 0.03515625 0.059375
0 0.41953125 0.71484375 0.03203125 0.059375
0 0.384375 0.71640625 0.03125 0.05859375
0 0.34609375 0.715625 0.0390625 0.0578125
0 0.29140625 0.70703125 0.02890625 0.0359375
0 0.80859375 0.621875 0.034375 0.0640625
0 0.73671875 0.625 0.03125 0.0609375
0 0.475 0.353125 0.0296875 0.07265625
0 0.6078125 0.54765625 0.0328125 0.06875
0 0.53828125 0.546875 0.03203125 0.06875
0 0.43359375 0.46171875 0.02890625 0.071875
0 0.40078125 0.4609375 0.02890625 0.071875
0 0.3671875 0.4578125 0.03125 0.0765625
0 0.334375 0.46015625 0.03125 0.0765625
0 0.29765625 0.46015625 0.0328125 0.0765625
0 0.26015625 0.45625 0.03359375 0.08515625
0 0.22421875 0.4578125 0.03515625 0.08359375
0 0.8484375 0.34375 0.03046875 0.07265625
0 0.81640625 0.346875 0.03046875 0.07265625
0 0.7828125 0.35 0.03046875 0.07265625
0 0.746875 0.34921875 0.03046875 0.07265625
0 0.71171875 0.34765625 0.03046875 0.07265625
0 0.67578125 0.3484375 0.0328125 0.07109375
0 0.6390625 0.35234375 0.0328125 0.07109375
0 0.60390625 0.35234375 0.03046875 0.07265625
0 0.571875 0.3546875 0.0296875 0.07265625
0 0.5390625 0.35390625 0.0296875 0.07265625
0 0.46796875 0.46015625 0.0296875 0.071875
0 0.57109375 0.54296875 0.0328125 0.07421875
0 0.50078125 0.45703125 0.02890625 0.071875
0 0.5609375 0.4578125 0.02890625 0.06953125
0 0.5015625 0.54609375 0.03359375 0.07890625
0 0.46328125 0.546875 0.03359375 0.07890625
0 0.4140625 0.55078125 0.034375 0.078125
0 0.37578125 0.55078125 0.034375 0.078125
0 0.33828125 0.5515625 0.034375 0.078125
0 0.3015625 0.55234375 0.03203125 0.07734375
0 0.26640625 0.55390625 0.03515625 0.08046875
0 0.22890625 0.5546875 0.03515625 0.08046875
0 0.85625 0.45390625 0.02578125 0.059375
0 0.8265625 0.45546875 0.02578125 0.059375
0 0.796875 0.45625 0.02578125 0.059375
0 0.7671875 0.45625 0.028125 0.05625
0 0.71484375 0.4578125 0.040625 0.05546875
0 0.68125 0.459375 0.02109375 0.06015625
0 0.65390625 0.46015625 0.02890625 0.0578125
0 0.62265625 0.45703125 0.02890625 0.06953125
0 0.59140625 0.45625 0.02890625 0.06953125
0 0.53046875 0.45703125 0.02890625 0.06953125
0 0.7890625 0.14375 0.03359375 0.07421875