0 0.81171875 0.10703125 0.0359375 0.1125
0 0.84296875 0.109375 0.02421875 0.11015625
0 0.375 0.125 0.02265625 0.09140625
0 0.671875 0.1109375 0.0171875 0.08984375
0 0.89140625 0.09921875 0.02421875 0.1203125
0 0.86640625 0.1046875 0.02265625 0.10234375
0 0.64921875 0.10859375 0.0265625 0.090625
0 0.39765625 0.12265625 0.01484375 0.09453125
0 0.57734375 0.1125 0.02734375 0.08828125
0 0.55078125 0.10859375 0.02578125 0.08125
0 0.415625 0.11875 0.01875 0.08671875
0 0.35625 0.121875 0.01640625 0.08984375
0 0.91953125 0.10390625 0.03203125 0.13046875
0 0.60234375 0.1109375 0.02109375 0.0859375
0 0.0765625 0.278125 0.01953125 0.103125
0 0.503125 0.2390625 0.021875 0.0875
0 0.121875 0.27890625 0.02578125 0.12109375
0 0.33203125 0.12265625 0.028125 0.08828125
0 0.54921875 0.2421875 0.02421875 0.09140625
0 0.52578125 0.240625 0.02265625 0.08671875
0 0.48203125 0.23828125 0.02109375 0.084375
0 0.42109375 0.228125 0.01875 0.1
0 0.40078125 0.2296875 0.02109375 0.103125
0 0.37890625 0.22890625 0.021875 0.10625
0 0.35703125 0.23203125 0.02109375 0.11328125
0 0.33515625 0.23203125 0.02265625 0.1125
0 0.31328125 0.22890625 0.01875 0.10546875
0 0.2921875 0.23046875 0.02265625 0.10390625
0 0.27109375 0.2296875 0.02109375 0.103125
0 0.1859375 0.28203125 0.02421875 0.11875
0 0.1625 0.2796875 0.02109375 0.1203125
0 0.14296875 0.28125 0.01640625 0.12109375
0 0.09765625 0.28359375 0.021875 0.1140625
0 0.30703125 0.11640625 0.01953125 0.090625
0 0.17265625 0.6203125 0.01796875 0.09921875
0 0.16015625 0.13515625 0.02421875 0.11875
0 0.4 0.56015625 0.02578125 0.09453125
0 0.37734375 0.55625 0.01875 0.09765625
0 0.35625 0.55625 0.02265625 0.0921875
0 0.3328125 0.55390625 0.021875 0.0921875
0 0.3109375 0.55546875 0.02109375 0.0859375
0 0.28828125 0.553125 0.02421875 0.084375
0 0.42421875 0.56171875 0.02109375 0.09453125
0 0.109375 0.61484375 0.0296875 0.08828125
0 0.15390625 0.615625 0.01875 0.08984375
0 0.5734375 0.22890625 0.02265625 0.11640625
0 0.19140625 0.61875 0.02109375 0.10078125
0 0.21484375 0.61953125 0.02578125 0.1015625
0 0.3421875 0.6578125 0.0265625 0.09296875
0 0.3671875 0.64921875 0.01171875 0.078125
0 0.134375 0.6140625 0.0203125 0.08515625
0 0.4890625 0.56171875 0.02109375 0.10078125
0 0.51328125 0.5625 0.0265625 0.09921875
0 0.5375 0.56640625 0.01875 0.0921875
0 0.12890625 0.13515625 0.02734375 0.11953125
0 0.1015625 0.1375 0.02421875 0.11875
0 0.953125 0.7125 0.025 0.096875
0 0.98203125 0.709375 0.02734375 0.0875
0 0.88515625 0.6296875 0.0328125 0.11484375
0 0.8546875 0.628125 0.02421875 0.12109375
0 0.82109375 0.62578125 0.028125 0.10859375
0 0.7890625 0.62265625 0.03046875 0.10546875
0 0.759375 0.6203125 0.028125 0.1046875
0 0.72734375 0.61796875 0.03515625 0.109375
0 0.65546875 0.57578125 0.0203125 0.09609375
0 0.6328125 0.57421875 0.025 0.09609375
0 0.6078125 0.56953125 0.02109375 0.09453125
0 0.584375 0.56796875 0.02734375 0.09453125
0 0.559375 0.56875 0.02265625 0.09296875
0 0.18828125 0.13671875 0.02265625 0.115625
0 0.59765625 0.228125 0.02578125 0.115625
0 0.30390625 0.34453125 0.02734375 0.1015625
0 0.66796875 0.22578125 0.0265625 0.11171875
0 0.53515625 0.45546875 0.0234375 0.1
0 0.51015625 0.45703125 0.0234375 0.10078125
0 0.48828125 0.45703125 0.02109375 0.1
0 0.425 0.45234375 0.021875 0.09609375
0 0.4 0.4515625 0.02265625 0.09375
0 0.3765625 0.45 0.02109375 0.09140625
0 0.55859375 0.459375 0.02265625 0.103125
0 0.3546875 0.4484375 0.02265625 0.09375
0 0.30859375 0.45078125 0.0265625 0.0953125
0 0.2859375 0.4515625 0.01953125 0.09453125
0 0.2125 0.51015625 0.0265625 0.0953125
0 0.1859375 0.51015625 0.02578125 0.09609375
0 0.1625 0.509375 0.01953125 0.0953125
0 0.1421875 0.50859375 0.02109375 0.09765625
0 0.33203125 0.45 0.02109375 0.09609375
0 0.584375 0.459375 0.028125 0.10390625
0 0.609375 0.45859375 0.02109375 0.103125
0 0.63359375 0.45859375 0.0265625 0.1015625
0 0.38515625 0.6640625 0.015625 0.09296875
0 0.99140625 0.59375 0.015625 0.10859375
0 0.96484375 0.59375 0.03203125 0.1046875
0 0.9859375 0.34765625 0.028125 0.1296875
0 0.99296875 0.48125 0.01328125 0.10546875
0 0.97265625 0.4765625 0.028125 0.09296875
0 0.88984375 0.5125 0.03046875 0.10078125
0 0.8625 0.50703125 0.02578125 0.11328125
0 0.834375 0.503125 0.02890625 0.1046875
0 0.8078125 0.503125 0.025 0.11171875
0 0.78125 0.5015625 0.0265625 0.11484375
0 0.75390625 0.5015625 0.02734375 0.115625
0 0.72890625 0.5015625 0.02265625 0.115625
0 0.7046875 0.496875 0.02421875 0.1078125
0 0.65703125 0.46015625 0.01953125 0.10390625
0 0.121875 0.50546875 0.01875 0.0921875
0 0.64375 0.22109375 0.021875 0.10234375
0 0.10078125 0.50703125 0.02265625 0.0828125
0 0.1140625 0.40390625 0.021875 0.08984375
0 0.76640625 0.371875 0.03046875 0.1328125
0 0.79375 0.37265625 0.02421875 0.13125
0 0.81953125 0.37265625 0.02734375 0.13125
0 0.84921875 0.37421875 0.03046875 0.12890625
0 0.878125 0.37421875 0.028125 0.13046875
0 0.90859375 0.3734375 0.0328125 0.13203125
0 0.73671875 0.371875 0.03125 0.13359375
0 0.91875 0.2328125 0.02734375 0.1296875
0 0.859375 0.23984375 0.03203125 0.12109375
0 0.82890625 0.23828125 0.02734375 0.1203125
0 0.79921875 0.23671875 0.03125 0.11484375
0 0.76875 0.2359375 0.03046875 0.12421875
0 0.7421875 0.2359375 0.02109375 0.12109375
0 0.71796875 0.2328125 0.02578125 0.11328125
0 0.890625 0.22890625 0.02890625 0.121875
0 0.70859375 0.371875 0.02265625 0.13359375
0 0.6609375 0.34375 0.02421875 0.1046875
0 0.6390625 0.3421875 0.01953125 0.10546875
0 0.13671875 0.403125 0.02109375 0.08984375
0 0.17890625 0.4078125 0.0234375 0.09765625
0 0.20078125 0.41015625 0.01875 0.09296875
0 0.2796875 0.346875 0.0203125 0.1078125
0 0.33046875 0.34375 0.025 0.1015625
0 0.3546875 0.34296875 0.02265625 0.096875
0 0.37734375 0.3453125 0.021875 0.09375
0 0.39921875 0.34375 0.02109375 0.1
0 0.42265625 0.3453125 0.0265625 0.09609375
0 0.4875 0.34609375 0.02109375 0.10546875
0 0.5140625 0.34453125 0.0296875 0.10859375
0 0.540625 0.3453125 0.0234375 0.10703125
0 0.56640625 0.34921875 0.025 0.1125
0 0.58984375 0.3453125 0.02109375 0.1046875
0 0.6140625 0.34296875 0.028125 0.1078125
0 0.08984375 0.403125 0.0265625 0.08671875
0 0.4046875 0.6640625 0.021875 0.0921875
0 0.29765625 0.6578125 0.02109375 0.09296875
0 0.48671875 0.66484375 0.02109375 0.09296875
0 0.43046875 0.76875 0.02109375 0.0703125
0 0.4109375 0.765625 0.01640625 0.06953125
0 0.38984375 0.76640625 0.0171875 0.0703125
0 0.371875 0.7640625 0.01796875 0.0734375
0 0.353125 0.765625 0.0171875 0.065625
0 0.3328125 0.7609375 0.01875 0.06796875
0 0.5015625 0.77578125 0.03125 0.08203125
0 0.3140625 0.76015625 0.01484375 0.065625
0 0.23046875 0.76953125 0.01796875 0.0453125
0 0.1859375 0.76484375 0.021875 0.05
0 0.16484375 0.7625 0.01953125 0.05546875
0 0.14453125 0.76171875 0.01953125 0.05546875
0 0.125 0.759375 0.01875 0.06171875
0 0.42890625 0.659375 0.025 0.09921875
0 0.296875 0.759375 0.02109375 0.0640625
0 0.53203125 0.77890625 0.02578125 0.0765625
0 0.20859375 0.7671875 0.02109375 0.0578125
0 0.58984375 0.7859375 0.025 0.071875
0 0.53125 0.66953125 0.02734375 0.09609375
0 0.55625 0.6671875 0.02265625 0.0921875
0 0.5796875 0.67109375 0.0234375 0.0859375
0 0.60078125 0.67734375 0.01875 0.0984375
0 0.5078125 0.6671875 0.0203125 0.1
0 0.73125 0.7765625 0.01953125 0.0578125
0 0.70234375 0.76328125 0.025 0.11171875
0 0.79296875 0.76796875 0.0265625 0.13125
0 0.8171875 0.76875 0.0203125 0.12734375
0 0.840625 0.77109375 0.02578125 0.128125
0 0.8703125 0.77734375 0.0328125 0.11484375
0 0.6375 0.784375 0.028125 0.08359375
0 0.6140625 0.78671875 0.01953125 0.07890625
0 0.76640625 0.76484375 0.028125 0.1265625
0 0.5625 0.78515625 0.02734375 0.078125