0 0.64765625 0.8046875 0.046875 0.0546875
0 0.3 0.08046875 0.05546875 0.096875
0 0.36796875 0.2046875 0.059375 0.06953125
0 0.246875 0.20390625 0.06015625 0.06875
0 0.3078125 0.2015625 0.05703125 0.071875
0 0.1953125 0.67421875 0.0546875 0.0453125
0 0.04453125 0.75625 0.04921875 0.046875
0 0.2453125 0.0875 0.05390625 0.08125
0 0.70234375 0.80625 0.05625 0.05546875
0 0.66015625 0.625 0.04921875 0.0703125
0 0.83984375 0.77265625 0.06796875 0.0640625
0 0.9125 0.771875 0.07421875 0.0640625
0 0.975 0.7703125 0.0484375 0.06484375
0 0.98125 0.65625 0.0375 0.06875
0 0.92421875 0.6609375 0.075 0.0703125
0 0.84765625 0.66015625 0.071875 0.06875
0 0.79375 0.61953125 0.03046875 0.08046875
0 0.7640625 0.62109375 0.03046875 0.0828125
0 0.10078125 0.75625 0.05390625 0.04765625
0 0.61484375 0.62265625 0.04296875 0.075
0 0.76953125 0.80625 0.05703125 0.05390625
0 0.1546875 0.7546875 0.05234375 0.046875
0 0.2953125 0.62890625 0.04453125 0.0734375
0 0.29140625 0.728125 0.115625 0.065625
0 0.63359375 0.3140625 0.05390625 0.065625
0 0.578125 0.31328125 0.05703125 0.0703125
0 0.5203125 0.3140625 0.05546875 0.06796875
0 0.465625 0.321875 0.05 0.05390625
0 0.415625 0.32109375 0.05078125 0.05
0 0.3640625 0.3203125 0.0515625 0.053125
0 0.31015625 0.3109375 0.0546875 0.0703125
0 0.253125 0.3109375 0.05859375 0.06875
0 0.134375 0.2875 0.07265625 0.1078125
0 0.19609375 0.296875 0.04765625 0.109375
0 0.096875 0.4046875 0.03828125 0.103125
0 0.14453125 0.41328125 0.05546875 0.1109375
0 0.19765625 0.4125 0.046875 0.103125
0 0.2515625 0.41953125 0.05078125 0.0578125
0 0.3078125 0.41640625 0.05703125 0.0625
0 0.68828125 0.315625 0.05390625 0.06640625
0 0.20859375 0.753125 0.04765625 0.046875
0 0.79375 0.340625 0.08671875 0.06171875
0 0.690625 0.2078125 0.0546875 0.0671875
0 0.4125 0.725 0.1234375 0.075
0 0.5234375 0.73359375 0.09296875 0.040625
0 0.62890625 0.7203125 0.11640625 0.06953125
0 0.7375 0.715625 0.09921875 0.071875
0 0.25234375 0.628125 0.0421875 0.0828125
0 0.33984375 0.6265625 0.04140625 0.078125
0 0.38125 0.634375 0.0390625 0.059375
0 0.41953125 0.62265625 0.03671875 0.0828125
0 0.4640625 0.61875 0.05390625 0.090625
0 0.51640625 0.61875 0.04921875 0.090625
0 0.56796875 0.6140625 0.04921875 0.09375
0 0.44453125 0.20625 0.096875 0.0640625
0 0.52109375 0.20625 0.05703125 0.06640625
0 0.57890625 0.20625 0.05546875 0.0671875
0 0.63515625 0.2078125 0.053125 0.0640625
0 0.74453125 0.2 0.053125 0.05
0 0.365625 0.4171875 0.05546875 0.06484375
0 0.6359375 0.41796875 0.05234375 0.06328125
0 0.4734375 0.41796875 0.053125 0.0625
0 0.5421875 0.51796875 0.03203125 0.078125
0 0.49765625 0.5171875 0.05078125 0.07890625
0 0.4484375 0.52109375 0.04921875 0.07265625
0 0.38828125 0.51796875 0.06796875 0.07734375
0 0.31875 0.51640625 0.0625 0.078125
0 0.25390625 0.515625 0.06328125 0.0796875
0 0.12734375 0.5421875 0.08046875 0.12421875
0 0.57890625 0.51953125 0.03984375 0.071875
0 0.1953125 0.5359375 0.05234375 0.13046875
0 0.1265625 0.15625 0.0734375 0.12890625
0 0.20546875 0.89609375 0.028125 0.04375
0 0.1890625 0.1390625 0.053125 0.11953125
0 0.01796875 0.2890625 0.03359375 0.1125
0 0.05 0.53828125 0.06953125 0.1359375
0 0.03125 0.68125 0.0609375 0.0390625
0 0.08671875 0.67421875 0.05 0.04609375
0 0.0578125 0.16328125 0.06015625 0.1234375
0 0.13828125 0.6734375 0.053125 0.0484375
0 0.6125 0.5171875 0.02421875 0.0734375
0 0.68046875 0.528125 0.0375 0.0546875
0 0.2109375 0.83125 0.04921875 0.059375
0 0.2859375 0.82265625 0.09609375 0.0375
0 0.38203125 0.8203125 0.09765625 0.040625
0 0.48125 0.81796875 0.096875 0.04140625
0 0.1546875 0.83046875 0.05390625 0.059375
0 0.0984375 0.8375 0.05078125 0.0421875
0 0.04921875 0.83828125 0.04765625 0.040625
0 0.64375 0.52890625 0.03359375 0.053125
0 0.021875 0.91875 0.04296875 0.06015625
0 0.13203125 0.92890625 0.07109375 0.03671875
0 0.9578125 0.47265625 0.08359375 0.046875
0 0.959375 0.53203125 0.08125 0.06953125
0 0.86875 0.53125 0.09765625 0.071875
0 0.79765625 0.5203125 0.04453125 0.0734375
0 0.74921875 0.51953125 0.04296875 0.071875
0 0.71328125 0.528125 0.02890625 0.0546875
0 0.06953125 0.91640625 0.04765625 0.0484375
0 0.28359375 0.90859375 0.06484375 0.0859375
0 0.34765625 0.90703125 0.059375 0.084375
0 0.4078125 0.92578125 0.05703125 0.0453125
0 0.9515625 0.40390625 0.06953125 0.0390625
0 0.875 0.40703125 0.08203125 0.03828125
0 0.8109375 0.0890625 0.05546875 0.0953125
0 0.75546875 0.0890625 0.05234375 0.09609375
0 0.7 0.08671875 0.05859375 0.096875
0 0.640625 0.0875 0.05546875 0.0984375
0 0.58359375 0.0859375 0.05546875 0.0984375
0 0.9515625 0.334375 0.06171875 0.03125
0 0.52890625 0.084375 0.05 0.0984375
0 0.41796875 0.08203125 0.059375 0.0984375
0 0.35859375 0.08046875 0.05703125 0.096875
0 0.79453125 0.4171875 0.04765625 0.06015625
0 0.74453125 0.41796875 0.0484375 0.06328125
0 0.690625 0.4171875 0.0546875 0.0609375
0 0.5828125 0.41875 0.05234375 0.0640625
0 0.528125 0.41875 0.05390625 0.0609375
0 0.47578125 0.08515625 0.05390625 0.096875
0 0.890625 0.33125 0.05 0.0375
0 0.7765625 0.2578125 0.10234375 0.06015625
0 0.95 0.2703125 0.075 0.0453125
0 0.46875 0.909375 0.0609375 0.0796875
0 0.5234375 0.9015625 0.0453125 0.090625
0 0.571875 0.89453125 0.04609375 0.096875
0 0.6203125 0.89296875 0.0453125 0.0984375
0 0.66640625 0.89375 0.04375 0.1015625
0 0.71171875 0.890625 0.0421875 0.0984375
0 0.7609375 0.8921875 0.05234375 0.09921875
0 0.834375 0.90625 0.09140625 0.0609375
0 0.92734375 0.9046875 0.090625 0.0609375
0 0.90234375 0.06640625 0.09296875 0.0515625
0 0.90078125 0.1203125 0.0921875 0.053125
0 0.975 0.06484375 0.05 0.0546875
0 0.97421875 0.121875 0.0515625 0.053125
0 0.065625 0.2921875 0.05859375 0.10546875
0 0.87734375 0.21640625 0.0703125 0.05390625
0 0.88046875 0.26796875 0.0609375 0.0484375
0 0.9515625 0.21796875 0.0703125 0.053125
0 0.41953125 0.41640625 0.05 0.06484375
0 0.7171875 0.625 0.06015625 0.07265625