0 0.60234375 0.23515625 0.021875 0.075
0 0.58046875 0.2375 0.01796875 0.0734375
0 0.76484375 0.590625 0.01875 0.08046875
0 0.50703125 0.721875 0.01640625 0.06015625
0 0.5390625 0.7421875 0.01796875 0.06484375
0 0.55859375 0.75390625 0.01875 0.0671875
0 0.58203125 0.7625 0.0265625 0.07109375
0 0.68359375 0.81875 0.03125 0.08125
0 0.74296875 0.8375 0.0234375 0.053125
0 0.76796875 0.8625 0.021875 0.08125
0 0.7984375 0.8828125 0.0328125 0.0828125
0 0.52421875 0.73046875 0.01171875 0.0625
0 0.84140625 0.89375 0.028125 0.08359375
0 0.96015625 0.784375 0.05234375 0.1625
0 0.91328125 0.7734375 0.0375 0.09375
0 0.85625 0.74921875 0.028125 0.071875
0 0.825 0.73359375 0.02421875 0.08828125
0 0.79765625 0.72890625 0.028125 0.07421875
0 0.765625 0.7109375 0.02421875 0.065625
0 0.74375 0.70546875 0.01875 0.0671875
0 0.6828125 0.4734375 0.02265625 0.06796875
0 0.8859375 0.9046875 0.03046875 0.1015625
0 0.72109375 0.48671875 0.02421875 0.05625
0 0.48828125 0.71640625 0.01640625 0.0609375
0 0.46953125 0.703125 0.01171875 0.05390625
0 0.61328125 0.35859375 0.02421875 0.0609375
0 0.59375 0.36015625 0.0140625 0.0625
0 0.55390625 0.35546875 0.021875 0.059375
0 0.478125 0.51953125 0.01171875 0.0578125
0 0.528125 0.44453125 0.01875 0.071875
0 0.56640625 0.45703125 0.015625 0.06015625
0 0.61484375 0.4640625 0.02265625 0.059375
0 0.6375 0.46953125 0.01796875 0.0640625
0 0.45546875 0.7 0.01328125 0.05390625
0 0.65703125 0.4703125 0.02265625 0.0625
0 0.47890625 0.253125 0.015625 0.0640625
0 0.49453125 0.25 0.0125 0.06875
0 0.50859375 0.25 0.01171875 0.0609375
0 0.528125 0.24296875 0.0203125 0.06875
0 0.4890625 0.3578125 0.02109375 0.06171875
0 0.51015625 0.35625 0.01484375 0.0625
0 0.5234375 0.3578125 0.0109375 0.0609375
0 0.53515625 0.35703125 0.01328125 0.06328125
0 0.70390625 0.23359375 0.01953125 0.05390625
0 0.6421875 0.3609375 0.01796875 0.059375
0 0.7015625 0.48828125 0.01328125 0.0453125
0 0.765625 0.48125 0.0203125 0.0734375
0 0.60234375 0.659375 0.01796875 0.05
0 0.5796875 0.64765625 0.01640625 0.05859375
0 0.5578125 0.63671875 0.02265625 0.0625
0 0.53515625 0.6203125 0.01484375 0.0609375
0 0.5203125 0.61875 0.01328125 0.0640625
0 0.50390625 0.61875 0.01640625 0.053125
0 0.48359375 0.60234375 0.0125 0.06875
0 0.459375 0.59609375 0.0171875 0.059375
0 0.6203125 0.66171875 0.01484375 0.06015625
0 0.44921875 0.51328125 0.01328125 0.05625
0 0.65625 0.56484375 0.01953125 0.0625
0 0.63359375 0.56015625 0.021875 0.0625
0 0.61015625 0.5546875 0.01953125 0.06171875
0 0.58125 0.54453125 0.028125 0.0640625
0 0.54765625 0.54140625 0.028125 0.05625
0 0.521875 0.528125 0.01484375 0.0609375
0 0.50546875 0.52734375 0.01328125 0.059375
0 0.49140625 0.52421875 0.0125 0.06328125
0 0.68359375 0.58515625 0.015625 0.046875
0 0.74375 0.484375 0.015625 0.0640625
0 0.64453125 0.6390625 0.021875 0.0171875
0 0.65546875 0.678125 0.01796875 0.053125
0 0.7859375 0.484375 0.02109375 0.0734375
0 0.809375 0.4875 0.01953125 0.08125
0 0.8375 0.50625 0.02578125 0.059375
0 0.86640625 0.496875 0.0234375 0.08359375
0 0.89375 0.50703125 0.02421875 0.07109375
0 0.93046875 0.51015625 0.03203125 0.075
0 0.890625 0.625 0.025 0.084375
0 0.93203125 0.61328125 0.03515625 0.0390625
0 0.63828125 0.67421875 0.015625 0.05
0 0.928125 0.659375 0.03671875 0.05
0 0.8109375 0.603125 0.01953125 0.084375
0 0.7875 0.59921875 0.02109375 0.0828125
0 0.72109375 0.696875 0.01953125 0.06015625
0 0.74140625 0.59140625 0.02109375 0.0640625
0 0.7203125 0.5859375 0.01953125 0.06640625
0 0.70078125 0.5890625 0.01484375 0.0515625
0 0.696875 0.69453125 0.02265625 0.059375
0 0.67421875 0.68671875 0.01875 0.059375
0 0.83515625 0.6078125 0.028125 0.08359375
0 0.6609375 0.3609375 0.01640625 0.0609375
0 0.54921875 0.45625 0.01796875 0.0640625
0 0.70390625 0.36015625 0.02265625 0.0640625
0 0.64765625 0.2359375 0.01953125 0.06484375
0 0.7296875 0.23046875 0.01796875 0.0546875
0 0.75234375 0.2265625 0.02265625 0.05546875
0 0.78125 0.2171875 0.0265625 0.0671875
0 0.83125 0.209375 0.03046875 0.071875
0 0.9015625 0.203125 0.03046875 0.06796875
0 0.93515625 0.1921875 0.034375 0.08125
0 0.9734375 0.190625 0.02890625 0.08984375
0 0.96875 0.371875 0.0265625 0.0640625
0 0.93671875 0.37421875 0.02265625 0.053125
0 0.91171875 0.359375 0.02265625 0.07421875
0 0.884375 0.3609375 0.0296875 0.07421875
0 0.85390625 0.3625 0.02578125 0.0734375
0 0.6828125 0.36015625 0.01875 0.0625
0 0.465625 0.515625 0.0140625 0.0578125
0 0.76484375 0.3625 0.02265625 0.0671875
0 0.81015625 0.36171875 0.03203125 0.0734375
0 0.73515625 0.36015625 0.02890625 0.059375