0 0.71171875 0.11171875 0.06640625 0.06640625
0 0.28671875 0.321875 0.0421875 0.0890625
0 0.0859375 0.203125 0.04921875 0.08984375
0 0.1375 0.2046875 0.0453125 0.08828125
0 0.1875 0.20390625 0.04765625 0.08359375
0 0.390625 0.20625 0.03203125 0.078125
0 0.03359375 0.20078125 0.0453125 0.0921875
0 0.65078125 0.10625 0.03828125 0.0796875
0 0.59296875 0.40390625 0.02734375 0.071875
0 0.6875 0.4 0.0328125 0.06640625
0 0.39453125 0.3203125 0.0296875 0.0828125
0 0.4296875 0.31875 0.03359375 0.084375
0 0.4640625 0.31484375 0.03125 0.07578125
0 0.4984375 0.3140625 0.03125 0.07578125
0 0.53203125 0.3125 0.03125 0.07578125
0 0.56640625 0.31171875 0.03125 0.07734375
0 0.5984375 0.3109375 0.02890625 0.07578125
0 0.628125 0.31015625 0.02734375 0.07265625
0 0.65703125 0.30859375 0.02734375 0.07265625
0 0.6921875 0.30625 0.03203125 0.06953125
0 0.0125 0.4375 0.025 0.08359375
0 0.053125 0.43515625 0.04453125 0.08359375
0 0.10078125 0.43359375 0.04296875 0.0828125
0 0.14765625 0.43203125 0.04453125 0.084375
0 0.196875 0.43125 0.0421875 0.084375
0 0.2390625 0.428125 0.03359375 0.07890625
0 0.28359375 0.425 0.0453125 0.08203125
0 0.396875 0.4125 0.02890625 0.0796875
0 0.428125 0.4125 0.028125 0.07734375
0 0.46171875 0.4078125 0.0296875 0.071875
0 0.4953125 0.40703125 0.02734375 0.0703125
0 0.52890625 0.40546875 0.0296875 0.07265625
0 0.5625 0.40234375 0.02734375 0.07421875
0 0.62578125 0.4015625 0.02890625 0.0671875
0 0.6546875 0.40234375 0.02578125 0.065625
0 0.5953125 0.10625 0.0296875 0.06796875
0 0.1515625 0.32109375 0.04609375 0.0828125
0 0.4796875 0.7 0.034375 0.075
0 0.06796875 0.5390625 0.04140625 0.078125
0 0.6734375 0.75703125 0.03515625 0.075
0 0.63515625 0.75859375 0.03515625 0.075
0 0.59765625 0.765625 0.03515625 0.075
0 0.4265625 0.2078125 0.03203125 0.078125
0 0.5609375 0.7734375 0.0359375 0.075
0 0.52265625 0.778125 0.0359375 0.075
0 0.4859375 0.78515625 0.0359375 0.075
0 0.44765625 0.790625 0.03828125 0.075
0 0.40546875 0.79453125 0.0390625 0.075
0 0.30703125 0.809375 0.034375 0.07578125
0 0.26640625 0.81796875 0.034375 0.07578125
0 0.228125 0.82421875 0.034375 0.07578125
0 0.1875 0.82890625 0.03984375 0.07578125
0 0.14375 0.83359375 0.03984375 0.07578125
0 0.1 0.840625 0.03984375 0.07578125
0 0.4078125 0.71015625 0.03203125 0.07421875
0 0.05703125 0.84765625 0.03828125 0.07578125
0 0.44375 0.70390625 0.034375 0.07421875
0 0.55 0.6890625 0.03203125 0.07265625
0 0.559375 0.10703125 0.03671875 0.065625
0 0.496875 0.10234375 0.03515625 0.07109375
0 0.46171875 0.10234375 0.03125 0.06953125
0 0.42578125 0.1 0.03125 0.06953125
0 0.390625 0.09765625 0.03125 0.06953125
0 0.2703125 0.0875 0.04375 0.09609375
0 0.21875 0.08671875 0.04375 0.096875
0 0.17109375 0.08203125 0.04453125 0.09609375
0 0.1234375 0.078125 0.04453125 0.096875
0 0.0734375 0.075 0.04609375 0.0953125
0 0.0203125 0.07265625 0.040625 0.09921875
0 0.6796875 0.675 0.0390625 0.06875
0 0.64375 0.675 0.021875 0.06328125
0 0.615625 0.684375 0.0328125 0.0640625
0 0.575 0.678125 0.01640625 0.065625
0 0.515625 0.6921875 0.03203125 0.07265625
0 0.01640625 0.853125 0.0328125 0.07578125
0 0.2953125 0.71875 0.0421875 0.08671875
0 0.2515625 0.72265625 0.040625 0.10078125
0 0.02578125 0.64375 0.0390625 0.078125
0 0.6890625 0.490625 0.034375 0.075
0 0.653125 0.49296875 0.02890625 0.07578125
0 0.62109375 0.49609375 0.028125 0.07578125
0 0.5859375 0.50078125 0.03125 0.075
0 0.55234375 0.503125 0.03125 0.07421875
0 0.51484375 0.5 0.0359375 0.0828125
0 0.47734375 0.5046875 0.034375 0.07421875
0 0.44140625 0.50859375 0.03203125 0.0765625
0 0.40234375 0.50703125 0.034375 0.08828125
0 0.29375 0.525 0.040625 0.075
0 0.24921875 0.525 0.040625 0.075
0 0.2046875 0.53046875 0.03671875 0.0765625
0 0.16328125 0.5328125 0.0390625 0.07421875
0 0.11484375 0.53515625 0.04296875 0.0796875
0 0.06953125 0.6390625 0.04296875 0.0796875
0 0.1171875 0.6359375 0.04296875 0.0796875
0 0.1609375 0.63125 0.03984375 0.08125
0 0.20390625 0.62578125 0.03984375 0.08125
0 0.20625 0.728125 0.0421875 0.1
0 0.159375 0.73359375 0.04375 0.09921875
0 0.1109375 0.73828125 0.04375 0.09921875
0 0.06484375 0.7453125 0.040625 0.09296875
0 0.0203125 0.7515625 0.040625 0.09609375
0 0.6890625 0.5765625 0.0296875 0.065625
0 0.65546875 0.58203125 0.0328125 0.06796875
0 0.01953125 0.5453125 0.0390625 0.08359375
0 0.6171875 0.575 0.0203125 0.0609375
0 0.553125 0.58984375 0.03046875 0.0671875
0 0.521875 0.59453125 0.03125 0.065625
0 0.48515625 0.5984375 0.03671875 0.06796875
0 0.440625 0.59140625 0.025 0.0625
0 0.4078125 0.60703125 0.03515625 0.07421875
0 0.28984375 0.6203125 0.03984375 0.08125
0 0.24609375 0.6234375 0.03984375 0.08046875
0 0.58671875 0.5875 0.0328125 0.06484375
0 0.46171875 0.20625 0.03203125 0.08125
0 0.196875 0.31953125 0.0390625 0.08359375
0 0.5328125 0.20546875 0.03203125 0.08125
0 0.24140625 0.31953125 0.03671875 0.084375
0 0.1015625 0.32109375 0.04375 0.0875
0 0.05234375 0.32109375 0.04296875 0.084375
0 0.01328125 0.321875 0.0265625 0.084375
0 0.4953125 0.20703125 0.03203125 0.08125
0 0.66875 0.2078125 0.0296875 0.0765625
0 0.63515625 0.20546875 0.03046875 0.08125
0 0.60078125 0.2046875 0.03203125 0.08125
0 0.56796875 0.20703125 0.03203125 0.08125
0 0.70234375 0.20859375 0.03359375 0.0765625