0 0.67265625 0.43359375 0.06875 0.03828125
0 0.8375 0.4671875 0.071875 0.040625
0 0.4515625 0.48203125 0.06640625 0.0390625
0 0.5953125 0.434375 0.07578125 0.03671875
0 0.5203125 0.43828125 0.06875 0.03828125
0 0.425 0.3375 0.06875 0.03984375
0 0.75625 0.47109375 0.075 0.03828125
0 0.678125 0.4734375 0.075 0.0375
0 0.6 0.47421875 0.07578125 0.03515625
0 0.42890625 0.38046875 0.06953125 0.03515625
0 0.4984375 0.334375 0.07421875 0.0359375
0 0.57890625 0.32890625 0.07734375 0.03984375
0 0.44921875 0.440625 0.07265625 0.03515625
0 0.0203125 0.58359375 0.0359375 0.0609375
0 0.5265625 0.478125 0.06796875 0.0375
0 0.07890625 0.5859375 0.06640625 0.05546875
0 0.56875 0.58359375 0.06640625 0.03828125
0 0.21171875 0.5796875 0.0609375 0.06171875
0 0.35234375 0.3671875 0.06796875 0.0671875
0 0.6421875 0.57734375 0.065625 0.03828125
0 0.7140625 0.58203125 0.06875 0.0375
0 0.78984375 0.58125 0.07265625 0.040625
0 0.8625 0.56484375 0.0640625 0.02734375
0 0.94296875 0.56484375 0.0734375 0.0203125
0 0.94296875 0.5859375 0.06953125 0.0171875
0 0.8640625 0.5890625 0.06875 0.0171875
0 0.0515625 0.67890625 0.06015625 0.02890625
0 0.11171875 0.678125 0.05 0.02734375
0 0.17265625 0.68515625 0.065625 0.028125
0 0.23125 0.6828125 0.04375 0.0296875
0 0.290625 0.68984375 0.0671875 0.03203125
0 0.5 0.58359375 0.06328125 0.0390625
0 0.4296875 0.58359375 0.06640625 0.0390625
0 0.35390625 0.57578125 0.07265625 0.0609375
0 0.28046875 0.57890625 0.06875 0.06484375
0 0.1453125 0.5796875 0.059375 0.05703125
0 0.275 0.3734375 0.06796875 0.06640625
0 0.23515625 0.47421875 0.06953125 0.05546875
0 0.17421875 0.365625 0.05703125 0.05625
0 0.0796875 0.78359375 0.05546875 0.03203125
0 0.025 0.7703125 0.04609375 0.03359375
0 0.97265625 0.8921875 0.0546875 0.0171875
0 0.97109375 0.86875 0.0578125 0.021875
0 0.90625 0.8890625 0.05234375 0.02890625
0 0.9015625 0.86328125 0.0515625 0.01328125
0 0.909375 0.8421875 0.05859375 0.0203125
0 0.98046875 0.78125 0.0390625 0.0265625
0 0.91640625 0.7828125 0.0640625 0.0328125
0 0.878125 0.675 0.07421875 0.03125
0 0.96015625 0.68046875 0.0796875 0.0328125
0 0.95625 0.634375 0.07734375 0.03046875
0 0.87578125 0.6375 0.075 0.02890625
0 0.7921875 0.68515625 0.0734375 0.03203125
0 0.7171875 0.6859375 0.0703125 0.0359375
0 0.64609375 0.68671875 0.06796875 0.03125
0 0.7921875 0.6359375 0.06796875 0.03125
0 0.7140625 0.63828125 0.07265625 0.03203125
0 0.6390625 0.64453125 0.07109375 0.03515625
0 0.5734375 0.68359375 0.07109375 0.03203125
0 0.43046875 0.68984375 0.059375 0.03046875
0 0.4984375 0.68671875 0.06953125 0.03203125
0 0.5 0.6515625 0.06796875 0.0359375
0 0.01640625 0.83515625 0.0328125 0.02421875
0 0.42734375 0.65546875 0.065625 0.034375
0 0.00859375 0.86484375 0.01640625 0.0234375
0 0.0640625 0.83515625 0.0546875 0.025
0 0.74921875 0.43046875 0.07890625 0.03828125
0 0.225 0.85390625 0.05703125 0.0234375
0 0.28828125 0.8546875 0.06171875 0.028125
0 0.35 0.8546875 0.059375 0.028125
0 0.41171875 0.853125 0.05703125 0.02578125
0 0.22734375 0.88125 0.06171875 0.02421875
0 0.2921875 0.8828125 0.0609375 0.0265625
0 0.3984375 0.78203125 0.0609375 0.03515625
0 0.33515625 0.784375 0.0609375 0.0328125
0 0.271875 0.7828125 0.05703125 0.0328125
0 0.2078125 0.78359375 0.05859375 0.034375
0 0.14375 0.78515625 0.06015625 0.03125
0 0.41015625 0.7390625 0.06015625 0.02578125
0 0.34921875 0.7390625 0.05703125 0.02734375
0 0.2859375 0.740625 0.05859375 0.0265625
0 0.2234375 0.74140625 0.059375 0.025
0 0.159375 0.740625 0.06171875 0.0234375
0 0.30546875 0.82421875 0.06640625 0.01328125
0 0.234375 0.825 0.05859375 0.01484375
0 0.165625 0.87890625 0.05234375 0.028125
0 0.11015625 0.87421875 0.05390625 0.0296875
0 0.16875 0.8359375 0.0421875 0.02421875
0 0.12421875 0.828125 0.03828125 0.01640625
0 0.0484375 0.87890625 0.053125 0.028125
0 0.3640625 0.690625 0.06953125 0.03203125
0 0.503125 0.37421875 0.07421875 0.0390625
0 0.58125 0.371875 0.0734375 0.040625
0 0.103125 0.20703125 0.06640625 0.06484375
0 0.02890625 0.28203125 0.0484375 0.0609375
0 0.09453125 0.278125 0.0671875 0.06328125
0 0.171875 0.27109375 0.065625 0.0640625
0 0.24765625 0.26640625 0.0765625 0.06484375
0 0.3234375 0.26171875 0.0625 0.06953125
0 0.40390625 0.25625 0.07578125 0.06796875
0 0.48125 0.2515625 0.07421875 0.0671875
0 0.56875 0.246875 0.078125 0.071875
0 0.6546875 0.23828125 0.0765625 0.0671875
0 0.73984375 0.234375 0.0859375 0.06875
0 0.83359375 0.228125 0.08671875 0.071875
0 0.93125 0.3375 0.084375 0.06875
0 0.98046875 0.43671875 0.0390625 0.0765625
0 0.91328125 0.43671875 0.075 0.0734375
0 0.0234375 0.384375 0.0375 0.059375
0 0.10625 0.3703125 0.0734375 0.05390625
0 0.81484375 0.76328125 0.065625 0.03671875
0 0.74609375 0.77578125 0.0671875 0.0359375
0 0.671875 0.775 0.0625 0.03671875
0 0.603125 0.775 0.06875 0.03359375
0 0.53515625 0.77578125 0.06328125 0.03515625
0 0.4703125 0.7796875 0.06484375 0.03671875
0 0.05390625 0.215625 0.02890625 0.0578125
0 0.01640625 0.21640625 0.03203125 0.0609375
0 0.1875 0.2015625 0.0828125 0.0609375
0 0.2734375 0.196875 0.0765625 0.05859375
0 0.665625 0.31875 0.07578125 0.03828125
0 0.74140625 0.31328125 0.0703125 0.04453125
0 0.81640625 0.3109375 0.0703125 0.040625
0 0.8296875 0.35703125 0.0828125 0.04375
0 0.6625 0.3671875 0.078125 0.0375
0 0.7453125 0.3609375 0.08046875 0.03828125
0 0.02890625 0.48203125 0.0484375 0.0578125
0 0.09296875 0.4796875 0.06796875 0.05703125
0 0.16171875 0.478125 0.06640625 0.05390625
0 0.3078125 0.471875 0.06171875 0.0578125
0 0.375 0.46953125 0.0640625 0.05390625
0 0.2234375 0.3671875 0.02890625 0.05703125
0 0.35625 0.8828125 0.059375 0.0234375
0 0.5015625 0.878125 0.06171875 0.0328125
0 0.56875 0.878125 0.06640625 0.0328125
0 0.63515625 0.878125 0.0625 0.03359375
0 0.7015625 0.878125 0.0609375 0.034375
0 0.76640625 0.8796875 0.05703125 0.034375
0 0.83828125 0.88125 0.06953125 0.03359375
0 0.9578125 0.2171875 0.08203125 0.07265625
0 0.796875 0.1625 0.078125 0.053125
0 0.71953125 0.17109375 0.06640625 0.0515625
0 0.6515625 0.17890625 0.065625 0.04765625
0 0.578125 0.1828125 0.0671875 0.05
0 0.4203125 0.88359375 0.06015625 0.025
0 0.83203125 0.4265625 0.07890625 0.03671875