0 0.271875 0.9421875 0.0453125 0.0890625
0 0.54921875 0.865625 0.0359375 0.07265625
0 0.5140625 0.87890625 0.0328125 0.0671875
0 0.47734375 0.8859375 0.03671875 0.0703125
0 0.434375 0.896875 0.03125 0.08046875
0 0.4015625 0.90390625 0.03125 0.08125
0 0.58515625 0.859375 0.028125 0.06953125
0 0.3625 0.91640625 0.04296875 0.0765625
0 0.3171875 0.928125 0.04140625 0.0875
0 0.22421875 0.9515625 0.04609375 0.0875
0 0.84765625 0.940625 0.028125 0.0671875
0 0.95546875 0.90234375 0.0296875 0.06328125
0 0.9296875 0.9140625 0.01640625 0.05625
0 0.90625 0.9203125 0.02578125 0.06171875
0 0.87578125 0.93671875 0.02578125 0.0578125
0 0.8203125 0.95234375 0.02265625 0.05
0 0.79765625 0.96640625 0.01953125 0.0609375
0 0.76953125 0.96953125 0.02890625 0.05625
0 0.73984375 0.971875 0.0296875 0.05234375
0 0.71171875 0.96953125 0.02421875 0.05625
0 0.62109375 0.8484375 0.03203125 0.0671875
0 0.98515625 0.890625 0.025 0.059375
0 0.65859375 0.8359375 0.03203125 0.0734375
0 0.65 0.4828125 0.03828125 0.08125
0 0.73046875 0.8140625 0.034375 0.07421875
0 0.41328125 0.7859375 0.03671875 0.0921875
0 0.36953125 0.796875 0.046875 0.096875
0 0.3203125 0.809375 0.04765625 0.0953125
0 0.2703125 0.81875 0.04453125 0.10078125
0 0.2171875 0.83203125 0.0546875 0.0890625
0 0.134375 0.865625 0.10078125 0.078125
0 0.13515625 0.7875 0.07109375 0.06328125
0 0.0375 0.8703125 0.0734375 0.1171875
0 0.43671875 0.50546875 0.04921875 0.09609375
0 0.3890625 0.5109375 0.0375 0.09609375
0 0.34296875 0.51640625 0.04765625 0.09296875
0 0.2953125 0.521875 0.04375 0.09609375
0 0.24609375 0.5265625 0.04453125 0.09453125
0 0.19453125 0.528125 0.05546875 0.1
0 0.56484375 0.4875 0.04375 0.09375
0 0.6078125 0.4859375 0.03828125 0.0875
0 0.69453125 0.48203125 0.04375 0.0796875
0 0.45390625 0.775 0.04296875 0.09375
0 0.49609375 0.7671875 0.0375 0.08984375
0 0.5359375 0.7578125 0.03359375 0.0859375
0 0.57421875 0.75 0.03984375 0.08515625
0 0.76640625 0.8078125 0.03203125 0.07109375
0 0.80078125 0.7953125 0.03203125 0.06875
0 0.8640625 0.7765625 0.03046875 0.0640625
0 0.89609375 0.76875 0.025 0.06640625
0 0.9234375 0.7625 0.02890625 0.0625
0 0.95234375 0.75703125 0.02421875 0.05
0 0.98046875 0.74921875 0.02578125 0.0578125
0 0.9921875 0.65625 0.015625 0.06875
0 0.69453125 0.825 0.0359375 0.0703125
0 0.96640625 0.66171875 0.02890625 0.0703125
0 0.8703125 0.6859375 0.034375 0.07421875
0 0.8359375 0.69453125 0.03046875 0.075
0 0.8015625 0.7015625 0.03359375 0.07578125
0 0.7609375 0.71015625 0.03828125 0.078125
0 0.72265625 0.7171875 0.03125 0.07890625
0 0.68125 0.7203125 0.0390625 0.0890625
0 0.646875 0.728125 0.02890625 0.090625
0 0.6125 0.73515625 0.034375 0.09453125
0 0.90390625 0.678125 0.0296875 0.078125
0 0.8328125 0.784375 0.0296875 0.06328125
0 0.9359375 0.6703125 0.028125 0.075
0 0.77265625 0.4734375 0.03515625 0.0671875
0 0.73671875 0.06640625 0.04296875 0.115625
0 0.784375 0.06953125 0.04453125 0.1203125
0 0.85234375 0.0859375 0.02734375 0.09609375
0 0.8859375 0.0890625 0.03046875 0.103125
0 0.94765625 0.10703125 0.03515625 0.0796875
0 0.984375 0.10546875 0.03125 0.10390625
0 0.9140625 0.10390625 0.02421875 0.0765625
0 0.67734375 0.065625 0.05546875 0.1078125
0 0.9828125 0.3953125 0.034375 0.24140625
0 0.9390625 0.3421875 0.0171875 0.0734375
0 0.91796875 0.3421875 0.02109375 0.07890625
0 0.89453125 0.3421875 0.0203125 0.08125
0 0.8734375 0.3421875 0.0203125 0.0859375
0 0.8515625 0.34296875 0.02109375 0.08515625
0 0.828125 0.34375 0.0234375 0.084375
0 0.80234375 0.34375 0.02421875 0.0859375
0 0.9578125 0.3390625 0.015625 0.07578125
0 0.97265625 0.2265625 0.03359375 0.078125
0 0.90625 0.2234375 0.0359375 0.08046875
0 0.871875 0.22421875 0.03125 0.0765625
0 0.07578125 0.23984375 0.11328125 0.1015625
0 0.04375 0.45078125 0.0859375 0.1671875
0 0.10625 0.434375 0.03359375 0.13359375
0 0.140625 0.4421875 0.028125 0.13125
0 0.17109375 0.1859375 0.06796875 0.121875
0 0.2421875 0.19296875 0.06953125 0.1078125
0 0.35859375 0.2 0.0671875 0.10078125
0 0.41953125 0.2 0.04765625 0.09765625
0 0.47421875 0.20234375 0.05390625 0.09921875
0 0.73515625 0.475 0.03125 0.075
0 0.57109375 0.2109375 0.0375 0.0859375
0 0.62109375 0.2109375 0.04765625 0.0859375
0 0.66953125 0.2140625 0.0484375 0.08828125
0 0.71875 0.2171875 0.04140625 0.0859375
0 0.75859375 0.21875 0.0359375 0.0796875
0 0.79765625 0.22109375 0.03671875 0.0796875
0 0.83515625 0.2234375 0.0359375 0.07734375
0 0.7765625 0.34453125 0.02265625 0.0875
0 0.7484375 0.3453125 0.02734375 0.0875
0 0.52734375 0.20625 0.04609375 0.0921875
0 0.684375 0.3453125 0.02109375 0.0921875
0 0.4921875 0.63359375 0.0421875 0.090625
0 0.5765625 0.6171875 0.03671875 0.0921875
0 0.65 0.625 0.03671875 0.05234375
0 0.6921875 0.60546875 0.04140625 0.0796875
0 0.7703125 0.59296875 0.0453125 0.075
0 0.8171875 0.5890625 0.03671875 0.07734375
0 0.81640625 0.4703125 0.03203125 0.07265625
0 0.85078125 0.465625 0.02578125 0.0734375
0 0.88359375 0.5796875 0.03203125 0.071875
0 0.91875 0.57421875 0.03359375 0.0734375
0 0.95234375 0.56875 0.028125 0.06796875
0 0.984375 0.56328125 0.02890625 0.071875
0 0.94140625 0.45703125 0.0296875 0.071875
0 0.91171875 0.459375 0.02578125 0.0734375
0 0.8828125 0.4640625 0.025 0.0703125
0 0.85234375 0.5828125 0.0265625 0.071875
0 0.71796875 0.34609375 0.02890625 0.0875
0 0.44921875 0.6390625 0.03515625 0.096875
0 0.40703125 0.646875 0.04453125 0.0953125
0 0.53671875 0.62890625 0.03828125 0.0859375
0 0.3015625 0.665625 0.03671875 0.0953125
0 0.659375 0.34453125 0.02578125 0.103125
0 0.6328125 0.3453125 0.02578125 0.1015625
0 0.603125 0.33984375 0.02890625 0.1140625
0 0.57265625 0.3484375 0.028125 0.10234375
0 0.5421875 0.34375 0.02734375 0.1140625
0 0.5046875 0.4203125 0.05390625 0.32265625
0 0.44375 0.3484375 0.03828125 0.1125
0 0.4015625 0.3484375 0.04453125 0.115625
0 0.3546875 0.65625 0.05859375 0.0828125
0 0.3609375 0.365625 0.03125 0.1203125
0 0.3265625 0.3671875 0.034375 0.125
0 0.2859375 0.36875 0.0421875 0.1234375
0 0.23671875 0.38203125 0.05234375 0.1
0 0.18203125 0.384375 0.05234375 0.10078125
0 0.028125 0.68125 0.05546875 0.10859375
0 0.11484375 0.67734375 0.11328125 0.08125
0 0.20234375 0.68359375 0.0546875 0.09375
0 0.25625 0.6734375 0.04765625 0.096875