0 0.8015625 0.4703125 0.065625 0.021875
0 0.803125 0.5 0.059375 0.01796875
0 0.84453125 0.459375 0.0171875 0.02890625
0 0.8640625 0.45625 0.01953125 0.03046875
0 0.84453125 0.4921875 0.015625 0.02265625
0 0.715625 0.51328125 0.1 0.02109375
0 0.71484375 0.4828125 0.10234375 0.02109375
0 0.5265625 0.48828125 0.090625 0.0125
0 0.5296875 0.5328125 0.084375 0.0484375
0 0.6203125 0.5015625 0.0875 0.01953125
0 0.621875 0.53046875 0.0890625 0.02109375
0 0.95625 0.4515625 0.040625 0.0421875
0 0.86328125 0.4890625 0.0140625 0.02890625
0 0.96171875 0.50625 0.0296875 0.053125
0 0.86328125 0.35078125 0.071875 0.02265625
0 0.88984375 0.515625 0.03125 0.07109375
0 0.578125 0.39296875 0.09375 0.0234375
0 0.58125 0.42734375 0.08984375 0.028125
0 0.6828125 0.34140625 0.10390625 0.0234375
0 0.6828125 0.3765625 0.10234375 0.0234375
0 0.6796875 0.409375 0.0984375 0.02734375
0 0.78046875 0.36328125 0.08046875 0.01953125
0 0.92578125 0.50859375 0.0296875 0.05703125
0 0.775 0.39765625 0.078125 0.025
0 0.3296875 0.565625 0.09609375 0.059375
0 0.8546875 0.38671875 0.06953125 0.02265625
0 0.9109375 0.39140625 0.01875 0.06328125
0 0.95703125 0.35703125 0.0546875 0.015625
0 0.95625 0.3796875 0.059375 0.015625
0 0.95546875 0.403125 0.05859375 0.01796875
0 0.8640625 0.32109375 0.0796875 0.01875
0 0.4328125 0.5328125 0.09765625 0.0171875
0 0.2984375 0.6859375 0.096875 0.01953125
0 0.2171875 0.5703125 0.1125 0.0234375
0 0.6859375 0.63359375 0.08984375 0.02265625
0 0.7859375 0.57890625 0.09375 0.02109375
0 0.78359375 0.61171875 0.0890625 0.01953125
0 0.87265625 0.64375 0.03671875 0.15546875
0 0.9171875 0.6390625 0.0359375 0.1484375
0 0.953125 0.6171875 0.03125 0.11484375
0 0.08828125 0.86328125 0.12109375 0.096875
0 0.20859375 0.85625 0.11484375 0.05234375
0 0.321875 0.809375 0.09765625 0.09375
0 0.42734375 0.78125 0.096875 0.078125
0 0.5265625 0.76796875 0.0921875 0.06796875
0 0.6203125 0.7453125 0.090625 0.06640625
0 0.71171875 0.72890625 0.07421875 0.06015625
0 0.58828125 0.65234375 0.0921875 0.0140625
0 0.43203125 0.5671875 0.0953125 0.02890625
0 0.58828125 0.6265625 0.096875 0.01640625
0 0.49375 0.67578125 0.08515625 0.01796875
0 0.49375 0.65390625 0.0875 0.0171875
0 0.49375 0.61953125 0.0859375 0.02109375
0 0.40078125 0.6953125 0.096875 0.0234375
0 0.4 0.66796875 0.09453125 0.01484375
0 0.3953125 0.6390625 0.08984375 0.01796875
0 0.3 0.71796875 0.1 0.02109375
0 0.5765625 0.35625 0.09296875 0.02421875
0 0.29453125 0.6546875 0.103125 0.02265625
0 0.1859375 0.6828125 0.0984375 0.0140625
0 0.19453125 0.73203125 0.1046875 0.04453125
0 0.06953125 0.73828125 0.1296875 0.08984375
0 0.1046875 0.61953125 0.1171875 0.04296875
0 0.22265625 0.60546875 0.109375 0.0234375
0 0.58984375 0.6046875 0.0984375 0.01484375
0 0.484375 0.4453125 0.0953125 0.0296875
0 0.303125 0.3984375 0.0828125 0.0203125
0 0.48125 0.371875 0.09453125 0.0265625
0 0.83125 0.21875 0.021875 0.08515625
0 0.85625 0.21953125 0.02265625 0.08359375
0 0.8828125 0.215625 0.02109375 0.07578125
0 0.9328125 0.27109375 0.0484375 0.07734375
0 0.94375 0.1734375 0.0265625 0.05859375
0 0.984375 0.04296875 0.03125 0.07890625
0 0.925 0.065625 0.03046875 0.11875
0 0.884375 0.0765625 0.0265625 0.1234375
0 0.853125 0.06484375 0.0234375 0.121875
0 0.825 0.06640625 0.0296875 0.11953125
0 0.7953125 0.0671875 0.01953125 0.11953125
0 0.76640625 0.06640625 0.0234375 0.11328125
0 0.7328125 0.0640625 0.0328125 0.1203125
0 0.69609375 0.07265625 0.02890625 0.13828125
0 0.62578125 0.075 0.0234375 0.14453125
0 0.58671875 0.07734375 0.0203125 0.14609375
0 0.5546875 0.08125 0.03125 0.1546875
0 0.01484375 0.0921875 0.0296875 0.1671875
0 0.046875 0.090625 0.02734375 0.16640625
0 0.0828125 0.09375 0.02890625 0.17265625
0 0.11640625 0.09375 0.03125 0.16953125
0 0.1484375 0.0875 0.02734375 0.16484375
0 0.18046875 0.08828125 0.0265625 0.16875
0 0.8078125 0.2109375 0.0203125 0.10234375
0 0.2125 0.0890625 0.03359375 0.165625
0 0.33515625 0.08125 0.028125 0.1484375
0 0.36640625 0.07890625 0.028125 0.15234375
0 0.4015625 0.07734375 0.0296875 0.15
0 0.43828125 0.08046875 0.034375 0.14765625
0 0.48203125 0.08359375 0.034375 0.15234375
0 0.51953125 0.08046875 0.025 0.14609375
0 0.25625 0.09453125 0.028125 0.165625
0 0.7546875 0.2265625 0.078125 0.02421875
0 0.75625 0.25703125 0.071875 0.0203125
0 0.659375 0.22109375 0.0234375 0.11796875
0 0.10625 0.28515625 0.0328125 0.11484375
0 0.1421875 0.28203125 0.0359375 0.11171875
0 0.1765625 0.28046875 0.02734375 0.11015625
0 0.20625 0.27734375 0.025 0.11171875
0 0.196875 0.40859375 0.1171875 0.028125
0 0.1984375 0.44609375 0.11875 0.02421875
0 0.04375 0.3296875 0.08671875 0.0421875
0 0.2 0.484375 0.11875 0.0328125
0 0.6859375 0.6046875 0.0890625 0.01640625
0 0.30234375 0.43125 0.0828125 0.03046875
0 0.30625 0.471875 0.0828125 0.02890625
0 0.3890625 0.38203125 0.08125 0.025
0 0.3921875 0.421875 0.08203125 0.02734375
0 0.3921875 0.45390625 0.08125 0.02578125
0 0.296875 0.3625 0.090625 0.02109375
0 0.4828125 0.40625 0.0953125 0.02578125
0 0.040625 0.2828125 0.08125 0.0390625
0 0.2390625 0.25390625 0.03125 0.14609375
0 0.68203125 0.22109375 0.01875 0.115625
0 0.70546875 0.21640625 0.0203125 0.128125
0 0.60625 0.23828125 0.0828125 0.02421875
0 0.6078125 0.27421875 0.0796875 0.025
0 0.52265625 0.23359375 0.01640625 0.14296875
0 0.5484375 0.23125 0.02265625 0.13671875
0 0.0375 0.23984375 0.075 0.03515625
0 0.465625 0.24921875 0.02734375 0.11015625
0 0.4359375 0.240625 0.0265625 0.1328125
0 0.3859375 0.24453125 0.0203125 0.13984375
0 0.4109375 0.24453125 0.02265625 0.13828125
0 0.3265625 0.24921875 0.02734375 0.146875
0 0.35625 0.24765625 0.0296875 0.140625
0 0.27421875 0.25234375 0.0359375 0.14453125
0 0.496875 0.2578125 0.03046875 0.0984375
0 0.684375 0.58515625 0.0890625 0.01796875