0 0.0578125 0.15 0.06875 0.08984375
0 0.85546875 0.39609375 0.078125 0.08359375
0 0.2046875 0.19765625 0.0578125 0.08828125
0 0.09296875 0.7609375 0.03828125 0.05703125
0 0.0515625 0.7640625 0.040625 0.05234375
0 0.0140625 0.76640625 0.028125 0.0515625
0 0.94296875 0.684375 0.11328125 0.08046875
0 0.840625 0.70234375 0.08515625 0.0390625
0 0.840625 0.66171875 0.0859375 0.03984375
0 0.778125 0.659375 0.03515625 0.10078125
0 0.74296875 0.66015625 0.0296875 0.1
0 0.7078125 0.659375 0.034375 0.096875
0 0.66484375 0.66171875 0.0359375 0.084375
0 0.56640625 0.66796875 0.0375 0.08828125
0 0.53046875 0.6671875 0.03046875 0.0859375
0 0.496875 0.665625 0.03125 0.0859375
0 0.4609375 0.665625 0.034375 0.08671875
0 0.421875 0.66015625 0.0375 0.09765625
0 0.38203125 0.66015625 0.034375 0.09296875
0 0.34375 0.66640625 0.03984375 0.09140625
0 0.30078125 0.66640625 0.0375 0.09140625
0 0.2546875 0.6625 0.04140625 0.10078125
0 0.20859375 0.66328125 0.04375 0.10078125
0 0.1484375 0.67578125 0.06484375 0.07578125
0 0.05234375 0.6296875 0.08828125 0.071875
0 0.090625 0.490625 0.034375 0.0875
0 0.03515625 0.49296875 0.06875 0.09921875
0 0.1484375 0.5609375 0.05546875 0.0703125
0 0.1421875 0.7640625 0.05078125 0.053125
0 0.2046875 0.7578125 0.0734375 0.0625
0 0.2890625 0.75859375 0.07265625 0.0671875
0 0.3609375 0.7578125 0.06484375 0.06328125
0 0.88125 0.86796875 0.16875 0.0671875
0 0.74453125 0.86484375 0.0640625 0.0734375
0 0.6765625 0.865625 0.0671875 0.07421875
0 0.6171875 0.85 0.04921875 0.1015625
0 0.559375 0.85234375 0.05 0.103125
0 0.50859375 0.85234375 0.0453125 0.10234375
0 0.41171875 0.85078125 0.05078125 0.10078125
0 0.3609375 0.853125 0.04609375 0.1046875
0 0.31328125 0.8546875 0.04453125 0.103125
0 0.13359375 0.184375 0.07734375 0.1203125
0 0.221875 0.8625 0.0375 0.08203125
0 0.18359375 0.859375 0.0375 0.08046875
0 0.20703125 0.55859375 0.05234375 0.0734375
0 0.15078125 0.83984375 0.02265625 0.06953125
0 0.03828125 0.86875 0.05234375 0.0828125
0 0.95234375 0.77890625 0.09453125 0.078125
0 0.86015625 0.796875 0.0859375 0.0484375
0 0.790625 0.75234375 0.03515625 0.05703125
0 0.75546875 0.7546875 0.02890625 0.05078125
0 0.721875 0.75625 0.03046875 0.0515625
0 0.68984375 0.75703125 0.02890625 0.053125
0 0.6390625 0.7578125 0.0671875 0.06328125
0 0.57578125 0.76015625 0.04921875 0.0625
0 0.509375 0.7546875 0.0640625 0.059375
0 0.43359375 0.76953125 0.075 0.03515625
0 0.434375 0.73671875 0.0765625 0.0296875
0 0.1046875 0.84765625 0.04765625 0.08125
0 0.26171875 0.5515625 0.03984375 0.06796875
0 0.265625 0.85546875 0.04375 0.1015625
0 0.3609375 0.5453125 0.05 0.08984375
0 0.621875 0.31953125 0.04453125 0.08515625
0 0.5703125 0.32734375 0.0484375 0.059375
0 0.52265625 0.328125 0.04140625 0.059375
0 0.4765625 0.321875 0.03984375 0.0703125
0 0.4359375 0.32421875 0.034375 0.0671875
0 0.3984375 0.32578125 0.03671875 0.06796875
0 0.35546875 0.3265625 0.03984375 0.06640625
0 0.31640625 0.33046875 0.03359375 0.059375
0 0.275 0.328125 0.03828125 0.06171875
0 0.21328125 0.30390625 0.07734375 0.11015625
0 0.13828125 0.3203125 0.06484375 0.075
0 0.0140625 0.28203125 0.028125 0.0703125
0 0.6765625 0.31953125 0.04921875 0.08984375
0 0.06328125 0.26328125 0.0609375 0.11328125
0 0.8625 0.2203125 0.08828125 0.05078125
0 0.76171875 0.21875 0.11015625 0.05859375
0 0.65625 0.1140625 0.04140625 0.04375
0 0.66015625 0.1609375 0.046875 0.0484375
0 0.66796875 0.21796875 0.05234375 0.0625
0 0.6140625 0.2171875 0.05078125 0.06015625
0 0.53671875 0.21484375 0.05234375 0.0640625
0 0.42734375 0.21484375 0.046875 0.0609375
0 0.37578125 0.20625 0.05234375 0.07578125
0 0.32109375 0.20390625 0.05234375 0.07578125
0 0.26328125 0.19765625 0.0578125 0.08828125
0 0.3078125 0.5578125 0.05 0.06953125
0 0.953125 0.221875 0.0875 0.05390625
0 0.7296875 0.32109375 0.053125 0.08515625
0 0.48125 0.2140625 0.0546875 0.059375
0 0.94296875 0.3140625 0.1140625 0.07734375
0 0.403125 0.53515625 0.02890625 0.0671875
0 0.78515625 0.3203125 0.0515625 0.0859375
0 0.4359375 0.53359375 0.034375 0.06328125
0 0.5296875 0.553125 0.04609375 0.075
0 0.58203125 0.55703125 0.05 0.07890625
0 0.63515625 0.5578125 0.05 0.078125
0 0.6953125 0.54921875 0.06328125 0.09140625
0 0.76328125 0.54765625 0.06484375 0.090625
0 0.94453125 0.59765625 0.1109375 0.0796875
0 0.84609375 0.61328125 0.0828125 0.05
0 0.94765625 0.49296875 0.0796875 0.08359375
0 0.84921875 0.47421875 0.0828125 0.04453125
0 0.86015625 0.52109375 0.090625 0.0453125
0 0.47890625 0.55390625 0.05078125 0.07421875
0 0.715625 0.44609375 0.05625 0.0890625
0 0.77421875 0.446875 0.0515625 0.08828125
0 0.2234375 0.45234375 0.0515625 0.06875
0 0.33515625 0.453125 0.0515625 0.06796875
0 0.9453125 0.3953125 0.09765625 0.0796875
0 0.38671875 0.45390625 0.04375 0.07109375
0 0.27734375 0.45546875 0.05234375 0.07109375
0 0.490625 0.45390625 0.05 0.0734375
0 0.5453125 0.446875 0.05078125 0.08515625
0 0.60234375 0.44765625 0.05390625 0.0859375
0 0.66015625 0.44765625 0.0515625 0.08984375
0 0.4375 0.45390625 0.0515625 0.07109375
0 0.15 0.4359375 0.08046875 0.109375