0 0.05859375 0.6421875 0.03359375 0.0859375
0 0.1015625 0.6453125 0.0390625 0.078125
0 0.53984375 0.54609375 0.05 0.0796875
0 0.95078125 0.18515625 0.0484375 0.096875
0 0.89921875 0.18671875 0.0515625 0.1015625
0 0.84609375 0.1875 0.04375 0.09765625
0 0.80625 0.184375 0.03671875 0.09921875
0 0.703125 0.19921875 0.0515625 0.10546875
0 0.64140625 0.1984375 0.053125 0.0984375
0 0.57890625 0.19765625 0.06328125 0.09765625
0 0.51953125 0.1984375 0.0484375 0.09921875
0 0.4640625 0.19140625 0.059375 0.10859375
0 0.40234375 0.19296875 0.0515625 0.10390625
0 0.34296875 0.1953125 0.05234375 0.1046875
0 0.221875 0.834375 0.03359375 0.0671875
0 0.18203125 0.83203125 0.03671875 0.06015625
0 0.14453125 0.82890625 0.0296875 0.0609375
0 0.10625 0.82734375 0.0296875 0.05703125
0 0.06953125 0.825 0.0375 0.06328125
0 0.490625 0.5484375 0.03671875 0.08515625
0 0.4171875 0.85625 0.0421875 0.078125
0 0.5875 0.5484375 0.04296875 0.08671875
0 0.6328125 0.55078125 0.0453125 0.08125
0 0.67890625 0.55546875 0.040625 0.08828125
0 0.3328125 0.64375 0.04375 0.08203125
0 0.37890625 0.64296875 0.0421875 0.08828125
0 0.42734375 0.64609375 0.04140625 0.08359375
0 0.475 0.6484375 0.0453125 0.08359375
0 0.36953125 0.85390625 0.0515625 0.071875
0 0.0109375 0.55 0.021875 0.0625
0 0.04140625 0.5546875 0.03359375 0.0640625
0 0.08125 0.5546875 0.025 0.0625
0 0.33515625 0.31796875 0.05859375 0.10546875
0 0.12109375 0.55546875 0.03671875 0.06796875
0 0.3953125 0.31640625 0.0453125 0.1015625
0 0.5734375 0.3171875 0.0546875 0.1015625
0 0.50625 0.86328125 0.04609375 0.07109375
0 0.8203125 0.8796875 0.04765625 0.05859375
0 0.02421875 0.82421875 0.0390625 0.06484375
0 0.2109375 0.74765625 0.03984375 0.08125
0 0.17109375 0.746875 0.0390625 0.084375
0 0.13125 0.74296875 0.03671875 0.08515625
0 0.0953125 0.7390625 0.03125 0.08359375
0 0.05703125 0.73828125 0.03671875 0.08125
0 0.01796875 0.73828125 0.0328125 0.08203125
0 0.21640625 0.65 0.03515625 0.08828125
0 0.17578125 0.646875 0.0390625 0.08046875
0 0.028125 0.18515625 0.034375 0.1140625
0 0.07109375 0.1828125 0.046875 0.11796875
0 0.1171875 0.18515625 0.0328125 0.11640625
0 0.15859375 0.184375 0.0390625 0.115625
0 0.20234375 0.18359375 0.04375 0.12265625
0 0.034375 0.31796875 0.03828125 0.11171875
0 0.0796875 0.31953125 0.03671875 0.109375
0 0.11875 0.31875 0.0328125 0.11015625
0 0.165625 0.3171875 0.04375 0.115625
0 0.0125 0.4328125 0.025 0.084375
0 0.046875 0.4375 0.03203125 0.08515625
0 0.0859375 0.43515625 0.03203125 0.08828125
0 0.12578125 0.440625 0.03046875 0.08203125
0 0.16640625 0.4390625 0.04140625 0.0859375
0 0.2125 0.440625 0.0375 0.084375
0 0.45859375 0.315625 0.0640625 0.10703125
0 0.40859375 0.53984375 0.04609375 0.0875
0 0.51953125 0.31484375 0.04375 0.1046875
0 0.46171875 0.86015625 0.04296875 0.0703125
0 0.1625 0.5578125 0.03359375 0.0671875
0 0.2046875 0.559375 0.03984375 0.06875
0 0.021875 0.640625 0.0375 0.08359375
0 0.4453125 0.434375 0.059375 0.0921875
0 0.50859375 0.42578125 0.05078125 0.0890625
0 0.56484375 0.42734375 0.05546875 0.096875
0 0.621875 0.4359375 0.053125 0.09765625
0 0.67734375 0.43984375 0.05546875 0.09765625
0 0.32421875 0.5390625 0.04921875 0.08671875
0 0.45 0.54140625 0.034375 0.0890625
0 0.88203125 0.45234375 0.0546875 0.11328125
0 0.93828125 0.4546875 0.0546875 0.1125
0 0.984375 0.45390625 0.03046875 0.12265625
0 0.775 0.57109375 0.0453125 0.09453125
0 0.82890625 0.57578125 0.05625 0.10234375
0 0.89375 0.5765625 0.06640625 0.09375
0 0.95078125 0.571875 0.0453125 0.090625
0 0.9875 0.58359375 0.02421875 0.0828125
0 0.7609375 0.68125 0.0390625 0.096875
0 0.80546875 0.68125 0.0421875 0.09453125
0 0.85390625 0.68203125 0.046875 0.0921875
0 0.89765625 0.68671875 0.03046875 0.10234375
0 0.93984375 0.6875 0.05390625 0.09921875
0 0.98359375 0.6890625 0.02890625 0.10625
0 0.74296875 0.78515625 0.0296875 0.08984375
0 0.7828125 0.78984375 0.04296875 0.08515625
0 0.82734375 0.79140625 0.04609375 0.08671875
0 0.8734375 0.7953125 0.046875 0.08359375
0 0.91796875 0.7953125 0.0375 0.090625
0 0.959375 0.7984375 0.0421875 0.08828125
0 0.73515625 0.878125 0.03515625 0.06953125
0 0.77265625 0.87265625 0.03125 0.0640625
0 0.390625 0.43046875 0.05 0.09296875
0 0.334375 0.428125 0.0546875 0.09765625
0 0.69296875 0.32109375 0.053125 0.10390625
0 0.634375 0.3171875 0.05546875 0.10234375
0 0.871875 0.88203125 0.04921875 0.05859375
0 0.921875 0.8890625 0.0453125 0.05859375
0 0.9828125 0.88984375 0.0328125 0.078125
0 0.3203125 0.85390625 0.04765625 0.07421875
0 0.66015625 0.7640625 0.0453125 0.08671875
0 0.61015625 0.7578125 0.0484375 0.0953125
0 0.5625 0.75625 0.04609375 0.08828125
0 0.515625 0.74609375 0.03984375 0.084375
0 0.471875 0.75390625 0.04453125 0.08671875
0 0.42421875 0.75078125 0.046875 0.0859375
0 0.37890625 0.7484375 0.0421875 0.08671875
0 0.33046875 0.74296875 0.0515625 0.0921875
0 0.66640625 0.66015625 0.04609375 0.08984375
0 0.61796875 0.65859375 0.046875 0.08203125
0 0.55546875 0.8625 0.05 0.0703125
0 0.56875 0.653125 0.0453125 0.0875
0 0.653125 0.87109375 0.04921875 0.065625
0 0.79296875 0.31796875 0.03828125 0.109375
0 0.834375 0.32109375 0.0421875 0.10625
0 0.875 0.3046875 0.02890625 0.09921875
0 0.90546875 0.30625 0.02890625 0.1015625
0 0.95703125 0.3046875 0.05390625 0.1125
0 0.77578125 0.44921875 0.03828125 0.11953125
0 0.8265625 0.44921875 0.053125 0.11796875
0 0.52265625 0.6515625 0.0453125 0.08671875
0 0.60390625 0.86796875 0.0421875 0.06484375