0 0.7828125 0.7515625 0.090625 0.0515625
0 0.32578125 0.671875 0.07109375 0.0296875
0 0.69609375 0.74453125 0.084375 0.0546875
0 0.59296875 0.6890625 0.11484375 0.03671875
0 0.59609375 0.725 0.10703125 0.034375
0 0.48984375 0.66796875 0.09296875 0.0359375
0 0.48828125 0.70625 0.09609375 0.0359375
0 0.4015625 0.68671875 0.0765625 0.034375
0 0.4 0.6515625 0.08671875 0.0296875
0 0.6921875 0.7 0.0859375 0.03125
0 0.3234375 0.6390625 0.07109375 0.03046875
0 0.86640625 0.7796875 0.07265625 0.053125
0 0.42890625 0.840625 0.05390625 0.0359375
0 0.2734375 0.75625 0.03515625 0.0953125
0 0.303125 0.7703125 0.02578125 0.08984375
0 0.3375 0.7984375 0.0296875 0.0609375
0 0.3328125 0.7359375 0.0328125 0.06328125
0 0.378125 0.809375 0.0375 0.0609375
0 0.371875 0.74453125 0.04296875 0.0609375
0 0.828125 0.61875 0.08984375 0.04140625
0 0.92578125 0.628125 0.09609375 0.0421875
0 0.734375 0.4234375 0.0890625 0.04453125
0 0.7359375 0.37890625 0.08671875 0.04375
0 0.91484375 0.3296875 0.1609375 0.05859375
0 0.90703125 0.40859375 0.16171875 0.059375
0 0.9453125 0.803125 0.08984375 0.0609375
0 0.928125 0.67578125 0.1046875 0.0546875
0 0.3671875 0.56328125 0.05078125 0.0328125
0 0.73984375 0.60625 0.08203125 0.0375
0 0.28125 0.5546875 0.0421875 0.0296875
0 0.2828125 0.584375 0.0359375 0.0296875
0 0.928125 0.4921875 0.1109375 0.04453125
0 0.92578125 0.54375 0.10546875 0.0515625
0 0.82734375 0.490625 0.096875 0.0546875
0 0.73671875 0.5328125 0.08359375 0.0421875
0 0.65390625 0.48125 0.07421875 0.04375
0 0.65390625 0.5265625 0.07421875 0.04375
0 0.5828125 0.478125 0.07265625 0.0375
0 0.58125 0.52109375 0.0703125 0.0421875
0 0.51640625 0.4765625 0.0609375 0.0375
0 0.51796875 0.51640625 0.05625 0.0390625
0 0.45625 0.47578125 0.05703125 0.0421875
0 0.46171875 0.5140625 0.05859375 0.034375
0 0.4015625 0.4734375 0.0546875 0.040625
0 0.40625 0.51171875 0.0515625 0.0359375
0 0.3515625 0.4703125 0.0453125 0.03828125
0 0.3578125 0.50546875 0.04921875 0.03046875
0 0.32265625 0.5890625 0.04765625 0.03203125
0 0.39453125 0.38671875 0.05390625 0.034375
0 0.3953125 0.42421875 0.0515625 0.03515625
0 0.74375 0.64921875 0.08046875 0.04375
0 0.59765625 0.5875 0.071875 0.0421875
0 0.59921875 0.62890625 0.06328125 0.040625
0 0.66640625 0.584375 0.06484375 0.0453125
0 0.66640625 0.6359375 0.07265625 0.0546875
0 0.53046875 0.6078125 0.05859375 0.0578125
0 0.47578125 0.571875 0.053125 0.040625
0 0.471875 0.609375 0.053125 0.0328125
0 0.83046875 0.6625 0.08671875 0.0453125
0 0.42109375 0.56328125 0.05078125 0.0328125
0 0.37265625 0.59453125 0.04765625 0.03125
0 0.3234375 0.55625 0.040625 0.0265625
0 0.63515625 0.30546875 0.04375 0.06875
0 0.6765625 0.3015625 0.04140625 0.07109375
0 0.72421875 0.29609375 0.05078125 0.07265625
0 0.7734375 0.2953125 0.05078125 0.0765625
0 0.9234375 0.259375 0.15234375 0.06328125
0 0.353125 0.409375 0.03125 0.0578125
0 0.41953125 0.6015625 0.0515625 0.0375
0 0.82734375 0.5421875 0.09296875 0.0453125
0 0.7375 0.4859375 0.0859375 0.046875
0 0.4515625 0.38515625 0.05703125 0.0390625
0 0.87109375 0.04453125 0.06171875 0.075
0 0.3484375 0.2359375 0.03046875 0.059375
0 0.38359375 0.23046875 0.03984375 0.0640625
0 0.42734375 0.2265625 0.04140625 0.0671875
0 0.46328125 0.2203125 0.0359375 0.0640625
0 0.5078125 0.2140625 0.04765625 0.0640625
0 0.3546875 0.32421875 0.04296875 0.0578125
0 0.3984375 0.321875 0.0359375 0.0578125
0 0.43515625 0.31875 0.0359375 0.0609375
0 0.47421875 0.3171875 0.04140625 0.0640625
0 0.51484375 0.31171875 0.03984375 0.0625
0 0.5546875 0.20703125 0.0421875 0.06875
0 0.59296875 0.19765625 0.03359375 0.06875
0 0.63671875 0.190625 0.04765625 0.071875
0 0.6890625 0.1859375 0.053125 0.07421875
0 0.7453125 0.178125 0.05390625 0.075
0 0.8 0.16796875 0.05625 0.0703125
0 0.80234375 0.059375 0.06171875 0.0734375
0 0.92421875 0.19375 0.1515625 0.065625
0 0.65234375 0.38125 0.078125 0.0390625
0 0.63515625 0.07578125 0.053125 0.103125
0 0.5 0.7609375 0.09296875 0.0390625
0 0.5953125 0.86953125 0.08984375 0.0703125
0 0.59296875 0.815625 0.08828125 0.03125
0 0.6921875 0.90078125 0.10390625 0.0765625
0 0.69609375 0.82109375 0.10546875 0.084375
0 0.79609375 0.94453125 0.09921875 0.0796875
0 0.8 0.86640625 0.09921875 0.071875
0 0.92109375 0.96875 0.14375 0.0515625
0 0.915625 0.90703125 0.13359375 0.065625
0 0.5 0.7953125 0.08828125 0.0296875
0 0.50234375 0.84765625 0.0890625 0.071875
0 0.42421875 0.790625 0.05703125 0.0578125
0 0.3953125 0.13046875 0.04296875 0.0890625
0 0.43671875 0.1203125 0.03828125 0.09140625
0 0.47890625 0.1109375 0.0421875 0.0953125
0 0.5265625 0.1 0.0515625 0.09921875
0 0.58046875 0.08515625 0.05546875 0.1015625
0 0.69140625 0.084375 0.053125 0.06875
0 0.5734375 0.30546875 0.07578125 0.06875
0 0.74609375 0.07265625 0.0515625 0.071875
0 0.44921875 0.425 0.05546875 0.0328125
0 0.50859375 0.4234375 0.06171875 0.03828125
0 0.509375 0.3828125 0.059375 0.03984375
0 0.575 0.4234375 0.07109375 0.0375
0 0.575 0.38359375 0.07265625 0.0390625
0 0.6484375 0.4234375 0.07890625 0.04375