0 0.12578125 0.559375 0.10234375 0.08046875
0 0.0328125 0.578125 0.065625 0.12890625
0 0.95625 0.38203125 0.05234375 0.03671875
0 0.8984375 0.38828125 0.05390625 0.0359375
0 0.96796875 0.4390625 0.0546875 0.06875
0 0.9109375 0.44921875 0.05390625 0.06953125
0 0.840625 0.45078125 0.08125 0.084375
0 0.771875 0.44296875 0.0390625 0.10078125
0 0.61796875 0.45234375 0.05 0.084375
0 0.671875 0.45703125 0.05234375 0.07421875
0 0.56171875 0.4484375 0.04765625 0.08203125
0 0.51015625 0.453125 0.05 0.0890625
0 0.4640625 0.06015625 0.04765625 0.08828125
0 0.4609375 0.4515625 0.0453125 0.08046875
0 0.41796875 0.06484375 0.040625 0.07890625
0 0.72578125 0.4484375 0.0484375 0.0921875
0 0.40078125 0.47421875 0.06171875 0.05390625
0 0.8546875 0.6546875 0.03984375 0.05546875
0 0.33828125 0.559375 0.05625 0.07734375
0 0.515625 0.05234375 0.046875 0.0890625
0 0.740625 0.646875 0.0234375 0.04765625
0 0.7734375 0.65390625 0.03671875 0.0546875
0 0.8140625 0.65390625 0.040625 0.0578125
0 0.91328125 0.61796875 0.04765625 0.09765625
0 0.865625 0.5578125 0.040625 0.05703125
0 0.82421875 0.56171875 0.03125 0.05859375
0 0.78515625 0.55859375 0.03828125 0.05625
0 0.74609375 0.56015625 0.03671875 0.05546875
0 0.70703125 0.56328125 0.03515625 0.05625
0 0.6515625 0.55390625 0.06484375 0.06875
0 0.58828125 0.55546875 0.06015625 0.07421875
0 0.52421875 0.55546875 0.0640625 0.0734375
0 0.4609375 0.5578125 0.05859375 0.07265625
0 0.39765625 0.55546875 0.05859375 0.0703125
0 0.2796875 0.5546875 0.0546875 0.0734375
0 0.565625 0.0578125 0.04609375 0.084375
0 0.2640625 0.33984375 0.046875 0.078125
0 0.66796875 0.0515625 0.0484375 0.0875
0 0.7703125 0.19375 0.0453125 0.07890625
0 0.82890625 0.19140625 0.05 0.08984375
0 0.87734375 0.1875 0.04140625 0.08359375
0 0.92578125 0.16484375 0.02890625 0.0796875
0 0.9671875 0.16328125 0.0421875 0.0765625
0 0.103125 0.34140625 0.04375 0.08125
0 0.153125 0.34375 0.04921875 0.07578125
0 0.21328125 0.33984375 0.053125 0.078125
0 0.7125 0.65 0.028125 0.0453125
0 0.309375 0.3375 0.04140625 0.0765625
0 0.3609375 0.3375 0.0546875 0.071875
0 0.415625 0.3359375 0.0484375 0.0734375
0 0.4671875 0.3328125 0.04765625 0.07890625
0 0.525 0.33125 0.04921875 0.075
0 0.57890625 0.33203125 0.053125 0.07890625
0 0.7234375 0.196875 0.04375 0.07890625
0 0.675 0.2 0.04375 0.07734375
0 0.628125 0.20078125 0.0453125 0.075
0 0.584375 0.20078125 0.0375 0.07890625
0 0.715625 0.05234375 0.0390625 0.08203125
0 0.76953125 0.01953125 0.0515625 0.0390625
0 0.76640625 0.06640625 0.05625 0.05
0 0.8234375 0.06328125 0.04765625 0.053125
0 0.875 0.06171875 0.04921875 0.059375
0 0.93359375 0.0421875 0.05625 0.08203125
0 0.98671875 0.0421875 0.02578125 0.08203125
0 0.61484375 0.05546875 0.04921875 0.0875
0 0.1046875 0.20859375 0.078125 0.09140625
0 0.24375 0.2015625 0.053125 0.0921875
0 0.30234375 0.20625 0.04609375 0.08046875
0 0.34921875 0.20546875 0.046875 0.07890625
0 0.39765625 0.2046875 0.05 0.07890625
0 0.446875 0.2046875 0.04609375 0.0796875
0 0.49296875 0.203125 0.04375 0.07578125
0 0.5390625 0.203125 0.04765625 0.0765625
0 0.18671875 0.20859375 0.0578125 0.08671875
0 0.6875 0.65546875 0.0171875 0.0453125
0 0.21171875 0.5578125 0.06171875 0.0765625
0 0.63671875 0.65390625 0.01875 0.04609375
0 0.58671875 0.80546875 0.04140625 0.1109375
0 0.62265625 0.80078125 0.02890625 0.1140625
0 0.66328125 0.8015625 0.0484375 0.12578125
0 0.71328125 0.8 0.04140625 0.13046875
0 0.74453125 0.775 0.021875 0.09765625
0 0.6671875 0.66015625 0.025 0.04453125
0 0.77890625 0.8015625 0.04375 0.12421875
0 0.83203125 0.803125 0.0578125 0.115625
0 0.88671875 0.77578125 0.04765625 0.1375
0 0.93984375 0.76875 0.0546875 0.13828125
0 0.98515625 0.77109375 0.02890625 0.13359375
0 0.3703125 0.0671875 0.04609375 0.08203125
0 0.309375 0.05390625 0.065625 0.10625
0 0.5484375 0.77109375 0.03203125 0.1046875
0 0.24296875 0.05390625 0.06015625 0.10390625
0 0.13046875 0.0546875 0.05234375 0.10625
0 0.071875 0.05546875 0.0578125 0.10859375
0 0.7375 0.328125 0.05625 0.08046875
0 0.796875 0.32734375 0.05546875 0.07734375
0 0.85546875 0.328125 0.053125 0.08203125
0 0.92578125 0.29140625 0.071875 0.07421875
0 0.98203125 0.2765625 0.0359375 0.090625
0 0.02734375 0.43984375 0.0546875 0.14140625
0 0.1140625 0.4609375 0.06875 0.07890625
0 0.1859375 0.459375 0.0671875 0.0796875
0 0.26328125 0.4609375 0.0703125 0.0796875
0 0.33359375 0.46953125 0.05625 0.0625
0 0.6796875 0.33046875 0.046875 0.07578125
0 0.18515625 0.05390625 0.05 0.10390625
0 0.51015625 0.79453125 0.03671875 0.1109375
0 0.63046875 0.33125 0.04375 0.08359375
0 0.43671875 0.81640625 0.03828125 0.08828125
0 0.47421875 0.79609375 0.03359375 0.11640625
0 0.18203125 0.8078125 0.0359375 0.1109375
0 0.1421875 0.80859375 0.03984375 0.1109375
0 0.103125 0.81484375 0.0375 0.10625
0 0.04765625 0.7046875 0.0953125 0.1109375
0 0.12734375 0.65546875 0.025 0.05234375
0 0.1515625 0.66171875 0.01484375 0.0375
0 0.2078125 0.64921875 0.025 0.0421875
0 0.23359375 0.6515625 0.0234375 0.03984375
0 0.25625 0.6484375 0.0171875 0.03984375
0 0.2796875 0.6625 0.02109375 0.03984375
0 0.30546875 0.65859375 0.0203125 0.0421875
0 0.33125 0.6625 0.02421875 0.04296875
0 0.3578125 0.6515625 0.01953125 0.04609375
0 0.17890625 0.65546875 0.025 0.03984375
0 0.40703125 0.65078125 0.01953125 0.04453125
0 0.353125 0.80078125 0.03359375 0.11953125
0 0.38515625 0.65 0.02109375 0.05390625
0 0.32109375 0.79609375 0.03046875 0.1015625
0 0.284375 0.8109375 0.03671875 0.1109375
0 0.25078125 0.79921875 0.02734375 0.10546875
0 0.21875 0.80625 0.03359375 0.10859375
0 0.6109375 0.65859375 0.02421875 0.0453125
0 0.57890625 0.6515625 0.02109375 0.04375
0 0.55546875 0.6515625 0.0203125 0.0453125
0 0.5203125 0.665625 0.02578125 0.0515625
0 0.45859375 0.6625 0.02109375 0.04765625
0 0.43125 0.65859375 0.02421875 0.05546875
0 0.48984375 0.653125 0.03203125 0.06953125
0 0.39296875 0.82265625 0.0421875 0.0765625