0 0.8734375 0.57109375 0.0453125 0.10625
0 0.8171875 0.56328125 0.05234375 0.11484375
0 0.75 0.5625 0.0609375 0.115625
0 0.69296875 0.56328125 0.03984375 0.1015625
0 0.6484375 0.56484375 0.03828125 0.1
0 0.6046875 0.56328125 0.03984375 0.1015625
0 0.5109375 0.55859375 0.0375 0.0953125
0 0.2171875 0.26875 0.03125 0.0671875
0 0.465625 0.55703125 0.03984375 0.1
0 0.41875 0.5515625 0.0390625 0.10390625
0 0.371875 0.546875 0.04609375 0.10859375
0 0.315625 0.54375 0.04296875 0.109375
0 0.559375 0.5578125 0.04140625 0.10546875
0 0.92265625 0.57421875 0.04453125 0.10546875
0 0.646875 0.7015625 0.0375 0.103125
0 0.69375 0.7046875 0.03515625 0.1046875
0 0.60390625 0.7 0.03828125 0.1046875
0 0.5609375 0.70859375 0.034375 0.0796875
0 0.52421875 0.70703125 0.028125 0.0828125
0 0.48359375 0.6953125 0.0375 0.1015625
0 0.43984375 0.69375 0.03828125 0.103125
0 0.39140625 0.68984375 0.040625 0.103125
0 0.2859375 0.68515625 0.0484375 0.1078125
0 0.2296875 0.67578125 0.05 0.109375
0 0.16875 0.671875 0.04453125 0.0390625
0 0.11015625 0.68046875 0.04140625 0.09375
0 0.26171875 0.540625 0.046875 0.11171875
0 0.059375 0.6796875 0.0453125 0.0921875
0 0.01328125 0.6703125 0.02578125 0.10859375
0 0.98671875 0.5796875 0.0265625 0.10078125
0 0.34140625 0.690625 0.03984375 0.1
0 0.06796875 0.3828125 0.046875 0.096875
0 0.1453125 0.5453125 0.04140625 0.096875
0 0.04765625 0.09375 0.04453125 0.09375
0 0.6703125 0.29296875 0.03359375 0.065625
0 0.70859375 0.2828125 0.0359375 0.09296875
0 0.7546875 0.290625 0.04140625 0.07890625
0 0.803125 0.278125 0.03984375 0.109375
0 0.85234375 0.28125 0.04453125 0.10625
0 0.90234375 0.2828125 0.03984375 0.10625
0 0.94921875 0.28515625 0.03828125 0.1
0 0.9796875 0.425 0.03359375 0.0984375
0 0.93203125 0.421875 0.04375 0.1
0 0.88515625 0.41796875 0.040625 0.10625
0 0.82890625 0.41328125 0.05859375 0.11171875
0 0.7625 0.41015625 0.05390625 0.11015625
0 0.70546875 0.4109375 0.03984375 0.1
0 0.1984375 0.54609375 0.0453125 0.09453125
0 0.65625 0.40859375 0.03984375 0.1046875
0 0.56015625 0.40390625 0.0328125 0.103125
0 0.01875 0.37578125 0.0375 0.1078125
0 0.17109375 0.71171875 0.0484375 0.03515625
0 0.125 0.3875 0.04609375 0.09609375
0 0.1875 0.41640625 0.04609375 0.0421875
0 0.24140625 0.38828125 0.03828125 0.1078125
0 0.2828125 0.390625 0.0421875 0.1078125
0 0.33203125 0.3953125 0.0375 0.1046875
0 0.37890625 0.396875 0.03515625 0.1
0 0.4234375 0.39765625 0.040625 0.1046875
0 0.4703125 0.4015625 0.04140625 0.1015625
0 0.5171875 0.4046875 0.0390625 0.1015625
0 0.028125 0.53203125 0.05234375 0.109375
0 0.08984375 0.54140625 0.0453125 0.09375
0 0.603125 0.409375 0.03984375 0.10390625
0 0.740625 0.7046875 0.04609375 0.10546875
0 0.92890625 0.715625 0.04140625 0.10625
0 0.8390625 0.7109375 0.03515625 0.0984375
0 0.13671875 0.115625 0.03046875 0.0640625
0 0.184375 0.1015625 0.04921875 0.0953125
0 0.2359375 0.1046875 0.04375 0.1
0 0.27890625 0.115625 0.03046875 0.0875
0 0.3125 0.1046875 0.0296875 0.1078125
0 0.34375 0.1046875 0.02578125 0.1078125
0 0.37578125 0.10703125 0.03125 0.10390625
0 0.4109375 0.1140625 0.03203125 0.0921875
0 0.45859375 0.11796875 0.03828125 0.0875
0 0.4953125 0.11015625 0.02734375 0.11484375
0 0.96171875 0.86640625 0.03359375 0.1046875
0 0.26796875 0.2484375 0.053125 0.11484375
0 0.328125 0.2546875 0.05234375 0.1109375
0 0.51796875 0.28515625 0.03828125 0.071875
0 0.559375 0.28671875 0.0375 0.071875
0 0.09453125 0.11015625 0.03984375 0.0703125
0 0.79375 0.7078125 0.04609375 0.10703125
0 0.4765625 0.28125 0.03828125 0.0734375
0 0.38046875 0.259375 0.04453125 0.1125
0 0.1671875 0.2515625 0.05 0.096875
0 0.1140625 0.2484375 0.0453125 0.09453125
0 0.05546875 0.240625 0.04765625 0.10859375
0 0.96953125 0.1359375 0.04609375 0.10546875
0 0.91875 0.13359375 0.04453125 0.103125
0 0.87109375 0.13125 0.04140625 0.103125
0 0.81953125 0.128125 0.03984375 0.10390625
0 0.7796875 0.1203125 0.03203125 0.1203125
0 0.7453125 0.12109375 0.02578125 0.1125
0 0.709375 0.11796875 0.03125 0.11875
0 0.66875 0.11484375 0.03046875 0.121875
0 0.6328125 0.11328125 0.03515625 0.12109375
0 0.60234375 0.11328125 0.02109375 0.11640625
0 0.571875 0.1078125 0.03046875 0.11796875
0 0.53046875 0.1125 0.03515625 0.1125
0 0.42890625 0.2609375 0.03984375 0.1078125
0 0.634375 0.2921875 0.03125 0.0671875
0 0.596875 0.29296875 0.03046875 0.0640625
0 0.69375 0.8546875 0.04453125 0.10390625
0 0.45859375 0.84609375 0.03515625 0.1
0 0.41171875 0.8421875 0.040625 0.1078125
0 0.36171875 0.8359375 0.04609375 0.1109375
0 0.309375 0.83203125 0.05 0.11484375
0 0.25 0.8296875 0.05546875 0.11484375
0 0.18203125 0.834375 0.05078125 0.103125
0 0.12578125 0.83125 0.04375 0.096875
0 0.06875 0.82890625 0.0421875 0.09921875
0 0.59765625 0.8515625 0.04140625 0.1078125
0 0.64375 0.8515625 0.04140625 0.10546875
0 0.5046875 0.8453125 0.03828125 0.1078125
0 0.55390625 0.846875 0.03984375 0.1046875
0 0.79765625 0.85625 0.04140625 0.11015625
0 0.84296875 0.859375 0.03671875 0.10234375
0 0.884375 0.86171875 0.03828125 0.10625
0 0.92265625 0.86171875 0.028125 0.1046875
0 0.021875 0.828125 0.04375 0.10546875
0 0.97421875 0.7140625 0.04609375 0.1046875
0 0.87890625 0.71640625 0.03828125 0.1015625
0 0.74609375 0.85234375 0.04296875 0.1109375