0 0.61796875 0.790625 0.025 0.0515625
0 0.92578125 0.62421875 0.01875 0.0421875
0 0.56796875 0.53828125 0.03828125 0.0640625
0 0.946875 0.61796875 0.01875 0.04296875
0 0.96640625 0.6125 0.01796875 0.04375
0 0.98828125 0.6078125 0.01953125 0.04296875
0 0.115625 0.93828125 0.08671875 0.04375
0 0.175 0.89921875 0.0828125 0.028125
0 0.87734375 0.6375 0.02109375 0.046875
0 0.85390625 0.6421875 0.025 0.04765625
0 0.2609375 0.91171875 0.0578125 0.0671875
0 0.31875 0.896875 0.053125 0.084375
0 0.36796875 0.8796875 0.04296875 0.065625
0 0.41484375 0.8625 0.046875 0.059375
0 0.52578125 0.54296875 0.04140625 0.065625
0 0.48203125 0.553125 0.040625 0.065625
0 0.50078125 0.83671875 0.04296875 0.06640625
0 0.5421875 0.81953125 0.0328125 0.0578125
0 0.58203125 0.80078125 0.03671875 0.0484375
0 0.4390625 0.559375 0.04296875 0.0640625
0 0.3921875 0.56640625 0.04453125 0.06875
0 0.34375 0.5734375 0.05078125 0.06875
0 0.28828125 0.58125 0.05078125 0.07890625
0 0.2328125 0.5890625 0.05625 0.07890625
0 0.11328125 0.1984375 0.07578125 0.06328125
0 0.90234375 0.63046875 0.021875 0.0453125
0 0.60546875 0.53046875 0.03125 0.06328125
0 0.4609375 0.846875 0.0359375 0.0765625
0 0.9734375 0.4015625 0.02265625 0.0515625
0 0.0328125 0.19609375 0.06484375 0.07109375
0 0.92421875 0.40546875 0.02265625 0.0515625
0 0.103125 0.30625 0.08828125 0.05625
0 0.0265625 0.30390625 0.053125 0.0640625
0 0.953125 0.24921875 0.0203125 0.0578125
0 0.92890625 0.25078125 0.02578125 0.05625
0 0.90234375 0.25 0.02109375 0.0625
0 0.8765625 0.2453125 0.025 0.0609375
0 0.840625 0.246875 0.02734375 0.06171875
0 0.809375 0.2453125 0.034375 0.0671875
0 0.77265625 0.24453125 0.028125 0.0640625
0 0.73828125 0.246875 0.03671875 0.0671875
0 0.7 0.24453125 0.03671875 0.06640625
0 0.65859375 0.2453125 0.0265625 0.06640625
0 0.62578125 0.24453125 0.03984375 0.0734375
0 0.640625 0.12421875 0.02734375 0.08125
0 0.57578125 0.1203125 0.03046875 0.0796875
0 0.54296875 0.11796875 0.028125 0.084375
0 0.575 0.05546875 0.05234375 0.0375
0 0.6765625 0.134375 0.0359375 0.07109375
0 0.71796875 0.1375 0.0375 0.0734375
0 0.7078125 0.08671875 0.0390625 0.02421875
0 0.75703125 0.140625 0.03125 0.07109375
0 0.3265625 0.3546875 0.04765625 0.08125
0 0.28203125 0.35625 0.0375 0.078125
0 0.2484375 0.32109375 0.02578125 0.0640625
0 0.09140625 0.671875 0.07265625 0.05625
0 0.1 0.60390625 0.1234375 0.0421875
0 0.10546875 0.42890625 0.05859375 0.0484375
0 0.1234375 0.484375 0.0734375 0.05390625
0 0.0453125 0.503125 0.05390625 0.05
0 0.56640625 0.62890625 0.03203125 0.0671875
0 0.2421875 0.43984375 0.01640625 0.0953125
0 0.196875 0.36484375 0.02109375 0.025
0 0.21171875 0.3296875 0.01875 0.02421875
0 0.190625 0.296875 0.02421875 0.03125
0 0.90703125 0.15625 0.02578125 0.0578125
0 0.88203125 0.15390625 0.02421875 0.059375
0 0.8546875 0.14921875 0.02734375 0.0671875
0 0.8265625 0.1453125 0.02578125 0.06796875
0 0.79140625 0.1421875 0.0328125 0.06953125
0 0.2125 0.39765625 0.02109375 0.0296875
0 0.37890625 0.35234375 0.04765625 0.07890625
0 0.5328125 0.6421875 0.0328125 0.06015625
0 0.44453125 0.66015625 0.04453125 0.0671875
0 0.16953125 0.078125 0.04453125 0.109375
0 0.09765625 0.0625 0.07734375 0.12109375
0 0.0296875 0.05859375 0.05859375 0.11640625
0 0.5828125 0.240625 0.04296875 0.0734375
0 0.540625 0.23984375 0.0390625 0.075
0 0.49375 0.240625 0.0515625 0.08125
0 0.44453125 0.19296875 0.03984375 0.028125
0 0.45078125 0.2453125 0.0265625 0.06953125
0 0.425 0.24375 0.02109375 0.06796875
0 0.40234375 0.24296875 0.01953125 0.07109375
0 0.378125 0.2421875 0.02890625 0.071875
0 0.353125 0.2421875 0.0203125 0.0734375
0 0.31953125 0.2328125 0.04296875 0.0921875
0 0.2703125 0.23046875 0.04453125 0.09375
0 0.1796875 0.2265625 0.04140625 0.090625
0 0.93125 0.159375 0.01875 0.059375
0 0.95625 0.159375 0.02578125 0.0625
0 0.2140625 0.0828125 0.03984375 0.1015625
0 0.25390625 0.08828125 0.03671875 0.1
0 0.2921875 0.09296875 0.0359375 0.096875
0 0.32890625 0.09765625 0.03359375 0.096875
0 0.396875 0.6703125 0.04140625 0.0734375
0 0.35078125 0.68046875 0.046875 0.06953125
0 0.29921875 0.68828125 0.04921875 0.078125
0 0.24296875 0.7015625 0.05234375 0.08203125
0 0.16640625 0.79296875 0.05390625 0.04453125
0 0.13515625 0.74375 0.05546875 0.04296875
0 0.10078125 0.8015625 0.05078125 0.04921875
0 0.03359375 0.825 0.06640625 0.046875
0 0.48984375 0.6484375 0.04375 0.0640625
0 0.96953125 0.47421875 0.025 0.05
0 0.9203125 0.48203125 0.0203125 0.0515625
0 0.89765625 0.48515625 0.021875 0.053125
0 0.87578125 0.4890625 0.02265625 0.0546875
0 0.8515625 0.49375 0.02421875 0.05546875
0 0.50546875 0.11484375 0.04765625 0.084375
0 0.45703125 0.11015625 0.04765625 0.0890625
0 0.4078125 0.10390625 0.05078125 0.090625
0 0.36484375 0.09921875 0.03515625 0.0953125
0 0.9421875 0.478125 0.02265625 0.05078125
0 0.42890625 0.34921875 0.046875 0.0765625
0 0.828125 0.4984375 0.02265625 0.05625
0 0.79921875 0.50234375 0.03046875 0.05546875
0 0.67265625 0.43203125 0.03359375 0.06328125
0 0.6375 0.4359375 0.03359375 0.06484375
0 0.6015625 0.4390625 0.03515625 0.06484375
0 0.56328125 0.4421875 0.03828125 0.06640625
0 0.5203125 0.446875 0.04375 0.0703125
0 0.4765625 0.4515625 0.03828125 0.075
0 0.43203125 0.45703125 0.04609375 0.0703125
0 0.38125 0.4625 0.05390625 0.071875
0 0.32734375 0.4671875 0.04921875 0.07421875
0 0.2796875 0.471875 0.04609375 0.08046875
0 0.9734375 0.3265625 0.02578125 0.05
0 0.9484375 0.3296875 0.01953125 0.0515625
0 0.925 0.33046875 0.0265625 0.053125
0 0.89453125 0.33125 0.02734375 0.053125
0 0.85625 0.3328125 0.021875 0.0578125
0 0.82890625 0.3328125 0.02734375 0.05546875
0 0.803125 0.33515625 0.025 0.0578125
0 0.70703125 0.428125 0.03203125 0.0640625
0 0.73984375 0.425 0.03046875 0.0609375
0 0.7703125 0.42109375 0.02734375 0.0625
0 0.9921875 0.6671875 0.01484375 0.0484375
0 0.90078125 0.409375 0.021875 0.053125
0 0.87578125 0.4140625 0.02421875 0.0546875
0 0.85078125 0.41640625 0.01953125 0.0578125
0 0.8265625 0.41796875 0.0234375 0.05625
0 0.80078125 0.41875 0.0265625 0.06015625
0 0.65 0.784375 0.02890625 0.0546875
0 0.68203125 0.7703125 0.03046875 0.06015625
0 0.71328125 0.75859375 0.02890625 0.046875
0 0.77734375 0.3375 0.02265625 0.06171875
0 0.74609375 0.74921875 0.02734375 0.0546875
0 0.8 0.734375 0.021875 0.0546875
0 0.82578125 0.72578125 0.025 0.0515625
0 0.85234375 0.71875 0.02578125 0.0515625
0 0.87734375 0.70859375 0.01796875 0.0453125
0 0.8984375 0.703125 0.0203125 0.0484375
0 0.9203125 0.69375 0.02109375 0.0421875
0 0.94453125 0.68984375 0.0203125 0.046875
0 0.96796875 0.68125 0.025 0.04375
0 0.7734375 0.74140625 0.02109375 0.0515625
0 0.72734375 0.33984375 0.02265625 0.0609375
0 0.70078125 0.33984375 0.02578125 0.0625
0 0.67578125 0.33984375 0.02109375 0.0671875
0 0.94453125 0.54921875 0.02109375 0.046875
0 0.91953125 0.55546875 0.01953125 0.05
0 0.8984375 0.5609375 0.0203125 0.05
0 0.87421875 0.565625 0.0234375 0.05
0 0.84765625 0.57109375 0.025 0.053125
0 0.82421875 0.5765625 0.02109375 0.0546875
0 0.79921875 0.5828125 0.0234375 0.0578125
0 0.77109375 0.5875 0.02890625 0.0578125
0 0.9671875 0.54375 0.0203125 0.046875
0 0.74453125 0.59140625 0.02109375 0.059375
0 0.67421875 0.6078125 0.03828125 0.06171875
0 0.63515625 0.61484375 0.03203125 0.06015625
0 0.60234375 0.621875 0.03125 0.059375
0 0.640625 0.525 0.03046875 0.059375
0 0.67421875 0.5203125 0.034375 0.0640625
0 0.71015625 0.515625 0.03203125 0.0609375
0 0.740625 0.5109375 0.02890625 0.06015625
0 0.76796875 0.50703125 0.021875 0.05625
0 0.71484375 0.59296875 0.03203125 0.05625
0 0.9484375 0.4046875 0.025 0.0515625
0 0.253125 0.809375 0.04765625 0.0859375
0 0.359375 0.78125 0.0484375 0.0671875
0 0.64296875 0.33203125 0.03828125 0.0640625
0 0.60546875 0.34140625 0.02734375 0.07265625
0 0.56484375 0.33359375 0.05 0.0640625
0 0.51484375 0.346875 0.03828125 0.071875
0 0.47421875 0.34765625 0.040625 0.07578125
0 0.82890625 0.65 0.021875 0.046875
0 0.803125 0.6578125 0.02734375 0.0484375
0 0.7734375 0.66328125 0.02734375 0.0515625
0 0.3046875 0.790625 0.046875 0.07734375
0 0.74375 0.67265625 0.0265625 0.05625
0 0.67890625 0.68828125 0.02734375 0.05625
0 0.64609375 0.69921875 0.034375 0.0578125
0 0.60546875 0.7109375 0.02421875 0.059375
0 0.58046875 0.71875 0.0234375 0.0625
0 0.54609375 0.72734375 0.04296875 0.0625
0 0.49609375 0.74375 0.03828125 0.0640625
0 0.45234375 0.753125 0.0453125 0.065625
0 0.40546875 0.765625 0.040625 0.06640625
0 0.7125 0.68203125 0.0328125 0.0546875
0 0.1703125 0.6578125 0.071875 0.05546875