0 0.60546875 0.4265625 0.03984375 0.078125
0 0.38828125 0.4234375 0.04296875 0.06796875
0 0.56328125 0.42421875 0.03046875 0.08671875
0 0.51953125 0.42265625 0.04140625 0.06796875
0 0.47578125 0.421875 0.03984375 0.06640625
0 0.4390625 0.4140625 0.02890625 0.0625
0 0.046875 0.3890625 0.09375 0.12890625
0 0.30625 0.425 0.03671875 0.06640625
0 0.25390625 0.42578125 0.0421875 0.0640625
0 0.2109375 0.42734375 0.04140625 0.0640625
0 0.1734375 0.425 0.03046875 0.0640625
0 0.9484375 0.28515625 0.0375 0.07578125
0 0.90546875 0.28515625 0.04375 0.07578125
0 0.64296875 0.421875 0.028125 0.090625
0 0.3453125 0.42421875 0.03984375 0.065625
0 0.984375 0.26640625 0.03046875 0.12421875
0 0.18515625 0.5484375 0.0421875 0.10234375
0 0.67109375 0.42265625 0.02578125 0.0921875
0 0.40078125 0.5515625 0.03046875 0.09296875
0 0.36875 0.55234375 0.03125 0.09453125
0 0.3359375 0.5421875 0.0296875 0.0953125
0 0.2953125 0.5453125 0.040625 0.096875
0 0.25703125 0.54921875 0.0328125 0.1015625
0 0.2265625 0.54921875 0.0296875 0.10078125
0 0.86328125 0.284375 0.0453125 0.0828125
0 0.06640625 0.22578125 0.04921875 0.11796875
0 0.096875 0.53359375 0.065625 0.090625
0 0.94375 0.421875 0.04375 0.07890625
0 0.89453125 0.4234375 0.04609375 0.078125
0 0.84453125 0.4203125 0.03828125 0.084375
0 0.80625 0.42578125 0.03828125 0.07578125
0 0.7640625 0.42265625 0.04296875 0.08359375
0 0.7265625 0.42578125 0.02421875 0.07421875
0 0.70078125 0.42890625 0.0265625 0.075
0 0.98515625 0.42578125 0.028125 0.0765625
0 0.82890625 0.2859375 0.025 0.08125
0 0.40625 0.2875 0.03671875 0.09296875
0 0.7375 0.28515625 0.0421875 0.084375
0 0.8015625 0.125 0.04609375 0.0875
0 0.75859375 0.140625 0.034375 0.0671875
0 0.721875 0.1421875 0.03203125 0.06328125
0 0.68125 0.1265625 0.0390625 0.0921875
0 0.640625 0.12890625 0.0359375 0.0875
0 0.590625 0.1296875 0.05234375 0.090625
0 0.54453125 0.13671875 0.03671875 0.078125
0 0.5046875 0.1375 0.03984375 0.08125
0 0.4703125 0.14453125 0.0234375 0.06796875
0 0.4453125 0.14296875 0.025 0.06875
0 0.41015625 0.13984375 0.04140625 0.08359375
0 0.3671875 0.13984375 0.0390625 0.08203125
0 0.3234375 0.140625 0.0390625 0.07890625
0 0.28125 0.1421875 0.040625 0.07734375
0 0.2375 0.14453125 0.04140625 0.0765625
0 0.85234375 0.13125 0.05390625 0.078125
0 0.9140625 0.13046875 0.06171875 0.075
0 0.9765625 0.12265625 0.0453125 0.08359375
0 0.14140625 0.3046875 0.046875 0.06796875
0 0.690625 0.28671875 0.040625 0.08359375
0 0.6515625 0.28671875 0.0359375 0.078125
0 0.6125 0.284375 0.040625 0.09453125
0 0.56484375 0.303125 0.05 0.05703125
0 0.50234375 0.3203125 0.06875 0.025
0 0.49921875 0.2921875 0.06640625 0.0296875
0 0.5015625 0.26484375 0.06484375 0.02421875
0 0.78828125 0.28515625 0.05078125 0.0859375
0 0.50546875 0.2375 0.06796875 0.0296875
0 0.4328125 0.55 0.02890625 0.09296875
0 0.36953125 0.28828125 0.0328125 0.09296875
0 0.334375 0.2890625 0.03125 0.096875
0 0.2921875 0.28984375 0.03828125 0.0953125
0 0.25234375 0.2890625 0.040625 0.09375
0 0.21484375 0.28984375 0.034375 0.09453125
0 0.1828125 0.290625 0.028125 0.0953125
0 0.44453125 0.28671875 0.03984375 0.0921875
0 0.46796875 0.5640625 0.03671875 0.0640625
0 0.9765625 0.54453125 0.040625 0.0625
0 0.53671875 0.54921875 0.0265625 0.090625
0 0.71953125 0.80234375 0.0609375 0.009375
0 0.71171875 0.8546875 0.06015625 0.01015625
0 0.71171875 0.8671875 0.0609375 0.01015625
0 0.6484375 0.86484375 0.0625 0.0109375
0 0.646875 0.85390625 0.0671875 0.01015625
0 0.6515625 0.82890625 0.06640625 0.009375
0 0.64921875 0.81640625 0.06484375 0.009375
0 0.6484375 0.8046875 0.06328125 0.0109375
0 0.5796875 0.8265625 0.0703125 0.009375
0 0.58125 0.81640625 0.06015625 0.0109375
0 0.578125 0.85234375 0.07265625 0.00703125
0 0.57421875 0.86796875 0.06875 0.0140625
0 0.5 0.86640625 0.0640625 0.0125
0 0.49375 0.82421875 0.0671875 0.00859375
0 0.49609375 0.81328125 0.06875 0.01328125
0 0.71640625 0.8125 0.06015625 0.00859375
0 0.72109375 0.82421875 0.06796875 0.01171875
0 0.8015625 0.828125 0.06171875 0.009375
0 0.784375 0.853125 0.06328125 0.01015625
0 0.85625 0.6515625 0.04375 0.021875
0 0.9796875 0.81328125 0.03984375 0.0109375
0 0.9796875 0.8 0.0390625 0.0109375
0 0.97578125 0.85078125 0.0484375 0.01015625
0 0.97578125 0.86328125 0.04609375 0.01171875
0 0.921875 0.82578125 0.0640625 0.00859375
0 0.92265625 0.7921875 0.065625 0.01328125
0 0.4203125 0.85390625 0.0640625 0.01015625
0 0.925 0.8140625 0.0671875 0.01015625
0 0.9203125 0.86640625 0.06640625 0.01015625
0 0.85 0.85234375 0.06171875 0.01171875
0 0.85625 0.8140625 0.05625 0.00859375
0 0.8546875 0.8 0.0671875 0.01171875
0 0.8546875 0.7890625 0.06484375 0.00859375
0 0.84921875 0.865625 0.06171875 0.00859375
0 0.78359375 0.8640625 0.0609375 0.01171875
0 0.91953125 0.8515625 0.06171875 0.0109375
0 0.50390625 0.55234375 0.034375 0.08515625
0 0.41640625 0.865625 0.06875 0.01015625
0 0.41484375 0.79296875 0.065625 0.0140625
0 0.26953125 0.66171875 0.02734375 0.0828125
0 0.2375 0.6671875 0.03671875 0.0828125
0 0.2 0.671875 0.0375 0.08984375
0 0.0375 0.63984375 0.075 0.07421875
0 0.13515625 0.6546875 0.08984375 0.10078125
0 0.19375 0.140625 0.04140625 0.08125
0 0.93046875 0.5671875 0.05 0.04140625
0 0.8421875 0.553125 0.0578125 0.06875
0 0.775 0.5484375 0.05546875 0.07265625
0 0.73046875 0.5625 0.0328125 0.0609375
0 0.69765625 0.5359375 0.0296875 0.09609375
0 0.66640625 0.54765625 0.0296875 0.09296875
0 0.63359375 0.546875 0.03046875 0.0953125
0 0.60078125 0.546875 0.0328125 0.09375
0 0.56640625 0.55078125 0.0328125 0.0875
0 0.29921875 0.66484375 0.03046875 0.08203125
0 0.3296875 0.6640625 0.03046875 0.0828125
0 0.36640625 0.659375 0.0359375 0.08125
0 0.4296875 0.67109375 0.03125 0.08984375
0 0.33359375 0.85078125 0.08359375 0.0484375
0 0.35546875 0.77734375 0.02578125 0.0796875
0 0.27890625 0.7796875 0.06953125 0.08203125
0 0.25625 0.8484375 0.0546875 0.04140625
0 0.10234375 0.821875 0.1765625 0.096875
0 0.928125 0.665625 0.0765625 0.0765625
0 0.8578125 0.69296875 0.04921875 0.01875
0 0.42265625 0.81328125 0.06640625 0.01015625
0 0.80390625 0.665625 0.05234375 0.07890625
0 0.7046875 0.67109375 0.04453125 0.071875
0 0.65703125 0.67109375 0.05 0.0734375
0 0.60859375 0.66171875 0.04375 0.0875
0 0.5578125 0.69140625 0.0453125 0.0328125
0 0.56328125 0.64921875 0.04765625 0.05078125
0 0.51171875 0.66484375 0.04140625 0.08671875
0 0.465625 0.66640625 0.04140625 0.0890625
0 0.75234375 0.67265625 0.0484375 0.0703125
0 0.15 0.1359375 0.0265625 0.1125
0 0.98046875 0.82421875 0.0390625 0.0109375
0 0.85703125 0.67578125 0.0453125 0.01875
0 0.1140625 0.13984375 0.03203125 0.08671875