0 0.88359375 0.609375 0.03203125 0.0515625
0 0.5390625 0.52421875 0.034375 0.04765625
0 0.58046875 0.521875 0.04453125 0.05390625
0 0.6203125 0.521875 0.034375 0.05859375
0 0.6671875 0.528125 0.03828125 0.046875
0 0.71953125 0.5203125 0.05390625 0.06171875
0 0.78046875 0.5296875 0.05078125 0.03046875
0 0.8328125 0.503125 0.04375 0.034375
0 0.83125 0.54140625 0.0390625 0.028125
0 0.4171875 0.43671875 0.04140625 0.03359375
0 0.45546875 0.43125 0.03203125 0.05234375
0 0.4921875 0.43125 0.0296875 0.053125
0 0.52265625 0.434375 0.021875 0.04375
0 0.54765625 0.43203125 0.021875 0.04140625
0 0.4953125 0.5234375 0.03203125 0.04453125
0 0.57109375 0.4390625 0.01640625 0.03828125
0 0.45390625 0.515625 0.03046875 0.06484375
0 0.896875 0.5375 0.08046875 0.01484375
0 0.35390625 0.55 0.059375 0.0578125
0 0.29375 0.54921875 0.0515625 0.05546875
0 0.234375 0.5515625 0.05625 0.05078125
0 0.18203125 0.55 0.040625 0.04921875
0 0.13515625 0.55 0.04609375 0.0484375
0 0.08828125 0.54921875 0.0484375 0.05078125
0 0.41171875 0.51640625 0.03515625 0.0640625
0 0.04296875 0.55859375 0.02578125 0.03125
0 0.1234375 0.60625 0.0375 0.0296875
0 0.165625 0.60703125 0.03671875 0.02734375
0 0.2203125 0.6078125 0.03671875 0.02578125
0 0.3046875 0.60703125 0.04296875 0.03125
0 0.36328125 0.615625 0.05625 0.0453125
0 0.9765625 0.5203125 0.04296875 0.0484375
0 0.0765625 0.60859375 0.03828125 0.0296875
0 0.571875 0.396875 0.02421875 0.0359375
0 0.60390625 0.4421875 0.0359375 0.02890625
0 0.6484375 0.4390625 0.04375 0.040625
0 0.95078125 0.31796875 0.03046875 0.07734375
0 0.9140625 0.33828125 0.0265625 0.03515625
0 0.87421875 0.3203125 0.03359375 0.084375
0 0.84140625 0.33984375 0.0234375 0.03828125
0 0.81015625 0.3359375 0.03828125 0.053125
0 0.75234375 0.334375 0.06875 0.05
0 0.6375 0.23125 0.03828125 0.05625
0 0.7 0.33359375 0.03671875 0.05
0 0.61796875 0.33515625 0.0390625 0.0546875
0 0.40390625 0.334375 0.040625 0.0546875
0 0.45 0.33515625 0.03828125 0.05078125
0 0.5078125 0.34296875 0.06484375 0.03125
0 0.51171875 0.30703125 0.0640625 0.03125
0 0.571875 0.340625 0.053125 0.0390625
0 0.65859375 0.334375 0.03515625 0.05390625
0 0.3578125 0.47734375 0.0640625 0.053125
0 0.675 0.23203125 0.0328125 0.04765625
0 0.5453125 0.23203125 0.0375 0.0515625
0 0.696875 0.43515625 0.0421875 0.04140625
0 0.74765625 0.434375 0.0421875 0.03515625
0 0.80625 0.4125 0.0609375 0.0796875
0 0.8640625 0.41484375 0.04453125 0.0765625
0 0.92734375 0.41640625 0.06015625 0.07265625
0 0.98359375 0.4140625 0.03203125 0.07734375
0 0.5921875 0.2296875 0.03671875 0.0515625
0 0.9765625 0.1984375 0.04296875 0.08125
0 0.88046875 0.221875 0.04609375 0.0578125
0 0.81796875 0.23984375 0.06953125 0.028125
0 0.7375 0.2390625 0.071875 0.0328125
0 0.40859375 0.23203125 0.0359375 0.05625
0 0.45546875 0.2296875 0.03671875 0.05
0 0.496875 0.2328125 0.03984375 0.04765625
0 0.93046875 0.21328125 0.040625 0.0703125
0 0.2875 0.47578125 0.05546875 0.0578125
0 0.2625 0.60703125 0.03515625 0.02265625
0 0.15625 0.475 0.0390625 0.05078125
0 0.16484375 0.684375 0.03984375 0.04453125
0 0.21484375 0.684375 0.05078125 0.05078125
0 0.22109375 0.475 0.0703125 0.053125
0 0.315625 0.68671875 0.0390625 0.04296875
0 0.36171875 0.68515625 0.03828125 0.0515625
0 0.42109375 0.69296875 0.03125 0.05546875
0 0.11484375 0.68203125 0.03828125 0.0453125
0 0.45703125 0.69296875 0.028125 0.05546875
0 0.54296875 0.68828125 0.04609375 0.071875
0 0.6203125 0.69765625 0.034375 0.04765625
0 0.6640625 0.69296875 0.03203125 0.05390625
0 0.70625 0.68984375 0.03125 0.0515625
0 0.75703125 0.6890625 0.04296875 0.05625
0 0.8390625 0.6859375 0.078125 0.07421875
0 0.49296875 0.6890625 0.0375 0.0625
0 0.07265625 0.6859375 0.03828125 0.0453125
0 0.1828125 0.7859375 0.04609375 0.04375
0 0.13671875 0.78515625 0.0421875 0.04765625
0 0.9796875 0.790625 0.040625 0.0578125
0 0.828125 0.7859375 0.05625 0.0484375
0 0.75703125 0.7890625 0.0375 0.04140625
0 0.7015625 0.78671875 0.04140625 0.06484375
0 0.6578125 0.7875 0.04140625 0.06328125
0 0.609375 0.78203125 0.0421875 0.0765625
0 0.5625 0.7875 0.04296875 0.0640625
0 0.51953125 0.78828125 0.03125 0.0609375
0 0.46953125 0.790625 0.05390625 0.05390625
0 0.41953125 0.7921875 0.04296875 0.0515625
0 0.3671875 0.78671875 0.0390625 0.0546875
0 0.31875 0.7859375 0.04453125 0.05
0 0.2734375 0.78125 0.0328125 0.0515625
0 0.23203125 0.784375 0.04296875 0.05078125
0 0.0890625 0.78828125 0.0375 0.0515625
0 0.94921875 0.6890625 0.1015625 0.078125
0 0.9796875 0.5984375 0.040625 0.07421875
0 0.2703125 0.68984375 0.0421875 0.04921875
0 0.36328125 0.4 0.0359375 0.05625
0 0.1140625 0.47578125 0.0453125 0.0515625
0 0.06640625 0.47265625 0.0421875 0.05078125
0 0.93203125 0.6078125 0.03828125 0.06015625
0 0.3140625 0.39609375 0.04375 0.053125
0 0.2609375 0.39609375 0.04453125 0.05390625
0 0.209375 0.39609375 0.04765625 0.05390625
0 0.1609375 0.39453125 0.0453125 0.0546875
0 0.1046875 0.39765625 0.046875 0.05234375
0 0.0578125 0.3953125 0.0421875 0.0484375
0 0.35859375 0.31484375 0.0390625 0.06328125
0 0.246875 0.31484375 0.05390625 0.0609375
0 0.190625 0.3109375 0.04375 0.0421875
0 0.1375 0.31171875 0.040625 0.053125
0 0.08671875 0.30546875 0.040625 0.05078125
0 0.03046875 0.31953125 0.0515625 0.0296875
0 0.30078125 0.31015625 0.046875 0.05234375
0 0.29609375 0.23984375 0.0375 0.0265625
0 0.84375 0.6078125 0.04375 0.05703125
0 0.796875 0.6171875 0.04296875 0.0421875
0 0.35078125 0.24453125 0.0453125 0.028125
0 0.70078125 0.6140625 0.0359375 0.04453125
0 0.6140625 0.609375 0.059375 0.04453125
0 0.55546875 0.603125 0.04921875 0.05625
0 0.4484375 0.61015625 0.0140625 0.0453125
0 0.47109375 0.61015625 0.01796875 0.04453125
0 0.75078125 0.61640625 0.04609375 0.04609375
0 0.409375 0.6203125 0.02109375 0.0078125
0 0.43046875 0.62109375 0.0203125 0.00703125
0 0.03984375 0.2171875 0.0578125 0.071875
0 0.103125 0.21015625 0.053125 0.075
0 0.16953125 0.228125 0.0453125 0.06015625
0 0.428125 0.60859375 0.01796875 0.01015625