0 0.575 0.65625 0.07421875 0.034375
0 0.86875 0.6203125 0.0765625 0.04296875
0 0.9421875 0.6609375 0.07421875 0.034375
0 0.86484375 0.65859375 0.07421875 0.03515625
0 0.78671875 0.65625 0.075 0.04140625
0 0.72109375 0.58046875 0.06796875 0.0265625
0 0.64765625 0.58125 0.0703125 0.028125
0 0.27734375 0.61796875 0.0578125 0.0875
0 0.3484375 0.62109375 0.07578125 0.08828125
0 0.42109375 0.62578125 0.0703125 0.08671875
0 0.496875 0.61875 0.07734375 0.0375
0 0.94921875 0.6234375 0.0765625 0.04140625
0 0.71640625 0.6546875 0.06640625 0.03671875
0 0.64765625 0.65703125 0.0671875 0.0375
0 0.7171875 0.615625 0.06796875 0.0390625
0 0.6484375 0.61640625 0.06875 0.03828125
0 0.575 0.61875 0.07734375 0.03828125
0 0.49921875 0.6546875 0.07421875 0.03125
0 0.78984375 0.61484375 0.0734375 0.03828125
0 0.31953125 0.48046875 0.05390625 0.09921875
0 0.09140625 0.46875 0.078125 0.1109375
0 0.2125 0.60703125 0.06953125 0.1
0 0.86484375 0.45390625 0.08203125 0.0640625
0 0.7734375 0.51171875 0.07734375 0.0578125
0 0.69765625 0.51015625 0.0734375 0.059375
0 0.78125 0.4515625 0.075 0.059375
0 0.70234375 0.45 0.07890625 0.0625
0 0.621875 0.44296875 0.07578125 0.03515625
0 0.62109375 0.48125 0.0765625 0.0375
0 0.61796875 0.51953125 0.07890625 0.0375
0 0.540625 0.51640625 0.07578125 0.03671875
0 0.54140625 0.4765625 0.075 0.040625
0 0.46796875 0.4296875 0.07421875 0.03671875
0 0.46484375 0.4953125 0.07734375 0.08828125
0 0.390625 0.4296875 0.07734375 0.03828125
0 0.3875 0.49140625 0.07578125 0.084375
0 0.2515625 0.475 0.08125 0.10859375
0 0.171875 0.47265625 0.078125 0.1078125
0 0.028125 0.46328125 0.05 0.11484375
0 0.14296875 0.6078125 0.0640625 0.10390625
0 0.18203125 0.75703125 0.075 0.0609375
0 0.97578125 0.790625 0.0484375 0.03125
0 0.98046875 0.1390625 0.0390625 0.05078125
0 0.90703125 0.184375 0.090625 0.0484375
0 0.91484375 0.134375 0.0890625 0.05234375
0 0.81328125 0.18203125 0.0890625 0.0484375
0 0.8234375 0.1328125 0.09375 0.05
0 0.728125 0.1328125 0.090625 0.04765625
0 0.7234375 0.1828125 0.08671875 0.05
0 0.63203125 0.18125 0.09296875 0.0484375
0 0.634375 0.1328125 0.09140625 0.04765625
0 0.540625 0.12890625 0.0921875 0.0484375
0 0.540625 0.17890625 0.09140625 0.0484375
0 0.4515625 0.17734375 0.08125 0.0515625
0 0.36484375 0.17421875 0.0828125 0.04609375
0 0.4484375 0.12421875 0.0859375 0.05390625
0 0.3609375 0.12421875 0.08203125 0.05078125
0 0.3015625 0.15546875 0.03671875 0.08203125
0 0.2609375 0.15546875 0.04140625 0.08515625
0 0.21640625 0.1546875 0.0421875 0.08203125
0 0.17265625 0.15390625 0.04140625 0.08203125
0 0.115625 0.1296875 0.06640625 0.1296875
0 0.04140625 0.128125 0.08203125 0.13203125
0 0.9765625 0.18515625 0.04609375 0.03984375
0 0.9515625 0.36328125 0.09609375 0.0671875
0 0.69609375 0.8890625 0.05859375 0.0359375
0 0.584375 0.88125 0.053125 0.03984375
0 0.94765625 0.45390625 0.0828125 0.0609375
0 0.85625 0.51484375 0.0734375 0.0578125
0 0.93515625 0.51640625 0.078125 0.0609375
0 0.040625 0.3171875 0.08125 0.1125
0 0.12421875 0.31796875 0.08125 0.11953125
0 0.2078125 0.32109375 0.0828125 0.11796875
0 0.29140625 0.32265625 0.07890625 0.12109375
0 0.696875 0.85546875 0.046875 0.0265625
0 0.5265625 0.859375 0.05859375 0.02578125
0 0.02578125 0.8484375 0.04921875 0.0859375
0 0.078125 0.846875 0.05625 0.07734375
0 0.12734375 0.8359375 0.0375 0.05546875
0 0.17734375 0.84765625 0.0546875 0.08203125
0 0.2421875 0.85546875 0.075 0.09375
0 0.31796875 0.878125 0.06953125 0.05
0 0.38984375 0.88046875 0.071875 0.05
0 0.46015625 0.88046875 0.06875 0.05234375
0 0.3203125 0.83203125 0.0703125 0.0421875
0 0.39375 0.8328125 0.07109375 0.03984375
0 0.4671875 0.82578125 0.0703125 0.02421875
0 0.52578125 0.89140625 0.06015625 0.03671875
0 0.6375 0.88125 0.05234375 0.0390625
0 0.0671875 0.6046875 0.0828125 0.1078125
0 0.96015625 0.2921875 0.0796875 0.06796875
0 0.7859375 0.28984375 0.08203125 0.0671875
0 0.40625 0.76015625 0.07265625 0.06328125
0 0.4796875 0.7625 0.07109375 0.065625
0 0.55390625 0.778125 0.0703125 0.028125
0 0.5546875 0.74921875 0.06796875 0.03046875
0 0.55078125 0.7140625 0.071875 0.03515625
0 0.62578125 0.77734375 0.0671875 0.03359375
0 0.62578125 0.74453125 0.06953125 0.03515625
0 0.6234375 0.71171875 0.0703125 0.0265625
0 0.69765625 0.71484375 0.0734375 0.03125
0 0.69921875 0.75078125 0.0734375 0.03203125
0 0.6953125 0.78515625 0.071875 0.03125
0 0.77109375 0.78359375 0.07421875 0.034375
0 0.77421875 0.75078125 0.07109375 0.0328125
0 0.8484375 0.75234375 0.0734375 0.0328125
0 0.846875 0.78671875 0.078125 0.03125
0 0.8046875 0.71875 0.0796875 0.03515625
0 0.91953125 0.78828125 0.0640625 0.03359375
0 0.9234375 0.75546875 0.07421875 0.03125
0 0.92265625 0.72265625 0.0703125 0.034375
0 0.98046875 0.72578125 0.0390625 0.03671875
0 0.98046875 0.759375 0.0390625 0.0296875
0 0.3296875 0.7609375 0.071875 0.0640625
0 0.871875 0.2921875 0.08828125 0.06953125
0 0.25546875 0.75703125 0.06875 0.06328125
0 0.05859375 0.7359375 0.059375 0.08828125
0 0.70234375 0.2890625 0.08203125 0.06796875
0 0.8609375 0.36171875 0.08203125 0.06875
0 0.77734375 0.359375 0.0765625 0.0703125
0 0.69921875 0.3578125 0.07578125 0.06875
0 0.6140625 0.36875 0.0828125 0.03828125
0 0.53359375 0.3671875 0.07734375 0.03984375
0 0.6171875 0.3296875 0.0875 0.0375
0 0.53125 0.32578125 0.07890625 0.04375
0 0.61796875 0.2859375 0.08359375 0.04375
0 0.53125 0.2828125 0.08515625 0.04375
0 0.11640625 0.7375 0.05390625 0.08828125
0 0.4515625 0.3640625 0.08125 0.0453125
0 0.45 0.31640625 0.0765625 0.04921875
0 0.76484375 0.89921875 0.07421875 0.03828125
0 0.8390625 0.903125 0.0734375 0.0375
0 0.37109375 0.315625 0.07734375 0.0484375
0 0.83671875 0.86484375 0.071875 0.04140625
0 0.59765625 0.84453125 0.06484375 0.0296875
0 0.909375 0.8640625 0.0734375 0.04453125
0 0.97265625 0.86640625 0.0546875 0.0453125
0 0.909375 0.9046875 0.0625 0.03203125
0 0.97109375 0.90234375 0.0578125 0.0296875
0 0.3703125 0.36171875 0.07578125 0.04375
0 0.76328125 0.8609375 0.0734375 0.03359375