0 0.42109375 0.41328125 0.065625 0.07265625
0 0.3671875 0.4203125 0.0359375 0.05859375
0 0.91796875 0.92421875 0.09453125 0.14921875
0 0.81484375 0.87421875 0.07578125 0.14375
0 0.4609375 0.82578125 0.053125 0.15546875
0 0.5953125 0.84140625 0.06875 0.1703125
0 0.52734375 0.83203125 0.06796875 0.1515625
0 0.49140625 0.43671875 0.03671875 0.0390625
0 0.659375 0.87109375 0.06015625 0.13203125
0 0.5421875 0.4359375 0.04375 0.03515625
0 0.35859375 0.79765625 0.034375 0.0953125
0 0.80546875 0.4296875 0.046875 0.0734375
0 0.8609375 0.42890625 0.0421875 0.0703125
0 0.91953125 0.428125 0.0546875 0.078125
0 0.97578125 0.43203125 0.04453125 0.08359375
0 0.846875 0.1875 0.0421875 0.04453125
0 0.89921875 0.17890625 0.05625 0.05703125
0 0.97578125 0.15078125 0.0484375 0.01796875
0 0.96953125 0.18515625 0.0609375 0.0390625
0 0.09609375 0.38984375 0.02734375 0.0578125
0 0.75234375 0.4453125 0.04453125 0.03984375
0 0.96953125 0.29609375 0.05703125 0.06640625
0 0.07578125 0.2859375 0.015625 0.05703125
0 0.2984375 0.7921875 0.05 0.1296875
0 0.578125 0.19765625 0.01484375 0.053125
0 0.553125 0.2015625 0.03359375 0.046875
0 0.47109375 0.20625 0.0203125 0.04375
0 0.4265625 0.20703125 0.02734375 0.06171875
0 0.4515625 0.2046875 0.0203125 0.06484375
0 0.396875 0.2015625 0.03515625 0.075
0 0.36328125 0.20703125 0.02890625 0.0640625
0 0.32578125 0.20625 0.040625 0.07421875
0 0.28671875 0.20859375 0.0328125 0.07265625
0 0.2546875 0.21015625 0.02890625 0.06328125
0 0.21953125 0.20703125 0.04453125 0.06953125
0 0.16875 0.21171875 0.03203125 0.0640625
0 0.1109375 0.20078125 0.0296875 0.04609375
0 0.0828125 0.20546875 0.0296875 0.04609375
0 0.05546875 0.2109375 0.02578125 0.0453125
0 0.02578125 0.2109375 0.0296875 0.04296875
0 0.009375 0.11796875 0.01796875 0.08046875
0 0.034375 0.11171875 0.0296875 0.078125
0 0.06640625 0.1078125 0.0359375 0.06796875
0 0.92578125 0.028125 0.0921875 0.05546875
0 0.8453125 0.03671875 0.059375 0.0734375
0 0.79453125 0.0375 0.040625 0.075
0 0.7390625 0.0375 0.06640625 0.0703125
0 0.6765625 0.04453125 0.053125 0.08828125
0 0.63125 0.0421875 0.034375 0.07734375
0 0.6 0.19453125 0.03046875 0.04375
0 0.55234375 0.05 0.07109375 0.08203125
0 0.7 0.19609375 0.0296875 0.040625
0 0.7390625 0.19375 0.0265625 0.04765625
0 0.0953125 0.278125 0.02421875 0.0703125
0 0.121875 0.29296875 0.028125 0.040625
0 0.21953125 0.3015625 0.04375 0.06484375
0 0.3421875 0.3 0.0484375 0.08515625
0 0.41640625 0.29921875 0.06015625 0.06796875
0 0.48515625 0.30390625 0.0453125 0.06796875
0 0.54375 0.30078125 0.06328125 0.07421875
0 0.60703125 0.30390625 0.040625 0.06015625
0 0.659375 0.29765625 0.0578125 0.065625
0 0.7328125 0.296875 0.05546875 0.0828125
0 0.8109375 0.29375 0.0875 0.08671875
0 0.896875 0.28046875 0.07265625 0.09609375
0 0.021875 0.36796875 0.03125 0.0625
0 0.05703125 0.36875 0.03671875 0.06640625
0 0.1234375 0.3828125 0.0265625 0.071875
0 0.215625 0.40859375 0.03671875 0.053125
0 0.2671875 0.41484375 0.05546875 0.06484375
0 0.315625 0.4140625 0.03984375 0.0625
0 0.59765625 0.42734375 0.0453125 0.0640625
0 0.63984375 0.41953125 0.03828125 0.06796875
0 0.70234375 0.42421875 0.04140625 0.0796875
0 0.01328125 0.28671875 0.0265625 0.06484375
0 0.80625 0.18671875 0.03125 0.0515625
0 0.76875 0.19453125 0.03125 0.0453125
0 0.7703125 0.15078125 0.040625 0.0328125
0 0.6390625 0.1953125 0.0234375 0.04921875
0 0.4796875 0.053125 0.0609375 0.08359375
0 0.4234375 0.05546875 0.0515625 0.103125
0 0.365625 0.05859375 0.0453125 0.10078125
0 0.565625 0.565625 0.05546875 0.07578125
0 0.21015625 0.634375 0.03046875 0.10546875
0 0.24765625 0.63984375 0.03828125 0.10546875
0 0.2921875 0.64765625 0.046875 0.10625
0 0.33984375 0.6515625 0.03984375 0.10390625
0 0.38046875 0.6609375 0.03671875 0.11796875
0 0.41953125 0.6609375 0.04453125 0.11796875
0 0.5125 0.678125 0.0546875 0.11953125
0 0.58671875 0.66953125 0.05078125 0.10390625
0 0.63125 0.68359375 0.040625 0.11640625
0 0.671875 0.69609375 0.0421875 0.12265625
0 0.73046875 0.69765625 0.06171875 0.12109375
0 0.81875 0.69296875 0.046875 0.10390625
0 0.89140625 0.715625 0.0765625 0.10625
0 0.97421875 0.734375 0.0515625 0.12734375
0 0.09765625 0.659375 0.04375 0.053125
0 0.04453125 0.65859375 0.04765625 0.0390625
0 0.01953125 0.76953125 0.03671875 0.04296875
0 0.0515625 0.7515625 0.02890625 0.1
0 0.0734375 0.7546875 0.0109375 0.0921875
0 0.09765625 0.765625 0.0234375 0.09609375
0 0.121875 0.7609375 0.0265625 0.10546875
0 0.15703125 0.765625 0.04765625 0.10234375
0 0.19296875 0.75 0.03984375 0.09375
0 0.25234375 0.78359375 0.0421875 0.12734375
0 0.97421875 0.54296875 0.0515625 0.0578125
0 0.82265625 0.50859375 0.0515625 0.046875
0 0.76640625 0.5109375 0.0390625 0.05390625
0 0.4109375 0.53046875 0.03671875 0.1046875
0 0.31484375 0.06328125 0.05859375 0.12578125
0 0.2203125 0.078125 0.046875 0.11484375
0 0.178125 0.07734375 0.0390625 0.1140625
0 0.125 0.08125 0.06015625 0.109375
0 0.51640625 0.5578125 0.03203125 0.08828125
0 0.18984375 0.5171875 0.04609375 0.090625
0 0.21953125 0.53359375 0.01015625 0.02890625
0 0.240625 0.509375 0.01953125 0.078125
0 0.66953125 0.57734375 0.05 0.0703125
0 0.7265625 0.59921875 0.0609375 0.0453125
0 0.27578125 0.52734375 0.02734375 0.10390625
0 0.30234375 0.5390625 0.01640625 0.10078125
0 0.04296875 0.28984375 0.025 0.05546875
0 0.784375 0.59609375 0.0234375 0.0703125
0 0.9671875 0.60859375 0.065625 0.06875
0 0.32265625 0.53046875 0.015625 0.10546875
0 0.478125 0.5546875 0.03203125 0.08359375
0 0.0390625 0.4828125 0.03046875 0.07578125
0 0.078125 0.4921875 0.046875 0.059375
0 0.021875 0.56484375 0.040625 0.075
0 0.06171875 0.57421875 0.03671875 0.06875
0 0.10078125 0.57421875 0.0234375 0.071875
0 0.12890625 0.56875 0.034375 0.07265625
0 0.35234375 0.52734375 0.01875 0.10703125
0 0.18203125 0.62890625 0.02734375 0.103125
0 0.38046875 0.528125 0.02421875 0.10390625
0 0.87578125 0.59609375 0.10859375 0.07421875
0 0.403125 0.81171875 0.05 0.11953125