0 0.5046875 0.7359375 0.02265625 0.04765625
0 0.725 0.72578125 0.0234375 0.03671875
0 0.70390625 0.72578125 0.01875 0.03828125
0 0.6859375 0.728125 0.01640625 0.04140625
0 0.68046875 0.68828125 0.0203125 0.0375
0 0.66484375 0.73125 0.021875 0.0390625
0 0.6359375 0.7171875 0.03125 0.06640625
0 0.61015625 0.728125 0.0203125 0.04375
0 0.58671875 0.73203125 0.02578125 0.05234375
0 0.19375 0.7546875 0.025 0.04296875
0 0.21875 0.71171875 0.0265625 0.0421875
0 0.21875 0.753125 0.0265625 0.03671875
0 0.246875 0.6 0.034375 0.11171875
0 0.2484375 0.75 0.0296875 0.0421875
0 0.27734375 0.7515625 0.02734375 0.0421875
0 0.3046875 0.7484375 0.028125 0.0390625
0 0.3328125 0.74765625 0.0296875 0.04140625
0 0.55625 0.72265625 0.03359375 0.06875
0 0.3609375 0.74609375 0.025 0.03359375
0 0.38671875 0.74140625 0.0234375 0.04375
0 0.4109375 0.740625 0.02421875 0.0421875
0 0.4359375 0.73984375 0.02734375 0.04609375
0 0.4609375 0.73671875 0.0234375 0.04609375
0 0.4828125 0.7375 0.0203125 0.04609375
0 0.52734375 0.72265625 0.021875 0.04921875
0 0.33203125 0.70625 0.0328125 0.04296875
0 0.13984375 0.75625 0.025 0.0453125
0 0.28046875 0.59921875 0.03125 0.11328125
0 0.97734375 0.5796875 0.028125 0.09609375
0 0.9484375 0.58046875 0.025 0.09375
0 0.890625 0.58203125 0.025 0.09921875
0 0.86328125 0.58671875 0.028125 0.09375
0 0.8359375 0.58046875 0.028125 0.10390625
0 0.80859375 0.58671875 0.028125 0.09296875
0 0.78203125 0.5859375 0.0234375 0.0953125
0 0.75625 0.58828125 0.0265625 0.10234375
0 0.7265625 0.58671875 0.028125 0.10390625
0 0.7015625 0.5875 0.0203125 0.10234375
0 0.67734375 0.5875 0.028125 0.1015625
0 0.7484375 0.725 0.021875 0.04609375
0 0.64921875 0.58828125 0.02890625 0.10234375
0 0.621875 0.58671875 0.02421875 0.103125
0 0.59921875 0.590625 0.021875 0.11015625
0 0.5796875 0.590625 0.01640625 0.1078125
0 0.5609375 0.59296875 0.0203125 0.10234375
0 0.5375 0.5890625 0.02734375 0.10703125
0 0.50703125 0.5921875 0.03125 0.09921875
0 0.475 0.59453125 0.03359375 0.11171875
0 0.440625 0.59609375 0.0296875 0.10546875
0 0.409375 0.59453125 0.03125 0.1109375
0 0.3765625 0.59609375 0.03125 0.10546875
0 0.34609375 0.59765625 0.03046875 0.109375
0 0.31328125 0.59765625 0.0328125 0.10703125
0 0.165625 0.7515625 0.028125 0.0546875
0 0.76875 0.72734375 0.0171875 0.04140625
0 0.45234375 0.19375 0.0234375 0.08046875
0 0.44140625 0.859375 0.0359375 0.09140625
0 0.203125 0.309375 0.04375 0.11953125
0 0.1640625 0.31015625 0.03203125 0.12265625
0 0.13046875 0.31328125 0.034375 0.11796875
0 0.97734375 0.18984375 0.0265625 0.09296875
0 0.95078125 0.1890625 0.0265625 0.09296875
0 0.921875 0.18984375 0.0296875 0.0953125
0 0.89296875 0.1890625 0.0265625 0.09921875
0 0.8671875 0.1890625 0.0203125 0.0953125
0 0.8421875 0.1875 0.0296875 0.0984375
0 0.8125 0.18671875 0.0296875 0.09921875
0 0.78359375 0.18515625 0.028125 0.103125
0 0.23984375 0.3125 0.0296875 0.11328125
0 0.75546875 0.18515625 0.0296875 0.10234375
0 0.7046875 0.18359375 0.03125 0.1
0 0.675 0.17421875 0.028125 0.11796875
0 0.6375 0.18671875 0.021875 0.09609375
0 0.6140625 0.18828125 0.0234375 0.09296875
0 0.2015625 0.80859375 0.0390625 0.0203125
0 0.12890625 0.1640625 0.040625 0.1171875
0 0.171875 0.1671875 0.0453125 0.1109375
0 0.2203125 0.16484375 0.0421875 0.1109375
0 0.271875 0.17265625 0.05 0.109375
0 0.3125 0.16875 0.0296875 0.115625
0 0.18203125 0.60234375 0.0328125 0.11171875
0 0.73046875 0.18515625 0.0203125 0.1015625
0 0.290625 0.3140625 0.046875 0.11015625
0 0.33046875 0.32578125 0.03125 0.0875
0 0.34921875 0.175 0.03515625 0.10546875
0 0.321875 0.86640625 0.03671875 0.09453125
0 0.246875 0.8265625 0.021875 0.05546875
0 0.58828125 0.1953125 0.02578125 0.07421875
0 0.55703125 0.2171875 0.0328125 0.040625
0 0.5234375 0.19375 0.0265625 0.07578125
0 0.4859375 0.18671875 0.04375 0.09609375
0 0.40546875 0.859375 0.0375 0.08984375
0 0.40546875 0.80078125 0.0390625 0.025
0 0.81328125 0.725 0.0265625 0.0390625
0 0.8359375 0.72265625 0.01953125 0.03515625
0 0.8546875 0.72421875 0.0171875 0.03125
0 0.8734375 0.7234375 0.0203125 0.03203125
0 0.89765625 0.71484375 0.028125 0.046875
0 0.9234375 0.7015625 0.0234375 0.0515625
0 0.96328125 0.71328125 0.04375 0.04609375
0 0.9921875 0.7015625 0.015625 0.04609375
0 0.1546875 0.88359375 0.040625 0.0984375
0 0.19453125 0.8828125 0.0390625 0.1
0 0.503125 0.31875 0.02890625 0.1078125
0 0.4703125 0.31953125 0.0296875 0.10703125
0 0.43828125 0.33046875 0.0328125 0.08515625
0 0.40390625 0.328125 0.034375 0.08984375
0 0.36328125 0.3296875 0.0359375 0.08984375
0 0.4140625 0.175 0.025 0.11015625
0 0.3796875 0.1734375 0.0265625 0.1078125
0 0.78828125 0.725 0.02265625 0.03828125
0 0.1421875 0.60234375 0.0390625 0.1109375
0 0.27890625 0.8234375 0.04140625 0.02265625
0 0.95546875 0.4609375 0.021875 0.096875
0 0.76328125 0.3171875 0.028125 0.1015625
0 0.73125 0.31875 0.034375 0.10390625
0 0.69921875 0.31875 0.0296875 0.10078125
0 0.66875 0.321875 0.025 0.1015625
0 0.63984375 0.32109375 0.0296875 0.10234375
0 0.6125 0.3203125 0.025 0.103125
0 0.5859375 0.3203125 0.02578125 0.10703125
0 0.55703125 0.35 0.03125 0.04609375
0 0.5296875 0.3546875 0.0234375 0.0390625
0 0.48671875 0.85625 0.04140625 0.10078125
0 0.528125 0.85625 0.0421875 0.10078125
0 0.57109375 0.85 0.03984375 0.09296875
0 0.60859375 0.85078125 0.03125 0.08984375
0 0.64375 0.84921875 0.03828125 0.0875
0 0.68125 0.853125 0.0359375 0.08046875
0 0.64765625 0.7875 0.0375 0.02109375
0 0.7140625 0.79921875 0.034375 0.02265625
0 0.71796875 0.84921875 0.0328125 0.075
0 0.75078125 0.8421875 0.03203125 0.08984375
0 0.790625 0.84140625 0.034375 0.0875
0 0.8234375 0.83828125 0.0328125 0.09296875
0 0.85859375 0.83828125 0.0328125 0.08046875
0 0.89375 0.81015625 0.03125 0.096875
0 0.2828125 0.87578125 0.040625 0.07734375
0 0.98046875 0.4640625 0.0265625 0.09453125
0 0.79296875 0.3234375 0.028125 0.09140625
0 0.8234375 0.315625 0.0296875 0.1078125
0 0.95703125 0.82890625 0.059375 0.08828125
0 0.8796875 0.3203125 0.0234375 0.103125
0 0.853125 0.32421875 0.02890625 0.08984375
0 0.9265625 0.45859375 0.03125 0.1
0 0.8703125 0.46640625 0.0234375 0.084375
0 0.84296875 0.465625 0.02734375 0.084375
0 0.7875 0.46640625 0.0328125 0.08984375
0 0.7546875 0.459375 0.03046875 0.10078125
0 0.7234375 0.46015625 0.03046875 0.10390625
0 0.69375 0.46015625 0.0265625 0.103125
0 0.665625 0.4625 0.03125 0.103125
0 0.63671875 0.4625 0.0265625 0.1
0 0.60703125 0.4640625 0.03125 0.103125
0 0.57890625 0.4625 0.025 0.10546875
0 0.5484375 0.4671875 0.0328125 0.10390625
0 0.89375 0.46015625 0.0203125 0.0921875
0 0.478125 0.46640625 0.0390625 0.103125
0 0.5140625 0.46640625 0.0328125 0.103125
0 0.9140625 0.32109375 0.04296875 0.09765625
0 0.1359375 0.46484375 0.0390625 0.1125
0 0.17734375 0.465625 0.0359375 0.11171875
0 0.2140625 0.4640625 0.034375 0.1125
0 0.9578125 0.321875 0.0453125 0.09765625
0 0.27890625 0.46015625 0.0328125 0.11328125
0 0.315625 0.46171875 0.0328125 0.11484375
0 0.359375 0.47578125 0.05 0.08671875
0 0.4078125 0.47578125 0.0453125 0.09140625
0 0.44375 0.465625 0.025 0.10390625
0 0.246875 0.46484375 0.03203125 0.10546875