0 0.29296875 0.61640625 0.0546875 0.0765625
0 0.90625 0.6765625 0.03203125 0.078125
0 0.840625 0.6171875 0.09140625 0.07734375
0 0.74296875 0.61875 0.09609375 0.07421875
0 0.6484375 0.615625 0.08984375 0.07265625
0 0.55703125 0.6171875 0.0859375 0.07265625
0 0.465625 0.61796875 0.09375 0.07578125
0 0.3703125 0.6140625 0.09375 0.075
0 0.94140625 0.678125 0.03515625 0.078125
0 0.1734375 0.6171875 0.0546875 0.0765625
0 0.1171875 0.61796875 0.0546875 0.0765625
0 0.1296875 0.51015625 0.0375 0.09296875
0 0.1734375 0.50859375 0.04140625 0.09765625
0 0.228125 0.50859375 0.0625 0.08984375
0 0.2875 0.50625 0.04375 0.09375
0 0.33359375 0.50703125 0.04375 0.09375
0 0.38125 0.50546875 0.04375 0.09375
0 0.42734375 0.50703125 0.04375 0.09375
0 0.475 0.50546875 0.04375 0.09375
0 0.52265625 0.50703125 0.04375 0.09375
0 0.5703125 0.50625 0.04375 0.09375
0 0.61875 0.50703125 0.04375 0.09375
0 0.6640625 0.50859375 0.04375 0.09375
0 0.7484375 0.515625 0.1 0.07734375
0 0.0109375 0.61484375 0.021875 0.078125
0 0.05625 0.61328125 0.06171875 0.08203125
0 0.23359375 0.61875 0.0546875 0.0765625
0 0.08828125 0.50859375 0.0375 0.0921875
0 0.94375 0.8109375 0.0390625 0.0921875
0 0.04296875 0.71171875 0.05703125 0.08125
0 0.04375 0.50546875 0.0484375 0.09609375
0 0.23046875 0.809375 0.0515625 0.0296875
0 0.28203125 0.83671875 0.0515625 0.0296875
0 0.228125 0.83984375 0.0515625 0.0296875
0 0.1734375 0.80703125 0.0515625 0.0296875
0 0.11796875 0.80625 0.0515625 0.0296875
0 0.1734375 0.8390625 0.05234375 0.0296875
0 0.12109375 0.8375 0.0515625 0.0296875
0 0.06484375 0.83828125 0.0484375 0.028125
0 0.01875 0.8375 0.0375 0.028125
0 0.98203125 0.8078125 0.03515625 0.0953125
0 0.9046875 0.8109375 0.03359375 0.0890625
0 0.85625 0.7234375 0.0546875 0.07421875
0 0.8 0.72109375 0.0546875 0.075
0 0.7421875 0.71953125 0.05390625 0.07578125
0 0.6796875 0.71640625 0.05390625 0.07578125
0 0.6234375 0.715625 0.0546875 0.07578125
0 0.56484375 0.715625 0.0546875 0.075
0 0.5078125 0.7171875 0.0546875 0.07578125
0 0.45078125 0.71796875 0.05234375 0.075
0 0.3953125 0.7171875 0.05234375 0.075
0 0.3296875 0.7046875 0.02265625 0.06875
0 0.3546875 0.7078125 0.02109375 0.0703125
0 0.284375 0.7171875 0.0609375 0.0765625
0 0.21953125 0.71484375 0.0546875 0.0765625
0 0.16171875 0.715625 0.0546875 0.0765625
0 0.10546875 0.7109375 0.05703125 0.08125
0 0.98203125 0.678125 0.03515625 0.08046875
0 0.9828125 0.56875 0.034375 0.09375
0 0.146875 0.15859375 0.06171875 0.1046875
0 0.91171875 0.57265625 0.03359375 0.0890625
0 0.3703125 0.16484375 0.0578125 0.08828125
0 0.4328125 0.16640625 0.0578125 0.08828125
0 0.49609375 0.1625 0.0484375 0.0921875
0 0.54921875 0.16328125 0.0484375 0.09765625
0 0.603125 0.1640625 0.0484375 0.09765625
0 0.6546875 0.16484375 0.0484375 0.09765625
0 0.30625 0.16484375 0.0578125 0.08828125
0 0.709375 0.16171875 0.0484375 0.09765625
0 0.8140625 0.1625 0.0484375 0.09765625
0 0.8671875 0.1640625 0.04765625 0.0921875
0 0.92890625 0.20625 0.03046875 0.09453125
0 0.9671875 0.20546875 0.0390625 0.096875
0 0.96171875 0.325 0.0375 0.0875
0 0.046875 0.27578125 0.04296875 0.096875
0 0.7625 0.16015625 0.0484375 0.09765625
0 0.09609375 0.275 0.0453125 0.1
0 0.2296875 0.16015625 0.0859375 0.09453125
0 0.09453125 0.165625 0.03671875 0.0859375
0 0.0296875 0.034375 0.046875 0.06875
0 0.078125 0.034375 0.03828125 0.06796875
0 0.1296875 0.034375 0.0625 0.06796875
0 0.2453125 0.034375 0.046875 0.06796875
0 0.29609375 0.034375 0.046875 0.06796875
0 0.3453125 0.034375 0.046875 0.06796875
0 0.284375 0.80546875 0.0515625 0.0296875
0 0.421875 0.03359375 0.09765625 0.06640625
0 0.54453125 0.0328125 0.046875 0.065625
0 0.59765625 0.0328125 0.046875 0.065625
0 0.6421875 0.034375 0.03984375 0.06796875
0 0.69375 0.03359375 0.05625 0.0671875
0 0.7578125 0.034375 0.0671875 0.06875
0 0.0421875 0.1578125 0.05859375 0.10234375
0 0.496875 0.0328125 0.04765625 0.065625
0 0.94765625 0.57109375 0.0296875 0.0890625
0 0.1484375 0.27734375 0.0453125 0.1
0 0.2515625 0.278125 0.04609375 0.09921875
0 0.215625 0.3921875 0.04140625 0.09375
0 0.26171875 0.39375 0.04296875 0.09375
0 0.309375 0.39375 0.04296875 0.09375
0 0.3578125 0.39453125 0.04296875 0.09375
0 0.403125 0.39609375 0.04296875 0.09375
0 0.45 0.3953125 0.04296875 0.09375
0 0.16875 0.3921875 0.04921875 0.09453125
0 0.4984375 0.3953125 0.04453125 0.0953125
0 0.6015625 0.396875 0.0453125 0.0953125
0 0.646875 0.4015625 0.040625 0.08828125
0 0.68984375 0.4 0.040625 0.08828125
0 0.7390625 0.39765625 0.0453125 0.09375
0 0.7921875 0.396875 0.0453125 0.09375
0 0.85625 0.3984375 0.07265625 0.08828125
0 0.54609375 0.39453125 0.04453125 0.09609375
0 0.20078125 0.278125 0.04609375 0.1
0 0.10859375 0.390625 0.0578125 0.09765625
0 0.01328125 0.39140625 0.0265625 0.0921875
0 0.30546875 0.278125 0.04609375 0.09921875
0 0.3609375 0.2796875 0.04609375 0.1
0 0.42109375 0.28125 0.0625 0.096875
0 0.48046875 0.2796875 0.04921875 0.09921875
0 0.53125 0.28046875 0.04921875 0.09921875
0 0.58515625 0.28046875 0.0484375 0.09921875
0 0.0546875 0.3921875 0.0453125 0.09453125
0 0.64609375 0.28359375 0.06484375 0.09296875
0 0.75234375 0.28125 0.04765625 0.0953125
0 0.80703125 0.284375 0.053125 0.0953125
0 0.86875 0.28203125 0.06328125 0.09375
0 0.9171875 0.43828125 0.0328125 0.09140625
0 0.95234375 0.4375 0.03515625 0.0921875
0 0.9875 0.440625 0.025 0.0953125
0 0.70390625 0.2828125 0.04765625 0.09609375
0 0.3375 0.834375 0.03671875 0.0390625
0 0.925 0.32421875 0.03125 0.0921875
0 0.425 0.83984375 0.05234375 0.02421875
0 0.3765625 0.8375 0.0375 0.0390625
0 0.78203125 0.77890625 0.0375 0.01328125
0 0.8609375 0.84140625 0.04296875 0.02265625
0 0.815625 0.84296875 0.04140625 0.0234375
0 0.77421875 0.8390625 0.0375 0.0375
0 0.73515625 0.83671875 0.03515625 0.03828125
0 0.69765625 0.83515625 0.0375 0.03828125
0 0.828125 0.7828125 0.040625 0.0171875
0 0.609375 0.83203125 0.0421875 0.04140625
0 0.565625 0.834375 0.03671875 0.03984375
0 0.52578125 0.83203125 0.03671875 0.0390625
0 0.4828125 0.77890625 0.04453125 0.015625
0 0.4359375 0.77890625 0.04453125 0.015625
0 0.478125 0.8390625 0.0484375 0.02421875
0 0.6546875 0.8328125 0.0421875 0.04140625