0 0.53671875 0.5828125 0.03359375 0.0265625
0 0.2890625 0.90703125 0.03828125 0.03671875
0 0.29609375 0.93828125 0.04140625 0.025
0 0.30703125 0.96171875 0.03828125 0.02421875
0 0.34765625 0.9640625 0.03359375 0.02578125
0 0.34140625 0.9359375 0.04296875 0.03125
0 0.33046875 0.90390625 0.03125 0.03359375
0 0.36796875 0.90390625 0.0421875 0.028125
0 0.378125 0.934375 0.03046875 0.03125
0 0.38125 0.9609375 0.03671875 0.02265625
0 0.42265625 0.9578125 0.04375 0.0296875
0 0.42109375 0.928125 0.046875 0.028125
0 0.4109375 0.8984375 0.03203125 0.03359375
0 0.45078125 0.90546875 0.0375 0.0296875
0 0.4578125 0.9328125 0.03046875 0.0203125
0 0.4578125 0.95703125 0.03359375 0.02734375
0 0.4984375 0.95703125 0.04375 0.03125
0 0.49609375 0.92734375 0.046875 0.02578125
0 0.52109375 0.74140625 0.096875 0.03671875
0 0.37421875 0.73984375 0.096875 0.03828125
0 0.634375 0.80234375 0.0375 0.0609375
0 0.59765625 0.8 0.0375 0.05390625
0 0.3640625 0.603125 0.04140625 0.02578125
0 0.40703125 0.58046875 0.0375 0.02734375
0 0.40546875 0.60546875 0.0390625 0.02109375
0 0.4515625 0.5796875 0.03984375 0.02734375
0 0.45078125 0.6046875 0.04140625 0.02421875
0 0.49296875 0.58046875 0.0421875 0.02421875
0 0.49375 0.60546875 0.03515625 0.02734375
0 0.8671875 0.88046875 0.07421875 0.09921875
0 0.4875 0.89765625 0.02890625 0.03515625
0 0.53125 0.61015625 0.04375 0.028125
0 0.61796875 0.60390625 0.03671875 0.02734375
0 0.315625 0.79921875 0.0375 0.07421875
0 0.359375 0.46953125 0.04296875 0.02734375
0 0.3984375 0.7984375 0.0421875 0.07109375
0 0.43984375 0.7953125 0.0421875 0.07265625
0 0.4796875 0.79609375 0.0390625 0.071875
0 0.51953125 0.8 0.04140625 0.06171875
0 0.55859375 0.7984375 0.0390625 0.05703125
0 0.58125 0.60234375 0.03671875 0.0296875
0 0.36484375 0.578125 0.03984375 0.02265625
0 0.52734375 0.89609375 0.04296875 0.03671875
0 0.5375 0.9546875 0.03671875 0.025
0 0.4875 0.43828125 0.03828125 0.03125
0 0.44609375 0.4375 0.0421875 0.03125
0 0.4046875 0.4375 0.0453125 0.03046875
0 0.3625 0.4375 0.03828125 0.03125
0 0.6375 0.46640625 0.03359375 0.03125
0 0.60078125 0.46796875 0.03984375 0.02578125
0 0.56015625 0.46953125 0.0390625 0.028125
0 0.403125 0.51875 0.0453125 0.0640625
0 0.44609375 0.515625 0.04140625 0.06953125
0 0.4859375 0.515625 0.03828125 0.065625
0 0.52734375 0.515625 0.04296875 0.0671875
0 0.56953125 0.5171875 0.04296875 0.065625
0 0.609375 0.51796875 0.03671875 0.0640625
0 0.52578125 0.46796875 0.03359375 0.03046875
0 0.48671875 0.4671875 0.04296875 0.02734375
0 0.44609375 0.4671875 0.03828125 0.02734375
0 0.40078125 0.4671875 0.040625 0.03125
0 0.5265625 0.4375 0.0390625 0.03125
0 0.35859375 0.51796875 0.0453125 0.0640625
0 0.315625 0.51796875 0.040625 0.065625
0 0.31171875 0.46328125 0.0484375 0.03984375
0 0.5734375 0.953125 0.03359375 0.028125
0 0.571875 0.92578125 0.03671875 0.02578125
0 0.6140625 0.928125 0.03828125 0.07265625
0 0.6359375 0.8734375 0.03125 0.01953125
0 0.7828125 0.89765625 0.0890625 0.06875
0 0.69375 0.8859375 0.0859375 0.09375
0 0.44140625 0.3046875 0.0546875 0.03203125
0 0.48984375 0.30625 0.0421875 0.03046875
0 0.53359375 0.9296875 0.03203125 0.02578125
0 0.53125 0.30546875 0.03984375 0.03046875
0 0.3609375 0.34921875 0.046875 0.06484375
0 0.4046875 0.34765625 0.04140625 0.0625
0 0.44765625 0.35 0.0453125 0.05859375
0 0.490625 0.35078125 0.040625 0.0609375
0 0.5328125 0.3515625 0.04609375 0.059375
0 0.5734375 0.35234375 0.034375 0.059375
0 0.615625 0.3515625 0.0453125 0.0625
0 0.66015625 0.3515625 0.04375 0.0625
0 0.31171875 0.34765625 0.05 0.0671875
0 0.64765625 0.65859375 0.03515625 0.071875
0 0.3578125 0.8 0.04296875 0.07421875
0 0.5671875 0.65703125 0.03828125 0.06640625
0 0.61015625 0.6578125 0.0375 0.07109375
0 0.909375 0.06796875 0.08359375 0.08359375
0 0.81953125 0.08046875 0.09765625 0.05859375
0 0.92265625 0.234375 0.1375 0.15078125
0 0.80625 0.25234375 0.09375 0.11328125
0 0.9296875 0.4125 0.07265625 0.10234375
0 0.85078125 0.4109375 0.08671875 0.10078125
0 0.75234375 0.41328125 0.07265625 0.09921875
0 0.95390625 0.54609375 0.08125 0.11796875
0 0.86953125 0.54375 0.0859375 0.11328125
0 0.78828125 0.5390625 0.078125 0.11640625
0 0.9515625 0.7046875 0.096875 0.12578125
0 0.64921875 0.51796875 0.0390625 0.0671875
0 0.7828125 0.8234375 0.08515625 0.075
0 0.82734375 0.6921875 0.10078125 0.1375
0 0.4453125 0.6578125 0.04609375 0.07109375
0 0.40078125 0.65859375 0.04375 0.0703125
0 0.3609375 0.66171875 0.03828125 0.075
0 0.32421875 0.66171875 0.0375 0.07421875
0 0.48828125 0.6578125 0.04296875 0.0703125
0 0.32421875 0.58359375 0.03828125 0.028125
0 0.603125 0.4375 0.0390625 0.03046875
0 0.56484375 0.43828125 0.0375 0.0296875
0 0.946875 0.8828125 0.0875 0.103125
0 0.32421875 0.6109375 0.0390625 0.02734375
0 0.5296875 0.659375 0.0375 0.06796875