0 0.8953125 0.14296875 0.03828125 0.02734375
0 0.95078125 0.19296875 0.0203125 0.05078125
0 0.79375 0.18828125 0.040625 0.06484375
0 0.87890625 0.1890625 0.0375 0.065625
0 0.83828125 0.18828125 0.04375 0.065625
0 0.75234375 0.1890625 0.040625 0.0640625
0 0.91953125 0.190625 0.04375 0.06640625
0 0.98125 0.18671875 0.0375 0.06015625
0 0.5375 0.95546875 0.01484375 0.08359375
0 0.575 0.959375 0.01875 0.0796875
0 0.56015625 0.9390625 0.015625 0.0796875
0 0.51796875 0.95625 0.0203125 0.0875
0 0.5015625 0.95625 0.01484375 0.0859375
0 0.4828125 0.9578125 0.0203125 0.08203125
0 0.425 0.95859375 0.01875 0.0828125
0 0.6765625 0.2015625 0.03984375 0.04609375
0 0.44453125 0.9515625 0.015625 0.09140625
0 0.75078125 0.25546875 0.0421875 0.06484375
0 0.6453125 0.203125 0.021875 0.04296875
0 0.3796875 0.190625 0.04453125 0.11953125
0 0.79453125 0.11953125 0.0421875 0.06796875
0 0.40703125 0.95859375 0.0171875 0.0828125
0 0.61953125 0.95859375 0.0140625 0.0828125
0 0.60390625 0.95859375 0.0171875 0.0828125
0 0.0109375 0.2140625 0.021875 0.07734375
0 0.040625 0.2140625 0.03046875 0.07734375
0 0.0875 0.21171875 0.034375 0.08125
0 0.140625 0.209375 0.0484375 0.0671875
0 0.22109375 0.21328125 0.0296875 0.08828125
0 0.27109375 0.21328125 0.03125 0.08125
0 0.30625 0.21171875 0.0296875 0.084375
0 0.3390625 0.21171875 0.0296875 0.08984375
0 0.4265625 0.18984375 0.04453125 0.11796875
0 0.4703125 0.18984375 0.0421875 0.11875
0 0.51640625 0.190625 0.046875 0.11953125
0 0.56328125 0.18671875 0.0484375 0.12578125
0 0.609375 0.18828125 0.04453125 0.12734375
0 0.6625 0.2578125 0.04375 0.0640625
0 0.70703125 0.25625 0.04375 0.06796875
0 0.753125 0.121875 0.0421875 0.06640625
0 0.83046875 0.128125 0.0296875 0.0546875
0 0.3890625 0.9609375 0.01796875 0.078125
0 0.8765625 0.253125 0.04375 0.0625
0 0.7921875 0.25546875 0.0421875 0.06171875
0 0.47890625 0.671875 0.021875 0.11875
0 0.45625 0.67421875 0.0234375 0.11796875
0 0.43203125 0.67421875 0.02421875 0.11875
0 0.41015625 0.675 0.0203125 0.11796875
0 0.38828125 0.678125 0.021875 0.1171875
0 0.3671875 0.67890625 0.021875 0.11484375
0 0.3484375 0.6703125 0.01875 0.11015625
0 0.3265625 0.67109375 0.025 0.10703125
0 0.29921875 0.6796875 0.025 0.11796875
0 0.2765625 0.6796875 0.02109375 0.11953125
0 0.25 0.68203125 0.02578125 0.1203125
0 0.22578125 0.68125 0.0234375 0.115625
0 0.53984375 0.44765625 0.028125 0.01953125
0 0.5015625 0.671875 0.021875 0.11875
0 0.5703125 0.44765625 0.028125 0.02265625
0 0.59140625 0.5234375 0.0328125 0.10234375
0 0.5609375 0.525 0.0296875 0.10703125
0 0.5296875 0.5203125 0.02890625 0.1171875
0 0.503125 0.51875 0.025 0.115625
0 0.4765625 0.5203125 0.02890625 0.11484375
0 0.45 0.51953125 0.0234375 0.1140625
0 0.4265625 0.5203125 0.025 0.1125
0 0.40078125 0.51953125 0.0203125 0.1265625
0 0.375 0.51875 0.028125 0.128125
0 0.346875 0.51953125 0.02578125 0.1265625
0 0.32109375 0.521875 0.028125 0.125
0 0.29453125 0.52109375 0.025 0.125
0 0.265625 0.52109375 0.03125 0.12578125
0 0.6234375 0.5234375 0.03125 0.1015625
0 0.2375 0.5203125 0.025 0.12421875
0 0.5234375 0.67109375 0.01875 0.1203125
0 0.56796875 0.66953125 0.0265625 0.1140625
0 0.3265625 0.83359375 0.0203125 0.11796875
0 0.346875 0.83046875 0.021875 0.11171875
0 0.37109375 0.82734375 0.02265625 0.11640625
0 0.403125 0.82578125 0.025 0.11328125
0 0.4265625 0.82421875 0.021875 0.115625
0 0.4484375 0.82578125 0.0203125 0.11875
0 0.4703125 0.8234375 0.02578125 0.12265625
0 0.5171875 0.8203125 0.0203125 0.11796875
0 0.53671875 0.82265625 0.0203125 0.11171875
0 0.5546875 0.81484375 0.015625 0.10703125
0 0.57734375 0.81953125 0.021875 0.11875
0 0.6 0.81953125 0.021875 0.11796875
0 0.61953125 0.80703125 0.0140625 0.109375
0 0.5453125 0.65859375 0.01796875 0.10859375
0 0.21875 0.96484375 0.01796875 0.06953125
0 0.2578125 0.9625 0.0171875 0.07109375
0 0.275 0.96171875 0.01875 0.07265625
0 0.29375 0.9625 0.0171875 0.07265625
0 0.3140625 0.96015625 0.0234375 0.0734375
0 0.33203125 0.95703125 0.0140625 0.08046875
0 0.35078125 0.96171875 0.01953125 0.0765625
0 0.30546875 0.83203125 0.02109375 0.11796875
0 0.2859375 0.83125 0.01875 0.11640625
0 0.26171875 0.834375 0.02734375 0.11171875
0 0.2375 0.83203125 0.01875 0.1203125
0 0.2140625 0.834375 0.0296875 0.11484375
0 0.621875 0.67265625 0.025 0.1203125
0 0.59921875 0.671875 0.021875 0.12265625
0 0.2375 0.96328125 0.0203125 0.071875
0 0.3703125 0.96015625 0.01875 0.07734375
0 0.2109375 0.521875 0.02890625 0.12265625
0 0.1265625 0.90703125 0.04609375 0.0625
0 0.7328125 0.890625 0.0796875 0.17109375
0 0.6515625 0.85390625 0.046875 0.1375
0 0.9203125 0.71640625 0.07734375 0.05625
0 0.9203125 0.66171875 0.075 0.053125
0 0.925 0.60234375 0.08125 0.05390625
0 0.91953125 0.546875 0.09453125 0.05234375
0 0.83203125 0.5453125 0.07734375 0.05
0 0.84296875 0.71953125 0.075 0.05625
0 0.84453125 0.6625 0.078125 0.05390625
0 0.84453125 0.60546875 0.0765625 0.05703125
0 0.7625 0.66484375 0.08359375 0.17109375
0 0.6796875 0.6625 0.08125 0.17421875
0 0.9296875 0.46875 0.084375 0.05390625
0 0.81328125 0.8875 0.0765625 0.17734375
0 0.846875 0.46796875 0.08125 0.05390625
0 0.68125 0.47421875 0.08203125 0.06015625
0 0.6828125 0.41328125 0.084375 0.05625
0 0.7671875 0.41328125 0.0859375 0.05703125
0 0.85234375 0.4109375 0.0828125 0.05859375
0 0.934375 0.4109375 0.0796875 0.059375
0 0.934375 0.35078125 0.08046875 0.05390625
0 0.8515625 0.35234375 0.08125 0.059375
0 0.76640625 0.353125 0.0828125 0.06171875
0 0.67890625 0.35703125 0.090625 0.05625
0 0.99140625 0.25234375 0.0171875 0.0703125
0 0.96171875 0.2546875 0.0421875 0.06796875
0 0.9203125 0.25625 0.040625 0.06640625
0 0.8359375 0.253125 0.03984375 0.0609375
0 0.76484375 0.471875 0.0828125 0.06328125
0 0.171875 0.90625 0.04296875 0.065625
0 0.915625 0.82578125 0.08671875 0.11953125
0 0.92109375 0.94609375 0.0859375 0.1078125
0 0.0796875 0.90859375 0.046875 0.06640625
0 0.03828125 0.91015625 0.034375 0.06484375
0 0.165625 0.7984375 0.0546875 0.0671875
0 0.11953125 0.8 0.034375 0.065625
0 0.0734375 0.80625 0.05625 0.06640625
0 0.03203125 0.80625 0.028125 0.0640625
0 0.17421875 0.696875 0.0453125 0.05703125
0 0.1234375 0.6953125 0.05 0.06171875
0 0.07421875 0.696875 0.046875 0.06640625
0 0.0296875 0.69609375 0.0421875 0.06796875
0 0.16875 0.5765625 0.04765625 0.06953125
0 0.12265625 0.57734375 0.0421875 0.06953125
0 0.075 0.578125 0.0484375 0.07421875
0 0.9796875 0.8125 0.0390625 0.10234375
0 0.028125 0.5796875 0.04453125 0.07109375
0 0.06015625 0.45078125 0.0734375 0.07109375
0 0.6015625 0.35234375 0.04765625 0.1296875
0 0.55234375 0.3515625 0.05078125 0.13046875
0 0.5046875 0.353125 0.04453125 0.1328125
0 0.45703125 0.35703125 0.0484375 0.12421875
0 0.40859375 0.3578125 0.04375 0.12578125
0 0.35390625 0.3578125 0.05 0.12265625
0 0.30078125 0.359375 0.046875 0.1140625
0 0.26015625 0.36015625 0.034375 0.11484375
0 0.2203125 0.36015625 0.04453125 0.11484375
0 0.146875 0.328125 0.0671875 0.0703125
0 0.03125 0.3296875 0.0625 0.07421875
0 0.98203125 0.9328125 0.0359375 0.134375
0 0.13359375 0.4484375 0.075 0.07421875
0 0.46171875 0.9546875 0.02109375 0.08984375