0 0.93203125 0.5359375 0.0203125 0.07578125
0 0.97890625 0.5328125 0.021875 0.07265625
0 0.1953125 0.45703125 0.0328125 0.08203125
0 0.2359375 0.45546875 0.04375 0.07265625
0 0.28046875 0.45234375 0.034375 0.07734375
0 0.7046875 0.43515625 0.0375 0.059375
0 0.33046875 0.4515625 0.059375 0.0625
0 0.45625 0.45078125 0.01875 0.05859375
0 0.496875 0.434375 0.05546875 0.0859375
0 0.55 0.440625 0.0359375 0.0671875
0 0.5921875 0.440625 0.0375 0.06171875
0 0.62578125 0.434375 0.0265625 0.07109375
0 0.66171875 0.4359375 0.0390625 0.06171875
0 0.95546875 0.534375 0.01875 0.0765625
0 0.74453125 0.4328125 0.03671875 0.05859375
0 0.19609375 0.25625 0.0640625 0.09921875
0 0.8125 0.4140625 0.03828125 0.090625
0 0.16796875 0.0453125 0.06484375 0.0890625
0 0.25234375 0.0484375 0.0671875 0.0953125
0 0.33515625 0.04765625 0.065625 0.0953125
0 0.4203125 0.0484375 0.06953125 0.09609375
0 0.48984375 0.05 0.06015625 0.09921875
0 0.5578125 0.05234375 0.0609375 0.103125
0 0.63359375 0.0515625 0.0734375 0.103125
0 0.7171875 0.05546875 0.05546875 0.11015625
0 0.78046875 0.05546875 0.065625 0.11015625
0 0.85078125 0.05625 0.06171875 0.11171875
0 0.95859375 0.05703125 0.08203125 0.11328125
0 0.7765625 0.45390625 0.0234375 0.0140625
0 0.90546875 0.5375 0.02890625 0.08125
0 0.83046875 0.2703125 0.05234375 0.06875
0 0.78515625 0.2703125 0.02890625 0.06875
0 0.72265625 0.2484375 0.0765625 0.1125
0 0.64609375 0.2609375 0.05703125 0.096875
0 0.53671875 0.24609375 0.1296875 0.10390625
0 0.43203125 0.25546875 0.0578125 0.08828125
0 0.31328125 0.24140625 0.16640625 0.12109375
0 0.98125 0.41484375 0.03671875 0.06796875
0 0.93671875 0.41640625 0.046875 0.06796875
0 0.8921875 0.41875 0.03046875 0.07265625
0 0.85390625 0.41171875 0.0390625 0.0875
0 0.9453125 0.24921875 0.08671875 0.10625
0 0.875 0.54140625 0.025 0.07734375
0 0.421875 0.440625 0.03984375 0.08359375
0 0.66484375 0.84765625 0.02890625 0.09140625
0 0.428125 0.88828125 0.03203125 0.09296875
0 0.4640625 0.884375 0.034375 0.084375
0 0.4984375 0.8796875 0.03046875 0.0875
0 0.53125 0.86171875 0.0265625 0.09921875
0 0.5953125 0.85390625 0.04140625 0.103125
0 0.6328125 0.853125 0.02890625 0.10234375
0 0.84140625 0.5515625 0.02734375 0.0703125
0 0.6984375 0.84140625 0.03046875 0.1015625
0 0.73125 0.8375 0.03046875 0.0953125
0 0.79375 0.825 0.0296875 0.09921875
0 0.82265625 0.8234375 0.0171875 0.0625
0 0.84296875 0.7984375 0.02109375 0.0578125
0 0.8703125 0.7734375 0.028125 0.065625
0 0.91171875 0.7703125 0.05078125 0.06796875
0 0.97109375 0.759375 0.05703125 0.08515625
0 0.26640625 0.7265625 0.01953125 0.0859375
0 0.2953125 0.72421875 0.02578125 0.0859375
0 0.39453125 0.89609375 0.03046875 0.08671875
0 0.3328125 0.72890625 0.04296875 0.0625
0 0.3625 0.8921875 0.02578125 0.10234375
0 0.2890625 0.909375 0.025 0.10390625
0 0.05703125 0.52265625 0.0453125 0.125
0 0.015625 0.528125 0.03125 0.11484375
0 0.11953125 0.35390625 0.05 0.09921875
0 0.06875 0.35390625 0.0375 0.09609375
0 0.02421875 0.35234375 0.046875 0.10234375
0 0.0984375 0.15 0.05546875 0.09921875
0 0.03671875 0.1484375 0.0609375 0.1015625
0 0.1078125 0.52109375 0.04609375 0.11953125
0 0.1515625 0.51953125 0.03828125 0.11953125
0 0.046875 0.721875 0.065625 0.10625
0 0.11015625 0.715625 0.053125 0.1171875
0 0.17421875 0.709375 0.06484375 0.10546875
0 0.1109375 0.840625 0.184375 0.0328125
0 0.05546875 0.9328125 0.07890625 0.09375
0 0.12734375 0.9265625 0.05703125 0.096875
0 0.1953125 0.91796875 0.06328125 0.08359375
0 0.25234375 0.91640625 0.0421875 0.09453125
0 0.325 0.89921875 0.0390625 0.0984375
0 0.38671875 0.72265625 0.0546875 0.02421875
0 0.2328125 0.7375 0.040625 0.06953125
0 0.25078125 0.5953125 0.03515625 0.08515625
0 0.9921875 0.64765625 0.015625 0.0671875
0 0.21171875 0.5984375 0.0390625 0.078125
0 0.38515625 0.7453125 0.05859375 0.0140625
0 0.2875 0.59375 0.03359375 0.07578125
0 0.31953125 0.58828125 0.02265625 0.0890625
0 0.35390625 0.58671875 0.03984375 0.08125
0 0.39375 0.5859375 0.03125 0.07890625
0 0.43046875 0.584375 0.03359375 0.075
0 0.46171875 0.57421875 0.0234375 0.0890625
0 0.4890625 0.55703125 0.02421875 0.075
0 0.5296875 0.5578125 0.0328125 0.084375
0 0.5921875 0.56796875 0.03515625 0.07890625
0 0.63359375 0.56484375 0.0359375 0.07890625
0 0.6859375 0.57265625 0.05546875 0.05234375
0 0.7328125 0.546875 0.0296875 0.08515625
0 0.95859375 0.65078125 0.04453125 0.06171875
0 0.915625 0.65390625 0.028125 0.06640625
0 0.87890625 0.66328125 0.0390625 0.05625
0 0.68828125 0.6796875 0.03125 0.06953125
0 0.80234375 0.6609375 0.028125 0.08828125
0 0.7671875 0.696875 0.03984375 0.02421875
0 0.72578125 0.6796875 0.03828125 0.06875
0 0.4484375 0.69765625 0.0578125 0.096875
0 0.50625 0.69921875 0.053125 0.07890625
0 0.55703125 0.690625 0.03359375 0.07578125
0 0.596875 0.69296875 0.034375 0.07421875
0 0.83359375 0.65546875 0.0296875 0.08515625
0 0.803125 0.5515625 0.0421875 0.07109375
0 0.6546875 0.67890625 0.02265625 0.0796875
0 0.62890625 0.6921875 0.02578125 0.0640625