0 0.646875 0.540625 0.1078125 0.0140625
0 0.65078125 0.52109375 0.10859375 0.01484375
0 0.653125 0.503125 0.109375 0.01484375
0 0.65234375 0.48046875 0.10546875 0.01796875
0 0.5359375 0.5046875 0.11171875 0.0140625
0 0.53671875 0.525 0.11328125 0.015625
0 0.784375 0.47421875 0.1203125 0.0078125
0 0.53671875 0.48515625 0.11953125 0.01640625
0 0.42265625 0.54453125 0.10546875 0.015625
0 0.534375 0.54296875 0.109375 0.01328125
0 0.76640625 0.49375 0.11328125 0.01875
0 0.884375 0.5359375 0.11953125 0.0171875
0 0.76171875 0.53828125 0.11328125 0.02109375
0 0.428125 0.6578125 0.1 0.01328125
0 0.54453125 0.58984375 0.121875 0.02109375
0 0.8015625 0.16015625 0.12265625 0.01953125
0 0.54375 0.6125 0.121875 0.01875
0 0.54453125 0.63359375 0.11953125 0.01484375
0 0.5421875 0.65234375 0.12109375 0.015625
0 0.671875 0.58671875 0.1203125 0.0171875
0 0.66875 0.60859375 0.11640625 0.01640625
0 0.66875 0.62890625 0.1203125 0.01484375
0 0.66796875 0.65 0.11796875 0.015625
0 0.03125 0.42265625 0.0625 0.0171875
0 0.0328125 0.44375 0.065625 0.0171875
0 0.13046875 0.3953125 0.12890625 0.0203125
0 0.13203125 0.41953125 0.13203125 0.02109375
0 0.13671875 0.44453125 0.12890625 0.021875
0 0.428125 0.6390625 0.103125 0.01484375
0 0.428125 0.62109375 0.10390625 0.0140625
0 0.428125 0.60078125 0.10703125 0.015625
0 0.428125 0.58125 0.10703125 0.015625
0 0.88828125 0.49140625 0.115625 0.01796875
0 0.8859375 0.5140625 0.1171875 0.0171875
0 0.97578125 0.48828125 0.0484375 0.0203125
0 0.975 0.51328125 0.05 0.0203125
0 0.97421875 0.534375 0.0515625 0.015625
0 0.05859375 0.59765625 0.1171875 0.021875
0 0.06015625 0.6203125 0.11484375 0.01953125
0 0.7671875 0.515625 0.11484375 0.0171875
0 0.06015625 0.640625 0.1203125 0.0171875
0 0.184375 0.596875 0.12734375 0.0171875
0 0.184375 0.61875 0.1265625 0.0171875
0 0.1875 0.6390625 0.13046875 0.01640625
0 0.1875 0.66015625 0.11875 0.01796875
0 0.3109375 0.6140625 0.11953125 0.015625
0 0.3125 0.6359375 0.11796875 0.01796875
0 0.31171875 0.6578125 0.11953125 0.015625
0 0.0625 0.6640625 0.121875 0.01796875
0 0.31015625 0.59453125 0.11953125 0.01875
0 0.0578125 0.54765625 0.11171875 0.02109375
0 0.675 0.20234375 0.1234375 0.01953125
0 0.421875 0.52421875 0.10703125 0.01640625
0 0.421875 0.5046875 0.11015625 0.01640625
0 0.421875 0.484375 0.10625 0.01875
0 0.30625 0.54375 0.11796875 0.01875
0 0.30546875 0.5203125 0.12421875 0.02265625
0 0.30546875 0.49765625 0.11875 0.0203125
0 0.17890625 0.54609375 0.12265625 0.01875
0 0.17734375 0.521875 0.12265625 0.02109375
0 0.17578125 0.5 0.134375 0.01875
0 0.2609375 0.3859375 0.121875 0.01953125
0 0.05546875 0.525 0.1078125 0.021875
0 0.053125 0.5015625 0.10625 0.021875
0 0.96328125 0.4375 0.0734375 0.01484375
0 0.965625 0.41953125 0.06875 0.0171875
0 0.2765625 0.190625 0.02734375 0.08515625
0 0.24453125 0.19296875 0.028125 0.08671875
0 0.2125 0.190625 0.0328125 0.09140625
0 0.49765625 0.403125 0.11796875 0.0171875
0 0.50078125 0.42265625 0.11796875 0.0171875
0 0.5 0.44296875 0.11953125 0.02109375
0 0.63125 0.39375 0.134375 0.015625
0 0.62734375 0.41484375 0.13125 0.02109375
0 0.62578125 0.43828125 0.12890625 0.01875
0 0.12578125 0.03984375 0.15078125 0.025
0 0.75546875 0.38046875 0.11328125 0.01953125
0 0.753125 0.4203125 0.1140625 0.015625
0 0.7484375 0.43984375 0.109375 0.0171875
0 0.965625 0.37890625 0.06875 0.01875
0 0.965625 0.39921875 0.06875 0.01875
0 0.13515625 0.18828125 0.03203125 0.08984375
0 0.1734375 0.18828125 0.034375 0.09296875
0 0.75625 0.40078125 0.10859375 0.0171875
0 0.12109375 0.06796875 0.140625 0.021875
0 0.1234375 0.09453125 0.13671875 0.021875
0 0.27421875 0.06171875 0.1359375 0.025
0 0.94765625 0.1109375 0.10390625 0.0171875
0 0.0203125 0.1875 0.028125 0.09296875
0 0.05625 0.1875 0.03046875 0.090625
0 0.09453125 0.18203125 0.0359375 0.09296875
0 0.30625 0.19375 0.01953125 0.0796875
0 0.33203125 0.1953125 0.02265625 0.078125
0 0.94921875 0.08828125 0.10078125 0.01796875
0 0.41640625 0.17109375 0.11328125 0.02109375
0 0.4171875 0.21953125 0.11796875 0.021875
0 0.54453125 0.165625 0.13203125 0.0234375
0 0.5453125 0.19453125 0.1296875 0.021875
0 0.54375 0.2203125 0.128125 0.02109375
0 0.6765625 0.15703125 0.11796875 0.01875
0 0.67421875 0.18046875 0.121875 0.0171875
0 0.4171875 0.1953125 0.11484375 0.01953125
0 0.6734375 0.22265625 0.11796875 0.01875
0 0.9515625 0.06484375 0.09609375 0.01953125
0 0.834375 0.08671875 0.12421875 0.02265625
0 0.2671875 0.09453125 0.13359375 0.02578125
0 0.35390625 0.09765625 0.0234375 0.028125
0 0.38203125 0.071875 0.0203125 0.02421875
0 0.384375 0.1 0.025 0.02578125
0 0.45703125 0.05234375 0.12265625 0.02109375
0 0.46171875 0.07734375 0.121875 0.021875
0 0.8296875 0.1109375 0.1203125 0.0203125
0 0.45859375 0.1015625 0.11953125 0.0203125
0 0.5828125 0.07890625 0.11484375 0.0171875
0 0.58046875 0.10390625 0.11171875 0.0203125
0 0.70859375 0.05859375 0.11796875 0.025
0 0.70625 0.0828125 0.12109375 0.01875
0 0.70234375 0.10703125 0.1234375 0.02109375
0 0.83671875 0.0625 0.12265625 0.0234375
0 0.5859375 0.053125 0.12265625 0.0234375
0 0.2625 0.40625 0.11875 0.01640625
0 0.51015625 0.2875 0.12421875 0.02421875
0 0.26484375 0.44375 0.11953125 0.0140625
0 0.9796875 0.69921875 0.03671875 0.0140625
0 0.98046875 0.71796875 0.03828125 0.01796875
0 0.97890625 0.73671875 0.0421875 0.0171875
0 0.43828125 0.7140625 0.12421875 0.015625
0 0.4390625 0.69453125 0.12265625 0.015625
0 0.3203125 0.76015625 0.11171875 0.01171875
0 0.3171875 0.7453125 0.1140625 0.01328125
0 0.3171875 0.7296875 0.10859375 0.0140625
0 0.2 0.76328125 0.1125 0.01484375
0 0.1984375 0.74375 0.11640625 0.015625
0 0.98125 0.68046875 0.03671875 0.01484375
0 0.1953125 0.72578125 0.115625 0.01640625
0 0.08203125 0.76484375 0.1109375 0.01640625
0 0.26484375 0.42421875 0.12265625 0.01875
0 0.2484375 0.3078125 0.13671875 0.01953125
0 0.24765625 0.33359375 0.134375 0.021875
0 0.3828125 0.30859375 0.1203125 0.01875
0 0.3828125 0.33203125 0.1296875 0.0203125
0 0.51171875 0.3109375 0.125 0.01953125
0 0.51171875 0.33359375 0.12734375 0.01953125
0 0.63515625 0.265625 0.12734375 0.0171875
0 0.64296875 0.2875 0.1171875 0.015625
0 0.1953125 0.70546875 0.11875 0.015625
0 0.64296875 0.309375 0.12734375 0.0171875
0 0.90078125 0.7390625 0.09921875 0.01796875
0 0.903125 0.68203125 0.096875 0.01328125
0 0.7984375 0.18203125 0.11953125 0.01875
0 0.7984375 0.203125 0.115625 0.0203125
0 0.79765625 0.2234375 0.11796875 0.02109375
0 0.921875 0.1625 0.109375 0.021875
0 0.9203125 0.184375 0.1125 0.0203125
0 0.9171875 0.20546875 0.11328125 0.015625
0 0.91875 0.22578125 0.115625 0.01875
0 0.1046875 0.2625 0.1390625 0.01640625
0 0.10546875 0.28515625 0.13359375 0.02265625
0 0.10546875 0.309375 0.13828125 0.0203125
0 0.903125 0.7203125 0.10234375 0.01484375
0 0.1109375 0.334375 0.1328125 0.02109375
0 0.4390625 0.7359375 0.121875 0.015625
0 0.43984375 0.75546875 0.11796875 0.01328125
0 0.56328125 0.69375 0.12109375 0.01640625
0 0.5609375 0.7125 0.115625 0.0171875
0 0.55859375 0.73125 0.1171875 0.015625
0 0.56171875 0.74921875 0.1140625 0.01484375
0 0.678125 0.71015625 0.10859375 0.0171875
0 0.68125 0.73046875 0.11171875 0.0140625
0 0.6765625 0.746875 0.1109375 0.0125
0 0.79296875 0.7421875 0.10625 0.0125
0 0.2453125 0.28359375 0.1171875 0.0171875
0 0.64453125 0.3328125 0.1234375 0.0234375
0 0.9046875 0.70234375 0.109375 0.01484375
0 0.771875 0.3109375 0.12578125 0.0203125
0 0.78671875 0.6265625 0.11171875 0.01640625
0 0.7859375 0.646875 0.1109375 0.01640625
0 0.909375 0.5765625 0.109375 0.015625
0 0.90546875 0.59453125 0.10859375 0.01640625
0 0.90078125 0.61171875 0.11015625 0.01640625
0 0.8984375 0.62890625 0.10625 0.0125
0 0.896875 0.64453125 0.10234375 0.01484375
0 0.98203125 0.5765625 0.0359375 0.015625
0 0.0296875 0.3828125 0.059375 0.01875
0 0.98125 0.59609375 0.03671875 0.0171875
0 0.98125 0.61171875 0.03671875 0.0125
0 0.978125 0.62734375 0.04375 0.0171875
0 0.97578125 0.64609375 0.0484375 0.0140625
0 0.07421875 0.70625 0.11484375 0.015625
0 0.7859375 0.6078125 0.11328125 0.015625
0 0.07734375 0.72734375 0.11171875 0.015625
0 0.08046875 0.7453125 0.11484375 0.01796875
0 0.03046875 0.40390625 0.0609375 0.0171875
0 0.5 0.38125 0.12265625 0.01640625
0 0.38203125 0.44375 0.11015625 0.01640625
0 0.3828125 0.42265625 0.1046875 0.01953125
0 0.38125 0.39921875 0.11171875 0.01875
0 0.9765625 0.33203125 0.046875 0.0171875
0 0.978125 0.309375 0.04375 0.01875
0 0.978125 0.2859375 0.04375 0.021875
0 0.89296875 0.33671875 0.1140625 0.0171875
0 0.89453125 0.31640625 0.1140625 0.0171875
0 0.896875 0.29609375 0.11484375 0.01875
0 0.8921875 0.271875 0.11171875 0.0171875
0 0.7703125 0.33359375 0.121875 0.01953125
0 0.77265625 0.2828125 0.1203125 0.02265625
0 0.79296875 0.58671875 0.11171875 0.01796875