0 0.5265625 0.3203125 0.05 0.10546875
0 0.5734375 0.321875 0.03828125 0.10859375
0 0.6234375 0.3234375 0.053125 0.10625
0 0.4328125 0.325 0.046875 0.10234375
0 0.47734375 0.32265625 0.0375 0.10078125
0 0.3828125 0.31953125 0.0484375 0.1140625
0 0.1703125 0.3171875 0.03828125 0.10625
0 0.28046875 0.32265625 0.0546875 0.109375
0 0.21875 0.3203125 0.05 0.10546875
0 0.11875 0.31640625 0.04921875 0.10390625
0 0.06875 0.315625 0.04296875 0.10625
0 0.95 0.19140625 0.04375 0.1140625
0 0.33203125 0.3203125 0.04765625 0.11171875
0 0.67421875 0.32265625 0.03984375 0.1046875
0 0.371875 0.46328125 0.059375 0.03984375
0 0.77265625 0.32265625 0.0484375 0.10390625
0 0.8265625 0.434375 0.02578125 0.03203125
0 0.3140625 0.4625 0.05625 0.03828125
0 0.89453125 0.19140625 0.06015625 0.10625
0 0.43125 0.4640625 0.05546875 0.03828125
0 0.48828125 0.46484375 0.05078125 0.0359375
0 0.8265625 0.46875 0.02734375 0.02890625
0 0.60859375 0.46640625 0.0546875 0.0390625
0 0.6640625 0.46640625 0.0578125 0.03984375
0 0.6078125 0.4234375 0.053125 0.03671875
0 0.5453125 0.41875 0.06328125 0.0421875
0 0.48828125 0.42265625 0.0546875 0.0453125
0 0.43203125 0.42265625 0.0484375 0.04375
0 0.3703125 0.41953125 0.05234375 0.040625
0 0.31171875 0.41953125 0.0609375 0.046875
0 0.25546875 0.41875 0.05546875 0.03984375
0 0.25546875 0.46171875 0.0578125 0.03828125
0 0.1953125 0.4578125 0.05234375 0.04140625
0 0.97890625 0.325 0.04140625 0.10546875
0 0.934375 0.325 0.04140625 0.10625
0 0.88359375 0.325 0.05859375 0.10625
0 0.8265625 0.32265625 0.05078125 0.11015625
0 0.72265625 0.32265625 0.05078125 0.1078125
0 0.84140625 0.19140625 0.0484375 0.1078125
0 0.16953125 0.50546875 0.121875 0.0234375
0 0.74296875 0.1921875 0.0375 0.109375
0 0.76328125 0.653125 0.05546875 0.03671875
0 0.70625 0.65 0.059375 0.03359375
0 0.70078125 0.6890625 0.0515625 0.04140625
0 0.759375 0.69296875 0.05859375 0.03515625
0 0.8203125 0.69296875 0.05859375 0.0375
0 0.81875 0.73125 0.06328125 0.034375
0 0.75859375 0.7328125 0.05703125 0.0328125
0 0.7015625 0.7296875 0.05703125 0.034375
0 0.95 0.5734375 0.05703125 0.0390625
0 0.94765625 0.61484375 0.06171875 0.03984375
0 0.88515625 0.61640625 0.05625 0.04140625
0 0.88359375 0.6578125 0.05546875 0.034375
0 0.94375 0.65703125 0.0609375 0.0375
0 0.93984375 0.696875 0.0609375 0.0328125
0 0.87890625 0.696875 0.05703125 0.034375
0 0.878125 0.73515625 0.04765625 0.0390625
0 0.934375 0.7359375 0.05390625 0.03828125
0 0.82421875 0.65234375 0.06015625 0.03828125
0 0.78671875 0.19140625 0.0484375 0.10625
0 0.8234375 0.61171875 0.05703125 0.03671875
0 0.70546875 0.6109375 0.053125 0.04140625
0 0.69375 0.19296875 0.0578125 0.10390625
0 0.64296875 0.18984375 0.0390625 0.11328125
0 0.59375 0.18828125 0.0578125 0.11015625
0 0.5421875 0.19296875 0.04140625 0.1046875
0 0.49453125 0.19140625 0.04765625 0.10625
0 0.059375 0.18671875 0.040625 0.1109375
0 0.11328125 0.18828125 0.034375 0.10703125
0 0.1578125 0.18671875 0.0421875 0.10390625
0 0.2046875 0.1875 0.0546875 0.103125
0 0.253125 0.1859375 0.0328125 0.10390625
0 0.29921875 0.1890625 0.05625 0.10546875
0 0.353125 0.18828125 0.0375 0.1109375
0 0.39765625 0.190625 0.0453125 0.109375
0 0.44765625 0.1921875 0.046875 0.10703125
0 0.85703125 0.43515625 0.02578125 0.03125
0 0.64453125 0.7265625 0.053125 0.040625
0 0.82890625 0.571875 0.05859375 0.03984375
0 0.7671875 0.61171875 0.0546875 0.03671875
0 0.88203125 0.43046875 0.02265625 0.03046875
0 0.5453125 0.4625 0.0625 0.03828125
0 0.93359375 0.42578125 0.0203125 0.025
0 0.21328125 0.7265625 0.05390625 0.03359375
0 0.1578125 0.7234375 0.05546875 0.0375
0 0.3296875 0.60625 0.05234375 0.03828125
0 0.33203125 0.64609375 0.0515625 0.03828125
0 0.3875 0.64765625 0.0546875 0.03828125
0 0.44453125 0.646875 0.0578125 0.03984375
0 0.50390625 0.64765625 0.0546875 0.034375
0 0.44765625 0.60625 0.05546875 0.03515625
0 0.33125 0.6859375 0.0578125 0.03828125
0 0.3875 0.6875 0.053125 0.03515625
0 0.44296875 0.6859375 0.053125 0.0359375
0 0.50234375 0.6859375 0.05546875 0.0375
0 0.50703125 0.72578125 0.0546875 0.0390625
0 0.4484375 0.728125 0.05234375 0.0359375
0 0.33359375 0.7265625 0.0578125 0.03984375
0 0.584375 0.6078125 0.05859375 0.03828125
0 0.5859375 0.6453125 0.06015625 0.03671875
0 0.584375 0.6859375 0.059375 0.03828125
0 0.58203125 0.72734375 0.06328125 0.03515625
0 0.64609375 0.5671875 0.0578125 0.03671875
0 0.646875 0.60859375 0.059375 0.03671875
0 0.85390625 0.47109375 0.02421875 0.034375
0 0.90859375 0.43046875 0.02265625 0.0328125
0 0.27109375 0.72421875 0.05703125 0.03828125
0 0.2734375 0.68359375 0.053125 0.03671875
0 0.39375 0.72578125 0.05234375 0.0390625
0 0.1578125 0.68359375 0.0515625 0.03984375
0 0.93125 0.46953125 0.02578125 0.03359375
0 0.95859375 0.471875 0.0234375 0.034375
0 0.9859375 0.4515625 0.02734375 0.071875
0 0.17734375 0.5375 0.11796875 0.0328125
0 0.31171875 0.50703125 0.13828125 0.0296875
0 0.28046875 0.565625 0.0625 0.0390625
0 0.10234375 0.6046875 0.04609375 0.040625
0 0.9046875 0.47109375 0.025 0.034375
0 0.88125 0.46796875 0.01953125 0.03359375
0 0.10234375 0.646875 0.04375 0.03359375
0 0.64375 0.64921875 0.0515625 0.03828125
0 0.15859375 0.64765625 0.0625 0.02890625
0 0.2171875 0.64765625 0.0515625 0.03125
0 0.2734375 0.64453125 0.05703125 0.03125
0 0.64375 0.68671875 0.05390625 0.03125
0 0.27265625 0.60625 0.05625 0.03828125
0 0.21328125 0.68515625 0.059375 0.03671875
0 0.16171875 0.6078125 0.06328125 0.04375
0 0.1015625 0.7203125 0.05390625 0.03671875
0 0.103125 0.6828125 0.0515625 0.03515625
0 0.21953125 0.60625 0.046875 0.04375