0 0.1375 0.4484375 0.02890625 0.04375
0 0.17109375 0.4484375 0.02890625 0.0453125
0 0.1984375 0.44921875 0.0171875 0.0453125
0 0.23046875 0.4375 0.02734375 0.06796875
0 0.10390625 0.446875 0.02578125 0.04375
0 0.14921875 0.3984375 0.02578125 0.053125
0 0.1078125 0.39609375 0.02265625 0.053125
0 0.18359375 0.39609375 0.01640625 0.053125
0 0.20703125 0.39609375 0.01875 0.0578125
0 0.24375 0.38359375 0.0265625 0.034375
0 0.27265625 0.396875 0.01953125 0.0515625
0 0.296875 0.3984375 0.02109375 0.04921875
0 0.32578125 0.40078125 0.02578125 0.0546875
0 0.2828125 0.4484375 0.01953125 0.0453125
0 0.2609375 0.4484375 0.01953125 0.0453125
0 0.93125 0.50390625 0.0984375 0.0234375
0 0.12734375 0.39609375 0.01328125 0.0578125
0 0.084375 0.39609375 0.01640625 0.05625
0 0.3625 0.46953125 0.02421875 0.0578125
0 0.3171875 0.6046875 0.0453125 0.0875
0 0.171875 0.69453125 0.11640625 0.0265625
0 0.28984375 0.6953125 0.115625 0.02421875
0 0.32734375 0.75546875 0.02890625 0.0890625
0 0.29453125 0.75625 0.02890625 0.090625
0 0.26328125 0.75390625 0.02734375 0.0890625
0 0.2359375 0.7546875 0.01953125 0.0859375
0 0.21171875 0.75234375 0.02578125 0.08125
0 0.17734375 0.7515625 0.0359375 0.0796875
0 0.14140625 0.74921875 0.03046875 0.078125
0 0.10234375 0.74375 0.03671875 0.06875
0 0.05390625 0.75234375 0.03828125 0.046875
0 0.3609375 0.765625 0.02734375 0.096875
0 0.39296875 0.76640625 0.03125 0.096875
0 0.43125 0.7671875 0.034375 0.09375
0 0.46328125 0.7671875 0.02421875 0.09375
0 0.5890625 0.76328125 0.05625 0.096875
0 0.4953125 0.7890625 0.03671875 0.02734375
0 0.14296875 0.60625 0.04609375 0.08671875
0 0.21875 0.61328125 0.0796875 0.0796875
0 0.2765625 0.60703125 0.028125 0.08125
0 0.21328125 0.5546875 0.09140625 0.03125
0 0.37109375 0.6 0.04453125 0.103125
0 0.40625 0.6046875 0.01953125 0.090625
0 0.06328125 0.3984375 0.02265625 0.04453125
0 0.43515625 0.60234375 0.0328125 0.0984375
0 0.50703125 0.61171875 0.03359375 0.103125
0 0.546875 0.615625 0.03203125 0.0921875
0 0.58671875 0.615625 0.03359375 0.0890625
0 0.62578125 0.6140625 0.03359375 0.090625
0 0.63671875 0.76328125 0.02890625 0.090625
0 0.53515625 0.7640625 0.03359375 0.0953125
0 0.47265625 0.61171875 0.028125 0.10234375
0 0.0890625 0.609375 0.05234375 0.08125
0 0.71875 0.70859375 0.0890625 0.01875
0 0.8140625 0.6859375 0.0890625 0.021875
0 0.8265625 0.57578125 0.10234375 0.021875
0 0.82421875 0.5484375 0.096875 0.02265625
0 0.73203125 0.65 0.09765625 0.02265625
0 0.7328125 0.625 0.09765625 0.02265625
0 0.72421875 0.59609375 0.09765625 0.021875
0 0.72421875 0.57265625 0.096875 0.02265625
0 0.7234375 0.5484375 0.09765625 0.0234375
0 0.81171875 0.796875 0.090625 0.01875
0 0.71796875 0.796875 0.090625 0.01875
0 0.81328125 0.77578125 0.09140625 0.01875
0 0.71953125 0.6859375 0.09296875 0.021875
0 0.809375 0.7515625 0.09140625 0.01875
0 0.71796875 0.75234375 0.090625 0.01875
0 0.83515625 0.60234375 0.10390625 0.0234375
0 0.8109375 0.7296875 0.090625 0.01875
0 0.9078125 0.796875 0.0921875 0.01875
0 0.90703125 0.77578125 0.09140625 0.01875
0 0.903125 0.74921875 0.09296875 0.01875
0 0.90703125 0.728125 0.09296875 0.01875
0 0.9046875 0.70625 0.08671875 0.0171875
0 0.8109375 0.7078125 0.0921875 0.0171875
0 0.39765625 0.46953125 0.021875 0.0625
0 0.42734375 0.4703125 0.02265625 0.06953125
0 0.4609375 0.47265625 0.02109375 0.071875
0 0.4859375 0.47890625 0.0171875 0.0765625
0 0.51171875 0.47890625 0.02578125 0.0734375
0 0.540625 0.4765625 0.02890625 0.0796875
0 0.57734375 0.4671875 0.01953125 0.07890625
0 0.71875 0.73125 0.09296875 0.0203125
0 0.6015625 0.4671875 0.02109375 0.0765625
0 0.8375 0.62578125 0.1046875 0.0203125
0 0.8890625 0.55390625 0.02109375 0.0234375
0 0.92734375 0.4796875 0.09453125 0.01875
0 0.93359375 0.4578125 0.10390625 0.021875
0 0.92265625 0.4296875 0.09453125 0.0234375
0 0.91875 0.40546875 0.09609375 0.021875
0 0.82734375 0.50703125 0.09765625 0.02109375
0 0.82734375 0.48203125 0.09765625 0.0234375
0 0.8296875 0.4609375 0.0953125 0.01796875
0 0.825 0.440625 0.09296875 0.0171875
0 0.81953125 0.425 0.09453125 0.0125
0 0.8203125 0.40625 0.09609375 0.021875
0 0.7265625 0.50546875 0.09609375 0.02109375
0 0.72734375 0.4828125 0.09609375 0.02109375
0 0.73125 0.46015625 0.09453125 0.01484375
0 0.8375 0.6484375 0.1078125 0.02109375
0 0.72890625 0.44296875 0.09453125 0.015625
0 0.721875 0.4078125 0.09453125 0.0171875
0 0.69609375 0.3921875 0.08671875 0.0109375
0 0.6953125 0.375 0.08515625 0.015625
0 0.69375 0.3546875 0.0859375 0.0234375
0 0.94453125 0.6453125 0.1 0.021875
0 0.94140625 0.62265625 0.10078125 0.01875
0 0.9375 0.6015625 0.09609375 0.021875
0 0.93984375 0.5765625 0.021875 0.0203125
0 0.915625 0.57734375 0.02265625 0.0203125
0 0.89140625 0.578125 0.025 0.021875
0 0.96875 0.578125 0.02578125 0.01953125
0 0.9375 0.553125 0.02265625 0.0234375
0 0.91328125 0.55390625 0.021875 0.0234375
0 0.72265625 0.42578125 0.09453125 0.01484375
0 0.6421875 0.465625 0.0359375 0.0765625
0 0.7203125 0.77734375 0.09140625 0.01875
0 0.6265625 0.3984375 0.03046875 0.0484375
0 0.9046875 0.68515625 0.0875 0.01953125
0 0.06875 0.446875 0.02734375 0.0421875
0 0.4390625 0.40234375 0.03125 0.0609375
0 0.02890625 0.44453125 0.0296875 0.05
0 0.09453125 0.4859375 0.09375 0.028125
0 0.58671875 0.40234375 0.0359375 0.04609375
0 0.28984375 0.48515625 0.0875 0.02578125
0 0.32265625 0.44921875 0.03359375 0.0390625
0 0.584375 0.35625 0.09453125 0.021875
0 0.19609375 0.48515625 0.0859375 0.025
0 0.48203125 0.34609375 0.03515625 0.046875
0 0.4453125 0.34609375 0.03203125 0.046875
0 0.409375 0.346875 0.03515625 0.0484375
0 0.37265625 0.34765625 0.02421875 0.0515625
0 0.515625 0.403125 0.0328125 0.06328125
0 0.47578125 0.403125 0.03203125 0.06484375
0 0.396875 0.40625 0.02578125 0.05625
0 0.36328125 0.40625 0.028125 0.0578125
0 0.51796875 0.3453125 0.03046875 0.0484375