0 0.74296875 0.6640625 0.03671875 0.0796875
0 0.79375 0.66484375 0.0390625 0.0875
0 0.10234375 0.85078125 0.0421875 0.08203125
0 0.08203125 0.46875 0.08203125 0.05703125
0 0.84375 0.7546875 0.084375 0.0515625
0 0.76953125 0.75859375 0.02578125 0.04921875
0 0.73828125 0.76171875 0.0328125 0.05
0 0.6953125 0.7578125 0.03671875 0.05234375
0 0.6484375 0.7609375 0.05078125 0.04453125
0 0.590625 0.75390625 0.0640625 0.0546875
0 0.52109375 0.7609375 0.0640625 0.0578125
0 0.02578125 0.84140625 0.0515625 0.0625
0 0.45703125 0.759375 0.06171875 0.05390625
0 0.3015625 0.76328125 0.10390625 0.05546875
0 0.215625 0.7625 0.06796875 0.05546875
0 0.125 0.76640625 0.09609375 0.05234375
0 0.0375 0.765625 0.075 0.05234375
0 0.96640625 0.68359375 0.0671875 0.0421875
0 0.89453125 0.675 0.06796875 0.06328125
0 0.834375 0.6640625 0.0453125 0.090625
0 0.39453125 0.759375 0.06328125 0.05390625
0 0.09609375 0.51796875 0.06875 0.0359375
0 0.70234375 0.6625 0.0390625 0.08203125
0 0.20078125 0.853125 0.0421875 0.08515625
0 0.071875 0.4 0.07578125 0.0640625
0 0.9609375 0.84296875 0.0421875 0.08671875
0 0.91171875 0.84375 0.0484375 0.08515625
0 0.86640625 0.846875 0.03984375 0.0875
0 0.8109375 0.84765625 0.04765625 0.0890625
0 0.76015625 0.85625 0.04375 0.07578125
0 0.7140625 0.85625 0.03828125 0.0765625
0 0.14765625 0.84921875 0.040625 0.0859375
0 0.665625 0.85546875 0.03515625 0.08046875
0 0.58671875 0.85625 0.03515625 0.07734375
0 0.54765625 0.859375 0.03984375 0.075
0 0.503125 0.8609375 0.04375 0.07578125
0 0.41328125 0.85234375 0.04609375 0.0921875
0 0.365625 0.853125 0.0453125 0.090625
0 0.31484375 0.8515625 0.04765625 0.08671875
0 0.25078125 0.85078125 0.05 0.08828125
0 0.62578125 0.85625 0.0390625 0.075
0 0.66640625 0.66328125 0.034375 0.08125
0 0.61484375 0.559375 0.0546875 0.07578125
0 0.58671875 0.6609375 0.0375 0.08203125
0 0.88046875 0.0421875 0.08984375 0.0359375
0 0.88125 0.08828125 0.08515625 0.03984375
0 0.96484375 0.08828125 0.06953125 0.03828125
0 0.9625 0.05 0.07421875 0.0296875
0 0.9625 0.0171875 0.07421875 0.0328125
0 0.05546875 0.22265625 0.1109375 0.04140625
0 0.13671875 0.2296875 0.05 0.0640625
0 0.18984375 0.22890625 0.03828125 0.06640625
0 0.2359375 0.225 0.05078125 0.071875
0 0.2921875 0.2234375 0.05546875 0.0828125
0 0.346875 0.21875 0.05078125 0.0828125
0 0.80546875 0.07578125 0.0515625 0.06953125
0 0.40546875 0.221875 0.059375 0.08046875
0 0.62578125 0.66015625 0.040625 0.0796875
0 0.534375 0.225 0.06171875 0.06953125
0 0.59375 0.21875 0.05234375 0.08125
0 0.6640625 0.14296875 0.05703125 0.01953125
0 0.6578125 0.16328125 0.0578125 0.01484375
0 0.66171875 0.215625 0.059375 0.08359375
0 0.7640625 0.21640625 0.0578125 0.0765625
0 0.8265625 0.21796875 0.0609375 0.0703125
0 0.8859375 0.215625 0.05390625 0.07265625
0 0.9453125 0.2140625 0.05859375 0.07421875
0 0.15390625 0.3296875 0.084375 0.09921875
0 0.465625 0.16640625 0.06015625 0.03125
0 0.21953125 0.3484375 0.04765625 0.06015625
0 0.7484375 0.08203125 0.0375 0.06171875
0 0.65703125 0.07890625 0.053125 0.071875
0 0.128125 0.10234375 0.08359375 0.04296875
0 0.12578125 0.06015625 0.08203125 0.03984375
0 0.1234375 0.01875 0.0828125 0.03671875
0 0.04921875 0.09609375 0.0703125 0.053125
0 0.2125 0.04765625 0.06953125 0.02578125
0 0.2109375 0.078125 0.06875 0.02890625
0 0.2109375 0.10859375 0.06953125 0.02578125
0 0.27890625 0.01171875 0.07265625 0.02109375
0 0.2859375 0.0390625 0.06796875 0.02734375
0 0.2875 0.0625 0.07109375 0.01875
0 0.28203125 0.08515625 0.065625 0.02265625
0 0.70625 0.071875 0.046875 0.08203125
0 0.2890625 0.109375 0.071875 0.01953125
0 0.35078125 0.05546875 0.05390625 0.021875
0 0.35078125 0.0796875 0.0515625 0.0234375
0 0.3546875 0.10625 0.0546875 0.02578125
0 0.4 0.034375 0.03515625 0.053125
0 0.40078125 0.0921875 0.03671875 0.05703125
0 0.4390625 0.0390625 0.03359375 0.05625
0 0.4421875 0.09453125 0.0328125 0.04921875
0 0.48515625 0.065625 0.05 0.1015625
0 0.534375 0.065625 0.04765625 0.10390625
0 0.5828125 0.0625 0.04765625 0.10625
0 0.61953125 0.0890625 0.0203125 0.0515625
0 0.35078125 0.028125 0.05078125 0.02734375
0 0.28515625 0.32734375 0.0828125 0.1
0 0.47265625 0.22265625 0.05703125 0.07734375
0 0.3515625 0.3046875 0.0421875 0.0234375
0 0.4671875 0.67109375 0.03671875 0.0765625
0 0.434375 0.671875 0.03125 0.0765625
0 0.39765625 0.6734375 0.03671875 0.075
0 0.34921875 0.66796875 0.0296875 0.08984375
0 0.309375 0.66796875 0.03671875 0.0875
0 0.278125 0.66796875 0.02734375 0.0875
0 0.24609375 0.66796875 0.03515625 0.08515625
0 0.35625 0.346875 0.046875 0.05859375
0 0.209375 0.68359375 0.02890625 0.04921875
0 0.1390625 0.5859375 0.05859375 0.05078125
0 0.2140625 0.5625 0.046875 0.0796875
0 0.265625 0.55859375 0.053125 0.08984375
0 0.31484375 0.55859375 0.04453125 0.090625
0 0.3671875 0.56328125 0.05859375 0.08515625
0 0.43515625 0.55703125 0.0765625 0.09296875
0 0.5015625 0.5625 0.05390625 0.08203125
0 0.55703125 0.56328125 0.05703125 0.08671875
0 0.17578125 0.6875 0.02109375 0.0515625
0 0.6734375 0.56015625 0.04921875 0.08359375
0 0.72578125 0.55703125 0.0546875 0.084375
0 0.80234375 0.5546875 0.08828125 0.10078125
0 0.878125 0.56171875 0.053125 0.07265625
0 0.95390625 0.55078125 0.075 0.09609375
0 0.03984375 0.68984375 0.0546875 0.053125
0 0.13671875 0.68984375 0.02890625 0.04609375
0 0.1046875 0.69453125 0.021875 0.04609375
0 0.54921875 0.66796875 0.034375 0.07734375
0 0.51171875 0.66796875 0.03984375 0.0765625
0 0.43359375 0.45546875 0.06484375 0.07421875
0 0.415625 0.325 0.07265625 0.09765625
0 0.4859375 0.325 0.06328125 0.10078125
0 0.55078125 0.33359375 0.05625 0.078125
0 0.6140625 0.3234375 0.06484375 0.10078125
0 0.690625 0.32265625 0.07265625 0.09765625
0 0.809375 0.33046875 0.0734375 0.08046875
0 0.87421875 0.328125 0.05625 0.08125
0 0.9390625 0.3296875 0.0734375 0.071875
0 0.1734375 0.44921875 0.0796875 0.0953125
0 0.23984375 0.46640625 0.04921875 0.0609375
0 0.23515625 0.41640625 0.04296875 0.02421875
0 0.30390625 0.44453125 0.07265625 0.09921875
0 0.36953125 0.45703125 0.0484375 0.07265625
0 0.08125 0.69375 0.025 0.04453125
0 0.5734375 0.4515625 0.0546875 0.075
0 0.628125 0.45 0.0484375 0.078125
0 0.690625 0.43984375 0.06875 0.10078125
0 0.771875 0.43828125 0.0921875 0.1015625
0 0.84921875 0.44453125 0.05625 0.08359375
0 0.90625 0.44453125 0.05546875 0.0828125
0 0.95859375 0.440625 0.0453125 0.08125
0 0.02265625 0.603125 0.0375 0.0734375
0 0.06015625 0.6015625 0.03828125 0.07421875
0 0.5171875 0.45546875 0.05625 0.06796875