0 0.6765625 0.60859375 0.03671875 0.034375
0 0.71484375 0.61171875 0.03828125 0.040625
0 0.28046875 0.675 0.02421875 0.03515625
0 0.75078125 0.6125 0.034375 0.0375
0 0.14921875 0.6765625 0.02109375 0.0359375
0 0.1953125 0.67421875 0.0203125 0.03984375
0 0.21640625 0.6734375 0.0203125 0.0421875
0 0.23828125 0.67578125 0.02265625 0.04375
0 0.259375 0.6765625 0.01953125 0.03984375
0 0.640625 0.61640625 0.03828125 0.04296875
0 0.17421875 0.67578125 0.025 0.03984375
0 0.60390625 0.61640625 0.034375 0.04296875
0 0.44375 0.6140625 0.0265625 0.04296875
0 0.540625 0.61171875 0.025 0.0453125
0 0.5078125 0.615625 0.03046875 0.04765625
0 0.47578125 0.60546875 0.028125 0.04296875
0 0.41328125 0.6109375 0.0359375 0.04921875
0 0.36875 0.60859375 0.05 0.0515625
0 0.31484375 0.61015625 0.05078125 0.0515625
0 0.26171875 0.6125 0.05390625 0.04921875
0 0.21328125 0.6109375 0.03671875 0.04375
0 0.76640625 0.521875 0.0359375 0.07734375
0 0.69375 0.52421875 0.03828125 0.071875
0 0.73125 0.52109375 0.03671875 0.075
0 0.3046875 0.675 0.02109375 0.03828125
0 0.57421875 0.615625 0.0296875 0.04453125
0 0.328125 0.6796875 0.01953125 0.03515625
0 0.35 0.7890625 0.02421875 0.08828125
0 0.36796875 0.67421875 0.0203125 0.03125
0 0.64375 0.525 0.05234375 0.07265625
0 0.37734375 0.7953125 0.02890625 0.0875
0 0.3203125 0.78984375 0.02734375 0.1015625
0 0.29453125 0.784375 0.0234375 0.090625
0 0.26796875 0.7859375 0.03125 0.0859375
0 0.2375 0.790625 0.028125 0.09296875
0 0.20703125 0.79296875 0.03359375 0.0890625
0 0.17734375 0.79296875 0.025 0.0890625
0 0.14765625 0.7953125 0.0328125 0.08203125
0 0.76484375 0.684375 0.0234375 0.03828125
0 0.7359375 0.68125 0.02109375 0.02578125
0 0.715625 0.67890625 0.02109375 0.02890625
0 0.69296875 0.6828125 0.0203125 0.0328125
0 0.6703125 0.68359375 0.02421875 0.03125
0 0.646875 0.68359375 0.021875 0.0328125
0 0.62578125 0.6828125 0.0234375 0.03515625
0 0.6015625 0.68046875 0.02109375 0.028125
0 0.58125 0.6796875 0.02109375 0.03046875
0 0.55859375 0.6796875 0.0234375 0.03125
0 0.5375 0.6765625 0.0171875 0.03984375
0 0.5171875 0.675 0.0234375 0.034375
0 0.4953125 0.6796875 0.01875 0.03515625
0 0.47265625 0.68046875 0.02421875 0.0375
0 0.453125 0.68046875 0.0171875 0.0375
0 0.3890625 0.67421875 0.02265625 0.0296875
0 0.346875 0.678125 0.01953125 0.03984375
0 0.5875 0.52421875 0.06328125 0.07265625
0 0.19921875 0.15859375 0.053125 0.0734375
0 0.46484375 0.52734375 0.053125 0.0609375
0 0.51171875 0.29609375 0.0453125 0.0671875
0 0.42109375 0.2984375 0.04921875 0.0703125
0 0.37265625 0.29921875 0.04765625 0.06875
0 0.20078125 0.28828125 0.078125 0.08984375
0 0.12578125 0.29453125 0.071875 0.08046875
0 0.9828125 0.14140625 0.03359375 0.08515625
0 0.93125 0.14140625 0.05625 0.0953125
0 0.87109375 0.140625 0.06328125 0.09453125
0 0.81796875 0.1625 0.04296875 0.05078125
0 0.77265625 0.1640625 0.0453125 0.05
0 0.73046875 0.1640625 0.040625 0.0484375
0 0.6875 0.165625 0.0421875 0.04921875
0 0.64765625 0.165625 0.0390625 0.05078125
0 0.603125 0.171875 0.03671875 0.0390625
0 0.56484375 0.16796875 0.03984375 0.05
0 0.5265625 0.16875 0.0359375 0.0515625
0 0.4875 0.16796875 0.04375 0.05234375
0 0.44453125 0.171875 0.0390625 0.04921875
0 0.4 0.15625 0.05234375 0.078125
0 0.3515625 0.15703125 0.0421875 0.07890625
0 0.3046875 0.15859375 0.053125 0.0765625
0 0.2515625 0.1578125 0.05234375 0.075
0 0.40625 0.796875 0.02890625 0.0875
0 0.15078125 0.16015625 0.04296875 0.07734375
0 0.1046875 0.16171875 0.05 0.07578125
0 0.55703125 0.29453125 0.046875 0.06953125
0 0.609375 0.2953125 0.0484375 0.07265625
0 0.65625 0.296875 0.046875 0.0703125
0 0.70546875 0.29609375 0.0484375 0.06953125
0 0.4171875 0.52421875 0.03203125 0.0671875
0 0.38046875 0.52578125 0.040625 0.06484375
0 0.340625 0.525 0.03515625 0.06015625
0 0.30390625 0.52265625 0.03828125 0.06484375
0 0.26875 0.52265625 0.0328125 0.06015625
0 0.23515625 0.521875 0.03515625 0.06015625
0 0.19609375 0.52265625 0.03828125 0.06015625
0 0.146875 0.51484375 0.0578125 0.084375
0 0.26015625 0.40859375 0.03125 0.06796875
0 0.22265625 0.41015625 0.03984375 0.06640625
0 0.14609375 0.39453125 0.09375 0.09375
0 0.29609375 0.40703125 0.0421875 0.065625
0 0.5234375 0.52578125 0.06328125 0.0640625
0 0.33359375 0.40859375 0.03359375 0.06484375
0 0.42421875 0.4078125 0.075 0.06328125
0 0.503125 0.40625 0.071875 0.0671875
0 0.56484375 0.40390625 0.04921875 0.07265625
0 0.61875 0.403125 0.0609375 0.075
0 0.68203125 0.4046875 0.065625 0.07265625
0 0.75703125 0.40078125 0.07578125 0.07734375
0 0.840625 0.396875 0.0921875 0.084375
0 0.93125 0.39765625 0.0875 0.08984375
0 0.9359375 0.28515625 0.053125 0.0734375
0 0.85 0.29140625 0.04765625 0.06796875
0 0.7984375 0.29453125 0.04296875 0.07109375
0 0.75390625 0.29375 0.04609375 0.071875
0 0.36953125 0.40703125 0.03515625 0.06796875
0 0.43671875 0.79453125 0.03046875 0.10078125
0 0.4203125 0.66640625 0.015625 0.02734375
0 0.5078125 0.81015625 0.03046875 0.07109375
0 0.709375 0.796875 0.040625 0.10234375
0 0.7625 0.7953125 0.0453125 0.1140625
0 0.82578125 0.79921875 0.06328125 0.11796875
0 0.6578125 0.8015625 0.04296875 0.0953125
0 0.94296875 0.7953125 0.04765625 0.128125
0 0.79375 0.63359375 0.046875 0.10859375
0 0.85 0.63671875 0.04375 0.12109375
0 0.903125 0.64765625 0.05078125 0.11484375
0 0.88671875 0.7953125 0.059375 0.11796875
0 0.8828125 0.53203125 0.0609375 0.0625
0 0.940625 0.525 0.05625 0.07734375
0 0.98671875 0.52109375 0.0265625 0.08515625
0 0.46953125 0.81328125 0.0328125 0.06484375
0 0.61015625 0.78671875 0.04140625 0.0921875
0 0.5734375 0.7984375 0.02421875 0.08828125
0 0.953125 0.64921875 0.05546875 0.10859375
0 0.53828125 0.78046875 0.0375 0.09296875