0 0.6453125 0.78203125 0.06328125 0.0328125
0 0.64140625 0.74140625 0.07265625 0.04296875
0 0.55234375 0.7484375 0.09609375 0.0421875
0 0.55859375 0.78828125 0.0859375 0.02890625
0 0.45234375 0.7875 0.09453125 0.0296875
0 0.453125 0.7515625 0.08125 0.04453125
0 0.24453125 0.746875 0.1 0.034375
0 0.16484375 0.78671875 0.065625 0.034375
0 0.1421875 0.7453125 0.09296875 0.03828125
0 0.05390625 0.78203125 0.07421875 0.04140625
0 0.053125 0.74296875 0.0765625 0.0328125
0 0.8609375 0.65390625 0.03671875 0.0625
0 0.825 0.6546875 0.028125 0.0625
0 0.790625 0.653125 0.0390625 0.06328125
0 0.75 0.65546875 0.03515625 0.0640625
0 0.24921875 0.7859375 0.09609375 0.0375
0 0.9078125 0.6515625 0.0390625 0.0671875
0 0.61484375 0.890625 0.08515625 0.0390625
0 0.73515625 0.7875 0.06015625 0.0296875
0 0.97890625 0.77578125 0.0421875 0.065625
0 0.9 0.8453125 0.0671875 0.0359375
0 0.89921875 0.88515625 0.07109375 0.0328125
0 0.81015625 0.878125 0.0796875 0.04765625
0 0.7015625 0.8890625 0.07578125 0.03515625
0 0.61328125 0.853125 0.084375 0.02734375
0 0.528125 0.89296875 0.06796875 0.04140625
0 0.521875 0.85546875 0.0890625 0.0296875
0 0.44296875 0.85 0.0640625 0.02734375
0 0.72265625 0.74453125 0.0828125 0.040625
0 0.4421875 0.88984375 0.078125 0.0390625
0 0.35546875 0.8546875 0.096875 0.0328125
0 0.25546875 0.8859375 0.07421875 0.053125
0 0.1765625 0.88984375 0.075 0.0515625
0 0.10390625 0.87109375 0.06328125 0.08984375
0 0.03828125 0.87734375 0.0578125 0.0859375
0 0.91171875 0.7484375 0.0765625 0.0359375
0 0.915625 0.78671875 0.0796875 0.03359375
0 0.8265625 0.7828125 0.0859375 0.0296875
0 0.8265625 0.7453125 0.08828125 0.04375
0 0.35859375 0.89296875 0.0796875 0.03984375
0 0.71328125 0.65625 0.03046875 0.06171875
0 0.59765625 0.6578125 0.1015625 0.04296875
0 0.47265625 0.6703125 0.06640625 0.02734375
0 0.89296875 0.3578125 0.0296875 0.0546875
0 0.9234375 0.35703125 0.02734375 0.04921875
0 0.95234375 0.359375 0.028125 0.0484375
0 0.98046875 0.3625 0.03203125 0.03515625
0 0.04140625 0.4578125 0.04375 0.06328125
0 0.0859375 0.4578125 0.0375 0.06328125
0 0.13203125 0.453125 0.05234375 0.06953125
0 0.85703125 0.3546875 0.03828125 0.05859375
0 0.18203125 0.4578125 0.03828125 0.06953125
0 0.26328125 0.45625 0.0375 0.08203125
0 0.3109375 0.453125 0.05078125 0.0796875
0 0.3765625 0.45546875 0.04765625 0.075
0 0.4203125 0.45546875 0.0390625 0.0734375
0 0.4640625 0.45859375 0.04375 0.07890625
0 0.50234375 0.45859375 0.03515625 0.07734375
0 0.54140625 0.459375 0.021875 0.05859375
0 0.225 0.45625 0.0375 0.07421875
0 0.56796875 0.46328125 0.028125 0.04921875
0 0.8109375 0.35703125 0.053125 0.06015625
0 0.64140625 0.36171875 0.05 0.0390625
0 0.0671875 0.2296875 0.053125 0.0703125
0 0.13515625 0.22734375 0.0640625 0.0734375
0 0.1859375 0.23515625 0.03671875 0.0578125
0 0.22734375 0.234375 0.04140625 0.06171875
0 0.2875 0.24375 0.06640625 0.05859375
0 0.03515625 0.34375 0.046875 0.06953125
0 0.08046875 0.34375 0.0453125 0.06796875
0 0.709375 0.365625 0.05546875 0.0234375
0 0.1375 0.34375 0.06953125 0.06953125
0 0.284375 0.35625 0.05 0.05
0 0.3765625 0.33359375 0.08046875 0.01484375
0 0.38671875 0.3625 0.08671875 0.0328125
0 0.46484375 0.34765625 0.065625 0.05859375
0 0.52421875 0.35625 0.03515625 0.0515625
0 0.553125 0.3609375 0.025 0.04140625
0 0.584375 0.3609375 0.03046875 0.040625
0 0.209375 0.3453125 0.05859375 0.05859375
0 0.59453125 0.4640625 0.021875 0.04921875
0 0.621875 0.4609375 0.02890625 0.0484375
0 0.646875 0.4671875 0.0125 0.05234375
0 0.315625 0.61171875 0.040625 0.0234375
0 0.3125 0.63359375 0.034375 0.02265625
0 0.315625 0.659375 0.03671875 0.01640625
0 0.3265625 0.678125 0.04375 0.021875
0 0.6640625 0.55625 0.028125 0.078125
0 0.70234375 0.5546875 0.03203125 0.07421875
0 0.73203125 0.55625 0.02421875 0.08046875
0 0.31796875 0.58359375 0.040625 0.02421875
0 0.76640625 0.55234375 0.0390625 0.07578125
0 0.853125 0.55625 0.0453125 0.0671875
0 0.896875 0.55390625 0.0375 0.06171875
0 0.93828125 0.553125 0.04765625 0.06171875
0 0.01796875 0.6546875 0.03125 0.06484375
0 0.06171875 0.65546875 0.0515625 0.0609375
0 0.19609375 0.65390625 0.0375 0.0703125
0 0.2484375 0.6640625 0.0546875 0.0484375
0 0.80859375 0.55859375 0.0421875 0.065625
0 0.31015625 0.55703125 0.04375 0.0203125
0 0.3125 0.521875 0.04453125 0.04609375
0 0.6234375 0.55234375 0.04140625 0.075
0 0.66875 0.4625 0.021875 0.053125
0 0.6984375 0.45546875 0.03359375 0.0640625
0 0.74453125 0.45390625 0.0484375 0.06015625
0 0.79375 0.45625 0.04140625 0.0609375
0 0.88046875 0.46875 0.02890625 0.0265625
0 0.93203125 0.475 0.059375 0.01484375
0 0.93984375 0.44765625 0.05 0.03515625
0 0.0296875 0.55546875 0.02578125 0.07578125
0 0.07578125 0.5609375 0.05546875 0.0671875
0 0.12890625 0.56640625 0.04140625 0.06171875
0 0.1796875 0.559375 0.05703125 0.06875
0 0.25390625 0.56328125 0.04765625 0.0546875
0 0.3671875 0.553125 0.04296875 0.06328125
0 0.4109375 0.5546875 0.0390625 0.06015625
0 0.44921875 0.55625 0.034375 0.0609375
0 0.48984375 0.553125 0.0390625 0.06328125
0 0.52578125 0.5546875 0.03359375 0.0671875
0 0.6765625 0.65546875 0.0375 0.06328125
0 0.5703125 0.553125 0.05625 0.06640625
0 0.70390625 0.85 0.06953125 0.03203125