0 0.6328125 0.77265625 0.05078125 0.02734375
0 0.6140625 0.86015625 0.04609375 0.03671875
0 0.83984375 0.859375 0.0234375 0.03515625
0 0.8828125 0.85859375 0.0421875 0.02890625
0 0.93515625 0.85546875 0.04765625 0.03203125
0 0.9828125 0.85859375 0.034375 0.03359375
0 0.5421875 0.29375 0.07109375 0.034375
0 0.53984375 0.33046875 0.07578125 0.03515625
0 0.61484375 0.32734375 0.05703125 0.04375
0 0.6734375 0.3296875 0.0515625 0.04296875
0 0.73671875 0.328125 0.059375 0.04296875
0 0.79609375 0.33203125 0.05078125 0.04453125
0 0.50625 0.2421875 0.06328125 0.03828125
0 0.55234375 0.2046875 0.065625 0.028125
0 0.575 0.24140625 0.06015625 0.03671875
0 0.6375 0.24375 0.05078125 0.04296875
0 0.94453125 0.78671875 0.07578125 0.05546875
0 0.696875 0.24375 0.05703125 0.04375
0 0.821875 0.24765625 0.05859375 0.04140625
0 0.02890625 0.3984375 0.0546875 0.04375
0 0.184375 0.403125 0.06171875 0.04375
0 0.2375 0.4046875 0.03046875 0.03984375
0 0.2859375 0.4046875 0.04765625 0.04296875
0 0.3421875 0.40859375 0.0578125 0.046875
0 0.40703125 0.40625 0.06328125 0.0421875
0 0.47109375 0.40625 0.04921875 0.04375
0 0.54375 0.4109375 0.0859375 0.0453125
0 0.6140625 0.41484375 0.0359375 0.03984375
0 0.65234375 0.4140625 0.028125 0.04375
0 0.6953125 0.4140625 0.05390625 0.04140625
0 0.74765625 0.4140625 0.03671875 0.04375
0 0.79921875 0.41484375 0.05078125 0.04375
0 0.75703125 0.24609375 0.05234375 0.04296875
0 0.95 0.7140625 0.1 0.05234375
0 0.98359375 0.56328125 0.0328125 0.0578125
0 0.89609375 0.5609375 0.02109375 0.0546875
0 0.70234375 0.1578125 0.05234375 0.0421875
0 0.7671875 0.15546875 0.0515625 0.03671875
0 0.828125 0.159375 0.05703125 0.03984375
0 0.8875 0.17734375 0.04609375 0.06484375
0 0.928125 0.1578125 0.0234375 0.0453125
0 0.971875 0.15859375 0.05625 0.0484375
0 0.97421875 0.12109375 0.0515625 0.02109375
0 0.8921875 0.23046875 0.0453125 0.02734375
0 0.9703125 0.209375 0.0578125 0.025
0 0.96796875 0.24609375 0.06328125 0.04140625
0 0.8859375 0.2703125 0.05078125 0.03671875
0 0.87890625 0.309375 0.04765625 0.0359375
0 0.86953125 0.35 0.040625 0.0359375
0 0.87109375 0.38984375 0.04453125 0.034375
0 0.91640625 0.3328125 0.0203125 0.046875
0 0.96953125 0.34140625 0.0609375 0.0234375
0 0.95546875 0.41484375 0.06328125 0.04296875
0 0.93515625 0.5609375 0.046875 0.05390625
0 0.97890625 0.490625 0.01953125 0.0484375
0 0.93046875 0.4875 0.0546875 0.04921875
0 0.83515625 0.81328125 0.03671875 0.02421875
0 0.83203125 0.77890625 0.0359375 0.02578125
0 0.83515625 0.7375 0.03671875 0.04765625
0 0.02890625 0.45390625 0.0578125 0.0296875
0 0.8375 0.6953125 0.03828125 0.0265625
0 0.85390625 0.61875 0.0453125 0.028125
0 0.8484375 0.5828125 0.040625 0.034375
0 0.859375 0.5453125 0.046875 0.0328125
0 0.8640625 0.50078125 0.0453125 0.04296875
0 0.85703125 0.46015625 0.0421875 0.03046875
0 0.875 0.425 0.04609375 0.02734375
0 0.8515625 0.65625 0.04375 0.0265625
0 0.6484375 0.153125 0.04921875 0.04296875
0 0.028125 0.490625 0.04921875 0.02890625
0 0.08125 0.4578125 0.03359375 0.03515625
0 0.26953125 0.71953125 0.08203125 0.04296875
0 0.36640625 0.70859375 0.07734375 0.04140625
0 0.45234375 0.71875 0.07578125 0.04375
0 0.52890625 0.71953125 0.06640625 0.0453125
0 0.609375 0.71796875 0.07734375 0.04765625
0 0.690625 0.71875 0.0703125 0.046875
0 0.76953125 0.71875 0.075 0.0421875
0 0.70546875 0.78515625 0.05234375 0.04921875
0 0.76875 0.76640625 0.04765625 0.01171875
0 0.76796875 0.78828125 0.05234375 0.025
0 0.56875 0.778125 0.06015625 0.0359375
0 0.4859375 0.79140625 0.09296875 0.05078125
0 0.290625 0.78515625 0.0890625 0.0421875
0 0.38671875 0.78359375 0.0859375 0.0421875
0 0.19140625 0.71796875 0.04765625 0.04765625
0 0.18515625 0.79609375 0.05625 0.03515625
0 0.084375 0.79921875 0.034375 0.0421875
0 0.025 0.86484375 0.04921875 0.0484375
0 0.18125 0.8609375 0.046875 0.03671875
0 0.2359375 0.8609375 0.05234375 0.03203125
0 0.290625 0.859375 0.05078125 0.03515625
0 0.3484375 0.86171875 0.05078125 0.0328125
0 0.40234375 0.86171875 0.04609375 0.03671875
0 0.45234375 0.86171875 0.04765625 0.03203125
0 0.5078125 0.8609375 0.04375 0.034375
0 0.56171875 0.86015625 0.05 0.034375
0 0.66328125 0.8609375 0.0453125 0.0390625
0 0.71640625 0.85703125 0.04375 0.03125
0 0.76953125 0.85703125 0.0484375 0.03125
0 0.02578125 0.13125 0.0515625 0.040625
0 0.0375 0.79921875 0.04921875 0.0421875
0 0.034375 0.7109375 0.06171875 0.04140625
0 0.0421875 0.64375 0.07734375 0.03359375
0 0.44765625 0.65390625 0.0640625 0.02734375
0 0.1734375 0.484375 0.02421875 0.03828125
0 0.221875 0.4859375 0.053125 0.0453125
0 0.27890625 0.4515625 0.06171875 0.015625
0 0.29375 0.4859375 0.06015625 0.0390625
0 0.39609375 0.48203125 0.10234375 0.059375
0 0.51640625 0.48359375 0.12421875 0.05546875
0 0.63203125 0.48828125 0.059375 0.0515625
0 0.70859375 0.48671875 0.05859375 0.04921875
0 0.79765625 0.46171875 0.05859375 0.021875
0 0.8015625 0.49609375 0.059375 0.03671875
0 0.040625 0.5515625 0.08125 0.05
0 0.21328125 0.5609375 0.11015625 0.05
0 0.29375 0.55 0.040625 0.04453125
0 0.3375 0.559375 0.02890625 0.03984375
0 0.42265625 0.565625 0.12578125 0.0453125
0 0.5421875 0.54296875 0.09609375 0.03671875
0 0.6359375 0.56171875 0.06875 0.0375
0 0.44453125 0.621875 0.0640625 0.03125
0 0.371875 0.64140625 0.06484375 0.0546875
0 0.2328125 0.61875 0.0375 0.021875
0 0.2828125 0.646875 0.05703125 0.05390625
0 0.22734375 0.64453125 0.03828125 0.02734375
0 0.18046875 0.6421875 0.04140625 0.05390625
0 0.07890625 0.49375 0.0390625 0.028125
0 0.534375 0.6296875 0.096875 0.05078125
0 0.72890625 0.6453125 0.0859375 0.034375
0 0.646875 0.6296875 0.06640625 0.0515625
0 0.975 0.63828125 0.05 0.05703125
0 0.9140625 0.6359375 0.05703125 0.05859375
0 0.78125 0.56953125 0.078125 0.040625
0 0.70546875 0.5625 0.0640625 0.03828125
0 0.75859375 0.61484375 0.075 0.02265625
0 0.5828125 0.153125 0.05703125 0.03828125
0 0.87734375 0.78515625 0.0375 0.0453125
0 0.4546875 0.14921875 0.059375 0.04140625
0 0.2015625 0.13828125 0.13515625 0.046875
0 0.35859375 0.14609375 0.1125 0.0421875
0 0.09765625 0.1515625 0.04921875 0.0703125
0 0.10859375 0.20859375 0.05 0.03359375
0 0.11015625 0.25 0.053125 0.03984375
0 0.10703125 0.29296875 0.04765625 0.0421875
0 0.1328125 0.76875 0.0484375 0.01015625
0 0.121875 0.75 0.04609375 0.01796875
0 0.14140625 0.71796875 0.040625 0.0328125
0 0.13359375 0.6671875 0.04296875 0.05859375
0 0.12109375 0.5984375 0.046875 0.071875
0 0.12890625 0.528125 0.04765625 0.0375
0 0.12734375 0.4875 0.04765625 0.03203125
0 0.128125 0.44921875 0.05546875 0.03125
0 0.11640625 0.41328125 0.05 0.0328125
0 0.1109375 0.3765625 0.046875 0.034375
0 0.51875 0.15234375 0.05703125 0.03828125
0 0.109375 0.33671875 0.05 0.03515625
0 0.1875 0.3234375 0.04609375 0.0328125
0 0.21953125 0.196875 0.13515625 0.0453125
0 0.21640625 0.23984375 0.1421875 0.0390625
0 0.12578125 0.79765625 0.046875 0.0359375
0 0.02734375 0.27890625 0.0546875 0.0328125
0 0.03515625 0.31796875 0.0640625 0.03515625
0 0.25546875 0.32578125 0.0765625 0.0375
0 0.3890625 0.32890625 0.07109375 0.03359375
0 0.3265625 0.32734375 0.0421875 0.03046875
0 0.46640625 0.29921875 0.06171875 0.02109375
0 0.39296875 0.2390625 0.134375 0.0421875
0 0.3765625 0.19921875 0.1265625 0.02734375
0 0.30625 0.23984375 0.03125 0.03359375
0 0.4578125 0.10390625 0.06171875 0.04375
0 0.5234375 0.109375 0.06171875 0.0453125
0 0.4671875 0.3296875 0.0515625 0.03125