0 0.784375 0.7828125 0.084375 0.08671875
0 0.709375 0.4203125 0.06953125 0.03203125
0 0.65625 0.41484375 0.03515625 0.03984375
0 0.6171875 0.40625 0.04140625 0.05625
0 0.57734375 0.403125 0.03984375 0.0640625
0 0.5375 0.41484375 0.03359375 0.0359375
0 0.50703125 0.415625 0.02890625 0.03515625
0 0.46953125 0.42109375 0.04375 0.0234375
0 0.4671875 0.39765625 0.04453125 0.0203125
0 0.4640625 0.36484375 0.04296875 0.04609375
0 0.42890625 0.3984375 0.0375 0.02421875
0 0.42890625 0.4203125 0.034375 0.01953125
0 0.396875 0.41171875 0.03125 0.0390625
0 0.16484375 0.39375 0.0546875 0.02265625
0 0.78515625 0.43046875 0.075 0.01171875
0 0.7859375 0.41796875 0.0734375 0.0140625
0 0.7859375 0.4046875 0.07109375 0.0125
0 0.84765625 0.4234375 0.04296875 0.02734375
0 0.89453125 0.4078125 0.046875 0.05625
0 0.95546875 0.3890625 0.06875 0.03203125
0 0.9515625 0.421875 0.06640625 0.03203125
0 0.0765625 0.49609375 0.08515625 0.0765625
0 0.1609375 0.51484375 0.0703125 0.02421875
0 0.16484375 0.53203125 0.08046875 0.009375
0 0.2234375 0.49453125 0.05390625 0.06328125
0 0.271875 0.49296875 0.034375 0.06640625
0 0.3390625 0.47890625 0.03984375 0.02265625
0 0.31484375 0.5078125 0.0421875 0.0265625
0 0.35546875 0.5078125 0.0390625 0.02734375
0 0.4078125 0.503125 0.06015625 0.03984375
0 0.4640625 0.50390625 0.0546875 0.03828125
0 0.11015625 0.39375 0.0515625 0.02265625
0 0.171875 0.3703125 0.0640625 0.02421875
0 0.11328125 0.36875 0.05234375 0.02265625
0 0.36171875 0.40703125 0.03125 0.04453125
0 0.865625 0.78203125 0.07890625 0.08359375
0 0.034375 0.27890625 0.06875 0.06015625
0 0.09921875 0.28125 0.05859375 0.0609375
0 0.1609375 0.2453125 0.05859375 0.02734375
0 0.16015625 0.26953125 0.06015625 0.01953125
0 0.1625 0.2890625 0.0625 0.0171875
0 0.1640625 0.30546875 0.06484375 0.015625
0 0.30859375 0.26484375 0.1921875 0.03828125
0 0.31015625 0.30078125 0.18359375 0.028125
0 0.4515625 0.28046875 0.0734375 0.0765625
0 0.51953125 0.23828125 0.0671875 0.03125
0 0.53359375 0.2875 0.0875 0.06484375
0 0.61953125 0.29609375 0.08515625 0.01796875
0 0.61796875 0.3140625 0.08359375 0.0171875
0 0.70859375 0.30390625 0.0734375 0.04140625
0 0.7046875 0.26328125 0.0828125 0.0390625
0 0.771875 0.28828125 0.04921875 0.07578125
0 0.3671875 0.36015625 0.03359375 0.04609375
0 0.31015625 0.3578125 0.07734375 0.0296875
0 0.31015625 0.38828125 0.06875 0.02578125
0 0.3109375 0.415625 0.06484375 0.02734375
0 0.25625 0.40546875 0.0359375 0.04609375
0 0.21484375 0.40546875 0.04296875 0.0453125
0 0.46640625 0.4671875 0.05234375 0.0359375
0 0.1671875 0.41640625 0.05390625 0.02109375
0 0.053125 0.38828125 0.06171875 0.07734375
0 0.98671875 0.31015625 0.0265625 0.0359375
0 0.94453125 0.3078125 0.0578125 0.0421875
0 0.89609375 0.29921875 0.02890625 0.05703125
0 0.8640625 0.29765625 0.03203125 0.059375
0 0.82265625 0.28671875 0.04921875 0.078125
0 0.1125 0.41796875 0.0515625 0.02109375
0 0.409375 0.465625 0.0609375 0.034375
0 0.10234375 0.81875 0.0484375 0.06953125
0 0.5296875 0.4859375 0.0734375 0.0140625
0 0.85234375 0.5953125 0.05078125 0.0578125
0 0.896875 0.59140625 0.0359375 0.07421875
0 0.9359375 0.59921875 0.04140625 0.05859375
0 0.065625 0.69296875 0.0984375 0.0375
0 0.07109375 0.73046875 0.0984375 0.03359375
0 0.15625 0.715625 0.0671875 0.0609375
0 0.22890625 0.6984375 0.05390625 0.05859375
0 0.28359375 0.6859375 0.0359375 0.0390625
0 0.328125 0.69453125 0.05078125 0.0578125
0 0.38359375 0.70859375 0.06171875 0.03125
0 0.3890625 0.67578125 0.0515625 0.03515625
0 0.44296875 0.69296875 0.0453125 0.03515625
0 0.4953125 0.66953125 0.0390625 0.03203125
0 0.5359375 0.66875 0.04296875 0.0328125
0 0.49375 0.70390625 0.046875 0.03203125
0 0.53359375 0.70390625 0.03203125 0.03203125
0 0.5984375 0.678125 0.071875 0.03984375
0 0.53203125 0.471875 0.078125 0.0140625
0 0.6953125 0.78359375 0.0859375 0.0875
0 0.59296875 0.8171875 0.11640625 0.065625
0 0.4625 0.8046875 0.1078125 0.0828125
0 0.34921875 0.80546875 0.11015625 0.0984375
0 0.15 0.81953125 0.04765625 0.0703125
0 0.80234375 0.5953125 0.04296875 0.06328125
0 0.04296875 0.8171875 0.06328125 0.07265625
0 0.84609375 0.68671875 0.05703125 0.06875
0 0.78359375 0.690625 0.05625 0.0609375
0 0.72890625 0.690625 0.05234375 0.06171875
0 0.6640625 0.71171875 0.06171875 0.028125
0 0.59921875 0.7140625 0.06796875 0.02578125
0 0.6671875 0.6765625 0.06328125 0.03671875
0 0.90859375 0.68828125 0.0640625 0.06328125
0 0.75625 0.59375 0.046875 0.0640625
0 0.23359375 0.80625 0.1140625 0.0984375
0 0.63671875 0.5890625 0.05234375 0.075
0 0.58046875 0.49765625 0.01953125 0.05
0 0.60390625 0.49765625 0.0265625 0.0484375
0 0.628125 0.49609375 0.01875 0.053125
0 0.52890625 0.50078125 0.07265625 0.01484375
0 0.696875 0.590625 0.065625 0.07265625
0 0.65 0.49609375 0.0234375 0.053125
0 0.678125 0.49609375 0.0234375 0.05703125
0 0.73359375 0.4890625 0.03359375 0.065625
0 0.76953125 0.4890625 0.0375 0.0671875
0 0.8 0.4921875 0.02109375 0.03046875
0 0.8234375 0.4921875 0.0234375 0.03046875
0 0.8125 0.5171875 0.03984375 0.01640625
0 0.85234375 0.4921875 0.0359375 0.06484375
0 0.88828125 0.4921875 0.0359375 0.06484375
0 0.92421875 0.49921875 0.03515625 0.04765625
0 0.70078125 0.49609375 0.02421875 0.05703125
0 0.05546875 0.61328125 0.04921875 0.0609375
0 0.54140625 0.5609375 0.040625 0.0234375
0 0.5859375 0.596875 0.04609375 0.059375
0 0.5390625 0.60078125 0.04296875 0.0546875
0 0.49453125 0.59375 0.04375 0.065625
0 0.4375 0.59375 0.0578125 0.065625
0 0.9640625 0.490625 0.04375 0.06796875
0 0.38125 0.59296875 0.05703125 0.0640625
0 0.52890625 0.5140625 0.0703125 0.01328125
0 0.1109375 0.6140625 0.0546875 0.06328125
0 0.16640625 0.60625 0.053125 0.06953125
0 0.3296875 0.58671875 0.04296875 0.02109375
0 0.2359375 0.5859375 0.05234375 0.07578125
0 0.2859375 0.58828125 0.03984375 0.0703125
0 0.33125 0.5609375 0.040625 0.02578125
0 0.3296875 0.6109375 0.04296875 0.025