0 0.846875 0.4796875 0.01953125 0.02578125
0 0.81953125 0.48984375 0.02578125 0.02578125
0 0.7875 0.49609375 0.028125 0.034375
0 0.75 0.50234375 0.02734375 0.02734375
0 0.90625 0.4359375 0.025 0.02578125
0 0.846875 0.4484375 0.0203125 0.025
0 0.81953125 0.45625 0.028125 0.025
0 0.78828125 0.46328125 0.02890625 0.0296875
0 0.759375 0.46640625 0.02578125 0.0296875
0 0.87109375 0.47421875 0.02890625 0.025
0 0.87578125 0.44140625 0.03046875 0.0234375
0 0.9 0.465625 0.02421875 0.02421875
0 0.75 0.56875 0.03125 0.021875
0 0.7828125 0.53125 0.02265625 0.028125
0 0.8140625 0.52265625 0.02421875 0.01796875
0 0.84296875 0.51015625 0.0203125 0.02578125
0 0.86953125 0.50625 0.01953125 0.02578125
0 0.89609375 0.49765625 0.021875 0.02421875
0 0.78125 0.56015625 0.0203125 0.02421875
0 0.809375 0.55 0.021875 0.025
0 0.840625 0.540625 0.02578125 0.02578125
0 0.86796875 0.5328125 0.01875 0.01875
0 0.89453125 0.5234375 0.025 0.01953125
0 0.91640625 0.4046875 0.03046875 0.025
0 0.75078125 0.53828125 0.028125 0.03125
0 0.8859375 0.40703125 0.01953125 0.02890625
0 0.28984375 0.4578125 0.071875 0.0453125
0 0.8296875 0.41953125 0.02421875 0.03046875
0 0.48671875 0.3375 0.0515625 0.0453125
0 0.43203125 0.3921875 0.0578125 0.04765625
0 0.4921875 0.390625 0.0578125 0.05078125
0 0.4375 0.44140625 0.053125 0.04765625
0 0.48828125 0.4375 0.04296875 0.034375
0 0.43671875 0.4921875 0.04765625 0.0453125
0 0.4875 0.4796875 0.04140625 0.03828125
0 0.43203125 0.53515625 0.05 0.03671875
0 0.48515625 0.52109375 0.0515625 0.0390625
0 0.44296875 0.57265625 0.04609375 0.034375
0 0.49609375 0.56015625 0.03828125 0.03359375
0 0.43984375 0.615625 0.046875 0.0390625
0 0.4921875 0.60078125 0.0421875 0.03125
0 0.44609375 0.65546875 0.0390625 0.0328125
0 0.859375 0.4140625 0.0203125 0.02734375
0 0.54296875 0.284375 0.05 0.04765625
0 0.5953125 0.278125 0.05078125 0.04765625
0 0.68203125 0.40546875 0.03125 0.034375
0 0.63828125 0.41484375 0.03671875 0.0328125
0 0.59453125 0.41953125 0.04140625 0.04140625
0 0.5453125 0.42578125 0.0453125 0.04296875
0 0.6828125 0.36484375 0.03671875 0.03984375
0 0.640625 0.37265625 0.04140625 0.04296875
0 0.4296875 0.33984375 0.053125 0.046875
0 0.5953125 0.37265625 0.03984375 0.04453125
0 0.68828125 0.3203125 0.03984375 0.0390625
0 0.64375 0.32578125 0.03515625 0.04609375
0 0.59609375 0.3265625 0.04609375 0.0453125
0 0.54375 0.33515625 0.05234375 0.04453125
0 0.69296875 0.275 0.05 0.04765625
0 0.6453125 0.2796875 0.04765625 0.04453125
0 0.5484375 0.38046875 0.04609375 0.04375
0 0.54375 0.47109375 0.04140625 0.03828125
0 0.48515625 0.28515625 0.05234375 0.05234375
0 0.38515625 0.66484375 0.06796875 0.0484375
0 0.03046875 0.3015625 0.06015625 0.065625
0 0.109375 0.284375 0.071875 0.05625
0 0.1796875 0.28046875 0.06484375 0.05
0 0.284375 0.34765625 0.07265625 0.059375
0 0.28359375 0.40703125 0.06328125 0.05625
0 0.290625 0.51015625 0.06171875 0.05234375
0 0.296875 0.56015625 0.06640625 0.04765625
0 0.296875 0.60703125 0.071875 0.0359375
0 0.22890625 0.66953125 0.20078125 0.025
0 0.2984375 0.70390625 0.06953125 0.03359375
0 0.22890625 0.71484375 0.06328125 0.05234375
0 0.159375 0.73125 0.06796875 0.05234375
0 0.078125 0.7515625 0.08359375 0.04609375
0 0.0703125 0.70390625 0.08984375 0.0375
0 0.1484375 0.6359375 0.0671875 0.03984375
0 0.22109375 0.625 0.06640625 0.05234375
0 0.14609375 0.58515625 0.07421875 0.046875
0 0.0609375 0.66171875 0.07578125 0.03671875
0 0.05546875 0.61015625 0.090625 0.05859375
0 0.05 0.55390625 0.07734375 0.05234375
0 0.0390625 0.4953125 0.078125 0.06484375
0 0.0359375 0.434375 0.071875 0.05625
0 0.03203125 0.37109375 0.06328125 0.065625
0 0.4265625 0.28671875 0.05078125 0.05234375
0 0.11484375 0.3625 0.08515625 0.06328125
0 0.115625 0.4203125 0.08125 0.05078125
0 0.209375 0.465625 0.065625 0.0453125
0 0.1234375 0.48203125 0.0765625 0.06171875
0 0.2171875 0.515625 0.0703125 0.046875
0 0.13515625 0.53515625 0.08046875 0.04296875
0 0.221875 0.56796875 0.071875 0.05
0 0.2046875 0.41328125 0.06796875 0.05390625
0 0.5890625 0.4625 0.03828125 0.0375
0 0.490625 0.6421875 0.03984375 0.040625
0 0.678125 0.4453125 0.0390625 0.03984375
0 0.8421875 0.346875 0.02265625 0.0328125
0 0.87421875 0.34296875 0.0359375 0.0296875
0 0.79765625 0.42578125 0.0296875 0.03203125
0 0.76171875 0.43203125 0.03125 0.03203125
0 0.921875 0.36796875 0.03046875 0.02890625
0 0.8921875 0.3765625 0.02109375 0.0234375
0 0.86328125 0.378125 0.02421875 0.028125
0 0.8109375 0.35078125 0.0328125 0.03671875
0 0.9078125 0.30078125 0.02890625 0.0328125
0 0.8359375 0.3859375 0.025 0.02734375
0 0.7125 0.5796875 0.034375 0.02890625
0 0.71328125 0.546875 0.0328125 0.02265625
0 0.71328125 0.5140625 0.03203125 0.0328125
0 0.715625 0.47578125 0.02890625 0.03125
0 0.71796875 0.43671875 0.03359375 0.0359375
0 0.76328125 0.39375 0.03125 0.0375
0 0.903125 0.33515625 0.0234375 0.0296875
0 0.6359375 0.45546875 0.0390625 0.03359375
0 0.8 0.3890625 0.03125 0.0328125
0 0.7734375 0.3546875 0.03046875 0.03203125
0 0.875 0.3046875 0.02109375 0.03046875
0 0.81484375 0.31171875 0.025 0.03359375
0 0.540625 0.51328125 0.0453125 0.0390625
0 0.58828125 0.50234375 0.0375 0.0359375
0 0.63125 0.4953125 0.0375 0.0328125
0 0.67734375 0.48359375 0.040625 0.02890625
0 0.5390625 0.553125 0.04296875 0.03125
0 0.5890625 0.54375 0.0390625 0.0328125
0 0.62890625 0.53359375 0.03359375 0.03515625
0 0.6734375 0.521875 0.0328125 0.03828125
0 0.8453125 0.30859375 0.028125 0.03515625
0 0.5421875 0.58984375 0.04609375 0.03828125
0 0.54140625 0.628125 0.03984375 0.0328125
0 0.58671875 0.61171875 0.03046875 0.03515625
0 0.62734375 0.603125 0.04609375 0.03515625
0 0.6703125 0.59609375 0.02734375 0.0234375
0 0.815625 0.26875 0.0421875 0.04453125
0 0.853125 0.26484375 0.02421875 0.0453125
0 0.8796875 0.26171875 0.03046875 0.03984375
0 0.7796875 0.3140625 0.0328125 0.0375
0 0.6296875 0.56875 0.1171875 0.01796875