0 0.2421875 0.41171875 0.05078125 0.0265625
0 0.92890625 0.49765625 0.03515625 0.0328125
0 0.86484375 0.50390625 0.09296875 0.021875
0 0.784375 0.509375 0.0578125 0.01796875
0 0.84921875 0.3796875 0.28203125 0.0609375
0 0.3375 0.4109375 0.04453125 0.02578125
0 0.2921875 0.4109375 0.04296875 0.0265625
0 0.1921875 0.4125 0.0421875 0.0265625
0 0.65546875 0.35546875 0.05390625 0.0390625
0 0.09296875 0.41796875 0.04609375 0.0203125
0 0.54375 0.3953125 0.05546875 0.0359375
0 0.54140625 0.35546875 0.05390625 0.0390625
0 0.5 0.4015625 0.0265625 0.02890625
0 0.46015625 0.4078125 0.04453125 0.0234375
0 0.41171875 0.40859375 0.0453125 0.0234375
0 0.46015625 0.37578125 0.04453125 0.03125
0 0.6 0.39453125 0.05390625 0.03671875
0 0.65703125 0.39375 0.05546875 0.03359375
0 0.41015625 0.37734375 0.05 0.0296875
0 0.6 0.35546875 0.05390625 0.0390625
0 0.11484375 0.35234375 0.053125 0.0328125
0 0.07890625 0.38828125 0.0453125 0.0375
0 0.128125 0.3859375 0.05078125 0.0296875
0 0.184375 0.38125 0.05390625 0.0296875
0 0.23828125 0.38125 0.04609375 0.0296875
0 0.2859375 0.37890625 0.03984375 0.0328125
0 0.4078125 0.34765625 0.05078125 0.0265625
0 0.1421875 0.415625 0.04921875 0.02421875
0 0.3296875 0.378125 0.04375 0.0328125
0 0.63671875 0.52109375 0.06484375 0.01875
0 0.5609375 0.5171875 0.0796875 0.02578125
0 0.72421875 0.51171875 0.0578125 0.021875
0 0.2015625 0.61796875 0.0703125 0.053125
0 0.27109375 0.62109375 0.0671875 0.04296875
0 0.3421875 0.6140625 0.07109375 0.05
0 0.1421875 0.7125 0.0734375 0.028125
0 0.21328125 0.7078125 0.06484375 0.028125
0 0.2796875 0.7078125 0.06484375 0.028125
0 0.3515625 0.7046875 0.07265625 0.028125
0 0.1453125 0.73984375 0.0734375 0.025
0 0.21640625 0.73671875 0.06796875 0.025
0 0.284375 0.734375 0.06015625 0.0234375
0 0.353125 0.73359375 0.07421875 0.021875
0 0.4296875 0.70390625 0.06796875 0.05703125
0 0.503125 0.7 0.06640625 0.059375
0 0.56875 0.7 0.05859375 0.05625
0 0.6296875 0.69921875 0.05859375 0.0546875
0 0.74453125 0.7046875 0.12109375 0.04765625
0 0.87109375 0.6984375 0.12734375 0.04609375
0 0.425 0.625 0.0625 0.0234375
0 0.48984375 0.625 0.05859375 0.0234375
0 0.546875 0.621875 0.05234375 0.0234375
0 0.60703125 0.62109375 0.06484375 0.0234375
0 0.65625 0.61796875 0.02578125 0.0390625
0 0.74453125 0.58984375 0.13203125 0.025
0 0.74609375 0.61640625 0.1359375 0.0265625
0 0.87734375 0.5828125 0.125 0.0296875
0 0.878125 0.6125 0.12421875 0.025
0 0.8203125 0.55625 0.134375 0.01953125
0 0.45625 0.34453125 0.04296875 0.0265625
0 0.13203125 0.61875 0.06484375 0.04453125
0 0.115625 0.5234375 0.06484375 0.0359375
0 0.496875 0.36640625 0.02734375 0.034375
0 0.4578125 0.503125 0.1234375 0.053125
0 0.19140625 0.52265625 0.06953125 0.03125