0 0.59921875 0.70546875 0.021875 0.04453125
0 0.8640625 0.45703125 0.0140625 0.03984375
0 0.953125 0.34453125 0.0265625 0.0609375
0 0.984375 0.34609375 0.03125 0.0640625
0 0.909375 0.3578125 0.02265625 0.0328125
0 0.8796875 0.35234375 0.02578125 0.0375
0 0.9953125 0.26015625 0.009375 0.03671875
0 0.97890625 0.25546875 0.0125 0.03828125
0 0.9625 0.25234375 0.01328125 0.03671875
0 0.94609375 0.25234375 0.0125 0.03984375
0 0.9296875 0.2484375 0.0140625 0.03984375
0 0.9140625 0.24296875 0.015625 0.04609375
0 0.8953125 0.2375 0.0109375 0.0390625
0 0.8859375 0.45234375 0.01875 0.046875
0 0.56484375 0.6890625 0.0359375 0.090625
0 0.31328125 0.2984375 0.05234375 0.08515625
0 0.37421875 0.3015625 0.04921875 0.0921875
0 0.42109375 0.3125 0.03046875 0.07421875
0 0.45703125 0.3140625 0.03359375 0.0765625
0 0.4953125 0.31953125 0.03203125 0.0671875
0 0.52578125 0.32265625 0.02265625 0.06953125
0 0.54921875 0.32421875 0.02109375 0.06796875
0 0.5921875 0.328125 0.02734375 0.07265625
0 0.6234375 0.32890625 0.028125 0.06953125
0 0.6578125 0.33046875 0.0296875 0.07109375
0 0.70859375 0.34609375 0.02890625 0.04921875
0 0.7734375 0.35390625 0.03046875 0.0453125
0 0.25 0.28984375 0.06171875 0.09765625
0 0.04453125 0.39453125 0.0703125 0.09375
0 0.91640625 0.44453125 0.01640625 0.03828125
0 0.8625 0.56484375 0.028125 0.06875
0 0.24296875 0.09921875 0.0578125 0.1296875
0 0.2984375 0.1125 0.04296875 0.11796875
0 0.346875 0.121875 0.0484375 0.1265625
0 0.4 0.13828125 0.0421875 0.10390625
0 0.44453125 0.1390625 0.04140625 0.12265625
0 0.48671875 0.15078125 0.0375 0.10625
0 0.528125 0.1546875 0.03125 0.1125
0 0.58671875 0.17109375 0.03046875 0.10234375
0 0.62421875 0.17578125 0.0390625 0.1015625
0 0.66484375 0.19609375 0.03359375 0.08203125
0 0.7 0.1984375 0.03203125 0.09296875
0 0.73203125 0.19921875 0.02734375 0.09140625
0 0.94375 0.4578125 0.028125 0.0359375
0 0.76796875 0.2203125 0.03203125 0.06953125
0 0.9796875 0.65390625 0.025 0.046875
0 0.95625 0.65546875 0.01640625 0.040625
0 0.934375 0.66015625 0.0265625 0.0484375
0 0.909375 0.66328125 0.01953125 0.046875
0 0.859375 0.671875 0.01484375 0.05078125
0 0.990625 0.55546875 0.0171875 0.05703125
0 0.98046875 0.50625 0.01640625 0.0140625
0 0.9609375 0.515625 0.0203125 0.01484375
0 0.97109375 0.55546875 0.01640625 0.05546875
0 0.95078125 0.565625 0.01640625 0.0453125
0 0.92734375 0.57421875 0.01953125 0.03125
0 0.8984375 0.5640625 0.03203125 0.059375
0 0.0890625 0.1859375 0.12109375 0.1125
0 0.12890625 0.39375 0.0703125 0.08984375
0 0.88359375 0.66875 0.0265625 0.05
0 0.26328125 0.42578125 0.03203125 0.090625
0 0.7671875 0.55546875 0.03125 0.06640625
0 0.66640625 0.5109375 0.0578125 0.0234375
0 0.025 0.75546875 0.046875 0.13828125
0 0.09453125 0.7703125 0.0578125 0.13046875
0 0.15703125 0.76328125 0.04921875 0.125
0 0.2203125 0.740625 0.06796875 0.096875
0 0.2828125 0.73046875 0.0546875 0.08828125
0 0.34140625 0.72734375 0.05234375 0.08828125
0 0.39765625 0.7171875 0.04765625 0.08125
0 0.45234375 0.709375 0.04765625 0.0765625
0 0.49765625 0.6921875 0.03203125 0.09375
0 0.5328125 0.70234375 0.028125 0.0734375
0 0.87890625 0.23515625 0.0171875 0.04296875
0 0.71484375 0.77890625 0.03515625 0.07890625
0 0.67578125 0.79609375 0.02265625 0.0625
0 0.65078125 0.79296875 0.0203125 0.07109375
0 0.2046875 0.4 0.06953125 0.078125
0 0.63203125 0.69609375 0.034375 0.040625
0 0.665625 0.66796875 0.01953125 0.0796875
0 0.68828125 0.66875 0.02578125 0.08125
0 0.71328125 0.66328125 0.02265625 0.07265625
0 0.7375 0.66484375 0.021875 0.075
0 0.2421875 0.8859375 0.06875 0.0828125
0 0.7328125 0.5546875 0.03203125 0.06640625
0 0.303125 0.865625 0.03671875 0.1109375
0 0.40390625 0.84765625 0.053125 0.08125
0 0.45078125 0.834375 0.03515625 0.09375
0 0.4921875 0.834375 0.04140625 0.0671875
0 0.52890625 0.81171875 0.02890625 0.09921875
0 0.56171875 0.80625 0.02890625 0.1
0 0.590625 0.80625 0.0234375 0.08828125
0 0.34765625 0.84921875 0.0453125 0.10703125
0 0.696875 0.5609375 0.03515625 0.0703125
0 0.62109375 0.7953125 0.03125 0.0828125
0 0.609375 0.578125 0.03671875 0.04609375
0 0.65546875 0.5625 0.03984375 0.0625
0 0.13515625 0.56328125 0.05859375 0.12734375
0 0.071875 0.56796875 0.05078125 0.1296875
0 0.7734375 0.4421875 0.03671875 0.06484375
0 0.734375 0.44296875 0.03203125 0.065625
0 0.7 0.43671875 0.03203125 0.06796875
0 0.6609375 0.4375 0.0375 0.06640625
0 0.61796875 0.43671875 0.0421875 0.0734375
0 0.57265625 0.43828125 0.04375 0.065625
0 0.52578125 0.43828125 0.0453125 0.065625
0 0.18828125 0.559375 0.04453125 0.1203125
0 0.01953125 0.57109375 0.03828125 0.12421875
0 0.42109375 0.43203125 0.04765625 0.0734375
0 0.4765625 0.43046875 0.04609375 0.07734375
0 0.56640625 0.565625 0.0421875 0.07109375
0 0.5203125 0.57109375 0.04140625 0.08125
0 0.41875 0.57265625 0.053125 0.08828125
0 0.4703125 0.5703125 0.040625 0.0875
0 0.30078125 0.578125 0.0546875 0.0921875
0 0.2421875 0.57734375 0.04609375 0.096875
0 0.3125 0.43046875 0.0578125 0.08515625
0 0.37109375 0.4296875 0.05 0.07734375
0 0.359375 0.571875 0.053125 0.08984375