0 0.72109375 0.50546875 0.05703125 0.06796875
0 0.596875 0.57421875 0.05859375 0.06171875
0 0.6859375 0.57421875 0.1203125 0.06171875
0 0.59140625 0.64140625 0.059375 0.0703125
0 0.65234375 0.640625 0.05703125 0.0703125
0 0.7109375 0.63984375 0.05859375 0.06875
0 0.76875 0.5703125 0.03515625 0.06640625
0 0.8078125 0.56953125 0.04140625 0.06484375
0 0.8625 0.56875 0.0671875 0.06484375
0 0.87734375 0.49921875 0.040625 0.0515625
0 0.87421875 0.440625 0.0453125 0.0625
0 0.825 0.43671875 0.05390625 0.053125
0 0.9140625 0.4421875 0.03671875 0.053125
0 0.92109375 0.49921875 0.034375 0.05625
0 0.78828125 0.49453125 0.040625 0.06015625
0 0.83359375 0.49921875 0.04609375 0.0515625
0 0.8265625 0.7234375 0.046875 0.06875
0 0.59609375 0.50625 0.06171875 0.06875
0 0.63671875 0.73671875 0.0171875 0.0640625
0 0.65546875 0.7390625 0.015625 0.06796875
0 0.67109375 0.73984375 0.0171875 0.0671875
0 0.68671875 0.73984375 0.01640625 0.06953125
0 0.70390625 0.73984375 0.01796875 0.06875
0 0.72109375 0.740625 0.015625 0.06875
0 0.7375 0.74140625 0.015625 0.06796875
0 0.7765625 0.721875 0.046875 0.07265625
0 0.928125 0.55859375 0.02109375 0.0609375
0 0.77890625 0.65078125 0.0515625 0.06953125
0 0.1015625 0.45546875 0.03515625 0.04140625
0 0.06640625 0.4578125 0.03671875 0.0421875
0 0.29296875 0.4609375 0.04765625 0.04296875
0 0.25 0.46171875 0.03671875 0.040625
0 0.29453125 0.41796875 0.04453125 0.0421875
0 0.14765625 0.41171875 0.0359375 0.0359375
0 0.4734375 0.43203125 0.04453125 0.05625
0 0.55390625 0.434375 0.1078125 0.06796875
0 0.66875 0.434375 0.11796875 0.06328125
0 0.6609375 0.50546875 0.05859375 0.06796875
0 0.88046875 0.6484375 0.05703125 0.071875
0 0.1453125 0.20859375 0.028125 0.03359375
0 0.93046875 0.64609375 0.0390625 0.05859375
0 0.36953125 0.15234375 0.02578125 0.028125
0 0.396875 0.15390625 0.02578125 0.03046875
0 0.42265625 0.15390625 0.02421875 0.03125
0 0.39453125 0.18671875 0.02578125 0.028125
0 0.42109375 0.18671875 0.02578125 0.02890625
0 0.39375 0.2171875 0.025 0.03125
0 0.42109375 0.21875 0.02578125 0.0296875
0 0.36875 0.24921875 0.025 0.028125
0 0.39375 0.24765625 0.02421875 0.028125
0 0.41875 0.2484375 0.0265625 0.028125
0 0.290625 0.278125 0.025 0.03828125
0 0.31640625 0.27890625 0.02578125 0.0375
0 0.34296875 0.2765625 0.02421875 0.03515625
0 0.36953125 0.27890625 0.02421875 0.03125
0 0.39375 0.2796875 0.025 0.03203125
0 0.41953125 0.2796875 0.025 0.03203125
0 0.45078125 0.12421875 0.02265625 0.02578125
0 0.47578125 0.125 0.02421875 0.02578125
0 0.50078125 0.12421875 0.0234375 0.02265625
0 0.42265625 0.1234375 0.02578125 0.02734375
0 0.39609375 0.1234375 0.0265625 0.03125
0 0.36953125 0.12265625 0.02421875 0.03046875
0 0.34453125 0.1203125 0.025 0.0328125
0 0.93046875 0.70625 0.0375 0.0609375
0 0.98203125 0.6546875 0.0359375 0.06796875
0 0.98203125 0.721875 0.03359375 0.06171875
0 0.11796875 0.1390625 0.02578125 0.028125
0 0.14375 0.1375 0.02734375 0.02890625
0 0.17265625 0.1390625 0.028125 0.03046875
0 0.19921875 0.13828125 0.025 0.03125
0 0.11796875 0.1734375 0.02578125 0.034375
0 0.14453125 0.17265625 0.02578125 0.03671875
0 0.88046875 0.71796875 0.059375 0.0671875
0 0.17265625 0.171875 0.02890625 0.03359375
0 0.61796875 0.7359375 0.0171875 0.065625
0 0.17421875 0.20703125 0.02578125 0.034375
0 0.20078125 0.20625 0.0265625 0.034375
0 0.12109375 0.2421875 0.02578125 0.03203125
0 0.14765625 0.24296875 0.025 0.0328125
0 0.17421875 0.24296875 0.02578125 0.03359375
0 0.20078125 0.24296875 0.02578125 0.034375
0 0.2265625 0.24296875 0.0265625 0.03515625
0 0.2546875 0.24375 0.0296875 0.03515625
0 0.11875 0.2078125 0.025 0.034375
0 0.60234375 0.734375 0.015625 0.0703125
0 0.35390625 0.746875 0.03203125 0.03828125
0 0.56953125 0.73203125 0.0171875 0.06875
0 0.06875 0.625 0.0359375 0.034375
0 0.10703125 0.62734375 0.03671875 0.040625
0 0.14375 0.628125 0.0328125 0.040625
0 0.17890625 0.6296875 0.0359375 0.04140625
0 0.21484375 0.63046875 0.03515625 0.0390625
0 0.25 0.63125 0.0359375 0.03984375
0 0.2859375 0.63125 0.03515625 0.040625
0 0.03359375 0.671875 0.034375 0.03828125
0 0.0328125 0.62578125 0.03828125 0.03515625
0 0.10703125 0.66875 0.03515625 0.03828125
0 0.17734375 0.67109375 0.03515625 0.03828125
0 0.21171875 0.6703125 0.03359375 0.03828125
0 0.2484375 0.67109375 0.03828125 0.03828125
0 0.28515625 0.66953125 0.0328125 0.0375
0 0.03671875 0.71328125 0.034375 0.03984375
0 0.071875 0.71328125 0.03671875 0.03984375
0 0.1078125 0.71171875 0.034375 0.03984375
0 0.14375 0.71015625 0.03515625 0.0421875
0 0.1421875 0.6703125 0.03359375 0.03359375
0 0.28515625 0.5875 0.0359375 0.04375
0 0.24765625 0.5875 0.03515625 0.04140625
0 0.2140625 0.5875 0.03515625 0.04296875
0 0.065625 0.4984375 0.0328125 0.03828125
0 0.10234375 0.49921875 0.0359375 0.0390625
0 0.1375 0.5 0.034375 0.040625
0 0.18046875 0.50078125 0.046875 0.03984375
0 0.25625 0.50390625 0.03671875 0.040625
0 0.29375 0.50234375 0.03984375 0.04296875
0 0.03046875 0.5421875 0.0390625 0.04140625
0 0.06796875 0.5421875 0.03515625 0.04140625
0 0.103125 0.5421875 0.03359375 0.04140625
0 0.13984375 0.5421875 0.03515625 0.03984375
0 0.17578125 0.54375 0.03515625 0.0421875
0 0.21171875 0.54453125 0.03671875 0.0421875
0 0.2484375 0.5453125 0.03671875 0.04375
0 0.28828125 0.54609375 0.04140625 0.04375
0 0.0296875 0.58515625 0.03828125 0.0390625
0 0.06875 0.58515625 0.03671875 0.03984375
0 0.103125 0.58515625 0.034375 0.040625
0 0.1390625 0.584375 0.03828125 0.04140625
0 0.1765625 0.58828125 0.034375 0.04296875
0 0.178125 0.71171875 0.034375 0.04375
0 0.58671875 0.7328125 0.015625 0.0703125
0 0.2125 0.7125 0.034375 0.04140625
0 0.28203125 0.7125 0.03359375 0.0421875
0 0.353125 0.70859375 0.03359375 0.03984375
0 0.38671875 0.709375 0.034375 0.03984375
0 0.42109375 0.7109375 0.03125 0.040625
0 0.42109375 0.75078125 0.03125 0.034375
0 0.0296875 0.4984375 0.03671875 0.040625
0 0.3875 0.7484375 0.0359375 0.03984375
0 0.40390625 0.41484375 0.08125 0.03359375
0 0.40546875 0.44765625 0.07734375 0.03203125
0 0.35546875 0.66796875 0.03359375 0.03359375
0 0.40859375 0.48125 0.071875 0.03515625
0 0.503125 0.56796875 0.11796875 0.0640625
0 0.4703125 0.63828125 0.05625 0.06796875
0 0.52890625 0.63828125 0.0578125 0.06640625
0 0.4828125 0.73046875 0.01875 0.0640625
0 0.50078125 0.73046875 0.0171875 0.06640625
0 0.51796875 0.73125 0.01796875 0.065625
0 0.5359375 0.73203125 0.01796875 0.06796875
0 0.553125 0.73203125 0.015625 0.06875
0 0.50390625 0.49609375 0.1125 0.0609375
0 0.421875 0.6703125 0.03203125 0.04296875
0 0.38828125 0.6671875 0.03203125 0.0390625
0 0.421875 0.6265625 0.03359375 0.0421875
0 0.0375 0.7578125 0.0328125 0.04140625
0 0.0734375 0.75703125 0.03515625 0.0453125
0 0.10859375 0.75625 0.034375 0.0484375
0 0.14296875 0.75859375 0.03359375 0.04375
0 0.178125 0.75859375 0.0328125 0.0453125
0 0.2125 0.7578125 0.03515625 0.04765625
0 0.2484375 0.759375 0.0328125 0.046875
0 0.28203125 0.7609375 0.0328125 0.04453125
0 0.3171875 0.7546875 0.03203125 0.0390625
0 0.31796875 0.7125 0.03203125 0.03828125
0 0.3203125 0.6703125 0.03203125 0.040625
0 0.31875 0.62890625 0.02890625 0.040625
0 0.353125 0.54609375 0.03359375 0.03671875
0 0.38671875 0.54453125 0.0328125 0.040625
0 0.525 0.12421875 0.02265625 0.02578125
0 0.42109375 0.54375 0.03359375 0.0421875
0 0.38828125 0.58515625 0.0328125 0.03828125
0 0.4203125 0.584375 0.03359375 0.03984375
0 0.38984375 0.6265625 0.028125 0.04140625
0 0.2484375 0.7140625 0.034375 0.04140625
0 0.55 0.1265625 0.025 0.02578125
0 0.17578125 0.27890625 0.028125 0.034375
0 0.45 0.15546875 0.02265625 0.03359375
0 0.603125 0.25859375 0.0234375 0.0296875
0 0.62734375 0.26015625 0.02265625 0.0296875
0 0.65390625 0.259375 0.0234375 0.0296875
0 0.68046875 0.26015625 0.0234375 0.0296875
0 0.70546875 0.26171875 0.0234375 0.0296875
0 0.7296875 0.2625 0.02265625 0.0296875
0 0.6015625 0.28984375 0.02265625 0.03046875
0 0.62734375 0.29140625 0.021875 0.03046875
0 0.70390625 0.23046875 0.02421875 0.028125
0 0.653125 0.2921875 0.02265625 0.03046875
0 0.70546875 0.29296875 0.02265625 0.03046875
0 0.73046875 0.29296875 0.02265625 0.03046875
0 0.6015625 0.321875 0.0234375 0.0296875
0 0.6265625 0.321875 0.02734375 0.0296875
0 0.65390625 0.32265625 0.02734375 0.0296875
0 0.68203125 0.3234375 0.02734375 0.0296875
0 0.70703125 0.3234375 0.02265625 0.03046875
0 0.73125 0.32421875 0.02265625 0.03046875
0 0.6796875 0.2921875 0.021875 0.03046875
0 0.6015625 0.35234375 0.02421875 0.028125
0 0.678125 0.2296875 0.02421875 0.028125
0 0.628125 0.2296875 0.02421875 0.028125
0 0.57265625 0.38203125 0.0265625 0.03359375
0 0.60390625 0.13828125 0.0234375 0.03203125
0 0.628125 0.1375 0.02421875 0.03125
0 0.653125 0.13984375 0.02421875 0.0296875
0 0.678125 0.140625 0.02421875 0.0265625
0 0.70390625 0.1421875 0.02421875 0.0296875
0 0.87734375 0.15078125 0.02421875 0.02890625
0 0.85390625 0.1515625 0.02109375 0.02734375
0 0.653125 0.22890625 0.02421875 0.028125
0 0.60390625 0.1703125 0.02421875 0.02890625
0 0.65234375 0.17109375 0.02421875 0.02890625
0 0.678125 0.1703125 0.02421875 0.02890625
0 0.878125 0.18203125 0.02578125 0.03125
0 0.603125 0.19921875 0.025 0.02734375
0 0.62890625 0.2 0.025 0.02734375
0 0.65390625 0.19921875 0.02421875 0.02734375
0 0.67890625 0.19921875 0.025 0.02734375
0 0.603125 0.22890625 0.02421875 0.028125
0 0.62890625 0.1703125 0.02421875 0.02890625
0 0.625 0.35234375 0.02421875 0.028125
0 0.65234375 0.353125 0.02421875 0.028125
0 0.6796875 0.35390625 0.02421875 0.028125
0 0.75703125 0.33046875 0.025 0.03203125
0 0.7828125 0.33125 0.025 0.03125
0 0.80703125 0.33125 0.02421875 0.03125
0 0.83203125 0.33203125 0.02421875 0.0328125
0 0.859375 0.33203125 0.02578125 0.03046875
0 0.884375 0.334375 0.02421875 0.03515625
0 0.75625 0.3625 0.02265625 0.03203125
0 0.78203125 0.3625 0.02578125 0.0328125
0 0.8828125 0.3015625 0.02578125 0.02734375
0 0.80703125 0.36328125 0.02421875 0.03125
0 0.8578125 0.3640625 0.025 0.03125
0 0.88515625 0.36796875 0.02578125 0.02890625
0 0.75859375 0.39453125 0.02578125 0.03046875
0 0.784375 0.39453125 0.0234375 0.03125
0 0.8078125 0.3953125 0.02265625 0.0296875
0 0.83203125 0.3953125 0.02421875 0.02734375
0 0.8578125 0.39453125 0.02421875 0.028125
0 0.88515625 0.39609375 0.02734375 0.02578125
0 0.83125 0.36484375 0.02421875 0.03046875
0 0.85625 0.3 0.02421875 0.0265625
0 0.83125 0.3 0.02578125 0.02578125
0 0.80625 0.2984375 0.02421875 0.03046875
0 0.70625 0.35625 0.02421875 0.028125
0 0.73203125 0.35390625 0.02421875 0.028125
0 0.6015625 0.3828125 0.02265625 0.03203125
0 0.62578125 0.38359375 0.02265625 0.03203125
0 0.65234375 0.38515625 0.02265625 0.03203125
0 0.6796875 0.38515625 0.02265625 0.03203125
0 0.70625 0.38671875 0.02265625 0.03203125
0 0.73203125 0.38515625 0.02265625 0.03203125
0 0.88125 0.21328125 0.02265625 0.03125
0 0.7546875 0.26640625 0.0234375 0.03203125
0 0.77890625 0.26953125 0.025 0.028125
0 0.80546875 0.26875 0.02578125 0.02890625
0 0.83046875 0.27109375 0.0234375 0.03046875
0 0.85390625 0.2703125 0.0234375 0.03046875
0 0.8796875 0.27109375 0.02421875 0.02734375
0 0.85625 0.23984375 0.02421875 0.0296875
0 0.88203125 0.24375 0.02265625 0.02890625
0 0.75546875 0.2984375 0.02421875 0.03046875
0 0.78046875 0.2984375 0.0265625 0.03125
0 0.54609375 0.38125 0.0265625 0.03359375
0 0.5203125 0.38125 0.02421875 0.03203125
0 0.49609375 0.38046875 0.02421875 0.03203125
0 0.471875 0.3796875 0.02421875 0.03203125
0 0.4484375 0.28203125 0.0234375 0.03515625
0 0.47265625 0.28203125 0.025 0.03515625
0 0.49765625 0.28203125 0.02578125 0.03515625
0 0.5234375 0.28203125 0.02421875 0.03671875
0 0.54921875 0.2828125 0.02578125 0.0375
0 0.57421875 0.28359375 0.0265625 0.03671875
0 0.12109375 0.2765625 0.028125 0.03046875
0 0.1484375 0.27734375 0.02421875 0.03203125
0 0.57421875 0.25078125 0.02578125 0.02890625
0 0.20234375 0.27890625 0.02421875 0.034375
0 0.2578125 0.2796875 0.02265625 0.0375
0 0.12109375 0.3109375 0.025 0.03203125
0 0.14765625 0.31015625 0.02734375 0.03203125
0 0.17578125 0.31328125 0.02890625 0.02890625
0 0.20390625 0.31171875 0.02265625 0.03046875
0 0.2296875 0.3140625 0.028125 0.02890625
0 0.2578125 0.3140625 0.0265625 0.0296875
0 0.12265625 0.34453125 0.02421875 0.03203125
0 0.2296875 0.2796875 0.02890625 0.03671875
0 0.54765625 0.25078125 0.02421875 0.02421875
0 0.52421875 0.2484375 0.02109375 0.02734375
0 0.4984375 0.24921875 0.02734375 0.02578125
0 0.4734375 0.15546875 0.025 0.03359375
0 0.5 0.1546875 0.02421875 0.03359375
0 0.52578125 0.1546875 0.02421875 0.03125
0 0.55 0.1546875 0.02109375 0.0296875
0 0.57578125 0.1546875 0.0296875 0.03046875
0 0.44921875 0.18828125 0.02421875 0.03046875
0 0.47421875 0.18828125 0.0234375 0.02890625
0 0.49765625 0.18828125 0.025 0.028125
0 0.5234375 0.18671875 0.02578125 0.03125
0 0.54921875 0.18671875 0.025 0.0296875
0 0.57578125 0.18671875 0.02734375 0.03125
0 0.44921875 0.21953125 0.0234375 0.0296875
0 0.4734375 0.2203125 0.021875 0.03203125
0 0.496875 0.21953125 0.02421875 0.03046875
0 0.52421875 0.21796875 0.02421875 0.02890625
0 0.55 0.21953125 0.02578125 0.03046875
0 0.575 0.21875 0.025 0.0296875
0 0.4484375 0.24921875 0.0234375 0.0265625
0 0.47265625 0.25 0.02421875 0.02578125
0 0.14765625 0.34375 0.02421875 0.034375
0 0.57734375 0.125 0.02890625 0.028125
0 0.175 0.34609375 0.028125 0.03203125
0 0.2296875 0.346875 0.028125 0.034375
0 0.31484375 0.34296875 0.0265625 0.02890625
0 0.34140625 0.34453125 0.0265625 0.02890625
0 0.36796875 0.34453125 0.0265625 0.0296875
0 0.39296875 0.34609375 0.0265625 0.02890625
0 0.4203125 0.34609375 0.0265625 0.02890625
0 0.2890625 0.375 0.02578125 0.03359375
0 0.31484375 0.37421875 0.0265625 0.0328125
0 0.34140625 0.3765625 0.02578125 0.03359375
0 0.28828125 0.34296875 0.025 0.02890625
0 0.3671875 0.37734375 0.02578125 0.03359375
0 0.41953125 0.37734375 0.02578125 0.03359375
0 0.446875 0.34765625 0.02265625 0.03125
0 0.47109375 0.34765625 0.02265625 0.03046875
0 0.49609375 0.34921875 0.02265625 0.03125
0 0.521875 0.34921875 0.025 0.03359375
0 0.5484375 0.34765625 0.02578125 0.0296875
0 0.5734375 0.3484375 0.02578125 0.02890625
0 0.446875 0.38046875 0.025 0.03203125
0 0.39296875 0.37890625 0.02578125 0.03359375
0 0.5734375 0.31875 0.02734375 0.03046875
0 0.54765625 0.31796875 0.02265625 0.03125
0 0.49609375 0.31640625 0.02265625 0.03203125
0 0.2578125 0.346875 0.028125 0.0328125
0 0.1234375 0.37734375 0.02578125 0.03046875
0 0.15 0.37734375 0.02578125 0.03046875
0 0.17734375 0.37890625 0.028125 0.03125
0 0.2046875 0.37890625 0.02421875 0.03125
0 0.23046875 0.38203125 0.028125 0.0328125
0 0.2578125 0.38125 0.0265625 0.034375
0 0.20703125 0.4125 0.02109375 0.03046875
0 0.23125 0.41484375 0.02734375 0.03203125
0 0.25859375 0.41328125 0.02890625 0.03046875
0 0.1203125 0.4109375 0.0171875 0.03515625
0 0.28984375 0.31171875 0.0234375 0.0296875
0 0.31484375 0.3125 0.02734375 0.0296875
0 0.34140625 0.3125 0.02734375 0.03046875
0 0.36796875 0.3109375 0.02578125 0.03203125
0 0.39296875 0.3125 0.02578125 0.03203125
0 0.41953125 0.31328125 0.0265625 0.03359375
0 0.44765625 0.315625 0.02265625 0.03125
0 0.47109375 0.31640625 0.02265625 0.03125
0 0.2015625 0.3453125 0.0265625 0.03359375
0 0.521875 0.31640625 0.02421875 0.03125
0 0.14375 0.45703125 0.046875 0.04296875