0 0.81640625 0.44140625 0.1078125 0.0296875
0 0.62578125 0.31640625 0.04921875 0.025
0 0.68046875 0.3140625 0.05625 0.025
0 0.93984375 0.41953125 0.06171875 0.059375
0 0.5875 0.4796875 0.103125 0.034375
0 0.46171875 0.51484375 0.0796875 0.084375
0 0.58046875 0.44375 0.1046875 0.0296875
0 0.8046875 0.36640625 0.10078125 0.01484375
0 0.91484375 0.36484375 0.10546875 0.01484375
0 0.88046875 0.38828125 0.03984375 0.02109375
0 0.7984375 0.3890625 0.1 0.02578125
0 0.171875 0.38515625 0.08984375 0.040625
0 0.69765625 0.4796875 0.09921875 0.0328125
0 0.0765625 0.38515625 0.07890625 0.040625
0 0.97890625 0.30703125 0.0421875 0.03046875
0 0.925 0.3140625 0.05234375 0.02734375
0 0.86484375 0.31328125 0.0578125 0.02578125
0 0.80703125 0.3125 0.04921875 0.025
0 0.74609375 0.3140625 0.05625 0.02109375
0 0.17890625 0.4453125 0.0671875 0.03203125
0 0.10234375 0.4640625 0.0703125 0.0703125
0 0.03203125 0.46328125 0.05625 0.06640625
0 0.815625 0.47890625 0.11015625 0.03125
0 0.52890625 0.275 0.115625 0.01796875
0 0.69453125 0.390625 0.096875 0.0265625
0 0.41171875 0.2734375 0.11015625 0.01875
0 0.409375 0.3078125 0.1171875 0.04375
0 0.3109375 0.30703125 0.06328125 0.04140625
0 0.23515625 0.30625 0.07421875 0.04375
0 0.15703125 0.31015625 0.06875 0.03359375
0 0.08046875 0.30859375 0.0671875 0.03671875
0 0.01953125 0.3109375 0.0390625 0.03671875
0 0.9265625 0.23203125 0.07109375 0.028125
0 0.48125 0.378125 0.0859375 0.03984375
0 0.5875 0.39140625 0.0984375 0.02578125
0 0.5859375 0.3703125 0.09921875 0.0109375
0 0.69453125 0.3671875 0.10859375 0.0140625
0 0.5359375 0.3078125 0.1140625 0.0390625
0 0.68984375 0.4453125 0.1 0.02890625
0 0.37734375 0.38046875 0.0984375 0.0359375
0 0.42421875 0.8125 0.0609375 0.05
0 0.93671875 0.51015625 0.0796875 0.08046875
0 0.9578125 0.8140625 0.084375 0.03671875
0 0.85546875 0.8203125 0.1 0.02578125
0 0.846875 0.79609375 0.1 0.01171875
0 0.25390625 0.47890625 0.07109375 0.034375
0 0.33125 0.48046875 0.0671875 0.034375
0 0.25703125 0.43984375 0.06171875 0.0359375
0 0.328125 0.440625 0.06953125 0.0375
0 0.27109375 0.38359375 0.0984375 0.04296875
0 0.05078125 0.5453125 0.1015625 0.02890625
0 0.05390625 0.57734375 0.103125 0.028125
0 0.175 0.575 0.11796875 0.028125
0 0.2828125 0.54140625 0.08515625 0.028125
0 0.2875 0.5765625 0.08203125 0.0296875
0 0.378125 0.5734375 0.075 0.034375
0 0.37578125 0.53671875 0.07890625 0.02734375
0 0.465625 0.57265625 0.075 0.02265625
0 0.55625 0.56875 0.08046875 0.02578125
0 0.1703125 0.54140625 0.12109375 0.03046875
0 0.6484375 0.55625 0.0828125 0.04140625
0 0.08046875 0.08515625 0.15234375 0.16640625
0 0.6984375 0.06015625 0.19765625 0.1109375
0 0.184375 0.48046875 0.0625 0.03671875
0 0.84453125 0.23125 0.075 0.03125
0 0.7671875 0.23203125 0.0703125 0.03046875
0 0.69765625 0.23203125 0.065625 0.0296875
0 0.615625 0.2265625 0.084375 0.0359375
0 0.5359375 0.22890625 0.0515625 0.03203125
0 0.47734375 0.23125 0.05390625 0.03125
0 0.4078125 0.228125 0.07421875 0.034375
0 0.4890625 0.06640625 0.19453125 0.109375
0 0.325 0.23125 0.078125 0.02890625
0 0.2046875 0.20625 0.075 0.01328125
0 0.23203125 0.23203125 0.084375 0.03203125
0 0.12109375 0.20625 0.06953125 0.0109375
0 0.13046875 0.23203125 0.08203125 0.0359375
0 0.053125 0.228125 0.06171875 0.03671875
0 0.91484375 0.1203125 0.1703125 0.09375
0 0.91875 0.03359375 0.16171875 0.06484375
0 0.6046875 0.14609375 0.353125 0.04453125
0 0.278125 0.21015625 0.04765625 0.009375
0 0.7375 0.55390625 0.0796875 0.05234375
0 0.8375 0.5546875 0.0765625 0.05
0 0.046875 0.66171875 0.0890625 0.03671875
0 0.575 0.71015625 0.08984375 0.02578125
0 0.6796875 0.7125 0.09140625 0.0234375
0 0.6828125 0.7453125 0.08515625 0.03515625
0 0.77890625 0.7421875 0.08203125 0.034375
0 0.93828125 0.63828125 0.08203125 0.134375
0 0.8640625 0.7125 0.0609375 0.01640625
0 0.87734375 0.73828125 0.08671875 0.03203125
0 0.03671875 0.796875 0.0734375 0.015625
0 0.584375 0.74453125 0.0875 0.03671875
0 0.05 0.828125 0.1 0.028125
0 0.19296875 0.82421875 0.046875 0.0453125
0 0.2671875 0.7984375 0.0734375 0.01875
0 0.2640625 0.8296875 0.06796875 0.028125
0 0.34453125 0.82578125 0.065625 0.03203125
0 0.49296875 0.81875 0.0640625 0.04375
0 0.5828125 0.8234375 0.0890625 0.03515625
0 0.60078125 0.79296875 0.04765625 0.0171875
0 0.66171875 0.81484375 0.04296875 0.028125
0 0.1359375 0.82265625 0.0515625 0.04609375
0 0.4796875 0.74296875 0.0859375 0.04296875
0 0.35078125 0.7203125 0.0984375 0.04140625
0 0.2421875 0.7390625 0.10078125 0.0453125
0 0.046875 0.625 0.09375 0.0296875
0 0.1625 0.625 0.12109375 0.03203125
0 0.16328125 0.66171875 0.11484375 0.03359375
0 0.26015625 0.6609375 0.059375 0.0375
0 0.26171875 0.62421875 0.06328125 0.03203125
0 0.3328125 0.62265625 0.07109375 0.03203125
0 0.334375 0.659375 0.05703125 0.0328125
0 0.42421875 0.6609375 0.11015625 0.03046875
0 0.42578125 0.625 0.09765625 0.0359375
0 0.5390625 0.61953125 0.1109375 0.02890625
0 0.53515625 0.65625 0.10078125 0.03515625
0 0.62578125 0.6578125 0.06484375 0.034375
0 0.696875 0.62421875 0.0765625 0.0328125
0 0.78046875 0.62265625 0.0734375 0.03203125
0 0.84921875 0.62265625 0.0515625 0.03046875
0 0.70234375 0.6578125 0.071875 0.028125
0 0.78046875 0.65703125 0.07265625 0.03046875
0 0.8546875 0.65625 0.05859375 0.02734375
0 0.1171875 0.73984375 0.1125 0.046875
0 0.2734375 0.11015625 0.20078125 0.1234375
0 0.7390625 0.82109375 0.0921875 0.02734375
0 0.73203125 0.7953125 0.08984375 0.0171875