0 0.14140625 0.55546875 0.06171875 0.015625
0 0.765625 0.1984375 0.0296875 0.0140625
0 0.76640625 0.23203125 0.02265625 0.04609375
0 0.80390625 0.2296875 0.03046875 0.04921875
0 0.8375 0.22734375 0.03046875 0.053125
0 0.0171875 0.2953125 0.0296875 0.0328125
0 0.19453125 0.40546875 0.07578125 0.0203125
0 0.190625 0.3828125 0.0703125 0.02109375
0 0.18984375 0.35625 0.08984375 0.02578125
0 0.06015625 0.36640625 0.09609375 0.02421875
0 0.090625 0.4078125 0.0703125 0.02421875
0 0.0984375 0.44375 0.0796875 0.01640625
0 0.10625 0.46328125 0.0765625 0.0109375
0 0.11953125 0.484375 0.0640625 0.01171875
0 0.06484375 0.5 0.065625 0.01484375
0 0.06015625 0.51796875 0.071875 0.0171875
0 0.0578125 0.53828125 0.08046875 0.01875
0 0.06328125 0.55859375 0.078125 0.01640625
0 0.06640625 0.578125 0.0765625 0.01640625
0 0.0671875 0.5953125 0.08359375 0.0171875
0 0.796875 0.19453125 0.02421875 0.0109375
0 0.86953125 0.22734375 0.025 0.05078125
0 0.8984375 0.23046875 0.028125 0.04609375
0 0.9 0.19140625 0.04375 0.02109375
0 0.10234375 0.20703125 0.0640625 0.02265625
0 0.0921875 0.23359375 0.0609375 0.025
0 0.1703125 0.23671875 0.05546875 0.02421875
0 0.24375 0.2375 0.06171875 0.0296875
0 0.2484375 0.20546875 0.06171875 0.02890625
0 0.17265625 0.20625 0.06875 0.02890625
0 0.321875 0.23984375 0.07578125 0.02578125
0 0.325 0.21015625 0.07890625 0.0234375
0 0.39765625 0.23515625 0.075 0.02265625
0 0.06640625 0.6140625 0.0765625 0.01328125
0 0.4796875 0.18203125 0.07578125 0.0265625
0 0.4765625 0.240625 0.07421875 0.02578125
0 0.52734375 0.2296875 0.0234375 0.053125
0 0.55234375 0.228125 0.0203125 0.05234375
0 0.578125 0.21875 0.0265625 0.0671875
0 0.64296875 0.228125 0.03046875 0.04296875
0 0.675 0.23046875 0.0203125 0.04609375
0 0.70390625 0.23046875 0.02578125 0.05078125
0 0.73671875 0.23125 0.02734375 0.04609375
0 0.9421875 0.23125 0.04609375 0.05078125
0 0.471875 0.21015625 0.078125 0.025
0 0.05859375 0.6328125 0.07421875 0.0140625
0 0.07265625 0.65546875 0.0796875 0.025
0 0.0796875 0.69375 0.08359375 0.04375
0 0.75078125 0.3921875 0.0296875 0.05
0 0.70234375 0.38203125 0.04921875 0.07265625
0 0.64609375 0.3796875 0.05390625 0.07734375
0 0.5953125 0.38828125 0.0390625 0.0625
0 0.90078125 0.609375 0.040625 0.0375
0 0.85859375 0.6125 0.03046875 0.034375
0 0.8125 0.6078125 0.034375 0.0390625
0 0.74296875 0.615625 0.05390625 0.02265625
0 0.67421875 0.61640625 0.0578125 0.02265625
0 0.784375 0.39140625 0.02578125 0.046875
0 0.596875 0.6109375 0.06015625 0.0234375
0 0.45078125 0.61015625 0.05703125 0.0359375
0 0.3984375 0.60390625 0.03359375 0.0375
0 0.35859375 0.6015625 0.03046875 0.0359375
0 0.30859375 0.60859375 0.05078125 0.025
0 0.24375 0.6140625 0.0484375 0.02578125
0 0.178125 0.6140625 0.06171875 0.0265625
0 0.79609375 0.6796875 0.04375 0.040625
0 0.93515625 0.684375 0.05 0.02109375
0 0.86328125 0.6859375 0.08125 0.025
0 0.521875 0.61484375 0.05859375 0.02578125
0 0.0265625 0.22109375 0.04921875 0.05859375
0 0.8265625 0.39453125 0.03046875 0.0484375
0 0.85390625 0.303125 0.0609375 0.03203125
0 0.13203125 0.6828125 0.0171875 0.02265625
0 0.17890625 0.6796875 0.046875 0.0328125
0 0.23125 0.6765625 0.04453125 0.03671875
0 0.290625 0.678125 0.040625 0.040625
0 0.35078125 0.671875 0.0484375 0.05234375
0 0.45390625 0.6734375 0.06796875 0.05078125
0 0.521875 0.68359375 0.05546875 0.02265625
0 0.59609375 0.68203125 0.06640625 0.0265625
0 0.6640625 0.665625 0.0625 0.0203125
0 0.8671875 0.39375 0.0296875 0.04453125
0 0.14375 0.525 0.06640625 0.0171875
0 0.14375 0.29765625 0.05234375 0.0296875
0 0.21171875 0.30234375 0.0609375 0.02890625
0 0.31953125 0.30234375 0.08125 0.02265625
0 0.403125 0.303125 0.07734375 0.0296875
0 0.48359375 0.303125 0.08046875 0.0265625
0 0.56640625 0.303125 0.078125 0.0265625
0 0.64453125 0.30234375 0.0703125 0.025
0 0.7171875 0.3 0.06171875 0.0296875
0 0.7828125 0.30078125 0.06484375 0.03125
0 0.075 0.2984375 0.0609375 0.0296875
0 0.08671875 0.1734375 0.05390625 0.0359375
0 0.7453125 0.67578125 0.053125 0.0453125
0 0.9296875 0.75 0.03828125 0.05
0 0.61875 0.49140625 0.02421875 0.0484375
0 0.571875 0.49140625 0.03046875 0.046875
0 0.5109375 0.503125 0.0734375 0.02578125
0 0.43359375 0.5046875 0.0734375 0.01953125
0 0.353125 0.50546875 0.0734375 0.01875
0 0.3546875 0.48125 0.0875 0.02109375
0 0.35390625 0.45625 0.08046875 0.021875
0 0.2875 0.47890625 0.04765625 0.06875
0 0.2359375 0.4734375 0.04453125 0.071875
0 0.17890625 0.478125 0.05546875 0.06875
0 0.95390625 0.43359375 0.0921875 0.2578125
0 0.98203125 0.72890625 0.0359375 0.2453125
0 0.94609375 0.61015625 0.03984375 0.0359375
0 0.06875 0.840625 0.04140625 0.01640625
0 0.03359375 0.82265625 0.02578125 0.01640625
0 0.07421875 0.8046875 0.0296875 0.0171875
0 0.1046875 0.82734375 0.021875 0.05
0 0.1640625 0.8484375 0.0859375 0.01015625
0 0.16328125 0.834375 0.0828125 0.0125
0 0.66171875 0.490625 0.02421875 0.04609375
0 0.69609375 0.490625 0.0375 0.05078125
0 0.73984375 0.4890625 0.0296875 0.0484375
0 0.78359375 0.48046875 0.05 0.07109375
0 0.27421875 0.55078125 0.0609375 0.03828125
0 0.3484375 0.5578125 0.075 0.0265625
0 0.428125 0.55625 0.078125 0.02578125
0 0.5015625 0.5546875 0.06640625 0.0296875
0 0.57265625 0.55546875 0.06640625 0.02890625
0 0.646875 0.55703125 0.06640625 0.02578125
0 0.72109375 0.55703125 0.071875 0.0296875
0 0.27109375 0.40625 0.0671875 0.021875
0 0.26796875 0.38046875 0.0734375 0.0234375
0 0.21875 0.834375 0.0234375 0.0109375
0 0.34765625 0.38671875 0.071875 0.0578125
0 0.43828125 0.39375 0.02734375 0.046875
0 0.03515625 0.1734375 0.0484375 0.0328125
0 0.47578125 0.39296875 0.03046875 0.05390625
0 0.51328125 0.39296875 0.034375 0.05078125
0 0.5515625 0.3875 0.0359375 0.0640625
0 0.78671875 0.54453125 0.05859375 0.01328125
0 0.79375 0.56484375 0.0671875 0.01171875
0 0.86171875 0.5578125 0.065625 0.0296875
0 0.8421875 0.4796875 0.05 0.07421875
0 0.40234375 0.39140625 0.0328125 0.05
0 0.2234375 0.846875 0.02421875 0.0078125
0 0.61015625 0.22890625 0.0265625 0.05234375
0 0.27890625 0.8484375 0.02890625 0.0109375
0 0.775 0.83984375 0.04453125 0.03046875
0 0.87265625 0.83984375 0.04921875 0.034375
0 0.75859375 0.746875 0.05625 0.04140625
0 0.6890625 0.75078125 0.03984375 0.040625
0 0.6265625 0.75703125 0.046875 0.02421875
0 0.58125 0.74140625 0.03125 0.0375
0 0.52890625 0.753125 0.04765625 0.03359375
0 0.825 0.8375 0.04609375 0.034375
0 0.15 0.74921875 0.040625 0.0390625
0 0.47890625 0.7515625 0.04375 0.0359375
0 0.4328125 0.75546875 0.0375 0.03828125
0 0.3859375 0.73203125 0.0421875 0.0296875
0 0.35390625 0.75625 0.059375 0.01640625
0 0.28515625 0.74375 0.0375 0.0453125
0 0.2375 0.746875 0.04609375 0.03828125
0 0.24921875 0.84765625 0.025 0.00703125
0 0.1953125 0.74765625 0.0359375 0.0421875
0 0.71796875 0.84296875 0.06484375 0.01953125
0 0.7171875 0.81640625 0.0625 0.02890625
0 0.15078125 0.7234375 0.0484375 0.01015625
0 0.9265625 0.83359375 0.04609375 0.0390625
0 0.30625 0.846875 0.02109375 0.00703125
0 0.65625 0.840625 0.05234375 0.0265625
0 0.2796875 0.8359375 0.0203125 0.00703125
0 0.25 0.83515625 0.02421875 0.00859375
0 0.3078125 0.83515625 0.03203125 0.00859375
0 0.284375 0.825 0.03203125 0.01015625
0 0.8203125 0.74140625 0.0453125 0.053125
0 0.31640625 0.82109375 0.02734375 0.009375
0 0.34921875 0.8375 0.04765625 0.02109375
0 0.2515625 0.82421875 0.0265625 0.009375
0 0.45859375 0.8421875 0.06328125 0.01640625
0 0.453125 0.8171875 0.0609375 0.02265625
0 0.51875 0.8125 0.0625 0.028125
0 0.5265625 0.83984375 0.05625 0.021875
0 0.5890625 0.8390625 0.065625 0.02421875
0 0.5921875 0.809375 0.06484375 0.03046875
0 0.396875 0.83203125 0.04296875 0.02109375
0 0.09921875 0.74765625 0.0453125 0.04375
0 0.0375 0.73671875 0.05234375 0.0296875