0 0.56953125 0.1203125 0.02890625 0.025
0 0.1421875 0.02109375 0.115625 0.034375
0 0.225 0.02109375 0.0390625 0.03671875
0 0.27265625 0.02421875 0.0375 0.04140625
0 0.32265625 0.02890625 0.059375 0.0328125
0 0.37734375 0.02578125 0.04453125 0.03671875
0 0.41875 0.0359375 0.025 0.02890625
0 0.50859375 0.159375 0.06640625 0.01015625
0 0.5078125 0.1453125 0.06640625 0.015625
0 0.50703125 0.1265625 0.075 0.01875
0 0.50546875 0.1078125 0.0765625 0.01875
0 0.45625 0.14921875 0.02734375 0.0203125
0 0.14921875 0.2609375 0.0171875 0.03515625
0 0.384375 0.140625 0.04921875 0.04375
0 0.3296875 0.13828125 0.0484375 0.0375
0 0.28203125 0.1265625 0.03671875 0.06328125
0 0.23203125 0.23359375 0.03828125 0.0859375
0 0.23671875 0.11015625 0.0453125 0.09453125
0 0.0125 0.25625 0.01875 0.03359375
0 0.03359375 0.25546875 0.01875 0.0359375
0 0.05078125 0.2546875 0.0171875 0.03671875
0 0.071875 0.25703125 0.01796875 0.034375
0 0.08984375 0.2578125 0.01875 0.0328125
0 0.1109375 0.25859375 0.01875 0.0328125
0 0.13046875 0.259375 0.01640625 0.03359375
0 0.18515625 0.25625 0.04765625 0.03671875
0 0.42578125 0.14765625 0.02578125 0.025
0 0.1125 0.1703125 0.03671875 0.1390625
0 0.03125 0.16640625 0.040625 0.1390625
0 0.56953125 0.028125 0.0296875 0.0484375
0 0.509375 0.02734375 0.075 0.04453125
0 0.45 0.03828125 0.028125 0.028125
0 0.60703125 0.1171875 0.03125 0.0328125
0 0.60390625 0.1515625 0.02890625 0.03046875
0 0.928125 0.21875 0.028125 0.071875
0 0.98671875 0.21484375 0.0265625 0.09296875
0 0.65390625 0.14140625 0.0375 0.0453125
0 0.6859375 0.15703125 0.02265625 0.02265625
0 0.71328125 0.15703125 0.0265625 0.021875
0 0.74140625 0.11484375 0.04765625 0.03125
0 0.75390625 0.1515625 0.04140625 0.03515625
0 0.81796875 0.15390625 0.05703125 0.0328125
0 0.8875 0.15625 0.02265625 0.0328125
0 0.96328125 0.10625 0.05078125 0.10546875
0 0.60390625 0.03984375 0.0359375 0.03671875
0 0.075 0.1671875 0.0375 0.1328125
0 0.6453125 0.03046875 0.03671875 0.05703125
0 0.74921875 0.040625 0.040625 0.04296875
0 0.8765625 0.02109375 0.025 0.0140625
0 0.90078125 0.0203125 0.025 0.0140625
0 0.89609375 0.00703125 0.025 0.0140625
0 0.871875 0.00703125 0.025 0.0140625
0 0.84609375 0.0203125 0.025 0.0140625
0 0.846875 0.00703125 0.025 0.0140625
0 0.82265625 0.0203125 0.025 0.0140625
0 0.82265625 0.00703125 0.025 0.0140625
0 0.79453125 0.00703125 0.025 0.0140625
0 0.796875 0.01953125 0.025 0.0140625
0 0.89609375 0.0484375 0.02421875 0.015625
0 0.8640625 0.0484375 0.02109375 0.015625
0 0.840625 0.04765625 0.01796875 0.0125
0 0.5703125 0.15234375 0.0234375 0.0265625
0 0.7859375 0.0515625 0.028125 0.02421875
0 0.69453125 0.04296875 0.0515625 0.0328125
0 0.815625 0.05078125 0.0203125 0.0171875
0 0.271875 0.6859375 0.07734375 0.06953125
0 0.9203125 0.3296875 0.0375 0.071875
0 0.13359375 0.50078125 0.04921875 0.00703125
0 0.19765625 0.47578125 0.059375 0.0484375
0 0.26484375 0.4546875 0.04296875 0.02734375
0 0.26328125 0.4875 0.04765625 0.021875
0 0.31484375 0.46953125 0.0515625 0.05859375
0 0.36796875 0.440625 0.04921875 0.0375
0 0.375 0.471875 0.059375 0.0125
0 0.37734375 0.484375 0.06171875 0.0109375
0 0.37421875 0.496875 0.0546875 0.0125
0 0.4203125 0.43515625 0.046875 0.040625
0 0.13203125 0.49296875 0.05 0.00703125
0 0.43828125 0.47734375 0.0484375 0.00703125
0 0.43671875 0.5015625 0.0515625 0.01015625
0 0.490625 0.47265625 0.05078125 0.0109375
0 0.49375 0.484375 0.05 0.009375
0 0.49453125 0.4921875 0.04921875 0.00859375
0 0.49296875 0.5 0.05234375 0.00703125
0 0.53984375 0.446875 0.040625 0.0453125
0 0.75859375 0.59609375 0.03671875 0.0125
0 0.76015625 0.58046875 0.03671875 0.01171875
0 0.7171875 0.59609375 0.034375 0.01171875
0 0.71875 0.58203125 0.03671875 0.0125
0 0.43828125 0.4859375 0.0515625 0.0078125
0 0.13203125 0.4859375 0.05 0.00703125
0 0.13125 0.478125 0.0484375 0.00859375
0 0.134375 0.46796875 0.0515625 0.0078125
0 0.60625 0.3625 0.0234375 0.01640625
0 0.63046875 0.3625 0.0203125 0.01875
0 0.63359375 0.38515625 0.02109375 0.0171875
0 0.603125 0.3828125 0.01953125 0.01953125
0 0.728125 0.3640625 0.05234375 0.05390625
0 0.7625 0.31484375 0.015625 0.0140625
0 0.78359375 0.31484375 0.0234375 0.0125
0 0.809375 0.3171875 0.0234375 0.0109375
0 0.76640625 0.33203125 0.0140625 0.01171875
0 0.78828125 0.33359375 0.01328125 0.01328125
0 0.81171875 0.3328125 0.02109375 0.0140625
0 0.84375 0.315625 0.01875 0.01484375
0 0.86640625 0.315625 0.02265625 0.01640625
0 0.846875 0.3328125 0.02109375 0.0140625
0 0.86796875 0.3328125 0.01953125 0.01328125
0 0.7734375 0.38203125 0.0203125 0.01640625
0 0.79453125 0.384375 0.01875 0.01796875
0 0.81484375 0.38125 0.01875 0.0171875
0 0.85390625 0.38046875 0.02265625 0.015625
0 0.01640625 0.4859375 0.03046875 0.0296875
0 0.04453125 0.48515625 0.021875 0.03046875
0 0.0859375 0.44296875 0.04375 0.028125
0 0.08203125 0.4828125 0.04765625 0.034375
0 0.71875 0.5671875 0.0375 0.01171875
0 0.6140625 0.33828125 0.02890625 0.01640625
0 0.68046875 0.59609375 0.0375 0.01171875
0 0.68046875 0.5671875 0.0375 0.009375
0 0.146875 0.55 0.053125 0.04921875
0 0.0234375 0.61796875 0.02265625 0.0140625
0 0.04609375 0.6171875 0.02265625 0.0140625
0 0.0703125 0.61640625 0.02265625 0.0140625
0 0.09453125 0.61484375 0.02265625 0.0140625
0 0.0921875 0.6 0.02578125 0.01796875
0 0.0890625 0.58203125 0.02578125 0.01796875
0 0.090625 0.56640625 0.025 0.01796875
0 0.09140625 0.54921875 0.02578125 0.01796875
0 0.06484375 0.55 0.02578125 0.01796875
0 0.14140625 0.6015625 0.053125 0.0453125
0 0.0421875 0.55 0.02578125 0.01796875
0 0.79609375 0.4953125 0.0703125 0.0171875
0 0.79296875 0.47890625 0.06953125 0.0125
0 0.79765625 0.4640625 0.07890625 0.01484375
0 0.6515625 0.43671875 0.03046875 0.02890625
0 0.73359375 0.48671875 0.04375 0.028125
0 0.68046875 0.4828125 0.04375 0.0375
0 0.63984375 0.490625 0.0234375 0.021875
0 0.63203125 0.4671875 0.0265625 0.0203125
0 0.6140625 0.4890625 0.02265625 0.021875
0 0.57890625 0.4765625 0.0328125 0.0515625
0 0.01640625 0.55078125 0.02578125 0.01796875
0 0.19921875 0.58984375 0.04375 0.0140625
0 0.203125 0.61171875 0.0515625 0.02421875
0 0.259375 0.57421875 0.04609375 0.01171875
0 0.63828125 0.59921875 0.03515625 0.00859375
0 0.6390625 0.584375 0.03671875 0.0125
0 0.63984375 0.56796875 0.0359375 0.0109375
0 0.5984375 0.5984375 0.0390625 0.01171875
0 0.59921875 0.58515625 0.046875 0.01015625
0 0.5984375 0.5703125 0.0390625 0.0140625
0 0.55625 0.59921875 0.04140625 0.01640625
0 0.47109375 0.59921875 0.04296875 0.01171875
0 0.48515625 0.5859375 0.04296875 0.01171875
0 0.4890625 0.57265625 0.04453125 0.01328125
0 0.428125 0.6015625 0.0375 0.0140625
0 0.43984375 0.5859375 0.04296875 0.01171875
0 0.43125 0.57109375 0.040625 0.0171875
0 0.38828125 0.59765625 0.03515625 0.0140625
0 0.3859375 0.578125 0.03515625 0.0109375
0 0.34453125 0.6 0.0375 0.01015625
0 0.34453125 0.58828125 0.0421875 0.0109375
0 0.33515625 0.559375 0.040625 0.015625
0 0.303125 0.60234375 0.0375 0.0125
0 0.30234375 0.58984375 0.0390625 0.01328125
0 0.30234375 0.575 0.03984375 0.0140625
0 0.2609375 0.60078125 0.04140625 0.0140625
0 0.259375 0.5875 0.03984375 0.0125
0 0.6796875 0.58359375 0.03828125 0.009375
0 0.03671875 0.32265625 0.05390625 0.0265625
0 0.5859375 0.33828125 0.0203125 0.01875
0 0.528125 0.36875 0.0328125 0.04765625
0 0.7421875 0.2546875 0.0546875 0.04921875
0 0.78359375 0.2578125 0.0203125 0.01171875
0 0.7890625 0.27265625 0.0203125 0.015625
0 0.1703125 0.184375 0.0625 0.0984375
0 0.7296875 0.81796875 0.06171875 0.06015625
0 0.6625 0.81171875 0.046875 0.06015625
0 0.6015625 0.80546875 0.03359375 0.0375
0 0.55546875 0.75703125 0.04609375 0.01796875
0 0.5578125 0.7796875 0.05078125 0.02421875
0 0.55703125 0.81875 0.05 0.0453125
0 0.665625 0.23359375 0.0609375 0.0375
0 0.50625 0.828125 0.03984375 0.03671875
0 0.45859375 0.8296875 0.05 0.03984375
0 0.40703125 0.828125 0.04296875 0.0421875
0 0.42265625 0.7828125 0.03984375 0.03984375
0 0.36015625 0.76796875 0.04921875 0.03125
0 0.3578125 0.82734375 0.05 0.0453125
0 0.303125 0.8296875 0.0515625 0.04375
0 0.30390625 0.7828125 0.0453125 0.03515625
0 0.2515625 0.83671875 0.040625 0.03515625
0 0.2515625 0.7984375 0.0421875 0.03515625
0 0.2546875 0.76015625 0.046875 0.02109375
0 0.496875 0.78984375 0.0453125 0.03359375
0 0.68984375 0.2734375 0.0359375 0.02734375
0 0.63046875 0.26953125 0.04609375 0.0328125
0 0.58125 0.2625 0.046875 0.03984375
0 0.96953125 0.33125 0.05546875 0.0703125
0 0.95 0.415625 0.03984375 0.05234375
0 0.91640625 0.51484375 0.040625 0.05859375
0 0.97109375 0.52578125 0.0578125 0.0734375
0 0.903125 0.61328125 0.034375 0.046875
0 0.93515625 0.60703125 0.02421875 0.06015625
0 0.96796875 0.61640625 0.0296875 0.06953125
0 0.97578125 0.7640625 0.0375 0.06953125
0 0.94609375 0.75 0.02109375 0.0515625
0 0.92578125 0.734375 0.01953125 0.046875
0 0.9765625 0.9515625 0.04609375 0.075
0 0.9421875 0.8734375 0.06796875 0.0703125
0 0.8859375 0.83125 0.0421875 0.075
0 0.7953125 0.81171875 0.04375 0.06484375
0 0.27265625 0.25 0.03359375 0.0546875
0 0.3109375 0.26875 0.02734375 0.0234375
0 0.3078125 0.24296875 0.02734375 0.02421875
0 0.3375 0.23828125 0.0265625 0.02578125
0 0.340625 0.26796875 0.0265625 0.02265625
0 0.3859375 0.2640625 0.05625 0.03125
0 0.44140625 0.2609375 0.04140625 0.03671875
0 0.48125 0.23046875 0.02578125 0.09765625
0 0.5171875 0.2375 0.04296875 0.0859375
0 0.19921875 0.834375 0.04296875 0.04453125
0 0.56953125 0.375 0.0453125 0.0359375
0 0.19296875 0.7890625 0.04375 0.03671875
0 0.128125 0.80234375 0.0703125 0.0265625
0 0.85546875 0.259375 0.01953125 0.01171875
0 0.87734375 0.259375 0.01953125 0.0109375
0 0.8609375 0.271875 0.0203125 0.01328125
0 0.8796875 0.2734375 0.0140625 0.0140625
0 0.7703125 0.22265625 0.01875 0.0125
0 0.79140625 0.22421875 0.01875 0.01171875
0 0.81484375 0.22265625 0.01875 0.0125
0 0.840625 0.2234375 0.021875 0.01328125
0 0.8625 0.2234375 0.01796875 0.0140625
0 0.88359375 0.2234375 0.01484375 0.0140625
0 0.8359375 0.27265625 0.021875 0.01015625
0 0.028125 0.35546875 0.03046875 0.021875
0 0.071875 0.3734375 0.034375 0.0375
0 0.11875 0.371875 0.0515625 0.040625
0 0.16796875 0.34765625 0.03828125 0.084375
0 0.21015625 0.36640625 0.03671875 0.0515625
0 0.2984375 0.37578125 0.05078125 0.034375
0 0.36171875 0.36484375 0.05859375 0.05390625
0 0.43203125 0.3515625 0.07421875 0.015625
0 0.43359375 0.3703125 0.07734375 0.01328125
0 0.43046875 0.38671875 0.075 0.01484375
0 0.48984375 0.35625 0.03359375 0.0796875
0 0.0234375 0.38046875 0.0328125 0.02578125
0 0.81171875 0.271875 0.01875 0.0109375
0 0.8296875 0.25859375 0.025 0.0109375
0 0.80625 0.2578125 0.01640625 0.0125
0 0.03046875 0.81484375 0.0609375 0.08203125
0 0.82265625 0.64921875 0.03828125 0.0375
0 0.746875 0.64921875 0.0859375 0.0328125
0 0.8234375 0.69609375 0.02890625 0.0546875
0 0.7796875 0.7 0.05078125 0.0609375
0 0.7203125 0.69375 0.040625 0.05390625
0 0.66953125 0.69375 0.040625 0.05859375
0 0.6171875 0.7 0.0453125 0.05234375
0 0.5671875 0.70234375 0.046875 0.05703125
0 0.5109375 0.7015625 0.05234375 0.059375
0 0.51015625 0.6515625 0.06484375 0.028125
0 0.4546875 0.6546875 0.0453125 0.03828125
0 0.45546875 0.70234375 0.04921875 0.05390625
0 0.403125 0.690625 0.04609375 0.07421875
0 0.34375 0.6890625 0.06171875 0.06875
0 0.21015625 0.709375 0.03671875 0.05546875
0 0.17265625 0.71015625 0.03203125 0.05390625
0 0.134375 0.709375 0.03828125 0.059375
0 0.021875 0.69453125 0.04375 0.07265625
0 0.834375 0.59921875 0.02890625 0.00703125
0 0.83359375 0.5859375 0.0296875 0.00859375
0 0.7953125 0.59765625 0.0359375 0.009375
0 0.7984375 0.58671875 0.040625 0.0125
0 0.1390625 0.84453125 0.06015625 0.02578125
0 0.25234375 0.37421875 0.034375 0.04140625
0 0.67421875 0.378125 0.05078125 0.0296875