0 0.9015625 0.8078125 0.071875 0.0796875
0 0.41015625 0.153125 0.0328125 0.1046875
0 0.73515625 0.415625 0.05625 0.028125
0 0.6625 0.41640625 0.05625 0.03203125
0 0.37109375 0.15859375 0.03046875 0.09765625
0 0.7953125 0.7109375 0.065625 0.03125
0 0.29140625 0.16015625 0.034375 0.06484375
0 0.62578125 0.8125 0.078125 0.0953125
0 0.5015625 0.81484375 0.12578125 0.084375
0 0.36640625 0.81953125 0.11953125 0.0890625
0 0.24375 0.83125 0.08046875 0.07109375
0 0.1625 0.83984375 0.0640625 0.07265625
0 0.95234375 0.66640625 0.0796875 0.04140625
0 0.9546875 0.7078125 0.08046875 0.0328125
0 0.5171875 0.41484375 0.0625 0.0328125
0 0.4375 0.4140625 0.0703125 0.0328125
0 0.3609375 0.4140625 0.0578125 0.03359375
0 0.27890625 0.41484375 0.065625 0.03203125
0 0.96796875 0.375 0.0640625 0.04296875
0 0.33203125 0.1625 0.0296875 0.0609375
0 0.88515625 0.375 0.0703125 0.04296875
0 0.73515625 0.37421875 0.05703125 0.046875
0 0.66640625 0.375 0.05625 0.0421875
0 0.59453125 0.375 0.06484375 0.0421875
0 0.5171875 0.375 0.065625 0.0421875
0 0.44296875 0.37265625 0.07578125 0.0390625
0 0.36328125 0.3734375 0.075 0.0390625
0 0.28359375 0.37421875 0.0671875 0.03984375
0 0.1234375 0.4671875 0.0484375 0.221875
0 0.21171875 0.48828125 0.0640625 0.0359375
0 0.81640625 0.81484375 0.0734375 0.0734375
0 0.1109375 0.18203125 0.0984375 0.03359375
0 0.21796875 0.1734375 0.1015625 0.05234375
0 0.80625 0.3765625 0.0625 0.04453125
0 0.87109375 0.70625 0.071875 0.03515625
0 0.7984375 0.6734375 0.06328125 0.034375
0 0.4796875 0.140625 0.08125 0.04765625
0 0.20234375 0.44921875 0.065625 0.03515625
0 0.80390625 0.415625 0.053125 0.0265625
0 0.88515625 0.41640625 0.0734375 0.03046875
0 0.96484375 0.4140625 0.0578125 0.025
0 0.96796875 0.44921875 0.0640625 0.03203125
0 0.9671875 0.48359375 0.0625 0.02578125
0 0.88671875 0.44765625 0.0765625 0.02265625
0 0.88984375 0.48203125 0.07109375 0.03359375
0 0.80859375 0.44453125 0.0671875 0.0296875
0 0.809375 0.478125 0.06015625 0.0296875
0 0.73515625 0.44921875 0.06953125 0.0328125
0 0.734375 0.48359375 0.05546875 0.02578125
0 0.6640625 0.44921875 0.0671875 0.02734375
0 0.66640625 0.48125 0.05546875 0.0296875
0 0.5890625 0.45078125 0.0609375 0.0359375
0 0.59453125 0.4875 0.07109375 0.03203125
0 0.52109375 0.45078125 0.0609375 0.03125
0 0.19453125 0.40859375 0.0640625 0.0328125
0 0.19375 0.37265625 0.06640625 0.03515625
0 0.08359375 0.83515625 0.05625 0.09375
0 0.0515625 0.77421875 0.0609375 0.02265625
0 0.8015625 0.30078125 0.0828125 0.0328125
0 0.89140625 0.29921875 0.0734375 0.03984375
0 0.48203125 0.08671875 0.0859375 0.05078125
0 0.9640625 0.26015625 0.05703125 0.0390625
0 0.96640625 0.3015625 0.05625 0.03359375
0 0.04375 0.32734375 0.075 0.0921875
0 0.04296875 0.41796875 0.06015625 0.06875
0 0.046875 0.490625 0.0640625 0.0234375
0 0.51953125 0.48515625 0.05703125 0.03203125
0 0.034375 0.46484375 0.04375 0.015625
0 0.034375 0.5484375 0.06015625 0.02734375
0 0.04609375 0.5765625 0.075 0.021875
0 0.05390625 0.6015625 0.0734375 0.025
0 0.04140625 0.63125 0.053125 0.0234375
0 0.04609375 0.6671875 0.05390625 0.02890625
0 0.03515625 0.69375 0.04921875 0.0203125
0 0.0390625 0.71796875 0.0484375 0.01953125
0 0.04609375 0.746875 0.0484375 0.02734375
0 0.03984375 0.521875 0.06640625 0.0234375
0 0.80078125 0.25625 0.06875 0.04375
0 0.43984375 0.44921875 0.078125 0.02734375
0 0.28828125 0.4515625 0.07109375 0.03359375
0 0.9609375 0.53671875 0.07109375 0.03984375
0 0.8765625 0.58984375 0.07421875 0.03203125
0 0.9453125 0.5921875 0.0578125 0.0328125
0 0.13203125 0.69140625 0.06640625 0.03359375
0 0.2109375 0.67890625 0.05703125 0.04609375
0 0.203125 0.721875 0.059375 0.02890625
0 0.13828125 0.725 0.05703125 0.02734375
0 0.3109375 0.68203125 0.06015625 0.03828125
0 0.38125 0.67734375 0.06953125 0.03828125
0 0.303125 0.715625 0.084375 0.028125
0 0.38515625 0.7125 0.05546875 0.0234375
0 0.4578125 0.7046875 0.07109375 0.028125
0 0.5359375 0.7046875 0.07421875 0.03359375
0 0.63203125 0.6703125 0.09453125 0.03828125
0 0.71953125 0.67265625 0.06875 0.0359375
0 0.6328125 0.70625 0.0796875 0.0234375
0 0.71484375 0.703125 0.071875 0.0203125
0 0.8859375 0.53828125 0.053125 0.0375
0 0.80390625 0.59375 0.06171875 0.03125
0 0.7328125 0.5953125 0.06484375 0.02890625
0 0.6609375 0.596875 0.05859375 0.0296875
0 0.365625 0.44921875 0.0625 0.03203125
0 0.28515625 0.48984375 0.065625 0.034375
0 0.3640625 0.4875 0.0671875 0.03203125
0 0.1828125 0.5765625 0.05703125 0.03203125
0 0.24609375 0.57421875 0.0640625 0.03671875
0 0.16015625 0.6125 0.06796875 0.034375
0 0.2359375 0.61328125 0.06953125 0.03125
0 0.328125 0.56953125 0.05546875 0.0390625
0 0.44453125 0.4828125 0.07109375 0.03359375
0 0.32421875 0.60625 0.065625 0.03046875
0 0.390625 0.5671875 0.06640625 0.03359375
0 0.46015625 0.56796875 0.06015625 0.0359375
0 0.52578125 0.5640625 0.053125 0.03671875
0 0.46015625 0.60234375 0.06875 0.0296875
0 0.5234375 0.60078125 0.053125 0.03046875
0 0.596875 0.5625 0.0671875 0.03671875
0 0.66640625 0.5609375 0.059375 0.034375
0 0.59296875 0.6 0.065625 0.0296875
0 0.39296875 0.60234375 0.06171875 0.0265625
0 0.7203125 0.25625 0.06953125 0.03984375
0 0.8875 0.259375 0.07421875 0.0328125
0 0.65234375 0.30390625 0.0671875 0.03125
0 0.3265625 0.25546875 0.065625 0.04296875
0 0.32890625 0.29609375 0.0703125 0.034375
0 0.2484375 0.29375 0.0734375 0.0359375
0 0.24609375 0.25390625 0.07734375 0.0421875
0 0.15703125 0.25234375 0.0828125 0.0375
0 0.159375 0.29765625 0.0703125 0.0359375
0 0.98515625 0.1296875 0.0296875 0.0265625
0 0.9828125 0.17890625 0.034375 0.07109375
0 0.9296875 0.17421875 0.04296875 0.07265625
0 0.8734375 0.1703125 0.05390625 0.06953125
0 0.79375 0.1890625 0.07578125 0.0328125
0 0.7015625 0.18828125 0.075 0.0375
0 0.7984375 0.14296875 0.084375 0.04609375
0 0.69609375 0.13671875 0.09375 0.0578125
0 0.58125 0.13515625 0.0953125 0.04765625
0 0.57109375 0.1859375 0.0890625 0.04296875
0 0.47421875 0.1859375 0.075 0.040625
0 0.409375 0.29921875 0.0734375 0.0421875
0 0.71953125 0.3 0.0546875 0.028125
0 0.59296875 0.41484375 0.0640625 0.03046875
0 0.6484375 0.2578125 0.06796875 0.04609375
0 0.48203125 0.25859375 0.07265625 0.02734375
0 0.57265625 0.25703125 0.06171875 0.04296875
0 0.56796875 0.3 0.06484375 0.03671875
0 0.49140625 0.296875 0.07890625 0.04453125