0 0.5875 0.4875 0.06953125 0.05625
0 0.22109375 0.4265625 0.0671875 0.0484375
0 0.140625 0.42421875 0.08671875 0.05078125
0 0.3875 0.37265625 0.040625 0.0390625
0 0.290625 0.36875 0.071875 0.05390625
0 0.215625 0.37109375 0.0796875 0.053125
0 0.1328125 0.3703125 0.08515625 0.0546875
0 0.92109375 0.2734375 0.08359375 0.0546875
0 0.840625 0.28046875 0.08515625 0.059375
0 0.76171875 0.28828125 0.075 0.04609375
0 0.71328125 0.2359375 0.07890625 0.04921875
0 0.6234375 0.2359375 0.07421875 0.0453125
0 0.68515625 0.28515625 0.078125 0.046875
0 0.60703125 0.28515625 0.078125 0.04453125
0 0.53046875 0.2875 0.0640625 0.05078125
0 0.3703125 0.41875 0.0703125 0.0484375
0 0.446875 0.41171875 0.0765625 0.0625
0 0.5265625 0.4078125 0.0796875 0.06640625
0 0.60546875 0.40703125 0.07421875 0.07109375
0 0.38125 0.58046875 0.071875 0.06953125
0 0.2984375 0.59375 0.08359375 0.075
0 0.22265625 0.59453125 0.071875 0.07421875
0 0.15 0.59765625 0.075 0.0703125
0 0.446875 0.5015625 0.0671875 0.07734375
0 0.37890625 0.50625 0.0734375 0.07734375
0 0.30078125 0.5125 0.084375 0.08671875
0 0.459375 0.28203125 0.0796875 0.059375
0 0.22109375 0.51796875 0.07421875 0.08515625
0 0.83515625 0.36328125 0.08203125 0.0453125
0 0.91953125 0.36171875 0.07734375 0.0421875
0 0.92109375 0.409375 0.08359375 0.046875
0 0.83515625 0.4140625 0.0828125 0.0453125
0 0.72734375 0.41796875 0.08125 0.04765625
0 0.72734375 0.36953125 0.08671875 0.0453125
0 0.6625 0.40703125 0.0390625 0.06796875
0 0.14140625 0.5171875 0.08203125 0.08671875
0 0.45390625 0.57734375 0.07421875 0.07421875
0 0.378125 0.290625 0.07578125 0.05703125
0 0.2109375 0.28984375 0.0828125 0.05546875
0 0.60390625 0.06328125 0.0671875 0.04921875
0 0.53203125 0.165625 0.06796875 0.0453125
0 0.52890625 0.11484375 0.0640625 0.05234375
0 0.4625 0.121875 0.0609375 0.05078125
0 0.45703125 0.0671875 0.0671875 0.059375
0 0.3859375 0.07109375 0.075 0.05234375
0 0.459375 0.16796875 0.06484375 0.04296875
0 0.6796875 0.06171875 0.08046875 0.05234375
0 0.3890625 0.121875 0.07421875 0.05078125
0 0.3125 0.16953125 0.0671875 0.0484375
0 0.240625 0.175 0.06953125 0.04375
0 0.16484375 0.1734375 0.078125 0.046875
0 0.23359375 0.1234375 0.07890625 0.05390625
0 0.1625 0.121875 0.06953125 0.05546875
0 0.23515625 0.06953125 0.0796875 0.05390625
0 0.16015625 0.06796875 0.075 0.05390625
0 0.38671875 0.16953125 0.07265625 0.04140625
0 0.303125 0.29140625 0.07578125 0.0546875
0 0.75390625 0.0609375 0.06953125 0.05234375
0 0.90546875 0.05390625 0.06875 0.05703125
0 0.13359375 0.29140625 0.0765625 0.05
0 0.375 0.23203125 0.07734375 0.0609375
0 0.3 0.24140625 0.0734375 0.04140625
0 0.20703125 0.23515625 0.07734375 0.059375
0 0.12578125 0.2359375 0.08203125 0.05859375
0 0.9703125 0.15859375 0.05703125 0.04921875
0 0.90390625 0.16171875 0.0765625 0.03984375
0 0.82890625 0.0609375 0.0828125 0.05234375
0 0.82734375 0.1625 0.0734375 0.0421875
0 0.68203125 0.16484375 0.06484375 0.0453125
0 0.6109375 0.165625 0.0734375 0.0453125
0 0.90390625 0.10859375 0.07265625 0.0484375
0 0.8328125 0.1140625 0.075 0.05234375
0 0.75703125 0.1140625 0.078125 0.05
0 0.678125 0.1140625 0.08125 0.05
0 0.60234375 0.1140625 0.06875 0.05
0 0.75390625 0.1640625 0.07578125 0.0421875
0 0.5171875 0.4875 0.06875 0.05703125
0 0.6546875 0.4828125 0.06171875 0.05234375
0 0.29453125 0.4234375 0.0796875 0.04609375
0 0.7359375 0.85078125 0.0421875 0.05390625
0 0.68671875 0.809375 0.04921875 0.05703125
0 0.68828125 0.86015625 0.05 0.0421875
0 0.63984375 0.85625 0.04765625 0.05390625
0 0.58828125 0.8546875 0.0546875 0.05546875
0 0.9078125 0.6609375 0.07734375 0.04296875
0 0.4953125 0.85546875 0.0453125 0.0515625
0 0.446875 0.853125 0.05078125 0.05078125
0 0.91875 0.53671875 0.071875 0.0671875
0 0.84296875 0.5421875 0.08125 0.0609375
0 0.7515625 0.53984375 0.09453125 0.053125
0 0.77734375 0.82265625 0.04453125 0.0515625
0 0.67578125 0.53984375 0.05546875 0.0515625
0 0.52890625 0.54296875 0.075 0.05859375
0 0.88359375 0.48046875 0.0765625 0.05078125
0 0.809375 0.48046875 0.06796875 0.05625
0 0.7296875 0.4828125 0.0921875 0.05390625
0 0.3953125 0.85859375 0.04921875 0.05546875
0 0.35 0.8609375 0.0421875 0.04921875
0 0.34765625 0.8109375 0.05546875 0.04609375
0 0.30234375 0.8578125 0.03984375 0.05390625
0 0.2609375 0.859375 0.04296875 0.05234375
0 0.21171875 0.86015625 0.05546875 0.05234375
0 0.1609375 0.86015625 0.04609375 0.0515625
0 0.6078125 0.5453125 0.08359375 0.05546875
0 0.83671875 0.85234375 0.04765625 0.0609375
0 0.5390625 0.85625 0.04375 0.0640625
0 0.875 0.7921875 0.0328125 0.0359375
0 0.8734375 0.8328125 0.03984375 0.04609375
0 0.83203125 0.725 0.08203125 0.0625
0 0.753125 0.72734375 0.07421875 0.05859375
0 0.67734375 0.71484375 0.04921875 0.0546875
0 0.61875 0.71875 0.07734375 0.07578125
0 0.5453125 0.71640625 0.0640625 0.07421875
0 0.47578125 0.71875 0.0703125 0.0625
0 0.403125 0.72890625 0.07734375 0.0703125
0 0.32734375 0.72578125 0.07890625 0.078125
0 0.9265625 0.72109375 0.0875 0.07109375
0 0.17578125 0.728125 0.07578125 0.0734375
0 0.92109375 0.59609375 0.0703125 0.05234375
0 0.84453125 0.596875 0.0828125 0.05546875
0 0.75625 0.59375 0.0796875 0.0515625
0 0.68515625 0.59296875 0.06328125 0.053125
0 0.60859375 0.6 0.08515625 0.05234375
0 0.53125 0.59921875 0.071875 0.05546875
0 0.24921875 0.728125 0.07421875 0.07109375
0 0.9453125 0.84453125 0.10859375 0.07421875