0 0.4953125 0.25859375 0.03984375 0.078125
0 0.5375 0.25625 0.0390625 0.08046875
0 0.58125 0.25625 0.0421875 0.0765625
0 0.62578125 0.25546875 0.046875 0.0796875
0 0.8984375 0.128125 0.0421875 0.078125
0 0.7109375 0.2515625 0.04765625 0.08203125
0 0.4515625 0.25859375 0.04140625 0.078125
0 0.94296875 0.1328125 0.04140625 0.06953125
0 0.98125 0.13359375 0.0359375 0.06484375
0 0.66640625 0.2546875 0.0375 0.0796875
0 0.45234375 0.15546875 0.03828125 0.08203125
0 0.62734375 0.15234375 0.0390625 0.0890625
0 0.54296875 0.1546875 0.03984375 0.084375
0 0.58359375 0.15390625 0.04140625 0.0890625
0 0.67109375 0.15 0.0453125 0.08671875
0 0.8546875 0.134375 0.04140625 0.06875
0 0.71953125 0.1453125 0.0484375 0.0859375
0 0.76015625 0.14453125 0.03515625 0.08671875
0 0.09140625 0.16953125 0.03125 0.075
0 0.05546875 0.17109375 0.03671875 0.07734375
0 0.01875 0.16953125 0.034375 0.08125
0 0.90234375 0.434375 0.0390625 0.08359375
0 0.49921875 0.1546875 0.04296875 0.08359375
0 0.13125 0.1703125 0.03671875 0.075
0 0.8640625 0.43359375 0.03515625 0.08359375
0 0.24609375 0.16875 0.04296875 0.07421875
0 0.328125 0.3640625 0.0203125 0.0828125
0 0.334375 0.4765625 0.02734375 0.08203125
0 0.30390625 0.4765625 0.02890625 0.08515625
0 0.27109375 0.47578125 0.03515625 0.0859375
0 0.23671875 0.475 0.0296875 0.0875
0 0.2078125 0.47109375 0.02265625 0.08203125
0 0.1765625 0.4796875 0.03125 0.08671875
0 0.13984375 0.47890625 0.0359375 0.0875
0 0.1046875 0.48359375 0.02734375 0.0765625
0 0.29921875 0.36328125 0.03359375 0.08359375
0 0.06953125 0.484375 0.03828125 0.07421875
0 0.09765625 0.6046875 0.0375 0.0765625
0 0.1359375 0.5953125 0.03125 0.09375
0 0.17109375 0.59296875 0.02890625 0.09375
0 0.20546875 0.59375 0.03828125 0.0953125
0 0.24296875 0.590625 0.0296875 0.0953125
0 0.27734375 0.5921875 0.03671875 0.09765625
0 0.315625 0.59453125 0.034375 0.090625
0 0.34453125 0.59140625 0.01640625 0.0890625
0 0.0796875 0.7125 0.04453125 0.09609375
0 0.05859375 0.60546875 0.03515625 0.078125
0 0.121875 0.7109375 0.03828125 0.1015625
0 0.2625 0.36015625 0.0328125 0.08046875
0 0.19140625 0.36328125 0.03359375 0.08125
0 0.746875 0.44765625 0.03046875 0.07265625
0 0.98046875 0.434375 0.0390625 0.08203125
0 0.16953125 0.1703125 0.03671875 0.07578125
0 0.20625 0.1703125 0.03203125 0.075
0 0.28515625 0.16953125 0.03046875 0.075
0 0.31640625 0.16953125 0.0296875 0.07734375
0 0.034375 0.271875 0.040625 0.08046875
0 0.93984375 0.4359375 0.0328125 0.0796875
0 0.0765625 0.2703125 0.034375 0.0796875
0 0.22578125 0.3640625 0.034375 0.08046875
0 0.11953125 0.26875 0.0453125 0.0765625
0 0.2015625 0.2703125 0.04375 0.0796875
0 0.24765625 0.26953125 0.03828125 0.08125
0 0.2890625 0.2703125 0.040625 0.07890625
0 0.3234375 0.26796875 0.028125 0.0796875
0 0.028125 0.371875 0.03046875 0.0671875
0 0.05703125 0.36796875 0.028125 0.075
0 0.090625 0.3671875 0.034375 0.07421875
0 0.12578125 0.3671875 0.0328125 0.07734375
0 0.15703125 0.365625 0.03046875 0.07890625
0 0.1625 0.2703125 0.034375 0.0796875
0 0.71484375 0.446875 0.03359375 0.07421875
0 0.1625 0.70703125 0.034375 0.09921875
0 0.23515625 0.70390625 0.04296875 0.09765625
0 0.62265625 0.628125 0.034375 0.078125
0 0.5859375 0.6125 0.0328125 0.05234375
0 0.5484375 0.628125 0.0359375 0.08359375
0 0.5109375 0.62578125 0.03125 0.08515625
0 0.471875 0.62421875 0.0453125 0.0796875
0 0.446875 0.53515625 0.03125 0.0734375
0 0.4796875 0.53515625 0.03203125 0.0765625
0 0.5203125 0.534375 0.03046875 0.07421875
0 0.55234375 0.534375 0.03125 0.0734375
0 0.66015625 0.63046875 0.03125 0.08203125
0 0.59140625 0.53359375 0.0359375 0.075
0 0.66328125 0.5359375 0.02890625 0.07734375
0 0.70078125 0.5375 0.0390625 0.075
0 0.74140625 0.53828125 0.03828125 0.08203125
0 0.821875 0.528125 0.0296875 0.07578125
0 0.8546875 0.528125 0.034375 0.07578125
0 0.89375 0.5296875 0.03984375 0.075
0 0.93125 0.528125 0.03671875 0.078125
0 0.9703125 0.53046875 0.0390625 0.07421875
0 0.828125 0.4328125 0.03203125 0.08671875
0 0.62890625 0.534375 0.0328125 0.0765625
0 0.196875 0.70546875 0.03125 0.1015625
0 0.6984375 0.6328125 0.04140625 0.08203125
0 0.965625 0.634375 0.03046875 0.08046875
0 0.275 0.71171875 0.03359375 0.08359375
0 0.3109375 0.709375 0.0328125 0.08515625
0 0.3421875 0.71171875 0.0296875 0.08359375
0 0.45546875 0.7140625 0.034375 0.07734375
0 0.49296875 0.71796875 0.0375 0.07109375
0 0.528125 0.71953125 0.03203125 0.07734375
0 0.565625 0.71484375 0.03203125 0.0609375
0 0.5984375 0.728125 0.02890625 0.065625
0 0.62890625 0.728125 0.0296875 0.06484375
0 0.7375 0.6359375 0.03515625 0.08359375
0 0.66328125 0.73203125 0.0359375 0.07265625
0 0.7328125 0.7359375 0.028125 0.07265625
0 0.8359375 0.73203125 0.03984375 0.084375
0 0.87890625 0.73203125 0.03671875 0.08515625
0 0.92109375 0.734375 0.040625 0.08984375
0 0.965625 0.73359375 0.0453125 0.090625
0 0.815625 0.63046875 0.02890625 0.078125
0 0.84921875 0.63203125 0.034375 0.075
0 0.88671875 0.63125 0.034375 0.07890625
0 0.92734375 0.63203125 0.04296875 0.07734375
0 0.7 0.73515625 0.03359375 0.06640625
0 0.6796875 0.44765625 0.03515625 0.07578125
0 0.9625 0.23046875 0.03828125 0.09140625
0 0.6125 0.4515625 0.0328125 0.07265625
0 0.64609375 0.44921875 0.03359375 0.07890625
0 0.9859375 0.3328125 0.02734375 0.08359375
0 0.9921875 0.22578125 0.01484375 0.090625
0 0.92421875 0.228125 0.0375 0.090625
0 0.88671875 0.2296875 0.034375 0.09375
0 0.91640625 0.33359375 0.03515625 0.08828125
0 0.87890625 0.3328125 0.03671875 0.08359375
0 0.83984375 0.23515625 0.04140625 0.1015625
0 0.8390625 0.33515625 0.03203125 0.0859375
0 0.74609375 0.35390625 0.040625 0.07734375
0 0.7046875 0.35390625 0.040625 0.0765625
0 0.9546875 0.33359375 0.03671875 0.08671875
0 0.61875 0.35390625 0.03984375 0.0765625
0 0.578125 0.45 0.0296875 0.075
0 0.66171875 0.35546875 0.04375 0.0765625
0 0.54765625 0.44765625 0.02578125 0.078125
0 0.51484375 0.44921875 0.034375 0.07421875
0 0.7546875 0.253125 0.03671875 0.08125
0 0.48203125 0.44921875 0.028125 0.075
0 0.45 0.44609375 0.03515625 0.07578125
0 0.459375 0.35546875 0.04140625 0.078125
0 0.50078125 0.3546875 0.03828125 0.07734375
0 0.54140625 0.3546875 0.0375 0.075
0 0.58046875 0.3546875 0.03671875 0.07265625