0 0.01015625 0.721875 0.01953125 0.04140625
0 0.496875 0.55078125 0.01953125 0.03671875
0 0.52421875 0.55390625 0.02734375 0.0359375
0 0.56875 0.54375 0.06328125 0.075
0 0.625 0.56796875 0.02421875 0.0546875
0 0.65234375 0.56875 0.02734375 0.05
0 0.68046875 0.5703125 0.02421875 0.046875
0 0.70859375 0.578125 0.028125 0.0484375
0 0.4734375 0.54609375 0.0203125 0.03984375
0 0.74296875 0.58125 0.03125 0.0546875
0 0.81796875 0.58984375 0.03046875 0.04921875
0 0.81484375 0.68125 0.0578125 0.08984375
0 0.74609375 0.6765625 0.05546875 0.090625
0 0.68203125 0.67109375 0.0515625 0.0703125
0 0.63046875 0.66171875 0.04375 0.0703125
0 0.584375 0.66015625 0.0390625 0.0703125
0 0.53203125 0.65 0.046875 0.0703125
0 0.7796875 0.58359375 0.03203125 0.059375
0 0.4484375 0.54375 0.02265625 0.04296875
0 0.42265625 0.5453125 0.0234375 0.04140625
0 0.39921875 0.54140625 0.0234375 0.040625
0 0.696875 0.44609375 0.03359375 0.0515625
0 0.734375 0.44765625 0.028125 0.05703125
0 0.765625 0.44921875 0.0328125 0.05859375
0 0.80546875 0.4046875 0.03515625 0.0203125
0 0.55546875 0.8546875 0.0578125 0.07265625
0 0.83515625 0.4515625 0.03671875 0.05859375
0 0.9359375 0.48828125 0.128125 0.0421875
0 0.95625 0.3125 0.0875 0.1375
0 0.94375 0.92890625 0.08671875 0.09765625
0 0.7953125 0.915625 0.084375 0.08046875
0 0.16640625 0.48984375 0.134375 0.06484375
0 0.075 0.48203125 0.0671875 0.05859375
0 0.02109375 0.4875 0.03984375 0.03046875
0 0.271875 0.50859375 0.04140625 0.071875
0 0.309375 0.53125 0.01640625 0.03984375
0 0.33046875 0.5328125 0.015625 0.03984375
0 0.371875 0.5390625 0.02421875 0.04296875
0 0.4875 0.64296875 0.0390625 0.06796875
0 0.43984375 0.63046875 0.04921875 0.05546875
0 0.37421875 0.6171875 0.05625 0.07890625
0 0.3078125 0.61171875 0.065625 0.0703125
0 0.709375 0.7625 0.06484375 0.05078125
0 0.7890625 0.79296875 0.08046875 0.08515625
0 0.8984375 0.8015625 0.078125 0.0640625
0 0.9125 0.73125 0.10546875 0.06953125
0 0.9421875 0.6703125 0.078125 0.0484375
0 0.03671875 0.73125 0.02578125 0.046875
0 0.71171875 0.89921875 0.07734375 0.0515625
0 0.06640625 0.73046875 0.025 0.03203125
0 0.08828125 0.75703125 0.05078125 0.0140625
0 0.1328125 0.7515625 0.02890625 0.04140625
0 0.17109375 0.7578125 0.0296875 0.0546875
0 0.225 0.76796875 0.03359375 0.05234375
0 0.2640625 0.778125 0.0421875 0.05703125
0 0.31015625 0.79296875 0.03125 0.06640625
0 0.359375 0.80546875 0.04765625 0.0265625
0 0.421875 0.828125 0.05546875 0.065625
0 0.48125 0.83359375 0.0625 0.06953125
0 0.65390625 0.75625 0.02265625 0.06171875
0 0.6640625 0.44609375 0.02578125 0.046875
0 0.48515625 0.71796875 0.04765625 0.040625
0 0.28046875 0.71015625 0.03359375 0.05
0 0.234375 0.57578125 0.0453125 0.04765625
0 0.1953125 0.56796875 0.03515625 0.0484375
0 0.1625 0.5671875 0.03984375 0.05
0 0.1046875 0.56328125 0.07578125 0.0453125
0 0.03671875 0.54921875 0.06015625 0.05
0 0.03828125 0.61484375 0.02421875 0.03828125
0 0.0703125 0.61484375 0.02890625 0.05078125
0 0.0984375 0.62265625 0.01484375 0.03671875
0 0.12421875 0.62734375 0.03671875 0.03984375
0 0.16484375 0.6328125 0.03125 0.0484375
0 0.1984375 0.6359375 0.0375 0.0515625
0 0.246875 0.64609375 0.0484375 0.0515625
0 0.02109375 0.66171875 0.0296875 0.03828125
0 0.125 0.68359375 0.05078125 0.0421875
0 0.175 0.690625 0.03359375 0.04609375
0 0.2109375 0.7 0.03203125 0.04609375
0 0.246875 0.7078125 0.02734375 0.0484375
0 0.40859375 0.70703125 0.06015625 0.053125
0 0.621875 0.42421875 0.05703125 0.07890625
0 0.63203125 0.8703125 0.08125 0.075
0 0.49765625 0.42421875 0.046875 0.078125
0 0.4625 0.31484375 0.05 0.08046875
0 0.5125 0.3171875 0.05078125 0.0765625
0 0.6078125 0.31484375 0.05859375 0.0875
0 0.7734375 0.3125 0.0625 0.09609375
0 0.83125 0.31328125 0.05625 0.096875
0 0.07265625 0.21875 0.0375 0.0828125
0 0.1140625 0.21484375 0.0390625 0.08828125
0 0.16171875 0.19921875 0.03828125 0.12265625
0 0.209375 0.19453125 0.059375 0.12265625
0 0.2703125 0.18203125 0.059375 0.13984375
0 0.35078125 0.1890625 0.10390625 0.109375
0 0.41953125 0.32109375 0.03359375 0.07421875
0 0.4578125 0.18203125 0.11015625 0.1140625
0 0.60859375 0.19609375 0.05703125 0.09296875
0 0.66171875 0.18984375 0.046875 0.09453125
0 0.7265625 0.16171875 0.09375 0.1515625
0 0.83203125 0.1546875 0.09375 0.16328125
0 0.55390625 0.425 0.05625 0.078125
0 0.3984375 0.4234375 0.0484375 0.071875
0 0.35703125 0.415625 0.03828125 0.06796875
0 0.31171875 0.4125 0.0484375 0.06796875
0 0.26171875 0.40859375 0.0515625 0.0734375
0 0.21015625 0.4078125 0.04375 0.06484375
0 0.16953125 0.4078125 0.03203125 0.06484375
0 0.5515625 0.1984375 0.05546875 0.090625
0 0.34375 0.31875 0.046875 0.0796875
0 0.65859375 0.3171875 0.0484375 0.0953125
0 0.24765625 0.3234375 0.05390625 0.0625
0 0.06015625 0.31953125 0.03359375 0.06796875
0 0.2984375 0.32109375 0.0421875 0.07734375
0 0.05703125 0.40390625 0.05703125 0.0640625
0 0.103125 0.40390625 0.0375 0.06171875
0 0.13515625 0.40703125 0.028125 0.0609375
0 0.02265625 0.32109375 0.0328125 0.06640625
0 0.103125 0.31640625 0.04609375 0.07109375
0 0.16953125 0.31953125 0.06953125 0.078125
0 0.44453125 0.41953125 0.04921875 0.06953125