0 0.43046875 0.64609375 0.01875 0.03671875
0 0.453125 0.646875 0.01796875 0.040625
0 0.47734375 0.64140625 0.0234375 0.04453125
0 0.50078125 0.640625 0.01875 0.046875
0 0.52578125 0.64765625 0.0203125 0.0390625
0 0.5515625 0.646875 0.02265625 0.03984375
0 0.41328125 0.23046875 0.04140625 0.06953125
0 0.45546875 0.234375 0.0390625 0.07421875
0 0.65859375 0.43671875 0.03359375 0.0765625
0 0.6140625 0.43515625 0.046875 0.078125
0 0.559375 0.43125 0.0421875 0.0796875
0 0.5109375 0.44609375 0.04140625 0.05
0 0.45390625 0.4375 0.0484375 0.071875
0 0.396875 0.44609375 0.0578125 0.05
0 0.3328125 0.4375 0.05859375 0.0671875
0 0.26484375 0.4328125 0.06484375 0.078125
0 0.2 0.43046875 0.05625 0.08046875
0 0.14921875 0.4796875 0.03671875 0.07890625
0 0.09453125 0.4890625 0.06640625 0.0625
0 0.0296875 0.4859375 0.05546875 0.08046875
0 0.21171875 0.5421875 0.06796875 0.071875
0 0.2796875 0.54453125 0.05078125 0.06484375
0 0.34765625 0.53671875 0.06171875 0.07265625
0 0.40859375 0.54140625 0.04609375 0.075
0 0.465625 0.5453125 0.040625 0.0703125
0 0.68046875 0.5421875 0.0578125 0.06953125
0 0.7390625 0.54296875 0.059375 0.071875
0 0.80078125 0.5453125 0.0484375 0.0703125
0 0.859375 0.54765625 0.04765625 0.0625
0 0.9578125 0.55625 0.084375 0.0578125
0 0.96875 0.6125 0.0625 0.040625
0 0.9515625 0.64921875 0.096875 0.0328125
0 0.95234375 0.68671875 0.0953125 0.0421875
0 0.7078125 0.43515625 0.04140625 0.075
0 0.80078125 0.4453125 0.0375 0.06171875
0 0.75625 0.43046875 0.040625 0.07578125
0 0.85390625 0.44375 0.05546875 0.06015625
0 0.36875 0.23359375 0.03984375 0.07265625
0 0.3 0.2171875 0.08515625 0.09765625
0 0.20234375 0.2171875 0.0875 0.1
0 0.1171875 0.2328125 0.06640625 0.0625
0 0.05546875 0.23359375 0.04296875 0.07109375
0 0.01953125 0.3765625 0.03671875 0.08046875
0 0.07265625 0.38046875 0.05 0.06796875
0 0.14375 0.36953125 0.0484375 0.07890625
0 0.21328125 0.3296875 0.04453125 0.05859375
0 0.26171875 0.32890625 0.040625 0.0625
0 0.3125 0.3234375 0.04765625 0.07109375
0 0.36328125 0.3265625 0.0375 0.0765625
0 0.95 0.7296875 0.09921875 0.03359375
0 0.40859375 0.3296875 0.0375 0.06796875
0 0.50859375 0.32734375 0.0375 0.0625
0 0.55703125 0.32421875 0.05 0.06875
0 0.60625 0.32734375 0.04453125 0.07265625
0 0.653125 0.32578125 0.04375 0.0703125
0 0.70234375 0.328125 0.0375 0.0640625
0 0.74765625 0.334375 0.0359375 0.0484375
0 0.7859375 0.33359375 0.03046875 0.05
0 0.82734375 0.33203125 0.04140625 0.05546875
0 0.86875 0.33359375 0.03125 0.05234375
0 0.91015625 0.3328125 0.0390625 0.04765625
0 0.96875 0.321875 0.0625 0.084375
0 0.95625 0.43125 0.0875 0.0828125
0 0.465625 0.321875 0.04609375 0.07421875
0 0.40703125 0.640625 0.021875 0.04765625
0 0.9390625 0.771875 0.121875 0.028125
0 0.84375 0.7671875 0.0578125 0.11796875
0 0.625 0.228125 0.0359375 0.071875
0 0.68359375 0.22890625 0.0734375 0.05859375
0 0.7703125 0.22578125 0.071875 0.06328125
0 0.86328125 0.228125 0.09140625 0.071875
0 0.9671875 0.1921875 0.06484375 0.0953125
0 0.97421875 0.1015625 0.0515625 0.07578125
0 0.9078125 0.090625 0.053125 0.08515625
0 0.84765625 0.090625 0.05625 0.08203125
0 0.771875 0.09609375 0.075 0.0796875
0 0.7015625 0.11328125 0.0421875 0.0546875
0 0.65234375 0.11484375 0.0484375 0.046875
0 0.6140625 0.121875 0.03359375 0.04296875
0 0.571875 0.1203125 0.03359375 0.0484375
0 0.5328125 0.103125 0.040625 0.0703125
0 0.4828125 0.10078125 0.03515625 0.075
0 0.43984375 0.103125 0.0375 0.075
0 0.39453125 0.10390625 0.03828125 0.07578125
0 0.35390625 0.10390625 0.03515625 0.07421875
0 0.309375 0.10625 0.0375 0.071875
0 0.26484375 0.10390625 0.040625 0.07421875
0 0.21953125 0.1046875 0.03828125 0.07421875
0 0.16171875 0.09375 0.04921875 0.0984375
0 0.090625 0.115625 0.0640625 0.0515625
0 0.0265625 0.1140625 0.05078125 0.06328125
0 0.59375 0.63359375 0.05859375 0.0625
0 0.58359375 0.2296875 0.03671875 0.07734375
0 0.54296875 0.23125 0.040625 0.0703125
0 0.49765625 0.23046875 0.04140625 0.07265625
0 0.38203125 0.64375 0.0296875 0.0484375
0 0.784375 0.7703125 0.06015625 0.10078125
0 0.72734375 0.7734375 0.040625 0.10078125
0 0.678125 0.77890625 0.05 0.096875
0 0.6328125 0.77265625 0.03046875 0.1140625
0 0.5984375 0.77578125 0.03671875 0.11171875
0 0.56171875 0.7734375 0.03203125 0.10546875
0 0.525 0.77265625 0.03046875 0.11328125
0 0.48984375 0.77734375 0.028125 0.103125
0 0.4578125 0.7765625 0.028125 0.10390625
0 0.42578125 0.7875 0.03671875 0.0796875
0 0.384375 0.78515625 0.03828125 0.08203125
0 0.3484375 0.76953125 0.03046875 0.11171875
0 0.95234375 0.809375 0.0953125 0.03125
0 0.3125 0.77578125 0.028125 0.096875
0 0.2515625 0.77890625 0.034375 0.096875
0 0.20546875 0.75390625 0.0296875 0.096875
0 0.15078125 0.77109375 0.04375 0.109375
0 0.09609375 0.76015625 0.0390625 0.125
0 0.0546875 0.74921875 0.0375 0.11796875
0 0.03671875 0.6296875 0.0578125 0.0625
0 0.09921875 0.634375 0.04765625 0.05078125
0 0.1546875 0.63671875 0.05703125 0.05078125
0 0.2015625 0.64140625 0.03828125 0.0390625
0 0.24765625 0.64296875 0.03203125 0.04140625
0 0.33125 0.64609375 0.021875 0.04140625
0 0.35546875 0.646875 0.02265625 0.03984375
0 0.28359375 0.77109375 0.0296875 0.10234375
0 0.6578125 0.63515625 0.06328125 0.0640625
0 0.51640625 0.540625 0.05 0.07734375
0 0.72734375 0.64375 0.021875 0.04375
0 0.75390625 0.64609375 0.01953125 0.04140625
0 0.778125 0.64609375 0.021875 0.0390625
0 0.80390625 0.64453125 0.02109375 0.03828125
0 0.828125 0.6453125 0.02109375 0.03828125
0 0.8515625 0.64375 0.01953125 0.0421875
0 0.8734375 0.6390625 0.02265625 0.053125
0 0.0140625 0.2328125 0.028125 0.0671875
0 0.703125 0.64609375 0.021875 0.0390625