0 0.0765625 0.7015625 0.046875 0.00703125
0 0.0234375 0.6828125 0.04609375 0.0140625
0 0.0234375 0.69765625 0.04609375 0.01484375
0 0.121875 0.68515625 0.04765625 0.00625
0 0.1234375 0.69140625 0.04765625 0.00625
0 0.12578125 0.696875 0.04765625 0.00625
0 0.17421875 0.68671875 0.05234375 0.00703125
0 0.17578125 0.69609375 0.05234375 0.00703125
0 0.22890625 0.67265625 0.05234375 0.0546875
0 0.28828125 0.65078125 0.06171875 0.07265625
0 0.72890625 0.38359375 0.01640625 0.03046875
0 0.56484375 0.38828125 0.01640625 0.03046875
0 0.5828125 0.38671875 0.01640625 0.03046875
0 0.61328125 0.38671875 0.01640625 0.03046875
0 0.54921875 0.38828125 0.01640625 0.03046875
0 0.53359375 0.3890625 0.01640625 0.03046875
0 0.5171875 0.3890625 0.01640625 0.03046875
0 0.50078125 0.38828125 0.01640625 0.03046875
0 0.346875 0.65 0.05625 0.06953125
0 0.40703125 0.64453125 0.06015625 0.06953125
0 0.4671875 0.64296875 0.059375 0.06953125
0 0.5265625 0.640625 0.059375 0.071875
0 0.59921875 0.3875 0.01640625 0.03046875
0 0.62890625 0.3859375 0.01640625 0.03046875
0 0.64453125 0.3875 0.01640625 0.03046875
0 0.66015625 0.38671875 0.01640625 0.03046875
0 0.8140625 0.38359375 0.01640625 0.03046875
0 0.79609375 0.38359375 0.01640625 0.03046875
0 0.7796875 0.384375 0.01640625 0.03046875
0 0.76328125 0.384375 0.01640625 0.03046875
0 0.3703125 0.5578125 0.05234375 0.0640625
0 0.3328125 0.58125 0.02265625 0.02734375
0 0.83203125 0.38359375 0.01640625 0.03046875
0 0.30078125 0.57265625 0.0375 0.03828125
0 0.2125 0.5703125 0.0453125 0.0546875
0 0.1640625 0.571875 0.04921875 0.05234375
0 0.1171875 0.58671875 0.0484375 0.0265625
0 0.06640625 0.58828125 0.04921875 0.0265625
0 0.91171875 0.6375 0.1 0.103125
0 0.7109375 0.38671875 0.01640625 0.03046875
0 0.25859375 0.56015625 0.0453125 0.07265625
0 0.746875 0.38671875 0.01640625 0.03046875
0 0.8484375 0.38203125 0.01640625 0.03046875
0 0.0890625 0.47578125 0.03515625 0.05078125
0 0.6765625 0.3859375 0.01640625 0.03046875
0 0.0765625 0.69453125 0.046875 0.00703125
0 0.075 0.68671875 0.04609375 0.00703125
0 0.83125 0.54609375 0.0421875 0.06484375
0 0.78671875 0.55 0.03984375 0.06171875
0 0.74296875 0.55625 0.04609375 0.0453125
0 0.05078125 0.46640625 0.04140625 0.0765625
0 0.69765625 0.55859375 0.0453125 0.04453125
0 0.62890625 0.565625 0.040625 0.03515625
0 0.5875 0.55390625 0.04140625 0.06875
0 0.55234375 0.5765625 0.02421875 0.02890625
0 0.51953125 0.56953125 0.0375 0.040625
0 0.69375 0.38828125 0.01640625 0.03046875
0 0.428125 0.5765625 0.02734375 0.02734375
0 0.6625 0.571875 0.0234375 0.025
0 0.4765625 0.5546875 0.0515625 0.06640625
0 0.10625 0.75390625 0.059375 0.0828125
0 0.58515625 0.6390625 0.0609375 0.07109375
0 0.66171875 0.4546875 0.01953125 0.021875
0 0.63125 0.46953125 0.040625 0.040625
0 0.5875 0.4578125 0.04609375 0.07109375
0 0.553125 0.47890625 0.0234375 0.02578125
0 0.52109375 0.47421875 0.0390625 0.03828125
0 0.47890625 0.45859375 0.04296875 0.07109375
0 0.4421875 0.48046875 0.02734375 0.02734375
0 0.409375 0.471875 0.04140625 0.046875
0 0.36640625 0.4609375 0.0421875 0.06953125
0 0.6625 0.4765625 0.0234375 0.02265625
0 0.3296875 0.48359375 0.028125 0.02421875
0 0.2515625 0.4640625 0.04375 0.0703125
0 0.21484375 0.48671875 0.02421875 0.02265625
0 0.17734375 0.4828125 0.05234375 0.03046875
0 0.12890625 0.4828125 0.040625 0.03671875
0 0.53203125 0.30703125 0.0296875 0.1265625
0 0.23203125 0.74609375 0.059375 0.0828125
0 0.5 0.3125 0.028125 0.12109375
0 0.47109375 0.3109375 0.03125 0.12421875
0 0.43984375 0.31015625 0.03046875 0.12421875
0 0.2953125 0.4765625 0.04296875 0.03828125
0 0.696875 0.46171875 0.0453125 0.05
0 0.74609375 0.459375 0.04453125 0.05
0 0.78828125 0.4515625 0.0390625 0.06484375
0 0.0296875 0.75703125 0.059375 0.0828125
0 0.18828125 0.87265625 0.046875 0.05390625
0 0.23984375 0.86953125 0.053125 0.0578125
0 0.30859375 0.85703125 0.06796875 0.078125
0 0.371875 0.86640625 0.05078125 0.065625
0 0.4234375 0.87265625 0.0515625 0.065625
0 0.4765625 0.86171875 0.0515625 0.065625
0 0.5265625 0.859375 0.04375 0.065625
0 0.58125 0.85390625 0.05546875 0.071875
0 0.6296875 0.86015625 0.0359375 0.04375
0 0.67265625 0.85546875 0.0421875 0.04765625
0 0.73828125 0.853125 0.0734375 0.06875
0 0.81328125 0.85078125 0.0734375 0.06875
0 0.89140625 0.85078125 0.0828125 0.0390625
0 0.97109375 0.84296875 0.0578125 0.0640625
0 0.896875 0.75625 0.1015625 0.10390625
0 0.90390625 0.4265625 0.06640625 0.0890625
0 0.953125 0.328125 0.0453125 0.06796875
0 0.9046875 0.32421875 0.0453125 0.0671875
0 0.92421875 0.246875 0.0671875 0.0859375
0 0.8359375 0.4515625 0.05390625 0.06484375
0 0.409375 0.31171875 0.03359375 0.12421875
0 0.16640625 0.75 0.059375 0.0828125
0 0.37890625 0.31484375 0.0296875 0.12421875
0 0.32109375 0.31640625 0.02734375 0.11796875
0 0.5390625 0.73671875 0.05859375 0.078125
0 0.6015625 0.73671875 0.0625 0.08125
0 0.6578125 0.74609375 0.04296875 0.05234375
0 0.70703125 0.7453125 0.046875 0.05078125
0 0.75703125 0.7453125 0.04375 0.040625
0 0.78828125 0.70078125 0.04453125 0.040625
0 0.80234375 0.74375 0.04375 0.040625
0 0.80390625 0.61171875 0.04296875 0.03515625
0 0.82265625 0.65078125 0.04296875 0.03515625
0 0.47578125 0.7328125 0.059375 0.0828125
0 0.77734375 0.6515625 0.04296875 0.03515625
0 0.7296875 0.6515625 0.0421875 0.03359375
0 0.68671875 0.6546875 0.0375 0.040625
0 0.6453125 0.65703125 0.04453125 0.0421875
0 0.2984375 0.13671875 0.04453125 0.12421875
0 0.24921875 0.13203125 0.05546875 0.12734375
0 0.196875 0.13359375 0.0546875 0.13203125
0 0.1421875 0.178125 0.04609375 0.04609375
0 0.09453125 0.17734375 0.04921875 0.04453125
0 0.04765625 0.178125 0.04375 0.0421875
0 0.72421875 0.615625 0.04296875 0.03515625
0 0.07890625 0.86953125 0.04921875 0.06640625
0 0.13359375 0.875 0.05234375 0.06640625
0 0.41484375 0.73515625 0.059375 0.0828125
0 0.29140625 0.31640625 0.03203125 0.11875
0 0.25390625 0.31484375 0.0375 0.1171875
0 0.17265625 0.38359375 0.05 0.02890625
0 0.13046875 0.38046875 0.040625 0.0390625
0 0.0890625 0.37421875 0.04140625 0.05625
0 0.0421875 0.3765625 0.0515625 0.05859375
0 0.178125 0.28125 0.0640625 0.05234375
0 0.12109375 0.29296875 0.05 0.0421875
0 0.07109375 0.2875 0.046875 0.0375
0 0.0296875 0.28359375 0.0359375 0.05390625
0 0.8359375 0.1328125 0.07578125 0.125
0 0.74609375 0.12578125 0.1046875 0.13671875
0 0.66953125 0.13046875 0.04609375 0.13203125
0 0.6234375 0.13125 0.04609375 0.1328125
0 0.57734375 0.1296875 0.04609375 0.1328125
0 0.53203125 0.1296875 0.046875 0.13203125
0 0.484375 0.12890625 0.04453125 0.1328125
0 0.43828125 0.1296875 0.046875 0.128125
0 0.39140625 0.13046875 0.046875 0.12578125
0 0.3453125 0.134375 0.046875 0.12421875
0 0.35390625 0.73828125 0.059375 0.0828125
0 0.2921875 0.7359375 0.059375 0.0828125
0 0.34765625 0.315625 0.03203125 0.11484375
0 0.95703125 0.4265625 0.03828125 0.0875
0 0.29765625 0.39453125 0.015625 0.03125
0 0.4671875 0.3890625 0.01640625 0.03046875
0 0.45078125 0.38984375 0.015625 0.02890625
0 0.41875 0.39140625 0.01796875 0.0296875
0 0.39921875 0.3921875 0.01875 0.0296875
0 0.38125 0.3921875 0.015625 0.0296875
0 0.36484375 0.3921875 0.015625 0.0296875
0 0.35 0.39296875 0.015625 0.0296875
0 0.6796875 0.309375 0.028125 0.121875
0 0.48359375 0.3875 0.01640625 0.03046875
0 0.709375 0.31171875 0.028125 0.121875
0 0.31484375 0.39453125 0.01875 0.03125
0 0.74375 0.3125 0.0375 0.115625
0 0.28203125 0.39453125 0.01484375 0.03125
0 0.26640625 0.3953125 0.01484375 0.03125
0 0.2515625 0.39609375 0.015625 0.0328125
0 0.23359375 0.3953125 0.01796875 0.03203125
0 0.83828125 0.30703125 0.04609375 0.12109375
0 0.78515625 0.309375 0.04296875 0.11484375
0 0.3328125 0.39375 0.01875 0.03125
0 0.6484375 0.309375 0.028125 0.12265625
0 0.4359375 0.390625 0.01484375 0.0296875
0 0.58984375 0.31015625 0.028125 0.121875
0 0.56171875 0.3078125 0.02421875 0.12421875
0 0.92109375 0.53515625 0.1 0.096875
0 0.61796875 0.3109375 0.028125 0.121875