0 0.4203125 0.69453125 0.04140625 0.084375
0 0.46953125 0.69296875 0.04453125 0.084375
0 0.52109375 0.6921875 0.04140625 0.0859375
0 0.5671875 0.6921875 0.03984375 0.0796875
0 0.61328125 0.696875 0.03984375 0.084375
0 0.65859375 0.696875 0.03828125 0.08046875
0 0.70546875 0.69609375 0.04140625 0.08046875
0 0.846875 0.69375 0.04375 0.0859375
0 0.79765625 0.7 0.04140625 0.0703125
0 0.89375 0.69609375 0.04140625 0.0859375
0 0.9390625 0.6984375 0.0421875 0.0796875
0 0.375 0.6921875 0.04140625 0.0828125
0 0.04140625 0.871875 0.0671875 0.08203125
0 0.98359375 0.696875 0.0328125 0.0796875
0 0.74921875 0.6984375 0.03359375 0.0875
0 0.33125 0.69140625 0.0390625 0.0828125
0 0.7359375 0.56875 0.04296875 0.078125
0 0.1859375 0.6921875 0.04609375 0.08125
0 0.13671875 0.85078125 0.03359375 0.078125
0 0.44609375 0.5609375 0.04609375 0.0828125
0 0.49609375 0.56171875 0.0484375 0.0828125
0 0.546875 0.5625 0.0453125 0.0796875
0 0.59453125 0.5640625 0.04140625 0.07421875
0 0.64140625 0.5625 0.04296875 0.0765625
0 0.2328125 0.69375 0.04140625 0.07890625
0 0.68828125 0.565625 0.04296875 0.08125
0 0.828125 0.56875 0.03828125 0.071875
0 0.8765625 0.5703125 0.04609375 0.0796875
0 0.92421875 0.5703125 0.04140625 0.078125
0 0.96953125 0.56953125 0.04296875 0.071875
0 0.02421875 0.76171875 0.04765625 0.075
0 0.13671875 0.73828125 0.040625 0.075
0 0.78125 0.56640625 0.04765625 0.078125
0 0.1890625 0.828125 0.0515625 0.06640625
0 0.2375 0.559375 0.04453125 0.08671875
0 0.2921875 0.8234375 0.04296875 0.078125
0 0.353125 0.940625 0.0375 0.09375
0 0.3921875 0.94375 0.03671875 0.09375
0 0.43359375 0.94140625 0.03984375 0.0890625
0 0.4765625 0.940625 0.03515625 0.08828125
0 0.5203125 0.940625 0.0453125 0.08828125
0 0.56484375 0.94375 0.03984375 0.0890625
0 0.3078125 0.9421875 0.03671875 0.0921875
0 0.60703125 0.94296875 0.0375 0.08984375
0 0.69375 0.9484375 0.04453125 0.07421875
0 0.7453125 0.946875 0.04140625 0.07734375
0 0.790625 0.94765625 0.03984375 0.075
0 0.83984375 0.94921875 0.0390625 0.07109375
0 0.87890625 0.9453125 0.034375 0.075
0 0.3984375 0.56171875 0.0484375 0.0859375
0 0.65078125 0.95 0.03984375 0.08125
0 0.26875 0.94375 0.03515625 0.09375
0 0.228125 0.94453125 0.03828125 0.090625
0 0.140625 0.96875 0.02265625 0.05625
0 0.3390625 0.821875 0.04453125 0.078125
0 0.38515625 0.8234375 0.04765625 0.0765625
0 0.434375 0.8234375 0.03984375 0.07578125
0 0.47578125 0.821875 0.03984375 0.0765625
0 0.51796875 0.8234375 0.03828125 0.07890625
0 0.56328125 0.82421875 0.03984375 0.07734375
0 0.60546875 0.82265625 0.04140625 0.0765625
0 0.659375 0.821875 0.03984375 0.0734375
0 0.70078125 0.828125 0.04296875 0.0640625
0 0.74609375 0.828125 0.0375 0.06875
0 0.79140625 0.8296875 0.040625 0.071875
0 0.84375 0.83125 0.04453125 0.07421875
0 0.8921875 0.83125 0.04140625 0.0625
0 0.93359375 0.82890625 0.03828125 0.0671875
0 0.97578125 0.825 0.04609375 0.06484375
0 0.290625 0.56171875 0.05 0.0828125
0 0.340625 0.559375 0.04765625 0.084375
0 0.24296875 0.82734375 0.05078125 0.06875
0 0.5421875 0.1765625 0.0546875 0.078125
0 0.66015625 0.309375 0.05078125 0.078125
0 0.60234375 0.3078125 0.05390625 0.08125
0 0.54609375 0.3015625 0.05234375 0.0875
0 0.4875 0.3078125 0.05078125 0.078125
0 0.4265625 0.303125 0.0515625 0.08203125
0 0.365625 0.303125 0.05390625 0.08125
0 0.30625 0.3 0.05390625 0.0796875
0 0.2484375 0.3 0.0546875 0.0828125
0 0.18515625 0.2921875 0.06015625 0.0921875
0 0.1125 0.3625 0.078125 0.07734375
0 0.03359375 0.3671875 0.0671875 0.065625
0 0.96484375 0.1734375 0.03671875 0.10625
0 0.88359375 0.17734375 0.03046875 0.103125
0 0.84375 0.1703125 0.04453125 0.10078125
0 0.8015625 0.171875 0.03984375 0.1
0 0.75078125 0.1703125 0.03671875 0.10234375
0 0.70546875 0.18046875 0.04765625 0.078125
0 0.6546875 0.1796875 0.046875 0.078125
0 0.59765625 0.17890625 0.05078125 0.07734375
0 0.37109375 0.11875 0.06484375 0.0265625
0 0.42265625 0.17421875 0.05 0.078125
0 0.36640625 0.17265625 0.0578125 0.07890625
0 0.3046875 0.17109375 0.05546875 0.078125
0 0.115625 0.190625 0.07265625 0.06796875
0 0.0359375 0.19375 0.071875 0.06875
0 0.71171875 0.3078125 0.0453125 0.08125
0 0.8109375 0.3109375 0.04296875 0.0828125
0 0.92734375 0.17578125 0.0375 0.1078125
0 0.9203125 0.43671875 0.04140625 0.0796875
0 0.73203125 0.4328125 0.040625 0.0765625
0 0.68125 0.434375 0.04140625 0.075
0 0.63359375 0.43203125 0.04296875 0.075
0 0.1203125 0.4859375 0.07109375 0.06875
0 0.0359375 0.4828125 0.07109375 0.0734375
0 0.58046875 0.428125 0.04765625 0.0828125
0 0.528125 0.43203125 0.04296875 0.0796875
0 0.87421875 0.43671875 0.04453125 0.0796875
0 0.96484375 0.4375 0.040625 0.0765625
0 0.03359375 0.60625 0.0671875 0.0875
0 0.11484375 0.6046875 0.06640625 0.096875
0 0.78203125 0.43359375 0.04921875 0.078125
0 0.18984375 0.5578125 0.046875 0.08515625
0 0.43046875 0.42890625 0.0453125 0.08125
0 0.38125 0.42890625 0.0453125 0.08046875
0 0.33125 0.42890625 0.04609375 0.08125
0 0.25546875 0.40859375 0.0859375 0.0640625
0 0.1859375 0.42109375 0.0421875 0.0890625
0 0.95703125 0.3125 0.040625 0.08515625
0 0.90859375 0.3109375 0.03984375 0.08671875
0 0.86171875 0.3109375 0.04453125 0.084375
0 0.4796875 0.43125 0.04453125 0.08125
0 0.83046875 0.434375 0.03671875 0.078125