0 0.1796875 0.17109375 0.08125 0.0578125
0 0.27265625 0.24921875 0.10234375 0.03359375
0 0.36171875 0.2515625 0.071875 0.03125
0 0.44140625 0.25546875 0.08359375 0.03984375
0 0.51953125 0.25703125 0.07421875 0.03671875
0 0.2734375 0.21015625 0.10078125 0.03828125
0 0.36328125 0.2046875 0.0765625 0.04765625
0 0.44375 0.20546875 0.07890625 0.05
0 0.5203125 0.2109375 0.0734375 0.03984375
0 0.67421875 0.2125 0.06875 0.05234375
0 0.59921875 0.215625 0.0765625 0.05546875
0 0.67890625 0.26171875 0.06953125 0.034375
0 0.746875 0.265625 0.0640625 0.03828125
0 0.81171875 0.26796875 0.0640625 0.03203125
0 0.75 0.22109375 0.06171875 0.05
0 0.09921875 0.16953125 0.07890625 0.0609375
0 0.87578125 0.27421875 0.05625 0.03359375
0 0.8828125 0.2375 0.06953125 0.03984375
0 0.95078125 0.2375 0.059375 0.0453125
0 0.94453125 0.2765625 0.05546875 0.0328125
0 0.0859375 0.07578125 0.0734375 0.0625
0 0.8921875 0.53359375 0.06640625 0.03046875
0 0.88984375 0.49375 0.0640625 0.0484375
0 0.8171875 0.53203125 0.06640625 0.0421875
0 0.60234375 0.2625 0.0796875 0.034375
0 0.81484375 0.225 0.06328125 0.04296875
0 0.090625 0.228125 0.0828125 0.06015625
0 0.940625 0.41015625 0.0640625 0.03359375
0 0.2828125 0.340625 0.06796875 0.04375
0 0.2109375 0.3828125 0.0640625 0.03515625
0 0.21015625 0.33984375 0.06171875 0.05078125
0 0.4828125 0.4796875 0.15078125 0.0484375
0 0.63125 0.490625 0.1375 0.04140625
0 0.6265625 0.5296875 0.12890625 0.0359375
0 0.7390625 0.48203125 0.071875 0.04765625
0 0.13828125 0.375 0.078125 0.04140625
0 0.7390625 0.5265625 0.07421875 0.0328125
0 0.81328125 0.48515625 0.0609375 0.0515625
0 0.13203125 0.325 0.0640625 0.05703125
0 0.053125 0.321875 0.0859375 0.05625
0 0.053125 0.37265625 0.08203125 0.04609375
0 0.9609375 0.53203125 0.05859375 0.03046875
0 0.96328125 0.49453125 0.0625 0.04453125
0 0.28125 0.384375 0.05703125 0.0390625
0 0.17578125 0.23203125 0.0890625 0.0515625
0 0.37421875 0.340625 0.11171875 0.05
0 0.48671875 0.3453125 0.09921875 0.05
0 0.87265625 0.40625 0.07421875 0.04140625
0 0.80078125 0.4015625 0.0703125 0.0328125
0 0.3640625 0.10390625 0.0765625 0.0390625
0 0.36328125 0.05859375 0.07265625 0.04375
0 0.440625 0.05703125 0.0703125 0.0453125
0 0.73203125 0.40078125 0.06484375 0.03359375
0 0.87109375 0.3625 0.07578125 0.0421875
0 0.8 0.35859375 0.06015625 0.03515625
0 0.7375 0.35625 0.065625 0.03984375
0 0.65859375 0.39765625 0.07265625 0.03984375
0 0.57890625 0.3953125 0.0765625 0.03828125
0 0.66484375 0.35 0.05625 0.04375
0 0.584375 0.35390625 0.07890625 0.03515625
0 0.58984375 0.3171875 0.090625 0.0171875
0 0.48046875 0.39296875 0.09921875 0.0359375
0 0.37109375 0.3875 0.10625 0.0390625
0 0.93984375 0.36484375 0.06171875 0.03828125
0 0.27109375 0.1046875 0.1015625 0.03515625
0 0.6265625 0.76015625 0.0640625 0.04140625
0 0.14296875 0.59453125 0.08984375 0.04453125
0 0.23984375 0.59609375 0.09609375 0.04921875
0 0.24296875 0.6421875 0.1015625 0.040625
0 0.33828125 0.6 0.08125 0.0546875
0 0.3390625 0.6453125 0.08359375 0.0375
0 0.44296875 0.60546875 0.11484375 0.05546875
0 0.4390625 0.65 0.10859375 0.0328125
0 0.54609375 0.6453125 0.0859375 0.03671875
0 0.14375 0.63671875 0.0921875 0.04140625
0 0.6375 0.60390625 0.08515625 0.04609375
0 0.7234375 0.615625 0.0765625 0.04609375
0 0.721875 0.65078125 0.07265625 0.02578125
0 0.8 0.6140625 0.0703125 0.046875
0 0.79609375 0.65234375 0.0625 0.02890625
0 0.87421875 0.6125 0.0734375 0.03984375
0 0.8703125 0.65 0.065625 0.0328125
0 0.95625 0.6515625 0.07265625 0.04296875
0 0.9515625 0.6078125 0.065625 0.04375
0 0.6359375 0.646875 0.08203125 0.03671875
0 0.028125 0.459375 0.0546875 0.046875
0 0.04921875 0.63828125 0.084375 0.0421875
0 0.8890625 0.725 0.0765625 0.04140625
0 0.06328125 0.71953125 0.1015625 0.05078125
0 0.06171875 0.76328125 0.09609375 0.0359375
0 0.16796875 0.7203125 0.1 0.04921875
0 0.16796875 0.76171875 0.10078125 0.03046875
0 0.26953125 0.71875 0.09921875 0.0421875
0 0.26953125 0.7640625 0.10078125 0.03515625
0 0.3703125 0.7203125 0.09609375 0.04296875
0 0.36875 0.76328125 0.090625 0.03671875
0 0.04921875 0.59296875 0.0859375 0.0453125
0 0.6296875 0.71875 0.07734375 0.0359375
0 0.471875 0.721875 0.10390625 0.04609375
0 0.4703125 0.76015625 0.10234375 0.03046875
0 0.55859375 0.7578125 0.07265625 0.0359375
0 0.71171875 0.765625 0.0890625 0.0328125
0 0.80078125 0.7671875 0.08671875 0.034375
0 0.8828125 0.76875 0.0765625 0.03046875
0 0.71796875 0.725 0.08984375 0.03515625
0 0.8078125 0.72734375 0.08359375 0.03828125
0 0.559375 0.71484375 0.0625 0.04140625
0 0.09375 0.459375 0.0734375 0.0484375
0 0.54921875 0.60234375 0.090625 0.04609375
0 0.0890625 0.50859375 0.07109375 0.04140625
0 0.715625 0.91171875 0.0890625 0.04921875
0 0.62109375 0.8890625 0.0703125 0.08671875
0 0.5375 0.8890625 0.09921875 0.08671875
0 0.38515625 0.8734375 0.1390625 0.1109375
0 0.23671875 0.875 0.15859375 0.109375
0 0.08125 0.8796875 0.13515625 0.1203125
0 0.0890625 0.02265625 0.0796875 0.0421875
0 0.1765625 0.028125 0.0796875 0.04765625
0 0.028125 0.50859375 0.04921875 0.04140625
0 0.68203125 0.12421875 0.0671875 0.0390625
0 0.68046875 0.0734375 0.0609375 0.0484375
0 0.60859375 0.07265625 0.071875 0.03828125
0 0.60625 0.11796875 0.07109375 0.0375
0 0.5296875 0.109375 0.07890625 0.03828125
0 0.525 0.06640625 0.075 0.0421875
0 0.44453125 0.1078125 0.078125 0.0390625
0 0.26953125 0.06484375 0.1015625 0.0421875
0 0.715625 0.86171875 0.09375 0.0453125
0 0.75390625 0.1265625 0.065625 0.034375
0 0.175 0.084375 0.075 0.0609375
0 0.3578125 0.484375 0.0921875 0.04375
0 0.2671875 0.4546875 0.08125 0.0421875
0 0.265625 0.49140625 0.0765625 0.0328125
0 0.1703125 0.52265625 0.08359375 0.02421875
0 0.25546875 0.52265625 0.084375 0.021875
0 0.3546875 0.521875 0.0859375 0.0328125
0 0.48203125 0.52421875 0.1484375 0.03984375
0 0.959375 0.1 0.05859375 0.03984375
0 0.96015625 0.1390625 0.0609375 0.03671875
0 0.17578125 0.48515625 0.08046875 0.04140625
0 0.81796875 0.128125 0.0609375 0.03046875
0 0.89140625 0.09453125 0.078125 0.040625
0 0.81875 0.08125 0.05859375 0.04609375
0 0.7546875 0.0796875 0.06796875 0.0515625
0 0.8890625 0.134375 0.07265625 0.03671875
0 0.18046875 0.44296875 0.08828125 0.028125