0 0.15859375 0.44765625 0.02421875 0.05390625
0 0.09921875 0.45546875 0.0265625 0.059375
0 0.12890625 0.45 0.02578125 0.059375
0 0.13515625 0.509375 0.02421875 0.05390625
0 0.165625 0.50390625 0.02421875 0.05390625
0 0.184375 0.44296875 0.02265625 0.05546875
0 0.2625 0.42578125 0.02421875 0.046875
0 0.21328125 0.4921875 0.0171875 0.05546875
0 0.20703125 0.43828125 0.015625 0.05078125
0 0.23125 0.43359375 0.021875 0.046875
0 0.1078125 0.51484375 0.02578125 0.05234375
0 0.3015625 0.41953125 0.02890625 0.04453125
0 0.190625 0.5 0.0234375 0.05546875
0 0.078125 0.521875 0.02578125 0.0578125
0 0.01171875 0.4671875 0.0234375 0.0625
0 0.0390625 0.4640625 0.0234375 0.059375
0 0.0453125 0.52578125 0.0296875 0.05859375
0 0.0125 0.5328125 0.025 0.05859375
0 0.2375 0.4828125 0.02578125 0.04609375
0 0.56953125 0.30078125 0.0203125 0.0640625
0 0.5453125 0.30078125 0.0234375 0.06953125
0 0.5171875 0.3046875 0.02734375 0.07265625
0 0.4828125 0.30625 0.028125 0.07578125
0 0.45 0.30703125 0.0296875 0.08828125
0 0.41640625 0.309375 0.02734375 0.09375
0 0.38359375 0.3078125 0.03125 0.09453125
0 0.346875 0.30859375 0.034375 0.09921875
0 0.3078125 0.309375 0.03984375 0.10546875
0 0.2546875 0.30546875 0.03984375 0.1078125
0 0.06953125 0.4609375 0.0265625 0.0578125
0 0.27265625 0.475 0.02578125 0.04609375
0 0.39921875 0.44453125 0.04375 0.0453125
0 0.34296875 0.4625 0.02578125 0.04609375
0 0.1296875 0.8296875 0.10390625 0.1515625
0 0.0375 0.87265625 0.075 0.16328125
0 0.56796875 0.51015625 0.02734375 0.03671875
0 0.53046875 0.53125 0.03125 0.04921875
0 0.54453125 0.459375 0.03125 0.04921875
0 0.49375 0.47734375 0.03125 0.04921875
0 0.4890625 0.54921875 0.03125 0.04921875
0 0.4359375 0.56953125 0.04765625 0.05
0 0.4453125 0.490625 0.04765625 0.04921875
0 0.37890625 0.509375 0.04296875 0.0484375
0 0.37890625 0.59921875 0.04140625 0.0515625
0 0.30859375 0.53046875 0.05234375 0.06484375
0 0.30859375 0.62890625 0.05703125 0.059375
0 0.21328125 0.66953125 0.06171875 0.0703125
0 0.21953125 0.5609375 0.06953125 0.06328125
0 0.10859375 0.71328125 0.0703125 0.07734375
0 0.109375 0.59609375 0.07734375 0.08203125
0 0.03515625 0.74375 0.06953125 0.07890625
0 0.0296875 0.67109375 0.059375 0.0640625
0 0.025 0.60703125 0.05 0.0546875
0 0.5515625 0.41015625 0.03515625 0.03671875
0 0.55546875 0.37109375 0.03359375 0.0390625
0 0.5078125 0.42421875 0.03359375 0.03984375
0 0.51328125 0.3796875 0.03515625 0.0421875
0 0.46015625 0.4296875 0.0421875 0.03984375
0 0.46328125 0.3859375 0.040625 0.0453125
0 0.19765625 0.30390625 0.04921875 0.121875
0 0.40546875 0.39453125 0.04375 0.05078125
0 0.34765625 0.41328125 0.02421875 0.04921875
0 0.30078125 0.46875 0.025 0.04609375
0 0.0421875 0.3078125 0.05546875 0.13359375
0 0.21796875 0.88359375 0.065625 0.1515625
0 0.5234375 0.20078125 0.0265625 0.109375
0 0.49375 0.67734375 0.03828125 0.1
0 0.5265625 0.61875 0.0234375 0.04296875
0 0.5296875 0.67890625 0.02265625 0.04296875
0 0.5515625 0.6640625 0.01640625 0.0453125
0 0.54765625 0.609375 0.0140625 0.05234375
0 0.5640625 0.59296875 0.01484375 0.0453125
0 0.56875 0.64765625 0.01484375 0.0453125
0 0.45859375 0.03359375 0.046875 0.0671875
0 0.56015625 0.06015625 0.053125 0.11875
0 0.42890625 0.18671875 0.03125 0.1296875
0 0.37734375 0.17734375 0.028125 0.15078125
0 0.3078125 0.16953125 0.03671875 0.1578125
0 0.26484375 0.1578125 0.04375 0.1609375
0 0.21875 0.1484375 0.0453125 0.184375
0 0.17109375 0.14296875 0.04453125 0.184375
0 0.12109375 0.1359375 0.05390625 0.190625
0 0.05390625 0.11796875 0.07109375 0.21015625
0 0.42890625 0.65546875 0.04296875 0.10078125
0 0.38984375 0.76640625 0.04375 0.11328125
0 0.34609375 0.1734375 0.02890625 0.15078125
0 0.4859375 0.2 0.02421875 0.13359375
0 0.278125 0.74453125 0.05703125 0.12109375
0 0.459375 0.19296875 0.02421875 0.13359375
0 0.559375 0.20703125 0.03203125 0.10078125
0 0.33828125 0.803125 0.05546875 0.11328125