0 0.390625 0.428125 0.084375 0.06484375
0 0.57109375 0.3828125 0.040625 0.06875
0 0.6171875 0.3875 0.05078125 0.0609375
0 0.66484375 0.3859375 0.04609375 0.05859375
0 0.5765625 0.31484375 0.11640625 0.0703125
0 0.5609375 0.25 0.03828125 0.05625
0 0.31015625 0.22734375 0.0875 0.06875
0 0.390625 0.23359375 0.07421875 0.05546875
0 0.534375 0.37890625 0.0328125 0.06171875
0 0.60078125 0.2546875 0.04296875 0.04609375
0 0.64375 0.2546875 0.0421875 0.046875
0 0.65859375 0.32265625 0.04765625 0.0546875
0 0.47578125 0.43671875 0.08125 0.05546875
0 0.7421875 0.45078125 0.07265625 0.05234375
0 0.61171875 0.5515625 0.05390625 0.13359375
0 0.6953125 0.5515625 0.0671875 0.11953125
0 0.76328125 0.546875 0.06953125 0.115625
0 0.7265625 0.3875 0.0703125 0.065625
0 0.71640625 0.31953125 0.0703125 0.0609375
0 0.53828125 0.446875 0.04140625 0.06484375
0 0.6046875 0.45078125 0.08984375 0.059375
0 0.675 0.4546875 0.05078125 0.06796875
0 0.21875 0.3140625 0.0921875 0.13046875
0 0.309375 0.32734375 0.08359375 0.128125
0 0.39296875 0.33125 0.0828125 0.13359375
0 0.68828125 0.26171875 0.04453125 0.05234375
0 0.475 0.3390625 0.08125 0.11640625
0 0.5515625 0.5484375 0.0625 0.1265625
0 0.315625 0.1578125 0.08125 0.05859375
0 0.5546875 0.19296875 0.03828125 0.0484375
0 0.47109375 0.1796875 0.07109375 0.05703125
0 0.11171875 0.525 0.09375 0.1359375
0 0.20625 0.53203125 0.0953125 0.146875
0 0.29765625 0.53359375 0.0859375 0.14375
0 0.384375 0.5359375 0.08984375 0.14765625
0 0.475 0.540625 0.084375 0.13515625
0 0.11875 0.4078125 0.0921875 0.065625
0 0.21328125 0.4171875 0.09375 0.07890625
0 0.3046875 0.42578125 0.08671875 0.06015625
0 0.4671875 0.2390625 0.078125 0.06484375
0 0.92421875 0.4703125 0.02109375 0.06484375
0 0.52109375 0.18828125 0.02734375 0.05546875
0 0.90234375 0.4734375 0.01953125 0.06015625
0 0.88125 0.4703125 0.021875 0.0640625
0 0.3953125 0.175 0.0796875 0.06484375
0 0.8609375 0.47265625 0.0171875 0.0671875
0 0.81953125 0.4671875 0.021875 0.053125
0 0.79765625 0.46015625 0.0203125 0.0640625
0 0.95078125 0.5578125 0.0203125 0.0875
0 0.92890625 0.5625 0.01875 0.08515625
0 0.90703125 0.5546875 0.0234375 0.096875
0 0.88203125 0.553125 0.0203125 0.0953125
0 0.8625 0.55390625 0.01484375 0.10390625
0 0.84296875 0.54921875 0.021875 0.09609375
0 0.5953125 0.19765625 0.040625 0.06171875
0 0.634375 0.2015625 0.0390625 0.05625
0 0.8203125 0.55 0.01875 0.096875
0 0.46328125 0.1125 0.06875 0.06171875
0 0.39609375 0.10859375 0.0671875 0.05703125
0 0.8421875 0.471875 0.021875 0.0671875
0 0.52421875 0.24609375 0.03359375 0.05