0 0.528125 0.821875 0.02734375 0.096875
0 0.1578125 0.70859375 0.0296875 0.0671875
0 0.32734375 0.821875 0.03203125 0.10625
0 0.2953125 0.821875 0.02890625 0.10078125
0 0.26328125 0.825 0.03203125 0.10078125
0 0.23359375 0.825 0.0265625 0.1046875
0 0.20234375 0.8234375 0.03046875 0.1
0 0.16171875 0.83046875 0.04609375 0.09375
0 0.11796875 0.8296875 0.040625 0.09375
0 0.07734375 0.82890625 0.034375 0.09140625
0 0.03515625 0.83515625 0.04375 0.08125
0 0.6 0.7015625 0.0453125 0.07109375
0 0.54453125 0.7 0.04609375 0.07109375
0 0.49375 0.70078125 0.05078125 0.0703125
0 0.43515625 0.70078125 0.04765625 0.071875
0 0.3578125 0.8234375 0.02734375 0.10078125
0 0.38359375 0.7015625 0.04609375 0.07265625
0 0.265625 0.70546875 0.05703125 0.07421875
0 0.20625 0.70859375 0.06015625 0.078125
0 0.56171875 0.26328125 0.06171875 0.0796875
0 0.12421875 0.696875 0.034375 0.096875
0 0.08515625 0.6875 0.03984375 0.115625
0 0.0484375 0.69140625 0.0296875 0.11171875
0 0.01484375 0.68984375 0.0296875 0.1140625
0 0.653125 0.6609375 0.05234375 0.0515625
0 0.65859375 0.72265625 0.06328125 0.025
0 0.71953125 0.721875 0.04765625 0.0234375
0 0.7140625 0.66015625 0.05859375 0.0640625
0 0.7640625 0.6828125 0.034375 0.1
0 0.80859375 0.6828125 0.04453125 0.09921875
0 0.33359375 0.70390625 0.05078125 0.075
0 0.38671875 0.82890625 0.02421875 0.090625
0 0.4171875 0.81953125 0.03203125 0.1015625
0 0.45 0.81953125 0.03046875 0.103125
0 0.10546875 0.06640625 0.03671875 0.1328125
0 0.1484375 0.08203125 0.04609375 0.1
0 0.19453125 0.0828125 0.04140625 0.09765625
0 0.2359375 0.08515625 0.03828125 0.09375
0 0.27578125 0.084375 0.04140625 0.09375
0 0.3203125 0.08203125 0.0421875 0.09609375
0 0.36328125 0.08125 0.04140625 0.09609375
0 0.40703125 0.08125 0.04140625 0.0953125
0 0.45 0.08203125 0.03984375 0.0953125
0 0.4921875 0.08125 0.0421875 0.09609375
0 0.53828125 0.0796875 0.0421875 0.09609375
0 0.58203125 0.0796875 0.0421875 0.09609375
0 0.62578125 0.0796875 0.0421875 0.09609375
0 0.66875 0.0796875 0.03984375 0.09609375
0 0.9703125 0.81328125 0.03671875 0.0984375
0 0.9296875 0.8109375 0.03671875 0.0984375
0 0.8890625 0.8140625 0.03984375 0.1
0 0.853125 0.83515625 0.0234375 0.06328125
0 0.82734375 0.83671875 0.0234375 0.0625
0 0.78671875 0.81015625 0.03671875 0.1078125
0 0.746875 0.81015625 0.03359375 0.10546875
0 0.70859375 0.8125 0.03046875 0.109375
0 0.67890625 0.80390625 0.02421875 0.1
0 0.65078125 0.8171875 0.02578125 0.10078125
0 0.62109375 0.81875 0.02734375 0.10078125
0 0.58984375 0.82265625 0.02578125 0.0875
0 0.56015625 0.8234375 0.03046875 0.0875
0 0.71328125 0.08046875 0.03984375 0.0953125
0 0.48125 0.8171875 0.03125 0.103125
0 0.9046875 0.68203125 0.04609375 0.1
0 0.0671875 0.06640625 0.03671875 0.1328125
0 0.95234375 0.68515625 0.04140625 0.090625
0 0.96953125 0.546875 0.04765625 0.1015625
0 0.06953125 0.45703125 0.04453125 0.021875
0 0.02421875 0.4578125 0.03671875 0.025
0 0.93671875 0.2171875 0.02265625 0.065625
0 0.91015625 0.221875 0.028125 0.05859375
0 0.871875 0.2421875 0.04140625 0.11015625
0 0.828125 0.24296875 0.0390625 0.1078125
0 0.790625 0.25703125 0.03046875 0.08359375
0 0.728125 0.25703125 0.04609375 0.090625
0 0.68359375 0.2609375 0.03984375 0.0796875
0 0.75625 0.078125 0.0390625 0.0953125
0 0.79921875 0.078125 0.040625 0.09609375
0 0.83828125 0.06328125 0.03203125 0.1265625
0 0.875 0.06328125 0.03203125 0.1265625
0 0.13203125 0.4546875 0.0296875 0.021875
0 0.91015625 0.06328125 0.03203125 0.1265625
0 0.98359375 0.06328125 0.03203125 0.1265625
0 0.94609375 0.275 0.06796875 0.04375
0 0.95 0.32890625 0.0828125 0.0546875
0 0.9625 0.4328125 0.075 0.059375
0 0.01328125 0.26796875 0.0265625 0.0765625
0 0.0578125 0.26640625 0.04921875 0.0828125
0 0.11328125 0.2921875 0.04375 0.02734375
0 0.165625 0.26875 0.05703125 0.075
0 0.2296875 0.26875 0.06015625 0.07734375
0 0.29609375 0.2671875 0.06484375 0.078125
0 0.36015625 0.26640625 0.05703125 0.0796875
0 0.42890625 0.26640625 0.05859375 0.0828125
0 0.49453125 0.26640625 0.06171875 0.0828125
0 0.946875 0.06328125 0.03203125 0.1265625
0 0.17890625 0.43125 0.05546875 0.0765625
0 0.23828125 0.43203125 0.05390625 0.07421875
0 0.2984375 0.43125 0.06171875 0.075
0 0.92265625 0.5453125 0.04140625 0.0984375
0 0.88046875 0.54765625 0.0375 0.103125
0 0.8296875 0.54921875 0.04453125 0.103125
0 0.78125 0.5484375 0.04609375 0.1
0 0.7375 0.553125 0.03671875 0.0921875
0 0.6625 0.58515625 0.06328125 0.0296875
0 0.60234375 0.55703125 0.0375 0.0921875
0 0.55859375 0.5578125 0.04375 0.090625
0 0.50390625 0.5671875 0.05703125 0.07421875
0 0.44375 0.56875 0.0578125 0.075
0 0.3828125 0.56953125 0.05703125 0.075
0 0.321875 0.56953125 0.05859375 0.075
0 0.26015625 0.571875 0.05703125 0.07421875
0 0.196875 0.5734375 0.0640625 0.07734375
0 0.0859375 0.56875 0.04140625 0.0875
0 0.04140625 0.5671875 0.04140625 0.0875
0 0.88671875 0.4390625 0.05546875 0.03984375
0 0.8375 0.40546875 0.0296875 0.10625
0 0.796875 0.40625 0.03828125 0.10546875
0 0.76015625 0.40390625 0.03125 0.1171875
0 0.721875 0.4046875 0.034375 0.1140625
0 0.68515625 0.40390625 0.03125 0.1140625
0 0.64921875 0.40546875 0.03515625 0.1140625
0 0.6140625 0.40234375 0.02578125 0.121875
0 0.578125 0.4265625 0.03984375 0.075
0 0.53828125 0.4265625 0.03359375 0.07578125
0 0.4890625 0.4265625 0.06015625 0.0765625
0 0.4265625 0.428125 0.0578125 0.07578125
0 0.36328125 0.4296875 0.0609375 0.071875
0 0.98828125 0.68515625 0.0234375 0.0890625
0 0.0296875 0.065625 0.0359375 0.13125
0 0.6296875 0.2609375 0.0609375 0.08125