0 0.684375 0.4125 0.028125 0.04765625
0 0.6546875 0.41796875 0.03359375 0.05625
0 0.615625 0.42109375 0.040625 0.04765625
0 0.4203125 0.446875 0.0609375 0.04375
0 0.52734375 0.4359375 0.0421875 0.0515625
0 0.48046875 0.44140625 0.0484375 0.05390625
0 0.7140625 0.4109375 0.025 0.05
0 0.57421875 0.43046875 0.0390625 0.059375
0 0.7421875 0.403125 0.02890625 0.0421875
0 0.390625 0.52421875 0.05 0.04375
0 0.71875 0.4546875 0.01875 0.03515625
0 0.69296875 0.45859375 0.02890625 0.0359375
0 0.66015625 0.46484375 0.0296875 0.03125
0 0.63046875 0.46953125 0.03203125 0.040625
0 0.58984375 0.48125 0.03203125 0.03359375
0 0.55078125 0.484375 0.04453125 0.04296875
0 0.50234375 0.49765625 0.03515625 0.05
0 0.45625 0.50625 0.0546875 0.05546875
0 0.3515625 0.4625 0.06640625 0.05703125
0 0.3375 0.53203125 0.0546875 0.0609375
0 0.7484375 0.44375 0.03203125 0.0375
0 0.26796875 0.46875 0.09140625 0.05390625
0 0.6171875 0.33515625 0.0203125 0.07109375
0 0.06953125 0.4921875 0.10234375 0.0671875
0 0.26953125 0.084375 0.08203125 0.159375
0 0.19375 0.078125 0.0578125 0.13671875
0 0.11796875 0.071875 0.08515625 0.13671875
0 0.53125 0.26171875 0.02734375 0.08203125
0 0.55546875 0.2578125 0.02265625 0.07734375
0 0.5796875 0.2625 0.01875 0.07109375
0 0.59921875 0.2640625 0.01171875 0.06328125
0 0.5046875 0.34296875 0.03125 0.07421875
0 0.5359375 0.34140625 0.0234375 0.07890625
0 0.17421875 0.4828125 0.084375 0.0671875
0 0.5578125 0.33984375 0.01875 0.07421875
0 0.59609375 0.3375 0.01875 0.075
0 0.26015625 0.546875 0.07578125 0.040625
0 0.63671875 0.3359375 0.0171875 0.06796875
0 0.67109375 0.3390625 0.00859375 0.065625
0 0.68125 0.33671875 0.01328125 0.0640625
0 0.70078125 0.3375 0.01484375 0.059375
0 0.72109375 0.33671875 0.0140625 0.05546875
0 0.71796875 0.2734375 0.0125 0.0625
0 0.69453125 0.27109375 0.02578125 0.065625
0 0.5765625 0.33984375 0.01953125 0.07421875
0 0.1765625 0.56171875 0.08671875 0.071875
0 0.6796875 0.55625 0.025 0.0421875
0 0.084375 0.6890625 0.1203125 0.04140625
0 0.35703125 0.8203125 0.15390625 0.046875
0 0.35546875 0.884375 0.11171875 0.04375
0 0.49609375 0.70078125 0.109375 0.04765625
0 0.50859375 0.75625 0.0921875 0.046875
0 0.49765625 0.8078125 0.10546875 0.04375
0 0.51015625 0.853125 0.0765625 0.0296875
0 0.61015625 0.70859375 0.06796875 0.04765625
0 0.6 0.7546875 0.08046875 0.03515625
0 0.6 0.7984375 0.071875 0.04140625
0 0.684375 0.66171875 0.07421875 0.0390625
0 0.6859375 0.703125 0.0703125 0.03828125
0 0.6859375 0.74609375 0.071875 0.0359375
0 0.76015625 0.59140625 0.0578125 0.0390625
0 0.75625 0.63203125 0.06484375 0.034375
0 0.7546875 0.66796875 0.06484375 0.03515625
0 0.75546875 0.70546875 0.0546875 0.03125
0 0.81171875 0.6015625 0.04296875 0.040625
0 0.81328125 0.63671875 0.040625 0.0265625
0 0.8109375 0.66953125 0.04140625 0.03046875
0 0.80546875 0.30546875 0.06015625 0.07265625
0 0.80234375 0.428125 0.0578125 0.08203125
0 0.34296875 0.7578125 0.16171875 0.04765625
0 0.059375 0.775 0.08984375 0.0625
0 0.16171875 0.740625 0.07109375 0.0375
0 0.24921875 0.71484375 0.07421875 0.02578125
0 0.1890625 0.66328125 0.0765625 0.0734375
0 0.2734375 0.63984375 0.08671875 0.03828125
0 0.35390625 0.61640625 0.0546875 0.0640625
0 0.4125 0.59765625 0.06328125 0.0390625
0 0.4734375 0.58125 0.03359375 0.05078125
0 0.51484375 0.56796875 0.04765625 0.03828125
0 0.56484375 0.55703125 0.0375 0.04453125
0 0.61171875 0.54609375 0.05 0.03046875
0 0.33828125 0.0984375 0.05234375 0.1359375
0 0.7296875 0.5078125 0.025 0.040625
0 0.06484375 0.57890625 0.10546875 0.05703125
0 0.753125 0.5 0.02265625 0.040625
0 0.7828125 0.52421875 0.01640625 0.02734375
0 0.76484375 0.534375 0.015625 0.0234375
0 0.740625 0.54296875 0.028125 0.02578125
0 0.709375 0.55234375 0.025 0.028125
0 0.575 0.5984375 0.03125 0.03515625
0 0.53671875 0.61171875 0.0390625 0.03671875
0 0.48984375 0.628125 0.0515625 0.03984375
0 0.4359375 0.64375 0.0453125 0.03984375
0 0.38515625 0.6625 0.04921875 0.021875
0 0.3234375 0.684375 0.06953125 0.046875
0 0.77578125 0.48828125 0.01796875 0.03515625
0 0.41875 0.11171875 0.0671875 0.15859375
0 0.65625 0.3375 0.0203125 0.06953125
0 0.06484375 0.325 0.06875 0.1609375
0 0.3046875 0.3296875 0.021875 0.12734375
0 0.33828125 0.33671875 0.03203125 0.11171875
0 0.37265625 0.33671875 0.0328125 0.11015625
0 0.40703125 0.33359375 0.02734375 0.10703125
0 0.43671875 0.3359375 0.02109375 0.09921875
0 0.50390625 0.259375 0.0296875 0.08671875
0 0.26328125 0.32734375 0.0453125 0.13515625
0 0.2125 0.33203125 0.0375 0.1375
0 0.171875 0.328125 0.03828125 0.1421875
0 0.12265625 0.3328125 0.0484375 0.1484375
0 0.25390625 0.2109375 0.02265625 0.028125
0 0.209375 0.2015625 0.05625 0.0328125
0 0.159375 0.2359375 0.04296875 0.03515625
0 0.15546875 0.1953125 0.04609375 0.03203125
0 0.2390625 0.24296875 0.03984375 0.03046875
0 0.31171875 0.2484375 0.0484375 0.02578125
0 0.484375 0.115625 0.059375 0.1484375
0 0.35859375 0.25703125 0.03671875 0.0390625
0 0.39453125 0.25703125 0.0390625 0.03671875
0 0.3953125 0.2171875 0.03203125 0.03671875
0 0.35625 0.215625 0.03984375 0.034375
0 0.20078125 0.23984375 0.034375 0.02734375
0 0.30859375 0.2109375 0.05 0.0390625
0 0.88671875 0.196875 0.0484375 0.1015625
0 0.80234375 0.18203125 0.05859375 0.11953125
0 0.6359375 0.140625 0.06171875 0.14609375
0 0.55625 0.1265625 0.06484375 0.15859375