0 0.334375 0.47734375 0.040625 0.0703125
0 0.98828125 0.3421875 0.0234375 0.0546875
0 0.96328125 0.3421875 0.01640625 0.05625
0 0.94765625 0.34296875 0.01484375 0.0578125
0 0.928125 0.34375 0.02265625 0.05703125
0 0.7390625 0.3515625 0.06953125 0.13203125
0 0.58515625 0.34375 0.03515625 0.08125
0 0.8796875 0.3390625 0.02734375 0.06875
0 0.84921875 0.3390625 0.02578125 0.07578125
0 0.81953125 0.3390625 0.02890625 0.07421875
0 0.78984375 0.340625 0.02578125 0.078125
0 0.68671875 0.34140625 0.03203125 0.0765625
0 0.653125 0.3421875 0.03515625 0.0796875
0 0.61875 0.34296875 0.028125 0.0796875
0 0.9046875 0.340625 0.02421875 0.06328125
0 0.3765625 0.4734375 0.04296875 0.06875
0 0.9390625 0.15234375 0.0171875 0.078125
0 0.45546875 0.46484375 0.0390625 0.071875
0 0.55234375 0.34453125 0.02421875 0.0796875
0 0.73203125 0.103125 0.025 0.015625
0 0.7671875 0.14453125 0.02578125 0.0671875
0 0.79140625 0.13828125 0.02421875 0.08125
0 0.815625 0.1390625 0.02265625 0.08203125
0 0.83671875 0.1390625 0.02109375 0.0828125
0 0.85859375 0.14140625 0.0203125 0.08125
0 0.8796875 0.146875 0.01953125 0.07890625
0 0.89921875 0.14765625 0.02109375 0.078125
0 0.91875 0.15 0.0203125 0.078125
0 0.95703125 0.1484375 0.01953125 0.0859375
0 0.99140625 0.15234375 0.0171875 0.0828125
0 0.97578125 0.15078125 0.01640625 0.08125
0 0.71640625 0.14375 0.028125 0.06640625
0 0.4890625 0.46171875 0.028125 0.0734375
0 0.415625 0.471875 0.034375 0.0703125
0 0.52109375 0.346875 0.0328125 0.0828125
0 0.45078125 0.3484375 0.0453125 0.084375
0 0.96484375 0.2578125 0.02265625 0.053125
0 0.31875 0.23984375 0.04765625 0.0796875
0 0.221875 0.23515625 0.046875 0.0765625
0 0.33046875 0.34375 0.06015625 0.04375
0 0.26875 0.49453125 0.07734375 0.059375
0 0.24296875 0.4421875 0.07109375 0.0296875
0 0.23671875 0.4078125 0.0796875 0.0265625
0 0.240625 0.3734375 0.078125 0.02578125
0 0.2328125 0.328125 0.0796875 0.025
0 0.240625 0.30234375 0.071875 0.01875
0 0.1484375 0.459375 0.07734375 0.0609375
0 0.06875 0.4625 0.07734375 0.06484375
0 0.140625 0.359375 0.07578125 0.06015625
0 0.0625 0.35859375 0.08046875 0.05859375
0 0.13515625 0.21796875 0.078125 0.1078125
0 0.04453125 0.228125 0.07734375 0.11015625
0 0.3671875 0.240625 0.03984375 0.07890625
0 0.4890625 0.34765625 0.03125 0.0828125
0 0.41171875 0.240625 0.04140625 0.0796875
0 0.40703125 0.35 0.0390625 0.0859375
0 0.93828125 0.26015625 0.01953125 0.05859375
0 0.9109375 0.25625 0.01796875 0.065625
0 0.88515625 0.25390625 0.028125 0.0703125
0 0.85390625 0.2515625 0.03203125 0.0703125
0 0.8234375 0.24921875 0.0265625 0.0703125
0 0.78984375 0.25 0.028125 0.07265625
0 0.7578125 0.2453125 0.0328125 0.071875
0 0.72421875 0.24375 0.02890625 0.075
0 0.68515625 0.24375 0.0390625 0.0765625
0 0.64765625 0.240625 0.03046875 0.084375
0 0.61796875 0.23984375 0.02265625 0.0828125
0 0.5859375 0.240625 0.03046875 0.0796875
0 0.55546875 0.240625 0.0265625 0.0796875
0 0.52578125 0.24140625 0.03046875 0.08125
0 0.49453125 0.240625 0.0265625 0.0765625
0 0.45625 0.24140625 0.040625 0.07734375
0 0.7421875 0.1453125 0.0234375 0.0625
0 0.8359375 0.7890625 0.0234375 0.06875
0 0.65546875 0.13515625 0.03359375 0.071875
0 0.709375 0.7203125 0.02421875 0.053125
0 0.67890625 0.7203125 0.03359375 0.0578125
0 0.6484375 0.7296875 0.02734375 0.06015625
0 0.61171875 0.73671875 0.0390625 0.0609375
0 0.54765625 0.7484375 0.04296875 0.06328125
0 0.509375 0.75546875 0.0265625 0.06484375
0 0.475 0.76484375 0.03984375 0.06953125
0 0.434375 0.77265625 0.03984375 0.0671875
0 0.396875 0.78984375 0.03359375 0.05
0 0.3578125 0.7953125 0.04375 0.05625
0 0.3140625 0.8015625 0.040625 0.065625
0 0.265625 0.809375 0.04765625 0.07109375
0 0.99375 0.58828125 0.0125 0.0609375
0 0.975 0.5921875 0.02421875 0.059375
0 0.95078125 0.5953125 0.02265625 0.0578125
0 0.92734375 0.59921875 0.02578125 0.05625
0 0.90234375 0.6046875 0.025 0.0578125
0 0.8734375 0.6078125 0.02734375 0.0546875
0 0.8203125 0.61796875 0.03046875 0.0546875
0 0.78984375 0.6171875 0.02890625 0.059375
0 0.7609375 0.62578125 0.0296875 0.0671875
0 0.73203125 0.6328125 0.028125 0.059375
0 0.7015625 0.634375 0.03046875 0.0609375
0 0.66953125 0.6421875 0.03359375 0.059375
0 0.6375 0.64609375 0.03046875 0.0625
0 0.60546875 0.6515625 0.03125 0.06484375
0 0.575 0.65625 0.03125 0.06796875
0 0.53828125 0.6609375 0.0390625 0.065625
0 0.50234375 0.6671875 0.03515625 0.065625
0 0.73359375 0.7140625 0.025 0.0484375
0 0.75859375 0.71484375 0.021875 0.0390625
0 0.78125 0.70390625 0.0203125 0.05625
0 0.80390625 0.70078125 0.0234375 0.053125
0 0.3734375 0.3515625 0.02578125 0.08046875
0 0.934375 0.77109375 0.02421875 0.05
0 0.959375 0.765625 0.0234375 0.046875
0 0.98359375 0.7609375 0.02265625 0.0484375
0 0.9109375 0.7671875 0.0203125 0.065625
0 0.89375 0.771875 0.01796875 0.06953125
0 0.87578125 0.7765625 0.01875 0.06875
0 0.8578125 0.7828125 0.0171875 0.07265625
0 0.55 0.4578125 0.03125 0.0765625
0 0.81328125 0.79375 0.021875 0.06875
0 0.790625 0.796875 0.0203125 0.07890625
0 0.76875 0.809375 0.0234375 0.06796875
0 0.74296875 0.8125 0.02734375 0.075
0 0.71484375 0.8109375 0.028125 0.08515625
0 0.465625 0.67421875 0.04140625 0.06875
0 0.6875 0.8234375 0.02421875 0.075
0 0.6328125 0.83125 0.03203125 0.090625
0 0.5734375 0.84765625 0.034375 0.0875
0 0.540625 0.85546875 0.02890625 0.09375
0 0.51015625 0.87734375 0.03359375 0.065625
0 0.47421875 0.8859375 0.0359375 0.06796875
0 0.43828125 0.9 0.0390625 0.06484375
0 0.39765625 0.909375 0.0375 0.0671875
0 0.3578125 0.9125 0.0375 0.08125
0 0.3171875 0.9296875 0.04140625 0.06796875
0 0.27421875 0.9390625 0.04375 0.0796875
0 0.90859375 0.68046875 0.02734375 0.0546875
0 0.87890625 0.6828125 0.028125 0.0546875
0 0.8515625 0.690625 0.02890625 0.05
0 0.82578125 0.6953125 0.0234375 0.0515625
0 0.6625 0.82578125 0.02578125 0.090625
0 0.425 0.67890625 0.03984375 0.06875
0 0.38515625 0.69140625 0.03984375 0.0609375
0 0.34375 0.6984375 0.0453125 0.0609375
0 0.1203125 0.56953125 0.06640625 0.02421875
0 0.19921875 0.65703125 0.03671875 0.0328125
0 0.13828125 0.625 0.06484375 0.0609375
0 0.98671875 0.4328125 0.02578125 0.05546875
0 0.96328125 0.43359375 0.02109375 0.05703125
0 0.940625 0.43515625 0.025 0.05625
0 0.91640625 0.4359375 0.02265625 0.05625
0 0.89140625 0.4375 0.02421875 0.05859375
0 0.86328125 0.4390625 0.028125 0.059375
0 0.83515625 0.440625 0.028125 0.059375
0 0.8046875 0.440625 0.03125 0.05859375
0 0.7734375 0.44609375 0.02890625 0.0546875
0 0.740625 0.44921875 0.0296875 0.0578125
0 0.70703125 0.45 0.03203125 0.06328125
0 0.02578125 0.81484375 0.0515625 0.0796875
0 0.671875 0.45 0.03515625 0.07109375
0 0.59140625 0.45234375 0.04296875 0.07265625
0 0.11171875 0.03984375 0.09921875 0.075
0 0.27421875 0.0890625 0.0375 0.1015625
0 0.309375 0.09140625 0.03359375 0.103125
0 0.34296875 0.09375 0.03359375 0.1015625
0 0.37734375 0.09609375 0.03125 0.1
0 0.41171875 0.1 0.03125 0.1
0 0.43984375 0.103125 0.02734375 0.096875
0 0.46953125 0.10546875 0.03203125 0.096875
0 0.50625 0.11015625 0.03046875 0.0921875
0 0.5359375 0.1140625 0.028125 0.090625
0 0.56484375 0.115625 0.028125 0.08984375
0 0.5921875 0.1203125 0.02734375 0.09140625
0 0.621875 0.12890625 0.03046875 0.0765625
0 0.63515625 0.45234375 0.0390625 0.0734375
0 0.6890625 0.13828125 0.02890625 0.07109375
0 0.09375 0.80859375 0.08046875 0.09375
0 0.19296875 0.82890625 0.07890625 0.0234375
0 0.2984375 0.70625 0.040625 0.06171875
0 0.25625 0.71015625 0.04375 0.0703125
0 0.96484375 0.51171875 0.02265625 0.053125
0 0.9875 0.5078125 0.025 0.053125
0 0.92578125 0.5125 0.0140625 0.0609375
0 0.9078125 0.5140625 0.01484375 0.06015625
0 0.88984375 0.5203125 0.01875 0.05078125
0 0.86953125 0.5203125 0.02265625 0.05625
0 0.84296875 0.5234375 0.025 0.0609375
0 0.81171875 0.525 0.034375 0.0609375
0 0.7796875 0.52734375 0.0265625 0.0609375
0 0.7515625 0.5328125 0.02890625 0.0640625
0 0.7171875 0.5359375 0.0359375 0.0640625
0 0.6796875 0.53828125 0.03203125 0.065625
0 0.17734375 0.771875 0.08359375 0.0890625
0 0.64765625 0.54296875 0.03359375 0.0671875
0 0.578125 0.5546875 0.0375 0.065625
0 0.5421875 0.55859375 0.03671875 0.0625
0 0.5078125 0.55859375 0.03359375 0.06875
0 0.4703125 0.5625 0.03671875 0.0734375
0 0.4296875 0.57109375 0.03984375 0.0609375
0 0.38515625 0.57734375 0.04296875 0.0703125
0 0.3390625 0.578125 0.04140625 0.07265625
0 0.29609375 0.58359375 0.04609375 0.08515625
0 0.246875 0.5890625 0.046875 0.0734375
0 0.19921875 0.98046875 0.065625 0.0375
0 0.184375 0.94765625 0.059375 0.02421875
0 0.13203125 0.9875 0.06171875 0.025
0 0.11796875 0.95859375 0.06484375 0.0296875
0 0.03828125 0.95703125 0.0765625 0.0828125
0 0.61484375 0.5515625 0.0328125 0.059375
0 0.51875 0.459375 0.03125 0.071875