0 0.1953125 0.11171875 0.03125 0.09140625
0 0.56015625 0.246875 0.03359375 0.0734375
0 0.6 0.2578125 0.021875 0.0625
0 0.62890625 0.25546875 0.0234375 0.04609375
0 0.6640625 0.24921875 0.04375 0.05859375
0 0.69765625 0.25390625 0.02890625 0.07109375
0 0.72890625 0.25703125 0.034375 0.0640625
0 0.015625 0.85078125 0.01328125 0.06640625
0 0.03203125 0.85859375 0.0203125 0.0515625
0 0.05625 0.859375 0.02734375 0.0515625
0 0.15 0.8578125 0.0484375 0.0625
0 0.20234375 0.8609375 0.05078125 0.0671875
0 0.253125 0.86015625 0.05 0.0640625
0 0.30546875 0.75390625 0.0453125 0.0828125
0 0.51875 0.24765625 0.04765625 0.071875
0 0.35 0.75390625 0.0421875 0.08125
0 0.44140625 0.7546875 0.0515625 0.08203125
0 0.4890625 0.7546875 0.0421875 0.08515625
0 0.528125 0.7421875 0.03515625 0.08671875
0 0.57578125 0.771875 0.04609375 0.06640625
0 0.646875 0.759375 0.02890625 0.0921875
0 0.68515625 0.75390625 0.034375 0.09375
0 0.0140625 0.33828125 0.02734375 0.06484375
0 0.0578125 0.340625 0.05234375 0.06015625
0 0.109375 0.33984375 0.0453125 0.06015625
0 0.159375 0.3359375 0.0546875 0.06953125
0 0.21328125 0.34375 0.0421875 0.059375
0 0.259375 0.34375 0.05 0.0609375
0 0.37109375 0.3640625 0.04921875 0.06953125
0 0.39453125 0.75390625 0.040625 0.08359375
0 0.46484375 0.246875 0.04765625 0.071875
0 0.4109375 0.24375 0.046875 0.071875
0 0.3609375 0.24375 0.04765625 0.071875
0 0.30859375 0.85546875 0.03125 0.08359375
0 0.35546875 0.85546875 0.065625 0.08359375
0 0.43203125 0.85625 0.0765625 0.07890625
0 0.49921875 0.8625 0.0609375 0.06953125
0 0.56484375 0.86015625 0.065625 0.0703125
0 0.63203125 0.859375 0.05859375 0.071875
0 0.01796875 0.11015625 0.0359375 0.0734375
0 0.06015625 0.11171875 0.03828125 0.07734375
0 0.09453125 0.115625 0.03125 0.0703125
0 0.13046875 0.1140625 0.03125 0.07109375
0 0.16171875 0.1109375 0.03046875 0.078125
0 0.23125 0.1125 0.04140625 0.090625
0 0.27109375 0.1125 0.0375 0.09453125
0 0.31328125 0.12421875 0.034375 0.1046875
0 0.34921875 0.1296875 0.03828125 0.0953125
0 0.396875 0.128125 0.0453125 0.09765625
0 0.43828125 0.1328125 0.03671875 0.0890625
0 0.47890625 0.128125 0.03828125 0.11640625
0 0.52109375 0.13125 0.04375 0.10078125
0 0.559375 0.12734375 0.0359375 0.096875
0 0.60390625 0.134375 0.05234375 0.0875
0 0.653125 0.14140625 0.04375 0.0828125
0 0.7 0.153125 0.04921875 0.059375
0 0.040625 0.24453125 0.05390625 0.053125
0 0.09609375 0.24453125 0.05390625 0.053125
0 0.15234375 0.24375 0.05390625 0.053125
0 0.2046875 0.2453125 0.0546875 0.05390625
0 0.25859375 0.2515625 0.05390625 0.053125
0 0.31171875 0.2453125 0.05078125 0.07265625
0 0.4203125 0.36484375 0.046875 0.06953125
0 0.46953125 0.365625 0.0546875 0.071875
0 0.09765625 0.840625 0.04375 0.0921875
0 0.5703125 0.36640625 0.04453125 0.07109375
0 0.26484375 0.5234375 0.04453125 0.04765625
0 0.21953125 0.52265625 0.0421875 0.04375
0 0.17578125 0.51953125 0.0421875 0.046875
0 0.13125 0.51875 0.0484375 0.04453125
0 0.08828125 0.52109375 0.03515625 0.0390625
0 0.05390625 0.521875 0.03515625 0.03984375
0 0.01875 0.6265625 0.0375 0.053125
0 0.01640625 0.5203125 0.03203125 0.04296875
0 0.23828125 0.44609375 0.04453125 0.04296875
0 0.1921875 0.44921875 0.0453125 0.03828125
0 0.15078125 0.43046875 0.03984375 0.0296875
0 0.10234375 0.43671875 0.04375 0.0625
0 0.0546875 0.43671875 0.05546875 0.06328125
0 0.0125 0.43671875 0.025 0.0609375
0 0.27578125 0.446875 0.025 0.05625
0 0.66875 0.634375 0.028125 0.07109375
0 0.06015625 0.625 0.04140625 0.05625
0 0.165625 0.61953125 0.0453125 0.06328125
0 0.82265625 0.453125 0.16640625 0.10625
0 0.8109375 0.56015625 0.18359375 0.109375
0 0.79765625 0.6734375 0.18515625 0.10703125
0 0.796875 0.78046875 0.18671875 0.11171875
0 0.265625 0.734375 0.03046875 0.07109375
0 0.23125 0.73125 0.034375 0.0609375
0 0.10859375 0.621875 0.05546875 0.05859375
0 0.1984375 0.7234375 0.03125 0.0859375
0 0.13828125 0.71953125 0.03046875 0.090625
0 0.10703125 0.725 0.0328125 0.078125
0 0.5234375 0.371875 0.04921875 0.05859375
0 0.03203125 0.72890625 0.03203125 0.06953125
0 0.2703125 0.62578125 0.021875 0.05390625
0 0.22734375 0.6125 0.0671875 0.08515625
0 0.16875 0.721875 0.025 0.08671875
0 0.6375 0.63203125 0.03125 0.0828125
0 0.06875 0.725 0.03203125 0.0703125
0 0.56640625 0.6296875 0.0375 0.0796875
0 0.45859375 0.459375 0.04765625 0.075
0 0.41015625 0.45859375 0.04921875 0.07890625
0 0.35859375 0.4578125 0.05 0.07421875
0 0.3109375 0.459375 0.04609375 0.075
0 0.721875 0.36796875 0.0515625 0.06640625
0 0.67109375 0.3640625 0.04765625 0.07421875
0 0.62109375 0.3640625 0.05234375 0.07421875
0 0.55546875 0.465625 0.04296875 0.07890625
0 0.603125 0.46484375 0.04765625 0.075
0 0.653125 0.46171875 0.053125 0.0703125
0 0.7046875 0.4625 0.04921875 0.0734375
0 0.5078125 0.46875 0.04609375 0.059375
0 0.3015625 0.53828125 0.0234375 0.028125
0 0.3765625 0.54296875 0.02265625 0.028125
0 0.4 0.5421875 0.02578125 0.028125
0 0.42421875 0.54375 0.0234375 0.03125
0 0.45078125 0.54140625 0.0234375 0.03515625
0 0.36328125 0.6578125 0.04609375 0.0375
0 0.39609375 0.65078125 0.0203125 0.0515625
0 0.4203125 0.65390625 0.02890625 0.0578125
0 0.4546875 0.64140625 0.03984375 0.08125
0 0.49375 0.640625 0.0328125 0.0890625
0 0.52578125 0.6421875 0.034375 0.08515625
0 0.32734375 0.5375 0.02734375 0.0296875
0 0.603125 0.63046875 0.034375 0.078125