0 0.51484375 0.26796875 0.0390625 0.08828125
0 0.58984375 0.26796875 0.0421875 0.09296875
0 0.63046875 0.2671875 0.03828125 0.09140625
0 0.66484375 0.26796875 0.03359375 0.08359375
0 0.74140625 0.2625 0.0375 0.09921875
0 0.7796875 0.265625 0.0375 0.0921875
0 0.48359375 0.4703125 0.0390625 0.08359375
0 0.52109375 0.4703125 0.0328125 0.084375
0 0.62265625 0.578125 0.028125 0.08515625
0 0.5578125 0.471875 0.034375 0.08359375
0 0.59140625 0.471875 0.034375 0.0828125
0 0.73515625 0.46328125 0.0421875 0.09375
0 0.775 0.46484375 0.0375 0.0921875
0 0.81328125 0.46796875 0.03984375 0.09609375
0 0.84921875 0.46796875 0.03125 0.09296875
0 0.89375 0.45703125 0.0359375 0.05625
0 0.47890625 0.26875 0.03359375 0.08984375
0 0.44140625 0.26953125 0.0359375 0.08515625
0 0.3671875 0.27109375 0.040625 0.08125
0 0.93046875 0.4546875 0.03671875 0.0640625
0 0.0828125 0.4671875 0.03203125 0.0734375
0 0.11640625 0.46875 0.03203125 0.078125
0 0.14921875 0.46796875 0.03046875 0.08125
0 0.18203125 0.46953125 0.03203125 0.08125
0 0.21640625 0.4703125 0.0328125 0.0796875
0 0.25078125 0.471875 0.03046875 0.0765625
0 0.28359375 0.475 0.0359375 0.08203125
0 0.40390625 0.26796875 0.03515625 0.08515625
0 0.37734375 0.4734375 0.0328125 0.07734375
0 0.4484375 0.47265625 0.034375 0.08125
0 0.584375 0.57421875 0.03984375 0.078125
0 0.1484375 0.2828125 0.03203125 0.0640625
0 0.18046875 0.28046875 0.03359375 0.06796875
0 0.21328125 0.28515625 0.0328125 0.06328125
0 0.24453125 0.284375 0.02890625 0.06484375
0 0.278125 0.28125 0.03515625 0.08203125
0 0.4125 0.4734375 0.034375 0.078125
0 0.97109375 0.4515625 0.04140625 0.0640625
0 0.97109375 0.3625 0.03515625 0.08671875
0 0.95 0.50703125 0.078125 0.040625
0 0.3671875 0.171875 0.03828125 0.09296875
0 0.23359375 0.1859375 0.0296875 0.0765625
0 0.20234375 0.184375 0.03359375 0.07421875
0 0.17109375 0.19140625 0.02890625 0.06015625
0 0.1390625 0.19375 0.034375 0.06328125
0 0.08828125 0.2 0.03984375 0.05546875
0 0.053125 0.19921875 0.03125 0.05390625
0 0.40234375 0.171875 0.0328125 0.09375
0 0.0234375 0.19921875 0.02734375 0.05703125
0 0.08828125 0.284375 0.03515625 0.06171875
0 0.05703125 0.28515625 0.02578125 0.06484375
0 0.028125 0.28671875 0.028125 0.0640625
0 0.2078125 0.36953125 0.03125 0.084375
0 0.175 0.37109375 0.034375 0.0921875
0 0.140625 0.37109375 0.03203125 0.09453125
0 0.1078125 0.36796875 0.034375 0.0890625
0 0.11953125 0.28359375 0.02734375 0.0625
0 0.8859375 0.5140625 0.02734375 0.0484375
0 0.4375 0.16953125 0.0375 0.096875
0 0.5109375 0.16875 0.03671875 0.09375
0 0.05078125 0.46875 0.0296875 0.07578125
0 0.81796875 0.26484375 0.0390625 0.09375
0 0.859375 0.26171875 0.04375 0.0953125
0 0.89765625 0.2609375 0.0328125 0.09765625
0 0.9390625 0.26328125 0.04765625 0.1
0 0.98125 0.26328125 0.03671875 0.1015625
0 0.98046875 0.153125 0.03828125 0.10390625
0 0.4734375 0.16875 0.034375 0.09375
0 0.94140625 0.15546875 0.0359375 0.10390625
0 0.86015625 0.15703125 0.03671875 0.103125
0 0.81953125 0.15390625 0.04375 0.10234375
0 0.78203125 0.15625 0.03203125 0.09921875
0 0.74921875 0.15546875 0.034375 0.09921875
0 0.63515625 0.16328125 0.0375 0.10390625
0 0.5921875 0.16640625 0.04375 0.1015625
0 0.54921875 0.16953125 0.0421875 0.0953125
0 0.90078125 0.15546875 0.0453125 0.10625
0 0.059375 0.565625 0.03125 0.0734375
0 0.04609375 0.36796875 0.02578125 0.08046875
0 0.1234375 0.565625 0.0375 0.078125
0 0.37734375 0.66484375 0.0296875 0.08671875
0 0.29140625 0.65703125 0.0375 0.07890625
0 0.253125 0.65703125 0.0375 0.07734375
0 0.21875 0.6515625 0.03125 0.08671875
0 0.18828125 0.64921875 0.03046875 0.08125
0 0.15625 0.6484375 0.03203125 0.0796875
0 0.12421875 0.64765625 0.0296875 0.0765625
0 0.09453125 0.6359375 0.02734375 0.0625
0 0.0609375 0.63984375 0.03125 0.05390625
0 0.4171875 0.6625 0.04375 0.08359375
0 0.1390625 0.734375 0.03515625 0.071875
0 0.19609375 0.73984375 0.0296875 0.0703125
0 0.228125 0.740625 0.03359375 0.06875
0 0.2578125 0.7390625 0.02890625 0.065625
0 0.29375 0.74453125 0.034375 0.0703125
0 0.3859375 0.74609375 0.046875 0.0765625
0 0.9296875 0.3625 0.0484375 0.08828125
0 0.08984375 0.56640625 0.02890625 0.075
0 0.84765625 0.36640625 0.034375 0.0953125
0 0.80703125 0.3640625 0.0453125 0.08984375
0 0.16640625 0.73671875 0.02578125 0.07421875
0 0.7671875 0.365625 0.03125 0.08671875
0 0.4515625 0.66484375 0.025 0.08046875
0 0.5171875 0.671875 0.021875 0.0828125
0 0.65625 0.5796875 0.040625 0.0828125
0 0.72421875 0.55625 0.03203125 0.0859375
0 0.75625 0.55625 0.0296875 0.08515625
0 0.79140625 0.55703125 0.0390625 0.08359375
0 0.8296875 0.56171875 0.03671875 0.08984375
0 0.865625 0.575 0.0328125 0.0625
0 0.90859375 0.57265625 0.0421875 0.05859375
0 0.946875 0.5734375 0.0375 0.0609375
0 0.9828125 0.565625 0.03359375 0.0765625
0 0.48515625 0.66875 0.0421875 0.08984375
0 0.9828125 0.67265625 0.03359375 0.10078125
0 0.896875 0.66796875 0.05 0.109375
0 0.8515625 0.66640625 0.040625 0.1109375
0 0.81171875 0.665625 0.03359375 0.10625
0 0.7703125 0.6625 0.04765625 0.10703125
0 0.72578125 0.665625 0.0359375 0.10546875
0 0.6546875 0.6671875 0.025 0.0796875
0 0.62421875 0.66796875 0.0328125 0.08046875
0 0.58984375 0.6671875 0.03671875 0.0796875
0 0.55078125 0.6671875 0.0421875 0.07890625
0 0.94375 0.66796875 0.04140625 0.11015625
0 0.73515625 0.36484375 0.0328125 0.084375
0 0.884375 0.3671875 0.0390625 0.08984375
0 0.86171875 0.77890625 0.06015625 0.1046875
0 0.9234375 0.7875 0.06484375 0.08671875
0 0.98125 0.7796875 0.03671875 0.10234375
0 0.54921875 0.57421875 0.02890625 0.07890625
0 0.79609375 0.7640625 0.06640625 0.08671875
0 0.73203125 0.7671875 0.06015625 0.0859375
0 0.64375 0.76015625 0.028125 0.0953125
0 0.609375 0.7546875 0.040625 0.08515625
0 0.571875 0.7546875 0.0359375 0.084375
0 0.534375 0.7546875 0.0375 0.0828125
0 0.49609375 0.75703125 0.04140625 0.0796875
0 0.45703125 0.75078125 0.0359375 0.07421875
0 0.515625 0.57265625 0.0375 0.0765625
0 0.2390625 0.36484375 0.03359375 0.084375
0 0.27734375 0.36796875 0.03671875 0.08359375
0 0.371875 0.37734375 0.0375 0.084375
0 0.42421875 0.746875 0.0296875 0.08046875
0 0.4390625 0.3796875 0.03125 0.0890625
0 0.19140625 0.5421875 0.03515625 0.053125
0 0.24453125 0.546875 0.0328125 0.0640625
0 0.2859375 0.56953125 0.034375 0.078125
0 0.378125 0.5703125 0.03359375 0.078125
0 0.4078125 0.3796875 0.0328125 0.0890625
0 0.44609375 0.571875 0.0359375 0.07578125
0 0.659375 0.38046875 0.04375 0.08828125
0 0.41171875 0.57109375 0.0328125 0.078125
0 0.48046875 0.57265625 0.0328125 0.0765625
0 0.61875 0.3765625 0.0375 0.0953125
0 0.5828125 0.375 0.03359375 0.09140625
0 0.5453125 0.375 0.0390625 0.084375
0 0.50859375 0.37734375 0.0328125 0.0875
0 0.4734375 0.37734375 0.03671875 0.08515625
0 0.07421875 0.3703125 0.0296875 0.0859375