0 0.0671875 0.2015625 0.06796875 0.03125
0 0.16171875 0.8265625 0.0453125 0.02265625
0 0.20703125 0.79375 0.03515625 0.028125
0 0.2015625 0.82421875 0.0296875 0.02734375
0 0.30234375 0.8125 0.02421875 0.08359375
0 0.25546875 0.80859375 0.01953125 0.07734375
0 0.278125 0.8109375 0.021875 0.07890625
0 0.1359375 0.19609375 0.05 0.02890625
0 0.32734375 0.81328125 0.021875 0.0859375
0 0.2328125 0.83046875 0.02578125 0.0296875
0 0.18984375 0.190625 0.0578125 0.03046875
0 0.025 0.340625 0.04609375 0.0390625
0 0.059375 0.271875 0.0515625 0.0390625
0 0.1171875 0.265625 0.0484375 0.03515625
0 0.17578125 0.26484375 0.0640625 0.03671875
0 0.34921875 0.821875 0.0203125 0.08125
0 0.134375 0.34140625 0.0390625 0.02890625
0 0.1765625 0.33828125 0.03671875 0.05625
0 0.0859375 0.34921875 0.05390625 0.0203125
0 0.01640625 0.41796875 0.03046875 0.0359375
0 0.053125 0.41484375 0.02890625 0.034375
0 0.0890625 0.41328125 0.04296875 0.0390625
0 0.01640625 0.271875 0.03046875 0.03828125
0 0.37578125 0.825 0.0296875 0.0890625
0 0.55546875 0.8484375 0.02578125 0.1046875
0 0.46171875 0.84765625 0.028125 0.06796875
0 0.01640625 0.20703125 0.0328125 0.0328125
0 0.7390625 0.09375 0.03515625 0.11953125
0 0.7109375 0.1109375 0.01796875 0.09296875
0 0.65625 0.10625 0.03984375 0.10546875
0 0.61328125 0.1140625 0.040625 0.10625
0 0.57734375 0.11484375 0.025 0.1109375
0 0.5515625 0.11484375 0.0234375 0.1140625
0 0.51171875 0.171875 0.0484375 0.01171875
0 0.5125 0.14140625 0.0515625 0.04609375
0 0.465625 0.1515625 0.0421875 0.06015625
0 0.4078125 0.1359375 0.03515625 0.1046875
0 0.43046875 0.84453125 0.03203125 0.07734375
0 0.34609375 0.14375 0.05546875 0.096875
0 0.2359375 0.1546875 0.028125 0.0984375
0 0.78984375 0.87890625 0.0328125 0.10625
0 0.75546875 0.86640625 0.0265625 0.10625
0 0.72265625 0.871875 0.034375 0.10234375
0 0.6890625 0.865625 0.02578125 0.103125
0 0.6578125 0.8625 0.028125 0.0984375
0 0.6234375 0.87265625 0.03203125 0.08046875
0 0.58828125 0.8671875 0.03203125 0.0765625
0 0.13046875 0.41171875 0.02890625 0.0453125
0 0.5265625 0.83828125 0.025 0.09609375
0 0.49453125 0.85390625 0.0296875 0.06796875
0 0.26484375 0.15625 0.02890625 0.09609375
0 0.16015625 0.4140625 0.01875 0.03671875
0 0.0484375 0.49375 0.009375 0.03203125
0 0.20234375 0.41328125 0.01875 0.04296875
0 0.12578125 0.6984375 0.034375 0.0625
0 0.1546875 0.7015625 0.021875 0.06796875
0 0.18046875 0.7078125 0.028125 0.06484375
0 0.20859375 0.721875 0.01953125 0.03515625
0 0.23671875 0.7296875 0.03359375 0.04140625
0 0.2671875 0.70703125 0.0171875 0.065625
0 0.29609375 0.7125 0.03203125 0.05546875
0 0.3328125 0.7078125 0.034375 0.06015625
0 0.3703125 0.70625 0.02890625 0.0578125
0 0.40390625 0.72109375 0.03359375 0.0578125
0 0.4390625 0.725 0.03359375 0.04921875
0 0.48203125 0.725 0.05 0.06171875
0 0.52734375 0.73359375 0.0375 0.05859375
0 0.565625 0.73671875 0.03671875 0.059375
0 0.61875 0.72265625 0.03671875 0.0609375
0 0.65546875 0.72734375 0.034375 0.0625
0 0.6953125 0.746875 0.03984375 0.06875
0 0.7390625 0.75234375 0.04296875 0.06640625
0 0.7890625 0.74765625 0.03984375 0.07265625
0 0.8328125 0.78359375 0.0421875 0.02734375
0 0.85625 0.70703125 0.03359375 0.03125
0 0.05 0.78203125 0.04765625 0.07578125
0 0.10625 0.80078125 0.04765625 0.03671875
0 0.0796875 0.6953125 0.0484375 0.05703125
0 0.18125 0.41328125 0.02265625 0.04140625
0 0.040625 0.6890625 0.03125 0.0609375
0 0.140625 0.62421875 0.0140625 0.034375
0 0.00546875 0.490625 0.0109375 0.034375
0 0.01796875 0.49140625 0.01171875 0.03359375
0 0.034375 0.49140625 0.0203125 0.03515625
0 0.0828125 0.4921875 0.0171875 0.0328125
0 0.10078125 0.49140625 0.02109375 0.03359375
0 0.1171875 0.49140625 0.0109375 0.0328125
0 0.128125 0.49296875 0.0125 0.03203125
0 0.13984375 0.49296875 0.0109375 0.03125
0 0.1546875 0.49296875 0.015625 0.03671875
0 0.16328125 0.79609375 0.04765625 0.034375
0 0.19140625 0.4875 0.015625 0.04765625
0 0.21953125 0.48359375 0.040625 0.0546875
0 0.06484375 0.4921875 0.01953125 0.03359375
0 0.0171875 0.553125 0.03359375 0.04140625
0 0.053125 0.5484375 0.03671875 0.05546875
0 0.09453125 0.5515625 0.03046875 0.0578125
0 0.1375 0.553125 0.0484375 0.05859375
0 0.19453125 0.55546875 0.03046875 0.05234375
0 0.234375 0.571875 0.04921875 0.03515625
0 0.01875 0.61875 0.01328125 0.03515625
0 0.0390625 0.6234375 0.0234375 0.03671875
0 0.07109375 0.628125 0.0390625 0.0296875
0 0.1109375 0.62265625 0.04140625 0.03671875
0 0.0125 0.6828125 0.025 0.065625
0 0.1734375 0.4890625 0.01875 0.0421875
0 0.1734375 0.63125 0.046875 0.03828125
0 0.77734375 0.0890625 0.04140625 0.115625
0 0.653125 0.52421875 0.01953125 0.03828125
0 0.5859375 0.51015625 0.05 0.06875
0 0.53828125 0.5015625 0.03984375 0.06796875
0 0.4921875 0.52109375 0.0265625 0.03828125
0 0.465625 0.52109375 0.02109375 0.03515625
0 0.446875 0.52109375 0.01875 0.03828125
0 0.67734375 0.528125 0.025 0.04296875
0 0.43046875 0.51875 0.0109375 0.03515625
0 0.38671875 0.51875 0.02109375 0.03515625
0 0.36796875 0.5171875 0.0171875 0.0359375
0 0.35078125 0.51640625 0.01875 0.0375
0 0.33203125 0.51796875 0.015625 0.03515625
0 0.31328125 0.5171875 0.021875 0.03671875
0 0.284375 0.50859375 0.02734375 0.05
0 0.41171875 0.5203125 0.02421875 0.0375
0 0.25546875 0.50546875 0.0296875 0.05546875
0 0.721875 0.51484375 0.04921875 0.0734375
0 0.83984375 0.51953125 0.05234375 0.06796875
0 0.83046875 0.64921875 0.0796875 0.0421875
0 0.75625 0.63203125 0.04375 0.06796875
0 0.71484375 0.62890625 0.03515625 0.0625
0 0.6578125 0.62265625 0.03203125 0.07265625
0 0.6171875 0.640625 0.0359375 0.0359375
0 0.6109375 0.603125 0.0328125 0.03671875
0 0.7796875 0.51875 0.04921875 0.06484375
0 0.571875 0.625 0.0421875 0.05234375
0 0.459375 0.61328125 0.05 0.059375
0 0.4046875 0.615625 0.040625 0.05
0 0.3578125 0.6125 0.03125 0.0546875
0 0.3140625 0.609375 0.04140625 0.046875
0 0.275 0.59765625 0.03046875 0.05234375
0 0.23828125 0.6296875 0.0234375 0.053125
0 0.51484375 0.62890625 0.04765625 0.04296875
0 0.83125 0.38984375 0.08203125 0.07578125
0 0.62890625 0.52734375 0.02578125 0.04140625
0 0.7140625 0.3921875 0.03046875 0.0625
0 0.83515625 0.08671875 0.06875 0.10859375
0 0.7578125 0.3875 0.046875 0.0734375
0 0.228125 0.296875 0.03125 0.053125
0 0.259375 0.29609375 0.03203125 0.05546875
0 0.2953125 0.29296875 0.040625 0.04921875
0 0.35078125 0.28984375 0.03203125 0.0546875
0 0.3828125 0.28984375 0.03203125 0.053125
0 0.47265625 0.27421875 0.0828125 0.08515625
0 0.53671875 0.27890625 0.0375 0.07265625
0 0.578125 0.27734375 0.046875 0.0765625
0 0.6296875 0.27421875 0.04375 0.07578125
0 0.67890625 0.27109375 0.04609375 0.07734375
0 0.7484375 0.2109375 0.08671875 0.0296875
0 0.75234375 0.265625 0.08515625 0.071875
0 0.4140625 0.2875 0.03046875 0.053125
0 0.8140625 0.25703125 0.03671875 0.08515625
0 0.61328125 0.39921875 0.04140625 0.05859375
0 0.56953125 0.4 0.0421875 0.05703125
0 0.5296875 0.40078125 0.03515625 0.0578125
0 0.675 0.37109375 0.046875 0.07265625
0 0.45390625 0.40078125 0.0296875 0.05390625
0 0.41328125 0.4 0.04765625 0.06171875
0 0.49140625 0.40078125 0.0375 0.0546875
0 0.37578125 0.403125 0.02734375 0.0609375
0 0.3421875 0.40390625 0.0328125 0.0625
0 0.3125 0.4046875 0.025 0.06171875
0 0.27421875 0.39375 0.046875 0.08046875
0 0.23125 0.39375 0.03828125 0.08203125
0 0.85390625 0.25546875 0.04140625 0.08671875