0 0.475 0.63203125 0.0390625 0.096875
0 0.63046875 0.61953125 0.0390625 0.090625
0 0.51015625 0.628125 0.0328125 0.10546875
0 0.546875 0.62265625 0.040625 0.09453125
0 0.4328125 0.628125 0.0375 0.10546875
0 0.58984375 0.6234375 0.03828125 0.096875
0 0.9578125 0.60625 0.0328125 0.09140625
0 0.71328125 0.61640625 0.04765625 0.09140625
0 0.83125 0.60546875 0.03671875 0.090625
0 0.875 0.6078125 0.03984375 0.08671875
0 0.921875 0.60859375 0.0390625 0.08671875
0 0.98828125 0.60078125 0.02265625 0.078125
0 0.82890625 0.50625 0.04140625 0.096875
0 0.9140625 0.50625 0.034375 0.0875
0 0.8765625 0.50859375 0.03984375 0.09140625
0 0.66796875 0.61640625 0.03203125 0.09375
0 0.390625 0.63125 0.03984375 0.1015625
0 0.81953125 0.39921875 0.0421875 0.090625
0 0.265625 0.6 0.04609375 0.0890625
0 0.47734375 0.4890625 0.0390625 0.12421875
0 0.5171875 0.48984375 0.04375 0.121875
0 0.559375 0.4953125 0.034375 0.10390625
0 0.59921875 0.496875 0.04140625 0.10625
0 0.6390625 0.4984375 0.034375 0.1109375
0 0.675 0.5015625 0.03671875 0.10625
0 0.71640625 0.49765625 0.03671875 0.09921875
0 0.95625 0.5046875 0.046875 0.08984375
0 0.86640625 0.40234375 0.0453125 0.08984375
0 0.909375 0.4015625 0.040625 0.08984375
0 0.9484375 0.40078125 0.03671875 0.09140625
0 0.984375 0.39765625 0.03125 0.08515625
0 0.03671875 0.60390625 0.04765625 0.10625
0 0.0859375 0.6078125 0.04375 0.096875
0 0.13203125 0.60546875 0.0484375 0.0921875
0 0.178125 0.60390625 0.03515625 0.090625
0 0.21953125 0.60234375 0.04609375 0.0859375
0 0.30546875 0.5984375 0.03203125 0.08515625
0 0.98984375 0.503125 0.0203125 0.08515625
0 0.6546875 0.72265625 0.0375 0.06953125
0 0.1015625 0.74375 0.04375 0.11328125
0 0.50234375 0.83203125 0.0328125 0.0765625
0 0.54140625 0.82578125 0.0390625 0.08828125
0 0.578125 0.8265625 0.034375 0.08203125
0 0.61171875 0.82421875 0.03203125 0.0875
0 0.6859375 0.81171875 0.03671875 0.071875
0 0.72265625 0.81171875 0.03515625 0.071875
0 0.8265625 0.8078125 0.0375 0.09375
0 0.8671875 0.80625 0.0421875 0.09453125
0 0.91015625 0.8015625 0.04140625 0.08671875
0 0.95078125 0.7984375 0.04140625 0.09375
0 0.98515625 0.79609375 0.0296875 0.08828125
0 0.828125 0.7078125 0.0453125 0.08828125
0 0.86875 0.7078125 0.034375 0.0890625
0 0.9078125 0.70390625 0.0421875 0.08046875
0 0.95234375 0.70234375 0.04375 0.08125
0 0.98671875 0.70234375 0.02578125 0.08203125
0 0.43359375 0.49140625 0.0421875 0.128125
0 0.46640625 0.8359375 0.03515625 0.08515625
0 0.046875 0.74609375 0.0625 0.10703125
0 0.428125 0.83984375 0.0375 0.0765625
0 0.259375 0.85703125 0.046875 0.1078125
0 0.15390625 0.740625 0.05390625 0.11015625
0 0.209375 0.73515625 0.04921875 0.1234375
0 0.26171875 0.73203125 0.04296875 0.10859375
0 0.3046875 0.7328125 0.04375 0.1078125
0 0.40078125 0.74140625 0.02890625 0.06640625
0 0.43125 0.73828125 0.03359375 0.07109375
0 0.46875 0.7359375 0.040625 0.0640625
0 0.509375 0.734375 0.0390625 0.06640625
0 0.55 0.73125 0.03984375 0.0609375
0 0.5859375 0.72890625 0.034375 0.06640625
0 0.61953125 0.7265625 0.0328125 0.0625
0 0.69375 0.721875 0.03984375 0.0671875
0 0.73046875 0.71796875 0.03203125 0.07421875
0 0.04296875 0.871875 0.05859375 0.1125
0 0.0984375 0.87109375 0.05 0.11484375
0 0.153125 0.86796875 0.059375 0.109375
0 0.20859375 0.86328125 0.0515625 0.12109375
0 0.30859375 0.85390625 0.05078125 0.11328125
0 0.64609375 0.815625 0.03671875 0.071875
0 0.15078125 0.375 0.03984375 0.07109375
0 0.01796875 0.4953125 0.03203125 0.0734375
0 0.2484375 0.278125 0.0375 0.0703125
0 0.2828125 0.2796875 0.03203125 0.06640625
0 0.38125 0.34609375 0.040625 0.1015625
0 0.4234375 0.34765625 0.0375 0.096875
0 0.465625 0.3484375 0.046875 0.096875
0 0.509375 0.3453125 0.040625 0.10078125
0 0.5484375 0.34765625 0.0375 0.1
0 0.58984375 0.34921875 0.04453125 0.09921875
0 0.63125 0.3453125 0.040625 0.09296875
0 0.671875 0.34453125 0.040625 0.09453125
0 0.71171875 0.346875 0.0390625 0.0984375
0 0.03046875 0.38125 0.04921875 0.0671875
0 0.071875 0.3796875 0.034375 0.07109375
0 0.11171875 0.378125 0.0390625 0.06640625
0 0.18984375 0.375 0.03203125 0.06640625
0 0.2234375 0.378125 0.0375 0.06484375
0 0.39140625 0.49375 0.04140625 0.12265625
0 0.3 0.4859375 0.03984375 0.08515625
0 0.2609375 0.4875 0.0375 0.08125
0 0.2171875 0.4890625 0.03828125 0.0765625
0 0.1796875 0.49453125 0.03828125 0.0671875
0 0.1375 0.490625 0.034375 0.06796875
0 0.1 0.490625 0.040625 0.06953125
0 0.0578125 0.49453125 0.04375 0.07578125
0 0.2625 0.37890625 0.034375 0.0625
0 0.98671875 0.3 0.0265625 0.090625
0 0.95078125 0.29453125 0.03828125 0.09609375
0 0.9125 0.296875 0.03984375 0.0921875
0 0.865625 0.2953125 0.046875 0.0890625
0 0.215625 0.27890625 0.03046875 0.07265625
0 0.8234375 0.29375 0.0375 0.090625
0 0.1796875 0.28046875 0.03984375 0.07265625
0 0.1 0.27734375 0.0375 0.06875
0 0.0421875 0.17578125 0.03359375 0.0625
0 0.0765625 0.17734375 0.03046875 0.065625
0 0.1109375 0.1765625 0.0375 0.06640625
0 0.14921875 0.1765625 0.0390625 0.06640625
0 0.184375 0.178125 0.028125 0.065625
0 0.21640625 0.1765625 0.03671875 0.06328125
0 0.25234375 0.18125 0.03203125 0.05546875
0 0.2828125 0.18125 0.03203125 0.0546875
0 0.37734375 0.21484375 0.0453125 0.1046875
0 0.140625 0.278125 0.03515625 0.06796875
0 0.4234375 0.2171875 0.04375 0.1
0 0.46484375 0.21875 0.03828125 0.10234375
0 0.29296875 0.378125 0.02734375 0.06484375
0 0.55390625 0.21953125 0.04140625 0.1015625
0 0.06328125 0.2765625 0.03203125 0.06796875
0 0.0265625 0.275 0.03828125 0.071875
0 0.5109375 0.21875 0.04375 0.1015625
0 0.93203125 0.1890625 0.03203125 0.0875
0 0.896875 0.18828125 0.0375 0.090625
0 0.971875 0.18671875 0.04609375 0.08359375
0 0.8171875 0.1875 0.0375 0.08828125
0 0.7140625 0.21875 0.04140625 0.0953125
0 0.67421875 0.2203125 0.0390625 0.09609375
0 0.634375 0.2203125 0.03984375 0.09609375
0 0.59296875 0.22109375 0.03984375 0.09765625
0 0.8578125 0.1875 0.040625 0.0890625