0 0.4 0.45859375 0.040625 0.06328125
0 0.215625 0.45625 0.025 0.05703125
0 0.90625 0.46640625 0.05703125 0.06640625
0 0.84921875 0.46484375 0.05859375 0.0640625
0 0.79453125 0.46640625 0.04765625 0.06953125
0 0.74765625 0.4625 0.04765625 0.06484375
0 0.66640625 0.4609375 0.07265625 0.0703125
0 0.540625 0.453125 0.04765625 0.07109375
0 0.4765625 0.4609375 0.04765625 0.0609375
0 0.3546875 0.459375 0.046875 0.0640625
0 0.3109375 0.4484375 0.03359375 0.07890625
0 0.28203125 0.44765625 0.02109375 0.06796875
0 0.24609375 0.44921875 0.0296875 0.0734375
0 0.96015625 0.4625 0.04609375 0.07109375
0 0.65546875 0.8421875 0.046875 0.09765625
0 0.1484375 0.453125 0.0359375 0.06015625
0 0.875 0.53046875 0.04609375 0.01484375
0 0.925 0.53046875 0.0515625 0.01796875
0 0.93125 0.56953125 0.05234375 0.05703125
0 0.87890625 0.56796875 0.0421875 0.05859375
0 0.82734375 0.56328125 0.05 0.0625
0 0.77890625 0.55859375 0.0421875 0.0671875
0 0.73046875 0.55703125 0.0390625 0.0703125
0 0.68125 0.55234375 0.04296875 0.075
0 0.640625 0.54765625 0.03828125 0.0734375
0 0.6 0.5546875 0.0421875 0.05859375
0 0.1859375 0.45625 0.034375 0.05546875
0 0.93359375 0.3671875 0.05546875 0.05625
0 0.98046875 0.36953125 0.0390625 0.05234375
0 0.8765625 0.36796875 0.05859375 0.0546875
0 0.23671875 0.36796875 0.0421875 0.021875
0 0.18671875 0.34375 0.04140625 0.025
0 0.228125 0.3453125 0.03671875 0.01875
0 0.27578125 0.37578125 0.03828125 0.02578125
0 0.56640625 0.84140625 0.040625 0.09609375
0 0.97421875 0.86484375 0.0515625 0.065625
0 0.92421875 0.85234375 0.0375 0.1078125
0 0.884375 0.8515625 0.04296875 0.10859375
0 0.840625 0.85078125 0.0421875 0.11015625
0 0.8 0.84375 0.04140625 0.09765625
0 0.7609375 0.8453125 0.0390625 0.0984375
0 0.7171875 0.84453125 0.0421875 0.0953125
0 0.315625 0.37890625 0.03828125 0.0265625
0 0.35546875 0.35703125 0.040625 0.025
0 0.35625 0.37734375 0.03828125 0.021875
0 0.3953125 0.378125 0.03828125 0.02265625
0 0.3984375 0.35625 0.0359375 0.01640625
0 0.4453125 0.378125 0.040625 0.025
0 0.4953125 0.38203125 0.046875 0.0234375
0 0.54609375 0.37421875 0.0453125 0.02890625
0 0.61328125 0.35078125 0.05703125 0.025
0 0.61640625 0.37890625 0.05859375 0.0296875
0 0.684375 0.37109375 0.05703125 0.0484375
0 0.7390625 0.36875 0.05625 0.04921875
0 0.80625 0.36875 0.06953125 0.04921875
0 0.5453125 0.55234375 0.053125 0.0640625
0 0.2 0.375 0.02890625 0.028125
0 0.4765625 0.5359375 0.02734375 0.04765625
0 0.39375 0.53359375 0.03046875 0.05078125
0 0.828125 0.6453125 0.046875 0.075
0 0.7203125 0.6234375 0.0828125 0.02421875
0 0.71953125 0.66328125 0.09453125 0.04375
0 0.6234375 0.6625 0.08984375 0.04140625
0 0.62265625 0.6265625 0.09609375 0.028125
0 0.559375 0.65859375 0.02890625 0.04765625
0 0.50859375 0.65078125 0.04375 0.0578125
0 0.4671875 0.65 0.03828125 0.06171875
0 0.4296875 0.6515625 0.03125 0.05625
0 0.384375 0.634375 0.04296875 0.02890625
0 0.38671875 0.66640625 0.0515625 0.03125
0 0.86796875 0.64765625 0.03203125 0.06015625
0 0.340625 0.6453125 0.040625 0.06796875
0 0.24921875 0.64453125 0.025 0.0640625
0 0.22265625 0.6421875 0.02734375 0.06640625
0 0.171875 0.64375 0.040625 0.07265625
0 0.07421875 0.63515625 0.13828125 0.0453125
0 0.053125 0.7015625 0.103125 0.0796875
0 0.29140625 0.8109375 0.03671875 0.04921875
0 0.3265625 0.8109375 0.0375 0.04453125
0 0.3671875 0.81015625 0.0375 0.046875
0 0.04765625 0.8328125 0.09296875 0.0921875
0 0.48828125 0.84140625 0.0375 0.1
0 0.52890625 0.84296875 0.0375 0.0984375
0 0.28671875 0.6453125 0.04765625 0.0578125
0 0.90078125 0.6515625 0.02890625 0.05859375
0 0.94140625 0.65625 0.046875 0.0609375
0 0.909375 0.7484375 0.02578125 0.05234375
0 0.36875 0.53515625 0.02421875 0.04609375
0 0.34140625 0.53359375 0.0296875 0.0453125
0 0.3140625 0.53828125 0.02109375 0.05
0 0.27421875 0.546875 0.03984375 0.0546875
0 0.19609375 0.55234375 0.04609375 0.06171875
0 0.146875 0.55390625 0.04609375 0.0578125
0 0.04765625 0.55546875 0.09296875 0.10625
0 0.04609375 0.43515625 0.090625 0.09765625
0 0.1546875 0.72421875 0.03671875 0.05546875
0 0.19765625 0.72734375 0.0484375 0.05703125
0 0.23984375 0.73046875 0.040625 0.0578125
0 0.2828125 0.7421875 0.0453125 0.05546875
0 0.3421875 0.7140625 0.03203125 0.03671875
0 0.38984375 0.71953125 0.03671875 0.040625
0 0.43671875 0.72109375 0.03203125 0.046875
0 0.47421875 0.740625 0.04375 0.059375
0 0.5171875 0.73984375 0.040625 0.059375
0 0.57109375 0.74453125 0.0484375 0.059375
0 0.62421875 0.73984375 0.03046875 0.05
0 0.66171875 0.73125 0.0296875 0.05859375
0 0.6890625 0.71953125 0.025 0.0359375
0 0.7484375 0.7453125 0.040625 0.06796875
0 0.7984375 0.75390625 0.05078125 0.0453125
0 0.840625 0.7484375 0.03671875 0.05625
0 0.88203125 0.75390625 0.034375 0.0546875
0 0.4421875 0.53203125 0.04765625 0.05
0 0.19453125 0.28359375 0.05234375 0.040625
0 0.6078125 0.84375 0.0375 0.09921875
0 0.50546875 0.28515625 0.05078125 0.05234375
0 0.59296875 0.48046875 0.028125 0.0203125
0 0.9828125 0.29609375 0.034375 0.040625
0 0.9390625 0.29296875 0.05078125 0.0390625
0 0.87734375 0.28828125 0.0640625 0.04453125
0 0.81796875 0.290625 0.05078125 0.04609375
0 0.70390625 0.29296875 0.05078125 0.0375
0 0.76015625 0.2890625 0.06015625 0.04375
0 0.5703125 0.2796875 0.06015625 0.06015625
0 0.38828125 0.29921875 0.0421875 0.015625
0 0.33203125 0.2875 0.06640625 0.0453125
0 0.25859375 0.28828125 0.046875 0.034375
0 0.6390625 0.2828125 0.07421875 0.06328125