0 0.771875 0.7046875 0.03359375 0.08828125
0 0.69296875 0.70390625 0.0375 0.08984375
0 0.7359375 0.703125 0.03984375 0.08671875
0 0.68125 0.63359375 0.025 0.04765625
0 0.81171875 0.7015625 0.03828125 0.084375
0 0.59453125 0.70625 0.13828125 0.028125
0 0.89296875 0.703125 0.040625 0.08203125
0 0.93125 0.7015625 0.03203125 0.08359375
0 0.96875 0.70078125 0.0359375 0.08203125
0 0.59765625 0.734375 0.1453125 0.0234375
0 0.596875 0.67890625 0.14453125 0.02421875
0 0.71171875 0.63203125 0.03203125 0.0421875
0 0.85234375 0.70078125 0.03828125 0.08515625
0 0.746875 0.63359375 0.03203125 0.04609375
0 0.73828125 0.19375 0.03359375 0.05703125
0 0.81640625 0.63359375 0.03125 0.0453125
0 0.85078125 0.63359375 0.03203125 0.0453125
0 0.8875 0.63359375 0.0359375 0.04296875
0 0.925 0.634375 0.0359375 0.04453125
0 0.98046875 0.16171875 0.0390625 0.1046875
0 0.9203125 0.21015625 0.0234375 0.0546875
0 0.88671875 0.20703125 0.03984375 0.059375
0 0.8515625 0.20234375 0.0296875 0.05
0 0.81640625 0.2 0.0375 0.05703125
0 0.77578125 0.1953125 0.03828125 0.0515625
0 0.5921875 0.6515625 0.13671875 0.025
0 0.7015625 0.18671875 0.0265625 0.05625
0 0.703125 0.2546875 0.03515625 0.0734375
0 0.74453125 0.2578125 0.04140625 0.07109375
0 0.7796875 0.63125 0.0328125 0.04609375
0 0.590625 0.62421875 0.140625 0.0265625
0 0.28125 0.85234375 0.1703125 0.034375
0 0.4453125 0.65390625 0.1515625 0.02578125
0 0.96171875 0.8828125 0.0375 0.090625
0 0.9203125 0.88359375 0.0421875 0.0921875
0 0.871875 0.8875 0.046875 0.08984375
0 0.80859375 0.8890625 0.04140625 0.09140625
0 0.76796875 0.88984375 0.03828125 0.096875
0 0.7296875 0.89140625 0.03515625 0.0953125
0 0.69375 0.89296875 0.0328125 0.0953125
0 0.6046875 0.93671875 0.15234375 0.0296875
0 0.60546875 0.90703125 0.14375 0.02890625
0 0.6015625 0.87578125 0.13515625 0.03046875
0 0.59609375 0.8453125 0.14453125 0.02734375
0 0.5953125 0.81640625 0.14453125 0.0296875
0 0.58671875 0.78828125 0.15234375 0.02421875
0 0.440625 0.81640625 0.15078125 0.0296875
0 0.44375 0.846875 0.1578125 0.02734375
0 0.44921875 0.8828125 0.1625 0.03671875
0 0.4453125 0.915625 0.15078125 0.021875
0 0.44453125 0.6796875 0.14921875 0.02578125
0 0.44375 0.70703125 0.1515625 0.0265625
0 0.44453125 0.73671875 0.15546875 0.02734375
0 0.28125 0.73984375 0.17109375 0.021875
0 0.27890625 0.71015625 0.1640625 0.03046875
0 0.27890625 0.68046875 0.165625 0.0296875
0 0.44296875 0.62578125 0.146875 0.028125
0 0.11796875 0.678125 0.15703125 0.1546875
0 0.2828125 0.8203125 0.16796875 0.02890625
0 0.78671875 0.2609375 0.040625 0.07109375
0 0.27578125 0.88984375 0.17421875 0.034375
0 0.2765625 0.925 0.1734375 0.03515625
0 0.27578125 0.959375 0.175 0.03046875
0 0.44296875 0.9453125 0.16328125 0.02421875
0 0.10703125 0.88828125 0.16171875 0.1875
0 0.825 0.26328125 0.03203125 0.06796875
0 0.89140625 0.34765625 0.03828125 0.040625
0 0.91015625 0.2734375 0.03671875 0.065625
0 0.30390625 0.5109375 0.16171875 0.0234375
0 0.303125 0.53828125 0.16171875 0.0265625
0 0.2984375 0.56640625 0.15703125 0.02890625
0 0.4578125 0.5703125 0.15078125 0.02734375
0 0.459375 0.5421875 0.14921875 0.0296875
0 0.4625 0.515625 0.15546875 0.02109375
0 0.465625 0.4921875 0.146875 0.02734375
0 0.4609375 0.4640625 0.13671875 0.0265625
0 0.6109375 0.4703125 0.13828125 0.021875
0 0.61171875 0.4953125 0.14453125 0.02578125
0 0.61015625 0.51953125 0.1421875 0.02421875
0 0.60859375 0.54609375 0.146875 0.021875
0 0.60625 0.5734375 0.140625 0.02890625
0 0.70234375 0.54375 0.03671875 0.08203125
0 0.30234375 0.4859375 0.16015625 0.02734375
0 0.7421875 0.54453125 0.040625 0.08125
0 0.8234375 0.546875 0.034375 0.08125
0 0.86171875 0.54765625 0.03984375 0.0796875
0 0.90234375 0.55078125 0.0390625 0.08046875
0 0.940625 0.55 0.03515625 0.07890625
0 0.9796875 0.55234375 0.0390625 0.08125
0 0.93203125 0.4875 0.03984375 0.03828125
0 0.89140625 0.48515625 0.03828125 0.03984375
0 0.853125 0.48359375 0.03671875 0.0390625
0 0.815625 0.48359375 0.03828125 0.0390625
0 0.77734375 0.48125 0.0375 0.03828125
0 0.73828125 0.47734375 0.040625 0.04140625
0 0.70234375 0.478125 0.03828125 0.04296875
0 0.9625 0.634375 0.03359375 0.046875
0 0.1453125 0.17890625 0.13125 0.1375
0 0.784375 0.54609375 0.04140625 0.08359375
0 0.303125 0.45703125 0.15703125 0.02890625
0 0.1453125 0.50546875 0.10546875 0.1515625
0 0.04375 0.50078125 0.084375 0.15234375
0 0.95 0.275 0.03359375 0.071875
0 0.98515625 0.27734375 0.0296875 0.07109375
0 0.97578125 0.41796875 0.03671875 0.07734375
0 0.9359375 0.415625 0.03671875 0.07421875
0 0.896875 0.4109375 0.040625 0.075
0 0.85625 0.409375 0.03515625 0.075
0 0.81640625 0.40703125 0.03671875 0.07421875
0 0.77734375 0.4046875 0.04140625 0.0796875
0 0.73515625 0.403125 0.040625 0.07578125
0 0.69453125 0.40078125 0.04140625 0.08046875
0 0.9296875 0.35078125 0.03828125 0.040625
0 0.8546875 0.34765625 0.03828125 0.040625
0 0.8140625 0.34296875 0.0375 0.040625
0 0.7703125 0.3390625 0.0375 0.040625
0 0.7296875 0.33828125 0.0375 0.040625
0 0.69375 0.33671875 0.0375 0.040625
0 0.60390625 0.321875 0.13515625 0.03046875
0 0.12890625 0.3375 0.15390625 0.14765625
0 0.2984375 0.38125 0.1546875 0.021875
0 0.30078125 0.3578125 0.1546875 0.01953125
0 0.303125 0.33046875 0.15390625 0.02421875
0 0.303125 0.30078125 0.146875 0.028125
0 0.46484375 0.30859375 0.14453125 0.02265625
0 0.86328125 0.2703125 0.03984375 0.0671875
0 0.45390625 0.33984375 0.1296875 0.034375
0 0.45859375 0.38828125 0.15546875 0.021875
0 0.459375 0.415625 0.1421875 0.028125
0 0.60078125 0.4234375 0.14375 0.0125
0 0.60234375 0.39921875 0.13671875 0.03203125
0 0.60078125 0.3734375 0.1359375 0.01953125
0 0.6 0.35 0.1328125 0.02109375
0 0.4578125 0.3625 0.14296875 0.02265625
0 0.3015625 0.409375 0.1546875 0.025
0 0.1640625 0.06015625 0.13046875 0.08515625
0 0.61875 0.15078125 0.1375 0.0234375
0 0.47578125 0.1859375 0.1515625 0.02734375
0 0.46796875 0.1578125 0.1515625 0.02734375
0 0.79296875 0.1453125 0.0296875 0.03671875
0 0.47421875 0.13515625 0.15078125 0.01796875
0 0.47265625 0.11328125 0.1375 0.0265625
0 0.4671875 0.08828125 0.13671875 0.02265625
0 0.4671875 0.0640625 0.146875 0.02578125
0 0.609375 0.07578125 0.12421875 0.02421875
0 0.60859375 0.1015625 0.115625 0.021875
0 0.609375 0.12421875 0.12421875 0.0203125
0 0.96484375 0.79765625 0.040625 0.06171875
0 0.62109375 0.178125 0.13125 0.0234375
0 0.61875 0.20390625 0.13046875 0.02109375
0 0.4671875 0.21328125 0.1515625 0.02734375
0 0.6140625 0.22734375 0.13828125 0.021875
0 0.61484375 0.27578125 0.1453125 0.0234375
0 0.69921875 0.12890625 0.02109375 0.04296875
0 0.7265625 0.1359375 0.0265625 0.0390625
0 0.759375 0.140625 0.034375 0.04453125
0 0.32578125 0.078125 0.1375 0.0171875
0 0.31875 0.04921875 0.13515625 0.02734375
0 0.04609375 0.05390625 0.08359375 0.08515625
0 0.67734375 0.80546875 0.02109375 0.05703125
0 0.7078125 0.80546875 0.03515625 0.06171875
0 0.74375 0.80390625 0.0296875 0.059375
0 0.778125 0.80390625 0.03671875 0.059375
0 0.81796875 0.80390625 0.040625 0.0640625
0 0.8578125 0.80390625 0.0390625 0.06015625
0 0.6125 0.25234375 0.1375 0.0203125
0 0.896875 0.8046875 0.0328125 0.0625
0 0.46875 0.23828125 0.14921875 0.01953125
0 0.30703125 0.253125 0.1578125 0.021875
0 0.31875 0.125 0.1515625 0.0234375
0 0.321875 0.09921875 0.14453125 0.02265625
0 0.82734375 0.1484375 0.03515625 0.04296875
0 0.46953125 0.26015625 0.14765625 0.02109375
0 0.8609375 0.14921875 0.02578125 0.0359375
0 0.89296875 0.15234375 0.03203125 0.04453125
0 0.0390625 0.1671875 0.071875 0.13359375
0 0.9296875 0.80078125 0.02578125 0.05703125
0 0.30703125 0.225 0.1578125 0.02109375
0 0.3109375 0.2 0.15859375 0.021875
0 0.3140625 0.153125 0.15546875 0.0203125
0 0.31328125 0.175 0.15703125 0.0171875
0 0.946875 0.1765625 0.0234375 0.06015625