0 0.0625 0.74765625 0.10078125 0.0203125
0 0.06640625 0.7765625 0.09609375 0.03203125
0 0.9859375 0.64375 0.028125 0.08046875
0 0.9484375 0.6421875 0.0375 0.08046875
0 0.90078125 0.6421875 0.05234375 0.0828125
0 0.84921875 0.646875 0.04453125 0.0703125
0 0.8 0.64453125 0.0484375 0.0734375
0 0.7484375 0.65078125 0.03828125 0.0703125
0 0.68046875 0.659375 0.025 0.04453125
0 0.3734375 0.18671875 0.03203125 0.06640625
0 0.07109375 0.1984375 0.0609375 0.03203125
0 0.07265625 0.165625 0.06015625 0.0296875
0 0.12890625 0.190625 0.03359375 0.0515625
0 0.33828125 0.18984375 0.03203125 0.065625
0 0.209375 0.19609375 0.03828125 0.053125
0 0.2578125 0.18359375 0.0453125 0.02421875
0 0.25546875 0.2078125 0.04140625 0.02109375
0 0.30078125 0.20859375 0.03828125 0.02421875
0 0.3015625 0.18515625 0.0390625 0.0234375
0 0.71484375 0.6515625 0.025 0.059375
0 0.16640625 0.196875 0.0390625 0.04609375
0 0.6484375 0.73515625 0.04765625 0.075
0 0.16796875 0.75859375 0.025 0.0546875
0 0.4203125 0.17578125 0.040625 0.08671875
0 0.0140625 0.1640625 0.02734375 0.03203125
0 0.01484375 0.196875 0.02890625 0.02890625
0 0.9828125 0.7328125 0.03359375 0.06875
0 0.93359375 0.73671875 0.0453125 0.06484375
0 0.88671875 0.76015625 0.0375 0.01875
0 0.8875 0.73671875 0.0421875 0.0265625
0 0.84453125 0.734375 0.034375 0.06796875
0 0.79921875 0.7375 0.04609375 0.06953125
0 0.75078125 0.7375 0.04296875 0.0703125
0 0.703125 0.73671875 0.05 0.07421875
0 0.6 0.7375 0.040625 0.075
0 0.5546875 0.7375 0.046875 0.07421875
0 0.5046875 0.7390625 0.05 0.07265625
0 0.459375 0.74140625 0.028125 0.07421875
0 0.4265625 0.74296875 0.028125 0.07265625
0 0.3875 0.74609375 0.03671875 0.075
0 0.3296875 0.7453125 0.0546875 0.071875
0 0.2796875 0.76015625 0.03671875 0.05078125
0 0.23828125 0.7578125 0.0265625 0.053125
0 0.2015625 0.7703125 0.03671875 0.03359375
0 0.13359375 0.7625 0.02578125 0.053125
0 0.13515625 0.6671875 0.02578125 0.04296875
0 0.46875 0.1765625 0.04765625 0.08671875
0 0.58125 0.18203125 0.04765625 0.09296875
0 0.38046875 0.56328125 0.034375 0.04921875
0 0.34375 0.56484375 0.034375 0.0515625
0 0.30703125 0.5578125 0.03046875 0.065625
0 0.26796875 0.58046875 0.0421875 0.0234375
0 0.2671875 0.5546875 0.0453125 0.02734375
0 0.2234375 0.56328125 0.034375 0.06171875
0 0.1828125 0.56171875 0.03828125 0.059375
0 0.1375 0.5625 0.0421875 0.0609375
0 0.09140625 0.596875 0.0484375 0.0234375
0 0.090625 0.56953125 0.04765625 0.0265625
0 0.97890625 0.47578125 0.0421875 0.02421875
0 0.97890625 0.4515625 0.0421875 0.0203125
0 0.97890625 0.4265625 0.0421875 0.02734375
0 0.92734375 0.4765625 0.04921875 0.01796875
0 0.928125 0.46015625 0.0546875 0.01328125
0 0.9296875 0.4421875 0.053125 0.01875
0 0.87734375 0.46875 0.0390625 0.07109375
0 0.834375 0.46953125 0.0390625 0.0703125
0 0.79375 0.46640625 0.0390625 0.0734375
0 0.74765625 0.4671875 0.05 0.0734375
0 0.69921875 0.478125 0.03046875 0.05
0 0.66015625 0.4671875 0.0421875 0.071875
0 0.62109375 0.478125 0.03359375 0.053125
0 0.590625 0.475 0.02578125 0.0625
0 0.5546875 0.49375 0.0390625 0.0265625
0 0.55546875 0.46328125 0.040625 0.0296875
0 0.51171875 0.47890625 0.0375 0.05234375
0 0.46875 0.48125 0.03828125 0.0484375
0 0.41796875 0.47109375 0.046875 0.06875
0 0.41328125 0.565625 0.02578125 0.04921875
0 0.37265625 0.47265625 0.0390625 0.0625
0 0.44140625 0.5625 0.02890625 0.059375
0 0.49765625 0.5640625 0.02578125 0.0515625
0 0.16796875 0.66875 0.02890625 0.0484375
0 0.20234375 0.65234375 0.0375 0.0734375
0 0.240625 0.65546875 0.028125 0.07421875
0 0.28828125 0.64921875 0.04609375 0.07578125
0 0.33671875 0.6484375 0.04140625 0.0703125
0 0.390625 0.6515625 0.05 0.0734375
0 0.43984375 0.6515625 0.0421875 0.071875
0 0.48046875 0.64609375 0.0328125 0.08515625
0 0.515625 0.6453125 0.0296875 0.0828125
0 0.553125 0.6515625 0.04453125 0.02890625
0 0.55234375 0.67578125 0.0390625 0.0171875
0 0.603125 0.67421875 0.05 0.01875
0 0.6015625 0.64921875 0.04296875 0.02578125
0 0.1015625 0.6671875 0.03203125 0.053125
0 0.06640625 0.671875 0.03046875 0.05
0 0.03046875 0.6734375 0.0328125 0.053125
0 0.9828125 0.54375 0.03359375 0.084375
0 0.94296875 0.54765625 0.03203125 0.0859375
0 0.903125 0.54921875 0.0421875 0.08515625
0 0.84921875 0.553125 0.0609375 0.07109375
0 0.7890625 0.553125 0.05859375 0.06796875
0 0.73203125 0.55546875 0.0546875 0.06484375
0 0.67578125 0.5578125 0.053125 0.065625
0 0.625 0.57734375 0.03671875 0.02109375
0 0.62578125 0.54765625 0.0375 0.03359375
0 0.57421875 0.57890625 0.0421875 0.0203125
0 0.575 0.55625 0.04296875 0.02265625
0 0.5328125 0.58046875 0.03671875 0.01875
0 0.5328125 0.5578125 0.03828125 0.02421875
0 0.471875 0.5625 0.025 0.06015625
0 0.3296875 0.46015625 0.0390625 0.0203125
0 0.64765625 0.65703125 0.0375 0.05234375
0 0.328125 0.496875 0.03984375 0.02109375
0 0.84453125 0.30703125 0.0390625 0.04765625
0 0.8078125 0.30703125 0.02734375 0.0453125
0 0.7734375 0.29609375 0.0390625 0.06484375
0 0.69375 0.284375 0.0359375 0.0828125
0 0.65078125 0.284375 0.04609375 0.0796875
0 0.58984375 0.2859375 0.04140625 0.078125
0 0.54375 0.30390625 0.0265625 0.04140625
0 0.51015625 0.2921875 0.0390625 0.065625
0 0.47109375 0.2921875 0.03203125 0.06328125
0 0.434375 0.2921875 0.03203125 0.0671875
0 0.39765625 0.29140625 0.03984375 0.06875
0 0.35859375 0.28359375 0.03125 0.0765625
0 0.325 0.28125 0.03359375 0.078125
0 0.28828125 0.28203125 0.0375 0.0796875
0 0.25078125 0.2796875 0.03203125 0.08203125
0 0.2125 0.290625 0.03671875 0.06328125
0 0.175 0.29375 0.03046875 0.04609375
0 0.1328125 0.284375 0.04375 0.065625
0 0.071875 0.3015625 0.0578125 0.03125
0 0.0203125 0.3 0.040625 0.03046875
0 0.0703125 0.26953125 0.0546875 0.0296875
0 0.021875 0.26875 0.04296875 0.028125
0 0.96875 0.20625 0.06171875 0.0515625
0 0.90546875 0.18671875 0.04609375 0.0890625
0 0.8515625 0.18828125 0.05390625 0.084375
0 0.80078125 0.18984375 0.04609375 0.0890625
0 0.74609375 0.18671875 0.059375 0.09296875
0 0.68515625 0.18125 0.05078125 0.0921875
0 0.63203125 0.18125 0.04609375 0.09140625
0 0.87890625 0.2953125 0.0265625 0.06640625
0 0.9171875 0.2921875 0.0375 0.0734375
0 0.95 0.284375 0.021875 0.06640625
0 0.9796875 0.2859375 0.02734375 0.0484375
0 0.28828125 0.496875 0.0375 0.01875
0 0.2890625 0.47421875 0.03671875 0.02421875
0 0.246875 0.4734375 0.040625 0.06328125
0 0.16875 0.4921875 0.10859375 0.02734375
0 0.1671875 0.459375 0.1015625 0.0296875
0 0.0765625 0.44375 0.04296875 0.01875
0 0.07734375 0.46484375 0.0484375 0.02109375
0 0.0796875 0.49140625 0.0484375 0.028125
0 0.028125 0.49140625 0.04765625 0.02890625
0 0.02734375 0.46328125 0.046875 0.028125
0 0.98359375 0.3546875 0.03125 0.0578125
0 0.934375 0.35859375 0.03515625 0.05234375
0 0.88515625 0.37890625 0.04609375 0.0765625
0 0.8359375 0.3796875 0.0421875 0.075
0 0.53125 0.17734375 0.04609375 0.0890625
0 0.78671875 0.38046875 0.0421875 0.075
0 0.69609375 0.378125 0.04453125 0.07578125
0 0.646875 0.3796875 0.0484375 0.07109375
0 0.596875 0.38046875 0.0296875 0.0703125
0 0.56640625 0.38671875 0.025 0.059375
0 0.5328125 0.365625 0.03671875 0.0234375
0 0.51328125 0.3984375 0.071875 0.040625
0 0.440625 0.39453125 0.06796875 0.04375
0 0.34921875 0.378125 0.10234375 0.07421875
0 0.2703125 0.3953125 0.03359375 0.0421875
0 0.234375 0.38828125 0.028125 0.05625
0 0.19765625 0.3765625 0.04375 0.071875
0 0.14140625 0.38515625 0.06953125 0.0546875
0 0.08359375 0.3734375 0.04453125 0.0765625
0 0.0328125 0.371875 0.05 0.08046875
0 0.740625 0.37890625 0.03984375 0.07578125
0 0.3296875 0.4796875 0.0390625 0.01640625
0 0.73359375 0.28515625 0.03671875 0.08203125