0 0.61484375 0.571875 0.05390625 0.0578125
0 0.76328125 0.5671875 0.04609375 0.05390625
0 0.7015625 0.56796875 0.04921875 0.05625
0 0.5421875 0.571875 0.05859375 0.05859375
0 0.5984375 0.9390625 0.0625 0.01171875
0 0.36484375 0.58359375 0.0640625 0.0609375
0 0.803125 0.92421875 0.0515625 0.01328125
0 0.8734375 0.87109375 0.05546875 0.01171875
0 0.8203125 0.57265625 0.05546875 0.0640625
0 0.45078125 0.5859375 0.0578125 0.06484375
0 0.88671875 0.5578125 0.03671875 0.040625
0 0.13671875 0.73203125 0.07890625 0.128125
0 0.2515625 0.7359375 0.08203125 0.16953125
0 0.6 0.92578125 0.0625 0.0125
0 0.5875 0.875 0.0484375 0.0140625
0 0.5265625 0.9421875 0.0609375 0.0109375
0 0.52578125 0.92890625 0.0578125 0.01171875
0 0.52578125 0.9046875 0.06640625 0.0078125
0 0.5234375 0.89375 0.0640625 0.0125
0 0.52578125 0.878125 0.065625 0.01328125
0 0.52578125 0.86171875 0.0640625 0.01328125
0 0.45859375 0.90390625 0.0578125 0.0109375
0 0.4484375 0.87890625 0.06171875 0.01328125
0 0.45 0.86484375 0.06171875 0.01171875
0 0.4625 0.94609375 0.06328125 0.0140625
0 0.4609375 0.93359375 0.0671875 0.01015625
0 0.378125 0.9515625 0.0671875 0.0125
0 0.671875 0.88125 0.06328125 0.015625
0 0.67421875 0.9203125 0.059375 0.0109375
0 0.7421875 0.9140625 0.053125 0.01171875
0 0.74140625 0.92734375 0.05625 0.00859375
0 0.80078125 0.91171875 0.05234375 0.01171875
0 0.38046875 0.940625 0.06640625 0.009375
0 0.36875 0.9015625 0.06875 0.0125
0 0.25625 0.87421875 0.07109375 0.090625
0 0.153125 0.8765625 0.09296875 0.11171875
0 0.784375 0.68203125 0.04296875 0.0875
0 0.72421875 0.69140625 0.0375 0.10546875
0 0.6 0.709375 0.06015625 0.12890625
0 0.528125 0.69921875 0.046875 0.10546875
0 0.45703125 0.71640625 0.08046875 0.13984375
0 0.35859375 0.7234375 0.07421875 0.13671875
0 0.6796875 0.8640625 0.0609375 0.0125
0 0.8734375 0.90546875 0.05234375 0.0140625
0 0.6734375 0.9328125 0.0609375 0.01171875
0 0.2265625 0.5828125 0.0578125 0.06484375
0 0.68515625 0.096875 0.04921875 0.0875
0 0.6390625 0.1015625 0.03828125 0.084375
0 0.58203125 0.12890625 0.06171875 0.02578125
0 0.5828125 0.09765625 0.06171875 0.03203125
0 0.51171875 0.10234375 0.0375 0.06953125
0 0.46640625 0.0984375 0.04296875 0.07734375
0 0.4109375 0.1 0.04765625 0.06640625
0 0.35703125 0.0984375 0.0453125 0.06875
0 0.79921875 0.2328125 0.03359375 0.0875
0 0.75078125 0.240625 0.05546875 0.0703125
0 0.65078125 0.23046875 0.04921875 0.08828125
0 0.5921875 0.2296875 0.04765625 0.0890625
0 0.53984375 0.2296875 0.04140625 0.084375
0 0.503125 0.23671875 0.02734375 0.065625
0 0.47734375 0.2375 0.02109375 0.07265625
0 0.29296875 0.08359375 0.0546875 0.090625
0 0.23671875 0.08359375 0.0515625 0.08984375
0 0.1875 0.0828125 0.03828125 0.0890625
0 0.14609375 0.0875 0.03515625 0.07421875
0 0.08828125 0.08203125 0.0484375 0.08828125
0 0.03671875 0.0796875 0.04765625 0.09296875
0 0.44140625 0.2296875 0.0453125 0.08203125
0 0.39140625 0.21953125 0.0453125 0.09453125
0 0.34140625 0.228125 0.04921875 0.078125
0 0.290625 0.228125 0.04296875 0.07734375
0 0.24375 0.2265625 0.04609375 0.0796875
0 0.19765625 0.2265625 0.0421875 0.0765625
0 0.153125 0.228125 0.04140625 0.065625
0 0.11015625 0.21484375 0.0390625 0.09609375
0 0.73203125 0.1046875 0.03984375 0.08203125
0 0.77109375 0.10625 0.03515625 0.084375
0 0.7 0.23359375 0.03828125 0.08359375
0 0.84453125 0.10859375 0.03125 0.08359375
0 0.16015625 0.58828125 0.06015625 0.0609375
0 0.08125 0.60703125 0.02734375 0.05234375
0 0.88515625 0.4609375 0.05234375 0.05234375
0 0.825 0.4640625 0.05546875 0.05859375
0 0.7609375 0.46875 0.03828125 0.059375
0 0.68046875 0.46875 0.05234375 0.05859375
0 0.515625 0.46875 0.05859375 0.05859375
0 0.4125 0.47734375 0.06640625 0.078125
0 0.80703125 0.10703125 0.034375 0.0796875
0 0.3328125 0.47890625 0.06953125 0.078125
0 0.25546875 0.48203125 0.06484375 0.0796875
0 0.15703125 0.4828125 0.06015625 0.08203125
0 0.0703125 0.48046875 0.06171875 0.08125
0 0.896875 0.36796875 0.06015625 0.078125
0 0.80703125 0.3640625 0.0578125 0.0796875
0 0.29375 0.59140625 0.0671875 0.0734375
0 0.64765625 0.36015625 0.065625 0.0734375
0 0.884375 0.10625 0.0421875 0.0890625
0 0.92890625 0.10390625 0.0421875 0.09453125
0 0.96875 0.1046875 0.03203125 0.08984375
0 0.03359375 0.20625 0.06640625 0.10625
0 0.834375 0.2296875 0.028125 0.090625
0 0.8640625 0.2328125 0.0234375 0.08203125
0 0.05078125 0.365625 0.06171875 0.08671875
0 0.71640625 0.36484375 0.065625 0.08203125
0 0.19765625 0.3578125 0.07265625 0.0671875
0 0.1203125 0.365625 0.065625 0.08515625
0 0.3734375 0.36640625 0.06796875 0.0875
0 0.553125 0.35703125 0.06484375 0.0765625
0 0.2875 0.36796875 0.0609375 0.0875
0 0.4578125 0.36484375 0.0609375 0.0765625