0 0.58515625 0.4578125 0.034375 0.02265625
0 0.7625 0.42734375 0.0578125 0.028125
0 0.703125 0.4265625 0.05625 0.02734375
0 0.6390625 0.43125 0.06015625 0.0234375
0 0.5046875 0.44140625 0.0203125 0.040625
0 0.5859375 0.43203125 0.0328125 0.02421875
0 0.9625 0.28828125 0.05 0.10703125
0 0.52109375 0.38046875 0.0453125 0.01875
0 0.62265625 0.1078125 0.06171875 0.028125
0 0.61953125 0.13671875 0.0609375 0.028125
0 0.68828125 0.1359375 0.06484375 0.03046875
0 0.68671875 0.1671875 0.0625 0.0296875
0 0.62109375 0.16796875 0.0640625 0.03125
0 0.621875 0.19921875 0.06015625 0.02734375
0 0.68828125 0.1984375 0.0640625 0.028125
0 0.06875 0.265625 0.0515625 0.01171875
0 0.0671875 0.27890625 0.04921875 0.009375
0 0.06640625 0.2890625 0.0546875 0.00859375
0 0.06640625 0.3 0.0515625 0.0078125
0 0.0671875 0.31015625 0.05234375 0.00859375
0 0.0671875 0.3203125 0.053125 0.0078125
0 0.06796875 0.3328125 0.05078125 0.01171875
0 0.01875 0.27734375 0.03359375 0.009375
0 0.01484375 0.2921875 0.0296875 0.0125
0 0.01484375 0.3046875 0.0296875 0.0125
0 0.0171875 0.328125 0.034375 0.0203125
0 0.12734375 0.30234375 0.0484375 0.0234375
0 0.69140625 0.10546875 0.06640625 0.02734375
0 0.7546875 0.19921875 0.059375 0.025
0 0.81640625 0.1984375 0.059375 0.0265625
0 0.81484375 0.175 0.05859375 0.0140625
0 0.9796875 0.41640625 0.040625 0.10625
0 0.93046875 0.41796875 0.05078125 0.10078125
0 0.88203125 0.41875 0.04296875 0.10078125
0 0.659375 0.33046875 0.0640625 0.025
0 0.5921875 0.33046875 0.0578125 0.02265625
0 0.72109375 0.3296875 0.0578125 0.02421875
0 0.71640625 0.30859375 0.04375 0.0140625
0 0.659375 0.303125 0.0609375 0.025
0 0.02109375 0.1609375 0.0421875 0.028125
0 0.134375 0.3265625 0.05390625 0.02421875
0 0.01953125 0.12890625 0.0390625 0.0296875
0 0.52421875 0.3265625 0.059375 0.03046875
0 0.52578125 0.296875 0.06328125 0.02265625
0 0.5328125 0.275 0.07265625 0.01796875
0 0.8296875 0.45625 0.0578125 0.02578125
0 0.7640625 0.45625 0.06015625 0.028125
0 0.70234375 0.4546875 0.0578125 0.02578125
0 0.63671875 0.4578125 0.06015625 0.02578125
0 0.8265625 0.4265625 0.0578125 0.028125
0 0.753125 0.17578125 0.05703125 0.015625
0 0.5921875 0.3046875 0.0578125 0.02578125
0 0.52109375 0.40390625 0.03984375 0.0203125
0 0.19296875 0.27265625 0.05859375 0.04453125
0 0.19296875 0.31796875 0.059375 0.0421875
0 0.08984375 0.41015625 0.06328125 0.0296875
0 0.1578125 0.409375 0.0609375 0.02578125
0 0.2234375 0.40625 0.046875 0.0390625
0 0.2796875 0.4046875 0.04296875 0.0390625
0 0.09140625 0.4453125 0.06640625 0.03984375
0 0.159375 0.44609375 0.06015625 0.03984375
0 0.2203125 0.44765625 0.05234375 0.03984375
0 0.27421875 0.446875 0.053125 0.0390625
0 0.33359375 0.39765625 0.05625 0.02734375
0 0.3953125 0.3984375 0.06015625 0.0265625
0 0.39609375 0.42734375 0.0609375 0.0296875
0 0.3359375 0.4265625 0.05625 0.02421875
0 0.33515625 0.4546875 0.05546875 0.028125
0 0.39609375 0.45546875 0.0578125 0.02421875
0 0.4578125 0.403125 0.05625 0.0265625
0 0.4546875 0.42890625 0.05078125 0.02265625
0 0.4546875 0.45625 0.053125 0.02578125
0 0.58359375 0.38203125 0.04375 0.01875
0 0.5890625 0.40546875 0.046875 0.0203125
0 0.4578125 0.37421875 0.0578125 0.02734375
0 0.39453125 0.37265625 0.04375 0.01953125
0 0.33359375 0.37109375 0.0515625 0.0203125
0 0.09921875 0.3609375 0.06015625 0.01171875
0 0.25703125 0.31796875 0.06171875 0.04296875
0 0.32421875 0.26953125 0.06328125 0.0296875
0 0.39140625 0.27109375 0.06796875 0.03203125
0 0.45703125 0.27265625 0.04921875 0.02578125
0 0.0203125 0.0984375 0.040625 0.028125
0 0.08828125 0.07421875 0.0515625 0.00859375
0 0.325 0.2984375 0.0609375 0.02578125
0 0.3953125 0.30078125 0.06328125 0.02734375
0 0.46015625 0.3 0.05625 0.0265625
0 0.2546875 0.271875 0.0578125 0.04296875
0 0.3265625 0.32734375 0.06875 0.02578125
0 0.459375 0.32890625 0.0546875 0.02578125
0 0.028125 0.4 0.05234375 0.0125
0 0.02734375 0.41484375 0.05390625 0.01328125
0 0.02734375 0.43125 0.05390625 0.0140625
0 0.02578125 0.453125 0.0515625 0.02265625
0 0.0875 0.38046875 0.0640625 0.0265625
0 0.15703125 0.3828125 0.0640625 0.02578125
0 0.1671875 0.36171875 0.05859375 0.01171875
0 0.909375 0.2890625 0.04609375 0.10546875
0 0.39609375 0.32890625 0.06484375 0.02578125
0 0.846875 0.2984375 0.0640625 0.02890625
0 0.24296875 0.9453125 0.0515625 0.02578125
0 0.78359375 0.3296875 0.0578125 0.0265625
0 0.0875 0.6609375 0.0546875 0.025
0 0.1484375 0.6609375 0.05625 0.025
0 0.1421875 0.690625 0.06015625 0.02890625
0 0.0859375 0.6859375 0.05 0.02265625
0 0.984375 0.7765625 0.0296875 0.0859375
0 0.9453125 0.77578125 0.0375 0.090625
0 0.903125 0.775 0.03828125 0.08828125
0 0.86640625 0.7734375 0.0296875 0.08828125
0 0.81953125 0.7390625 0.05078125 0.0140625
0 0.81640625 0.7546875 0.0578125 0.0125
0 0.81640625 0.7703125 0.05390625 0.0125
0 0.8203125 0.78515625 0.0578125 0.01171875
0 0.81875 0.79765625 0.05546875 0.01171875
0 0.81640625 0.8125 0.0578125 0.0125
0 0.75234375 0.75234375 0.059375 0.0265625
0 0.75234375 0.77734375 0.0546875 0.02265625
0 0.75703125 0.8046875 0.05546875 0.025
0 0.68828125 0.7359375 0.04375 0.01640625
0 0.69296875 0.7765625 0.05234375 0.03359375
0 0.153125 0.62890625 0.05234375 0.025
0 0.69765625 0.80703125 0.053125 0.0234375
0 0.084375 0.6328125 0.05703125 0.02578125
0 0.02109375 0.6703125 0.0421875 0.021875
0 0.459375 0.6640625 0.0546875 0.02734375
0 0.4609375 0.6921875 0.05703125 0.02734375
0 0.41640625 0.6640625 0.01796875 0.02734375
0 0.4234375 0.69375 0.01328125 0.025
0 0.4078125 0.6921875 0.01484375 0.02578125
0 0.38515625 0.66640625 0.03515625 0.02578125
0 0.38359375 0.69296875 0.03125 0.02421875
0 0.34375 0.625 0.046875 0.02109375
0 0.34765625 0.66328125 0.0328125 0.02734375
0 0.34765625 0.69296875 0.0328125 0.025
0 0.31171875 0.665625 0.03359375 0.02734375
0 0.31171875 0.69296875 0.03359375 0.02421875
0 0.23046875 0.63359375 0.05703125 0.02734375
0 0.28671875 0.625 0.04296875 0.0234375
0 0.26484375 0.66484375 0.05234375 0.02421875
0 0.20625 0.6625 0.05625 0.028125
0 0.20546875 0.68984375 0.0546875 0.02421875
0 0.2640625 0.6921875 0.05546875 0.02421875
0 0.02109375 0.64140625 0.0421875 0.03125
0 0.0234375 0.69609375 0.046875 0.0234375
0 0.52109375 0.69296875 0.05625 0.02734375
0 0.62421875 0.74375 0.0578125 0.02890625
0 0.45078125 0.78125 0.05390625 0.0203125
0 0.34140625 0.01328125 0.0578125 0.0265625
0 0.40234375 0.01328125 0.05703125 0.02578125
0 0.465625 0.01484375 0.0578125 0.025
0 0.52734375 0.01484375 0.05703125 0.02421875
0 0.4015625 0.040625 0.06015625 0.02578125
0 0.4640625 0.04296875 0.05703125 0.02734375
0 0.52265625 0.0421875 0.05625 0.02578125
0 0.21328125 0.06796875 0.06484375 0.02578125
0 0.2765625 0.06796875 0.05859375 0.02421875
0 0.33671875 0.06796875 0.05859375 0.02421875
0 0.39921875 0.06875 0.05859375 0.02265625
0 0.46171875 0.0703125 0.059375 0.0234375
0 0.5203125 0.06953125 0.0515625 0.025
0 0.32890625 0.11171875 0.059375 0.0296875
0 0.39453125 0.1109375 0.0609375 0.03125
0 0.459375 0.11171875 0.059375 0.02890625
0 0.51953125 0.115625 0.053125 0.028125
0 0.56796875 0.1125 0.03671875 0.046875
0 0.78046875 0.3 0.05546875 0.028125
0 0.33984375 0.040625 0.05703125 0.02734375
0 0.50234375 0.74609375 0.04609375 0.02109375
0 0.2796875 0.03984375 0.06015625 0.02734375
0 0.28203125 0.01171875 0.0609375 0.02265625
0 0.4484375 0.80234375 0.05859375 0.0140625
0 0.44921875 0.81640625 0.05625 0.0125
0 0.50625 0.76796875 0.040625 0.01953125
0 0.56171875 0.77421875 0.05234375 0.03515625
0 0.5640625 0.8046875 0.04921875 0.02265625
0 0.62734375 0.80234375 0.05859375 0.03125
0 0.62578125 0.771875 0.05546875 0.02421875
0 0.50859375 0.78984375 0.04140625 0.01875
0 0.5125 0.8109375 0.0453125 0.01875
0 0.45546875 0.73515625 0.0375 0.01640625
0 0.3984375 0.78046875 0.034375 0.025
0 0.39609375 0.8078125 0.03515625 0.025
0 0.2109375 0.7515625 0.05625 0.028125
0 0.28046875 0.74453125 0.0609375 0.02109375
0 0.32265625 0.778125 0.034375 0.028125
0 0.359375 0.77890625 0.03515625 0.02578125
0 0.359375 0.8078125 0.03125 0.025
0 0.3234375 0.80546875 0.03515625 0.02421875
0 0.21875 0.01328125 0.059375 0.02421875
0 0.21328125 0.0390625 0.05703125 0.025
0 0.32890625 0.16953125 0.06015625 0.02734375
0 0.57890625 0.69375 0.05703125 0.0265625
0 0.51953125 0.66484375 0.0546875 0.02734375
0 0.27421875 0.57421875 0.0578125 0.02265625
0 0.21171875 0.57421875 0.05859375 0.0234375
0 0.21171875 0.55546875 0.05859375 0.0109375
0 0.2125 0.53984375 0.05546875 0.01484375
0 0.215625 0.521875 0.05234375 0.01171875
0 0.21484375 0.50859375 0.0515625 0.01015625
0 0.21796875 0.49453125 0.0609375 0.01171875
0 0.27578125 0.53984375 0.0578125 0.01171875
0 0.275 0.52578125 0.05625 0.0125
0 0.275 0.51015625 0.05546875 0.0125
0 0.334375 0.52421875 0.0578125 0.02578125
0 0.39765625 0.52421875 0.059375 0.028125
0 0.334375 0.55078125 0.0578125 0.02421875
0 0.396875 0.55078125 0.0578125 0.0234375
0 0.45625 0.54765625 0.05703125 0.0265625
0 0.45859375 0.57734375 0.059375 0.0234375
0 0.3953125 0.5765625 0.05625 0.02421875
0 0.33515625 0.5765625 0.059375 0.02421875
0 0.021875 0.5265625 0.0390625 0.01171875
0 0.2734375 0.55390625 0.05703125 0.01171875
0 0.0203125 0.54921875 0.0375 0.02109375
0 0.19453125 0.19609375 0.06328125 0.02421875
0 0.2640625 0.1671875 0.06328125 0.028125
0 0.2578125 0.10625 0.06875 0.02890625
0 0.190625 0.10546875 0.06328125 0.02734375
0 0.13515625 0.19609375 0.05078125 0.0203125
0 0.1328125 0.17265625 0.0546875 0.02265625
0 0.13046875 0.14921875 0.053125 0.02265625
0 0.12890625 0.1234375 0.05078125 0.02421875
0 0.07734375 0.20390625 0.059375 0.0078125
0 0.0734375 0.19453125 0.05390625 0.00859375
0 0.0734375 0.184375 0.0515625 0.00703125
0 0.071875 0.175 0.053125 0.0078125
0 0.0703125 0.16484375 0.0546875 0.00859375
0 0.07265625 0.1546875 0.0546875 0.00703125
0 0.07265625 0.14375 0.05390625 0.00859375
0 0.07265625 0.134375 0.0546875 0.0078125
0 0.07421875 0.12421875 0.053125 0.009375
0 0.0203125 0.19140625 0.040625 0.028125
0 0.190625 0.1375 0.06171875 0.0296875
0 0.2640625 0.1359375 0.06328125 0.02734375
0 0.19453125 0.16875 0.06171875 0.028125
0 0.2625 0.19609375 0.06484375 0.02421875
0 0.58125 0.66484375 0.0609375 0.02890625
0 0.01640625 0.57578125 0.0328125 0.02265625
0 0.1484375 0.51640625 0.0640625 0.0109375
0 0.70625 0.5765625 0.05703125 0.028125
0 0.6453125 0.57578125 0.05625 0.0265625
0 0.58515625 0.57578125 0.0609375 0.02578125
0 0.51796875 0.5453125 0.06015625 0.02734375
0 0.52109375 0.575 0.06171875 0.028125
0 0.984375 0.65703125 0.03125 0.0921875
0 0.94921875 0.65703125 0.03203125 0.08984375
0 0.909375 0.65859375 0.0421875 0.0953125
0 0.70859375 0.62890625 0.0546875 0.03125
0 0.7703125 0.6296875 0.05703125 0.03046875
0 0.8265625 0.64140625 0.05390625 0.0140625
0 0.8265625 0.6578125 0.053125 0.0140625
0 0.8265625 0.6734375 0.0546875 0.0125
0 0.82578125 0.69140625 0.05234375 0.0203125
0 0.7109375 0.66015625 0.0578125 0.0296875
0 0.76875 0.6609375 0.053125 0.028125
0 0.7671875 0.690625 0.05546875 0.0296875
0 0.709375 0.69140625 0.05078125 0.02734375
0 0.51640625 0.615625 0.04375 0.01015625
0 0.703125 0.546875 0.05625 0.0265625
0 0.07578125 0.51875 0.06640625 0.01171875
0 0.64609375 0.5453125 0.05078125 0.02890625
0 0.52109375 0.5125 0.05625 0.028125
0 0.078125 0.53046875 0.0609375 0.009375
0 0.14453125 0.53046875 0.06796875 0.0125
0 0.1453125 0.54296875 0.05859375 0.01015625
0 0.1453125 0.55546875 0.0578125 0.01171875
0 0.14765625 0.57421875 0.06328125 0.02265625
0 0.08203125 0.54140625 0.0609375 0.009375
0 0.08203125 0.5546875 0.06015625 0.009375
0 0.08046875 0.5734375 0.0703125 0.02578125
0 0.98671875 0.5390625 0.025 0.103125
0 0.94921875 0.5390625 0.040625 0.1
0 0.90546875 0.5390625 0.0390625 0.1
0 0.86796875 0.5390625 0.03203125 0.1
0 0.82890625 0.534375 0.028125 0.04375
0 0.79765625 0.53359375 0.03046875 0.04296875
0 0.821875 0.57578125 0.05625 0.0296875
0 0.75625 0.540625 0.04609375 0.0328125
0 0.7625 0.57578125 0.0546875 0.0296875
0 0.6921875 0.515625 0.0515625 0.02421875
0 0.63671875 0.515625 0.04921875 0.028125
0 0.5859375 0.54609375 0.06328125 0.0296875
0 0.39375 0.14140625 0.06015625 0.02578125
0 0.3296875 0.14140625 0.06328125 0.028125
0 0.51796875 0.14453125 0.05546875 0.025
0 0.8171875 0.01484375 0.05625 0.0234375
0 0.09375 0.00625 0.05859375 0.01015625
0 0.0296875 0.01015625 0.05546875 0.01796875
0 0.98359375 0.90390625 0.03125 0.10390625
0 0.9421875 0.89765625 0.03984375 0.10078125
0 0.8953125 0.89765625 0.0328125 0.09765625
0 0.85859375 0.89921875 0.03359375 0.09921875
0 0.8125 0.946875 0.0546875 0.01015625
0 0.81015625 0.93359375 0.04609375 0.01015625
0 0.8109375 0.92265625 0.0484375 0.00859375
0 0.8109375 0.9125 0.0515625 0.0109375
0 0.8109375 0.90234375 0.0515625 0.00625
0 0.80703125 0.89296875 0.04921875 0.01015625
0 0.4578125 0.1421875 0.06015625 0.0265625
0 0.8078125 0.87421875 0.0578125 0.02265625
0 0.72421875 0.878125 0.059375 0.034375
0 0.75390625 0.9140625 0.05546875 0.028125
0 0.75546875 0.9421875 0.05234375 0.0234375
0 0.6953125 0.9453125 0.0578125 0.02578125
0 0.6375 0.93828125 0.04921875 0.034375
0 0.63984375 0.8953125 0.05390625 0.0453125
0 0.58359375 0.93671875 0.04921875 0.0421875
0 0.46484375 0.953125 0.0609375 0.01015625
0 0.4625 0.94140625 0.06015625 0.0078125
0 0.46015625 0.93125 0.06484375 0.01015625
0 0.53046875 0.94765625 0.0546875 0.02109375
0 0.52734375 0.921875 0.0515625 0.0234375
0 0.46171875 0.91796875 0.06328125 0.01171875
0 0.696875 0.915625 0.05625 0.02734375
0 0.815625 0.071875 0.0578125 0.02734375
0 0.75390625 0.0703125 0.0578125 0.02734375
0 0.75546875 0.0421875 0.0578125 0.0265625
0 0.85 0.32890625 0.06484375 0.028125
0 0.1484375 0.07421875 0.059375 0.01015625
0 0.15 0.0625 0.0546875 0.01015625
0 0.08984375 0.0625 0.05078125 0.01015625
0 0.1515625 0.0484375 0.0546875 0.01328125
0 0.08984375 0.04765625 0.0546875 0.01171875
0 0.153125 0.034375 0.0578125 0.0125
0 0.09140625 0.034375 0.05859375 0.0125
0 0.02421875 0.065625 0.0484375 0.025
0 0.025 0.03671875 0.04921875 0.0296875
0 0.153125 0.01953125 0.05703125 0.0125
0 0.09140625 0.01953125 0.05703125 0.01171875
0 0.15703125 0.00625 0.06015625 0.01015625
0 0.753125 0.1515625 0.05703125 0.02578125
0 0.815625 0.15234375 0.05703125 0.028125
0 0.87734375 0.19921875 0.05703125 0.02734375
0 0.8765625 0.17421875 0.059375 0.01640625
0 0.9296875 0.1609375 0.0390625 0.10546875
0 0.97734375 0.16015625 0.0453125 0.10546875
0 0.57109375 0.06875 0.03515625 0.02734375
0 0.57421875 0.040625 0.034375 0.025
0 0.57734375 0.0125 0.03515625 0.021875
0 0.6203125 0.06953125 0.0578125 0.025
0 0.6234375 0.04140625 0.05546875 0.02734375
0 0.6265625 0.01328125 0.05703125 0.02421875
0 0.6859375 0.0703125 0.06484375 0.028125
0 0.6890625 0.040625 0.065625 0.028125
0 0.69140625 0.0125 0.06484375 0.025
0 0.75625 0.01484375 0.0578125 0.02421875
0 0.58046875 0.8734375 0.046875 0.0421875
0 0.52578125 0.890625 0.0546875 0.0359375
0 0.815625 0.04296875 0.05625 0.028125
0 0.4015625 0.9484375 0.0546875 0.02578125
0 0.11953125 0.7859375 0.10625 0.00625
0 0.12109375 0.77890625 0.109375 0.00625
0 0.12109375 0.7703125 0.10859375 0.00703125
0 0.11953125 0.7609375 0.1109375 0.0078125
0 0.11640625 0.753125 0.11328125 0.00703125
0 0.11484375 0.74375 0.11015625 0.00625
0 0.1140625 0.73359375 0.11171875 0.009375
0 0.03359375 0.80546875 0.05859375 0.02734375
0 0.02890625 0.75234375 0.04921875 0.0203125
0 0.2171875 0.8109375 0.059375 0.02265625
0 0.21484375 0.78359375 0.06015625 0.02890625
0 0.27578125 0.80859375 0.05234375 0.0265625
0 0.27734375 0.77578125 0.05078125 0.02890625
0 0.11875 0.79375 0.109375 0.00625
0 0.33046875 0.1984375 0.06328125 0.02578125
0 0.45703125 0.1703125 0.06328125 0.028125
0 0.51875 0.17265625 0.0546875 0.02578125
0 0.3953125 0.19921875 0.06015625 0.0234375
0 0.46015625 0.19921875 0.059375 0.025
0 0.51953125 0.2 0.0546875 0.025
0 0.56796875 0.1609375 0.034375 0.04453125
0 0.56953125 0.19921875 0.03671875 0.02578125
0 0.97578125 0.04453125 0.046875 0.08515625
0 0.928125 0.04453125 0.04140625 0.084375
0 0.875 0.0171875 0.05625 0.02421875
0 0.87578125 0.0453125 0.05703125 0.02578125
0 0.87734375 0.07265625 0.05546875 0.02578125
0 0.46640625 0.8921875 0.059375 0.0328125
0 0.39296875 0.17109375 0.05859375 0.0265625
0 0.1234375 0.80078125 0.1140625 0.00625
0 0.03046875 0.778125 0.05625 0.02421875
0 0.12265625 0.8171875 0.115625 0.00859375
0 0.346875 0.94765625 0.0484375 0.02421875
0 0.40234375 0.921875 0.0515625 0.02421875
0 0.3484375 0.92265625 0.04765625 0.0234375
0 0.40234375 0.8921875 0.0515625 0.02890625
0 0.12265625 0.8078125 0.10859375 0.00625
0 0.296875 0.95546875 0.04765625 0.01171875
0 0.29765625 0.94296875 0.04375 0.01171875
0 0.2984375 0.9296875 0.04609375 0.01171875
0 0.29609375 0.91640625 0.0453125 0.01171875
0 0.29765625 0.90390625 0.04453125 0.01171875
0 0.29609375 0.88671875 0.04453125 0.0203125
0 0.2421875 0.91796875 0.05 0.0265625
0 0.240625 0.88984375 0.05234375 0.02421875
0 0.18671875 0.9453125 0.0546875 0.02265625
0 0.18671875 0.9203125 0.0546875 0.02109375
0 0.34921875 0.89453125 0.0484375 0.02734375
0 0.121875 0.92890625 0.05859375 0.0203125
0 0.12421875 0.9515625 0.0546875 0.0203125
0 0.240625 0.86015625 0.0515625 0.02734375
0 0.18828125 0.8578125 0.04609375 0.02109375
0 0.12109375 0.88359375 0.05234375 0.025
0 0.18203125 0.89609375 0.05390625 0.02421875
0 0.0421875 0.89296875 0.08359375 0.02578125
0 0.13671875 0.84921875 0.04921875 0.01484375
0 0.04296875 0.925 0.0859375 0.00859375
0 0.04140625 0.93359375 0.08203125 0.00625
0 0.04375 0.94296875 0.0875 0.0078125
0 0.04375 0.95234375 0.0875 0.0078125
0 0.11796875 0.9078125 0.059375 0.01875
0 0.04296875 0.9140625 0.08515625 0.00859375