0 0.59765625 0.11875 0.0671875 0.02421875
0 0.11796875 0.8296875 0.040625 0.05625
0 0.08125 0.8296875 0.028125 0.06015625
0 0.0484375 0.83046875 0.03125 0.05859375
0 0.01484375 0.83046875 0.0296875 0.0578125
0 0.02890625 0.70390625 0.0390625 0.06015625
0 0.08203125 0.70390625 0.03515625 0.0609375
0 0.11953125 0.70390625 0.03828125 0.0625
0 0.16015625 0.69453125 0.03984375 0.075
0 0.20625 0.69453125 0.0390625 0.07265625
0 0.24375 0.3078125 0.04609375 0.08984375
0 0.3140625 0.31328125 0.05703125 0.07890625
0 0.396875 0.3140625 0.05 0.078125
0 0.49921875 0.31484375 0.053125 0.078125
0 0.55078125 0.31171875 0.0421875 0.071875
0 0.596875 0.315625 0.046875 0.07734375
0 0.6640625 0.315625 0.05390625 0.0796875
0 0.7203125 0.31640625 0.04609375 0.078125
0 0.77109375 0.315625 0.053125 0.08046875
0 0.82578125 0.3109375 0.05 0.08984375
0 0.8765625 0.3109375 0.05 0.08671875
0 0.984375 0.471875 0.03046875 0.07734375
0 0.934375 0.46796875 0.04921875 0.0859375
0 0.87265625 0.47109375 0.05078125 0.0765625
0 0.821875 0.46796875 0.0453125 0.0828125
0 0.70546875 0.47265625 0.05546875 0.071875
0 0.646875 0.47265625 0.05546875 0.0734375
0 0.58203125 0.471875 0.05546875 0.07109375
0 0.16328125 0.8203125 0.034375 0.0671875
0 0.509375 0.47265625 0.059375 0.07109375
0 0.20234375 0.81796875 0.0421875 0.06640625
0 0.29921875 0.82265625 0.040625 0.0625
0 0.92734375 0.1921875 0.03125 0.08671875
0 0.88515625 0.18984375 0.04453125 0.090625
0 0.82578125 0.18984375 0.059375 0.08828125
0 0.775 0.1890625 0.034375 0.08984375
0 0.7328125 0.1890625 0.0484375 0.08984375
0 0.603125 0.196875 0.0578125 0.07421875
0 0.5390625 0.19609375 0.0515625 0.07578125
0 0.4484375 0.1953125 0.05859375 0.07578125
0 0.36484375 0.18359375 0.0578125 0.053125
0 0.29296875 0.1921875 0.0578125 0.07578125
0 0.2265625 0.18671875 0.05 0.08515625
0 0.175 0.18671875 0.04296875 0.08671875
0 0.12265625 0.18515625 0.05390625 0.090625
0 0.0265625 0.1921875 0.034375 0.07421875
0 0.01171875 0.3109375 0.02265625 0.07734375
0 0.04453125 0.31484375 0.0328125 0.06875
0 0.14140625 0.309375 0.046875 0.0890625
0 0.19140625 0.309375 0.04765625 0.084375
0 0.725 0.81640625 0.046875 0.065625
0 0.6765625 0.81953125 0.04375 0.0609375
0 0.62578125 0.81796875 0.046875 0.06640625
0 0.57890625 0.82109375 0.0453125 0.06171875
0 0.53046875 0.82109375 0.03515625 0.0609375
0 0.49140625 0.81796875 0.03671875 0.0671875
0 0.446875 0.81875 0.04375 0.06015625
0 0.39921875 0.821875 0.04921875 0.065625
0 0.34609375 0.81953125 0.04296875 0.0609375
0 0.2515625 0.8171875 0.04296875 0.06875
0 0.97578125 0.18984375 0.0484375 0.0875
0 0.4515625 0.471875 0.05625 0.0734375
0 0.3390625 0.47265625 0.0484375 0.07109375
0 0.83515625 0.69296875 0.04296875 0.075
0 0.7671875 0.69453125 0.04140625 0.0765625
0 0.02109375 0.1109375 0.01328125 0.0203125
0 0.01796875 0.08046875 0.01953125 0.03828125
0 0.09921875 0.1109375 0.025 0.01875
0 0.090625 0.08125 0.02265625 0.03671875
0 0.125 0.084375 0.04375 0.025
0 0.13359375 0.1125 0.03671875 0.02421875
0 0.16875 0.084375 0.03125 0.03046875
0 0.171875 0.11328125 0.0375 0.02578125
0 0.2203125 0.08359375 0.02109375 0.0375
0 0.22734375 0.11484375 0.021875 0.02421875
0 0.2546875 0.0859375 0.040625 0.0296875
0 0.25625 0.11484375 0.03359375 0.021875
0 0.290625 0.08203125 0.0328125 0.034375
0 0.3265625 0.08203125 0.034375 0.03828125
0 0.29296875 0.11328125 0.03359375 0.02265625
0 0.7109375 0.69765625 0.04921875 0.06484375
0 0.659375 0.6984375 0.040625 0.0625
0 0.609375 0.69609375 0.04921875 0.0640625
0 0.55546875 0.69609375 0.0421875 0.0640625
0 0.50859375 0.69609375 0.04453125 0.0640625
0 0.24921875 0.6953125 0.03828125 0.07109375
0 0.30625 0.696875 0.04921875 0.06328125
0 0.35703125 0.6984375 0.04921875 0.065625
0 0.41171875 0.69609375 0.04609375 0.06640625
0 0.459375 0.69609375 0.04296875 0.06328125
0 0.890625 0.69453125 0.05234375 0.07734375
0 0.39296875 0.471875 0.05703125 0.07265625
0 0.9484375 0.696875 0.03515625 0.06796875
0 0.978125 0.58515625 0.04375 0.0671875
0 0.2828125 0.471875 0.0609375 0.0734375
0 0.228125 0.465625 0.04375 0.0828125
0 0.175 0.46953125 0.04296875 0.078125
0 0.1296875 0.465625 0.0390625 0.08203125
0 0.04921875 0.46015625 0.0234375 0.0671875
0 0.0984375 0.46875 0.02421875 0.0671875
0 0.0734375 0.475 0.021875 0.06953125
0 0.021875 0.47578125 0.02734375 0.06484375
0 0.0265625 0.58828125 0.0390625 0.06640625
0 0.06953125 0.58515625 0.03984375 0.0625
0 0.10625 0.58671875 0.03046875 0.0640625
0 0.14765625 0.57890625 0.04296875 0.0796875
0 0.19375 0.5796875 0.046875 0.078125
0 0.2421875 0.58125 0.04296875 0.078125
0 0.29453125 0.58359375 0.04765625 0.07265625
0 0.346875 0.5828125 0.05390625 0.06953125
0 0.396875 0.5828125 0.03515625 0.07265625
0 0.453125 0.584375 0.04921875 0.06796875
0 0.5046875 0.58359375 0.0484375 0.0671875
0 0.57265625 0.58125 0.05390625 0.07265625
0 0.62578125 0.584375 0.04609375 0.07265625
0 0.67734375 0.58359375 0.04609375 0.0734375
0 0.7328125 0.5828125 0.05 0.06953125
0 0.775 0.57578125 0.02890625 0.06015625
0 0.80625 0.58203125 0.03046875 0.07890625
0 0.84609375 0.58125 0.05 0.07578125
0 0.9046875 0.58125 0.0546875 0.078125
0 0.9875 0.69765625 0.02421875 0.065625
0 0.5453125 0.0859375 0.04375 0.040625
0 0.93203125 0.31171875 0.05703125 0.08828125
0 0.97421875 0.80703125 0.03671875 0.08671875
0 0.87109375 0.12109375 0.0390625 0.02578125
0 0.82890625 0.12109375 0.0390625 0.0265625
0 0.8328125 0.090625 0.03671875 0.0328125
0 0.77734375 0.8140625 0.0296875 0.0796875
0 0.81796875 0.81328125 0.0421875 0.0765625
0 0.865625 0.79609375 0.0453125 0.065625
0 0.93984375 0.7984375 0.02578125 0.0796875
0 0.79296875 0.08984375 0.03671875 0.0328125
0 0.8734375 0.0921875 0.03828125 0.028125
0 0.5828125 0.0875 0.03125 0.03515625
0 0.64765625 0.0890625 0.028125 0.0328125
0 0.646875 0.11875 0.0296875 0.02421875
0 0.67578125 0.1203125 0.028125 0.021875
0 0.68046875 0.090625 0.03359375 0.03203125
0 0.71328125 0.090625 0.03203125 0.03203125
0 0.71015625 0.11875 0.034375 0.02109375
0 0.79453125 0.06484375 0.0453125 0.0140625
0 0.74921875 0.090625 0.0375 0.034375
0 0.61640625 0.0890625 0.0328125 0.03203125
0 0.74765625 0.1203125 0.0390625 0.02265625
0 0.9171875 0.0609375 0.04609375 0.034375
0 0.9125 0.12265625 0.03671875 0.0203125
0 0.525 0.1203125 0.0765625 0.0234375
0 0.50234375 0.08984375 0.040625 0.03515625
0 0.45859375 0.08203125 0.04453125 0.0421875
0 0.4625 0.1171875 0.0375 0.02109375
0 0.41796875 0.11796875 0.04609375 0.02109375
0 0.41328125 0.0890625 0.04296875 0.03203125
0 0.36875 0.1125 0.046875 0.0296875
0 0.37109375 0.0796875 0.03828125 0.03515625
0 0.91328125 0.09609375 0.0390625 0.02890625
0 0.328125 0.11484375 0.03125 0.025
0 0.98515625 0.103125 0.0296875 0.025
0 0.9859375 0.12421875 0.028125 0.0171875
0 0.99140625 0.0671875 0.0171875 0.03125
0 0.9609375 0.059375 0.040625 0.0328125
0 0.953125 0.0953125 0.0328125 0.0296875
0 0.9515625 0.1234375 0.03515625 0.01875
0 0.7875 0.12109375 0.0359375 0.02265625