0 0.38203125 0.8640625 0.03671875 0.0859375
0 0.3359375 0.8640625 0.05234375 0.07890625
0 0.28203125 0.865625 0.05546875 0.0765625
0 0.96953125 0.63359375 0.06015625 0.096875
0 0.97421875 0.740625 0.0515625 0.09140625
0 0.91328125 0.75390625 0.05546875 0.09609375
0 0.15390625 0.8625 0.10390625 0.0703125
0 0.4265625 0.85859375 0.04453125 0.0953125
0 0.571875 0.86953125 0.05234375 0.0828125
0 0.50703125 0.8578125 0.0265625 0.08828125
0 0.53203125 0.86640625 0.02578125 0.0765625
0 0.91171875 0.62734375 0.04140625 0.075
0 0.61953125 0.8609375 0.04375 0.09765625
0 0.86015625 0.8625 0.0375 0.07109375
0 0.81875 0.8671875 0.0453125 0.078125
0 0.77734375 0.8671875 0.03984375 0.0765625
0 0.74140625 0.87265625 0.03046875 0.0671875
0 0.70390625 0.8671875 0.0328125 0.08203125
0 0.665625 0.865625 0.04296875 0.0875
0 0.4734375 0.85859375 0.04453125 0.0953125
0 0.8640625 0.62109375 0.05546875 0.09375
0 0.765625 0.7453125 0.04609375 0.0921875
0 0.76328125 0.621875 0.04453125 0.08828125
0 0.82109375 0.03203125 0.0453125 0.0625
0 0.8875 0.0359375 0.07578125 0.0515625
0 0.04140625 0.20546875 0.03984375 0.115625
0 0.7671875 0.0359375 0.0515625 0.0609375
0 0.69921875 0.05078125 0.08125 0.04375
0 0.61796875 0.040625 0.06171875 0.0796875
0 0.55546875 0.040625 0.0546875 0.0796875
0 0.490625 0.04296875 0.0546875 0.0828125
0 0.4375 0.04296875 0.05234375 0.08046875
0 0.384375 0.0453125 0.03828125 0.078125
0 0.3359375 0.04765625 0.0484375 0.07890625
0 0.28671875 0.05 0.04765625 0.08515625
0 0.23125 0.06015625 0.0609375 0.0671875
0 0.1734375 0.06484375 0.05234375 0.065625
0 0.1203125 0.06875 0.04765625 0.059375
0 0.0703125 0.06015625 0.04765625 0.084375
0 0.02265625 0.0609375 0.0453125 0.0859375
0 0.60859375 0.74609375 0.05859375 0.08125
0 0.66171875 0.7484375 0.04921875 0.08515625
0 0.71484375 0.7453125 0.05390625 0.09140625
0 0.8109375 0.73984375 0.04765625 0.1
0 0.70078125 0.609375 0.05234375 0.09140625
0 0.8234375 0.3484375 0.04375 0.0953125
0 0.16015625 0.20078125 0.04140625 0.1140625
0 0.11796875 0.20078125 0.03828125 0.1140625
0 0.98125 0.52265625 0.03671875 0.075
0 0.0375 0.59140625 0.03984375 0.05546875
0 0.0921875 0.61875 0.05234375 0.09375
0 0.14921875 0.6171875 0.059375 0.096875
0 0.2140625 0.6171875 0.07421875 0.10078125
0 0.2921875 0.61171875 0.07265625 0.096875
0 0.353125 0.60546875 0.04765625 0.0859375
0 0.93125 0.51953125 0.040625 0.09375
0 0.3921875 0.60703125 0.0328125 0.0828125
0 0.46171875 0.61484375 0.03671875 0.1015625
0 0.50078125 0.61640625 0.03984375 0.10546875
0 0.5515625 0.62109375 0.0609375 0.096875
0 0.0453125 0.6734375 0.03671875 0.04921875
0 0.0625 0.7546875 0.04921875 0.059375
0 0.01953125 0.75234375 0.0359375 0.0515625
0 0.11796875 0.7453125 0.0609375 0.08046875
0 0.4265625 0.6125 0.03359375 0.096875
0 0.1828125 0.740625 0.06171875 0.08125
0 0.87734375 0.490625 0.05 0.084375
0 0.72421875 0.49375 0.05625 0.0890625
0 0.940625 0.378125 0.05703125 0.08046875
0 0.03203125 0.4890625 0.046875 0.0859375
0 0.08203125 0.49453125 0.04296875 0.0984375
0 0.1234375 0.49453125 0.0390625 0.0984375
0 0.1640625 0.49609375 0.04140625 0.1
0 0.20625 0.4921875 0.04375 0.103125
0 0.246875 0.4921875 0.03984375 0.103125
0 0.82421875 0.4890625 0.05234375 0.0921875
0 0.2859375 0.4921875 0.03515625 0.10390625
0 0.3609375 0.4875 0.03828125 0.109375
0 0.40390625 0.4890625 0.04140625 0.1109375
0 0.44609375 0.4875 0.04453125 0.1125
0 0.52734375 0.48671875 0.03828125 0.1109375
0 0.57109375 0.496875 0.04375 0.0875
0 0.61875 0.49375 0.05234375 0.0921875
0 0.66953125 0.4921875 0.05078125 0.09140625
0 0.3234375 0.48828125 0.03828125 0.1078125
0 0.0796875 0.203125 0.03828125 0.11953125
0 0.23984375 0.74453125 0.05390625 0.0875
0 0.34296875 0.74453125 0.05234375 0.0796875
0 0.875 0.19296875 0.03828125 0.0265625
0 0.83671875 0.20390625 0.034375 0.0703125
0 0.79296875 0.20625 0.05390625 0.065625
0 0.74296875 0.2078125 0.04765625 0.071875
0 0.6921875 0.18828125 0.05390625 0.1140625
0 0.63828125 0.1890625 0.05234375 0.115625
0 0.58359375 0.18828125 0.05703125 0.115625
0 0.8828125 0.221875 0.05078125 0.02421875
0 0.53203125 0.190625 0.04765625 0.1203125
0 0.42578125 0.1921875 0.03984375 0.125
0 0.3828125 0.19375 0.04921875 0.12265625
0 0.3328125 0.1953125 0.04296875 0.125
0 0.2921875 0.1953125 0.03984375 0.121875
0 0.246875 0.196875 0.05 0.12265625
0 0.20078125 0.2 0.04296875 0.11484375
0 0.88203125 0.35625 0.05234375 0.08671875
0 0.47890625 0.1921875 0.05546875 0.11875
0 0.2921875 0.74609375 0.05078125 0.08359375
0 0.93359375 0.26875 0.04765625 0.0765625
0 0.04453125 0.3671875 0.04609375 0.0515625
0 0.39453125 0.746875 0.04921875 0.07890625
0 0.44453125 0.74921875 0.05078125 0.08125
0 0.553125 0.75078125 0.0546875 0.0734375
0 0.7796875 0.353125 0.04453125 0.084375
0 0.7296875 0.36484375 0.0484375 0.07265625
0 0.6734375 0.365625 0.06171875 0.0734375
0 0.61015625 0.365625 0.05390625 0.0828125
0 0.9453125 0.13828125 0.07109375 0.0796875
0 0.55703125 0.37109375 0.05078125 0.0703125
0 0.37109375 0.35703125 0.07578125 0.09921875
0 0.3078125 0.3578125 0.05 0.0984375
0 0.265625 0.359375 0.0375 0.1015625
0 0.2234375 0.3625 0.04609375 0.103125
0 0.178125 0.3609375 0.0453125 0.1
0 0.1375 0.36015625 0.03828125 0.1
0 0.09375 0.353125 0.04765625 0.0828125
0 0.47109375 0.3546875 0.05859375 0.1
0 0.48828125 0.48671875 0.04140625 0.11171875