0 0.51953125 0.11640625 0.034375 0.103125
0 0.928125 0.86171875 0.01796875 0.05703125
0 0.6265625 0.39921875 0.0265625 0.10546875
0 0.6625 0.66875 0.02265625 0.09296875
0 0.68515625 0.6703125 0.01953125 0.0921875
0 0.7109375 0.6640625 0.028125 0.08671875
0 0.8625 0.21875 0.025 0.08125
0 0.65 0.4 0.0171875 0.09765625
0 0.67578125 0.3984375 0.025 0.10859375
0 0.7 0.39453125 0.021875 0.1125
0 0.6109375 0.67421875 0.02890625 0.10234375
0 0.5828125 0.68359375 0.02109375 0.10234375
0 0.55625 0.684375 0.028125 0.1078125
0 0.5234375 0.68828125 0.034375 0.109375
0 0.72578125 0.39140625 0.02265625 0.109375
0 0.59921875 0.403125 0.021875 0.11171875
0 0.18203125 0.6203125 0.06875 0.0609375
0 0.44609375 0.80625 0.05078125 0.05390625
0 0.45 0.73828125 0.04375 0.06171875
0 0.38984375 0.81953125 0.0484375 0.0546875
0 0.328125 0.834375 0.05390625 0.0546875
0 0.2734375 0.846875 0.05078125 0.05546875
0 0.21484375 0.8625 0.059375 0.0578125
0 0.21015625 0.79609375 0.06640625 0.059375
0 0.721875 0.54453125 0.0234375 0.08359375
0 0.69609375 0.5484375 0.025 0.09140625
0 0.66796875 0.5484375 0.028125 0.08515625
0 0.63671875 0.54453125 0.0296875 0.11015625
0 0.60859375 0.54921875 0.02578125 0.1078125
0 0.5796875 0.55234375 0.028125 0.10625
0 0.1859375 0.68359375 0.06328125 0.06484375
0 0.55546875 0.55703125 0.0203125 0.1140625
0 0.571875 0.40234375 0.028125 0.115625
0 0.51953125 0.40703125 0.02578125 0.1203125
0 0.36328125 0.15859375 0.0546875 0.19296875
0 0.30078125 0.16875 0.0546875 0.18125
0 0.24765625 0.16953125 0.0453125 0.1953125
0 0.1953125 0.16953125 0.05390625 0.190625
0 0.140625 0.16640625 0.0546875 0.21171875
0 0.025 0.1859375 0.04609375 0.13125
0 0.6375 0.67421875 0.02265625 0.0953125
0 0.58359375 0.11328125 0.02734375 0.096875
0 0.6171875 0.115625 0.034375 0.096875
0 0.646875 0.1125 0.02578125 0.096875
0 0.67734375 0.1171875 0.034375 0.0921875
0 0.725 0.11953125 0.04140625 0.08828125
0 0.04140625 0.35703125 0.046875 0.11640625
0 0.5453125 0.40546875 0.02421875 0.1234375
0 0.05703125 0.52265625 0.0484375 0.10703125
0 0.0765625 0.6734375 0.0359375 0.11796875
0 0.034375 0.87421875 0.053125 0.10234375
0 0.16328125 0.4328125 0.05390625 0.18671875
0 0.21796875 0.43203125 0.0421875 0.18359375
0 0.271875 0.42890625 0.05390625 0.19140625
0 0.32890625 0.41171875 0.04453125 0.18671875
0 0.37890625 0.40703125 0.0453125 0.190625
0 0.425 0.40390625 0.03671875 0.1796875
0 0.521875 0.2609375 0.028125 0.1265625
0 0.55078125 0.26171875 0.0265625 0.1234375
0 0.58125 0.2578125 0.025 0.12265625
0 0.69609375 0.25390625 0.02578125 0.12734375
0 0.7234375 0.25625 0.02890625 0.115625
0 0.03515625 0.68125 0.0375 0.10625
0 0.9484375 0.85625 0.0171875 0.0609375
0 0.528125 0.55703125 0.0296875 0.1125
0 0.3625 0.64921875 0.04921875 0.065625
0 0.53671875 0.81875 0.02421875 0.09140625
0 0.565625 0.81171875 0.02421875 0.09140625
0 0.590625 0.81015625 0.02578125 0.0921875
0 0.6171875 0.80078125 0.02421875 0.084375
0 0.64375 0.79921875 0.02421875 0.08359375
0 0.66953125 0.7875 0.02265625 0.078125
0 0.69453125 0.77890625 0.021875 0.09375
0 0.7203125 0.775 0.0234375 0.0921875
0 0.825 0.79140625 0.02109375 0.084375
0 0.84765625 0.78515625 0.0203125 0.0859375
0 0.86953125 0.7796875 0.01796875 0.08046875
0 0.88984375 0.778125 0.02109375 0.075
0 0.91171875 0.77109375 0.01953125 0.06796875
0 0.45078125 0.9625 0.04609375 0.0421875
0 0.93125 0.76640625 0.01796875 0.075
0 0.54140625 0.940625 0.0265625 0.09453125
0 0.5703125 0.9359375 0.0234375 0.1046875
0 0.59765625 0.9265625 0.03203125 0.09296875
0 0.62890625 0.91796875 0.02734375 0.10625
0 0.65703125 0.909375 0.025 0.09609375
0 0.6875 0.903125 0.02734375 0.1046875
0 0.7140625 0.89296875 0.02578125 0.09140625
0 0.8140625 0.88828125 0.01953125 0.06875
0 0.83359375 0.88125 0.01953125 0.0765625
0 0.85234375 0.87578125 0.015625 0.0671875
0 0.86953125 0.8765625 0.01640625 0.06171875
0 0.89140625 0.87421875 0.021875 0.06640625
0 0.9109375 0.8671875 0.01328125 0.059375
0 0.953125 0.76015625 0.01875 0.07421875
0 0.41640625 0.64609375 0.05 0.059375
0 0.44921875 0.9109375 0.05 0.05234375
0 0.9390625 0.66015625 0.02265625 0.078125
0 0.36328125 0.578125 0.05625 0.06015625
0 0.31015625 0.66171875 0.05546875 0.06171875
0 0.3015625 0.590625 0.06875 0.06796875
0 0.246875 0.66953125 0.05546875 0.0609375
0 0.55390625 0.11953125 0.02890625 0.096875
0 0.83125 0.3296875 0.02109375 0.090625
0 0.853125 0.32734375 0.02109375 0.09453125
0 0.87578125 0.3234375 0.02109375 0.090625
0 0.89609375 0.3265625 0.01640625 0.0828125
0 0.98046875 0.32109375 0.02265625 0.08359375
0 0.82890625 0.45625 0.02109375 0.08984375
0 0.85078125 0.4546875 0.0203125 0.084375
0 0.87265625 0.45 0.01953125 0.08671875
0 0.96015625 0.65546875 0.01640625 0.08359375
0 0.89375 0.44921875 0.021875 0.0859375
0 0.93671875 0.4453125 0.01953125 0.08984375
0 0.9578125 0.44453125 0.01640625 0.07421875
0 0.97578125 0.44140625 0.01875 0.07578125
0 0.82890625 0.56640625 0.0171875 0.084375
0 0.8515625 0.56171875 0.0234375 0.0796875
0 0.875 0.55703125 0.01953125 0.0828125
0 0.89765625 0.56015625 0.02265625 0.07734375
0 0.96796875 0.54609375 0.021875 0.0703125
0 0.82578125 0.6828125 0.02265625 0.0875
0 0.8484375 0.67890625 0.02109375 0.08515625
0 0.871875 0.67421875 0.02421875 0.084375
0 0.8953125 0.66953125 0.01875 0.08046875
0 0.9171875 0.66328125 0.01953125 0.07890625
0 0.9140625 0.44765625 0.01953125 0.0859375
0 0.88515625 0.2203125 0.0171875 0.08125