0 0.096875 0.26171875 0.0703125 0.0484375
0 0.9890625 0.215625 0.021875 0.028125
0 0.42265625 0.30546875 0.0515625 0.0390625
0 0.69609375 0.22265625 0.0453125 0.02890625
0 0.74140625 0.228125 0.04296875 0.02734375
0 0.78828125 0.2296875 0.040625 0.02890625
0 0.82890625 0.2328125 0.03828125 0.02578125
0 0.8671875 0.2359375 0.0359375 0.03125
0 0.915625 0.21640625 0.03671875 0.0296875
0 0.95625 0.21640625 0.04296875 0.02890625
0 0.0296875 0.2984375 0.05859375 0.03125
0 0.91953125 0.24296875 0.040625 0.02265625
0 0.95859375 0.24296875 0.0390625 0.0234375
0 0.03203125 0.25625 0.05546875 0.05078125
0 0.60234375 0.2671875 0.06328125 0.05078125
0 0.5328125 0.2640625 0.075 0.05390625
0 0.4328125 0.25703125 0.0546875 0.05234375
0 0.35234375 0.25390625 0.06015625 0.05078125
0 0.2796875 0.30625 0.0859375 0.04140625
0 0.19375 0.30625 0.0890625 0.0421875
0 0.27890625 0.2609375 0.075 0.0484375
0 0.19140625 0.25859375 0.08515625 0.05
0 0.09765625 0.303125 0.0671875 0.03359375
0 0.3703125 0.3046875 0.0515625 0.040625
0 0.9890625 0.24453125 0.021875 0.02578125
0 0.51953125 0.20390625 0.05625 0.0359375
0 0.58671875 0.21484375 0.05390625 0.03125
0 0.934375 0.74453125 0.08515625 0.0296875
0 0.0359375 0.1015625 0.071875 0.0484375
0 0.109375 0.11171875 0.07421875 0.03984375
0 0.1875 0.11640625 0.0765625 0.0515625
0 0.03828125 0.153125 0.0734375 0.0484375
0 0.11015625 0.15546875 0.07109375 0.04375
0 0.19765625 0.16484375 0.0828125 0.0421875
0 0.27734375 0.13359375 0.05546875 0.053125
0 0.33671875 0.1375 0.0640625 0.04453125
0 0.39453125 0.14609375 0.0515625 0.05234375
0 0.45625 0.15390625 0.0640625 0.04453125
0 0.64375 0.21640625 0.0578125 0.0296875
0 0.51640625 0.16171875 0.059375 0.0453125
0 0.334375 0.18515625 0.05 0.03984375
0 0.47734375 0.31015625 0.04609375 0.03671875
0 0.3953125 0.19140625 0.04453125 0.040625
0 0.45078125 0.1953125 0.06328125 0.03203125
0 0.58203125 0.17578125 0.06640625 0.04609375
0 0.646875 0.1828125 0.05625 0.0375
0 0.7 0.1859375 0.0484375 0.04296875
0 0.74765625 0.19296875 0.04609375 0.0421875
0 0.79140625 0.19921875 0.0375 0.0328125
0 0.82890625 0.20234375 0.03828125 0.0375
0 0.8671875 0.20546875 0.040625 0.03203125
0 0.28203125 0.1828125 0.0546875 0.04375
0 0.534375 0.3109375 0.06328125 0.034375
0 0.8328125 0.759375 0.10234375 0.0234375
0 0.66328125 0.31796875 0.05859375 0.03828125
0 0.51484375 0.90859375 0.07265625 0.10234375
0 0.58515625 0.88984375 0.06484375 0.06484375
0 0.64765625 0.8765625 0.0578125 0.08984375
0 0.7078125 0.85078125 0.06484375 0.0609375
0 0.7734375 0.82421875 0.05078125 0.07734375
0 0.8515625 0.80625 0.084375 0.0609375
0 0.93671875 0.7890625 0.07890625 0.05625
0 0.91171875 0.5640625 0.0859375 0.02421875
0 0.91640625 0.6015625 0.05625 0.0328125
0 0.85859375 0.59921875 0.06328125 0.03671875
0 0.75234375 0.59296875 0.10859375 0.0171875
0 0.44375 0.92421875 0.06640625 0.0703125
0 0.759375 0.6234375 0.065625 0.040625
0 0.603125 0.603125 0.096875 0.028125
0 0.5296875 0.65078125 0.08046875 0.03671875
0 0.51484375 0.61171875 0.0609375 0.03125
0 0.4515625 0.6609375 0.07421875 0.0421875
0 0.43046875 0.6203125 0.09765625 0.03671875
0 0.3796875 0.68671875 0.0703125 0.0234375
0 0.37578125 0.6578125 0.07890625 0.02421875
0 0.2765625 0.68984375 0.11953125 0.046875
0 0.265625 0.63671875 0.13671875 0.0421875
0 0.1515625 0.70625 0.12734375 0.0515625
0 0.14140625 0.6515625 0.115625 0.05
0 0.69453125 0.6265625 0.06328125 0.03359375
0 0.040625 0.72421875 0.08046875 0.0578125
0 0.353125 0.91640625 0.096875 0.06953125
0 0.96171875 0.64296875 0.03984375 0.0265625
0 0.9625 0.59296875 0.0375 0.02734375
0 0.984375 0.5578125 0.03125 0.0375
0 0.1390625 0.78984375 0.1125 0.03984375
0 0.1578125 0.834375 0.13125 0.03984375
0 0.2578125 0.77109375 0.115625 0.0421875
0 0.275 0.81640625 0.10234375 0.0390625
0 0.3546875 0.74921875 0.0796875 0.0375
0 0.4359375 0.73203125 0.06875 0.0375
0 0.371875 0.7953125 0.07734375 0.040625
0 0.45703125 0.7796875 0.0765625 0.0484375
0 0.5234375 0.7265625 0.0953125 0.0328125
0 0.234375 0.94921875 0.1296875 0.0609375
0 0.534375 0.7671875 0.08125 0.03671875
0 0.6703125 0.696875 0.08984375 0.0328125
0 0.69296875 0.73671875 0.0796875 0.03671875
0 0.76171875 0.684375 0.0875 0.03515625
0 0.771875 0.72109375 0.0703125 0.03515625
0 0.83125 0.6625 0.0515625 0.02890625
0 0.87734375 0.6578125 0.0390625 0.03125
0 0.83828125 0.7015625 0.053125 0.0359375
0 0.596875 0.31171875 0.0625 0.03515625
0 0.88671875 0.690625 0.03984375 0.02734375
0 0.93046875 0.68046875 0.03125 0.03203125
0 0.96640625 0.671875 0.04140625 0.02734375
0 0.6140625 0.7484375 0.075 0.034375
0 0.04296875 0.67421875 0.07734375 0.04140625
0 0.6171875 0.640625 0.071875 0.03359375
0 0.9609375 0.50625 0.0359375 0.02890625
0 0.90859375 0.41875 0.0890625 0.02890625
0 0.9078125 0.3875 0.0828125 0.0296875
0 0.8265625 0.4234375 0.06484375 0.03046875
0 0.83125 0.3890625 0.06953125 0.0375
0 0.7515625 0.42578125 0.07734375 0.03046875
0 0.6484375 0.534375 0.028125 0.03515625
0 0.68828125 0.4265625 0.04296875 0.03125
0 0.63125 0.4265625 0.0640625 0.0359375
0 0.63046875 0.384375 0.0796875 0.03828125
0 0.56328125 0.42890625 0.06484375 0.03671875
0 0.48359375 0.43515625 0.08125 0.04140625
0 0.38828125 0.4359375 0.0828125 0.04296875
0 0.5546875 0.3859375 0.06015625 0.04296875
0 0.47421875 0.3875 0.0796875 0.04921875
0 0.3859375 0.3875 0.0875 0.0484375
0 0.25859375 0.4390625 0.1484375 0.04453125
0 0.25859375 0.3859375 0.1484375 0.05625
0 0.7203125 0.32109375 0.0546875 0.03125
0 0.77265625 0.31953125 0.0484375 0.03359375
0 0.7359375 0.28046875 0.059375 0.04453125
0 0.80234375 0.2859375 0.05625 0.03515625
0 0.85546875 0.290625 0.03828125 0.03203125
0 0.896875 0.2921875 0.0421875 0.0359375
0 0.97421875 0.39140625 0.0484375 0.03671875
0 0.94375 0.29296875 0.05234375 0.03359375
0 0.8609375 0.32265625 0.0328125 0.03046875
0 0.903125 0.32421875 0.0375 0.02265625
0 0.9421875 0.32421875 0.0375 0.025
0 0.659375 0.27890625 0.0421875 0.03671875
0 0.09375 0.39453125 0.1828125 0.04140625
0 0.09375 0.43984375 0.17578125 0.04609375
0 0.81875 0.321875 0.0453125 0.03359375
0 0.084375 0.56171875 0.1578125 0.090625
0 0.74921875 0.3875 0.08984375 0.03984375
0 0.36171875 0.509375 0.0828125 0.04765625
0 0.96171875 0.475 0.0328125 0.028125
0 0.90859375 0.5125 0.0609375 0.0265625
0 0.91015625 0.484375 0.065625 0.0296875
0 0.83828125 0.5203125 0.06484375 0.025
0 0.8375 0.490625 0.0640625 0.0328125
0 0.76640625 0.52890625 0.06328125 0.0265625
0 0.7 0.5375 0.07109375 0.02734375
0 0.24765625 0.54609375 0.140625 0.08984375
0 0.6984375 0.50546875 0.0578125 0.03125
0 0.60234375 0.53984375 0.059375 0.0421875
0 0.534375 0.54453125 0.06796875 0.034375
0 0.64609375 0.4921875 0.04140625 0.0375
0 0.584375 0.49375 0.071875 0.04765625
0 0.51953125 0.4984375 0.05546875 0.0421875
0 0.7671875 0.4984375 0.07734375 0.03046875
0 0.36875 0.5578125 0.0875 0.03828125
0 0.4453125 0.5046875 0.07890625 0.05859375
0 0.44921875 0.55703125 0.07421875 0.0421875