0 0.33359375 0.1515625 0.06953125 0.03359375
0 0.4953125 0.40703125 0.03203125 0.01875
0 0.57265625 0.40546875 0.02578125 0.01875
0 0.60078125 0.40625 0.02421875 0.02578125
0 0.6359375 0.4015625 0.0234375 0.02890625
0 0.48828125 0.0671875 0.06640625 0.03046875
0 0.6671875 0.40234375 0.02890625 0.0328125
0 0.2453125 0.1484375 0.09296875 0.028125
0 0.45859375 0.40546875 0.0234375 0.0328125
0 0.41171875 0.115625 0.0734375 0.03125
0 0.33515625 0.09609375 0.06953125 0.025
0 0.26015625 0.08984375 0.075 0.025
0 0.26953125 0.40078125 0.0234375 0.0296875
0 0.51015625 0.1109375 0.084375 0.0375
0 0.69296875 0.15390625 0.0859375 0.034375
0 0.66953125 0.12421875 0.06171875 0.01640625
0 0.2359375 0.4 0.034375 0.028125
0 0.59140625 0.1125 0.05859375 0.0296875
0 0.64453125 0.0625 0.0609375 0.02890625
0 0.56171875 0.06640625 0.06875 0.034375
0 0.30078125 0.39921875 0.0234375 0.0328125
0 0.32890625 0.403125 0.0203125 0.02734375
0 0.37265625 0.40625 0.02890625 0.03125
0 0.40078125 0.403125 0.0234375 0.02734375
0 0.43046875 0.40234375 0.0234375 0.02890625
0 0.26171875 0.11953125 0.06640625 0.01796875
0 0.65546875 0.1 0.0515625 0.02578125
0 0.69921875 0.40234375 0.0234375 0.02578125
0 0.4109375 0.15234375 0.07421875 0.03359375
0 0.28046875 0.6296875 0.0625 0.025
0 0.27734375 0.59296875 0.0734375 0.01796875
0 0.3578125 0.59375 0.0734375 0.01875
0 0.43046875 0.5921875 0.07109375 0.02109375
0 0.51015625 0.59140625 0.059375 0.01953125
0 0.58203125 0.590625 0.07109375 0.0203125
0 0.6609375 0.58828125 0.07265625 0.02734375
0 0.6625 0.5578125 0.0703125 0.01875
0 0.5828125 0.56484375 0.06328125 0.0234375
0 0.5046875 0.565625 0.071875 0.02578125
0 0.42890625 0.56953125 0.06328125 0.0203125
0 0.35390625 0.56796875 0.06171875 0.021875
0 0.2734375 0.56796875 0.07265625 0.0203125
0 0.6671875 0.5375 0.071875 0.021875
0 0.6765625 0.26875 0.07109375 0.03671875
0 0.35 0.62109375 0.05703125 0.025
0 0.4203125 0.62265625 0.06015625 0.025
0 0.496875 0.19375 0.078125 0.03359375
0 0.584375 0.18984375 0.07578125 0.03125
0 0.50390625 0.62421875 0.0640625 0.021875
0 0.58125 0.61796875 0.05546875 0.02421875
0 0.653125 0.62109375 0.06328125 0.0265625
0 0.5734375 0.64375 0.0671875 0.021875
0 0.59765625 0.26796875 0.0671875 0.03359375
0 0.51328125 0.27421875 0.07421875 0.02421875
0 0.434375 0.2671875 0.07109375 0.0296875
0 0.6828125 0.30390625 0.065625 0.02890625
0 0.3515625 0.2671875 0.07734375 0.0234375
0 0.25390625 0.23515625 0.084375 0.03125
0 0.35234375 0.23203125 0.08984375 0.03671875
0 0.43828125 0.23125 0.07578125 0.03359375
0 0.51875 0.240625 0.08203125 0.03203125
0 0.59921875 0.23203125 0.06875 0.03203125
0 0.67734375 0.23359375 0.07265625 0.028125
0 0.68984375 0.19140625 0.08671875 0.0328125
0 0.26171875 0.271875 0.0859375 0.02890625
0 0.515625 0.69921875 0.053125 0.0203125
0 0.6015625 0.30390625 0.0734375 0.028125
0 0.4328125 0.303125 0.07890625 0.02578125
0 0.5875 0.5359375 0.0703125 0.02109375
0 0.4296875 0.54140625 0.0609375 0.02421875
0 0.35625 0.5359375 0.06796875 0.02421875
0 0.3609375 0.64765625 0.0734375 0.01484375
0 0.28984375 0.6546875 0.075 0.01640625
0 0.28828125 0.68125 0.05703125 0.02109375
0 0.36484375 0.67734375 0.0625 0.0234375
0 0.43828125 0.67265625 0.0515625 0.01796875
0 0.51015625 0.671875 0.05 0.02109375
0 0.57578125 0.6765625 0.0578125 0.025
0 0.6578125 0.6515625 0.06953125 0.02265625
0 0.653125 0.6765625 0.0640625 0.01796875
0 0.58203125 0.6984375 0.05625 0.0140625
0 0.65625 0.69609375 0.05625 0.015625
0 0.5046875 0.15390625 0.07109375 0.03359375
0 0.434375 0.646875 0.0625 0.01484375
0 0.503125 0.64375 0.059375 0.01640625
0 0.5953125 0.15234375 0.075 0.03046875
0 0.24609375 0.18359375 0.075 0.034375
0 0.35 0.30234375 0.0796875 0.02890625
0 0.26328125 0.3046875 0.07578125 0.02578125
0 0.26171875 0.3375 0.07578125 0.02734375
0 0.34453125 0.33828125 0.07734375 0.02734375
0 0.42734375 0.334375 0.075 0.0265625
0 0.50859375 0.3421875 0.07578125 0.02578125
0 0.59609375 0.33828125 0.0828125 0.02421875
0 0.5171875 0.3078125 0.078125 0.0265625
0 0.67734375 0.3375 0.0703125 0.03359375
0 0.66640625 0.37265625 0.0734375 0.0234375
0 0.50390625 0.3765625 0.0625 0.02578125
0 0.42265625 0.37109375 0.08203125 0.025
0 0.34609375 0.37109375 0.0671875 0.02578125
0 0.26328125 0.36953125 0.07578125 0.02421875
0 0.4125 0.18828125 0.06640625 0.0296875
0 0.3265625 0.1875 0.071875 0.03125
0 0.58203125 0.37734375 0.071875 0.0265625
0 0.29453125 0.4421875 0.0625 0.02890625
0 0.25859375 0.0546875 0.07734375 0.03359375
0 0.4296875 0.44453125 0.06171875 0.025
0 0.65 0.87109375 0.05703125 0.02578125
0 0.64453125 0.89375 0.0546875 0.01796875
0 0.5828125 0.87265625 0.06328125 0.02109375
0 0.58203125 0.89375 0.05703125 0.01796875
0 0.5125 0.86640625 0.0671875 0.01875
0 0.5125 0.88515625 0.05390625 0.015625
0 0.36484375 0.44375 0.0625 0.0234375
0 0.66875 0.51015625 0.06796875 0.0265625
0 0.5109375 0.534375 0.06953125 0.02109375
0 0.359375 0.50234375 0.0671875 0.0328125
0 0.284375 0.50078125 0.07578125 0.03046875
0 0.2765625 0.53828125 0.0703125 0.02578125
0 0.64453125 0.8421875 0.0609375 0.028125
0 0.50703125 0.4953125 0.05859375 0.0109375
0 0.3703125 0.46484375 0.05703125 0.0109375
0 0.43828125 0.496875 0.065625 0.015625
0 0.30390625 0.8953125 0.065625 0.0375
0 0.37578125 0.89375 0.0625 0.03828125
0 0.37265625 0.86171875 0.065625 0.02265625
0 0.29921875 0.86171875 0.05703125 0.025
0 0.2953125 0.83046875 0.0640625 0.028125
0 0.36875 0.83515625 0.06640625 0.025
0 0.44453125 0.8515625 0.05546875 0.0171875
0 0.44765625 0.875 0.05234375 0.01796875
0 0.446875 0.90234375 0.06328125 0.025
0 0.51640625 0.90078125 0.0515625 0.0109375
0 0.29765625 0.46484375 0.065625 0.01328125
0 0.57890625 0.84453125 0.05859375 0.02265625
0 0.5875 0.50859375 0.0734375 0.025
0 0.5734375 0.81953125 0.0671875 0.02265625
0 0.5015625 0.4765625 0.059375 0.0234375
0 0.58671875 0.72109375 0.05703125 0.02109375
0 0.51640625 0.74765625 0.05546875 0.0234375
0 0.5171875 0.72265625 0.0640625 0.01796875
0 0.3828125 0.7546875 0.05546875 0.02109375
0 0.38046875 0.72890625 0.06171875 0.02421875
0 0.6546875 0.72109375 0.05546875 0.02265625
0 0.2921875 0.75546875 0.0578125 0.02109375
0 0.29140625 0.70390625 0.0640625 0.01796875
0 0.4484375 0.72265625 0.06015625 0.0171875
0 0.4484375 0.75078125 0.06015625 0.0234375
0 0.44453125 0.703125 0.05546875 0.01640625
0 0.378125 0.7046875 0.0609375 0.0203125
0 0.50390625 0.8375 0.0484375 0.02109375
0 0.29140625 0.7296875 0.06328125 0.02265625
0 0.4359375 0.47109375 0.05390625 0.02109375
0 0.58359375 0.746875 0.05859375 0.02109375
0 0.56796875 0.44765625 0.059375 0.0234375
0 0.43515625 0.82890625 0.059375 0.02109375
0 0.5046875 0.8109375 0.0625 0.02578125
0 0.575 0.7890625 0.05859375 0.02734375
0 0.6375 0.8125 0.0515625 0.02421875
0 0.63203125 0.4421875 0.06328125 0.0265625
0 0.4109375 0.0640625 0.0828125 0.03359375
0 0.653125 0.74765625 0.05546875 0.01953125
0 0.6421875 0.784375 0.0515625 0.02109375
0 0.5 0.44921875 0.06171875 0.025