0 0.7625 0.49765625 0.0421875 0.07578125
0 0.81171875 0.4984375 0.05859375 0.075
0 0.90546875 0.49375 0.08125 0.06015625
0 0.97265625 0.496875 0.0546875 0.06796875
0 0.09296875 0.5984375 0.0609375 0.109375
0 0.30546875 0.6046875 0.06796875 0.1125
0 0.2359375 0.60234375 0.07265625 0.10859375
0 0.37890625 0.60625 0.078125 0.1078125
0 0.4546875 0.609375 0.0703125 0.1140625
0 0.52265625 0.6203125 0.059375 0.09375
0 0.58203125 0.621875 0.059375 0.09765625
0 0.16484375 0.60078125 0.0671875 0.1140625
0 0.71328125 0.49609375 0.05078125 0.07421875
0 0.10703125 0.9265625 0.09453125 0.06953125
0 0.615625 0.49375 0.04765625 0.07265625
0 0.56640625 0.4921875 0.046875 0.075
0 0.8390625 0.83984375 0.05546875 0.0875
0 0.90234375 0.8390625 0.065625 0.0859375
0 0.96484375 0.8421875 0.059375 0.09453125
0 0.64609375 0.6234375 0.06875 0.09375
0 0.203125 0.93125 0.0921875 0.07734375
0 0.30703125 0.93671875 0.08984375 0.07265625
0 0.40625 0.94453125 0.0984375 0.0703125
0 0.51015625 0.946875 0.09375 0.071875
0 0.6171875 0.95078125 0.1046875 0.07109375
0 0.7203125 0.94921875 0.09765625 0.065625
0 0.82734375 0.9578125 0.09765625 0.0828125
0 0.9375 0.96171875 0.109375 0.0765625
0 0.6640625 0.49375 0.04921875 0.075
0 0.7109375 0.62578125 0.0609375 0.09140625
0 0.1484375 0.721875 0.0609375 0.08515625
0 0.8328125 0.63125 0.06171875 0.09453125
0 0.3953125 0.8234375 0.06484375 0.09140625
0 0.45859375 0.82578125 0.0609375 0.08671875
0 0.52265625 0.83046875 0.065625 0.08828125
0 0.58828125 0.83125 0.0640625 0.09140625
0 0.6515625 0.83359375 0.06171875 0.090625
0 0.715625 0.8359375 0.06484375 0.0859375
0 0.7796875 0.8390625 0.0609375 0.08671875
0 0.33203125 0.82109375 0.06328125 0.08671875
0 0.26875 0.8171875 0.05859375 0.08984375
0 0.21015625 0.815625 0.059375 0.08515625
0 0.14765625 0.8125 0.06015625 0.0875
0 0.090625 0.8109375 0.053125 0.08515625
0 0.89609375 0.74609375 0.05 0.07109375
0 0.7734375 0.62890625 0.06015625 0.09765625
0 0.83984375 0.7484375 0.053125 0.09375
0 0.71875 0.74296875 0.0578125 0.096875
0 0.59453125 0.72890625 0.05625 0.0828125
0 0.52578125 0.73515625 0.07265625 0.0921875
0 0.46171875 0.73515625 0.05703125 0.09296875
0 0.39765625 0.73125 0.06953125 0.09140625
0 0.3359375 0.728125 0.05546875 0.0921875
0 0.2734375 0.725 0.06796875 0.0875
0 0.21015625 0.72578125 0.06015625 0.08828125
0 0.0859375 0.71875 0.0640625 0.08984375
0 0.97578125 0.5859375 0.0484375 0.06875
0 0.909375 0.584375 0.078125 0.06796875
0 0.96953125 0.659375 0.06015625 0.08125
0 0.90390625 0.6515625 0.071875 0.06484375
0 0.7828125 0.7453125 0.0609375 0.09453125
0 0.6546875 0.73984375 0.0640625 0.08828125
0 0.96015625 0.328125 0.0796875 0.0484375
0 0.25546875 0.309375 0.03828125 0.06015625
0 0.14375 0.48125 0.05546875 0.07109375
0 0.19921875 0.4828125 0.05625 0.0734375
0 0.25390625 0.48515625 0.05390625 0.075
0 0.30859375 0.48515625 0.05546875 0.0765625
0 0.41640625 0.48984375 0.04921875 0.07109375
0 0.46953125 0.49140625 0.0453125 0.075
0 0.5171875 0.49140625 0.05 0.075
0 0.159375 0.3078125 0.04453125 0.0578125
0 0.115625 0.30859375 0.04140625 0.0578125
0 0.0796875 0.3078125 0.028125 0.0578125
0 0.88203125 0.1734375 0.10546875 0.04375
0 0.884375 0.21953125 0.10234375 0.04609375
0 0.77421875 0.20078125 0.1015625 0.07734375
0 0.6625 0.17421875 0.09453125 0.046875
0 0.66171875 0.21875 0.09609375 0.04296875
0 0.56171875 0.1828125 0.09921875 0.11328125
0 0.4578125 0.1796875 0.1046875 0.11484375
0 0.35078125 0.1765625 0.0921875 0.1109375
0 0.26171875 0.17578125 0.0875 0.1125
0 0.15703125 0.20390625 0.11484375 0.04765625
0 0.04765625 0.209375 0.09453125 0.034375
0 0.3046875 0.30703125 0.05703125 0.06640625
0 0.8859375 0.31015625 0.06015625 0.08203125
0 0.09140625 0.48203125 0.0484375 0.07109375
0 0.9734375 0.428125 0.05234375 0.06796875
0 0.36328125 0.4875 0.05234375 0.0734375
0 0.81875 0.41640625 0.0484375 0.08203125
0 0.36015625 0.3078125 0.05546875 0.06875
0 0.4234375 0.3015625 0.06875 0.0828125
0 0.2078125 0.30859375 0.053125 0.0578125
0 0.0859375 0.40390625 0.05234375 0.078125
0 0.14140625 0.403125 0.0578125 0.07734375
0 0.91015625 0.42578125 0.075 0.06953125
0 0.253125 0.40625 0.0640625 0.078125
0 0.31015625 0.40859375 0.05078125 0.08046875
0 0.36484375 0.41171875 0.05859375 0.07421875
0 0.4203125 0.4140625 0.05 0.07421875
0 0.47265625 0.41171875 0.0421875 0.07734375
0 0.5234375 0.4125 0.0421875 0.0796875
0 0.19609375 0.4046875 0.05078125 0.0796875
0 0.61953125 0.41875 0.046875 0.078125
0 0.66796875 0.41484375 0.04453125 0.078125
0 0.71484375 0.41640625 0.05 0.08203125
0 0.82890625 0.31015625 0.05234375 0.08203125
0 0.7640625 0.315625 0.06640625 0.07109375
0 0.69765625 0.3140625 0.0671875 0.07421875
0 0.62421875 0.31328125 0.06796875 0.06796875
0 0.55546875 0.3125 0.0703125 0.06875
0 0.4890625 0.303125 0.0625 0.08671875
0 0.56953125 0.41484375 0.053125 0.0765625
0 0.7671875 0.41640625 0.046875 0.0828125