0 0.825 0.9125 0.1859375 0.0234375
0 0.26953125 0.34375 0.1640625 0.0203125
0 0.2671875 0.3234375 0.1625 0.01953125
0 0.265625 0.30078125 0.16328125 0.02421875
0 0.43046875 0.3390625 0.14375 0.02578125
0 0.4296875 0.31640625 0.14453125 0.0203125
0 0.54140625 0.3125 0.0453125 0.07578125
0 0.58125 0.31328125 0.0359375 0.07578125
0 0.61953125 0.3125 0.040625 0.07578125
0 0.6625 0.31328125 0.04296875 0.07578125
0 0.80546875 0.31875 0.1796875 0.05
0 0.94609375 0.31875 0.1078125 0.05234375
0 0.94921875 0.28125 0.10078125 0.02109375
0 0.0875 0.6890625 0.16640625 0.028125
0 0.08984375 0.4328125 0.17578125 0.02578125
0 0.08828125 0.4078125 0.1765625 0.021875
0 0.08671875 0.3859375 0.16875 0.02109375
0 0.2828125 0.4328125 0.178125 0.02578125
0 0.08984375 0.49609375 0.17578125 0.025
0 0.090625 0.52109375 0.1765625 0.02421875
0 0.85234375 0.40078125 0.15078125 0.02578125
0 0.853125 0.428125 0.14921875 0.0234375
0 0.7046875 0.38984375 0.04609375 0.01953125
0 0.7 0.41015625 0.04609375 0.02109375
0 0.09296875 0.30234375 0.16875 0.0234375
0 0.70234375 0.42890625 0.04609375 0.0171875
0 0.603125 0.4015625 0.146875 0.02578125
0 0.603125 0.428125 0.1421875 0.0265625
0 0.45234375 0.40859375 0.15 0.0265625
0 0.453125 0.4328125 0.14296875 0.01796875
0 0.321875 0.38359375 0.16640625 0.01953125
0 0.28203125 0.4078125 0.18359375 0.0234375
0 0.60859375 0.378125 0.14453125 0.01875
0 0.0921875 0.32421875 0.16953125 0.0203125
0 0.09453125 0.3453125 0.16796875 0.02109375
0 0.85234375 0.21796875 0.134375 0.0171875
0 0.45703125 0.1734375 0.1453125 0.025
0 0.2921875 0.1484375 0.1875 0.0234375
0 0.28515625 0.175 0.1828125 0.0265625
0 0.1015625 0.1484375 0.184375 0.02421875
0 0.1015625 0.175 0.18203125 0.02890625
0 0.840625 0.0609375 0.1671875 0.02265625
0 0.459375 0.146875 0.146875 0.0234375
0 0.84296875 0.08125 0.1703125 0.0203125
0 0.621875 0.0765625 0.1859375 0.02578125
0 0.62109375 0.10078125 0.18828125 0.025
0 0.434375 0.0828125 0.17734375 0.0171875
0 0.43203125 0.10234375 0.18125 0.0234375
0 0.2484375 0.07890625 0.1796875 0.0265625
0 0.2484375 0.10390625 0.1796875 0.021875
0 0.83984375 0.09921875 0.1765625 0.01484375
0 0.08984375 0.4734375 0.17578125 0.0203125
0 0.6078125 0.17265625 0.15234375 0.0234375
0 0.7046875 0.17109375 0.034375 0.021875
0 0.85546875 0.23984375 0.15 0.02734375
0 0.64375 0.22109375 0.1390625 0.01328125
0 0.653125 0.2421875 0.14921875 0.02734375
0 0.49765625 0.22421875 0.11796875 0.0203125
0 0.5046875 0.246875 0.13671875 0.02265625
0 0.359375 0.24609375 0.1453125 0.028125
0 0.6109375 0.15 0.14609375 0.01953125
0 0.353125 0.22109375 0.14453125 0.02421875
0 0.209375 0.2484375 0.14921875 0.0265625
0 0.0640625 0.225 0.12578125 0.0265625
0 0.06640625 0.25078125 0.1234375 0.025
0 0.83046875 0.14140625 0.196875 0.02265625
0 0.828125 0.16640625 0.20078125 0.02421875
0 0.70546875 0.15 0.03046875 0.021875
0 0.20625 0.22265625 0.1453125 0.0265625
0 0.26953125 0.5203125 0.17578125 0.0234375
0 0.26875 0.496875 0.17578125 0.0234375
0 0.27421875 0.4734375 0.18046875 0.0203125
0 0.2546875 0.77578125 0.17578125 0.02421875
0 0.25 0.753125 0.1828125 0.02265625
0 0.2484375 0.73203125 0.1796875 0.01953125
0 0.44375 0.77890625 0.17890625 0.02265625
0 0.4453125 0.75546875 0.17734375 0.02421875
0 0.4453125 0.73359375 0.17265625 0.01875
0 0.08046875 0.7375 0.15234375 0.02265625
0 0.6234375 0.771875 0.17578125 0.021875
0 0.6296875 0.73125 0.165625 0.0140625
0 0.83046875 0.77578125 0.18828125 0.0234375
0 0.83125 0.74921875 0.1859375 0.02734375
0 0.10390625 0.90625 0.178125 0.0234375
0 0.103125 0.88203125 0.178125 0.025
0 0.10859375 0.85078125 0.175 0.02578125
0 0.628125 0.74921875 0.165625 0.02265625
0 0.11484375 0.81953125 0.1546875 0.01796875
0 0.07890625 0.75859375 0.15 0.01796875
0 0.93671875 0.646875 0.1265625 0.02109375
0 0.0921875 0.6625 0.15703125 0.0265625
0 0.259375 0.68046875 0.17734375 0.046875
0 0.2625 0.64765625 0.17109375 0.0171875
0 0.4453125 0.6921875 0.1640625 0.02109375
0 0.43984375 0.66953125 0.1703125 0.021875
0 0.4390625 0.64765625 0.16953125 0.02265625
0 0.078125 0.778125 0.1515625 0.0203125
0 0.61484375 0.68828125 0.1703125 0.02421875
0 0.6109375 0.64375 0.16796875 0.01796875
0 0.7859375 0.690625 0.16328125 0.0203125
0 0.7859375 0.6671875 0.1625 0.02578125
0 0.7828125 0.6453125 0.15703125 0.01796875
0 0.9359375 0.6921875 0.128125 0.0203125
0 0.9359375 0.66953125 0.128125 0.02578125
0 0.6140625 0.6640625 0.17265625 0.02265625
0 0.078125 0.07890625 0.15234375 0.0265625
0 0.284375 0.903125 0.17578125 0.02265625
0 0.290625 0.84296875 0.17265625 0.02265625
0 0.26015625 0.5828125 0.17109375 0.021875
0 0.259375 0.60625 0.1765625 0.025
0 0.08671875 0.56484375 0.16875 0.021875
0 0.08515625 0.58515625 0.1671875 0.01875
0 0.08671875 0.6078125 0.1640625 0.02421875
0 0.95859375 0.47265625 0.08203125 0.021875
0 0.2640625 0.56015625 0.17734375 0.021875
0 0.95859375 0.4953125 0.08203125 0.01875
0 0.8453125 0.47578125 0.14140625 0.0203125
0 0.84453125 0.496875 0.1421875 0.0203125
0 0.846875 0.51875 0.1359375 0.02421875
0 0.64375 0.490625 0.18515625 0.02421875
0 0.64609375 0.51640625 0.18359375 0.02578125
0 0.446875 0.50859375 0.1671875 0.0421875
0 0.95625 0.51640625 0.0875 0.0203125
0 0.28359375 0.87734375 0.175 0.02890625
0 0.43828125 0.6046875 0.1765625 0.025
0 0.4359375 0.55625 0.14140625 0.0203125
0 0.47265625 0.90625 0.1640625 0.0203125
0 0.4671875 0.884375 0.16640625 0.0234375
0 0.4640625 0.85859375 0.159375 0.01953125
0 0.4609375 0.83828125 0.1625 0.0203125
0 0.640625 0.896875 0.1671875 0.021875
0 0.63984375 0.87578125 0.16796875 0.02109375
0 0.4390625 0.58046875 0.17265625 0.02421875
0 0.63671875 0.85 0.159375 0.021875
0 0.8296875 0.8875 0.1796875 0.02578125
0 0.82578125 0.86328125 0.17109375 0.025
0 0.82109375 0.83125 0.18046875 0.0390625
0 0.8578125 0.603125 0.15 0.02421875
0 0.61953125 0.578125 0.175 0.0234375
0 0.61875 0.60390625 0.175 0.02734375
0 0.634375 0.82421875 0.15859375 0.02421875
0 0.07890625 0.1046875 0.153125 0.0265625
0 0.853125 0.578125 0.159375 0.0234375