0 0.38046875 0.796875 0.05078125 0.065625
0 0.43515625 0.796875 0.05234375 0.06640625
0 0.4890625 0.7984375 0.04765625 0.06953125
0 0.54453125 0.79453125 0.05703125 0.075
0 0.87578125 0.78984375 0.053125 0.0734375
0 0.6578125 0.79296875 0.05625 0.075
0 0.71484375 0.79375 0.0546875 0.0765625
0 0.328125 0.7984375 0.04921875 0.06875
0 0.9375 0.79140625 0.05234375 0.07890625
0 0.6015625 0.79296875 0.04921875 0.0734375
0 0.275 0.796875 0.04921875 0.06640625
0 0.32265625 0.14921875 0.0375 0.10390625
0 0.16796875 0.79765625 0.05234375 0.0671875
0 0.11484375 0.79765625 0.05 0.06796875
0 0.06015625 0.796875 0.05078125 0.06875
0 0.015625 0.796875 0.03125 0.065625
0 0.94609375 0.7046875 0.06875 0.0703125
0 0.87890625 0.7046875 0.0609375 0.07109375
0 0.81171875 0.7046875 0.06640625 0.071875
0 0.74140625 0.70625 0.06640625 0.06953125
0 0.66484375 0.7015625 0.06328125 0.071875
0 0.5984375 0.70390625 0.0671875 0.0765625
0 0.01640625 0.90546875 0.0328125 0.0296875
0 0.22265625 0.79765625 0.04765625 0.06796875
0 0.05625 0.90625 0.03984375 0.02421875
0 0.89453125 0.896875 0.046875 0.03359375
0 0.1453125 0.9015625 0.04140625 0.03359375
0 0.834375 0.40546875 0.03515625 0.0625
0 0.79375 0.3890625 0.03671875 0.08359375
0 0.7515625 0.3921875 0.040625 0.08828125
0 0.7109375 0.39296875 0.03671875 0.0921875
0 0.66328125 0.3921875 0.0421875 0.0921875
0 0.62109375 0.39140625 0.0390625 0.09296875
0 0.94765625 0.896875 0.053125 0.0328125
0 0.515625 0.7 0.09140625 0.07421875
0 0.84296875 0.89921875 0.05234375 0.03828125
0 0.78828125 0.9015625 0.0453125 0.03359375
0 0.09921875 0.90390625 0.04140625 0.03515625
0 0.73984375 0.90078125 0.0453125 0.03203125
0 0.64765625 0.903125 0.0453125 0.0359375
0 0.60234375 0.9046875 0.04296875 0.034375
0 0.55546875 0.90390625 0.04296875 0.03515625
0 0.509375 0.9046875 0.0390625 0.034375
0 0.4640625 0.9046875 0.0421875 0.034375
0 0.41796875 0.9 0.0390625 0.04140625
0 0.32734375 0.9015625 0.046875 0.040625
0 0.28046875 0.90859375 0.04375 0.025
0 0.23359375 0.90625 0.04375 0.02421875
0 0.18828125 0.90234375 0.040625 0.03671875
0 0.69296875 0.9015625 0.04296875 0.03125
0 0.4234375 0.69453125 0.08828125 0.06796875
0 0.34296875 0.70234375 0.05625 0.07421875
0 0.284375 0.703125 0.0546875 0.07265625
0 0.88203125 0.15078125 0.04765625 0.09921875
0 0.93046875 0.15390625 0.0390625 0.08984375
0 0.9765625 0.1515625 0.046875 0.0921875
0 0.0703125 0.27734375 0.04765625 0.096875
0 0.121875 0.28046875 0.0453125 0.090625
0 0.175 0.284375 0.05546875 0.0890625
0 0.2328125 0.2828125 0.04609375 0.0875
0 0.3125 0.26796875 0.10078125 0.04140625
0 0.3125 0.30859375 0.10078125 0.03671875
0 0.446875 0.28359375 0.15234375 0.096875
0 0.53984375 0.28359375 0.03046875 0.09453125
0 0.57109375 0.2859375 0.02890625 0.09140625
0 0.603125 0.284375 0.02890625 0.0890625
0 0.64140625 0.2859375 0.04140625 0.096875
0 0.68671875 0.28515625 0.040625 0.0921875
0 0.73203125 0.28515625 0.040625 0.0921875
0 0.76875 0.284375 0.028125 0.09453125
0 0.77734375 0.153125 0.0421875 0.09921875
0 0.80234375 0.28125 0.03046875 0.0828125
0 0.73125 0.15390625 0.0390625 0.10078125
0 0.6375 0.1546875 0.05 0.10078125
0 0.278125 0.1515625 0.0453125 0.1015625
0 0.22421875 0.15625 0.05546875 0.08515625
0 0.2234375 0.06796875 0.0546875 0.0859375
0 0.1625 0.15078125 0.03828125 0.10234375
0 0.1140625 0.14921875 0.04921875 0.10234375
0 0.06171875 0.1484375 0.046875 0.10078125
0 0.9859375 0.39609375 0.028125 0.0828125
0 0.02109375 0.50078125 0.0421875 0.0953125
0 0.07890625 0.49609375 0.03984375 0.09296875
0 0.2515625 0.50078125 0.06484375 0.09296875
0 0.33828125 0.4984375 0.040625 0.09296875
0 0.3828125 0.5 0.04296875 0.0953125
0 0.4125 0.1546875 0.04765625 0.09921875
0 0.45625 0.16171875 0.03359375 0.08203125
0 0.4984375 0.1578125 0.04765625 0.08984375
0 0.5453125 0.15625 0.03984375 0.09375
0 0.5890625 0.1546875 0.04296875 0.09375
0 0.684375 0.1546875 0.04609375 0.10078125
0 0.3640625 0.15078125 0.03828125 0.10234375
0 0.834375 0.284375 0.03125 0.090625
0 0.91484375 0.27578125 0.0421875 0.1015625
0 0.96640625 0.496875 0.04609375 0.0921875
0 0.07734375 0.61171875 0.08125 0.07265625
0 0.22109375 0.609375 0.084375 0.09140625
0 0.40234375 0.603125 0.0390625 0.0859375
0 0.446875 0.60234375 0.04609375 0.08671875
0 0.49296875 0.603125 0.03984375 0.08828125
0 0.57890625 0.6015625 0.04609375 0.090625
0 0.6390625 0.6078125 0.05078125 0.08125
0 0.70546875 0.61484375 0.0515625 0.04765625
0 0.778125 0.5984375 0.071875 0.07421875
0 0.9375 0.60078125 0.03984375 0.08984375
0 0.9796875 0.60078125 0.040625 0.090625
0 0.01796875 0.7078125 0.0359375 0.065625
0 0.06640625 0.70859375 0.053125 0.06953125
0 0.12265625 0.70625 0.05234375 0.06953125
0 0.17734375 0.70546875 0.05 0.065625
0 0.2296875 0.70546875 0.0484375 0.07109375
0 0.9234375 0.50078125 0.03359375 0.08515625
0 0.87265625 0.275 0.0375 0.1015625
0 0.884375 0.49765625 0.03515625 0.08671875
0 0.80703125 0.503125 0.03515625 0.09453125
0 0.96015625 0.284375 0.04296875 0.0828125
0 0.028125 0.38984375 0.05625 0.0921875
0 0.0875 0.38984375 0.053125 0.08828125
0 0.2484375 0.39140625 0.04609375 0.09375
0 0.33359375 0.38984375 0.04765625 0.09453125
0 0.38828125 0.3890625 0.04140625 0.09921875
0 0.43359375 0.3921875 0.04140625 0.09921875
0 0.48125 0.39140625 0.04140625 0.09296875
0 0.53203125 0.38984375 0.04609375 0.09375
0 0.42734375 0.49921875 0.04296875 0.08984375
0 0.46875 0.49609375 0.03515625 0.0890625
0 0.51484375 0.5 0.0421875 0.0921875
0 0.5546875 0.49921875 0.03515625 0.08984375
0 0.5984375 0.4984375 0.0453125 0.08828125
0 0.64765625 0.49921875 0.0390625 0.0921875
0 0.69609375 0.496875 0.05234375 0.08984375
0 0.75234375 0.49921875 0.046875 0.09609375
0 0.8453125 0.5 0.03828125 0.09140625
0 0.0203125 0.27734375 0.034375 0.09375
0 0.3734375 0.89921875 0.03671875 0.04296875
0 0.92421875 0.390625 0.0421875 0.08515625
0 0.87890625 0.390625 0.04453125 0.08984375