0 0.746875 0.66171875 0.01171875 0.04375
0 0.7328125 0.65078125 0.0140625 0.0484375
0 0.67734375 0.63125 0.009375 0.046875
0 0.70390625 0.64296875 0.0140625 0.046875
0 0.690625 0.6359375 0.009375 0.03984375
0 0.76328125 0.6703125 0.0125 0.04140625
0 0.7171875 0.6453125 0.0125 0.04609375
0 0.778125 0.6703125 0.01640625 0.0546875
0 0.9609375 0.73828125 0.015625 0.065625
0 0.81484375 0.6828125 0.015625 0.05703125
0 0.828125 0.69296875 0.01015625 0.04453125
0 0.84453125 0.6953125 0.01484375 0.0484375
0 0.8796875 0.70234375 0.01484375 0.05234375
0 0.89921875 0.71484375 0.0171875 0.05
0 0.92265625 0.721875 0.0171875 0.05078125
0 0.940625 0.73046875 0.0125 0.053125
0 0.796875 0.67890625 0.01484375 0.0546875
0 0.8625 0.69921875 0.015625 0.05625
0 0.62578125 0.54375 0.0234375 0.0359375
0 0.9859375 0.740625 0.02265625 0.06171875
0 0.65 0.5484375 0.025 0.03515625
0 0.675 0.5546875 0.025 0.03515625
0 0.703125 0.56640625 0.025 0.03359375
0 0.734375 0.575 0.02265625 0.02890625
0 0.765625 0.58515625 0.02578125 0.03515625
0 0.79921875 0.5953125 0.03125 0.03359375
0 0.834375 0.60546875 0.03125 0.03203125
0 0.60703125 0.5328125 0.0109375 0.03515625
0 0.87265625 0.6171875 0.0359375 0.03984375
0 0.9546875 0.63828125 0.040625 0.04296875
0 0.9890625 0.64765625 0.021875 0.04140625
0 0.59453125 0.52890625 0.0125 0.04140625
0 0.5796875 0.521875 0.015625 0.04375
0 0.5625 0.51640625 0.0109375 0.03984375
0 0.6640625 0.62890625 0.01328125 0.04453125
0 0.55078125 0.51640625 0.00859375 0.04140625
0 0.91328125 0.625 0.03828125 0.03984375
0 0.65078125 0.6203125 0.0109375 0.04453125
0 0.496875 0.38984375 0.0171875 0.02734375
0 0.62265625 0.6125 0.0109375 0.04765625
0 0.46640625 0.6328125 0.0171875 0.0515625
0 0.49140625 0.65703125 0.03046875 0.034375
0 0.52734375 0.65859375 0.028125 0.05625
0 0.5625 0.6625 0.025 0.06015625
0 0.603125 0.69140625 0.01875 0.06328125
0 0.6234375 0.70546875 0.0203125 0.05234375
0 0.646875 0.7125 0.0234375 0.0625
0 0.44765625 0.61953125 0.0171875 0.0546875
0 0.6765625 0.72578125 0.025 0.06484375
0 0.73515625 0.74765625 0.021875 0.05234375
0 0.77109375 0.77265625 0.0296875 0.05703125
0 0.809375 0.78515625 0.02890625 0.071875
0 0.8453125 0.79296875 0.034375 0.08359375
0 0.88125 0.81328125 0.03046875 0.07421875
0 0.9234375 0.82890625 0.0375 0.078125
0 0.97109375 0.84921875 0.0359375 0.0890625
0 0.70703125 0.73984375 0.025 0.0625
0 0.53984375 0.5109375 0.0109375 0.03984375
0 0.4140625 0.6 0.01875 0.0625
0 0.390625 0.59140625 0.021875 0.06640625
0 0.59765625 0.6 0.0171875 0.04609375
0 0.5796875 0.5953125 0.015625 0.04921875
0 0.5546875 0.5859375 0.025 0.04453125
0 0.5296875 0.58203125 0.01484375 0.0375
0 0.5125 0.5796875 0.0125 0.03125
0 0.4984375 0.5671875 0.0125 0.0390625
0 0.4828125 0.56171875 0.0125 0.03828125
0 0.4671875 0.5578125 0.01484375 0.03515625
0 0.45625 0.53046875 0.0125 0.01328125
0 0.43046875 0.54296875 0.0171875 0.03359375
0 0.4484375 0.553125 0.0109375 0.03046875
0 0.4140625 0.5328125 0.00859375 0.0375
0 0.4046875 0.53203125 0.00859375 0.03828125
0 0.39296875 0.52421875 0.0109375 0.040625
0 0.3828125 0.5234375 0.009375 0.0359375
0 0.3703125 0.52109375 0.009375 0.034375
0 0.3671875 0.5828125 0.0234375 0.0609375
0 0.63515625 0.61484375 0.0109375 0.04453125
0 0.528125 0.5078125 0.01171875 0.0421875
0 0.3875 0.24375 0.0109375 0.0421875
0 0.503125 0.49765625 0.0109375 0.040625
0 0.80703125 0.3609375 0.0234375 0.02109375
0 0.8359375 0.3578125 0.02890625 0.0375
0 0.8515625 0.3203125 0.0296875 0.02734375
0 0.86796875 0.36015625 0.03125 0.03984375
0 0.89921875 0.36796875 0.0265625 0.02109375
0 0.93359375 0.37421875 0.03125 0.01796875
0 0.96484375 0.37109375 0.0265625 0.025
0 0.99296875 0.36875 0.0140625 0.03671875
0 0.98203125 0.25546875 0.0171875 0.0609375
0 0.95390625 0.2578125 0.0328125 0.05859375
0 0.9171875 0.25703125 0.0328125 0.05625
0 0.87421875 0.2546875 0.03125 0.05234375
0 0.83125 0.25625 0.03046875 0.05390625
0 0.7953125 0.253125 0.028125 0.053125
0 0.78125 0.3578125 0.021875 0.02109375
0 0.75703125 0.25546875 0.0296875 0.05078125
0 0.6859375 0.25 0.02578125 0.04921875
0 0.6546875 0.25078125 0.02421875 0.04609375
0 0.6234375 0.25 0.025 0.04453125
0 0.59375 0.2484375 0.025 0.04296875
0 0.5375 0.38828125 0.01640625 0.03984375
0 0.5546875 0.3859375 0.01484375 0.04140625
0 0.571875 0.38828125 0.0140625 0.05
0 0.5875 0.39453125 0.01640625 0.05390625
0 0.6046875 0.3953125 0.0171875 0.04609375
0 0.62265625 0.40078125 0.0140625 0.05
0 0.640625 0.40078125 0.01640625 0.04921875
0 0.66015625 0.4046875 0.015625 0.0453125
0 0.68125 0.40703125 0.01875 0.05
0 0.70234375 0.4140625 0.0203125 0.05078125
0 0.715625 0.253125 0.02421875 0.04375
0 0.721875 0.415625 0.0171875 0.05390625
0 0.7546875 0.3375 0.02890625 0.05390625
0 0.69453125 0.33203125 0.015625 0.04921875
0 0.478125 0.38359375 0.0171875 0.03203125
0 0.459375 0.37421875 0.0125 0.03828125
0 0.44453125 0.3734375 0.0125 0.03671875
0 0.4328125 0.37265625 0.009375 0.03828125
0 0.425 0.36953125 0.0125 0.03828125
0 0.41328125 0.3640625 0.009375 0.0453125
0 0.403125 0.3609375 0.009375 0.04140625
0 0.39375 0.36015625 0.009375 0.04296875
0 0.38359375 0.3578125 0.0125 0.03984375
0 0.36875 0.35703125 0.0109375 0.03671875
0 0.35625 0.35703125 0.0140625 0.03671875
0 0.35625 0.29765625 0.009375 0.040625
0 0.36796875 0.30234375 0.009375 0.0359375
0 0.3796875 0.30390625 0.01015625 0.040625
0 0.7140625 0.33359375 0.021875 0.04765625
0 0.39140625 0.30625 0.0125 0.04296875
0 0.42734375 0.3078125 0.0078125 0.04140625
0 0.47421875 0.3125 0.01015625 0.03984375
0 0.490625 0.30703125 0.0109375 0.04765625
0 0.50625 0.30859375 0.01328125 0.05078125
0 0.528125 0.31640625 0.01015625 0.03828125
0 0.51796875 0.31796875 0.00859375 0.034375
0 0.5421875 0.31875 0.0109375 0.04296875
0 0.55703125 0.3171875 0.0140625 0.04140625
0 0.57109375 0.3234375 0.0125 0.0375
0 0.5859375 0.321875 0.0140625 0.04140625
0 0.6015625 0.3203125 0.01484375 0.05234375
0 0.615625 0.31875 0.0125 0.05078125
0 0.634375 0.328125 0.0171875 0.046875
0 0.66796875 0.3296875 0.0296875 0.04921875
0 0.4046875 0.3109375 0.01171875 0.0359375
0 0.515625 0.50546875 0.009375 0.03984375
0 0.75234375 0.43125 0.0296875 0.04453125
0 0.8171875 0.4265625 0.021875 0.06171875
0 0.4015625 0.25078125 0.01171875 0.0296875
0 0.51875 0.38515625 0.0171875 0.04609375
0 0.37578125 0.246875 0.0125 0.0359375
0 0.3625 0.24296875 0.01328125 0.03984375
0 0.35 0.2453125 0.01015625 0.03671875
0 0.34296875 0.30078125 0.0125 0.03515625
0 0.4359375 0.3078125 0.0078125 0.0390625
0 0.46328125 0.31328125 0.009375 0.0375
0 0.453125 0.309375 0.00859375 0.03984375
0 0.44453125 0.30703125 0.009375 0.04296875
0 0.43828125 0.42890625 0.009375 0.02265625
0 0.428125 0.4265625 0.009375 0.02578125
0 0.4171875 0.42421875 0.0140625 0.02890625
0 0.40234375 0.421875 0.01171875 0.02421875
0 0.4140625 0.25 0.0125 0.02734375
0 0.3859375 0.41640625 0.015625 0.02421875
0 0.3609375 0.41171875 0.0125 0.03125
0 0.359375 0.46171875 0.009375 0.02734375
0 0.37578125 0.4671875 0.0078125 0.0296875
0 0.384375 0.4703125 0.0078125 0.028125
0 0.39453125 0.4734375 0.00859375 0.03046875
0 0.403125 0.475 0.009375 0.03515625
0 0.41328125 0.47890625 0.0109375 0.028125
0 0.42421875 0.4828125 0.009375 0.03359375
0 0.434375 0.484375 0.009375 0.03203125
0 0.44453125 0.4859375 0.009375 0.03359375
0 0.45703125 0.48671875 0.009375 0.0328125
0 0.4703125 0.4890625 0.01015625 0.03515625
0 0.48046875 0.49296875 0.009375 0.0375
0 0.49140625 0.49453125 0.0109375 0.0390625
0 0.37265625 0.4140625 0.009375 0.03359375
0 0.78359375 0.43359375 0.0296875 0.03984375
0 0.4265625 0.23984375 0.009375 0.05390625
0 0.44609375 0.24140625 0.00859375 0.04921875
0 0.846875 0.4359375 0.025 0.06171875
0 0.875 0.440625 0.02890625 0.06796875
0 0.90625 0.440625 0.01640625 0.06328125
0 0.9390625 0.465625 0.0375 0.046875
0 0.98125 0.4703125 0.0375 0.04296875
0 0.965625 0.55625 0.0328125 0.03671875
0 0.93125 0.54765625 0.0296875 0.03203125
0 0.8828125 0.53203125 0.028125 0.04921875
0 0.8484375 0.51875 0.034375 0.046875
0 0.81171875 0.51484375 0.02890625 0.03984375
0 0.7796875 0.50859375 0.02578125 0.0359375
0 0.74296875 0.49921875 0.0375 0.04609375
0 0.70625 0.49453125 0.028125 0.04609375
0 0.621875 0.47109375 0.02265625 0.03046875
0 0.4359375 0.24140625 0.0078125 0.05
0 0.59375 0.465625 0.025 0.03359375
0 0.55 0.45390625 0.01953125 0.03515625
0 0.45625 0.2421875 0.01015625 0.04765625
0 0.4671875 0.2421875 0.01015625 0.04609375
0 0.478125 0.24296875 0.01015625 0.04921875
0 0.49296875 0.24765625 0.01875 0.0421875
0 0.5078125 0.240625 0.009375 0.04921875
0 0.5328125 0.2421875 0.009375 0.05546875
0 0.5671875 0.45859375 0.0140625 0.03046875
0 0.5203125 0.240625 0.0125 0.05234375
0 0.5640625 0.25 0.02109375 0.03984375
0 0.44921875 0.43125 0.0109375 0.028125
0 0.47734375 0.43671875 0.01640625 0.02265625
0 0.46171875 0.4328125 0.0109375 0.03125
0 0.50078125 0.44609375 0.02734375 0.034375
0 0.528125 0.45 0.01796875 0.0296875
0 0.54453125 0.24140625 0.0140625 0.05703125
0 0.41640625 0.3125 0.01015625 0.0328125