0 0.725 0.3953125 0.05 0.08828125
0 0.77734375 0.4 0.0546875 0.0796875
0 0.509375 0.28828125 0.05 0.0921875
0 0.7703125 0.503125 0.05 0.07109375
0 0.8265625 0.5046875 0.0640625 0.075
0 0.87890625 0.50390625 0.040625 0.07578125
0 0.92421875 0.5015625 0.0484375 0.0796875
0 0.971875 0.50078125 0.04765625 0.08203125
0 0.671875 0.3953125 0.05546875 0.0875
0 0.62109375 0.396875 0.03984375 0.0859375
0 0.575 0.39765625 0.053125 0.0875
0 0.5203125 0.39609375 0.05625 0.08984375
0 0.4671875 0.39609375 0.0515625 0.08984375
0 0.41484375 0.39765625 0.05 0.0875
0 0.36328125 0.39609375 0.0578125 0.08515625
0 0.31015625 0.39921875 0.046875 0.08125
0 0.25625 0.3984375 0.0609375 0.0796875
0 0.19140625 0.39453125 0.06875 0.08828125
0 0.07109375 0.3953125 0.05546875 0.090625
0 0.02109375 0.39375 0.04140625 0.0921875
0 0.9453125 0.28671875 0.05546875 0.09375
0 0.8890625 0.2859375 0.05546875 0.09140625
0 0.83359375 0.290625 0.059375 0.0890625
0 0.7890625 0.28984375 0.03359375 0.0875
0 0.74453125 0.28828125 0.05390625 0.09140625
0 0.69453125 0.28828125 0.046875 0.0921875
0 0.64765625 0.2875 0.0515625 0.09375
0 0.60078125 0.2875 0.04140625 0.0921875
0 0.7171875 0.503125 0.05859375 0.07421875
0 0.62734375 0.50390625 0.0515625 0.07265625
0 0.5765625 0.50546875 0.05234375 0.07109375
0 0.41875 0.50546875 0.0609375 0.07578125
0 0.94921875 0.8671875 0.06953125 0.109375
0 0.88125 0.8734375 0.0671875 0.1125
0 0.80859375 0.8734375 0.07890625 0.1109375
0 0.0875 0.17890625 0.13046875 0.09453125
0 0.19921875 0.19140625 0.09140625 0.07109375
0 0.47265625 0.2890625 0.02421875 0.08984375
0 0.725 0.87421875 0.07890625 0.1078125
0 0.64609375 0.86875 0.08125 0.11640625
0 0.57421875 0.8703125 0.06015625 0.11796875
0 0.50703125 0.8703125 0.0734375 0.1171875
0 0.434375 0.87421875 0.07265625 0.11484375
0 0.35703125 0.8765625 0.078125 0.121875
0 0.55625 0.28828125 0.0453125 0.090625
0 0.28203125 0.87109375 0.075 0.11328125
0 0.82890625 0.39453125 0.05234375 0.08828125
0 0.88046875 0.39453125 0.05 0.090625
0 0.934375 0.39609375 0.059375 0.0875
0 0.98203125 0.39453125 0.0359375 0.08828125
0 0.01875 0.5015625 0.03671875 0.08125
0 0.06015625 0.50625 0.04609375 0.07734375
0 0.1109375 0.50625 0.0546875 0.0765625
0 0.1625 0.50703125 0.04921875 0.07578125
0 0.2140625 0.50703125 0.05703125 0.075
0 0.2671875 0.50546875 0.04921875 0.0734375
0 0.31484375 0.50390625 0.04375 0.07578125
0 0.36171875 0.50546875 0.05234375 0.07578125
0 0.209375 0.87109375 0.0703125 0.11484375
0 0.65546875 0.73515625 0.07265625 0.1125
0 0.128125 0.39453125 0.0578125 0.08984375
0 0.91484375 0.1859375 0.0484375 0.07421875
0 0.43828125 0.290625 0.04296875 0.08984375
0 0.3984375 0.28828125 0.03828125 0.09453125
0 0.36171875 0.2890625 0.0328125 0.09609375
0 0.32421875 0.2890625 0.04375 0.09609375
0 0.8015625 0.7359375 0.06171875 0.11328125
0 0.87265625 0.740625 0.07578125 0.10859375
0 0.94296875 0.73984375 0.06640625 0.11015625
0 0.07265625 0.87265625 0.07265625 0.11015625
0 0.140625 0.8703125 0.06484375 0.11328125
0 0.39140625 0.18125 0.040625 0.09140625
0 0.28203125 0.2953125 0.03984375 0.08125
0 0.24375 0.29375 0.0375 0.08671875
0 0.20546875 0.29296875 0.03984375 0.08203125
0 0.06484375 0.6078125 0.06953125 0.10625
0 0.16015625 0.29296875 0.0515625 0.08671875
0 0.96875 0.17890625 0.0625 0.0921875
0 0.43359375 0.1859375 0.04453125 0.08125
0 0.8453125 0.1796875 0.06953125 0.09140625
0 0.78515625 0.1796875 0.05078125 0.08984375
0 0.73359375 0.18125 0.05 0.08671875
0 0.6421875 0.196875 0.03515625 0.0578125
0 0.6078125 0.19609375 0.0328125 0.05859375
0 0.57890625 0.1921875 0.0234375 0.0671875
0 0.55703125 0.19140625 0.02578125 0.0703125
0 0.53046875 0.1953125 0.021875 0.0671875
0 0.50625 0.1953125 0.02421875 0.06484375
0 0.46640625 0.1921875 0.01875 0.07265625
0 0.484375 0.1921875 0.01640625 0.07109375
0 0.109375 0.290625 0.05 0.08984375
0 0.13515625 0.6078125 0.06796875 0.10625
0 0.7328125 0.73515625 0.07734375 0.11328125
0 0.275 0.6078125 0.07109375 0.10703125
0 0.20390625 0.60859375 0.071875 0.10625
0 0.30234375 0.19921875 0.0578125 0.06171875
0 0.50078125 0.73359375 0.0796875 0.11328125
0 0.4265625 0.734375 0.06953125 0.11171875
0 0.35546875 0.7359375 0.071875 0.109375
0 0.2859375 0.73671875 0.0671875 0.109375
0 0.21953125 0.7359375 0.06796875 0.11015625
0 0.57890625 0.73359375 0.07734375 0.1140625
0 0.07265625 0.7375 0.084375 0.1078125
0 0.95703125 0.60859375 0.08125 0.10859375
0 0.15078125 0.7375 0.071875 0.1078125
0 0.40859375 0.6046875 0.07265625 0.11015625
0 0.7796875 0.6078125 0.07578125 0.1109375
0 0.703125 0.60703125 0.07578125 0.1109375
0 0.3515625 0.1875 0.04140625 0.08046875
0 0.621875 0.60625 0.0828125 0.10625
0 0.54375 0.60703125 0.07421875 0.10625
0 0.4765625 0.59453125 0.0609375 0.0796875
0 0.86953125 0.60859375 0.0921875 0.11015625
0 0.3421875 0.60703125 0.0609375 0.10625