0 0.9515625 0.878125 0.03203125 0.059375
0 0.6578125 0.7390625 0.03359375 0.0453125
0 0.9484375 0.771875 0.0578125 0.06953125
0 0.8828125 0.76015625 0.059375 0.078125
0 0.821875 0.759375 0.04765625 0.0796875
0 0.7640625 0.75625 0.05859375 0.07734375
0 0.70703125 0.75703125 0.04921875 0.08125
0 0.59765625 0.753125 0.0453125 0.0734375
0 0.8203125 0.6421875 0.0578125 0.08359375
0 0.49296875 0.74296875 0.04453125 0.0734375
0 0.44296875 0.73984375 0.04453125 0.071875
0 0.39375 0.73828125 0.04140625 0.0765625
0 0.346875 0.73125 0.04921875 0.071875
0 0.3 0.73359375 0.03671875 0.06875
0 0.95 0.6359375 0.06171875 0.090625
0 0.88125 0.64453125 0.05703125 0.07578125
0 0.99296875 0.8921875 0.0140625 0.0609375
0 0.54375 0.75546875 0.04765625 0.0546875
0 0.9109375 0.8828125 0.0421875 0.059375
0 0.40390625 0.83984375 0.02734375 0.0546875
0 0.80859375 0.8734375 0.040625 0.07109375
0 0.2859375 0.840625 0.05390625 0.0671875
0 0.89921875 0.521875 0.0484375 0.0828125
0 0.48984375 0.396875 0.04453125 0.07421875
0 0.54375 0.39296875 0.0515625 0.084375
0 0.60625 0.421875 0.04296875 0.040625
0 0.6578125 0.39375 0.05234375 0.08359375
0 0.71953125 0.3953125 0.04921875 0.07578125
0 0.77578125 0.3953125 0.05625 0.0765625
0 0.8671875 0.875 0.03828125 0.0625
0 0.8375 0.39765625 0.05703125 0.0734375
0 0.96484375 0.39453125 0.05625 0.08125
0 0.4390625 0.85078125 0.040625 0.0734375
0 0.48671875 0.85859375 0.03828125 0.071875
0 0.58359375 0.8625 0.05078125 0.0734375
0 0.63984375 0.88359375 0.05078125 0.0109375
0 0.6421875 0.86640625 0.0484375 0.0171875
0 0.69375 0.875 0.0484375 0.06171875
0 0.746875 0.8734375 0.05078125 0.075
0 0.896875 0.39609375 0.05546875 0.0734375
0 0.83828125 0.51875 0.05234375 0.08125
0 0.340625 0.2859375 0.05234375 0.071875
0 0.71796875 0.5203125 0.04609375 0.0859375
0 0.68203125 0.2765625 0.04296875 0.0609375
0 0.73359375 0.2671875 0.0453125 0.08828125
0 0.79375 0.26328125 0.0734375 0.08125
0 0.875 0.26484375 0.0625 0.0765625
0 0.94296875 0.2625 0.07265625 0.07109375
0 0.0125 0.43515625 0.02421875 0.075
0 0.06484375 0.42734375 0.03828125 0.1
0 0.01171875 0.6578125 0.0234375 0.0734375
0 0.63984375 0.2796875 0.03828125 0.0625
0 0.04609375 0.66015625 0.040625 0.0796875
0 0.14765625 0.66640625 0.059375 0.075
0 0.23203125 0.6328125 0.053125 0.0609375
0 0.33046875 0.628125 0.05390625 0.065625
0 0.43046875 0.63125 0.0421875 0.0671875
0 0.48046875 0.63203125 0.05 0.0703125
0 0.5359375 0.63984375 0.03828125 0.0671875
0 0.584375 0.62734375 0.05234375 0.0703125
0 0.6421875 0.65 0.03984375 0.03671875
0 0.090625 0.66640625 0.04609375 0.0890625
0 0.77578125 0.51796875 0.05390625 0.0828125
0 0.59140625 0.2828125 0.0390625 0.0546875
0 0.52421875 0.2828125 0.05625 0.01328125
0 0.66015625 0.51796875 0.05703125 0.0828125
0 0.60078125 0.51640625 0.04296875 0.078125
0 0.54453125 0.51953125 0.05625 0.0765625
0 0.48671875 0.51640625 0.05625 0.0765625
0 0.43359375 0.51875 0.04765625 0.065625
0 0.384375 0.51875 0.04765625 0.06640625
0 0.33515625 0.51953125 0.046875 0.0640625
0 0.2921875 0.52734375 0.0375 0.0140625
0 0.52265625 0.3 0.0546875 0.0171875
0 0.29375 0.5453125 0.03515625 0.0125
0 0.02734375 0.553125 0.0546875 0.0921875
0 0.15 0.55625 0.07265625 0.09375
0 0.2421875 0.2875 0.03515625 0.05703125
0 0.27265625 0.28515625 0.02109375 0.0640625
0 0.296875 0.28203125 0.02890625 0.071875
0 0.48671875 0.14296875 0.04765625 0.08359375
0 0.4046875 0.278125 0.04765625 0.07578125
0 0.4609375 0.28046875 0.05546875 0.0796875
0 0.23828125 0.5171875 0.05703125 0.059375
0 0.434375 0.1515625 0.03828125 0.0765625
0 0.76015625 0.66640625 0.04921875 0.0359375
0 0.35390625 0.159375 0.03828125 0.0734375
0 0.03046875 0.1703125 0.04453125 0.09453125
0 0.0765625 0.16953125 0.04921875 0.096875
0 0.13203125 0.16875 0.05234375 0.0953125
0 0.39375 0.15859375 0.0390625 0.0734375
0 0.228125 0.1578125 0.0328125 0.08828125
0 0.26171875 0.153125 0.03359375 0.08125
0 0.43671875 0.43515625 0.0484375 0.0109375
0 0.44453125 0.41875 0.04765625 0.015625
0 0.37421875 0.4 0.04453125 0.0765625
0 0.321875 0.40390625 0.05390625 0.0734375
0 0.27265625 0.4 0.04296875 0.07109375
0 0.22578125 0.40703125 0.04453125 0.0625
0 0.13828125 0.44375 0.05625 0.10390625
0 0.146875 0.334375 0.0640625 0.115625
0 0.078125 0.29765625 0.0359375 0.0921875
0 0.6609375 0.98125 0.05234375 0.0375
0 0.88046875 0.978125 0.04765625 0.0375
0 0.825 0.97890625 0.04765625 0.0421875
0 0.771875 0.97578125 0.04609375 0.0484375
0 0.01484375 0.775 0.0296875 0.065625
0 0.703125 0.63125 0.06015625 0.08125
0 0.11015625 0.7765625 0.059375 0.07265625
0 0.19453125 0.76875 0.05390625 0.06875
0 0.021875 0.8921875 0.04375 0.10390625
0 0.0921875 0.8890625 0.09296875 0.109375
0 0.1984375 0.87734375 0.07265625 0.084375
0 0.03828125 0.29921875 0.0359375 0.09140625
0 0.25390625 0.93984375 0.03125 0.0625
0 0.3421875 0.95078125 0.04609375 0.0703125
0 0.39140625 0.95546875 0.04296875 0.06328125
0 0.44140625 0.9640625 0.05390625 0.071875
0 0.49140625 0.965625 0.04140625 0.0625
0 0.54453125 0.96796875 0.05234375 0.0640625
0 0.59765625 0.96875 0.04765625 0.0578125
0 0.71484375 0.98125 0.04609375 0.03515625
0 0.29453125 0.94609375 0.04296875 0.06484375
0 0.990625 0.1125 0.01875 0.10859375
0 0.19296875 0.159375 0.03203125 0.0890625
0 0.8984375 0.12578125 0.03984375 0.09453125
0 0.85 0.12421875 0.04765625 0.10390625
0 0.8 0.134375 0.04609375 0.08046875
0 0.74765625 0.1328125 0.0484375 0.08125
0 0.69296875 0.14140625 0.03984375 0.075
0 0.6453125 0.14375 0.0421875 0.07421875
0 0.95703125 0.1203125 0.03984375 0.10234375
0 0.5390625 0.146875 0.05078125 0.07890625
0 0.30625 0.159375 0.04296875 0.07734375