0 0.13515625 0.53203125 0.06640625 0.01875
0 0.62890625 0.26875 0.09609375 0.034375
0 0.715625 0.2375 0.07421875 0.03125
0 0.71484375 0.27109375 0.0703125 0.02890625
0 0.79453125 0.24375 0.06640625 0.0265625
0 0.79453125 0.27265625 0.06953125 0.028125
0 0.878125 0.2421875 0.07890625 0.028125
0 0.87734375 0.2734375 0.0765625 0.03125
0 0.96171875 0.246875 0.0765625 0.03125
0 0.9578125 0.2765625 0.07578125 0.0265625
0 0.02265625 0.3671875 0.0453125 0.0734375
0 0.09609375 0.3515625 0.09609375 0.0375
0 0.09765625 0.390625 0.09609375 0.0328125
0 0.18046875 0.365625 0.05859375 0.08984375
0 0.2421875 0.4 0.05859375 0.0203125
0 0.31640625 0.37265625 0.08359375 0.03125
0 0.315625 0.40234375 0.0796875 0.025
0 0.3796875 0.38671875 0.03515625 0.0625
0 0.071875 0.50390625 0.0625 0.0234375
0 0.9859375 0.65390625 0.028125 0.0609375
0 0.953125 0.75234375 0.07109375 0.028125
0 0.95234375 0.78046875 0.07265625 0.025
0 0.87890625 0.746875 0.07421875 0.03046875
0 0.878125 0.77734375 0.07265625 0.0265625
0 0.8046875 0.746875 0.06953125 0.0265625
0 0.80234375 0.778125 0.0703125 0.03125
0 0.6296875 0.22578125 0.08671875 0.0375
0 0.73203125 0.74609375 0.06640625 0.0296875
0 0.53203125 0.265625 0.078125 0.03125
0 0.45 0.2328125 0.07421875 0.021875
0 0.25078125 0.0921875 0.0875 0.03671875
0 0.259375 0.128125 0.084375 0.03203125
0 0.3453125 0.09296875 0.08046875 0.0375
0 0.3421875 0.1296875 0.0765625 0.028125
0 0.43515625 0.09375 0.0859375 0.03671875
0 0.4328125 0.1296875 0.08359375 0.03203125
0 0.52578125 0.09140625 0.08828125 0.03828125
0 0.5234375 0.13125 0.0921875 0.0375
0 0.63515625 0.0921875 0.11796875 0.04765625
0 0.63125 0.134375 0.11953125 0.0328125
0 0.80859375 0.1125 0.06484375 0.028125
0 0.8078125 0.14375 0.06953125 0.0265625
0 0.8859375 0.11171875 0.07421875 0.03515625
0 0.8890625 0.146875 0.07734375 0.025
0 0.96328125 0.146875 0.071875 0.028125
0 0.0890625 0.23125 0.06171875 0.021875
0 0.15078125 0.23203125 0.05703125 0.021875
0 0.15078125 0.2578125 0.05625 0.021875
0 0.21640625 0.23125 0.06171875 0.0265625
0 0.21640625 0.25859375 0.06484375 0.02578125
0 0.28359375 0.26015625 0.06875 0.0203125
0 0.2921875 0.234375 0.05625 0.0171875
0 0.3625 0.228125 0.07265625 0.03046875
0 0.3609375 0.2609375 0.07734375 0.025
0 0.44375 0.26328125 0.07890625 0.028125
0 0.53828125 0.22890625 0.08125 0.03203125
0 0.1671875 0.12421875 0.07265625 0.034375
0 0.7296875 0.77734375 0.06484375 0.028125
0 0.6609375 0.7765625 0.0703125 0.0328125
0 0.03515625 0.765625 0.06953125 0.02578125
0 0.0625 0.8625 0.0703125 0.0625
0 0.13828125 0.50703125 0.06328125 0.025
0 0.21328125 0.5296875 0.08125 0.0328125
0 0.215625 0.49296875 0.08359375 0.03125
0 0.3015625 0.52890625 0.09296875 0.0359375
0 0.38359375 0.5375 0.06796875 0.0234375
0 0.453125 0.53984375 0.06484375 0.0203125
0 0.45234375 0.51328125 0.0671875 0.025
0 0.52109375 0.54140625 0.06875 0.0234375
0 0.52421875 0.5140625 0.07109375 0.02421875
0 0.59375 0.54296875 0.06640625 0.021875
0 0.59453125 0.515625 0.06796875 0.025
0 0.65546875 0.5421875 0.05703125 0.0203125
0 0.65703125 0.51875 0.053125 0.0234375
0 0.79609375 0.540625 0.06640625 0.03203125
0 0.72265625 0.53984375 0.065625 0.034375
0 0.7234375 0.503125 0.0703125 0.03203125
0 0.796875 0.5046875 0.07109375 0.03515625
0 0.8640625 0.546875 0.0625 0.0203125
0 0.86328125 0.5234375 0.06328125 0.0203125
0 0.93515625 0.54140625 0.078125 0.02890625
0 0.94140625 0.50625 0.0859375 0.0328125
0 0.978125 0.415625 0.04296875 0.03046875
0 0.98125 0.3828125 0.03671875 0.03125
0 0.0359375 0.73828125 0.06953125 0.02890625
0 0.66484375 0.74375 0.06875 0.028125
0 0.1125 0.765625 0.08203125 0.02578125
0 0.19765625 0.76875 0.08359375 0.028125
0 0.58984375 0.75234375 0.06875 0.021875
0 0.59140625 0.778125 0.06796875 0.021875
0 0.515625 0.74453125 0.07734375 0.025
0 0.51640625 0.775 0.07890625 0.028125
0 0.43515625 0.77109375 0.07734375 0.0265625
0 0.3625 0.775 0.05703125 0.021875
0 0.36171875 0.746875 0.06015625 0.0234375
0 0.28515625 0.728125 0.0859375 0.0359375
0 0.28515625 0.7671875 0.08984375 0.034375
0 0.94765625 0.8796875 0.06953125 0.059375
0 0.878125 0.8859375 0.06328125 0.0390625
0 0.8078125 0.871875 0.06953125 0.059375
0 0.7296875 0.846875 0.04921875 0.04140625
0 0.66953125 0.8828125 0.07890625 0.028125
0 0.596875 0.87421875 0.053125 0.0484375
0 0.465625 0.878125 0.0640625 0.05234375
0 0.40703125 0.86328125 0.04375 0.0765625
0 0.36328125 0.86953125 0.03828125 0.059375
0 0.321875 0.86875 0.03984375 0.06015625
0 0.2640625 0.86953125 0.0609375 0.0515625
0 0.19765625 0.8796875 0.0625 0.034375
0 0.1359375 0.8625 0.05546875 0.05859375
0 0.9171875 0.36875 0.07890625 0.040625
0 0.9140625 0.4078125 0.07578125 0.03515625
0 0.1984375 0.7390625 0.0828125 0.0265625
0 0.1140625 0.73828125 0.07890625 0.028125
0 0.1 0.1109375 0.0359375 0.06015625
0 0.090625 0.2546875 0.05234375 0.0203125
0 0.621875 0.36328125 0.09375 0.04375
0 0.56328125 0.63515625 0.07265625 0.0296875
0 0.5625 0.66640625 0.07109375 0.0265625
0 0.7 0.64609375 0.06953125 0.0203125
0 0.63046875 0.6703125 0.053125 0.01875
0 0.69375 0.67109375 0.07421875 0.01875
0 0.77890625 0.63359375 0.078125 0.03046875
0 0.8609375 0.634375 0.0765625 0.0328125
0 0.7734375 0.66875 0.07890625 0.0296875
0 0.49140625 0.6671875 0.05234375 0.02265625
0 0.8578125 0.6703125 0.07890625 0.03125
0 0.94921875 0.66171875 0.02890625 0.053125
0 0.7015625 0.375 0.0546875 0.028125
0 0.6984375 0.4078125 0.0578125 0.02890625
0 0.76875 0.36875 0.0703125 0.0390625
0 0.05859375 0.109375 0.03828125 0.0625
0 0.76640625 0.4078125 0.06171875 0.0328125
0 0.840625 0.38828125 0.0625 0.0234375
0 0.8375 0.415625 0.06796875 0.02265625
0 0.9140625 0.6609375 0.02734375 0.0515625
0 0.49453125 0.6390625 0.05546875 0.0234375
0 0.63359375 0.64375 0.05859375 0.0234375
0 0.41640625 0.621875 0.08203125 0.0359375
0 0.52734375 0.40546875 0.08125 0.0296875
0 0.53125 0.36953125 0.07890625 0.0359375
0 0.07109375 0.5296875 0.05859375 0.0265625
0 0.44453125 0.40234375 0.08046875 0.03125
0 0.44453125 0.3671875 0.084375 0.03359375
0 0.41796875 0.66015625 0.0859375 0.034375
0 0.61875 0.40625 0.09140625 0.0328125
0 0.02265625 0.65546875 0.0453125 0.0265625
0 0.021875 0.628125 0.04375 0.02578125
0 0.07890625 0.65859375 0.06484375 0.021875
0 0.15546875 0.6265625 0.084375 0.03125
0 0.15703125 0.6578125 0.08359375 0.025
0 0.240625 0.628125 0.07734375 0.03125
0 0.23828125 0.659375 0.0765625 0.02578125
0 0.32421875 0.61640625 0.08515625 0.03828125
0 0.3265625 0.65625 0.08359375 0.034375
0 0.08046875 0.634375 0.059375 0.01875