0 0.04296875 0.45546875 0.040625 0.0953125
0 0.65390625 0.3125 0.0375 0.10234375
0 0.61328125 0.3140625 0.04609375 0.1
0 0.5671875 0.3140625 0.04296875 0.103125
0 0.5234375 0.31640625 0.04609375 0.0984375
0 0.4765625 0.31640625 0.04609375 0.1
0 0.43359375 0.31953125 0.0375 0.0984375
0 0.3921875 0.31796875 0.04765625 0.096875
0 0.3390625 0.31875 0.0484375 0.1
0 0.22109375 0.33828125 0.03125 0.06015625
0 0.18515625 0.328125 0.0375 0.08125
0 0.1515625 0.340625 0.03046875 0.05703125
0 0.11953125 0.34140625 0.034375 0.059375
0 0.0796875 0.32265625 0.04453125 0.096875
0 0.0390625 0.321875 0.03671875 0.0953125
0 0.69453125 0.309375 0.04140625 0.10625
0 0.0234375 0.8515625 0.046875 0.096875
0 0.10234375 0.853125 0.04375 0.0890625
0 0.14375 0.85546875 0.03515625 0.09375
0 0.1828125 0.853125 0.0390625 0.08828125
0 0.22265625 0.8515625 0.04375 0.0953125
0 0.26796875 0.8515625 0.03984375 0.0953125
0 0.31015625 0.85234375 0.04453125 0.0984375
0 0.35546875 0.853125 0.046875 0.09765625
0 0.3984375 0.85546875 0.03515625 0.090625
0 0.434375 0.85625 0.03671875 0.0890625
0 0.471875 0.85703125 0.0390625 0.08984375
0 0.50859375 0.85546875 0.034375 0.09296875
0 0.54609375 0.85625 0.04140625 0.09375
0 0.5890625 0.85 0.04453125 0.1046875
0 0.63828125 0.85 0.053125 0.1015625
0 0.06484375 0.853125 0.03359375 0.09140625
0 0.73203125 0.31015625 0.0328125 0.103125
0 0.765625 0.31640625 0.03515625 0.0890625
0 0.79921875 0.3109375 0.0328125 0.1
0 0.01015625 0.32109375 0.01953125 0.1
0 0.01796875 0.18828125 0.0359375 0.0828125
0 0.05625 0.17890625 0.0359375 0.109375
0 0.09296875 0.17890625 0.03515625 0.10703125
0 0.12890625 0.1765625 0.0375 0.1109375
0 0.1625 0.1765625 0.0265625 0.1125
0 0.19140625 0.178125 0.03203125 0.1109375
0 0.22421875 0.17421875 0.03203125 0.11328125
0 0.26484375 0.1859375 0.04453125 0.09375
0 0.30859375 0.1859375 0.03828125 0.0875
0 0.35078125 0.18125 0.040625 0.09921875
0 0.39453125 0.1796875 0.046875 0.096875
0 0.43828125 0.1875 0.04140625 0.08125
0 0.47265625 0.175 0.0265625 0.10546875
0 0.50078125 0.1734375 0.0265625 0.10546875
0 0.5296875 0.1875 0.02421875 0.078125
0 0.55546875 0.1828125 0.02578125 0.0859375
0 0.8265625 0.31171875 0.01875 0.0921875
0 0.8671875 0.309375 0.03515625 0.09375
0 0.9015625 0.303125 0.03046875 0.1046875
0 0.93203125 0.30390625 0.03125 0.1109375
0 0.97421875 0.30703125 0.05078125 0.103125
0 0.88671875 0.159375 0.04453125 0.115625
0 0.68671875 0.8484375 0.040625 0.10390625
0 0.846875 0.16171875 0.034375 0.1125
0 0.759375 0.16484375 0.0421875 0.1140625
0 0.7234375 0.1671875 0.02421875 0.103125
0 0.6921875 0.1578125 0.03515625 0.13125
0 0.6578125 0.1671875 0.03203125 0.1109375
0 0.625 0.15859375 0.03515625 0.1296875
0 0.58671875 0.1703125 0.03671875 0.10625
0 0.8046875 0.15390625 0.04375 0.1328125
0 0.73125 0.84921875 0.05 0.1046875
0 0.95078125 0.1515625 0.04609375 0.13203125
0 0.82421875 0.84921875 0.0515625 0.103125
0 0.828125 0.575 0.04765625 0.10078125
0 0.78125 0.57421875 0.0484375 0.10234375
0 0.72890625 0.575 0.05546875 0.10390625
0 0.6734375 0.57890625 0.05625 0.0953125
0 0.628125 0.578125 0.03203125 0.09453125
0 0.59296875 0.5828125 0.03671875 0.090625
0 0.55859375 0.58359375 0.03203125 0.090625
0 0.521875 0.58125 0.040625 0.09375
0 0.47890625 0.5796875 0.04453125 0.0984375
0 0.4328125 0.5796875 0.04453125 0.0984375
0 0.37734375 0.57734375 0.06484375 0.10625
0 0.31640625 0.5796875 0.059375 0.1015625
0 0.26484375 0.58359375 0.04453125 0.0953125
0 0.22265625 0.58515625 0.03984375 0.09375
0 0.18203125 0.584375 0.03984375 0.09453125
0 0.14296875 0.584375 0.0359375 0.09609375
0 0.103125 0.58515625 0.04296875 0.0921875
0 0.0609375 0.5859375 0.03671875 0.0953125
0 0.0203125 0.58203125 0.040625 0.096875
0 0.8796875 0.57421875 0.04765625 0.10625
0 0.03984375 0.715625 0.0515625 0.09375
0 0.92734375 0.5734375 0.04609375 0.103125
0 0.95859375 0.4578125 0.02109375 0.065625
0 0.08203125 0.45703125 0.03828125 0.0921875
0 0.778125 0.8484375 0.0421875 0.1046875
0 0.12265625 0.45703125 0.04140625 0.09375
0 0.1640625 0.4546875 0.0390625 0.096875
0 0.20546875 0.4546875 0.04375 0.096875
0 0.353125 0.45 0.05859375 0.10546875
0 0.4078125 0.45625 0.04921875 0.0921875
0 0.453125 0.45703125 0.0421875 0.0890625
0 0.49296875 0.45546875 0.03671875 0.0875
0 0.53125 0.453125 0.03828125 0.090625
0 0.56875 0.453125 0.0359375 0.0890625
0 0.60546875 0.44921875 0.03359375 0.0953125
0 0.64375 0.4453125 0.03984375 0.1046875
0 0.68671875 0.44609375 0.04375 0.1015625
0 0.734375 0.44609375 0.04140625 0.096875
0 0.7796875 0.44140625 0.046875 0.1046875
0 0.8296875 0.4421875 0.0484375 0.10625
0 0.87421875 0.440625 0.03515625 0.10234375
0 0.91796875 0.43984375 0.05390625 0.1046875
0 0.975 0.57109375 0.05 0.1078125
0 0.08515625 0.71640625 0.03984375 0.09296875
0 0.2453125 0.45546875 0.034375 0.0953125
0 0.17109375 0.7171875 0.0359375 0.09375
0 0.409375 0.7203125 0.0328125 0.08828125
0 0.4453125 0.7203125 0.03828125 0.0921875
0 0.4875 0.715625 0.04140625 0.10078125
0 0.53203125 0.71328125 0.04921875 0.0984375
0 0.575 0.71875 0.03671875 0.090625
0 0.6125 0.71875 0.03828125 0.0921875
0 0.709375 0.7078125 0.05703125 0.11015625
0 0.76171875 0.7125 0.04296875 0.10078125
0 0.81015625 0.70859375 0.05 0.10546875
0 0.85390625 0.703125 0.0359375 0.096875
0 0.9078125 0.70625 0.05 0.11875
0 0.95859375 0.84453125 0.03984375 0.1046875
0 0.91328125 0.84765625 0.04921875 0.1078125
0 0.1265625 0.71640625 0.04296875 0.09375
0 0.86953125 0.846875 0.0390625 0.10703125
0 0.36875 0.7171875 0.046875 0.09609375
0 0.3234375 0.71796875 0.03984375 0.096875
0 0.65546875 0.71328125 0.04609375 0.09921875
0 0.20390625 0.73125 0.028125 0.06875
0 0.28046875 0.71953125 0.03828125 0.0921875
0 0.2390625 0.7203125 0.04140625 0.090625