0 0.603125 0.2671875 0.0375 0.06328125
0 0.53203125 0.378125 0.04453125 0.06328125
0 0.4828125 0.3796875 0.05234375 0.0609375
0 0.421875 0.3765625 0.0546875 0.0703125
0 0.371875 0.3734375 0.04453125 0.0703125
0 0.325 0.3734375 0.040625 0.0734375
0 0.28046875 0.36953125 0.04453125 0.08125
0 0.18203125 0.3765625 0.05390625 0.0671875
0 0.1265625 0.3765625 0.05859375 0.06953125
0 0.05859375 0.3734375 0.040625 0.0640625
0 0.0765625 0.46796875 0.071875 0.06796875
0 0.13125 0.48046875 0.03359375 0.07265625
0 0.58984375 0.37734375 0.06875 0.0734375
0 0.18046875 0.48125 0.04453125 0.0828125
0 0.29375 0.478125 0.06171875 0.07578125
0 0.35859375 0.47578125 0.05625 0.07265625
0 0.4140625 0.478125 0.0515625 0.0765625
0 0.46640625 0.47421875 0.05390625 0.078125
0 0.5296875 0.4765625 0.053125 0.0828125
0 0.584375 0.4796875 0.06015625 0.07265625
0 0.65 0.47421875 0.05546875 0.0875
0 0.7015625 0.47265625 0.04765625 0.08828125
0 0.75234375 0.47109375 0.0515625 0.08515625
0 0.80390625 0.4765625 0.05078125 0.0734375
0 0.8578125 0.4765625 0.0578125 0.07578125
0 0.2328125 0.48046875 0.0609375 0.0796875
0 0.6578125 0.3765625 0.0609375 0.0671875
0 0.7171875 0.37578125 0.053125 0.06640625
0 0.76875 0.37890625 0.04453125 0.0625
0 0.03828125 0.2390625 0.071875 0.07734375
0 0.10078125 0.25625 0.04140625 0.0265625
0 0.09921875 0.284375 0.04375 0.0265625
0 0.1515625 0.27890625 0.06015625 0.03984375
0 0.20703125 0.278125 0.05234375 0.0390625
0 0.24921875 0.27265625 0.025 0.0546875
0 0.275 0.271875 0.0203125 0.05234375
0 0.3078125 0.2609375 0.03515625 0.075
0 0.34453125 0.26015625 0.0359375 0.0734375
0 0.39296875 0.28203125 0.05703125 0.0359375
0 0.4421875 0.2671875 0.03125 0.02421875
0 0.43828125 0.290625 0.03125 0.01875
0 0.4921875 0.2890625 0.071875 0.01875
0 0.56015625 0.2671875 0.0453125 0.06328125
0 0.6421875 0.2796875 0.03203125 0.0375
0 0.67421875 0.28046875 0.02734375 0.0359375
0 0.7 0.2796875 0.02265625 0.0375
0 0.721875 0.28203125 0.0203125 0.0359375
0 0.75859375 0.275 0.04140625 0.05
0 0.796875 0.27421875 0.03359375 0.04921875
0 0.83046875 0.2734375 0.0375 0.05078125
0 0.865625 0.2734375 0.03046875 0.05
0 0.903125 0.27265625 0.04140625 0.05234375
0 0.959375 0.37109375 0.08125 0.06875
0 0.84765625 0.3765625 0.03359375 0.06640625
0 0.94921875 0.56953125 0.0953125 0.03046875
0 0.8875 0.61015625 0.05703125 0.0171875
0 0.2328125 0.37109375 0.046875 0.0828125
0 0.75234375 0.58359375 0.034375 0.0671875
0 0.81875 0.665625 0.05078125 0.03984375
0 0.87734375 0.6640625 0.0578125 0.03828125
0 0.878125 0.6984375 0.046875 0.02578125
0 0.82421875 0.70546875 0.05625 0.0234375
0 0.96015625 0.6953125 0.07890625 0.03671875
0 0.959375 0.66875 0.08125 0.01015625
0 0.95703125 0.659375 0.08515625 0.0078125
0 0.95703125 0.646875 0.08515625 0.01640625
0 0.95703125 0.7703125 0.08515625 0.04765625
0 0.953125 0.8109375 0.090625 0.02734375
0 0.88046875 0.83203125 0.05234375 0.015625
0 0.87109375 0.7984375 0.07109375 0.02421875
0 0.80859375 0.7890625 0.06015625 0.06171875
0 0.7359375 0.7890625 0.04765625 0.0625
0 0.646875 0.80625 0.04921875 0.028125
0 0.60078125 0.81171875 0.04140625 0.03125
0 0.5546875 0.81875 0.03828125 0.03359375
0 0.7875 0.584375 0.0359375 0.06640625
0 0.44765625 0.79453125 0.0296875 0.07109375
0 0.409375 0.8125 0.03359375 0.0328125
0 0.26015625 0.83203125 0.0375 0.02265625
0 0.19296875 0.821875 0.05390625 0.03203125
0 0.12109375 0.8359375 0.05078125 0.0328125
0 0.04296875 0.8234375 0.08125 0.040625
0 0.04375 0.7703125 0.08359375 0.059375
0 0.76015625 0.66640625 0.0484375 0.0390625
0 0.759375 0.69765625 0.05234375 0.02421875
0 0.49296875 0.790625 0.04453125 0.08125
0 0.63984375 0.6984375 0.05 0.04453125
0 0.696875 0.7 0.05546875 0.025
0 0.71953125 0.575 0.01953125 0.0625
0 0.6859375 0.5796875 0.0515625 0.07578125
0 0.62421875 0.57421875 0.05078125 0.08125
0 0.5703125 0.5765625 0.053125 0.07734375
0 0.45859375 0.571875 0.04765625 0.0765625
0 0.4046875 0.571875 0.0515625 0.075
0 0.3546875 0.57421875 0.0453125 0.07734375
0 0.29609375 0.578125 0.046875 0.0765625
0 0.24296875 0.578125 0.05078125 0.0765625
0 0.18828125 0.57734375 0.05390625 0.08125
0 0.1328125 0.5765625 0.053125 0.08125
0 0.028125 0.6953125 0.0515625 0.04609375
0 0.51640625 0.5765625 0.05078125 0.075
0 0.50234375 0.6921875 0.0546875 0.03828125
0 0.1453125 0.6796875 0.06015625 0.075
0 0.2078125 0.67890625 0.0578125 0.075
0 0.315625 0.6859375 0.04296875 0.0640625
0 0.35546875 0.684375 0.0359375 0.05703125
0 0.39453125 0.6875 0.04296875 0.05625
0 0.4453125 0.69140625 0.05859375 0.0375
0 0.69375 0.66875 0.04453125 0.0328125
0 0.56328125 0.6859375 0.065625 0.04609375
0 0.63671875 0.65234375 0.05390625 0.0375
0 0.0890625 0.69296875 0.04140625 0.05390625