0 0.1265625 0.3046875 0.028125 0.0984375
0 0.08359375 0.30078125 0.04140625 0.1015625
0 0.0265625 0.290625 0.0515625 0.11875
0 0.209375 0.21328125 0.05078125 0.02421875
0 0.3015625 0.21640625 0.04921875 0.03046875
0 0.09921875 0.05546875 0.1359375 0.1109375
0 0.24375 0.0515625 0.09609375 0.103125
0 0.16796875 0.3046875 0.0453125 0.10234375
0 0.34140625 0.059375 0.071875 0.11875
0 0.02109375 0.4546875 0.03984375 0.121875
0 0.1171875 0.478125 0.06484375 0.096875
0 0.19375 0.475 0.0640625 0.090625
0 0.25234375 0.46640625 0.03984375 0.11796875
0 0.3 0.4609375 0.05078125 0.13125
0 0.35078125 0.4640625 0.04296875 0.13515625
0 0.39140625 0.46796875 0.03828125 0.11640625
0 0.43359375 0.059375 0.08984375 0.11875
0 0.22578125 0.29375 0.04765625 0.1203125
0 0.28203125 0.3015625 0.04921875 0.11640625
0 0.3375 0.30234375 0.0484375 0.1125
0 0.678125 0.1203125 0.08046875 0.0265625
0 0.8265625 0.0859375 0.040625 0.10703125
0 0.88046875 0.09453125 0.046875 0.096875
0 0.93046875 0.08984375 0.04609375 0.10390625
0 0.9796875 0.0890625 0.040625 0.10859375
0 0.95078125 0.321875 0.0546875 0.09375
0 0.89921875 0.3171875 0.0453125 0.103125
0 0.85234375 0.3171875 0.03125 0.10078125
0 0.81171875 0.31796875 0.03515625 0.0953125
0 0.7703125 0.3234375 0.0390625 0.09765625
0 0.72578125 0.3171875 0.03671875 0.09140625
0 0.68515625 0.325 0.03359375 0.0765625
0 0.64453125 0.334375 0.03671875 0.0640625
0 0.5828125 0.33515625 0.06171875 0.06015625
0 0.56953125 0.2671875 0.0515625 0.046875
0 0.49921875 0.30390625 0.08359375 0.1046875
0 0.415625 0.3140625 0.08125 0.09921875
0 0.43671875 0.45859375 0.04375 0.13984375
0 0.6359375 0.73125 0.09375 0.0140625
0 0.490625 0.4671875 0.046875 0.11875
0 0.53828125 0.45859375 0.0421875 0.13828125
0 0.44921875 0.6203125 0.0328125 0.08515625
0 0.4046875 0.61171875 0.0390625 0.075
0 0.3640625 0.62109375 0.03515625 0.08359375
0 0.32109375 0.6140625 0.03984375 0.0921875
0 0.27578125 0.615625 0.0359375 0.0984375
0 0.29765625 0.36328125 0.0375 0.090625
0 0.17734375 0.6203125 0.03359375 0.08671875
0 0.22421875 0.61796875 0.0359375 0.08828125
0 0.13046875 0.62578125 0.04140625 0.0421875
0 0.08046875 0.61484375 0.04296875 0.1046875
0 0.084375 0.740625 0.071875 0.090625
0 0.16875 0.740625 0.06484375 0.09296875
0 0.25078125 0.740625 0.07578125 0.10078125
0 0.33828125 0.7390625 0.0828125 0.10078125
0 0.434375 0.740625 0.07578125 0.078125
0 0.53203125 0.7421875 0.0828125 0.07734375
0 0.63046875 0.77421875 0.07890625 0.0140625
0 0.4875 0.61484375 0.03984375 0.10390625
0 0.7703125 0.1203125 0.07265625 0.0265625
0 0.534375 0.61015625 0.05 0.11875
0 0.61875 0.6234375 0.03515625 0.0921875
0 0.58515625 0.459375 0.04453125 0.14140625
0 0.64375 0.47578125 0.06328125 0.103125
0 0.703125 0.4734375 0.0421875 0.09375
0 0.7484375 0.4703125 0.02890625 0.08828125
0 0.790625 0.4890625 0.03125 0.0765625
0 0.83515625 0.48125 0.034375 0.08984375
0 0.87890625 0.4828125 0.0453125 0.0875
0 0.928125 0.49921875 0.04609375 0.06640625
0 0.9796875 0.47265625 0.040625 0.103125
0 0.9734375 0.63671875 0.053125 0.06328125
0 0.92265625 0.61796875 0.0375 0.065625
0 0.87734375 0.61640625 0.040625 0.084375
0 0.8265625 0.6203125 0.05390625 0.10234375
0 0.78046875 0.6171875 0.0328125 0.09609375
0 0.73984375 0.6078125 0.0375 0.10859375
0 0.6921875 0.6078125 0.04296875 0.0984375
0 0.6546875 0.6421875 0.02265625 0.0453125
0 0.5828125 0.61484375 0.025 0.09609375
0 0.75234375 0.0484375 0.06875 0.0953125
0 0.66875 0.05078125 0.071875 0.0890625
0 0.54921875 0.06640625 0.1125 0.13203125
0 0.62578125 0.7609375 0.08984375 0.00859375
0 0.75390625 0.85390625 0.071875 0.059375
0 0.971875 0.7359375 0.05625 0.0875
0 0.8875 0.73828125 0.06875 0.0921875
0 0.80703125 0.7734375 0.0703125 0.02265625
0 0.81875 0.740625 0.0671875 0.02890625
0 0.71640625 0.771875 0.07265625 0.0203125
0 0.72890625 0.74609375 0.08984375 0.0234375
0 0.03046875 0.6 0.04375 0.09375
0 0.09453125 0.87890625 0.0875 0.10859375
0 0.62890625 0.746875 0.0890625 0.0140625
0 0.2828125 0.86640625 0.0828125 0.1203125
0 0.371875 0.87265625 0.07578125 0.125
0 0.47421875 0.86953125 0.0875 0.12421875
0 0.5796875 0.86484375 0.07578125 0.11171875
0 0.6703125 0.871875 0.0734375 0.11640625
0 0.8390625 0.86484375 0.07421875 0.12265625
0 0.9578125 0.8640625 0.0828125 0.1125
0 0.1796875 0.8734375 0.06171875 0.1265625
0 0.634375 0.71328125 0.10859375 0.0171875