0 0.6375 0.69921875 0.07421875 0.03359375
0 0.4953125 0.73515625 0.065625 0.03359375
0 0.41796875 0.73359375 0.0734375 0.03125
0 0.34140625 0.7359375 0.07109375 0.0296875
0 0.2609375 0.73515625 0.08046875 0.03046875
0 0.71640625 0.7 0.071875 0.03515625
0 0.78984375 0.52265625 0.0703125 0.0359375
0 0.415625 0.7015625 0.07890625 0.03359375
0 0.428125 0.63515625 0.0765625 0.0296875
0 0.34453125 0.63515625 0.08203125 0.03359375
0 0.25859375 0.63671875 0.0765625 0.0296875
0 0.73125 0.6 0.071875 0.03515625
0 0.6546875 0.59921875 0.07265625 0.03515625
0 0.57734375 0.60078125 0.0734375 0.034375
0 0.503125 0.6 0.06953125 0.0328125
0 0.42578125 0.6015625 0.07265625 0.03515625
0 0.34375 0.60078125 0.08515625 0.0328125
0 0.26015625 0.60390625 0.0796875 0.03515625
0 0.27734375 0.5671875 0.04921875 0.021875
0 0.18671875 0.63203125 0.0515625 0.03671875
0 0.12109375 0.63046875 0.0671875 0.03359375
0 0.04609375 0.63046875 0.07578125 0.03515625
0 0.17578125 0.59296875 0.06953125 0.03515625
0 0.1078125 0.59375 0.0578125 0.0359375
0 0.04375 0.59296875 0.06640625 0.0375
0 0.94140625 0.525 0.0859375 0.0328125
0 0.86015625 0.521875 0.06875 0.0328125
0 0.5046875 0.63359375 0.06875 0.03203125
0 0.57578125 0.63515625 0.065625 0.03046875
0 0.71484375 0.52578125 0.078125 0.03515625
0 0.6375 0.52578125 0.07421875 0.03203125
0 0.3375 0.7015625 0.07265625 0.03359375
0 0.2609375 0.7015625 0.08125 0.03359375
0 0.1671875 0.73203125 0.0859375 0.0359375
0 0.1765625 0.69375 0.084375 0.034375
0 0.07578125 0.734375 0.07890625 0.03515625
0 0.078125 0.69453125 0.0796875 0.0390625
0 0.94296875 0.6375 0.0734375 0.03125
0 0.86953125 0.63671875 0.0671875 0.0296875
0 0.8015625 0.63515625 0.0640625 0.03125
0 0.49296875 0.70078125 0.07109375 0.03515625
0 0.94765625 0.60390625 0.06875 0.0328125
0 0.8078125 0.6015625 0.071875 0.03515625
0 0.725 0.6375 0.06875 0.0296875
0 0.64921875 0.634375 0.06640625 0.03203125
0 0.1484375 0.52265625 0.075 0.03828125
0 0.23828125 0.52734375 0.08203125 0.03203125
0 0.321875 0.52578125 0.07890625 0.0328125
0 0.4015625 0.52578125 0.07578125 0.03203125
0 0.48046875 0.52578125 0.0671875 0.0328125
0 0.5625 0.52421875 0.07265625 0.03203125
0 0.8765625 0.603125 0.0625 0.03203125
0 0.56640625 0.69921875 0.06796875 0.03359375
0 0.06953125 0.52109375 0.0796875 0.0375
0 0.71171875 0.490625 0.0796875 0.0328125
0 0.1140625 0.4171875 0.1125 0.04140625
0 0.11328125 0.37578125 0.1140625 0.04140625
0 0.95 0.315625 0.06875 0.03359375
0 0.88046875 0.31484375 0.06640625 0.03359375
0 0.80390625 0.315625 0.08046875 0.034375
0 0.72265625 0.31640625 0.06953125 0.03203125
0 0.64375 0.315625 0.08046875 0.0375
0 0.56171875 0.31484375 0.07578125 0.0328125
0 0.48203125 0.31640625 0.07890625 0.03515625
0 0.3953125 0.315625 0.084375 0.03359375
0 0.30859375 0.31640625 0.08203125 0.03515625
0 0.7234375 0.28125 0.06953125 0.0375
0 0.64296875 0.27890625 0.0796875 0.0375
0 0.56171875 0.2796875 0.075 0.0375
0 0.48046875 0.278125 0.07578125 0.0375
0 0.39296875 0.27890625 0.084375 0.03515625
0 0.3046875 0.27890625 0.08671875 0.03515625
0 0.21796875 0.31328125 0.08515625 0.03671875
0 0.2171875 0.27578125 0.0796875 0.03671875
0 0.11015625 0.309375 0.10546875 0.03828125
0 0.11328125 0.27109375 0.115625 0.03671875
0 0.028125 0.31015625 0.0515625 0.03515625
0 0.02421875 0.27265625 0.04453125 0.03828125
0 0.87890625 0.021875 0.2 0.04140625
0 0.8953125 0.1 0.20859375 0.10546875
0 0.228125 0.3875 0.0890625 0.0359375
0 0.5671875 0.7328125 0.07109375 0.03359375
0 0.234375 0.421875 0.084375 0.03125
0 0.325 0.42109375 0.08046875 0.034375
0 0.6328125 0.490625 0.07578125 0.03515625
0 0.55859375 0.48984375 0.06875 0.03515625
0 0.484375 0.49140625 0.075 0.034375
0 0.4015625 0.49140625 0.084375 0.03515625
0 0.31640625 0.49140625 0.08125 0.0328125
0 0.2328125 0.4921875 0.08046875 0.034375
0 0.146875 0.484375 0.0796875 0.0390625
0 0.0640625 0.48359375 0.08125 0.0375
0 0.6609375 0.128125 0.18046875 0.05703125
0 0.64921875 0.42265625 0.0703125 0.034375
0 0.57109375 0.421875 0.07265625 0.03359375
0 0.4953125 0.421875 0.075 0.0328125
0 0.73203125 0.421875 0.08203125 0.0328125
0 0.81171875 0.421875 0.07109375 0.03046875
0 0.8828125 0.421875 0.06953125 0.0296875
0 0.9546875 0.42109375 0.075 0.0296875
0 0.9578125 0.38828125 0.071875 0.03515625
0 0.88359375 0.38671875 0.0734375 0.0328125
0 0.80703125 0.38671875 0.07890625 0.034375
0 0.72421875 0.3875 0.075 0.0359375
0 0.64765625 0.38671875 0.07109375 0.034375
0 0.571875 0.38671875 0.07421875 0.034375
0 0.49609375 0.38671875 0.0734375 0.034375
0 0.41328125 0.42265625 0.07734375 0.0328125
0 0.415625 0.3875 0.08359375 0.03359375
0 0.32421875 0.38515625 0.0890625 0.03515625
0 0.64140625 0.734375 0.0734375 0.03515625
0 0.66875 0.04921875 0.16953125 0.09765625
0 0.79453125 0.73203125 0.07109375 0.0375
0 0.0375 0.91875 0.07421875 0.03671875
0 0.13203125 0.884375 0.0921875 0.0328125
0 0.13203125 0.92109375 0.0953125 0.0390625
0 0.23203125 0.8984375 0.0703125 0.034375
0 0.31484375 0.9 0.08203125 0.03046875
0 0.39921875 0.89609375 0.08046875 0.0328125
0 0.48828125 0.89453125 0.065625 0.034375
0 0.56640625 0.89453125 0.071875 0.03515625
0 0.64375 0.89609375 0.07734375 0.03515625
0 0.71953125 0.89296875 0.065625 0.0328125
0 0.2421875 0.93203125 0.06953125 0.0296875
0 0.31875 0.9296875 0.08203125 0.0265625
0 0.4875 0.9296875 0.0671875 0.0265625
0 0.56328125 0.928125 0.06953125 0.03125
0 0.64609375 0.92890625 0.07734375 0.0265625
0 0.71953125 0.9265625 0.065625 0.0328125
0 0.80390625 0.8828125 0.0671875 0.0359375
0 0.86796875 0.88359375 0.0546875 0.0328125
0 0.925 0.884375 0.05390625 0.0328125
0 0.81328125 0.9328125 0.06953125 0.0375
0 0.88359375 0.93359375 0.0609375 0.0328125
0 0.9453125 0.9328125 0.0640625 0.034375
0 0.71328125 0.73515625 0.06953125 0.03203125
0 0.040625 0.8828125 0.0765625 0.021875
0 0.928125 0.834375 0.0640625 0.03046875
0 0.40546875 0.92890625 0.075 0.02578125
0 0.7921875 0.8296875 0.06171875 0.0328125
0 0.85859375 0.83125 0.0703125 0.03359375
0 0.9359375 0.73515625 0.06171875 0.03203125
0 0.05546875 0.78671875 0.09765625 0.04140625
0 0.1578125 0.78828125 0.10546875 0.0375
0 0.05 0.82890625 0.09609375 0.04140625
0 0.15234375 0.8296875 0.09609375 0.0421875
0 0.25859375 0.7984375 0.08515625 0.0359375
0 0.34296875 0.79921875 0.07890625 0.034375
0 0.49921875 0.80078125 0.07421875 0.0328125
0 0.57421875 0.79921875 0.0703125 0.03515625
0 0.6453125 0.796875 0.0671875 0.03359375
0 0.72109375 0.8 0.06015625 0.034375
0 0.2578125 0.83359375 0.075 0.03359375
0 0.421875 0.8 0.0734375 0.0359375
0 0.42421875 0.83359375 0.078125 0.03203125
0 0.928125 0.8 0.07265625 0.0359375
0 0.34140625 0.8328125 0.07578125 0.0328125
0 0.79375 0.79609375 0.06328125 0.03125
0 0.721875 0.8359375 0.0703125 0.03125
0 0.85859375 0.79765625 0.06328125 0.0296875
0 0.50078125 0.83515625 0.07265625 0.03203125
0 0.5734375 0.83359375 0.07265625 0.03125
0 0.64765625 0.83203125 0.07109375 0.03359375
0 0.86875 0.73359375 0.06484375 0.03515625