0 0.1015625 0.41875 0.05234375 0.0921875
0 0.059375 0.43828125 0.03359375 0.08359375
0 0.01875 0.4390625 0.0375 0.084375
0 0.72734375 0.315625 0.04609375 0.0171875
0 0.85546875 0.3140625 0.03515625 0.07109375
0 0.9234375 0.3046875 0.04609375 0.08828125
0 0.8875 0.30546875 0.02890625 0.08984375
0 0.20390625 0.40625 0.06171875 0.06875
0 0.8015625 0.33203125 0.06484375 0.03515625
0 0.97421875 0.30078125 0.0453125 0.09453125
0 0.25078125 0.425 0.034375 0.109375
0 0.64609375 0.43359375 0.040625 0.09453125
0 0.35703125 0.45390625 0.03671875 0.0453125
0 0.3921875 0.45625 0.03203125 0.0484375
0 0.44609375 0.46796875 0.06953125 0.03125
0 0.51640625 0.44140625 0.0421875 0.08046875
0 0.56015625 0.43359375 0.03984375 0.0921875
0 0.60234375 0.43515625 0.04140625 0.0953125
0 0.69375 0.43515625 0.04296875 0.0859375
0 0.7796875 0.440625 0.04921875 0.08203125
0 0.83203125 0.43359375 0.04296875 0.0953125
0 0.87578125 0.43828125 0.04609375 0.08984375
0 0.73671875 0.33671875 0.05546875 0.025
0 0.30625 0.43515625 0.0515625 0.08828125
0 0.68828125 0.334375 0.03828125 0.03125
0 0.68984375 0.14765625 0.065625 0.13203125
0 0.584375 0.30859375 0.0484375 0.08046875
0 0.13828125 0.17578125 0.053125 0.1
0 0.19765625 0.18359375 0.03828125 0.075
0 0.2390625 0.18046875 0.04609375 0.08203125
0 0.32734375 0.16328125 0.05 0.115625
0 0.3921875 0.17421875 0.03515625 0.08828125
0 0.42578125 0.1640625 0.03046875 0.11171875
0 0.46796875 0.15625 0.046875 0.12265625
0 0.51328125 0.15234375 0.0421875 0.12734375
0 0.56484375 0.1578125 0.05546875 0.11953125
0 0.625 0.15 0.053125 0.13046875
0 0.96953125 0.40546875 0.0515625 0.0671875
0 0.75625 0.15 0.06015625 0.128125
0 0.8671875 0.1578125 0.06171875 0.11171875
0 0.93828125 0.15859375 0.046875 0.1015625
0 0.01953125 0.3140625 0.0390625 0.0828125
0 0.11015625 0.3171875 0.03828125 0.07734375
0 0.1578125 0.31328125 0.05625 0.08515625
0 0.20078125 0.3125 0.02734375 0.0765625
0 0.24296875 0.3125 0.05078125 0.084375
0 0.29453125 0.296875 0.05 0.11796875
0 0.34453125 0.33125 0.04140625 0.046875
0 0.396875 0.325 0.05703125 0.05859375
0 0.44765625 0.29921875 0.0421875 0.10546875
0 0.49375 0.2984375 0.05078125 0.11015625
0 0.540625 0.30703125 0.0375 0.08671875
0 0.6390625 0.30625 0.05703125 0.09453125
0 0.93359375 0.46484375 0.05390625 0.02890625
0 0.63125 0.6265625 0.078125 0.06796875
0 0.084375 0.53359375 0.0390625 0.07421875
0 0.5890625 0.74375 0.03359375 0.0609375
0 0.6625 0.75 0.103125 0.05625
0 0.73828125 0.75078125 0.04296875 0.05390625
0 0.8390625 0.74921875 0.04609375 0.06015625
0 0.89453125 0.74921875 0.0546875 0.06171875
0 0.95078125 0.74375 0.05234375 0.0640625
0 0.0171875 0.85390625 0.034375 0.10390625
0 0.059375 0.8546875 0.03828125 0.10546875
0 0.23046875 0.86640625 0.1015625 0.08046875
0 0.31953125 0.8796875 0.07421875 0.0765625
0 0.30703125 0.815625 0.07421875 0.01484375
0 0.55234375 0.7421875 0.03359375 0.06171875
0 0.31640625 0.8328125 0.07109375 0.0140625
0 0.403125 0.865625 0.08203125 0.09375
0 0.48984375 0.87890625 0.08125 0.08125
0 0.484375 0.82265625 0.0734375 0.02265625
0 0.57109375 0.8328125 0.06796875 0.06640625
0 0.64921875 0.83203125 0.06796875 0.06640625
0 0.5578125 0.7890625 0.06640625 0.01953125
0 0.628125 0.7890625 0.06796875 0.0171875
0 0.72109375 0.871875 0.053125 0.090625
0 0.78515625 0.88515625 0.05546875 0.09453125
0 0.8328125 0.85546875 0.03671875 0.10625
0 0.896875 0.8859375 0.05546875 0.11015625
0 0.4015625 0.8 0.06953125 0.0328125
0 0.5171875 0.7421875 0.03046875 0.06171875
0 0.4765625 0.73984375 0.04375 0.06875
0 0.42421875 0.73984375 0.0484375 0.06015625
0 0.1546875 0.5296875 0.0984375 0.07578125
0 0.25234375 0.53125 0.09140625 0.0796875
0 0.3546875 0.53125 0.0984375 0.07890625
0 0.76875 0.53125 0.4625 0.075
0 0.51171875 0.53125 0.05078125 0.07109375
0 0.02421875 0.59375 0.0484375 0.01796875
0 0.03671875 0.6265625 0.0734375 0.046875
0 0.1328125 0.6203125 0.08203125 0.06484375
0 0.22578125 0.6234375 0.0984375 0.0578125
0 0.3265625 0.6265625 0.1015625 0.0625
0 0.41328125 0.61953125 0.07265625 0.07578125
0 0.48515625 0.625 0.06953125 0.0671875
0 0.55390625 0.621875 0.0671875 0.078125
0 0.0796875 0.17734375 0.046875 0.09609375
0 0.7171875 0.63046875 0.08359375 0.06484375
0 0.79765625 0.63125 0.0765625 0.06796875
0 0.88046875 0.63671875 0.0828125 0.059375
0 0.96171875 0.634375 0.03359375 0.0625
0 0.0421875 0.69375 0.084375 0.01875
0 0.04375 0.73203125 0.08046875 0.053125
0 0.1375 0.734375 0.10078125 0.05625
0 0.22578125 0.7171875 0.07421875 0.078125
0 0.28125 0.73125 0.034375 0.06484375
0 0.328125 0.7328125 0.0484375 0.0703125
0 0.38203125 0.7109375 0.02890625 0.0640625
0 0.0296875 0.53203125 0.059375 0.06875
0 0.03046875 0.17578125 0.03984375 0.1
0 0.7375 0.4421875 0.0359375 0.0765625