0 0.64609375 0.81953125 0.0484375 0.0359375
0 0.01796875 0.72109375 0.0328125 0.09453125
0 0.0625 0.71875 0.04453125 0.0953125
0 0.1875 0.71171875 0.17421875 0.1
0 0.3578125 0.69609375 0.1515625 0.13359375
0 0.459375 0.70859375 0.04296875 0.11328125
0 0.50546875 0.70859375 0.04453125 0.10859375
0 0.7265625 0.71015625 0.0390625 0.11015625
0 0.5984375 0.709375 0.04375 0.109375
0 0.64140625 0.71015625 0.0390625 0.1125
0 0.68515625 0.709375 0.04375 0.109375
0 0.95 0.54296875 0.04609375 0.12109375
0 0.771875 0.71171875 0.04296875 0.10703125
0 0.81328125 0.71953125 0.03515625 0.0984375
0 0.55 0.709375 0.04296875 0.11015625
0 0.8890625 0.5421875 0.0625 0.12421875
0 0.66875 0.55859375 0.04375 0.09375
0 0.79453125 0.56015625 0.03671875 0.09296875
0 0.70859375 0.10390625 0.04609375 0.10546875
0 0.66328125 0.1109375 0.0390625 0.09140625
0 0.615625 0.10234375 0.05 0.10859375
0 0.56015625 0.10234375 0.05546875 0.1078125
0 0.353125 0.5609375 0.04453125 0.08359375
0 0.40078125 0.55859375 0.0375 0.08828125
0 0.83359375 0.55859375 0.0359375 0.09140625
0 0.45078125 0.54765625 0.04375 0.1171875
0 0.54296875 0.54765625 0.0390625 0.1140625
0 0.5859375 0.5484375 0.0453125 0.11015625
0 0.62890625 0.55546875 0.0359375 0.0984375
0 0.46328125 0.09140625 0.04765625 0.12109375
0 0.709375 0.5625 0.03359375 0.084375
0 0.7515625 0.56328125 0.0421875 0.084375
0 0.49921875 0.5484375 0.04609375 0.1109375
0 0.41015625 0.14296875 0.05 0.021875
0 0.34375 0.10703125 0.065625 0.03203125
0 0.21484375 0.1359375 0.0609375 0.03203125
0 0.94765625 0.8296875 0.1046875 0.015625
0 0.95078125 0.84921875 0.0984375 0.0109375
0 0.95 0.8640625 0.1 0.01484375
0 0.8453125 0.86328125 0.109375 0.0171875
0 0.84375 0.8453125 0.10859375 0.01484375
0 0.76171875 0.85 0.0546875 0.04140625
0 0.70390625 0.8515625 0.0546875 0.04453125
0 0.59375 0.859375 0.0484375 0.0328125
0 0.65 0.85703125 0.04453125 0.0359375
0 0.59375 0.81953125 0.04609375 0.0453125
0 0.54375 0.86015625 0.04375 0.03125
0 0.50078125 0.85703125 0.0375 0.03203125
0 0.45703125 0.85703125 0.04609375 0.02734375
0 0.45859375 0.82734375 0.040625 0.03125
0 0.36328125 0.85234375 0.1421875 0.028125
0 0.3625 0.821875 0.14453125 0.03203125
0 0.2109375 0.85625 0.14140625 0.028125
0 0.28125 0.13984375 0.06640625 0.03046875
0 0.3515625 0.1390625 0.06015625 0.03046875
0 0.75703125 0.10625 0.05234375 0.10390625
0 0.27578125 0.10625 0.0609375 0.03359375
0 0.2109375 0.103125 0.05859375 0.03359375
0 0.14921875 0.10390625 0.05859375 0.03203125
0 0.1515625 0.13828125 0.06484375 0.03125
0 0.0890625 0.11015625 0.04453125 0.08125
0 0.85234375 0.7171875 0.0359375 0.10234375
0 0.9265625 0.71171875 0.1078125 0.10703125
0 0.02109375 0.83125 0.03515625 0.08359375
0 0.06171875 0.8296875 0.04296875 0.08125
0 0.10625 0.8265625 0.04609375 0.07890625
0 0.20859375 0.82265625 0.14140625 0.0390625
0 0.03984375 0.1109375 0.04296875 0.08125
0 0.815625 0.0921875 0.05703125 0.04765625
0 0.5109375 0.09375 0.04453125 0.12265625
0 0.67734375 0.4109375 0.05 0.1046875
0 0.5375 0.40546875 0.0390625 0.115625
0 0.58203125 0.40390625 0.04453125 0.115625
0 0.62890625 0.409375 0.046875 0.1046875
0 0.72890625 0.41171875 0.04765625 0.10703125
0 0.77890625 0.44453125 0.0484375 0.03671875
0 0.77734375 0.40859375 0.0484375 0.034375
0 0.1421875 0.2515625 0.10625 0.1109375
0 0.06015625 0.27265625 0.0546875 0.06796875
0 0.95625 0.09296875 0.08359375 0.1265625
0 0.49296875 0.41875 0.04453125 0.08515625
0 0.81640625 0.1390625 0.06171875 0.0375
0 0.8765625 0.09296875 0.06328125 0.04609375
0 0.72265625 0.3453125 0.04453125 0.021875
0 0.83515625 0.396875 0.059375 0.04609375
0 0.8953125 0.39765625 0.06328125 0.04140625
0 0.17421875 0.5578125 0.03984375 0.0890625
0 0.128125 0.55859375 0.05234375 0.08828125
0 0.05625 0.57578125 0.071875 0.06328125
0 0.83515625 0.440625 0.0625 0.040625
0 0.89609375 0.440625 0.0609375 0.0421875
0 0.878125 0.13671875 0.0609375 0.04375
0 0.965625 0.39921875 0.06875 0.1234375
0 0.4484375 0.41875 0.0421875 0.0828125
0 0.38125 0.396875 0.08203125 0.04140625
0 0.5296875 0.290625 0.06328125 0.0421875
0 0.46484375 0.290625 0.0640625 0.0421875
0 0.65390625 0.24609375 0.0640625 0.0421875
0 0.5875 0.24375 0.0625 0.0453125
0 0.52421875 0.24453125 0.06328125 0.046875
0 0.46015625 0.2453125 0.0625 0.04609375
0 0.359375 0.25390625 0.10234375 0.1140625
0 0.2515625 0.253125 0.10703125 0.115625
0 0.72109375 0.2890625 0.06796875 0.04765625
0 0.384375 0.43984375 0.08203125 0.0390625
0 0.790625 0.2890625 0.06875 0.04765625
0 0.859375 0.28828125 0.06953125 0.04609375
0 0.9265625 0.26328125 0.05390625 0.0984375
0 0.9765625 0.2640625 0.046875 0.096875
0 0.0640625 0.3984375 0.03671875 0.12265625
0 0.10390625 0.39921875 0.04453125 0.12109375
0 0.14921875 0.3984375 0.040625 0.1234375
0 0.20078125 0.40546875 0.053125 0.1078125
0 0.25625 0.40390625 0.05625 0.10859375
0 0.31328125 0.4046875 0.05078125 0.10859375
0 0.8640625 0.2390625 0.06640625 0.046875
0 0.59140625 0.290625 0.05625 0.04453125
0 0.65234375 0.290625 0.06484375 0.04453125