0 0.0296875 0.79453125 0.02734375 0.05
0 0.36796875 0.80859375 0.0546875 0.0796875
0 0.06015625 0.79296875 0.02734375 0.06875
0 0.1171875 0.7875 0.01796875 0.0515625
0 0.14140625 0.82734375 0.021875 0.0859375
0 0.16953125 0.81796875 0.02578125 0.0765625
0 0.23359375 0.81953125 0.0671875 0.06796875
0 0.42578125 0.81328125 0.0453125 0.06796875
0 0.76015625 0.81796875 0.05234375 0.08046875
0 0.55078125 0.81171875 0.05234375 0.0828125
0 0.603125 0.82421875 0.04453125 0.06484375
0 0.66328125 0.8296875 0.06328125 0.10234375
0 0.84140625 0.840625 0.0484375 0.0609375
0 0.89453125 0.8671875 0.04609375 0.05859375
0 0.97109375 0.86796875 0.0546875 0.075
0 0.0796875 0.696875 0.0125 0.053125
0 0.48671875 0.8140625 0.0515625 0.084375
0 0.04921875 0.7 0.0375 0.06484375
0 0.10390625 0.52578125 0.01953125 0.05546875
0 0.103125 0.70078125 0.02734375 0.0578125
0 0.403125 0.53046875 0.0484375 0.05234375
0 0.3625 0.521875 0.0234375 0.06953125
0 0.33203125 0.51953125 0.028125 0.06796875
0 0.30078125 0.5203125 0.0171875 0.0734375
0 0.26875 0.51796875 0.0234375 0.07109375
0 0.22734375 0.525 0.021875 0.04453125
0 0.1953125 0.5234375 0.0234375 0.03984375
0 0.13515625 0.528125 0.0296875 0.04453125
0 0.08046875 0.521875 0.0171875 0.05703125
0 0.05625 0.51875 0.02265625 0.06015625
0 0.0625 0.39921875 0.0515625 0.06640625
0 0.01640625 0.39609375 0.02890625 0.0609375
0 0.19921875 0.33828125 0.0765625 0.02734375
0 0.14609375 0.39296875 0.04375 0.078125
0 0.18984375 0.41171875 0.0328125 0.05625
0 0.234375 0.41953125 0.0453125 0.0421875
0 0.309375 0.40390625 0.09296875 0.0296875
0 0.38828125 0.40625 0.0421875 0.07421875
0 0.43359375 0.40625 0.03984375 0.06875
0 0.4609375 0.5296875 0.0453125 0.059375
0 0.48515625 0.39921875 0.0328125 0.06640625
0 0.51015625 0.5171875 0.040625 0.0765625
0 0.61640625 0.55 0.03828125 0.01953125
0 0.01328125 0.703125 0.02578125 0.065625
0 0.47421875 0.6203125 0.02578125 0.06484375
0 0.43515625 0.62421875 0.0390625 0.06015625
0 0.3953125 0.615625 0.03203125 0.05625
0 0.26015625 0.61328125 0.04296875 0.06484375
0 0.20703125 0.6265625 0.0421875 0.03984375
0 0.15703125 0.6109375 0.0453125 0.07734375
0 0.1109375 0.6125 0.0421875 0.07109375
0 0.07734375 0.61171875 0.0203125 0.05546875
0 0.04296875 0.61328125 0.02890625 0.06171875
0 0.0109375 0.61015625 0.021875 0.0546875
0 0.890625 0.575 0.04765625 0.06953125
0 0.9515625 0.5765625 0.04765625 0.06953125
0 0.99140625 0.575 0.0171875 0.07578125
0 0.9859375 0.4609375 0.0265625 0.065625
0 0.95 0.45703125 0.0328125 0.07578125
0 0.90234375 0.45625 0.046875 0.06953125
0 0.7765625 0.5265625 0.05625 0.0765625
0 0.65859375 0.51171875 0.04140625 0.04609375
0 0.55859375 0.51953125 0.03984375 0.075
0 0.53046875 0.40625 0.05 0.0625
0 0.71328125 0.5171875 0.053125 0.090625
0 0.25390625 0.2375 0.05625 0.109375
0 0.840625 0.70546875 0.03359375 0.065625
0 0.64921875 0.4015625 0.0671875 0.078125
0 0.72421875 0.4 0.0734375 0.08359375
0 0.79765625 0.4015625 0.0703125 0.078125
0 0.875 0.325 0.0296875 0.065625
0 0.91328125 0.3265625 0.0453125 0.06484375
0 0.975 0.32890625 0.05 0.0640625
0 0.98515625 0.184375 0.02890625 0.10859375
0 0.94375 0.18359375 0.03984375 0.1203125
0 0.896875 0.18125 0.040625 0.12109375
0 0.8859375 0.70703125 0.04296875 0.06875
0 0.721875 0.21875 0.07734375 0.15
0 0.5625 0.221875 0.07265625 0.14296875
0 0.48359375 0.21875 0.06953125 0.14921875
0 0.40546875 0.22890625 0.05625 0.11953125
0 0.3375 0.2421875 0.06328125 0.096875
0 0.5140625 0.62578125 0.04140625 0.0546875
0 0.203125 0.24140625 0.04296875 0.10078125
0 0.14921875 0.2421875 0.0546875 0.09921875
0 0.09140625 0.22265625 0.05546875 0.12890625
0 0.0109375 0.23046875 0.02109375 0.11484375
0 0.13671875 0.73125 0.0375 0.0234375
0 0.6375 0.21796875 0.06484375 0.15078125
0 0.93828125 0.70859375 0.04609375 0.065625
0 0.5765625 0.41015625 0.0203125 0.0484375
0 0.78359375 0.625 0.0546875 0.06484375
0 0.1890625 0.7203125 0.0484375 0.04296875
0 0.24375 0.71484375 0.04296875 0.059375
0 0.2953125 0.7109375 0.0515625 0.0625
0 0.35390625 0.70859375 0.0421875 0.05703125
0 0.40546875 0.71328125 0.03984375 0.06640625
0 0.45390625 0.71796875 0.04375 0.0625
0 0.98203125 0.71171875 0.03515625 0.0609375
0 0.5625 0.72109375 0.04375 0.0328125
0 0.60546875 0.7046875 0.0328125 0.03125
0 0.6546875 0.72265625 0.04609375 0.059375
0 0.7078125 0.72578125 0.0453125 0.040625
0 0.50703125 0.71953125 0.0515625 0.05703125
0 0.04296875 0.23046875 0.03671875 0.1078125
0 0.76171875 0.72109375 0.04765625 0.053125
0 0.6703125 0.6234375 0.0484375 0.0703125
0 0.61953125 0.62265625 0.05234375 0.0703125
0 0.565625 0.62734375 0.046875 0.06015625
0 0.72421875 0.6265625 0.04609375 0.065625