0 0.44140625 0.05 0.05859375 0.09375
0 0.378125 0.05546875 0.0546875 0.090625
0 0.31953125 0.0546875 0.05 0.090625
0 0.2703125 0.05234375 0.04140625 0.1046875
0 0.38046875 0.528125 0.07265625 0.01875
0 0.14609375 0.053125 0.05390625 0.103125
0 0.08671875 0.0546875 0.05078125 0.10625
0 0.03359375 0.053125 0.03671875 0.103125
0 0.61875 0.05234375 0.06953125 0.0921875
0 0.20703125 0.053125 0.05078125 0.1046875
0 0.5078125 0.05 0.05703125 0.08828125
0 0.0515625 0.253125 0.0609375 0.1203125
0 0.1171875 0.26796875 0.06015625 0.1
0 0.45234375 0.521875 0.07421875 0.03515625
0 0.29375 0.55546875 0.06875 0.0328125
0 0.53046875 0.55625 0.06875 0.03203125
0 0.5296875 0.5171875 0.07265625 0.0328125
0 0.60390625 0.5578125 0.07265625 0.03984375
0 0.29609375 0.51328125 0.08984375 0.0421875
0 0.2109375 0.51484375 0.07421875 0.0390625
0 0.128125 0.5109375 0.08203125 0.04140625
0 0.13125 0.55625 0.0734375 0.0390625
0 0.38046875 0.5609375 0.06796875 0.0328125
0 0.04765625 0.525 0.07265625 0.0296875
0 0.11484375 0.384375 0.09296875 0.053125
0 0.12421875 0.4328125 0.08359375 0.0375
0 0.03828125 0.4390625 0.0734375 0.03515625
0 0.0390625 0.39375 0.05625 0.040625
0 0.409375 0.24453125 0.05 0.14921875
0 0.3515625 0.240625 0.05546875 0.1578125
0 0.290625 0.24375 0.04921875 0.1515625
0 0.2328125 0.2484375 0.0578125 0.15625
0 0.17265625 0.2609375 0.040625 0.1171875
0 0.04453125 0.559375 0.0828125 0.03125
0 0.45546875 0.56015625 0.05625 0.0328125
0 0.215625 0.55546875 0.0796875 0.0375