0 0.4359375 0.58203125 0.0328125 0.0578125
0 0.48046875 0.72109375 0.04453125 0.0609375
0 0.39921875 0.5609375 0.03515625 0.0609375
0 0.33828125 0.5390625 0.07734375 0.065625
0 0.325 0.62421875 0.02421875 0.05625
0 0.3640625 0.64765625 0.0328125 0.046875
0 0.40234375 0.671875 0.02265625 0.0421875
0 0.44140625 0.69375 0.03125 0.053125
0 0.5296875 0.74296875 0.05078125 0.065625
0 0.32890625 0.771875 0.0640625 0.1046875
0 0.64765625 0.8109375 0.04765625 0.0703125
0 0.7984375 0.90390625 0.06953125 0.0828125
0 0.89921875 0.940625 0.0984375 0.08046875
0 0.434375 0.8421875 0.0296875 0.08046875
0 0.48984375 0.89765625 0.03203125 0.084375
0 0.5265625 0.9125 0.0203125 0.0921875
0 0.55234375 0.921875 0.01796875 0.0640625
0 0.4796875 0.603125 0.03984375 0.05625
0 0.58828125 0.778125 0.04609375 0.071875
0 0.53046875 0.62109375 0.04765625 0.075
0 0.715625 0.8515625 0.05859375 0.071875
0 0.5984375 0.60625 0.0578125 0.0421875
0 0.8921875 0.16640625 0.11953125 0.1265625
0 0.590625 0.66328125 0.059375 0.04375
0 0.8 0.1671875 0.03984375 0.0984375
0 0.61015625 0.1625 0.078125 0.096875
0 0.51328125 0.1609375 0.078125 0.0859375
0 0.4453125 0.171875 0.0359375 0.090625
0 0.34921875 0.1546875 0.05703125 0.07109375
0 0.40703125 0.1546875 0.0296875 0.08359375
0 0.9625 0.38984375 0.05703125 0.13203125
0 0.3 0.2890625 0.03046875 0.06015625
0 0.33671875 0.30546875 0.03359375 0.05625
0 0.375 0.3125 0.03046875 0.0484375
0 0.4296875 0.32421875 0.05234375 0.05625
0 0.51328125 0.33203125 0.04296875 0.0734375
0 0.721875 0.165625 0.08515625 0.1015625
0 0.64609375 0.3640625 0.08828125 0.06875
0 0.75546875 0.70625 0.07109375 0.115625
0 0.5703125 0.33828125 0.0453125 0.084375
0 0.84921875 0.7546875 0.090625 0.1375
0 0.95078125 0.79921875 0.08984375 0.1296875
0 0.67421875 0.67890625 0.08125 0.11875
0 0.390625 0.4453125 0.03203125 0.0453125
0 0.3453125 0.4265625 0.02265625 0.0421875
0 0.4390625 0.4578125 0.0453125 0.0484375
0 0.79375 0.57265625 0.08984375 0.0765625
0 0.959375 0.63125 0.08046875 0.109375
0 0.86484375 0.4 0.11484375 0.0921875
0 0.74453125 0.3734375 0.1 0.06484375
0 0.3109375 0.4171875 0.01484375 0.0421875