0 0.3734375 0.94140625 0.0265625 0.1046875
0 0.34140625 0.94609375 0.02890625 0.096875
0 0.27890625 0.95546875 0.028125 0.08359375
0 0.25078125 0.95859375 0.0265625 0.0828125
0 0.49140625 0.7921875 0.02421875 0.10859375
0 0.46015625 0.79765625 0.02265625 0.10234375
0 0.43359375 0.8 0.02109375 0.1015625
0 0.40390625 0.80546875 0.025 0.10859375
0 0.37421875 0.81171875 0.02578125 0.10546875
0 0.34453125 0.81875 0.021875 0.1125
0 0.31328125 0.825 0.02734375 0.11484375
0 0.27890625 0.834375 0.03125 0.1171875
0 0.24921875 0.83984375 0.02734375 0.11484375
0 0.4875 0.678125 0.03125 0.1046875
0 0.45625 0.678125 0.028125 0.1015625
0 0.42890625 0.68359375 0.025 0.1015625
0 0.3984375 0.68828125 0.02109375 0.10390625
0 0.36953125 0.69296875 0.03046875 0.10546875
0 0.334375 0.69375 0.02734375 0.1171875
0 0.303125 0.70390625 0.03046875 0.1140625
0 0.2703125 0.709375 0.0296875 0.1109375
0 0.4015625 0.94765625 0.02265625 0.06796875
0 0.23828125 0.715625 0.02421875 0.11015625
0 0.42890625 0.940625 0.0265625 0.0640625
0 0.48828125 0.92890625 0.03203125 0.06796875
0 0.7125 0.63515625 0.01875 0.10078125
0 0.671875 0.52578125 0.02109375 0.1046875
0 0.69375 0.5234375 0.01953125 0.11640625
0 0.71640625 0.51953125 0.01640625 0.109375
0 0.74140625 0.5203125 0.021875 0.10625
0 0.76640625 0.515625 0.01875 0.10390625
0 0.02265625 0.71796875 0.034375 0.071875
0 0.16796875 0.57421875 0.0265625 0.12421875
0 0.13125 0.5796875 0.03671875 0.12578125
0 0.08984375 0.584375 0.03515625 0.12109375
0 0.05 0.5859375 0.03984375 0.12890625
0 0.0125 0.590625 0.025 0.128125
0 0.1609375 0.41640625 0.02578125 0.13046875
0 0.12578125 0.4171875 0.03671875 0.1328125
0 0.0796875 0.3953125 0.03515625 0.07890625
0 0.0375 0.3953125 0.03046875 0.07890625
0 0.053125 0.46328125 0.103125 0.05078125
0 0.14765625 0.2484375 0.0328125 0.1578125
0 0.10859375 0.25 0.0375 0.153125
0 0.06328125 0.24609375 0.04140625 0.1578125
0 0.0171875 0.24609375 0.034375 0.15625
0 0.45703125 0.93828125 0.0234375 0.06640625
0 0.4890625 0.55703125 0.02578125 0.08515625
0 0.46328125 0.26484375 0.021875 0.1265625
0 0.4375 0.5671875 0.0234375 0.08125
0 0.70546875 0.86171875 0.01953125 0.07734375
0 0.68359375 0.8671875 0.015625 0.08359375
0 0.66171875 0.87265625 0.021875 0.08359375
0 0.6375 0.878125 0.0234375 0.08046875
0 0.6125 0.88359375 0.01640625 0.0875
0 0.58984375 0.8890625 0.02421875 0.084375
0 0.61328125 0.7921875 0.02265625 0.046875
0 0.5875 0.79921875 0.01875 0.05078125
0 0.75546875 0.74609375 0.01796875 0.08671875
0 0.73125 0.75078125 0.02109375 0.08515625
0 0.70625 0.7546875 0.02421875 0.08984375
0 0.68359375 0.75859375 0.02109375 0.0875
0 0.6578125 0.7671875 0.02109375 0.09296875
0 0.63671875 0.7703125 0.01796875 0.08984375
0 0.6046875 0.73359375 0.03828125 0.05625
0 0.75859375 0.6296875 0.0234375 0.09765625
0 0.59296875 0.64921875 0.02265625 0.09609375
0 0.6203125 0.64453125 0.01953125 0.103125
0 0.6421875 0.64140625 0.0171875 0.1015625
0 0.66484375 0.63984375 0.01796875 0.103125
0 0.68828125 0.63515625 0.02109375 0.0984375
0 0.72890625 0.85546875 0.02265625 0.075
0 0.7546875 0.85234375 0.0171875 0.075
0 0.21953125 0.25546875 0.0296875 0.1453125
0 0.2515625 0.25390625 0.02734375 0.14453125
0 0.40859375 0.565625 0.02109375 0.09296875
0 0.38203125 0.56875 0.02265625 0.09453125
0 0.35390625 0.57578125 0.025 0.08671875
0 0.328125 0.5796875 0.01953125 0.034375
0 0.30234375 0.5765625 0.02265625 0.08828125
0 0.25390625 0.58203125 0.0609375 0.0984375
0 0.49609375 0.40703125 0.0328125 0.121875
0 0.465625 0.4125 0.02421875 0.128125
0 0.4359375 0.41171875 0.02578125 0.11953125
0 0.40625 0.41328125 0.0234375 0.11484375
0 0.609375 0.534375 0.04140625 0.10078125
0 0.3734375 0.40859375 0.028125 0.125
0 0.30625 0.4125 0.0296875 0.13125
0 0.27109375 0.40859375 0.028125 0.1328125
0 0.23828125 0.41171875 0.028125 0.13671875
0 0.490625 0.265625 0.028125 0.1265625
0 0.43671875 0.2671875 0.02265625 0.12890625
0 0.40234375 0.25859375 0.0234375 0.1265625
0 0.3734375 0.2609375 0.02421875 0.1359375
0 0.34453125 0.259375 0.02734375 0.13828125
0 0.3140625 0.25859375 0.02265625 0.13828125
0 0.2828125 0.2578125 0.03203125 0.1390625
0 0.3421875 0.41015625 0.02578125 0.1234375
0 0.46171875 0.5609375 0.01875 0.08515625
0 0.64609375 0.528125 0.02265625 0.10859375
0 0.0546875 0.0765625 0.0421875 0.14296875
0 0.9234375 0.4703125 0.01484375 0.0953125
0 0.9421875 0.471875 0.015625 0.09375
0 0.96328125 0.46796875 0.01953125 0.08984375
0 0.87734375 0.5875 0.0140625 0.0875
0 0.8953125 0.58515625 0.0171875 0.09296875
0 0.91484375 0.58125 0.0171875 0.09140625
0 0.93359375 0.5796875 0.01953125 0.0859375
0 0.95390625 0.57734375 0.0171875 0.08671875
0 0.84453125 0.6953125 0.0203125 0.08515625
0 0.86484375 0.6890625 0.015625 0.08671875
0 0.88515625 0.68671875 0.01796875 0.09296875
0 0.903125 0.684375 0.0140625 0.09140625
0 0.92265625 0.6796875 0.01875 0.08828125
0 0.94296875 0.67421875 0.0171875 0.0859375
0 0.84296875 0.8046875 0.02265625 0.115625
0 0.89296875 0.81328125 0.02578125 0.0765625
0 0.91796875 0.80078125 0.01640625 0.0875
0 0.93828125 0.8 0.01875 0.075
0 0.596875 0.403125 0.021875 0.1140625
0 0.62265625 0.40390625 0.01953125 0.11484375
0 0.64765625 0.40390625 0.021875 0.11171875
0 0.9046875 0.47421875 0.01484375 0.09296875
0 0.88515625 0.475 0.01640625 0.09375
0 0.975 0.34921875 0.01953125 0.08125
0 0.9546875 0.35 0.01484375 0.08671875
0 0.671875 0.26328125 0.02109375 0.1390625
0 0.70078125 0.2609375 0.02578125 0.13203125
0 0.7296875 0.259375 0.028125 0.13125
0 0.77265625 0.271875 0.04765625 0.025
0 0.896875 0.15859375 0.0140625 0.02578125
0 0.91484375 0.1640625 0.0125 0.02421875
0 0.93515625 0.1640625 0.0140625 0.02734375
0 0.9515625 0.1640625 0.01171875 0.0234375
0 0.9671875 0.16953125 0.01484375 0.02265625
0 0.98515625 0.16953125 0.015625 0.02265625
0 0.67109375 0.403125 0.021875 0.1140625
0 0.87734375 0.24765625 0.01015625 0.0828125
0 0.9109375 0.25 0.0171875 0.08203125
0 0.92890625 0.253125 0.01484375 0.08125
0 0.94609375 0.25078125 0.015625 0.0796875
0 0.9640625 0.253125 0.0140625 0.0796875
0 0.98359375 0.25234375 0.0203125 0.07265625
0 0.86953125 0.353125 0.0140625 0.0796875
0 0.88671875 0.353125 0.01875 0.0828125
0 0.9046875 0.35078125 0.0140625 0.08828125
0 0.921875 0.3515625 0.01328125 0.090625
0 0.93828125 0.3484375 0.015625 0.084375
0 0.89296875 0.24921875 0.015625 0.08203125
0 0.01484375 0.0765625 0.0296875 0.146875
0 0.69609375 0.40078125 0.0203125 0.1140625
0 0.7453125 0.39765625 0.0203125 0.1125
0 0.14765625 0.8609375 0.0359375 0.121875
0 0.18203125 0.85546875 0.02265625 0.11171875
0 0.72109375 0.4 0.0234375 0.1171875
0 0.67265625 0.121875 0.01796875 0.08984375
0 0.64921875 0.11875 0.01953125 0.096875
0 0.625 0.1140625 0.0171875 0.10078125
0 0.60390625 0.1109375 0.02265625 0.09296875
0 0.50234375 0.1015625 0.02890625 0.16171875
0 0.1125 0.8671875 0.0296875 0.1203125
0 0.4671875 0.09296875 0.02890625 0.1671875
0 0.40234375 0.09296875 0.03046875 0.1625
0 0.365625 0.0890625 0.03359375 0.16640625
0 0.33046875 0.090625 0.0296875 0.1671875
0 0.29296875 0.0875 0.03359375 0.16484375
0 0.25234375 0.08046875 0.0359375 0.15625
0 0.215625 0.08359375 0.0328125 0.1453125
0 0.13671875 0.0828125 0.03125 0.140625
0 0.096875 0.078125 0.04140625 0.13984375
0 0.434375 0.09453125 0.02890625 0.1640625
0 0.0734375 0.8765625 0.03515625 0.12421875
0 0.8546875 0.50859375 0.02734375 0.1625
0 0.00625 0.8890625 0.0125 0.1171875
0 0.77265625 0.39921875 0.02421875 0.10625
0 0.6484375 0.2578125 0.01953125 0.1421875
0 0.6234375 0.25625 0.0234375 0.14140625
0 0.59921875 0.25546875 0.01484375 0.14453125
0 0.03515625 0.8875 0.03125 0.12109375
0 0.7625 0.12734375 0.01796875 0.09375
0 0.740625 0.12890625 0.0234375 0.0921875
0 0.71796875 0.1265625 0.01875 0.090625
0 0.69453125 0.121875 0.02109375 0.09296875
0 0.78828125 0.12578125 0.0265625 0.0953125
0 0.73359375 0.63125 0.015625 0.103125
0 0.0671875 0.7828125 0.12265625 0.0234375
0 0.059375 0.7203125 0.0296875 0.078125
0 0.17578125 0.725 0.02421875 0.13125
0 0.1453125 0.7296875 0.02734375 0.12734375
0 0.1 0.71796875 0.0296875 0.0859375