0 0.12421875 0.134375 0.07265625 0.07421875
0 0.5140625 0.09140625 0.05234375 0.046875
0 0.69375 0.090625 0.05078125 0.059375
0 0.63203125 0.09140625 0.06796875 0.0546875
0 0.75 0.09296875 0.0546875 0.05625
0 0.56875 0.09375 0.05703125 0.04375
0 0.96796875 0.60390625 0.0640625 0.0609375
0 0.859375 0.0953125 0.05 0.05703125
0 0.71328125 0.62578125 0.08125 0.0546875
0 0.79765625 0.6171875 0.0765625 0.05625
0 0.890625 0.6140625 0.09296875 0.05546875
0 0.13125 0.77578125 0.09609375 0.0875
0 0.2390625 0.78125 0.10390625 0.08046875
0 0.3421875 0.7734375 0.09921875 0.075
0 0.96328125 0.09921875 0.07265625 0.05
0 0.0484375 0.134375 0.078125 0.075
0 0.45390625 0.09609375 0.05859375 0.04375
0 0.80703125 0.09375 0.05625 0.059375
0 0.7125 0.15234375 0.059375 0.06015625
0 0.259375 0.078125 0.06328125 0.0578125
0 0.79765625 0.5546875 0.0734375 0.065625
0 0.1953125 0.1390625 0.07109375 0.0671875
0 0.32578125 0.090625 0.06640625 0.04921875
0 0.19453125 0.0765625 0.0625 0.0546875
0 0.1265625 0.0703125 0.06796875 0.05390625
0 0.05390625 0.071875 0.07265625 0.0515625
0 0.4421875 0.7671875 0.09453125 0.07265625
0 0.1375 0.85625 0.10234375 0.075
0 0.04609375 0.93984375 0.08984375 0.07578125
0 0.884375 0.55234375 0.096875 0.0625
0 0.53515625 0.5734375 0.08671875 0.06640625
0 0.134375 0.665625 0.109375 0.071875
0 0.39296875 0.0921875 0.06328125 0.046875
0 0.23984375 0.659375 0.09921875 0.065625
0 0.34609375 0.6546875 0.09765625 0.05625
0 0.446875 0.646875 0.09140625 0.0578125
0 0.53828125 0.6375 0.08515625 0.0609375
0 0.6265625 0.6328125 0.0890625 0.059375
0 0.71484375 0.5640625 0.08984375 0.0625
0 0.6234375 0.56875 0.08984375 0.065625
0 0.2625 0.13984375 0.0578125 0.065625
0 0.653125 0.15078125 0.05546875 0.06171875
0 0.396875 0.14609375 0.05859375 0.059375
0 0.80703125 0.86484375 0.08359375 0.0484375
0 0.890625 0.85390625 0.07734375 0.05078125
0 0.96875 0.84921875 0.0625 0.0578125
0 0.96875 0.68515625 0.0625 0.0515625
0 0.96796875 0.73984375 0.0640625 0.0484375
0 0.9703125 0.79296875 0.059375 0.0484375
0 0.8953125 0.80078125 0.08359375 0.05
0 0.80625 0.8109375 0.08125 0.0546875
0 0.72109375 0.821875 0.08203125 0.0546875
0 0.63203125 0.83359375 0.08984375 0.0515625
0 0.8953125 0.746875 0.08046875 0.053125
0 0.33125 0.146875 0.0671875 0.06015625
0 0.72109375 0.76640625 0.08046875 0.0484375
0 0.63359375 0.7765625 0.09296875 0.059375
0 0.8953125 0.69140625 0.08046875 0.0515625
0 0.81015625 0.69765625 0.0828125 0.0546875
0 0.7234375 0.7078125 0.0890625 0.06015625
0 0.6296875 0.715625 0.08515625 0.05234375
0 0.5421875 0.8984375 0.09296875 0.05625
0 0.721875 0.8765625 0.08125 0.04921875
0 0.540625 0.840625 0.08671875 0.053125
0 0.63203125 0.88828125 0.078125 0.0578125
0 0.04140625 0.8640625 0.0796875 0.071875
0 0.775 0.153125 0.05703125 0.0609375
0 0.83125 0.15390625 0.05703125 0.059375
0 0.8859375 0.15390625 0.04921875 0.0578125
0 0.940625 0.1515625 0.05234375 0.059375
0 0.03984375 0.2421875 0.0734375 0.05859375
0 0.11171875 0.246875 0.06484375 0.04921875
0 0.034375 0.3109375 0.06796875 0.075
0 0.10546875 0.309375 0.0734375 0.0734375
0 0.17734375 0.309375 0.06640625 0.071875
0 0.24453125 0.30859375 0.0640625 0.0734375
0 0.31171875 0.30859375 0.0671875 0.0703125
0 0.37890625 0.30625 0.0609375 0.071875
0 0.440625 0.30546875 0.06328125 0.071875
0 0.5046875 0.30625 0.06328125 0.06875
0 0.74765625 0.3015625 0.06328125 0.06328125
0 0.8109375 0.30234375 0.05546875 0.0671875
0 0.8671875 0.30078125 0.05234375 0.065625
0 0.9234375 0.2984375 0.05625 0.06640625
0 0.97578125 0.29765625 0.0484375 0.0671875
0 0.03984375 0.78125 0.0796875 0.090625
0 0.54296875 0.78125 0.08515625 0.059375
0 0.8109375 0.75546875 0.08359375 0.05
0 0.03671875 0.49140625 0.07109375 0.0703125
0 0.9046875 0.403125 0.0640625 0.05546875
0 0.6890625 0.47109375 0.05390625 0.05703125
0 0.74453125 0.46953125 0.05078125 0.053125
0 0.45625 0.146875 0.0546875 0.059375
0 0.86015625 0.46484375 0.05234375 0.0609375
0 0.9140625 0.4625 0.05625 0.0546875
0 0.71328125 0.4125 0.03828125 0.0578125
0 0.9703125 0.45625 0.05078125 0.06171875
0 0.2453125 0.58828125 0.10703125 0.0734375
0 0.34921875 0.5859375 0.10078125 0.071875
0 0.44609375 0.5828125 0.09296875 0.065625
0 0.06796875 0.425 0.071875 0.0609375
0 0.53125 0.146875 0.06171875 0.06171875
0 0.59375 0.15 0.04921875 0.05859375
0 0.1328125 0.58671875 0.1125 0.075
0 0.571875 0.47578125 0.05859375 0.0640625
0 0.803125 0.465625 0.0578125 0.053125
0 0.4484375 0.48046875 0.0625 0.0640625
0 0.1125 0.4890625 0.07109375 0.065625
0 0.184375 0.4875 0.06796875 0.0640625
0 0.50859375 0.478125 0.05859375 0.0671875
0 0.44375 0.90234375 0.08828125 0.0671875
0 0.3484375 0.915625 0.09296875 0.06953125
0 0.24609375 0.928125 0.0984375 0.0625
0 0.53671875 0.72265625 0.0953125 0.05625
0 0.446875 0.8375 0.09765625 0.06328125
0 0.253125 0.48359375 0.06484375 0.0671875
0 0.24140625 0.85859375 0.09609375 0.0703125
0 0.14375 0.934375 0.09609375 0.071875
0 0.31953125 0.48125 0.06328125 0.065625
0 0.38359375 0.48125 0.0640625 0.0671875
0 0.41171875 0.41796875 0.05546875 0.05390625
0 0.47578125 0.4171875 0.06953125 0.0546875
0 0.34453125 0.8453125 0.096875 0.06875