0 0.5453125 0.74375 0.0390625 0.03125
0 0.5765625 0.25390625 0.05234375 0.04921875
0 0.346875 0.61953125 0.0515625 0.03671875
0 0.43984375 0.61875 0.0515625 0.0421875
0 0.228125 0.74375 0.02578125 0.0375
0 0.18359375 0.74375 0.02421875 0.04375
0 0.14375 0.74296875 0.03046875 0.0390625
0 0.11484375 0.74375 0.02890625 0.04375
0 0.04453125 0.72421875 0.05078125 0.06640625
0 0.971875 0.6796875 0.03828125 0.021875
0 0.92578125 0.6859375 0.04296875 0.0203125
0 0.87734375 0.69453125 0.05 0.021875
0 0.81328125 0.6796875 0.0734375 0.04765625
0 0.7375 0.68046875 0.0703125 0.04296875
0 0.67578125 0.6859375 0.05078125 0.04140625
0 0.6296875 0.68359375 0.0390625 0.03671875
0 0.5828125 0.68515625 0.05 0.03671875
0 0.5296875 0.68046875 0.04140625 0.03359375
0 0.48125 0.68515625 0.04765625 0.0328125
0 0.4328125 0.68671875 0.04296875 0.03359375
0 0.3875 0.6859375 0.04609375 0.03203125
0 0.34296875 0.68515625 0.04296875 0.034375
0 0.24375 0.684375 0.05078125 0.01953125
0 0.1890625 0.68984375 0.040625 0.0359375
0 0.14453125 0.68828125 0.04375 0.03671875
0 0.096875 0.69921875 0.046875 0.01015625
0 0.1 0.690625 0.046875 0.0078125
0 0.04921875 0.65234375 0.04375 0.0234375
0 0.28203125 0.54921875 0.0625 0.03984375
0 0.29453125 0.62890625 0.03359375 0.021875
0 0.21484375 0.5484375 0.0703125 0.0421875
0 0.2578125 0.628125 0.040625 0.02109375
0 0.1453125 0.61953125 0.05078125 0.0359375
0 0.93125 0.75078125 0.065625 0.0234375
0 0.9296875 0.73125 0.0625 0.0125
0 0.784375 0.74296875 0.08203125 0.0359375
0 0.69375 0.7421875 0.08125 0.03515625
0 0.6046875 0.740625 0.07109375 0.03359375
0 0.48828125 0.7578125 0.05625 0.0265625
0 0.42890625 0.7375 0.05234375 0.025
0 0.3875 0.7390625 0.0234375 0.028125
0 0.36484375 0.74296875 0.021875 0.0296875
0 0.33046875 0.7421875 0.03515625 0.0375
0 0.25859375 0.74140625 0.03203125 0.0359375
0 0.35078125 0.55 0.06484375 0.0421875
0 0.3984375 0.55703125 0.02421875 0.01875
0 0.43125 0.5375 0.03203125 0.01796875
0 0.46875 0.53828125 0.03359375 0.01875
0 0.43203125 0.55859375 0.03671875 0.01640625
0 0.4703125 0.5578125 0.0359375 0.01640625
0 0.51484375 0.5484375 0.0453125 0.0484375
0 0.55 0.5546875 0.01640625 0.03046875
0 0.57890625 0.55546875 0.0203125 0.02890625
0 0.62109375 0.54609375 0.0609375 0.01640625
0 0.61953125 0.5625 0.0625 0.0140625
0 0.690625 0.54921875 0.0640625 0.03984375
0 0.7546875 0.55 0.0609375 0.03828125
0 0.821875 0.54921875 0.059375 0.03984375
0 0.88125 0.55078125 0.053125 0.0359375
0 0.0890625 0.61953125 0.053125 0.0390625
0 0.20625 0.6203125 0.053125 0.0390625
0 0.0890625 0.55078125 0.05859375 0.03984375
0 0.15078125 0.54921875 0.05625 0.04296875
0 0.91953125 0.54296875 0.0203125 0.07421875
0 0.09609375 0.46640625 0.09921875 0.0578125
0 0.9078125 0.3703125 0.034375 0.0703125
0 0.81171875 0.39296875 0.071875 0.028125
0 0.75390625 0.39921875 0.0375 0.01953125
0 0.70859375 0.375 0.02890625 0.059375
0 0.60234375 0.39765625 0.1046875 0.01640625
0 0.5140625 0.375 0.0375 0.0546875
0 0.34375 0.34921875 0.0390625 0.0171875
0 0.3359375 0.39609375 0.11328125 0.02109375
0 0.33515625 0.3734375 0.109375 0.01953125
0 0.25625 0.3765625 0.03359375 0.05859375
0 0.221875 0.375 0.0359375 0.05703125
0 0.18359375 0.37421875 0.040625 0.06015625
0 0.978125 0.55390625 0.0390625 0.02578125
0 0.13984375 0.3734375 0.040625 0.0578125
0 0.06015625 0.3796875 0.0390625 0.05078125
0 0.74453125 0.259375 0.04609375 0.04140625
0 0.69296875 0.259375 0.046875 0.0484375
0 0.62421875 0.2578125 0.0453125 0.04375
0 0.03515625 0.56875 0.03828125 0.05859375
0 0.515625 0.2546875 0.04609375 0.053125
0 0.46484375 0.25546875 0.053125 0.0515625
0 0.87578125 0.61171875 0.0515625 0.0453125
0 0.8140625 0.61328125 0.06015625 0.05
0 0.6890625 0.6234375 0.04375 0.0234375
0 0.621875 0.62109375 0.05546875 0.03671875
0 0.56171875 0.62265625 0.05625 0.03671875
0 0.5 0.6171875 0.0515625 0.04140625
0 0.1 0.378125 0.03671875 0.04765625
0 0.19765625 0.4671875 0.08984375 0.053125
0 0.01328125 0.4875 0.021875 0.0734375
0 0.4828125 0.46796875 0.0890625 0.06484375
0 0.95546875 0.4859375 0.03828125 0.0265625
0 0.903125 0.465625 0.0640625 0.065625
0 0.8375 0.4671875 0.05703125 0.06328125
0 0.77578125 0.46953125 0.05390625 0.0640625
0 0.721875 0.471875 0.04921875 0.059375
0 0.65234375 0.4625 0.08515625 0.06796875
0 0.56875 0.4640625 0.07578125 0.07265625
0 0.04296875 0.81953125 0.0640625 0.0796875
0 0.08828125 0.85078125 0.02421875 0.0296875
0 0.11796875 0.840625 0.02890625 0.0421875
0 0.1515625 0.83203125 0.03046875 0.03671875
0 0.2953125 0.49375 0.08984375 0.0140625
0 0.209375 0.84296875 0.0703125 0.01953125
0 0.20078125 0.82265625 0.02578125 0.01484375
0 0.27734375 0.853125 0.05859375 0.0203125
0 0.96796875 0.83984375 0.06328125 0.053125
0 0.8421875 0.8125 0.0609375 0.0375
0 0.78203125 0.8171875 0.05 0.04765625
0 0.29375 0.821875 0.03828125 0.0203125
0 0.68671875 0.846875 0.04375 0.025
0 0.63984375 0.83359375 0.0390625 0.028125
0 0.73046875 0.8328125 0.04375 0.0140625
0 0.553125 0.82265625 0.021875 0.040625
0 0.5 0.83515625 0.04140625 0.034375
0 0.44609375 0.81640625 0.0484375 0.05859375
0 0.39609375 0.83828125 0.04609375 0.0578125
0 0.3296875 0.8421875 0.0234375 0.04609375
0 0.5890625 0.82734375 0.040625 0.02734375