0 0.525 0.746875 0.02578125 0.05078125
0 0.925 0.21640625 0.05234375 0.04921875
0 0.0859375 0.7453125 0.015625 0.03515625
0 0.48515625 0.74296875 0.0484375 0.05390625
0 0.61328125 0.76171875 0.0125 0.0140625
0 0.58984375 0.7578125 0.02578125 0.00859375
0 0.43359375 0.74296875 0.05546875 0.05390625
0 0.0546875 0.6015625 0.05234375 0.0109375
0 0.2625 0.740625 0.04609375 0.04921875
0 0.190625 0.740625 0.03046875 0.04921875
0 0.10546875 0.60234375 0.04453125 0.00859375
0 0.0609375 0.590625 0.06640625 0.0109375
0 0.63359375 0.76171875 0.02421875 0.01328125
0 0.0546875 0.6125 0.04921875 0.01171875
0 0.36484375 0.74375 0.0546875 0.03984375
0 0.665625 0.7453125 0.02109375 0.0125
0 0.10625 0.621875 0.04609375 0.00625
0 0.659375 0.7671875 0.0171875 0.0078125
0 0.09921875 0.61328125 0.03984375 0.009375
0 0.95078125 0.3015625 0.06484375 0.03984375
0 0.978125 0.22421875 0.04296875 0.03828125
0 0.978125 0.76484375 0.04296875 0.021875
0 0.91015625 0.76875 0.0859375 0.02109375
0 0.8296875 0.7515625 0.02890625 0.04921875
0 0.66640625 0.7578125 0.021875 0.00625
0 0.7953125 0.7453125 0.0265625 0.034375
0 0.7375 0.76953125 0.0265625 0.0125
0 0.703125 0.765625 0.01875 0.0125
0 0.05703125 0.621875 0.05234375 0.0078125
0 0.1015625 0.63046875 0.04765625 0.0078125
0 0.15546875 0.5859375 0.05546875 0.06328125
0 0.6875 0.75546875 0.0171875 0.01171875
0 0.76171875 0.74375 0.025 0.03984375
0 0.11015625 0.74375 0.03203125 0.0421875
0 0.0546875 0.6296875 0.05390625 0.00703125
0 0.0140625 0.61015625 0.02734375 0.00625
0 0.3828125 0.2078125 0.04296875 0.05078125
0 0.42421875 0.20859375 0.040625 0.0484375
0 0.4296875 0.165625 0.03671875 0.025
0 0.48984375 0.1640625 0.075 0.04609375
0 0.490625 0.2109375 0.06875 0.0484375
0 0.54765625 0.21171875 0.04140625 0.046875
0 0.55 0.17578125 0.03671875 0.02578125
0 0.60859375 0.21484375 0.0765625 0.04296875
0 0.6671875 0.21484375 0.03671875 0.0453125
0 0.69765625 0.29296875 0.05 0.04765625
0 0.8140625 0.30234375 0.02734375 0.0375
0 0.8453125 0.3 0.03125 0.03359375
0 0.871875 0.303125 0.02265625 0.0328125
0 0.725 0.21484375 0.0796875 0.04765625
0 0.79296875 0.2203125 0.034375 0.0375
0 0.8765625 0.215625 0.04609375 0.046875
0 0.03359375 0.7453125 0.015625 0.0328125
0 0.05 0.74453125 0.01796875 0.03125
0 0.06875 0.7453125 0.0171875 0.034375
0 0.33203125 0.2015625 0.0546875 0.0390625
0 0.0140625 0.6265625 0.02734375 0.00625
0 0.0140625 0.740625 0.01953125 0.03671875
0 0.02421875 0.6703125 0.04375 0.015625
0 0.0140625 0.6015625 0.02734375 0.00625
0 0.0140625 0.61796875 0.028125 0.00625
0 0.03515625 0.51484375 0.0625 0.040625
0 0.09453125 0.5203125 0.05 0.040625
0 0.16328125 0.5015625 0.0625 0.03203125
0 0.228125 0.509375 0.06875 0.03125
0 0.29609375 0.51015625 0.06875 0.03203125
0 0.36953125 0.50859375 0.06875 0.03515625
0 0.44375 0.5125 0.0671875 0.028125
0 0.5140625 0.5140625 0.06953125 0.0296875
0 0.584375 0.5109375 0.0484375 0.0375
0 0.021875 0.2015625 0.0390625 0.05078125
0 0.07890625 0.2046875 0.0421875 0.059375
0 0.1265625 0.22109375 0.040625 0.01328125
0 0.125 0.20625 0.04296875 0.0140625
0 0.2015625 0.221875 0.040625 0.0140625
0 0.159375 0.7390625 0.03203125 0.04453125
0 0.23828125 0.1921875 0.028125 0.04453125
0 0.27734375 0.1921875 0.03671875 0.0421875
0 0.0234375 0.65625 0.03828125 0.01328125
0 0.203125 0.2078125 0.03828125 0.01328125
0 0.553125 0.746875 0.0265625 0.05
0 0.34140625 0.3671875 0.05078125 0.0390625
0 0.7 0.44453125 0.0546875 0.0390625
0 0.271875 0.6671875 0.05 0.06171875
0 0.19609375 0.66796875 0.04765625 0.05234375
0 0.15546875 0.67578125 0.02578125 0.03515625
0 0.1078125 0.67109375 0.03984375 0.0484375
0 0.65234375 0.44453125 0.03984375 0.03671875
0 0.60703125 0.44453125 0.04375 0.034375
0 0.5546875 0.434375 0.05390625 0.05390625
0 0.49609375 0.434375 0.06171875 0.05390625
0 0.43125 0.43359375 0.0640625 0.05625
0 0.35859375 0.43125 0.07734375 0.04921875
0 0.2671875 0.43125 0.09921875 0.04921875
0 0.17109375 0.43125 0.08984375 0.04921875
0 0.0875 0.4328125 0.0546875 0.04765625
0 0.33828125 0.68203125 0.053125 0.02890625
0 0.0671875 0.66953125 0.0375 0.04921875
0 0.028125 0.42890625 0.04765625 0.04375
0 0.96484375 0.375 0.028125 0.04140625
0 0.93671875 0.375 0.028125 0.0390625
0 0.72421875 0.36875 0.05703125 0.046875
0 0.6640625 0.36796875 0.059375 0.04609375
0 0.60859375 0.3671875 0.05 0.04765625
0 0.5515625 0.36796875 0.0546875 0.0484375
0 0.29609375 0.3609375 0.03828125 0.04453125
0 0.2515625 0.3609375 0.0390625 0.0453125
0 0.49765625 0.36875 0.0515625 0.03984375
0 0.14765625 0.36171875 0.05625 0.04140625
0 0.4453125 0.36796875 0.0484375 0.03828125
0 0.39453125 0.36875 0.05 0.0375
0 0.38515625 0.5875 0.03515625 0.071875
0 0.025 0.68671875 0.04921875 0.015625
0 0.39296875 0.684375 0.0515625 0.03359375
0 0.39609375 0.6515625 0.040625 0.03046875
0 0.4375 0.671875 0.034375 0.059375
0 0.9140625 0.5265625 0.03828125 0.04921875
0 0.9484375 0.5265625 0.03046875 0.04921875
0 0.9828125 0.525 0.034375 0.05390625
0 0.84453125 0.528125 0.065625 0.01328125
0 0.746875 0.5171875 0.06328125 0.01328125
0 0.7421875 0.528125 0.071875 0.0078125
0 0.64375 0.5109375 0.05 0.0359375
0 0.43671875 0.5921875 0.05234375 0.06328125
0 0.49375 0.59375 0.053125 0.065625
0 0.55 0.59609375 0.05078125 0.06171875
0 0.6015625 0.596875 0.05 0.05546875
0 0.65234375 0.5953125 0.0453125 0.05859375
0 0.69921875 0.59296875 0.04921875 0.06640625
0 0.75234375 0.58359375 0.05234375 0.07265625
0 0.8046875 0.590625 0.03828125 0.0734375
0 0.9765625 0.4546875 0.04453125 0.025
0 0.928125 0.45390625 0.053125 0.025
0 0.47890625 0.671875 0.040625 0.06171875
0 0.5265625 0.671875 0.0546875 0.0578125
0 0.57734375 0.67578125 0.04609375 0.0609375
0 0.62421875 0.675 0.0453125 0.0609375
0 0.66484375 0.67890625 0.02890625 0.05390625
0 0.69921875 0.67890625 0.03671875 0.0546875
0 0.3453125 0.5859375 0.03828125 0.0703125
0 0.7578125 0.67578125 0.0609375 0.06171875
0 0.90859375 0.69453125 0.075 0.028125
0 0.965625 0.6046875 0.03515625 0.0515625
0 0.928125 0.6046875 0.0328125 0.05078125
0 0.89296875 0.6046875 0.03515625 0.0515625
0 0.8484375 0.5921875 0.0484375 0.07890625
0 0.790625 0.4375 0.05625 0.04609375
0 0.81328125 0.6765625 0.05078125 0.06328125
0 0.30234375 0.58359375 0.0421875 0.06953125
0 0.203125 0.3640625 0.0515625 0.0359375
0 0.0171875 0.2859375 0.03359375 0.05390625
0 0.03984375 0.3578125 0.0453125 0.04375
0 0.2140625 0.58671875 0.05625 0.06640625
0 0.6484375 0.2921875 0.04296875 0.0453125
0 0.58671875 0.29140625 0.06953125 0.04609375
0 0.5265625 0.2921875 0.0453125 0.04921875
0 0.47578125 0.29609375 0.03828125 0.03671875
0 0.44140625 0.29453125 0.03125 0.0359375
0 0.33984375 0.290625 0.0515625 0.04609375
0 0.2921875 0.28984375 0.04296875 0.04296875
0 0.1765625 0.2859375 0.053125 0.04609375
0 0.1265625 0.28515625 0.04609375 0.04453125
0 0.2625 0.584375 0.03828125 0.07109375
0 0.04765625 0.28515625 0.025 0.0546875
0 0.078125 0.284375 0.03515625 0.05