0 0.43046875 0.678125 0.034375 0.0828125
0 0.4671875 0.69375 0.034375 0.05390625
0 0.5 0.69375 0.0296875 0.05234375
0 0.5265625 0.68671875 0.0203125 0.06640625
0 0.7265625 0.65234375 0.034375 0.075
0 0.571875 0.684375 0.02578125 0.06640625
0 0.6359375 0.66328125 0.0484375 0.10546875
0 0.684375 0.6671875 0.04765625 0.1015625
0 0.3984375 0.6890625 0.01875 0.0640625
0 0.54765625 0.684375 0.0203125 0.0671875
0 0.5984375 0.684375 0.0234375 0.06875
0 0.2 0.7 0.03671875 0.06640625
0 0.24375 0.659375 0.0359375 0.02421875
0 0.284375 0.659375 0.03359375 0.02421875
0 0.28046875 0.71328125 0.0375 0.02734375
0 0.24140625 0.7046875 0.03671875 0.03046875
0 0.775 0.6625 0.0375 0.10234375
0 0.16171875 0.69921875 0.0375 0.06484375
0 0.12265625 0.70078125 0.0359375 0.06796875
0 0.08359375 0.69921875 0.0359375 0.07265625
0 0.0453125 0.6984375 0.0359375 0.07109375
0 0.01328125 0.6921875 0.0265625 0.08359375
0 0.98203125 0.52578125 0.0359375 0.1046875
0 0.9484375 0.52734375 0.02890625 0.10625
0 0.915625 0.5375 0.034375 0.04921875
0 0.3640625 0.6890625 0.0328125 0.07109375
0 0.84921875 0.6625 0.0421875 0.10390625
0 0.11328125 0.84140625 0.02890625 0.10859375
0 0.940625 0.6609375 0.0390625 0.1046875
0 0.8796875 0.528125 0.03828125 0.1015625
0 0.928125 0.82109375 0.0515625 0.09765625
0 0.87734375 0.821875 0.0484375 0.09609375
0 0.83046875 0.81015625 0.04375 0.12109375
0 0.7828125 0.79375 0.03125 0.09296875
0 0.7453125 0.8109375 0.040625 0.12265625
0 0.7046875 0.8125 0.0375 0.11640625
0 0.6578125 0.7984375 0.0390625 0.10078125
0 0.61171875 0.8125 0.05 0.12734375
0 0.5453125 0.85234375 0.01875 0.05625
0 0.51640625 0.85078125 0.034375 0.05859375
0 0.47734375 0.85390625 0.034375 0.059375
0 0.896875 0.66484375 0.0421875 0.10546875
0 0.44375 0.853125 0.03046875 0.06171875
0 0.371875 0.86953125 0.0390625 0.03359375
0 0.33125 0.87421875 0.0375 0.0359375
0 0.29375 0.87265625 0.0328125 0.03671875
0 0.26015625 0.8734375 0.0328125 0.03515625
0 0.2296875 0.8390625 0.025 0.10078125
0 0.20234375 0.84140625 0.0265625 0.09453125
0 0.1734375 0.8453125 0.02421875 0.0953125
0 0.14375 0.8484375 0.025 0.096875
0 0.08203125 0.8421875 0.02890625 0.10703125
0 0.05 0.84375 0.0296875 0.10703125
0 0.01640625 0.8453125 0.0328125 0.10546875
0 0.9796875 0.6609375 0.0375 0.1015625
0 0.4109375 0.85390625 0.0296875 0.06015625
0 0.83828125 0.53125 0.03828125 0.09609375
0 0.15625 0.43203125 0.0515625 0.06328125
0 0.72734375 0.52421875 0.0421875 0.10859375
0 0.29453125 0.265625 0.0375 0.1109375
0 0.3359375 0.26640625 0.040625 0.1046875
0 0.3765625 0.275 0.03359375 0.09296875
0 0.41328125 0.271875 0.03359375 0.0921875
0 0.4484375 0.27109375 0.034375 0.09609375
0 0.48671875 0.271875 0.03671875 0.09765625
0 0.5234375 0.2734375 0.03359375 0.09296875
0 0.55859375 0.2765625 0.034375 0.09765625
0 0.25390625 0.2609375 0.0421875 0.1109375
0 0.596875 0.2765625 0.0375 0.0890625
0 0.690625 0.25625 0.0421875 0.075
0 0.72890625 0.25625 0.0359375 0.07109375
0 0.7703125 0.25859375 0.0390625 0.07109375
0 0.80859375 0.25859375 0.034375 0.071875
0 0.853125 0.259375 0.05078125 0.06953125
0 0.9 0.25546875 0.0375 0.075
0 0.93828125 0.25546875 0.0375 0.0765625
0 0.978125 0.25625 0.0390625 0.07578125
0 0.76875 0.525 0.0359375 0.11328125
0 0.2078125 0.26171875 0.0453125 0.10390625
0 0.1640625 0.26640625 0.04140625 0.096875
0 0.1234375 0.26484375 0.034375 0.10078125
0 0.065625 0.109375 0.07734375 0.09609375
0 0.134375 0.1234375 0.05625 0.0734375
0 0.184375 0.1421875 0.0328125 0.03515625
0 0.2203125 0.12734375 0.0375 0.01875
0 0.21875 0.15234375 0.03359375 0.02109375
0 0.34609375 0.10390625 0.0609375 0.12421875
0 0.415625 0.10625 0.0546875 0.12109375
0 0.47421875 0.10625 0.059375 0.12578125
0 0.54140625 0.1046875 0.05625 0.1359375
0 0.59765625 0.10625 0.05625 0.12421875
0 0.65546875 0.115625 0.0515625 0.11015625
0 0.709375 0.11796875 0.0515625 0.10703125
0 0.8046875 0.11640625 0.05 0.11015625
0 0.85703125 0.1203125 0.0515625 0.10703125
0 0.9046875 0.1296875 0.0375 0.09140625
0 0.9515625 0.12265625 0.05 0.103125
0 0.9890625 0.1234375 0.021875 0.10546875
0 0.04609375 0.25546875 0.0453125 0.1125
0 0.08828125 0.2671875 0.0328125 0.09453125
0 0.0515625 0.43984375 0.05703125 0.0546875
0 0.10625 0.43203125 0.04453125 0.06640625
0 0.646875 0.25 0.0421875 0.0875
0 0.23984375 0.4234375 0.0296875 0.07734375
0 0.0890625 0.56796875 0.0265625 0.07421875
0 0.1171875 0.565625 0.0265625 0.075
0 0.1578125 0.5515625 0.053125 0.10390625
0 0.203125 0.56484375 0.0296875 0.06875
0 0.234375 0.565625 0.02734375 0.06875
0 0.26171875 0.56484375 0.0234375 0.06640625
0 0.290625 0.55625 0.03125 0.08125
0 0.209375 0.41171875 0.0265625 0.090625
0 0.0609375 0.5703125 0.0265625 0.075
0 0.35 0.5625 0.03125 0.07109375
0 0.42265625 0.55703125 0.028125 0.075
0 0.4578125 0.54453125 0.03125 0.08046875
0 0.4921875 0.5515625 0.03046875 0.08203125
0 0.52421875 0.55390625 0.0296875 0.0765625
0 0.5578125 0.55625 0.03046875 0.071875
0 0.59140625 0.55 0.03203125 0.08359375
0 0.6375 0.5296875 0.0484375 0.11015625
0 0.684375 0.52421875 0.040625 0.11484375
0 0.38671875 0.553125 0.0328125 0.0875
0 0.021875 0.5734375 0.04375 0.07734375
0 0.32109375 0.5640625 0.021875 0.065625
0 0.9203125 0.3859375 0.03203125 0.09140625
0 0.96015625 0.38671875 0.0390625 0.09765625
0 0.2734375 0.42421875 0.028125 0.078125
0 0.3078125 0.43125 0.040625 0.06640625
0 0.34609375 0.43671875 0.028125 0.05625
0 0.38203125 0.43359375 0.0359375 0.0515625
0 0.4203125 0.41640625 0.0328125 0.0875
0 0.453125 0.41171875 0.0328125 0.090625
0 0.4890625 0.42421875 0.0328125 0.084375
0 0.52421875 0.41953125 0.0359375 0.08828125
0 0.56015625 0.425 0.03203125 0.07890625
0 0.28125 0.10390625 0.05625 0.11953125
0 0.6375 0.38515625 0.03671875 0.09765625
0 0.6734375 0.39296875 0.02890625 0.08203125
0 0.7 0.3921875 0.02265625 0.0796875
0 0.734375 0.39609375 0.03203125 0.078125
0 0.76484375 0.40078125 0.028125 0.06953125
0 0.796875 0.39296875 0.0328125 0.08515625
0 0.82890625 0.39375 0.0296875 0.0828125
0 0.859375 0.39453125 0.03046875 0.08515625
0 0.88984375 0.4 0.028125 0.06875
0 0.5953125 0.4234375 0.0359375 0.08359375