0 0.06953125 0.57890625 0.0578125 0.0546875
0 0.98984375 0.4828125 0.0203125 0.053125
0 0.96328125 0.4765625 0.02890625 0.06953125
0 0.33984375 0.58359375 0.046875 0.0625
0 0.1921875 0.6109375 0.04453125 0.01015625
0 0.240625 0.58515625 0.04765625 0.06328125
0 0.290625 0.58515625 0.04296875 0.06640625
0 0.5125 0.67578125 0.046875 0.01328125
0 0.540625 0.584375 0.04921875 0.0640625
0 0.490625 0.58359375 0.0453125 0.0671875
0 0.93203125 0.4875 0.02421875 0.046875
0 0.44140625 0.5828125 0.0453125 0.0640625
0 0.39140625 0.584375 0.046875 0.0640625
0 0.1328125 0.58671875 0.0609375 0.059375
0 0.903125 0.48125 0.025 0.0609375
0 0.98984375 0.584375 0.0203125 0.06875
0 0.8375 0.49609375 0.03125 0.03203125
0 0.8453125 0.35625 0.0453125 0.07890625
0 0.7953125 0.35703125 0.05078125 0.0765625
0 0.740625 0.35859375 0.0515625 0.07734375
0 0.6828125 0.35625 0.05625 0.07734375
0 0.621875 0.35625 0.053125 0.0734375
0 0.51953125 0.38359375 0.03984375 0.0140625
0 0.44140625 0.3453125 0.10234375 0.09765625
0 0.3359375 0.34296875 0.0953125 0.0984375
0 0.896875 0.35859375 0.053125 0.078125
0 0.8984375 0.5890625 0.028125 0.05625
0 0.86640625 0.58515625 0.0328125 0.06640625
0 0.834375 0.5875 0.02578125 0.06484375
0 0.78984375 0.58359375 0.05625 0.0625
0 0.69453125 0.5859375 0.053125 0.0609375
0 0.8734375 0.48515625 0.03125 0.05390625
0 0.6390625 0.584375 0.04375 0.06796875
0 0.93359375 0.59140625 0.034375 0.05234375
0 0.96640625 0.58359375 0.025 0.06640625
0 0.9671875 0.346875 0.06484375 0.0953125
0 0.0765625 0.6890625 0.0453125 0.009375
0 0.07109375 0.70234375 0.04765625 0.009375
0 0.12890625 0.6796875 0.04296875 0.00859375
0 0.12421875 0.6953125 0.046875 0.00703125
0 0.178125 0.66953125 0.0453125 0.05859375
0 0.22109375 0.6703125 0.03515625 0.0578125
0 0.26875 0.66796875 0.05234375 0.06171875
0 0.31640625 0.66796875 0.0375 0.0609375
0 0.36328125 0.66796875 0.0484375 0.0609375
0 0.4125 0.66953125 0.040625 0.06171875
0 0.46015625 0.66796875 0.0484375 0.06328125
0 0.590625 0.584375 0.04375 0.065625
0 0.05859375 0.46484375 0.0765625 0.08671875
0 0.13203125 0.465625 0.06171875 0.084375
0 0.6796875 0.66875 0.03125 0.06484375
0 0.728125 0.78984375 0.0328125 0.08515625
0 0.69921875 0.7890625 0.021875 0.0875
0 0.66875 0.78828125 0.03046875 0.090625
0 0.63359375 0.78828125 0.03515625 0.0890625
0 0.59921875 0.784375 0.02734375 0.09453125
0 0.5703125 0.78671875 0.0234375 0.09375
0 0.5375 0.7875 0.03515625 0.0921875
0 0.50546875 0.79296875 0.021875 0.07890625
0 0.4765625 0.7921875 0.028125 0.08046875
0 0.4484375 0.79296875 0.02265625 0.07890625
0 0.41953125 0.7921875 0.0296875 0.08515625
0 0.9421875 0.6765625 0.02421875 0.05546875
0 0.971875 0.66953125 0.02890625 0.0640625
0 0.99609375 0.6703125 0.0078125 0.0640625
0 0.05625 0.79375 0.02734375 0.08046875
0 0.08671875 0.790625 0.0296875 0.08515625
0 0.153125 0.78515625 0.0265625 0.08203125
0 0.18125 0.78984375 0.02265625 0.08203125
0 0.20625 0.79375 0.02265625 0.08046875
0 0.234375 0.79140625 0.028125 0.08203125
0 0.265625 0.7921875 0.02734375 0.07734375
0 0.29609375 0.790625 0.02109375 0.08125
0 0.3234375 0.79140625 0.02578125 0.078125
0 0.35546875 0.78203125 0.025 0.08125
0 0.3828125 0.7828125 0.0234375 0.075
0 0.76171875 0.7890625 0.025 0.08046875
0 0.64765625 0.66796875 0.0296875 0.06875
0 0.8171875 0.7890625 0.0296875 0.08671875
0 0.884375 0.7875 0.025 0.08515625
0 0.71328125 0.66796875 0.02578125 0.06640625
0 0.74375 0.6671875 0.0296875 0.06796875
0 0.78125 0.6734375 0.0390625 0.05
0 0.8234375 0.66953125 0.02890625 0.0625
0 0.85390625 0.66953125 0.02734375 0.0609375
0 0.8828125 0.665625 0.025 0.06171875
0 0.9125 0.66953125 0.02421875 0.05625
0 0.203125 0.4671875 0.06953125 0.084375
0 0.27421875 0.465625 0.0640625 0.08359375
0 0.34609375 0.4671875 0.071875 0.0828125
0 0.40390625 0.48125 0.03671875 0.05859375
0 0.44375 0.48046875 0.03828125 0.05859375
0 0.484375 0.48203125 0.0359375 0.0578125
0 0.52109375 0.4765625 0.028125 0.0484375
0 0.55703125 0.48046875 0.03359375 0.059375
0 0.59296875 0.48125 0.03125 0.059375
0 0.6265625 0.48203125 0.028125 0.05703125
0 0.6578125 0.48203125 0.02890625 0.05546875
0 0.6875 0.4828125 0.02421875 0.05546875
0 0.71796875 0.48203125 0.03203125 0.05546875
0 0.74921875 0.48125 0.02265625 0.05625
0 0.99453125 0.78828125 0.0109375 0.0828125
0 0.975 0.78828125 0.02265625 0.0796875
0 0.9484375 0.78828125 0.0203125 0.084375
0 0.91796875 0.7890625 0.03203125 0.08359375
0 0.85234375 0.7890625 0.0328125 0.08671875
0 0.56796875 0.66953125 0.05 0.065625
0 0.77734375 0.478125 0.028125 0.065625
0 0.853125 0.17578125 0.06484375 0.1484375
0 0.6078125 0.18828125 0.04765625 0.1171875
0 0.55546875 0.190625 0.04609375 0.1140625
0 0.5 0.1875 0.0484375 0.11953125
0 0.7359375 0.18046875 0.0296875 0.13515625
0 0.784375 0.175 0.0578125 0.1421875
0 0.2125 0.340625 0.1296875 0.10078125
0 0.07890625 0.33984375 0.1328125 0.103125
0 0.97109375 0.203125 0.046875 0.0953125
0 0.80625 0.4796875 0.0265625 0.06640625
0 0.44140625 0.1875 0.0515625 0.11796875
0 0.38046875 0.18125 0.05546875 0.12890625
0 0.3234375 0.18203125 0.04921875 0.128125
0 0.26640625 0.184375 0.0546875 0.1203125
0 0.21953125 0.184375 0.02890625 0.12265625
0 0.1625 0.178125 0.07421875 0.13046875
0 0.03984375 0.1703125 0.05390625 0.1421875
0 0.9140625 0.18359375 0.053125 0.1328125
0 0.65234375 0.18359375 0.03515625 0.12578125
0 0.69375 0.18125 0.03984375 0.12890625