0 0.0609375 0.66875 0.03671875 0.0421875
0 0.95546875 0.5265625 0.0390625 0.0265625
0 0.0203125 0.66875 0.0359375 0.04296875
0 0.90859375 0.56953125 0.0359375 0.040625
0 0.8703125 0.56640625 0.0359375 0.046875
0 0.32421875 0.30078125 0.0609375 0.04375
0 0.7890625 0.565625 0.03515625 0.046875
0 0.75078125 0.56484375 0.034375 0.04921875
0 0.6953125 0.56796875 0.03046875 0.04453125
0 0.96171875 0.4890625 0.04296875 0.028125
0 0.66171875 0.56875 0.03125 0.04375
0 0.628125 0.56953125 0.02890625 0.04296875
0 0.5953125 0.56796875 0.03046875 0.04296875
0 0.83359375 0.56640625 0.034375 0.046875
0 0.959375 0.4546875 0.04765625 0.025
0 0.6859375 0.30625 0.03359375 0.0390625
0 0.9703125 0.38359375 0.0390625 0.02578125
0 0.97421875 0.346875 0.046875 0.02421875
0 0.9765625 0.3109375 0.0265625 0.02578125
0 0.98203125 0.278125 0.0328125 0.0265625
0 0.92734375 0.31875 0.06796875 0.021875
0 0.828125 0.31015625 0.0359375 0.03671875
0 0.7828125 0.30234375 0.04375 0.053125
0 0.7265625 0.30546875 0.04140625 0.0421875
0 0.64296875 0.309375 0.0375 0.03515625
0 0.60546875 0.2984375 0.03359375 0.0546875
0 0.5625 0.296875 0.0421875 0.05703125
0 0.5125 0.30078125 0.05234375 0.046875
0 0.45078125 0.3015625 0.0578125 0.0484375
0 0.38828125 0.3 0.059375 0.0484375
0 0.9671875 0.421875 0.04140625 0.025
0 0.2703125 0.2921875 0.0375 0.05625
0 0.01953125 0.7265625 0.034375 0.01875
0 0.15859375 0.28828125 0.0484375 0.05859375
0 0.43125 0.72890625 0.053125 0.040625
0 0.3171875 0.69765625 0.059375 0.0140625
0 0.4890625 0.73203125 0.0484375 0.03671875
0 0.5421875 0.73125 0.04765625 0.0375
0 0.59609375 0.7296875 0.04921875 0.03515625
0 0.6484375 0.7234375 0.04453125 0.04140625
0 0.7078125 0.72421875 0.0515625 0.0390625
0 0.75546875 0.7140625 0.0359375 0.03515625
0 0.8109375 0.71953125 0.04921875 0.0375
0 0.8828125 0.73125 0.0609375 0.025
0 0.0328125 0.83359375 0.04765625 0.0234375
0 0.1296875 0.821875 0.0546875 0.03984375
0 0.19375 0.82109375 0.05546875 0.03828125
0 0.259375 0.81796875 0.053125 0.03671875
0 0.3328125 0.815625 0.05546875 0.03828125
0 0.39296875 0.8140625 0.053125 0.0359375
0 0.46875 0.81171875 0.05546875 0.0359375
0 0.628125 0.80546875 0.05390625 0.03828125
0 0.721875 0.80703125 0.053125 0.03671875
0 0.825 0.8 0.04765625 0.0375
0 0.01875 0.54453125 0.03359375 0.025
0 0.3765625 0.7328125 0.05 0.0421875
0 0.21953125 0.2875 0.046875 0.059375
0 0.32109375 0.73046875 0.04921875 0.04140625
0 0.203125 0.7328125 0.05625 0.046875
0 0.1046875 0.2875 0.04765625 0.0609375
0 0.56015625 0.56953125 0.0296875 0.04375
0 0.04453125 0.2921875 0.05 0.04765625
0 0.9359375 0.2140625 0.04375 0.07734375
0 0.1 0.65390625 0.02109375 0.034375
0 0.128125 0.653125 0.02265625 0.03515625
0 0.2109375 0.64765625 0.0390625 0.03828125
0 0.24375 0.64453125 0.01953125 0.0421875
0 0.26640625 0.64375 0.021875 0.040625
0 0.33515625 0.6421875 0.05234375 0.040625
0 0.3921875 0.64375 0.04765625 0.03984375
0 0.48515625 0.6453125 0.06640625 0.03359375
0 0.5578125 0.64453125 0.06640625 0.034375
0 0.6421875 0.64453125 0.0609375 0.03203125
0 0.71953125 0.6453125 0.06640625 0.03125
0 0.784375 0.640625 0.0515625 0.04140625
0 0.82734375 0.63671875 0.01640625 0.04140625
0 0.8703125 0.63671875 0.0609375 0.0140625
0 0.8859375 0.65546875 0.07578125 0.0125
0 0.0671875 0.73203125 0.0578125 0.02265625
0 0.140625 0.734375 0.05625 0.0390625
0 0.26328125 0.73359375 0.053125 0.0453125
0 0.47578125 0.56953125 0.03125 0.04609375
0 0.75234375 0.4984375 0.02578125 0.0421875
0 0.4046875 0.56953125 0.0328125 0.0484375
0 0.375 0.3875 0.03828125 0.03671875
0 0.4171875 0.38671875 0.04140625 0.0375
0 0.50703125 0.38359375 0.0546875 0.04296875
0 0.56484375 0.38203125 0.0515625 0.04296875
0 0.628125 0.384375 0.04921875 0.04375
0 0.684375 0.3859375 0.0484375 0.04296875
0 0.74296875 0.35546875 0.053125 0.0140625
0 0.33046875 0.38515625 0.03828125 0.0359375
0 0.73984375 0.38671875 0.046875 0.04140625
0 0.8546875 0.3578125 0.05078125 0.01171875
0 0.8578125 0.3859375 0.05390625 0.040625
0 0.9171875 0.38515625 0.05234375 0.040625
0 0.04921875 0.4484375 0.07734375 0.02109375
0 0.12890625 0.4453125 0.03671875 0.04609375
0 0.16875 0.44453125 0.0359375 0.046875
0 0.21015625 0.44296875 0.03671875 0.04453125
0 0.8 0.3859375 0.053125 0.0421875
0 0.83125 0.21015625 0.06015625 0.07734375
0 0.778125 0.2171875 0.03828125 0.06484375
0 0.43984375 0.5703125 0.03203125 0.046875
0 0.0359375 0.36484375 0.06796875 0.0265625
0 0.1125 0.38125 0.0421875 0.03828125
0 0.1640625 0.38359375 0.03828125 0.0375
0 0.20859375 0.384375 0.04140625 0.03671875
0 0.0375 0.18671875 0.0703125 0.08828125
0 0.23046875 0.2 0.04765625 0.07421875
0 0.30703125 0.20859375 0.0640625 0.0609375
0 0.740625 0.21640625 0.028125 0.0640625
0 0.3671875 0.20625 0.04765625 0.0671875
0 0.4609375 0.20859375 0.0515625 0.06953125
0 0.51328125 0.2046875 0.0453125 0.0765625
0 0.5625 0.215625 0.0390625 0.059375
0 0.6015625 0.2140625 0.0359375 0.06171875
0 0.65546875 0.21328125 0.0484375 0.06484375
0 0.71015625 0.1640625 0.04296875 0.02578125
0 0.7046875 0.21328125 0.03671875 0.06640625
0 0.4125 0.20703125 0.0359375 0.06875
0 0.88828125 0.21328125 0.0453125 0.078125
0 0.246875 0.44296875 0.03359375 0.04765625
0 0.4828125 0.4953125 0.0359375 0.0453125
0 0.23984375 0.49453125 0.040625 0.04921875
0 0.28203125 0.4953125 0.03515625 0.0453125
0 0.32265625 0.49609375 0.03515625 0.04453125
0 0.3640625 0.4953125 0.03671875 0.04609375
0 0.40390625 0.49609375 0.0359375 0.04453125
0 0.44375 0.49609375 0.03515625 0.0421875
0 0.521875 0.4953125 0.03828125 0.04296875
0 0.91640625 0.50234375 0.02890625 0.03046875
0 0.565625 0.496875 0.03515625 0.04140625
0 0.6421875 0.49765625 0.03515625 0.04296875
0 0.68125 0.49921875 0.0328125 0.04140625
0 0.7203125 0.4984375 0.03359375 0.040625
0 0.7796875 0.4984375 0.02421875 0.0375
0 0.809375 0.496875 0.02890625 0.0421875
0 0.84375 0.49765625 0.02890625 0.04296875
0 0.88125 0.50234375 0.0359375 0.0328125
0 0.60546875 0.4984375 0.03359375 0.0421875
0 0.1625 0.565625 0.03828125 0.05546875
0 0.1953125 0.4953125 0.0359375 0.04609375
0 0.05703125 0.59375 0.05 0.0390625
0 0.3703125 0.5703125 0.03203125 0.0453125
0 0.334375 0.57109375 0.03359375 0.0453125
0 0.29609375 0.57109375 0.034375 0.04765625
0 0.2515625 0.5734375 0.034375 0.04375
0 0.12109375 0.56640625 0.03671875 0.05625
0 0.28671875 0.4453125 0.0359375 0.046875
0 0.21171875 0.57265625 0.03671875 0.04296875
0 0.36171875 0.44375 0.0328125 0.03828125
0 0.4 0.44296875 0.03671875 0.04375
0 0.1078125 0.49609375 0.040625 0.04453125
0 0.15078125 0.496875 0.04140625 0.04375
0 0.06484375 0.54296875 0.053125 0.0265625
0 0.3265625 0.4421875 0.03046875 0.03984375