0 0.40234375 0.4421875 0.03359375 0.07890625
0 0.925 0.3515625 0.03046875 0.078125
0 0.0546875 0.43359375 0.03515625 0.078125
0 0.103125 0.434375 0.0453125 0.07890625
0 0.14609375 0.43515625 0.03671875 0.0796875
0 0.19765625 0.43828125 0.03984375 0.08046875
0 0.2421875 0.43671875 0.040625 0.08515625
0 0.29296875 0.44296875 0.034375 0.0765625
0 0.3296875 0.4390625 0.0296875 0.07421875
0 0.89140625 0.353125 0.02734375 0.07890625
0 0.36484375 0.440625 0.03984375 0.0828125
0 0.85703125 0.35234375 0.03203125 0.0765625
0 0.57578125 0.35 0.03203125 0.06640625
0 0.78046875 0.3546875 0.02890625 0.07265625
0 0.80625 0.2328125 0.0421875 0.0671875
0 0.43515625 0.44296875 0.02578125 0.0796875
0 0.84453125 0.2359375 0.03046875 0.07109375
0 0.8765625 0.2390625 0.0296875 0.065625
0 0.9140625 0.23828125 0.0375 0.06953125
0 0.9484375 0.2359375 0.02890625 0.0703125
0 0.02734375 0.3296875 0.03828125 0.05234375
0 0.0640625 0.32890625 0.0359375 0.0515625
0 0.1046875 0.33125 0.04296875 0.05390625
0 0.1515625 0.33359375 0.04140625 0.0515625
0 0.22890625 0.3265625 0.03515625 0.07421875
0 0.2765625 0.33828125 0.03203125 0.05078125
0 0.31171875 0.32734375 0.03828125 0.07421875
0 0.3625 0.3421875 0.03984375 0.05625
0 0.40234375 0.3375 0.034375 0.065625
0 0.53828125 0.34765625 0.034375 0.06796875
0 0.61171875 0.35234375 0.03671875 0.07109375
0 0.64375 0.35234375 0.028125 0.07109375
0 0.67578125 0.353125 0.034375 0.0703125
0 0.709375 0.35546875 0.03359375 0.065625
0 0.74609375 0.35625 0.03671875 0.06953125
0 0.81875 0.35703125 0.03515625 0.0734375
0 0.515625 0.459375 0.02734375 0.05546875
0 0.7140625 0.5703125 0.034375 0.08359375
0 0.5921875 0.4609375 0.0359375 0.0578125
0 0.52890625 0.56015625 0.0375 0.08828125
0 0.375 0.55 0.02421875 0.05546875
0 0.32734375 0.5578125 0.03515625 0.0609375
0 0.2671875 0.54140625 0.0328125 0.06796875
0 0.23203125 0.54140625 0.02265625 0.065625
0 0.19921875 0.54375 0.03515625 0.06953125
0 0.128125 0.546875 0.04609375 0.06953125
0 0.07578125 0.546875 0.03984375 0.06953125
0 0.040625 0.5421875 0.02734375 0.0703125
0 0.909375 0.45859375 0.04375 0.07109375
0 0.86484375 0.453125 0.04140625 0.08203125
0 0.821875 0.45390625 0.0390625 0.08203125
0 0.7828125 0.45390625 0.03359375 0.0828125
0 0.74921875 0.4640625 0.028125 0.05546875
0 0.765625 0.23359375 0.03359375 0.07421875
0 0.56640625 0.565625 0.0375 0.08046875
0 0.6046875 0.565625 0.03515625 0.08359375
0 0.6421875 0.56640625 0.034375 0.08203125
0 0.6796875 0.56640625 0.03359375 0.08046875
0 0.63671875 0.45859375 0.0421875 0.05078125
0 0.675 0.46015625 0.0203125 0.05234375
0 0.37890625 0.66015625 0.0265625 0.06953125
0 0.35078125 0.65390625 0.0203125 0.065625
0 0.3125 0.6671875 0.03359375 0.0703125
0 0.278125 0.66640625 0.03125 0.071875
0 0.24609375 0.6671875 0.0296875 0.07265625
0 0.55078125 0.459375 0.040625 0.0546875
0 0.70703125 0.4609375 0.0421875 0.0515625
0 0.1578125 0.65390625 0.034375 0.084375
0 0.115625 0.64921875 0.03671875 0.10390625
0 0.0796875 0.64921875 0.03046875 0.10234375
0 0.865625 0.56875 0.0265625 0.0953125
0 0.83046875 0.56875 0.03359375 0.09921875
0 0.79296875 0.57109375 0.0359375 0.096875
0 0.75078125 0.57265625 0.0375 0.078125
0 0.215625 0.665625 0.03125 0.07421875
0 0.73125 0.23828125 0.03046875 0.0609375
0 0.08203125 0.20078125 0.04921875 0.09296875
0 0.6640625 0.23515625 0.03359375 0.06484375
0 0.66015625 0.678125 0.034375 0.07421875
0 0.6953125 0.678125 0.03515625 0.07265625
0 0.7375 0.6765625 0.03515625 0.078125
0 0.7734375 0.67734375 0.03515625 0.07890625
0 0.81171875 0.67578125 0.034375 0.08359375
0 0.85078125 0.67890625 0.0359375 0.0765625
0 0.0546875 0.77265625 0.03515625 0.07734375
0 0.09609375 0.7703125 0.0390625 0.0796875
0 0.13671875 0.7703125 0.0390625 0.08046875
0 0.20546875 0.7609375 0.0328125 0.07265625
0 0.24140625 0.77265625 0.03515625 0.07265625
0 0.43203125 0.66953125 0.02265625 0.06796875
0 0.27890625 0.7734375 0.0390625 0.07109375
0 0.40625 0.778125 0.03515625 0.0765625
0 0.4921875 0.79296875 0.01484375 0.04765625
0 0.51484375 0.79296875 0.02890625 0.046875
0 0.540625 0.79296875 0.0234375 0.046875
0 0.5703125 0.79609375 0.034375 0.04140625
0 0.60078125 0.7984375 0.021875 0.04765625
0 0.69921875 0.2359375 0.0328125 0.06640625
0 0.66171875 0.80078125 0.02421875 0.04296875
0 0.7 0.78984375 0.03828125 0.07109375
0 0.73984375 0.78828125 0.03515625 0.07421875
0 0.78046875 0.7921875 0.03671875 0.078125
0 0.32421875 0.77578125 0.040625 0.07890625
0 0.40625 0.665625 0.025 0.07734375
0 0.6296875 0.8 0.03203125 0.03984375
0 0.3265625 0.2 0.0421875 0.11328125
0 0.3703125 0.20078125 0.040625 0.11640625
0 0.53203125 0.23203125 0.02734375 0.0640625
0 0.28359375 0.21015625 0.03984375 0.0921875
0 0.2421875 0.209375 0.040625 0.0921875
0 0.20390625 0.20859375 0.03046875 0.096875
0 0.12890625 0.20234375 0.040625 0.08984375
0 0.565625 0.23203125 0.0375 0.0640625
0 0.0375 0.19921875 0.034375 0.090625
0 0.6 0.234375 0.0328125 0.06171875
0 0.634375 0.2359375 0.02734375 0.0640625
0 0.40703125 0.20390625 0.034375 0.11015625
0 0.44140625 0.20390625 0.03203125 0.11015625