0 0.83359375 0.29453125 0.084375 0.0140625
0 0.290625 0.41015625 0.08984375 0.03125
0 0.91796875 0.31484375 0.08046875 0.025
0 0.978125 0.31640625 0.03671875 0.021875
0 0.83515625 0.3984375 0.08359375 0.0265625
0 0.92890625 0.39375 0.0859375 0.02890625
0 0.9328125 0.3609375 0.0953125 0.0328125
0 0.09375 0.4078125 0.10078125 0.0390625
0 0.19921875 0.40859375 0.08828125 0.034375
0 0.378125 0.40703125 0.07734375 0.034375
0 0.9609375 0.44375 0.06796875 0.0265625
0 0.55859375 0.4078125 0.08984375 0.03203125
0 0.6484375 0.40625 0.08828125 0.03046875
0 0.740625 0.39921875 0.07421875 0.053125
0 0.87578125 0.4625 0.08671875 0.0421875
0 0.96171875 0.4734375 0.075 0.01796875
0 0.784375 0.47578125 0.08046875 0.02578125
0 0.08359375 0.48046875 0.07890625 0.0296875
0 0.171875 0.48125 0.08515625 0.03125
0 0.2609375 0.47578125 0.0828125 0.03203125
0 0.83203125 0.3171875 0.08984375 0.01953125
0 0.46953125 0.40703125 0.09140625 0.034375
0 0.734375 0.3375 0.0890625 0.040625
0 0.7484375 0.14609375 0.08671875 0.03046875
0 0.54609375 0.33828125 0.08046875 0.0359375
0 0.90078125 0.12421875 0.07265625 0.06484375
0 0.66171875 0.13203125 0.0546875 0.059375
0 0.5984375 0.134375 0.04921875 0.0578125
0 0.52109375 0.10859375 0.09375 0.0375
0 0.52109375 0.1453125 0.09140625 0.0296875
0 0.34453125 0.12578125 0.090625 0.0703125
0 0.24375 0.14765625 0.09921875 0.03125
0 0.69375 0.4796875 0.08359375 0.025
0 0.60625 0.47734375 0.07734375 0.0265625
0 0.5203125 0.478125 0.08125 0.0234375
0 0.43203125 0.45703125 0.08203125 0.0171875
0 0.43125 0.4828125 0.0890625 0.02578125
0 0.34375 0.47734375 0.07734375 0.0328125
0 0.13828125 0.1375 0.09609375 0.05
0 0.0453125 0.1328125 0.08203125 0.0578125
0 0.9703125 0.121875 0.05234375 0.06875
0 0.8265625 0.2125 0.06171875 0.065625
0 0.9015625 0.21015625 0.06953125 0.0625
0 0.9671875 0.23515625 0.05703125 0.0296875
0 0.459375 0.3375 0.08515625 0.034375
0 0.37578125 0.3421875 0.07734375 0.0328125
0 0.28515625 0.3390625 0.084375 0.03515625
0 0.190625 0.33984375 0.09609375 0.040625
0 0.09375 0.3390625 0.08828125 0.0375
0 0.74921875 0.27109375 0.08828125 0.0234375
0 0.6546875 0.27109375 0.08828125 0.02578125
0 0.6328125 0.33359375 0.08984375 0.040625
0 0.5609375 0.271875 0.0859375 0.02734375
0 0.4703125 0.275 0.084375 0.02421875
0 0.3796875 0.271875 0.08828125 0.03125
0 0.28515625 0.275 0.08828125 0.02734375
0 0.20078125 0.24375 0.0890625 0.021875
0 0.18671875 0.271875 0.09453125 0.0234375
0 0.08671875 0.2734375 0.0921875 0.0328125
0 0.971875 0.2109375 0.05546875 0.01953125
0 0.46875 0.24296875 0.0828125 0.02734375
0 0.953125 0.5328125 0.08671875 0.03671875
0 0.9234375 0.675 0.0875 0.0359375
0 0.0203125 0.496875 0.03671875 0.08046875
0 0.6140625 0.6765625 0.02421875 0.0609375
0 0.2796875 0.865625 0.078125 0.07265625
0 0.18203125 0.86640625 0.0671875 0.009375
0 0.19140625 0.88671875 0.078125 0.0265625
0 0.17734375 0.8515625 0.05859375 0.01796875
0 0.11640625 0.8546875 0.05625 0.0171875
0 0.10859375 0.88203125 0.071875 0.0296875
0 0.0328125 0.859375 0.0640625 0.07578125
0 0.65 0.6765625 0.02734375 0.0640625
0 0.68359375 0.68125 0.025 0.0546875
0 0.7203125 0.6796875 0.02578125 0.0609375
0 0.7578125 0.67890625 0.03671875 0.0421875
0 0.65625 0.76640625 0.06953125 0.05390625
0 0.5828125 0.753125 0.06953125 0.025
0 0.58125 0.7828125 0.07421875 0.02109375
0 0.86875 0.5375 0.0765625 0.02890625
0 0.51328125 0.77578125 0.04609375 0.0421875
0 0.7546875 0.596875 0.0390625 0.0484375
0 0.44921875 0.75 0.06484375 0.02578125
0 0.4453125 0.784375 0.07890625 0.02265625
0 0.36796875 0.7859375 0.07734375 0.03046875
0 0.28203125 0.790625 0.07734375 0.025
0 0.61171875 0.5421875 0.07890625 0.03515625
0 0.5265625 0.5390625 0.07734375 0.0375
0 0.44375 0.53828125 0.07890625 0.04296875
0 0.35859375 0.540625 0.08046875 0.0375
0 0.2734375 0.54140625 0.08203125 0.0375
0 0.1890625 0.54140625 0.07734375 0.0390625
0 0.10390625 0.5453125 0.07890625 0.0390625
0 0.35859375 0.859375 0.071875 0.07890625
0 0.43984375 0.85859375 0.07109375 0.0734375
0 0.5140625 0.85546875 0.0734375 0.07265625
0 0.596875 0.85390625 0.075 0.07265625
0 0.70546875 0.6046875 0.04375 0.0296875
0 0.6484375 0.6046875 0.05390625 0.0359375
0 0.5921875 0.6015625 0.053125 0.03828125
0 0.52734375 0.603125 0.05234375 0.04609375
0 0.46171875 0.603125 0.05 0.04140625
0 0.39765625 0.603125 0.059375 0.0515625
0 0.334375 0.6015625 0.0625 0.0546875
0 0.26796875 0.6015625 0.059375 0.05390625
0 0.20390625 0.603125 0.06328125 0.0484375
0 0.11875 0.60546875 0.0953125 0.046875
0 0.9796875 0.82578125 0.040625 0.103125
0 0.91953125 0.83046875 0.07109375 0.1
0 0.84609375 0.8359375 0.06953125 0.1015625
0 0.97734375 0.73046875 0.04453125 0.0421875
0 0.203125 0.79296875 0.07109375 0.028125
0 0.909375 0.7359375 0.08125 0.046875
0 0.9859375 0.671875 0.02734375 0.0421875
0 0.20234375 0.6828125 0.07734375 0.05703125
0 0.82890625 0.6734375 0.09609375 0.04375
0 0.91015625 0.6078125 0.08203125 0.0359375
0 0.82265625 0.6109375 0.07578125 0.03828125
0 0.7859375 0.54140625 0.0828125 0.0265625
0 0.2984375 0.68359375 0.08515625 0.06171875
0 0.38359375 0.67734375 0.075 0.0625
0 0.46328125 0.68203125 0.084375 0.05859375
0 0.55703125 0.70078125 0.08203125 0.02109375
0 0.5484375 0.66875 0.08515625 0.02734375
0 0.69921875 0.5390625 0.0828125 0.03125
0 0.75859375 0.84609375 0.07265625 0.07890625
0 0.67421875 0.8515625 0.0671875 0.0734375
0 0.81796875 0.73828125 0.09609375 0.04921875
0 0.11796875 0.79453125 0.07578125 0.02421875
0 0.11796875 0.6890625 0.08515625 0.0546875
0 0.19921875 0.7609375 0.08515625 0.0296875
0 0.1140625 0.76328125 0.07265625 0.028125
0 0.72890625 0.7609375 0.06015625 0.03671875