0 0.6 0.4859375 0.0421875 0.08125
0 0.7984375 0.2125 0.02265625 0.0921875
0 0.82421875 0.21328125 0.0234375 0.0921875
0 0.78984375 0.15546875 0.04375 0.01953125
0 0.9171875 0.246875 0.1328125 0.0265625
0 0.9109375 0.22578125 0.1265625 0.01640625
0 0.1703125 0.34140625 0.03359375 0.0875
0 0.115625 0.33984375 0.07109375 0.08828125
0 0.7703125 0.2125 0.028125 0.0921875
0 0.21875 0.35078125 0.05859375 0.07734375
0 0.271875 0.340625 0.04296875 0.0921875
0 0.31796875 0.340625 0.04453125 0.0921875
0 0.91171875 0.20859375 0.12890625 0.01484375
0 0.72890625 0.20625 0.034375 0.1140625
0 0.7734375 0.471875 0.034375 0.11328125
0 0.58828125 0.203125 0.14296875 0.01484375
0 0.36328125 0.33828125 0.04140625 0.09921875
0 0.8140625 0.4703125 0.03984375 0.1125
0 0.8546875 0.49921875 0.03125 0.0546875
0 0.89296875 0.49765625 0.04296875 0.0546875
0 0.0875 0.56875 0.05078125 0.03515625
0 0.14140625 0.609375 0.05 0.0546875
0 0.2546875 0.61328125 0.07890625 0.0328125
0 0.24296875 0.58125 0.08984375 0.0265625
0 0.25234375 0.55390625 0.09140625 0.021875
0 0.35546875 0.60859375 0.096875 0.0515625
0 0.434375 0.603125 0.04765625 0.06640625
0 0.48515625 0.5984375 0.04375 0.0734375
0 0.69140625 0.2078125 0.03125 0.11328125
0 0.4078125 0.3375 0.04140625 0.10078125
0 0.46171875 0.3578125 0.0609375 0.05859375
0 0.52109375 0.3546875 0.04375 0.06484375
0 0.3515625 0.4875 0.03515625 0.08125
0 0.38984375 0.4875 0.034375 0.078125
0 0.428125 0.4703125 0.03515625 0.11015625
0 0.46875 0.496875 0.0390625 0.05703125
0 0.240625 0.2484375 0.1859375 0.025
0 0.2390625 0.22109375 0.18203125 0.0296875
0 0.31640625 0.48984375 0.0296875 0.0734375
0 0.234375 0.19453125 0.17890625 0.0171875
0 0.425 0.225 0.16484375 0.02421875
0 0.425 0.203125 0.16484375 0.01640625
0 0.58984375 0.25 0.15234375 0.021875
0 0.5890625 0.225 0.15 0.021875
0 0.51015625 0.4984375 0.0390625 0.05625
0 0.5546875 0.4859375 0.04375 0.0828125
0 0.42421875 0.25078125 0.16875 0.0265625
0 0.2859375 0.4875 0.02890625 0.071875
0 0.246875 0.48515625 0.0453125 0.0796875
0 0.203125 0.4765625 0.03984375 0.09609375
0 0.56953125 0.35703125 0.046875 0.0625
0 0.628125 0.33828125 0.06171875 0.09921875
0 0.69453125 0.3375 0.06015625 0.10078125
0 0.75703125 0.34609375 0.0546875 0.08671875
0 0.81953125 0.3703125 0.05703125 0.03671875
0 0.93984375 0.325 0.05546875 0.03203125
0 0.92734375 0.359375 0.053125 0.03046875
0 0.7296875 0.471875 0.046875 0.1125
0 0.6875 0.47578125 0.034375 0.1046875
0 0.91640625 0.421875 0.0546875 0.02890625
0 0.87578125 0.3734375 0.03359375 0.0265625
0 0.87890625 0.35 0.0390625 0.01796875
0 0.81953125 0.34375 0.05546875 0.015625
0 0.15 0.51640625 0.0640625 0.01640625
0 0.14453125 0.49765625 0.05859375 0.01875
0 0.6484375 0.47734375 0.03828125 0.10078125
0 0.91953125 0.39140625 0.04921875 0.028125
0 0.93984375 0.696875 0.11953125 0.07890625
0 0.2875 0.87265625 0.06796875 0.04140625
0 0.365625 0.7171875 0.06328125 0.04296875
0 0.2859375 0.67578125 0.06484375 0.0359375
0 0.359375 0.675 0.06875 0.03515625
0 0.440625 0.71640625 0.065625 0.04375
0 0.4375 0.6734375 0.065625 0.040625
0 0.51484375 0.7234375 0.07265625 0.028125
0 0.6 0.72578125 0.08671875 0.0203125
0 0.59765625 0.6984375 0.09140625 0.025
0 0.6828125 0.72109375 0.0671875 0.0328125
0 0.67890625 0.68359375 0.06484375 0.03828125
0 0.75625 0.71640625 0.07109375 0.03671875
0 0.7546875 0.675 0.075 0.03828125
0 0.8375 0.71796875 0.0796875 0.040625
0 0.05 0.840625 0.04140625 0.09296875
0 0.1265625 0.878125 0.0828125 0.03828125
0 0.12421875 0.8375 0.08828125 0.0375
0 0.209375 0.87578125 0.0765625 0.03671875
0 0.29296875 0.715625 0.065625 0.03984375
0 0.20859375 0.83671875 0.07421875 0.03828125
0 0.21640625 0.696875 0.06875 0.08046875
0 0.0734375 0.66875 0.08125 0.02890625
0 0.125 0.20625 0.03125 0.1078125
0 0.52421875 0.6046875 0.0265625 0.06015625
0 0.56640625 0.59921875 0.05078125 0.065625
0 0.62421875 0.6171875 0.03828125 0.02890625
0 0.62109375 0.59296875 0.0375 0.0171875
0 0.66640625 0.60625 0.0390625 0.053125
0 0.70859375 0.603125 0.034375 0.06640625
0 0.746875 0.603125 0.034375 0.0703125
0 0.7921875 0.59375 0.04921875 0.078125
0 0.8421875 0.590625 0.0359375 0.0921875
0 0.8828125 0.58984375 0.040625 0.08984375
0 0.93359375 0.5703125 0.03046875 0.08984375
0 0.978125 0.571875 0.04296875 0.09296875
0 0.11328125 0.796875 0.07890625 0.02890625
0 0.08828125 0.73359375 0.07578125 0.025
0 0.0953125 0.7640625 0.078125 0.02734375
0 0.08515625 0.7 0.075 0.025
0 0.153125 0.70078125 0.0515625 0.06953125
0 0.21015625 0.79453125 0.078125 0.040625
0 0.0875 0.20625 0.0390625 0.10703125
0 0.36875 0.87421875 0.07578125 0.04375
0 0.5421875 0.7828125 0.05078125 0.04375
0 0.9265625 0.83125 0.146875 0.134375
0 0.7859375 0.78203125 0.10078125 0.04296875
0 0.80078125 0.8546875 0.07109375 0.07421875
0 0.71171875 0.8578125 0.09453125 0.08359375
0 0.015625 0.83984375 0.02578125 0.10234375
0 0.5421875 0.8734375 0.0859375 0.0453125
0 0.4515625 0.8703125 0.08828125 0.053125
0 0.3640625 0.796875 0.0671875 0.0421875
0 0.36640625 0.83515625 0.07109375 0.02890625
0 0.28984375 0.83203125 0.07421875 0.03671875
0 0.62578125 0.86015625 0.0640625 0.0828125