0 0.0328125 0.8515625 0.05234375 0.0234375
0 0.11171875 0.665625 0.0453125 0.028125
0 0.31015625 0.75234375 0.0234375 0.01953125
0 0.3078125 0.715625 0.0234375 0.021875
0 0.303125 0.64140625 0.02578125 0.02265625
0 0.3015625 0.60703125 0.03046875 0.02421875
0 0.2640625 0.61171875 0.0109375 0.01171875
0 0.27109375 0.61875 0.02890625 0.028125
0 0.0359375 0.89140625 0.0421875 0.02421875
0 0.1265625 0.84453125 0.03984375 0.0234375
0 0.171875 0.8234375 0.034375 0.02734375
0 0.21015625 0.80234375 0.034375 0.028125
0 0.28203125 0.76796875 0.03203125 0.02734375
0 0.1140625 0.71015625 0.04765625 0.03125
0 0.24765625 0.7859375 0.03125 0.02890625
0 0.246875 0.75078125 0.034375 0.02734375
0 0.2453125 0.7171875 0.02890625 0.028125
0 0.028125 0.8015625 0.04921875 0.0375
0 0.078125 0.78359375 0.04375 0.0328125
0 0.08125 0.828125 0.03984375 0.03125
0 0.1265625 0.76953125 0.03515625 0.02578125
0 0.1296875 0.80625 0.03515625 0.025
0 0.0671875 0.72578125 0.0453125 0.03984375
0 0.0203125 0.73125 0.03828125 0.0484375
0 0.1703125 0.74375 0.0421875 0.03515625
0 0.20703125 0.73046875 0.03125 0.028125
0 0.20859375 0.76484375 0.03203125 0.02890625
0 0.1671875 0.7859375 0.03203125 0.01953125
0 0.278125 0.73046875 0.028125 0.02578125
0 0.159375 0.69296875 0.03515625 0.0296875
0 0.08203125 0.86484375 0.04296875 0.02421875
0 0.20234375 0.63984375 0.04140625 0.028125
0 0.2421875 0.4296875 0.0265625 0.0921875
0 0.21171875 0.43125 0.03515625 0.09296875
0 0.0703125 0.57421875 0.0390625 0.1046875
0 0.31953125 0.32578125 0.02578125 0.0875
0 0.2953125 0.32265625 0.021875 0.09140625
0 0.2625 0.32578125 0.03828125 0.08359375
0 0.21796875 0.32421875 0.03046875 0.0921875
0 0.175 0.31171875 0.0328125 0.10234375
0 0.13671875 0.3125 0.0328125 0.10703125
0 0.10078125 0.30859375 0.0328125 0.11015625
0 0.0484375 0.3046875 0.06484375 0.1140625
0 0.01875 0.44140625 0.0359375 0.11796875
0 0.0671875 0.44140625 0.0421875 0.11484375
0 0.10859375 0.4390625 0.0296875 0.1109375
0 0.1609375 0.65 0.040625 0.034375
0 0.14375 0.43359375 0.0296875 0.1109375
0 0.17890625 0.553125 0.03828125 0.0859375
0 0.1421875 0.55546875 0.01875 0.08984375
0 0.1109375 0.5671875 0.03359375 0.10390625
0 0.2703125 0.43046875 0.02578125 0.0890625
0 0.29453125 0.428125 0.0234375 0.08046875
0 0.17734375 0.43203125 0.034375 0.09765625
0 0.27109375 0.5328125 0.02109375 0.08515625
0 0.23828125 0.62734375 0.02421875 0.03515625
0 0.2734375 0.6546875 0.02890625 0.0265625
0 0.2390625 0.66640625 0.0265625 0.02734375
0 0.2359375 0.54140625 0.03984375 0.0796875
0 0.02421875 0.58515625 0.046875 0.1078125
0 0.2953125 0.53125 0.0234375 0.078125
0 0.2015625 0.678125 0.03359375 0.0265625