0 0.60078125 0.25703125 0.0125 0.05078125
0 0.61640625 0.259375 0.015625 0.04609375
0 0.634375 0.2578125 0.0140625 0.05078125
0 0.6515625 0.2609375 0.015625 0.04921875
0 0.66875 0.2609375 0.01484375 0.0515625
0 0.6875 0.259375 0.0171875 0.0515625
0 0.7625 0.259375 0.0171875 0.053125
0 0.87265625 0.2578125 0.0203125 0.05546875
0 0.725 0.2609375 0.01640625 0.05234375
0 0.74375 0.26015625 0.01875 0.0546875
0 0.85 0.25703125 0.01953125 0.05625
0 0.78046875 0.25703125 0.01640625 0.05625
0 0.82734375 0.259375 0.01953125 0.05859375
0 0.70625 0.259375 0.01640625 0.0515625
0 0.584375 0.259375 0.015625 0.04921875
0 0.27734375 0.2578125 0.01328125 0.05078125
0 0.51328125 0.25703125 0.015625 0.053125
0 0.85625 0.5546875 0.02109375 0.071875
0 0.8953125 0.26015625 0.0171875 0.05625
0 0.8828125 0.553125 0.02421875 0.08984375
0 0.909375 0.5546875 0.02578125 0.090625
0 0.93671875 0.5625 0.02578125 0.08671875
0 0.2921875 0.2609375 0.015625 0.046875
0 0.3078125 0.259375 0.0140625 0.05078125
0 0.53125 0.2546875 0.015625 0.05078125
0 0.3234375 0.26015625 0.01328125 0.04765625
0 0.39609375 0.25390625 0.01484375 0.0453125
0 0.41171875 0.25546875 0.0140625 0.04375
0 0.42890625 0.25703125 0.0125 0.046875
0 0.44453125 0.2578125 0.0140625 0.04609375
0 0.4609375 0.2578125 0.015625 0.04921875
0 0.47734375 0.25625 0.0140625 0.0484375
0 0.49375 0.25546875 0.015625 0.05
0 0.37421875 0.25390625 0.01640625 0.046875
0 0.91875 0.2625 0.01953125 0.0578125
0 0.821875 0.665625 0.0203125 0.05234375
0 0.96484375 0.26171875 0.01953125 0.05859375
0 0.63671875 0.63984375 0.01875 0.04765625
0 0.65546875 0.64140625 0.01796875 0.0453125
0 0.67421875 0.64375 0.0171875 0.04765625
0 0.69453125 0.6453125 0.02109375 0.04609375
0 0.71640625 0.64921875 0.02109375 0.04921875
0 0.7375 0.6515625 0.01875 0.0515625
0 0.75703125 0.653125 0.0171875 0.0515625
0 0.80078125 0.66015625 0.01953125 0.0515625
0 0.84296875 0.66640625 0.0203125 0.053125
0 0.8703125 0.66484375 0.025 0.0703125
0 0.8953125 0.665625 0.02265625 0.07421875
0 0.9234375 0.671875 0.02578125 0.07265625
0 0.95 0.67578125 0.025 0.06875
0 0.9796875 0.68046875 0.02734375 0.0703125
0 0.83515625 0.553125 0.01796875 0.06953125
0 0.61484375 0.62734375 0.01796875 0.05546875
0 0.93984375 0.2609375 0.01953125 0.0546875
0 0.59375 0.6265625 0.021875 0.05390625
0 0.49609375 0.61328125 0.01796875 0.05625
0 0.9890625 0.2609375 0.02109375 0.05703125
0 0.9609375 0.56484375 0.0203125 0.08671875
0 0.98359375 0.5609375 0.02109375 0.0953125
0 0.1921875 0.575 0.0125 0.0375
0 0.20546875 0.57734375 0.01171875 0.0375
0 0.22109375 0.57734375 0.0140625 0.0375
0 0.23515625 0.58125 0.01171875 0.040625
0 0.24921875 0.584375 0.01328125 0.04140625
0 0.26484375 0.5875 0.0140625 0.04296875
0 0.296875 0.58984375 0.01875 0.040625
0 0.36953125 0.60078125 0.01640625 0.04375
0 0.38828125 0.60390625 0.01953125 0.04140625
0 0.40859375 0.60546875 0.01953125 0.04375
0 0.43125 0.60703125 0.0171875 0.0265625
0 0.4515625 0.60625 0.02109375 0.034375
0 0.5203125 0.6234375 0.02109375 0.04296875
0 0.815625 0.553125 0.01875 0.06875
0 0.47421875 0.6109375 0.02421875 0.0515625
0 0.7515625 0.55 0.01640625 0.0546875
0 0.91953125 0.3546875 0.0171875 0.06640625
0 0.90078125 0.3453125 0.0171875 0.07734375
0 0.87890625 0.34609375 0.01953125 0.07421875
0 0.85625 0.34609375 0.021875 0.0765625
0 0.834375 0.3546875 0.01875 0.05546875
0 0.81484375 0.3453125 0.015625 0.075
0 0.77109375 0.3421875 0.02109375 0.07734375
0 0.72890625 0.34453125 0.01796875 0.06640625
0 0.70859375 0.346875 0.01875 0.06015625
0 0.6875 0.3421875 0.01484375 0.0640625
0 0.6671875 0.34296875 0.015625 0.06484375
0 0.9453125 0.3546875 0.021875 0.06796875
0 0.80078125 0.55234375 0.00859375 0.0671875
0 0.52109375 0.340625 0.01640625 0.05078125
0 0.57421875 0.34296875 0.0140625 0.05078125
0 0.5921875 0.34453125 0.015625 0.0515625
0 0.61171875 0.34765625 0.015625 0.0546875
0 0.62890625 0.346875 0.015625 0.05
0 0.64765625 0.346875 0.01640625 0.05078125
0 0.309375 0.32265625 0.0140625 0.06640625
0 0.2921875 0.325 0.01484375 0.0578125
0 0.27734375 0.328125 0.0140625 0.05703125
0 0.46953125 0.33828125 0.015625 0.04921875
0 0.24765625 0.32421875 0.01171875 0.05703125
0 0.503125 0.3421875 0.0140625 0.04921875
0 0.234375 0.32265625 0.0109375 0.0546875
0 0.96875 0.3546875 0.02265625 0.0640625
0 0.2078125 0.4046875 0.01484375 0.06171875
0 0.453125 0.33828125 0.0140625 0.05
0 0.43671875 0.33828125 0.0140625 0.04765625
0 0.41953125 0.3359375 0.0140625 0.04765625
0 0.4046875 0.3359375 0.0140625 0.0484375
0 0.384375 0.3265625 0.015625 0.0640625
0 0.578125 0.43359375 0.0140625 0.06953125
0 0.525 0.4359375 0.015625 0.0515625
0 0.50859375 0.434375 0.01484375 0.05078125
0 0.490625 0.434375 0.015625 0.05078125
0 0.47421875 0.4390625 0.01328125 0.0359375
0 0.4578125 0.4234375 0.01484375 0.05859375
0 0.9890625 0.35625 0.01875 0.0625
0 0.44140625 0.4234375 0.0140625 0.05546875
0 0.409375 0.4203125 0.01328125 0.0578125
0 0.39453125 0.4203125 0.01484375 0.05625
0 0.37890625 0.42421875 0.0140625 0.0515625
0 0.3640625 0.42265625 0.0125 0.05078125
0 0.30625 0.4125 0.0140625 0.065625
0 0.2921875 0.4109375 0.0125 0.06171875
0 0.278125 0.41015625 0.01328125 0.06328125
0 0.26328125 0.4078125 0.01328125 0.06328125
0 0.24921875 0.40625 0.01328125 0.06328125
0 0.23515625 0.40625 0.0125 0.06171875
0 0.221875 0.40390625 0.0125 0.0625
0 0.42578125 0.421875 0.015625 0.0546875
0 0.22109375 0.321875 0.01328125 0.059375
0 0.2609375 0.32421875 0.01328125 0.0578125
0 0.23359375 0.26015625 0.0140625 0.05078125
0 0.2390625 0.4890625 0.0140625 0.06171875
0 0.2515625 0.48984375 0.0125 0.06171875
0 0.265625 0.49140625 0.01328125 0.06484375
0 0.2796875 0.50078125 0.01328125 0.05
0 0.2953125 0.5015625 0.0125 0.04921875
0 0.3109375 0.49609375 0.01484375 0.0640625
0 0.32578125 0.496875 0.0140625 0.06328125
0 0.371875 0.5015625 0.01484375 0.06640625
0 0.3875 0.50234375 0.0140625 0.06640625
0 0.40234375 0.5015625 0.01328125 0.065625
0 0.4171875 0.50625 0.01484375 0.05859375
0 0.43359375 0.51015625 0.015625 0.06015625
0 0.45 0.5109375 0.01328125 0.06015625
0 0.46484375 0.51484375 0.01328125 0.0578125
0 0.48203125 0.51484375 0.0140625 0.05859375
0 0.4984375 0.51640625 0.015625 0.06171875
0 0.51796875 0.51796875 0.01796875 0.059375
0 0.565625 0.52421875 0.015625 0.0671875
0 0.58359375 0.52265625 0.0171875 0.07421875
0 0.6015625 0.5234375 0.015625 0.07265625
0 0.61953125 0.525 0.015625 0.071875
0 0.63671875 0.528125 0.01796875 0.07421875
0 0.65546875 0.53984375 0.0171875 0.05390625
0 0.675 0.5421875 0.0171875 0.05546875
0 0.69453125 0.54296875 0.01796875 0.05546875
0 0.7140625 0.5453125 0.01796875 0.05859375
0 0.73359375 0.54921875 0.0171875 0.05625
0 0.22421875 0.4875 0.01171875 0.0609375
0 0.21015625 0.48671875 0.01328125 0.059375
0 0.99375 0.465625 0.01171875 0.071875
0 0.97578125 0.46640625 0.02265625 0.07421875
0 0.2046875 0.3203125 0.015625 0.05703125
0 0.20390625 0.2578125 0.01484375 0.0453125
0 0.5640625 0.43203125 0.009375 0.0640625
0 0.21875 0.26015625 0.0125 0.04765625
0 0.60078125 0.45390625 0.02109375 0.034375
0 0.6203125 0.44140625 0.01328125 0.0578125
0 0.26328125 0.2578125 0.01328125 0.04375
0 0.6515625 0.44453125 0.0140625 0.05625
0 0.6703125 0.4390625 0.01796875 0.0703125
0 0.69296875 0.44140625 0.01640625 0.071875
0 0.63515625 0.44296875 0.01484375 0.053125
0 0.73125 0.44453125 0.01796875 0.06875
0 0.94921875 0.46484375 0.02265625 0.06796875
0 0.92578125 0.45859375 0.01953125 0.0765625
0 0.903125 0.4578125 0.01953125 0.07421875
0 0.88125 0.4546875 0.01796875 0.075
0 0.86015625 0.45390625 0.01953125 0.07578125
0 0.71171875 0.440625 0.0171875 0.071875
0 0.4875 0.33984375 0.0140625 0.05078125
0 0.8359375 0.45390625 0.02109375 0.07578125
0 0.81640625 0.45234375 0.01640625 0.075
0 0.77109375 0.446875 0.01875 0.07421875
0 0.7515625 0.44375 0.01875 0.07265625