0 0.55703125 0.18046875 0.02734375 0.12890625
0 0.378125 0.1609375 0.03046875 0.12890625
0 0.41015625 0.16484375 0.03203125 0.1390625
0 0.44453125 0.16953125 0.03359375 0.13046875
0 0.48515625 0.1734375 0.046875 0.1375
0 0.52890625 0.17421875 0.0359375 0.13515625
0 0.58984375 0.184375 0.03671875 0.13515625
0 0.78359375 0.465625 0.04765625 0.07265625
0 0.6703125 0.18984375 0.053125 0.1390625
0 0.715625 0.1953125 0.0375 0.13046875
0 0.74765625 0.1953125 0.0265625 0.128125
0 0.3359375 0.1484375 0.0515625 0.1515625
0 0.80625 0.20390625 0.025 0.1203125
0 0.853125 0.209375 0.0640625 0.10859375
0 0.6265625 0.18671875 0.03046875 0.13125
0 0.78046875 0.2015625 0.02890625 0.11640625
0 0.24609375 0.146875 0.109375 0.11875
0 0.24296875 0.0421875 0.10703125 0.075
0 0.82734375 0.465625 0.03828125 0.0734375
0 0.8703125 0.4375 0.03828125 0.05
0 0.8703125 0.48203125 0.03828125 0.03671875
0 0.025 0.3203125 0.04375 0.10546875
0 0.0859375 0.321875 0.06484375 0.09921875
0 0.14609375 0.32734375 0.05546875 0.0921875
0 0.20390625 0.34921875 0.05625 0.05390625
0 0.25625 0.35078125 0.04453125 0.05625
0 0.31171875 0.33515625 0.053125 0.090625
0 0.3734375 0.33828125 0.05234375 0.0796875
0 0.4328125 0.340625 0.05625 0.07734375
0 0.48828125 0.340625 0.05 0.0765625
0 0.53828125 0.34296875 0.04765625 0.08203125
0 0.58046875 0.34375 0.03671875 0.08125
0 0.61953125 0.35859375 0.03671875 0.053125
0 0.653125 0.35078125 0.028125 0.06875
0 0.69765625 0.35234375 0.05625 0.0703125
0 0.74140625 0.3515625 0.0265625 0.0703125
0 0.77109375 0.353125 0.03125 0.07265625
0 0.8 0.3515625 0.02734375 0.0765625
0 0.834375 0.35 0.03984375 0.075
0 0.8703125 0.35 0.03125 0.07421875
0 0.04921875 0.128125 0.08828125 0.13359375
0 0.14609375 0.13125 0.0828125 0.15
0 0.73828125 0.47265625 0.040625 0.07578125
0 0.54609375 0.4375 0.0296875 0.05078125
0 0.659375 0.490625 0.02109375 0.046875
0 0.725 0.77109375 0.03359375 0.11484375
0 0.759375 0.765625 0.03203125 0.10390625
0 0.7859375 0.75234375 0.01484375 0.12421875
0 0.8125 0.7453125 0.03671875 0.1140625
0 0.84765625 0.73984375 0.03203125 0.11796875
0 0.02890625 0.71640625 0.05234375 0.1
0 0.6796875 0.796875 0.046875 0.06015625
0 0.0984375 0.709375 0.06875 0.1046875
0 0.27890625 0.66484375 0.07109375 0.10390625
0 0.353125 0.66015625 0.075 0.11484375
0 0.4125 0.6625 0.028125 0.08984375
0 0.4421875 0.6609375 0.0296875 0.0921875
0 0.50625 0.64609375 0.040625 0.08671875
0 0.53828125 0.640625 0.0234375 0.08984375
0 0.18984375 0.68984375 0.096875 0.1328125
0 0.571875 0.63046875 0.03203125 0.090625
0 0.671875 0.725 0.04453125 0.06953125
0 0.590625 0.82109375 0.028125 0.07890625
0 0.63671875 0.92734375 0.075 0.08046875
0 0.71171875 0.90234375 0.05546875 0.084375
0 0.7109375 0.97265625 0.053125 0.04765625
0 0.76171875 0.93515625 0.03671875 0.12890625
0 0.8171875 0.91484375 0.040625 0.11484375
0 0.859375 0.9046875 0.04140625 0.12890625
0 0.62265625 0.790625 0.028125 0.1375
0 0.1296875 0.896875 0.0625 0.18046875
0 0.290625 0.8859375 0.0953125 0.10234375
0 0.36796875 0.8484375 0.04765625 0.16796875
0 0.42734375 0.834375 0.059375 0.134375
0 0.48046875 0.8171875 0.04453125 0.16484375
0 0.5265625 0.79921875 0.04453125 0.14296875
0 0.5625 0.82109375 0.025 0.096875
0 0.2078125 0.878125 0.0609375 0.17578125
0 0.60234375 0.625 0.028125 0.09765625
0 0.64765625 0.65234375 0.05078125 0.0390625
0 0.646875 0.61171875 0.04921875 0.03828125
0 0.5734375 0.4390625 0.02421875 0.0484375
0 0.596875 0.4390625 0.021875 0.0484375
0 0.615625 0.43984375 0.015625 0.0484375
0 0.63828125 0.43984375 0.025 0.046875
0 0.6609375 0.43984375 0.0203125 0.04609375
0 0.43515625 0.49609375 0.0265625 0.06015625
0 0.52109375 0.43828125 0.0234375 0.0546875
0 0.4640625 0.496875 0.0296875 0.0578125
0 0.5203125 0.49375 0.028125 0.05546875
0 0.54375 0.49296875 0.02109375 0.05390625
0 0.56796875 0.4953125 0.02734375 0.0515625
0 0.5921875 0.49296875 0.02265625 0.04765625
0 0.61484375 0.49296875 0.02109375 0.04921875
0 0.6375 0.48984375 0.0234375 0.04609375
0 0.4921875 0.49453125 0.02734375 0.053125
0 0.49140625 0.4390625 0.03125 0.053125
0 0.4625 0.4390625 0.0296875 0.05390625
0 0.43203125 0.43984375 0.0296875 0.053125
0 0.72109375 0.625 0.05234375 0.07734375
0 0.7765625 0.621875 0.03359375 0.05546875
0 0.7734375 0.5625 0.03671875 0.05546875
0 0.81640625 0.565625 0.03984375 0.05078125
0 0.81796875 0.61640625 0.0390625 0.04921875
0 0.8609375 0.59609375 0.0421875 0.0890625
0 0.03828125 0.4921875 0.0546875 0.12890625
0 0.11796875 0.509375 0.0890625 0.0765625
0 0.33671875 0.98046875 0.04921875 0.028125
0 0.3890625 0.97421875 0.05546875 0.02734375
0 0.44453125 0.96171875 0.05 0.0484375
0 0.5125 0.97421875 0.06875 0.05
0 0.575 0.9671875 0.04765625 0.05
0 0.29609375 0.4875 0.08984375 0.0953125
0 0.3703125 0.4875 0.05859375 0.09609375
0 0.69140625 0.47109375 0.03671875 0.08203125
0 0.20546875 0.49453125 0.08515625 0.10703125