0 0.78984375 0.58515625 0.04765625 0.109375
0 0.17109375 0.24296875 0.0390625 0.0703125
0 0.12734375 0.2265625 0.04765625 0.09609375
0 0.08203125 0.23515625 0.03671875 0.08359375
0 0.03671875 0.23515625 0.0515625 0.08671875
0 0.0421875 0.36171875 0.053125 0.09765625
0 0.0875 0.3625 0.03359375 0.07890625
0 0.1265625 0.35859375 0.04609375 0.08125
0 0.1703125 0.353125 0.040625 0.09140625
0 0.2453125 0.3546875 0.06796875 0.08125
0 0.32265625 0.35859375 0.05703125 0.08203125
0 0.384375 0.3578125 0.05859375 0.078125
0 0.453125 0.36015625 0.06328125 0.08515625
0 0.25 0.240625 0.07265625 0.10546875
0 0.52265625 0.3578125 0.06015625 0.0828125
0 0.64921875 0.353125 0.0546875 0.07109375
0 0.6984375 0.3515625 0.04140625 0.07265625
0 0.75546875 0.35078125 0.0484375 0.0703125
0 0.8140625 0.3515625 0.0546875 0.07265625
0 0.87421875 0.35234375 0.05703125 0.0734375
0 0.94296875 0.3484375 0.05 0.059375
0 0.9859375 0.34921875 0.028125 0.06640625
0 0.9796875 0.446875 0.03046875 0.05390625
0 0.9359375 0.45234375 0.05859375 0.0625
0 0.88203125 0.4484375 0.0375 0.04765625
0 0.834375 0.4640625 0.05703125 0.075
0 0.7671875 0.4546875 0.0546875 0.05859375
0 0.58203125 0.353125 0.05546875 0.07265625
0 0.715625 0.45546875 0.046875 0.0546875
0 0.340625 0.240625 0.0703125 0.0921875
0 0.4875 0.2515625 0.06015625 0.09765625
0 0.259375 0.0765625 0.11640625 0.13125
0 0.36640625 0.0984375 0.06484375 0.096875
0 0.428125 0.1 0.03828125 0.09375
0 0.47421875 0.090625 0.03828125 0.12109375
0 0.125 0.09921875 0.0609375 0.10078125
0 0.51875 0.08984375 0.0375 0.11328125
0 0.56015625 0.08828125 0.0390625 0.1171875
0 0.6015625 0.0890625 0.0390625 0.11796875
0 0.64140625 0.0921875 0.0359375 0.1171875
0 0.68125 0.09296875 0.04140625 0.12265625
0 0.7171875 0.10234375 0.028125 0.10390625
0 0.75 0.10234375 0.02734375 0.1
0 0.4171875 0.234375 0.0671875 0.078125
0 0.7828125 0.1046875 0.028125 0.10390625
0 0.85859375 0.09765625 0.03203125 0.1015625
0 0.88515625 0.10390625 0.0203125 0.09609375
0 0.91796875 0.10078125 0.03671875 0.1078125
0 0.971875 0.09453125 0.05625 0.0953125
0 0.9515625 0.23828125 0.0421875 0.07109375
0 0.98828125 0.240625 0.0234375 0.0640625
0 0.871875 0.25625 0.03984375 0.0765625
0 0.82109375 0.253125 0.05625 0.07734375
0 0.7546875 0.25078125 0.0546875 0.084375
0 0.68984375 0.2390625 0.065625 0.08671875
0 0.62109375 0.240625 0.05859375 0.08515625
0 0.559375 0.2453125 0.06015625 0.10234375
0 0.82109375 0.103125 0.03984375 0.10859375
0 0.73671875 0.58671875 0.0484375 0.11328125
0 0.6578125 0.45546875 0.05546875 0.05546875
0 0.52890625 0.46875 0.06015625 0.07109375
0 0.78671875 0.85390625 0.07421875 0.109375
0 0.71640625 0.86484375 0.0578125 0.1078125
0 0.6375 0.8703125 0.08984375 0.11953125
0 0.5625 0.8734375 0.0546875 0.1109375
0 0.48515625 0.88203125 0.09140625 0.11953125
0 0.3921875 0.88671875 0.08125 0.11328125
0 0.3125 0.9 0.06171875 0.1140625
0 0.33046875 0.79296875 0.0625 0.01015625
0 0.2953125 0.73203125 0.034375 0.09765625
0 0.35625 0.73984375 0.03515625 0.07265625
0 0.41171875 0.72890625 0.05234375 0.10078125
0 0.46953125 0.721875 0.059375 0.115625
0 0.859375 0.84609375 0.065625 0.1046875
0 0.68515625 0.59453125 0.03984375 0.11953125
0 0.6296875 0.7203125 0.06953125 0.11171875
0 0.6953125 0.73671875 0.053125 0.0703125
0 0.75546875 0.73671875 0.05546875 0.05625
0 0.703125 0.67421875 0.05703125 0.03203125
0 0.82265625 0.728125 0.078125 0.08984375
0 0.99140625 0.72890625 0.01640625 0.0546875
0 0.95 0.73671875 0.04296875 0.04375
0 0.90390625 0.746875 0.0515625 0.05546875
0 0.92734375 0.6109375 0.06015625 0.04921875
0 0.978125 0.53828125 0.04375 0.03125
0 0.92265625 0.54453125 0.0453125 0.053125
0 0.85859375 0.5734375 0.05703125 0.096875
0 0.571875 0.72109375 0.05078125 0.11640625
0 0.5953125 0.45859375 0.0609375 0.05703125
0 0.92265625 0.84453125 0.0546875 0.11640625
0 0.6296875 0.5953125 0.0515625 0.121875
0 0.465625 0.46875 0.0609375 0.07265625
0 0.40078125 0.46875 0.0625 0.07109375
0 0.3375 0.47265625 0.05859375 0.07265625
0 0.27265625 0.47421875 0.06171875 0.07109375
0 0.19453125 0.4890625 0.040625 0.065625
0 0.15 0.4734375 0.04140625 0.09375
0 0.11015625 0.4734375 0.034375 0.0953125
0 0.06953125 0.47421875 0.04375 0.09296875
0 0.02421875 0.4765625 0.046875 0.1
0 0.215625 0.90546875 0.0828125 0.1078125
0 0.13125 0.89453125 0.06796875 0.07421875
0 0.06796875 0.915625 0.0484375 0.10390625
0 0.975 0.8109375 0.05 0.0875
0 0.02109375 0.91171875 0.03828125 0.07109375
0 0.0234375 0.77109375 0.0453125 0.10625
0 0.159375 0.7671875 0.07265625 0.0484375
0 0.23515625 0.759375 0.0765625 0.0828125
0 0.20703125 0.7015625 0.1109375 0.02890625
0 0.02890625 0.63125 0.05703125 0.146875
0 0.1 0.63515625 0.08203125 0.15234375
0 0.184375 0.6046875 0.07734375 0.1015625
0 0.28828125 0.6015625 0.065625 0.109375
0 0.36171875 0.596875 0.075 0.10390625
0 0.43671875 0.58359375 0.06796875 0.0828125
0 0.5 0.59765625 0.059375 0.11640625
0 0.565625 0.6 0.05 0.1234375
0 0.078125 0.77265625 0.04765625 0.11328125
0 0.52265625 0.7546875 0.034375 0.04375
0 0.05546875 0.09453125 0.06015625 0.0953125