0 0.225 0.8015625 0.071875 0.0796875
0 0.13671875 0.80546875 0.084375 0.08359375
0 0.31640625 0.8 0.08203125 0.075
0 0.390625 0.8015625 0.059375 0.07578125
0 0.490625 0.803125 0.140625 0.0828125
0 0.84609375 0.8375 0.0546875 0.01796875
0 0.91953125 0.83671875 0.0609375 0.0171875
0 0.88515625 0.815625 0.0671875 0.01484375
0 0.9796875 0.8296875 0.040625 0.03046875
0 0.9625 0.78984375 0.071875 0.034375
0 0.121875 0.71953125 0.0765625 0.04296875
0 0.7640625 0.8203125 0.04453125 0.0515625
0 0.03515625 0.70859375 0.06171875 0.0640625
0 0.14375 0.67265625 0.08515625 0.03515625
0 0.54375 0.50625 0.096875 0.06796875
0 0.96640625 0.62734375 0.04296875 0.01328125
0 0.9671875 0.609375 0.04609375 0.02109375
0 0.91875 0.6296875 0.0453125 0.0234375
0 0.903125 0.6953125 0.07578125 0.03046875
0 0.90234375 0.728125 0.07421875 0.0296875
0 0.8171875 0.725 0.0765625 0.03125
0 0.81875 0.690625 0.07890625 0.03125
0 0.72890625 0.671875 0.078125 0.0234375
0 0.640625 0.68984375 0.0625 0.01796875
0 0.725 0.71875 0.08125 0.03359375
0 0.4703125 0.51015625 0.03828125 0.05859375
0 0.64765625 0.71875 0.06171875 0.0296875
0 0.4734375 0.68359375 0.075 0.03515625
0 0.55234375 0.721875 0.075 0.03671875
0 0.47265625 0.7234375 0.078125 0.034375
0 0.378125 0.71796875 0.06953125 0.03984375
0 0.3015625 0.71796875 0.07890625 0.04140625
0 0.3859375 0.68046875 0.0765625 0.02890625
0 0.30234375 0.68046875 0.07578125 0.01875
0 0.2078125 0.71875 0.084375 0.03828125
0 0.084375 0.5046875 0.0453125 0.0625
0 0.18671875 0.509375 0.04296875 0.059375
0 0.5578125 0.68125 0.07578125 0.03046875
0 0.025 0.5078125 0.04609375 0.06640625
0 0.0328125 0.634375 0.0609375 0.040625
0 0.02421875 0.58671875 0.04375 0.04375
0 0.909375 0.51875 0.05 0.05390625
0 0.8609375 0.515625 0.0359375 0.0546875
0 0.8140625 0.5109375 0.04375 0.06328125
0 0.77421875 0.50859375 0.025 0.05546875
0 0.73828125 0.51328125 0.04140625 0.0578125
0 0.6953125 0.5203125 0.03046875 0.04453125
0 0.65703125 0.50703125 0.03671875 0.06796875
0 0.87109375 0.60703125 0.0390625 0.06015625
0 0.80859375 0.603125 0.03203125 0.059375
0 0.765625 0.603125 0.03671875 0.05625
0 0.72734375 0.60078125 0.01953125 0.0578125
0 0.684375 0.61875 0.0609375 0.02734375
0 0.6 0.6125 0.0828125 0.03828125
0 0.53203125 0.603125 0.03828125 0.05390625
0 0.5 0.61171875 0.01796875 0.0421875
0 0.47578125 0.6046875 0.01875 0.0515625
0 0.37890625 0.603125 0.03515625 0.06171875
0 0.3453125 0.6 0.02578125 0.0625
0 0.3078125 0.6015625 0.03359375 0.06328125
0 0.20859375 0.61484375 0.0734375 0.0328125
0 0.2171875 0.57578125 0.0796875 0.03515625
0 0.1203125 0.58046875 0.090625 0.0328125
0 0.1171875 0.61640625 0.09375 0.034375
0 0.28671875 0.51328125 0.040625 0.059375
0 0.3375 0.51328125 0.03671875 0.05703125
0 0.13671875 0.5109375 0.04375 0.05859375
0 0.9640625 0.41953125 0.05703125 0.0578125
0 0.9609375 0.5171875 0.04140625 0.053125
0 0.4640625 0.2171875 0.03828125 0.06171875
0 0.409375 0.2140625 0.04765625 0.06015625
0 0.35625 0.215625 0.04765625 0.06328125
0 0.3015625 0.2296875 0.0484375 0.02890625
0 0.08515625 0.21328125 0.04765625 0.06328125
0 0.1390625 0.2109375 0.0484375 0.06171875
0 0.19609375 0.21328125 0.04921875 0.0609375
0 0.5078125 0.4203125 0.046875 0.05625
0 0.4515625 0.41953125 0.04921875 0.059375
0 0.3984375 0.41171875 0.0484375 0.071875
0 0.3296875 0.4265625 0.0734375 0.03515625
0 0.1609375 0.409375 0.05703125 0.06484375
0 0.2109375 0.41015625 0.034375 0.0671875
0 0.253125 0.41015625 0.03984375 0.0671875
0 0.053125 0.3765625 0.05 0.10390625
0 0.10859375 0.434375 0.040625 0.02109375
0 0.10859375 0.4140625 0.04453125 0.01640625
0 0.090625 0.29375 0.0703125 0.01640625
0 0.17890625 0.3296875 0.08984375 0.03203125
0 0.6140625 0.5140625 0.0296875 0.0546875
0 0.384375 0.5140625 0.0375 0.05703125
0 0.42578125 0.51015625 0.03828125 0.0578125
0 0.57109375 0.23359375 0.04609375 0.034375
0 0.5703125 0.196875 0.053125 0.0265625
0 0.51015625 0.22578125 0.03046875 0.04140625
0 0.78515625 0.21484375 0.05234375 0.0640625
0 0.9046875 0.41953125 0.0484375 0.0578125
0 0.8484375 0.4171875 0.04140625 0.06484375
0 0.79375 0.41875 0.046875 0.0546875
0 0.7359375 0.425 0.03671875 0.0484375
0 0.690625 0.4171875 0.04765625 0.06015625
0 0.64296875 0.41875 0.03984375 0.05703125
0 0.603125 0.42421875 0.03046875 0.04765625
0 0.71015625 0.2234375 0.090625 0.04375
0 0.25078125 0.3171875 0.0390625 0.0609375
0 0.30078125 0.31953125 0.0421875 0.06015625
0 0.45078125 0.315625 0.046875 0.06796875
0 0.565625 0.4234375 0.0359375 0.0484375
0 0.67734375 0.31953125 0.03828125 0.053125
0 0.7203125 0.31875 0.03671875 0.05859375
0 0.7703125 0.31875 0.04375 0.059375
0 0.8296875 0.31953125 0.04375 0.0625
0 0.884375 0.31953125 0.046875 0.06015625
0 0.9390625 0.31953125 0.046875 0.05859375
0 0.98046875 0.32578125 0.0234375 0.05
0 0.96953125 0.22890625 0.0609375 0.0359375
0 0.921875 0.2203125 0.025 0.0515625
0 0.6171875 0.3203125 0.05 0.06171875
0 0.890625 0.215625 0.02421875 0.0546875
0 0.83984375 0.21328125 0.04140625 0.05859375