0 0.9234375 0.4640625 0.03671875 0.0890625
0 0.965625 0.8328125 0.06875 0.0328125
0 0.88828125 0.46171875 0.028125 0.09765625
0 0.84765625 0.46796875 0.04921875 0.084375
0 0.80234375 0.46484375 0.0390625 0.090625
0 0.7578125 0.465625 0.03046875 0.0875
0 0.715625 0.465625 0.0515625 0.08515625
0 0.659375 0.44609375 0.05078125 0.121875
0 0.9625 0.46328125 0.03828125 0.08984375
0 0.61953125 0.45234375 0.02578125 0.10390625
0 0.5453125 0.44921875 0.03828125 0.11640625
0 0.50390625 0.4546875 0.04140625 0.1109375
0 0.35390625 0.4140625 0.0828125 0.04296875
0 0.35703125 0.47109375 0.06875 0.07109375
0 0.265625 0.44921875 0.0875 0.115625
0 0.19765625 0.446875 0.03984375 0.1203125
0 0.5859375 0.44921875 0.04296875 0.11796875
0 0.15703125 0.44609375 0.04140625 0.11953125
0 0.02109375 0.58359375 0.0421875 0.0828125
0 0.1359375 0.578125 0.028125 0.0734375
0 0.7390625 0.5984375 0.04140625 0.09375
0 0.69296875 0.60234375 0.028125 0.05
0 0.63515625 0.59453125 0.05234375 0.109375
0 0.58828125 0.596875 0.03671875 0.10234375
0 0.5546875 0.61015625 0.03203125 0.07578125
0 0.51640625 0.61328125 0.0390625 0.07890625
0 0.07890625 0.584375 0.065625 0.08125
0 0.478125 0.6015625 0.034375 0.08359375
0 0.4046875 0.6078125 0.03515625 0.08046875
0 0.36640625 0.6046875 0.03828125 0.0890625
0 0.3203125 0.60703125 0.0390625 0.08828125
0 0.2734375 0.60234375 0.0421875 0.09765625
0 0.228125 0.615625 0.04375 0.07734375
0 0.17734375 0.59765625 0.0546875 0.1140625
0 0.44375 0.603125 0.02890625 0.084375
0 0.11875 0.459375 0.0328125 0.08828125
0 0.07421875 0.459375 0.05078125 0.0875
0 0.02265625 0.4625 0.0453125 0.08359375
0 0.06171875 0.32421875 0.06484375 0.0890625
0 0.97734375 0.14609375 0.04375 0.09140625
0 0.93828125 0.14453125 0.03203125 0.09375
0 0.90078125 0.134375 0.03515625 0.1078125
0 0.8265625 0.11640625 0.10234375 0.14609375
0 0.74296875 0.13125 0.06015625 0.10546875
0 0.1109375 0.32265625 0.0328125 0.0921875
0 0.67890625 0.12890625 0.06640625 0.10234375
0 0.53359375 0.13203125 0.0921875 0.0890625
0 0.43984375 0.1078125 0.09453125 0.1375
0 0.31015625 0.0984375 0.15234375 0.13359375
0 0.1890625 0.10625 0.08671875 0.1203125
0 0.103125 0.1046875 0.0859375 0.1171875
0 0.028125 0.10546875 0.05625 0.115625
0 0.61640625 0.1296875 0.05859375 0.1015625
0 0.16484375 0.29765625 0.06640625 0.0953125
0 0.2234375 0.29609375 0.04921875 0.1015625
0 0.26953125 0.29609375 0.040625 0.103125
0 0.97578125 0.32890625 0.040625 0.0671875
0 0.9375 0.3203125 0.034375 0.0828125
0 0.88203125 0.29921875 0.07109375 0.04453125
0 0.88125 0.3390625 0.07109375 0.03671875
0 0.809375 0.32265625 0.06796875 0.06953125
0 0.7328125 0.3125 0.08359375 0.08828125
0 0.659375 0.334375 0.04375 0.0484375
0 0.603125 0.2765625 0.06484375 0.165625
0 0.55546875 0.30625 0.021875 0.09375
0 0.51875 0.3046875 0.046875 0.0953125
0 0.475 0.30078125 0.03828125 0.09921875
0 0.43359375 0.3078125 0.03828125 0.0890625
0 0.3875 0.30625 0.04296875 0.090625
0 0.3421875 0.3046875 0.04296875 0.08828125
0 0.30390625 0.30625 0.02734375 0.08515625
0 0.77734375 0.5953125 0.028125 0.10390625
0 0.8125 0.5953125 0.040625 0.10859375
0 0.44140625 0.45078125 0.084375 0.115625
0 0.87734375 0.6015625 0.02421875 0.0859375
0 0.45078125 0.9375 0.08203125 0.0359375
0 0.5234375 0.921875 0.05859375 0.06875
0 0.58984375 0.9203125 0.06875 0.06015625
0 0.690625 0.85 0.08203125 0.0171875
0 0.76796875 0.84609375 0.07109375 0.0265625
0 0.66796875 0.8765625 0.0796875 0.0125
0 0.365625 0.95 0.0703125 0.01015625
0 0.753125 0.87265625 0.08359375 0.015625
0 0.66875 0.903125 0.090625 0.01015625
0 0.6703125 0.928125 0.084375 0.01640625
0 0.7609375 0.9328125 0.084375 0.02421875
0 0.7609375 0.91171875 0.07578125 0.015625
0 0.75625 0.89140625 0.07734375 0.0171875
0 0.9171875 0.89453125 0.0734375 0.0875
0 0.67109375 0.890625 0.0859375 0.0125
0 0.3640625 0.9359375 0.0765625 0.01171875
0 0.3671875 0.91875 0.07265625 0.01015625
0 0.3671875 0.89296875 0.06796875 0.0125
0 0.0578125 0.871875 0.0609375 0.15390625
0 0.12578125 0.878125 0.07421875 0.15078125
0 0.20703125 0.8578125 0.08046875 0.015625
0 0.2078125 0.875 0.07421875 0.0109375
0 0.2109375 0.89765625 0.07890625 0.02421875
0 0.2140625 0.921875 0.0828125 0.015625
0 0.21328125 0.9375 0.084375 0.0171875
0 0.2109375 0.953125 0.08203125 0.009375
0 0.846875 0.59375 0.02734375 0.1078125
0 0.2921875 0.87265625 0.07890625 0.01953125
0 0.2921875 0.8921875 0.0765625 0.01328125
0 0.2921875 0.9078125 0.0765625 0.0109375
0 0.29375 0.92109375 0.0734375 0.01171875
0 0.29140625 0.93359375 0.07109375 0.0109375
0 0.28984375 0.94609375 0.06953125 0.0140625
0 0.95703125 0.76640625 0.07578125 0.02578125
0 0.95625 0.7421875 0.07421875 0.01875
0 0.8453125 0.89375 0.065625 0.08984375
0 0.94765625 0.71328125 0.06640625 0.009375
0 0.74921875 0.6828125 0.07109375 0.00859375
0 0.67734375 0.778125 0.07578125 0.015625
0 0.940625 0.72421875 0.059375 0.01015625
0 0.6734375 0.75078125 0.075 0.0078125
0 0.67734375 0.73828125 0.07265625 0.0125
0 0.6828125 0.71953125 0.065625 0.01953125
0 0.59140625 0.7359375 0.09609375 0.11015625
0 0.7578125 0.69609375 0.06640625 0.0125
0 0.484375 0.7375 0.1125 0.1078125
0 0.28359375 0.740625 0.08125 0.1078125
0 0.203125 0.74140625 0.06953125 0.1109375
0 0.1453125 0.7265625 0.03046875 0.11640625
0 0.096875 0.72421875 0.06171875 0.12109375
0 0.03203125 0.69609375 0.0640625 0.0640625
0 0.9484375 0.6 0.0609375 0.08671875
0 0.903125 0.5921875 0.02421875 0.10625
0 0.37421875 0.7390625 0.1 0.11328125
0 0.75234375 0.7078125 0.06953125 0.00859375
0 0.675 0.7625 0.06875 0.01328125
0 0.74921875 0.73515625 0.06640625 0.01171875
0 0.74921875 0.7515625 0.0671875 0.0125
0 0.74921875 0.7640625 0.06484375 0.0125
0 0.74921875 0.78125 0.0640625 0.01640625
0 0.82734375 0.69140625 0.0640625 0.0140625
0 0.82734375 0.7109375 0.065625 0.0140625
0 0.82734375 0.72578125 0.06484375 0.01640625
0 0.8171875 0.746875 0.06640625 0.01640625
0 0.8171875 0.7625 0.06875 0.01328125
0 0.81796875 0.778125 0.06796875 0.015625
0 0.884375 0.74609375 0.04921875 0.06875
0 0.9171875 0.68671875 0.0421875 0.015625
0 0.75 0.72109375 0.065625 0.0140625
0 0.9390625 0.7 0.0609375 0.01015625