0 0.08125 0.1703125 0.0203125 0.07421875
0 0.04375 0.18125 0.01796875 0.06640625
0 0.21953125 0.2546875 0.03203125 0.02265625
0 0.4609375 0.2171875 0.06796875 0.0203125
0 0.06484375 0.30625 0.01484375 0.03359375
0 0.17578125 0.31328125 0.01796875 0.04453125
0 0.1921875 0.315625 0.0125 0.04296875
0 0.45625 0.7078125 0.03203125 0.0359375
0 0.45625 0.75390625 0.028125 0.05
0 0.45078125 0.66640625 0.02578125 0.03046875
0 0.425 0.6890625 0.0234375 0.02421875
0 0.425 0.734375 0.0203125 0.0390625
0 0.29765625 0.33046875 0.01484375 0.03828125
0 0.28046875 0.31796875 0.015625 0.05546875
0 0.2625 0.31796875 0.0171875 0.05546875
0 0.26953125 0.62578125 0.0203125 0.0296875
0 0.275 0.6640625 0.01953125 0.03203125
0 0.296875 0.596875 0.02890625 0.03515625
0 0.303125 0.63515625 0.028125 0.02890625
0 0.303125 0.6734375 0.02578125 0.04375
0 0.33125 0.60703125 0.0203125 0.0328125
0 0.2125 0.315625 0.021875 0.04921875
0 0.3328125 0.64765625 0.0203125 0.03671875
0 0.33203125 0.6828125 0.01953125 0.02890625
0 0.35234375 0.57265625 0.028125 0.03046875
0 0.35859375 0.7 0.02578125 0.04375
0 0.36015625 0.65703125 0.02421875 0.03671875
0 0.35859375 0.6203125 0.02421875 0.0296875
0 0.39609375 0.71875 0.028125 0.0390625
0 0.39296875 0.6765625 0.02890625 0.03671875
0 0.38671875 0.6375 0.0203125 0.0328125
0 0.38125 0.590625 0.0203125 0.028125
0 0.4078125 0.60390625 0.0234375 0.03203125
0 0.4390625 0.621875 0.0296875 0.04453125
0 0.0640625 0.2625 0.01328125 0.03515625
0 0.8984375 0.509375 0.06484375 0.05546875
0 0.91015625 0.19453125 0.0265625 0.04375
0 0.5390625 0.80078125 0.0359375 0.0546875
0 0.13671875 0.3078125 0.0125 0.04296875
0 0.1453125 0.26171875 0.0109375 0.04765625
0 0.13125 0.26015625 0.015625 0.046875
0 0.190625 0.2671875 0.0203125 0.046875
0 0.16953125 0.26640625 0.0203125 0.0453125
0 0.31015625 0.23125 0.040625 0.01328125
0 0.46875 0.2453125 0.0765625 0.02734375
0 0.40390625 0.25078125 0.04296875 0.02265625
0 0.5390625 0.75078125 0.0328125 0.04375
0 0.36015625 0.25234375 0.0375 0.0265625
0 0.275 0.2546875 0.04296875 0.0171875
0 0.84921875 0.053125 0.0796875 0.10625
0 0.7625 0.0578125 0.08671875 0.115625
0 0.60234375 0.06953125 0.06328125 0.1359375
0 0.546875 0.07265625 0.03984375 0.1421875
0 0.49921875 0.7765625 0.034375 0.05234375
0 0.49453125 0.7296875 0.0328125 0.03359375
0 0.48828125 0.68359375 0.02890625 0.04140625
0 0.484375 0.63359375 0.0359375 0.0453125
0 0.31875 0.253125 0.03828125 0.02421875
0 0.31640625 0.33046875 0.01875 0.04296875
0 0.534375 0.7015625 0.034375 0.0484375
0 0.53515625 0.65078125 0.03671875 0.0484375
0 0.95 0.19375 0.0328125 0.04765625
0 0.8953125 0.94453125 0.1734375 0.04921875
0 0.90234375 0.878125 0.17421875 0.04921875
0 0.9 0.80859375 0.1734375 0.04921875
0 0.7421875 0.86875 0.12734375 0.03828125
0 0.74296875 0.81640625 0.12734375 0.03828125
0 0.74921875 0.7421875 0.13125 0.04609375
0 0.73125 0.93359375 0.1171875 0.04453125
0 0.63671875 0.74140625 0.028125 0.0484375
0 0.63359375 0.79453125 0.03046875 0.04765625
0 0.159375 0.15703125 0.0421875 0.0859375
0 0.2109375 0.14453125 0.03828125 0.09921875
0 0.25 0.13828125 0.034375 0.09765625
0 0.30703125 0.121875 0.05234375 0.10859375
0 0.3625 0.10859375 0.05078125 0.11953125
0 0.41171875 0.1078125 0.04375 0.1125
0 0.459375 0.0890625 0.0421875 0.140625
0 0.5015625 0.07890625 0.0390625 0.14609375
0 0.6296875 0.84921875 0.03671875 0.046875
0 0.5828125 0.7734375 0.046875 0.0515625
0 0.5859375 0.8296875 0.03828125 0.05703125
0 0.73671875 0.54921875 0.09375 0.0375
0 0.35546875 0.33359375 0.01796875 0.0421875
0 0.4703125 0.53046875 0.0328125 0.05234375
0 0.3984375 0.33984375 0.01640625 0.040625
0 0.6109375 0.57578125 0.0546875 0.06875
0 0.43359375 0.46484375 0.034375 0.0421875
0 0.46953125 0.478125 0.028125 0.0484375
0 0.50859375 0.4859375 0.04140625 0.04921875
0 0.553125 0.49765625 0.04140625 0.05234375
0 0.60625 0.51171875 0.05078125 0.05703125
0 0.77265625 0.6140625 0.06953125 0.08203125
0 0.86640625 0.64453125 0.0765625 0.0890625
0 0.2015625 0.54609375 0.01328125 0.0265625
0 0.55390625 0.55546875 0.046875 0.059375
0 0.23515625 0.53125 0.0203125 0.025
0 0.8046875 0.2421875 0.034375 0.065625
0 0.7453125 0.2421875 0.0421875 0.065625
0 0.7046875 0.24140625 0.03359375 0.065625
0 0.26484375 0.55390625 0.02734375 0.0390625
0 0.23515625 0.56328125 0.02109375 0.02890625
0 0.21875 0.590625 0.01484375 0.02265625
0 0.2171875 0.62265625 0.0125 0.02890625
0 0.24296875 0.63203125 0.0171875 0.028125
0 0.2390625 0.59765625 0.0171875 0.02734375
0 0.84453125 0.23828125 0.03984375 0.07109375
0 0.64375 0.25390625 0.02421875 0.04375
0 0.02734375 0.3703125 0.0203125 0.0265625
0 0.0078125 0.3921875 0.015625 0.025
0 0.43515625 0.5171875 0.03203125 0.0515625
0 0.3984375 0.51015625 0.03203125 0.0484375
0 0.39765625 0.46015625 0.03046875 0.04765625
0 0.36171875 0.45234375 0.02421875 0.04296875
0 0.36015625 0.49765625 0.02890625 0.04453125
0 0.33203125 0.4875 0.0234375 0.04140625
0 0.30703125 0.48125 0.01875 0.03828125
0 0.28046875 0.47578125 0.01875 0.040625
0 0.25859375 0.4671875 0.01796875 0.03203125
0 0.2390625 0.459375 0.0140625 0.03046875
0 0.30625 0.43828125 0.0234375 0.03828125
0 0.278125 0.4328125 0.01953125 0.0375
0 0.2578125 0.428125 0.01953125 0.03515625
0 0.2328125 0.41875 0.01640625 0.028125
0 0.21953125 0.453125 0.01640625 0.03671875
0 0.20078125 0.446875 0.01328125 0.034375
0 0.18046875 0.440625 0.01484375 0.03125
0 0.1609375 0.43671875 0.01484375 0.02890625
0 0.1625 0.403125 0.02578125 0.03203125
0 0.0578125 0.39140625 0.03203125 0.06015625
0 0.03046875 0.4 0.01875 0.02109375
0 0.21484375 0.51953125 0.01796875 0.02109375
0 0.3765625 0.33828125 0.01953125 0.03671875
0 0.9546875 0.67578125 0.090625 0.0984375
0 0.10546875 0.3875 0.03046875 0.0328125
0 0.7484375 0.365625 0.03671875 0.06015625
0 0.7078125 0.36640625 0.03203125 0.0609375
0 0.60859375 0.35625 0.0328125 0.05234375
0 0.5765625 0.35390625 0.01640625 0.0515625
0 0.55546875 0.35234375 0.02265625 0.0484375
0 0.6421875 0.3046875 0.0234375 0.05078125
0 0.61953125 0.303125 0.0171875 0.04921875
0 0.596875 0.3015625 0.02265625 0.04765625
0 0.56640625 0.30234375 0.03046875 0.0484375
0 0.79140625 0.36953125 0.03828125 0.06171875
0 0.49921875 0.29921875 0.021875 0.04140625
0 0.45 0.2984375 0.01640625 0.04296875
0 0.50703125 0.346875 0.02578125 0.04765625
0 0.48125 0.34609375 0.01640625 0.04453125
0 0.425 0.296875 0.0203125 0.04375
0 0.3984375 0.29453125 0.02109375 0.0453125
0 0.3765625 0.29609375 0.01875 0.0421875
0 0.4578125 0.34375 0.0234375 0.0421875
0 0.43671875 0.34296875 0.015625 0.040625
0 0.41875 0.340625 0.01484375 0.03828125
0 0.4734375 0.29765625 0.02421875 0.04140625
0 0.83671875 0.371875 0.040625 0.0640625
0 0.709375 0.30546875 0.03515625 0.0578125
0 0.75234375 0.30546875 0.04375 0.05703125
0 0.053125 0.525 0.02578125 0.0546875
0 0.05078125 0.47109375 0.0296875 0.04609375
0 0.11171875 0.56484375 0.01953125 0.03125
0 0.0953125 0.47734375 0.021875 0.02421875
0 0.09296875 0.50546875 0.0171875 0.025
0 0.09765625 0.5328125 0.021875 0.01953125
0 0.1640625 0.58984375 0.0203125 0.02734375
0 0.159375 0.5609375 0.01875 0.02421875
0 0.15859375 0.53203125 0.02109375 0.0265625
0 0.15703125 0.49921875 0.025 0.03046875
0 0.18515625 0.59921875 0.0125 0.025
0 0.184375 0.56796875 0.01484375 0.0265625
0 0.184375 0.5359375 0.01484375 0.028125
0 0.184375 0.51015625 0.01953125 0.01953125
0 0.2015625 0.609375 0.01484375 0.02734375
0 0.2015625 0.578125 0.015625 0.02421875
0 0.265625 0.5921875 0.0203125 0.03203125
0 0.9703125 0.34296875 0.059375 0.1578125
0 0.9046875 0.33828125 0.065625 0.13984375
0 0.51015625 0.5421875 0.03671875 0.05859375
0 0.7984375 0.30703125 0.0375 0.0609375
0 0.10859375 0.421875 0.0296875 0.03125
0 0.84140625 0.3078125 0.03828125 0.059375
0 0.9390625 0.04921875 0.10078125 0.09765625