0 0.41015625 0.28828125 0.02265625 0.096875
0 0.378125 0.28046875 0.03984375 0.109375
0 0.47265625 0.29140625 0.02109375 0.0890625
0 0.5078125 0.28828125 0.03203125 0.096875
0 0.53515625 0.290625 0.0234375 0.0921875
0 0.3375 0.278125 0.03984375 0.1140625
0 0.5578125 0.29609375 0.02265625 0.084375
0 0.5828125 0.29765625 0.025 0.0796875
0 0.6046875 0.2984375 0.0140625 0.078125
0 0.45859375 0.659375 0.02578125 0.090625
0 0.48515625 0.6515625 0.02890625 0.090625
0 0.50859375 0.640625 0.01640625 0.08359375
0 0.43203125 0.6640625 0.028125 0.0984375
0 0.40546875 0.6765625 0.02109375 0.103125
0 0.434375 0.290625 0.02109375 0.09375
0 0.35 0.69609375 0.03515625 0.1046875
0 0.3921875 0.55234375 0.03828125 0.1
0 0.284375 0.72421875 0.0390625 0.11015625
0 0.440625 0.54296875 0.0296875 0.084375
0 0.465625 0.5421875 0.02109375 0.0703125
0 0.4921875 0.540625 0.02109375 0.06328125
0 0.5109375 0.5265625 0.01640625 0.0890625
0 0.5328125 0.5171875 0.0234375 0.0890625
0 0.55234375 0.5125 0.01484375 0.08125
0 0.56875 0.5125 0.01796875 0.0796875
0 0.31953125 0.71171875 0.028125 0.10703125
0 0.58671875 0.50859375 0.01640625 0.06953125
0 0.0921875 0.7953125 0.05234375 0.1375
0 0.1625 0.76796875 0.04921875 0.11796875
0 0.31796875 0.5703125 0.0296875 0.10625
0 0.52734375 0.6359375 0.0203125 0.07734375
0 0.35390625 0.56015625 0.0375 0.103125
0 0.20859375 0.75 0.040625 0.11328125
0 0.2484375 0.734375 0.03359375 0.1140625
0 0.0375 0.8125 0.05 0.13125
0 0.5453125 0.63046875 0.01328125 0.075
0 0.45 0.79921875 0.02734375 0.0953125
0 0.5796875 0.6140625 0.01484375 0.071875
0 0.215625 0.4265625 0.03671875 0.11640625
0 0.33046875 0.43828125 0.025 0.075
0 0.36640625 0.4171875 0.03828125 0.10625
0 0.40703125 0.41328125 0.034375 0.1015625
0 0.43515625 0.4171875 0.01796875 0.0875
0 0.45390625 0.4140625 0.02109375 0.084375
0 0.47265625 0.4125 0.01796875 0.084375
0 0.4921875 0.4125 0.01796875 0.07734375
0 0.51875 0.4015625 0.02421875 0.08828125
0 0.54453125 0.4 0.0203125 0.08671875
0 0.021875 0.6421875 0.04375 0.128125
0 0.61015625 0.4015625 0.0125 0.07109375
0 0.5953125 0.403125 0.01640625 0.071875
0 0.56484375 0.4046875 0.01484375 0.07578125
0 0.57890625 0.40390625 0.01328125 0.0734375
0 0.17109375 0.4359375 0.04140625 0.125
0 0.12734375 0.44296875 0.03671875 0.1265625
0 0.08828125 0.44453125 0.040625 0.125
0 0.0390625 0.44765625 0.04453125 0.125
0 0.13828125 0.94765625 0.0515625 0.1046875
0 0.184375 0.940625 0.03828125 0.1140625
0 0.22265625 0.9234375 0.03359375 0.1265625
0 0.2609375 0.8984375 0.0390625 0.1125
0 0.3015625 0.87734375 0.03515625 0.1109375
0 0.33671875 0.86015625 0.03203125 0.10859375
0 0.3640625 0.85078125 0.02421875 0.096875
0 0.5625 0.621875 0.01875 0.0765625
0 0.3890625 0.8515625 0.01953125 0.04375
0 0.2796875 0.57734375 0.04140625 0.1125
0 0.47734375 0.7859375 0.021875 0.0890625
0 0.5 0.771875 0.025 0.09375
0 0.52421875 0.7609375 0.021875 0.08203125
0 0.55234375 0.74453125 0.01953125 0.0765625
0 0.571875 0.728125 0.01953125 0.0796875
0 0.59296875 0.7171875 0.01953125 0.08046875
0 0.4171875 0.81796875 0.03359375 0.1
0 0.1609375 0.58359375 0.03359375 0.10234375
0 0.38203125 0.68515625 0.02578125 0.1015625
0 0.07109375 0.6328125 0.04375 0.1265625
0 0.07890625 0.0671875 0.04765625 0.13046875
0 0.1171875 0.10625 0.0265625 0.07265625
0 0.14140625 0.10625 0.02421875 0.0703125
0 0.178125 0.1 0.03515625 0.1015625
0 0.20703125 0.10546875 0.021875 0.096875
0 0.2375 0.084375 0.02578125 0.146875
0 0.26484375 0.08671875 0.02890625 0.1546875
0 0.29609375 0.10546875 0.02890625 0.11640625
0 0.321875 0.1125 0.02578125 0.1296875
0 0.34609375 0.13203125 0.02265625 0.0890625
0 0.3734375 0.1375 0.03046875 0.1
0 0.11953125 0.6171875 0.04765625 0.13125
0 0.43828125 0.14375 0.01953125 0.096875
0 0.41953125 0.146875 0.0203125 0.090625
0 0.4 0.1359375 0.01953125 0.103125
0 0.03125 0.0640625 0.0453125 0.12421875
0 0.45390625 0.14296875 0.01328125 0.10625
0 0.1671875 0.2734375 0.0375 0.11796875
0 0.49296875 0.15390625 0.01953125 0.09765625
0 0.24140625 0.26953125 0.03046875 0.115625
0 0.20546875 0.275 0.034375 0.1109375
0 0.1296875 0.275 0.03828125 0.1203125
0 0.0875 0.2703125 0.04296875 0.1296875
0 0.03984375 0.26796875 0.0453125 0.1328125
0 0.63046875 0.18359375 0.01328125 0.08125
0 0.6171875 0.1796875 0.01328125 0.07734375
0 0.60078125 0.17734375 0.01796875 0.084375
0 0.55234375 0.1671875 0.01953125 0.0859375
0 0.534375 0.16875 0.01796875 0.08359375
0 0.26953125 0.2734375 0.02734375 0.1140625
0 0.57890625 0.175 0.0171875 0.08515625
0 0.29921875 0.278125 0.02734375 0.11796875
0 0.46953125 0.1359375 0.01953125 0.1234375