0 0.71015625 0.87265625 0.1171875 0.015625
0 0.4546875 0.80703125 0.109375 0.0171875
0 0.44921875 0.78671875 0.10625 0.01640625
0 0.4453125 0.7671875 0.1078125 0.021875
0 0.57109375 0.80390625 0.1140625 0.01953125
0 0.571875 0.784375 0.1109375 0.01796875
0 0.57265625 0.765625 0.109375 0.015625
0 0.696875 0.815625 0.12890625 0.01875
0 0.46328125 0.1453125 0.090625 0.0140625
0 0.45546875 0.178125 0.12421875 0.01953125
0 0.45703125 0.159375 0.11015625 0.01328125
0 0.3328125 0.7609375 0.1140625 0.01796875
0 0.5765625 0.125 0.12578125 0.01796875
0 0.58203125 0.16640625 0.12265625 0.01953125
0 0.709375 0.1359375 0.12421875 0.01953125
0 0.709375 0.15859375 0.1203125 0.01796875
0 0.95 0.134375 0.1 0.025
0 0.8375 0.14609375 0.125 0.025
0 0.125 0.26796875 0.1171875 0.01953125
0 0.1328125 0.29140625 0.1109375 0.0203125
0 0.24453125 0.24296875 0.12421875 0.02109375
0 0.25078125 0.26484375 0.1125 0.01796875
0 0.2515625 0.28671875 0.11953125 0.02421875
0 0.38046875 0.27734375 0.128125 0.0265625
0 0.51796875 0.24921875 0.128125 0.02109375
0 0.57734375 0.1453125 0.12734375 0.0171875
0 0.33359375 0.18515625 0.10859375 0.01875
0 0.3359375 0.16484375 0.1078125 0.01875
0 0.32734375 0.1421875 0.11484375 0.02421875
0 0.97109375 0.90703125 0.0578125 0.01875
0 0.9671875 0.88515625 0.065625 0.0171875
0 0.965625 0.8671875 0.06875 0.0171875
0 0.7125 0.89296875 0.1171875 0.0171875
0 0.58515625 0.86015625 0.12109375 0.02734375
0 0.4578125 0.88359375 0.128125 0.021875
0 0.4515625 0.8578125 0.1203125 0.02578125
0 0.3328125 0.875 0.11875 0.01796875
0 0.33046875 0.85546875 0.11484375 0.01640625
0 0.3234375 0.83671875 0.1125 0.015625
0 0.221875 0.87265625 0.09609375 0.01484375
0 0.21953125 0.85546875 0.0953125 0.0140625
0 0.2125 0.8375 0.09453125 0.01796875
0 0.2234375 0.79375 0.10234375 0.01875
0 0.2203125 0.775 0.1046875 0.01484375
0 0.21796875 0.75859375 0.1046875 0.01640625
0 0.33828125 0.8 0.1125 0.01953125
0 0.334375 0.7796875 0.1140625 0.0140625
0 0.140625 0.06328125 0.2171875 0.1015625
0 0.3328125 0.053125 0.14453125 0.10234375
0 0.50703125 0.0453125 0.16953125 0.08359375
0 0.6859375 0.03671875 0.16875 0.07265625
0 0.875 0.03046875 0.20390625 0.0515625
0 0.11875 0.15703125 0.11015625 0.01875
0 0.1078125 0.1796875 0.1125 0.02109375
0 0.10703125 0.2046875 0.10234375 0.01953125
0 0.22421875 0.19140625 0.1046875 0.02421875
0 0.7109375 0.85390625 0.11875 0.01640625
0 0.86953125 0.9015625 0.12578125 0.02109375
0 0.58515625 0.89140625 0.12578125 0.01953125
0 0.696875 0.70625 0.10859375 0.0171875
0 0.43125 0.4796875 0.13515625 0.01953125
0 0.4265625 0.453125 0.13515625 0.0234375
0 0.56640625 0.428125 0.1359375 0.01796875
0 0.71484375 0.42578125 0.13046875 0.01875
0 0.7140625 0.45703125 0.12890625 0.02109375
0 0.71484375 0.478125 0.1296875 0.015625
0 0.56796875 0.45 0.13828125 0.021875
0 0.57265625 0.4765625 0.1390625 0.02265625
0 0.86640625 0.41796875 0.1546875 0.0171875
0 0.97578125 0.41484375 0.0484375 0.0203125
0 0.97578125 0.4421875 0.0484375 0.021875
0 0.97578125 0.465625 0.0484375 0.021875
0 0.865625 0.44140625 0.14921875 0.025
0 0.86640625 0.4703125 0.15078125 0.02734375
0 0.97265625 0.50859375 0.05390625 0.01328125
0 0.97265625 0.53203125 0.05390625 0.0265625
0 0.97109375 0.5578125 0.0578125 0.01953125
0 0.578125 0.56328125 0.11171875 0.02421875
0 0.5890625 0.53125 0.10625 0.02421875
0 0.71171875 0.5640625 0.12890625 0.01953125
0 0.71328125 0.540625 0.13203125 0.02109375
0 0.7125 0.51953125 0.1296875 0.01953125
0 0.85859375 0.64921875 0.11796875 0.0203125
0 0.29609375 0.48125 0.12734375 0.02109375
0 0.85859375 0.62734375 0.12109375 0.01875
0 0.865625 0.559375 0.14453125 0.0234375
0 0.86875 0.53515625 0.14609375 0.02421875
0 0.86953125 0.51328125 0.15078125 0.0171875
0 0.9625 0.65390625 0.075 0.01875
0 0.9625 0.6328125 0.075 0.01875
0 0.9625 0.6109375 0.071875 0.02109375
0 0.6515625 0.21640625 0.13671875 0.01953125
0 0.165625 0.48359375 0.1234375 0.02265625
0 0.42578125 0.43203125 0.13984375 0.015625
0 0.28984375 0.45703125 0.128125 0.0234375
0 0.98125 0.32890625 0.0375 0.0984375
0 0.978125 0.21328125 0.03828125 0.08203125
0 0.9359375 0.215625 0.0359375 0.084375
0 0.89453125 0.21875 0.0421875 0.0796875
0 0.85078125 0.22265625 0.04140625 0.078125
0 0.803125 0.22578125 0.040625 0.078125
0 0.9171875 0.33046875 0.08359375 0.10078125
0 0.65234375 0.26640625 0.1265625 0.02265625
0 0.73515625 0.26015625 0.02109375 0.0234375
0 0.7640625 0.25703125 0.02734375 0.02421875
0 0.7640625 0.23203125 0.02734375 0.01953125
0 0.73359375 0.2359375 0.02265625 0.01953125
0 0.7328125 0.2109375 0.01953125 0.021875
0 0.7609375 0.20859375 0.02890625 0.0234375
0 0.65234375 0.23984375 0.12890625 0.0234375
0 0.4515625 0.53828125 0.1328125 0.021875
0 0.82578125 0.334375 0.08203125 0.0984375
0 0.29609375 0.34921875 0.0921875 0.015625
0 0.16015625 0.45625 0.121875 0.021875
0 0.690625 0.38125 0.15 0.02734375
0 0.6890625 0.35234375 0.15234375 0.025
0 0.68671875 0.3265625 0.159375 0.0203125
0 0.54765625 0.38984375 0.128125 0.02109375
0 0.5609375 0.3703125 0.08984375 0.0140625
0 0.15234375 0.35078125 0.10390625 0.02109375
0 0.55 0.353125 0.11015625 0.01875
0 0.4109375 0.365625 0.10859375 0.02734375
0 0.40390625 0.33984375 0.11484375 0.02109375
0 0.28515625 0.39453125 0.128125 0.02265625
0 0.2875 0.36875 0.121875 0.0203125
0 0.153125 0.4 0.115625 0.02265625
0 0.15078125 0.3734375 0.12109375 0.02421875
0 0.4125 0.39140625 0.11953125 0.0234375
0 0.44921875 0.5625 0.1359375 0.025
0 0.85546875 0.60546875 0.11953125 0.01953125
0 0.31328125 0.540625 0.1359375 0.0171875
0 0.68671875 0.6484375 0.1390625 0.02578125
0 0.56875 0.70625 0.121875 0.01875
0 0.57265625 0.7296875 0.12109375 0.02421875
0 0.709375 0.6875 0.07734375 0.0140625
0 0.7046875 0.73125 0.12109375 0.02265625
0 0.8703125 0.7078125 0.140625 0.02578125
0 0.975 0.709375 0.04921875 0.02265625
0 0.975 0.7359375 0.04921875 0.02421875
0 0.87109375 0.7359375 0.14609375 0.0234375
0 0.68515625 0.62421875 0.1359375 0.01953125
0 0.9828125 0.78046875 0.034375 0.01640625
0 0.9671875 0.81953125 0.065625 0.0234375
0 0.8640625 0.7921875 0.13203125 0.021875
0 0.86484375 0.815625 0.134375 0.0203125
0 0.69453125 0.77265625 0.12421875 0.01953125
0 0.7859375 0.77421875 0.0375 0.0125
0 0.31328125 0.52109375 0.13203125 0.0171875
0 0.78125 0.81875 0.03046875 0.01953125
0 0.69765625 0.79375 0.13046875 0.01953125
0 0.85390625 0.87421875 0.10859375 0.0265625
0 0.96875 0.8 0.0625 0.0171875
0 0.54296875 0.646875 0.1265625 0.021875
0 0.77890625 0.7953125 0.0265625 0.021875
0 0.68359375 0.603125 0.13671875 0.015625
0 0.5421875 0.6234375 0.12109375 0.0203125
0 0.3125 0.56328125 0.1265625 0.021875
0 0.18828125 0.51953125 0.09609375 0.0140625
0 0.1828125 0.540625 0.1203125 0.01953125
0 0.18359375 0.5640625 0.11796875 0.02265625
0 0.1828125 0.62265625 0.09921875 0.01953125
0 0.2921875 0.609375 0.1109375 0.01875
0 0.40859375 0.61875 0.1 0.021875
0 0.41328125 0.64609375 0.12109375 0.02421875
0 0.2921875 0.6296875 0.1015625 0.0171875
0 0.2953125 0.6484375 0.1046875 0.0171875
0 0.5203125 0.27109375 0.128125 0.02109375
0 0.19375 0.68359375 0.103125 0.015625
0 0.19765625 0.721875 0.103125 0.01796875
0 0.18671875 0.64453125 0.103125 0.01875
0 0.196875 0.70234375 0.1015625 0.0171875
0 0.30859375 0.72421875 0.11015625 0.01328125
0 0.30625 0.70546875 0.10546875 0.0171875
0 0.54140625 0.603125 0.128125 0.015625
0 0.42890625 0.725 0.121875 0.02109375
0 0.425 0.70234375 0.11875 0.0203125
0 0.42421875 0.684375 0.12578125 0.01171875
0 0.3015625 0.6859375 0.109375 0.01953125