0 0.446875 0.21875 0.0328125 0.07109375
0 0.39375 0.32109375 0.03671875 0.06171875
0 0.63125 0.51171875 0.0359375 0.075
0 0.59453125 0.50859375 0.0359375 0.08359375
0 0.50234375 0.50703125 0.0421875 0.08671875
0 0.45546875 0.50390625 0.03984375 0.08125
0 0.4203125 0.50390625 0.0328125 0.08515625
0 0.38515625 0.50234375 0.0359375 0.08125
0 0.3421875 0.49921875 0.04453125 0.08359375
0 0.30078125 0.4984375 0.02265625 0.08203125
0 0.26640625 0.5 0.03515625 0.08359375
0 0.22421875 0.50234375 0.0359375 0.08125
0 0.18828125 0.4984375 0.03359375 0.08828125
0 0.96796875 0.4234375 0.02578125 0.05234375
0 0.99140625 0.4234375 0.01640625 0.05078125
0 0.846875 0.41796875 0.03515625 0.0796875
0 0.80859375 0.4171875 0.0390625 0.0765625
0 0.7375 0.4171875 0.03515625 0.08359375
0 0.70625 0.41484375 0.02578125 0.08359375
0 0.67421875 0.41640625 0.03203125 0.078125
0 0.63828125 0.415625 0.03671875 0.08203125
0 0.5984375 0.41171875 0.03515625 0.075
0 0.5171875 0.409375 0.04375 0.084375
0 0.47578125 0.41328125 0.03046875 0.08515625
0 0.490625 0.703125 0.02734375 0.075
0 0.665625 0.50703125 0.03046875 0.071875
0 0.696875 0.50546875 0.02734375 0.07109375
0 0.7328125 0.50546875 0.0296875 0.07265625
0 0.76484375 0.50625 0.03671875 0.0734375
0 0.6125 0.61328125 0.03125 0.06484375
0 0.6453125 0.6046875 0.02265625 0.078125
0 0.678125 0.60703125 0.03125 0.0734375
0 0.721875 0.60546875 0.03671875 0.07890625
0 0.7578125 0.60703125 0.03125 0.07578125
0 0.78828125 0.603125 0.0265625 0.07109375
0 0.8234375 0.60546875 0.03671875 0.071875
0 0.93828125 0.56328125 0.0171875 0.05546875
0 0.9625 0.5640625 0.02421875 0.0515625
0 0.9875 0.5625 0.025 0.05390625
0 0.98125 0.63984375 0.028125 0.06015625
0 0.46953125 0.7828125 0.0359375 0.07578125
0 0.9515625 0.64140625 0.021875 0.06015625
0 0.0671875 0.67890625 0.121875 0.08515625
0 0.1875 0.71015625 0.03671875 0.08671875
0 0.2296875 0.7125 0.03984375 0.08203125
0 0.26796875 0.7078125 0.03046875 0.07578125
0 0.30234375 0.7078125 0.034375 0.08046875
0 0.34140625 0.7046875 0.03046875 0.0765625
0 0.38125 0.70546875 0.0296875 0.075
0 0.4171875 0.7046875 0.03203125 0.07265625
0 0.45859375 0.70390625 0.0359375 0.07890625
0 0.96171875 0.5046875 0.06328125 0.03125
0 0.80234375 0.5234375 0.03203125 0.04375
0 0.9234375 0.64296875 0.0328125 0.0625
0 0.3953125 0.7984375 0.04609375 0.08359375
0 0.34765625 0.80078125 0.03828125 0.08125
0 0.30703125 0.803125 0.04296875 0.08671875
0 0.2828125 0.30546875 0.0296875 0.0546875
0 0.3171875 0.31484375 0.03359375 0.06171875
0 0.35625 0.315625 0.0375 0.05625
0 0.2609375 0.80625 0.0375 0.08515625
0 0.73984375 0.24296875 0.0234375 0.05078125
0 0.77421875 0.24765625 0.02734375 0.05078125
0 0.80546875 0.246875 0.025 0.05390625
0 0.8328125 0.25234375 0.03125 0.0453125
0 0.86328125 0.2515625 0.02578125 0.04453125
0 0.97890625 0.2390625 0.028125 0.0796875
0 0.9890625 0.34765625 0.021875 0.0734375
0 0.24296875 0.30703125 0.03984375 0.05546875
0 0.96328125 0.3515625 0.02578125 0.0734375
0 0.815625 0.33984375 0.02890625 0.06015625
0 0.78359375 0.33671875 0.03515625 0.059375
0 0.75390625 0.3359375 0.021875 0.0625
0 0.725 0.33359375 0.03515625 0.0625
0 0.69453125 0.3359375 0.025 0.059375
0 0.66484375 0.334375 0.0328125 0.05703125
0 0.63046875 0.3328125 0.03125 0.06171875
0 0.59765625 0.32890625 0.03515625 0.05859375
0 0.51015625 0.32421875 0.04375 0.0609375
0 0.46640625 0.32109375 0.03359375 0.0609375
0 0.43125 0.31953125 0.034375 0.06484375
0 0.84921875 0.33984375 0.02578125 0.065625
0 0.57890625 0.60625 0.0296875 0.078125
0 0.196875 0.3046875 0.0421875 0.05859375
0 0.01875 0.4390625 0.02890625 0.03984375
0 0.07421875 0.21875 0.0390625 0.0828125
0 0.11484375 0.221875 0.03359375 0.0921875
0 0.2015625 0.1984375 0.04375 0.07578125
0 0.24609375 0.2046875 0.0390625 0.07109375
0 0.28515625 0.225 0.0234375 0.028125
0 0.32421875 0.2109375 0.03671875 0.07109375
0 0.3640625 0.2125 0.0359375 0.0734375
0 0.4046875 0.21640625 0.03828125 0.06875
0 0.484375 0.2234375 0.0390625 0.06640625
0 0.52421875 0.2234375 0.02421875 0.06796875
0 0.6140625 0.240625 0.03359375 0.05625
0 0.0609375 0.34296875 0.11484375 0.07421875
0 0.65 0.24375 0.028125 0.05078125
0 0.7109375 0.2453125 0.03203125 0.05390625
0 0.4375 0.4109375 0.0390625 0.090625
0 0.39453125 0.40859375 0.03828125 0.08125
0 0.35703125 0.40390625 0.0375 0.09140625
0 0.31484375 0.40546875 0.03828125 0.08828125
0 0.27421875 0.403125 0.03515625 0.0875
0 0.23203125 0.40390625 0.03984375 0.08515625
0 0.19140625 0.3984375 0.02890625 0.09375
0 0.0921875 0.4671875 0.02890625 0.07265625
0 0.05703125 0.46875 0.0328125 0.06953125
0 0.021875 0.478125 0.02109375 0.03828125
0 0.67734375 0.24375 0.025 0.05703125
0 0.49296875 0.590625 0.0390625 0.084375
0 0.7671875 0.41328125 0.02578125 0.07734375
0 0.59140625 0.80703125 0.02890625 0.0734375
0 0.41484375 0.5953125 0.03828125 0.078125
0 0.73359375 0.70234375 0.028125 0.07578125
0 0.759375 0.70234375 0.02578125 0.07734375
0 0.9453125 0.73203125 0.03203125 0.0625
0 0.91015625 0.72890625 0.034375 0.05703125
0 0.5609375 0.8078125 0.03203125 0.07734375
0 0.3828125 0.59375 0.028125 0.0796875
0 0.79375 0.70234375 0.03046875 0.07265625
0 0.66953125 0.78359375 0.02734375 0.065625
0 0.715625 0.796875 0.040625 0.07421875
0 0.94921875 0.79609375 0.03515625 0.053125
0 0.0359375 0.20859375 0.0265625 0.10234375
0 0.9828125 0.7890625 0.034375 0.053125
0 0.5703125 0.70546875 0.02421875 0.07734375
0 0.6265625 0.8046875 0.0359375 0.07734375
0 0.34453125 0.59296875 0.03203125 0.0828125
0 0.31015625 0.5953125 0.02890625 0.07734375
0 0.03203125 0.571875 0.06328125 0.06796875
0 0.9109375 0.7921875 0.03203125 0.05859375
0 0.4546875 0.5921875 0.0296875 0.0765625
0 0.7703125 0.78984375 0.03203125 0.06328125
0 0.6046875 0.703125 0.03515625 0.0734375
0 0.6390625 0.7015625 0.02734375 0.0734375
0 0.8078125 0.79375 0.03203125 0.07109375
0 0.21796875 0.80703125 0.0453125 0.0890625
0 0.0890625 0.80234375 0.07421875 0.128125
0 0.69921875 0.70078125 0.02890625 0.075
0 0.109375 0.5625 0.07265625 0.09375
0 0.671875 0.703125 0.02578125 0.07421875