0 0.49765625 0.7328125 0.0515625 0.0421875
0 0.54140625 0.71953125 0.02265625 0.0609375
0 0.5828125 0.71328125 0.04140625 0.05625
0 0.62890625 0.72421875 0.046875 0.065625
0 0.68828125 0.7328125 0.05078125 0.0625
0 0.95390625 0.7359375 0.0609375 0.0578125
0 0.89140625 0.7265625 0.02578125 0.059375
0 0.8515625 0.734375 0.0515625 0.0625
0 0.79375 0.73203125 0.05390625 0.06328125
0 0.73359375 0.7265625 0.03203125 0.059375
0 0.496875 0.69140625 0.05625 0.0375
0 0.05078125 0.7578125 0.04921875 0.0609375
0 0.69609375 0.31796875 0.04140625 0.059375
0 0.1703125 0.646875 0.05546875 0.0609375
0 0.38359375 0.71640625 0.040625 0.06875
0 0.33359375 0.65078125 0.0390625 0.0625
0 0.2796875 0.64921875 0.06171875 0.0625
0 0.22421875 0.6484375 0.0484375 0.0671875
0 0.103125 0.76015625 0.05078125 0.0609375
0 0.11015625 0.64609375 0.053125 0.0625
0 0.06015625 0.6390625 0.04296875 0.0671875
0 0.015625 0.6359375 0.03125 0.065625
0 0.9625 0.6171875 0.05234375 0.0625
0 0.91328125 0.6171875 0.04453125 0.059375
0 0.86015625 0.61640625 0.04921875 0.0609375
0 0.8078125 0.615625 0.04921875 0.0625
0 0.75546875 0.61171875 0.0390625 0.0640625
0 0.43125 0.71640625 0.05546875 0.071875
0 0.1515625 0.76015625 0.0421875 0.06171875
0 0.215625 0.8765625 0.05703125 0.059375
0 0.2671875 0.76796875 0.04921875 0.0578125
0 0.47578125 0.8296875 0.04140625 0.0625
0 0.61953125 0.825 0.04453125 0.06015625
0 0.665625 0.8234375 0.03828125 0.05859375
0 0.72109375 0.8359375 0.05234375 0.06484375
0 0.778125 0.83671875 0.0515625 0.06484375
0 0.82578125 0.825 0.03359375 0.06171875
0 0.0515625 0.2921875 0.0625 0.0984375
0 0.11484375 0.2921875 0.06328125 0.1
0 0.18203125 0.2953125 0.0578125 0.1046875
0 0.57578125 0.8234375 0.03359375 0.0625
0 0.24375 0.29609375 0.0640625 0.1046875
0 0.3109375 0.29609375 0.06015625 0.103125
0 0.39609375 0.31328125 0.03828125 0.0734375
0 0.43828125 0.3125 0.04375 0.07578125
0 0.88046875 0.8421875 0.053125 0.0640625
0 0.93359375 0.840625 0.04453125 0.065625
0 0.97890625 0.8421875 0.04140625 0.065625
0 0.0515625 0.87265625 0.05390625 0.05703125
0 0.1078125 0.8765625 0.05234375 0.0609375
0 0.159375 0.8734375 0.0453125 0.0625
0 0.7078125 0.615625 0.05078125 0.0625
0 0.2703125 0.875 0.0421875 0.065625
0 0.42890625 0.8203125 0.046875 0.0671875
0 0.37734375 0.821875 0.04609375 0.071875
0 0.26953125 0.7171875 0.05859375 0.0359375
0 0.16328125 0.7125 0.05859375 0.0296875
0 0.32578125 0.7671875 0.04921875 0.059375
0 0.2109375 0.76484375 0.05546875 0.0578125
0 0.6578125 0.61484375 0.04296875 0.0640625
0 0.60078125 0.621875 0.04765625 0.03515625
0 0.55625 0.6078125 0.0328125 0.0546875
0 0.79765625 0.26875 0.046875 0.05078125
0 0.7484375 0.2671875 0.0484375 0.0609375
0 0.69375 0.2625 0.04921875 0.053125
0 0.6421875 0.26328125 0.0453125 0.05234375
0 0.80234375 0.32109375 0.05546875 0.05234375
0 0.853125 0.328125 0.0421875 0.034375
0 0.07578125 0.39921875 0.08984375 0.03984375
0 0.1734375 0.4015625 0.08984375 0.03828125
0 0.27109375 0.4015625 0.090625 0.04375
0 0.3421875 0.40234375 0.04765625 0.0421875
0 0.4015625 0.4171875 0.0328125 0.0328125
0 0.44921875 0.4140625 0.0546875 0.04296875
0 0.59375 0.2640625 0.04921875 0.05625
0 0.59140625 0.325 0.05390625 0.05625
0 0.51484375 0.30625 0.09609375 0.08984375
0 0.853125 0.29140625 0.0421875 0.0296875
0 0.8296875 0.41328125 0.05390625 0.053125
0 0.8953125 0.3078125 0.03359375 0.0671875
0 0.98359375 0.30390625 0.0328125 0.0703125
0 0.7484375 0.32421875 0.0421875 0.046875
0 0.3203125 0.88515625 0.053125 0.065625
0 0.06796875 0.815625 0.04296875 0.0296875
0 0.1234375 0.8203125 0.05859375 0.0296875
0 0.18359375 0.8171875 0.0453125 0.0296875
0 0.3140625 0.8296875 0.0453125 0.040625
0 0.39765625 0.89921875 0.0859375 0.0390625
0 0.49921875 0.9015625 0.08125 0.03671875
0 0.503125 0.94375 0.08671875 0.040625
0 0.40234375 0.940625 0.08359375 0.034375
0 0.5765625 0.90390625 0.0484375 0.0375
0 0.75 0.92265625 0.05703125 0.065625
0 0.81875 0.9375 0.05390625 0.071875
0 0.88046875 0.93671875 0.06171875 0.071875
0 0.20078125 0.9703125 0.0921875 0.059375
0 0.9328125 0.3078125 0.0390625 0.06875
0 0.87890625 0.4140625 0.04140625 0.05625
0 0.93828125 0.40703125 0.05390625 0.0625
0 0.98671875 0.40546875 0.0265625 0.0609375
0 0.4984375 0.61015625 0.0546875 0.0578125
0 0.43125 0.60234375 0.05546875 0.0640625
0 0.2625 0.55546875 0.09609375 0.04375
0 0.1609375 0.553125 0.09375 0.03671875
0 0.065625 0.5515625 0.08671875 0.04140625
0 0.93515625 0.5078125 0.06796875 0.0703125
0 0.86484375 0.51875 0.0625 0.0453125
0 0.8015625 0.5171875 0.05390625 0.04921875
0 0.69453125 0.4859375 0.09921875 0.0375
0 0.64921875 0.31875 0.04609375 0.05625
0 0.74453125 0.41015625 0.065625 0.0640625
0 0.65234375 0.415625 0.04375 0.04453125
0 0.52265625 0.8328125 0.05078125 0.05859375
0 0.54921875 0.41640625 0.03828125 0.04375
0 0.08828125 0.4765625 0.08671875 0.0390625
0 0.18515625 0.478125 0.09296875 0.040625
0 0.2875 0.47734375 0.11015625 0.0375
0 0.50234375 0.415625 0.04296875 0.04296875
0 0.39375 0.5046875 0.04921875 0.05625
0 0.45625 0.51015625 0.04453125 0.05
0 0.50703125 0.51328125 0.04375 0.0578125
0 0.55703125 0.5125 0.04453125 0.0609375
0 0.60625 0.5125 0.04921875 0.0609375
0 0.6015625 0.4171875 0.04921875 0.0453125
0 0.69140625 0.52578125 0.10625 0.034375