0 0.3 0.384375 0.04375 0.0484375
0 0.34609375 0.384375 0.046875 0.05
0 0.43125 0.375 0.0375 0.04296875
0 0.47734375 0.3859375 0.04375 0.06484375
0 0.52890625 0.3890625 0.04296875 0.06953125
0 0.58203125 0.3875 0.0515625 0.06796875
0 0.63125 0.3859375 0.04375 0.0625
0 0.7203125 0.384375 0.05 0.07265625
0 0.7703125 0.3859375 0.05 0.07421875
0 0.82890625 0.3796875 0.04921875 0.06171875
0 0.39140625 0.38125 0.040625 0.05703125
0 0.675 0.3875 0.04140625 0.06640625
0 0.1921875 0.36953125 0.0515625 0.0359375
0 0.66328125 0.46875 0.0484375 0.06328125
0 0.18984375 0.5234375 0.021875 0.04375
0 0.2140625 0.52265625 0.028125 0.0421875
0 0.275 0.55234375 0.04609375 0.05390625
0 0.3171875 0.5390625 0.03671875 0.0421875
0 0.39140625 0.55625 0.05390625 0.05390625
0 0.4484375 0.54375 0.04296875 0.034375
0 0.49609375 0.553125 0.0390625 0.05390625
0 0.9796875 0.69140625 0.040625 0.0875
0 0.5515625 0.55078125 0.04609375 0.05390625
0 0.59453125 0.55078125 0.04140625 0.0546875
0 0.63828125 0.55703125 0.02734375 0.06328125
0 0.67265625 0.5515625 0.02421875 0.0546875
0 0.709375 0.55703125 0.03125 0.05859375
0 0.16640625 0.52265625 0.025 0.04453125
0 0.73828125 0.55546875 0.025 0.0625
0 0.9609375 0.4875 0.06015625 0.06328125
0 0.9078125 0.503125 0.0453125 0.0328125
0 0.86171875 0.48828125 0.05078125 0.05859375
0 0.81796875 0.4921875 0.03671875 0.04921875
0 0.75546875 0.47109375 0.04296875 0.06796875
0 0.71171875 0.47109375 0.04765625 0.0671875
0 0.58125 0.62734375 0.0421875 0.0703125
0 0.61875 0.47109375 0.04140625 0.06015625
0 0.5765625 0.4734375 0.04296875 0.06484375
0 0.528125 0.475 0.05 0.0625
0 0.48203125 0.47421875 0.04375 0.0609375
0 0.26015625 0.471875 0.046875 0.0484375
0 0.3046875 0.46953125 0.04296875 0.05078125
0 0.7640625 0.55234375 0.02734375 0.05703125
0 0.11171875 0.496875 0.08359375 0.10390625
0 0.03359375 0.50234375 0.0640625 0.08203125
0 0.96015625 0.57890625 0.04375 0.078125
0 0.39375 0.628125 0.046875 0.046875
0 0.346875 0.6265625 0.04765625 0.04375
0 0.3765625 0.70859375 0.046875 0.059375
0 0.3328125 0.7109375 0.0390625 0.0578125
0 0.28515625 0.7140625 0.046875 0.053125
0 0.18046875 0.69375 0.140625 0.08515625
0 0.06484375 0.69296875 0.075 0.084375
0 0.05859375 0.79765625 0.1140625 0.10859375
0 0.13671875 0.80390625 0.053125 0.10859375
0 0.1890625 0.8 0.05 0.11171875
0 0.25078125 0.8375 0.05625 0.025
0 0.2921875 0.78359375 0.03046875 0.053125
0 0.240625 0.796875 0.05859375 0.0234375
0 0.34140625 0.8 0.05 0.10390625
0 0.3875 0.7984375 0.0375 0.103125
0 0.4640625 0.803125 0.08671875 0.08828125
0 0.5375 0.81015625 0.0546875 0.07421875
0 0.6171875 0.80390625 0.10859375 0.10078125
0 0.71484375 0.80078125 0.0859375 0.10859375
0 0.82109375 0.82421875 0.08125 0.0609375
0 0.9796875 0.82578125 0.0375 0.05703125
0 0.90703125 0.82421875 0.09296875 0.053125
0 0.5375 0.63046875 0.046875 0.06484375
0 0.28125 0.62265625 0.04609375 0.04375
0 0.2 0.61328125 0.08984375 0.04375
0 0.10625 0.61484375 0.0828125 0.040625
0 0.04140625 0.596875 0.0734375 0.0859375
0 0.8296875 0.57734375 0.0671875 0.08671875
0 0.903125 0.57578125 0.0703125 0.084375
0 0.34921875 0.46640625 0.04609375 0.04296875
0 0.3953125 0.4671875 0.03984375 0.0421875
0 0.4375 0.465625 0.04296875 0.0390625
0 0.053125 0.3734375 0.0546875 0.025
0 0.25 0.29921875 0.05 0.06015625
0 0.31015625 0.2953125 0.0484375 0.0625
0 0.359375 0.2953125 0.05078125 0.0609375
0 0.4125 0.3 0.02890625 0.06875
0 0.44140625 0.30390625 0.02890625 0.06171875
0 0.48125 0.2890625 0.0546875 0.05390625
0 0.53046875 0.3 0.03203125 0.0484375
0 0.57109375 0.28984375 0.05078125 0.05390625
0 0.6171875 0.29453125 0.0390625 0.06796875
0 0.66640625 0.2984375 0.04921875 0.0796875
0 0.76484375 0.2953125 0.05546875 0.07734375
0 0.84609375 0.27890625 0.06640625 0.08046875
0 0.896875 0.2890625 0.040625 0.05703125
0 0.440625 0.6234375 0.046875 0.04765625
0 0.9390625 0.28828125 0.04296875 0.059375
0 0.52109375 0.7171875 0.0421875 0.0625
0 0.57734375 0.71640625 0.0421875 0.06875
0 0.6234375 0.72421875 0.04140625 0.0609375
0 0.66796875 0.721875 0.04765625 0.05546875
0 0.7125 0.72109375 0.03984375 0.05703125
0 0.75546875 0.71953125 0.04375 0.0546875
0 0.753125 0.6390625 0.04453125 0.0765625
0 0.66796875 0.63203125 0.040625 0.0703125
0 0.62109375 0.6296875 0.03359375 0.0765625
0 0.97890625 0.2890625 0.0421875 0.05546875
0 0.96640625 0.38359375 0.05 0.05078125
0 0.91953125 0.378125 0.04296875 0.0609375
0 0.87578125 0.38671875 0.04453125 0.0484375
0 0.4640625 0.709375 0.04296875 0.05546875
0 0.2546875 0.3875 0.04921875 0.04296875
0 0.1171875 0.284375 0.03828125 0.0484375
0 0.1921875 0.396875 0.0765625 0.01875
0 0.04296875 0.39921875 0.0609375 0.01953125
0 0.0390625 0.4234375 0.053125 0.028125
0 0.12578125 0.3609375 0.07265625 0.028125
0 0.1265625 0.3859375 0.07265625 0.01953125
0 0.10078125 0.40703125 0.0421875 0.01484375
0 0.915625 0.6859375 0.0828125 0.10625
0 0.82734375 0.68359375 0.09453125 0.1109375
0 0.94921875 0.18359375 0.06015625 0.07734375
0 0.84140625 0.19921875 0.05546875 0.05703125
0 0.78671875 0.2046875 0.04140625 0.059375
0 0.73984375 0.2109375 0.0453125 0.0453125
0 0.68828125 0.20703125 0.04921875 0.05703125
0 0.178125 0.42421875 0.08046875 0.0328125
0 0.590625 0.20234375 0.0390625 0.0765625
0 0.634375 0.20390625 0.04765625 0.07265625
0 0.52734375 0.19296875 0.03125 0.10546875
0 0.421875 0.71015625 0.04140625 0.05625
0 0.10078125 0.4328125 0.06484375 0.02421875
0 0.165625 0.32265625 0.0890625 0.0265625
0 0.04765625 0.296875 0.0875 0.08515625
0 0.5578125 0.18671875 0.025 0.1015625
0 0.1140625 0.21796875 0.06171875 0.071875
0 0.053125 0.2171875 0.05859375 0.075
0 0.246875 0.2015625 0.06328125 0.08828125
0 0.3140625 0.196875 0.05546875 0.08671875
0 0.3734375 0.19296875 0.06171875 0.09296875
0 0.4328125 0.1921875 0.05625 0.09296875
0 0.48515625 0.21015625 0.05 0.06015625
0 0.18359375 0.21953125 0.06328125 0.053125
0 0.48671875 0.63203125 0.040625 0.06171875