0 0.94140625 0.21015625 0.0375 0.0765625
0 0.98203125 0.20625 0.0359375 0.0859375
0 0.1015625 0.378125 0.1390625 0.0578125
0 0.109375 0.44296875 0.1359375 0.06875
0 0.34609375 0.33125 0.03359375 0.059375
0 0.2734375 0.33203125 0.034375 0.06328125
0 0.31015625 0.33203125 0.03515625 0.05546875
0 0.89921875 0.2109375 0.03984375 0.07734375
0 0.3828125 0.33046875 0.03671875 0.059375
0 0.42109375 0.33203125 0.0328125 0.05859375
0 0.2109375 0.32421875 0.07890625 0.0796875
0 0.95390625 0.78203125 0.03984375 0.10546875
0 0.65 0.23203125 0.0375 0.03671875
0 0.76171875 0.22109375 0.04609375 0.059375
0 0.70546875 0.22265625 0.0609375 0.0546875
0 0.471875 0.30234375 0.0578125 0.03671875
0 0.61328125 0.2390625 0.028125 0.02265625
0 0.57734375 0.2234375 0.0359375 0.0609375
0 0.53828125 0.221875 0.034375 0.06328125
0 0.50234375 0.2234375 0.03515625 0.06484375
0 0.465625 0.2265625 0.03203125 0.05546875
0 0.42578125 0.22421875 0.03671875 0.0640625
0 0.38984375 0.2328125 0.028125 0.0484375
0 0.353125 0.22734375 0.034375 0.06015625
0 0.3171875 0.2296875 0.0328125 0.0546875
0 0.28125 0.22734375 0.034375 0.0609375
0 0.24609375 0.23125 0.02578125 0.05234375
0 0.80625 0.22265625 0.03984375 0.05546875
0 0.46015625 0.340625 0.03828125 0.0359375
0 0.59921875 0.33828125 0.03359375 0.03984375
0 0.53046875 0.33046875 0.02890625 0.05703125
0 0.33125 0.5078125 0.0578125 0.0609375
0 0.271875 0.51015625 0.0546875 0.0515625
0 0.22109375 0.5078125 0.0484375 0.05625
0 0.165625 0.57265625 0.059375 0.10078125
0 0.0828125 0.57109375 0.09453125 0.103125
0 0.94765625 0.40625 0.09453125 0.08828125
0 0.85625 0.4078125 0.06953125 0.0890625
0 0.7921875 0.409375 0.03359375 0.06171875
0 0.75 0.4109375 0.0328125 0.06171875
0 0.71015625 0.41015625 0.0453125 0.0578125
0 0.6640625 0.41015625 0.04296875 0.0578125
0 0.58671875 0.4125 0.04375 0.06015625
0 0.5421875 0.4125 0.0359375 0.059375
0 0.49609375 0.340625 0.03046875 0.03515625
0 0.50234375 0.4109375 0.0359375 0.06171875
0 0.425 0.41328125 0.03828125 0.05859375
0 0.38203125 0.415625 0.0390625 0.05390625
0 0.3421875 0.4140625 0.02890625 0.05390625
0 0.3078125 0.4125 0.034375 0.05703125
0 0.2625 0.41015625 0.0515625 0.06015625
0 0.20703125 0.41328125 0.05234375 0.065625
0 0.8734375 0.30703125 0.11640625 0.0578125
0 0.796875 0.32265625 0.0234375 0.0671875
0 0.76875 0.325 0.0265625 0.0640625
0 0.73828125 0.3234375 0.03203125 0.0609375
0 0.6453125 0.32734375 0.04375 0.059375
0 0.56328125 0.33828125 0.03359375 0.040625
0 0.584375 0.2984375 0.04609375 0.03359375
0 0.46484375 0.41171875 0.0375 0.06171875
0 0.9671875 0.3109375 0.06484375 0.046875
0 0.8515625 0.21875 0.046875 0.0609375
0 0.384375 0.51875 0.04609375 0.04296875
0 0.13203125 0.7828125 0.14609375 0.0328125
0 0.0265625 0.82421875 0.0515625 0.04140625
0 0.02734375 0.77734375 0.0515625 0.03125
0 0.86640625 0.5421875 0.10859375 0.0140625
0 0.7609375 0.665625 0.05625 0.0671875
0 0.721875 0.67578125 0.01875 0.034375
0 0.70390625 0.68359375 0.01640625 0.028125
0 0.1296875 0.82109375 0.14375 0.03359375
0 0.65234375 0.665625 0.0140625 0.0328125
0 0.63359375 0.68125 0.0171875 0.03515625
0 0.615625 0.6828125 0.01640625 0.0328125
0 0.565625 0.6453125 0.01484375 0.01171875
0 0.584375 0.6453125 0.01484375 0.015625
0 0.571875 0.6734375 0.01484375 0.0265625
0 0.51015625 0.68125 0.0125 0.0359375
0 0.490625 0.6828125 0.01484375 0.03515625
0 0.67421875 0.68203125 0.02109375 0.03046875
0 0.21953125 0.796875 0.02578125 0.08046875
0 0.253125 0.78984375 0.03359375 0.0703125
0 0.3015625 0.79609375 0.0296875 0.07734375
0 0.91640625 0.7828125 0.0328125 0.10234375
0 0.88125 0.78359375 0.0328125 0.10234375
0 0.83125 0.78203125 0.06015625 0.1109375
0 0.77578125 0.7734375 0.03203125 0.0703125
0 0.734375 0.79609375 0.05234375 0.090625
0 0.68125 0.78515625 0.0515625 0.08671875
0 0.63671875 0.765625 0.03515625 0.08671875
0 0.603125 0.79453125 0.0265625 0.0921875
0 0.57734375 0.7890625 0.02265625 0.078125
0 0.54765625 0.78828125 0.028125 0.0875
0 0.51484375 0.7734375 0.025 0.08125
0 0.48359375 0.78515625 0.02734375 0.0765625
0 0.45390625 0.76015625 0.02265625 0.07421875
0 0.42578125 0.79140625 0.0296875 0.05546875
0 0.38828125 0.80859375 0.03203125 0.059375
0 0.365625 0.76015625 0.01484375 0.07734375
0 0.3359375 0.778125 0.025 0.0765625
0 0.46953125 0.68515625 0.01796875 0.028125
0 0.45 0.68671875 0.01796875 0.03046875
0 0.42890625 0.6859375 0.01640625 0.03125
0 0.4109375 0.68359375 0.015625 0.02890625
0 0.38984375 0.584375 0.0578125 0.05390625
0 0.32265625 0.58046875 0.0703125 0.0546875
0 0.8421875 0.47734375 0.11796875 0.0140625
0 0.84140625 0.49453125 0.115625 0.015625
0 0.8609375 0.521875 0.1265625 0.0171875
0 0.7625 0.490625 0.03125 0.0625
0 0.7265625 0.5 0.0328125 0.06796875
0 0.690625 0.4984375 0.03515625 0.06171875
0 0.6546875 0.5015625 0.03671875 0.06796875
0 0.6125 0.5171875 0.03515625 0.03671875
0 0.60625 0.478125 0.0328125 0.02578125
0 0.57265625 0.525 0.0359375 0.02109375
0 0.56875 0.48828125 0.03359375 0.03671875
0 0.53359375 0.515625 0.0375 0.03828125
0 0.48671875 0.5234375 0.0421875 0.01875
0 0.48671875 0.4859375 0.04609375 0.04140625
0 0.4328125 0.51015625 0.04296875 0.06171875
0 0.446875 0.578125 0.0421875 0.0484375
0 0.08203125 0.25234375 0.11875 0.03984375
0 0.49765625 0.57734375 0.0453125 0.03984375
0 0.59765625 0.58359375 0.04609375 0.0515625
0 0.38828125 0.6828125 0.015625 0.03515625
0 0.36875 0.6828125 0.015625 0.03515625
0 0.346875 0.65703125 0.0125 0.0078125
0 0.34453125 0.684375 0.01796875 0.02890625
0 0.32734375 0.68671875 0.0171875 0.028125
0 0.30625 0.690625 0.02109375 0.02109375
0 0.28671875 0.6859375 0.0171875 0.03125
0 0.25703125 0.68359375 0.03125 0.03515625
0 0.22578125 0.67578125 0.0265625 0.034375
0 0.96484375 0.63203125 0.06796875 0.10078125
0 0.89453125 0.63046875 0.05546875 0.090625
0 0.8359375 0.63203125 0.06015625 0.09375
0 0.77890625 0.5890625 0.0265625 0.04296875
0 0.74921875 0.5921875 0.028125 0.03984375
0 0.71796875 0.590625 0.0296875 0.03671875
0 0.68046875 0.5765625 0.01484375 0.03828125
0 0.6484375 0.58359375 0.046875 0.05546875
0 0.546875 0.58828125 0.05078125 0.053125
0 0.0921875 0.165625 0.15234375 0.09453125
0 0.9875 0.775 0.025 0.09765625