0 0.58046875 0.20546875 0.0234375 0.05703125
0 0.61875 0.20390625 0.03515625 0.07421875
0 0.65703125 0.209375 0.03828125 0.0625
0 0.7015625 0.21328125 0.0296875 0.06875
0 0.7359375 0.2171875 0.0328125 0.0671875
0 0.78359375 0.228125 0.025 0.06796875
0 0.8640625 0.2421875 0.02890625 0.046875
0 0.83828125 0.23515625 0.02109375 0.0578125
0 0.890625 0.2421875 0.0234375 0.053125
0 0.9140625 0.24375 0.021875 0.05
0 0.934375 0.24765625 0.01796875 0.05703125
0 0.953125 0.2515625 0.01484375 0.05078125
0 0.55859375 0.19375 0.0234375 0.07578125
0 0.8109375 0.23515625 0.02421875 0.05546875
0 0.52421875 0.19140625 0.03671875 0.075
0 0.1640625 0.19765625 0.02265625 0.0796875
0 0.44921875 0.196875 0.034375 0.04609375
0 0.97265625 0.2515625 0.02109375 0.053125
0 0.03671875 0.19765625 0.0125 0.0890625
0 0.05234375 0.19921875 0.01875 0.08828125
0 0.071875 0.20078125 0.0125 0.08984375
0 0.08671875 0.2015625 0.01875 0.0890625
0 0.109375 0.1921875 0.01875 0.084375
0 0.48515625 0.18671875 0.0328125 0.0765625
0 0.13359375 0.19375 0.01953125 0.084375
0 0.20546875 0.1953125 0.01953125 0.07890625
0 0.25625 0.153125 0.0390625 0.0828125
0 0.3015625 0.1609375 0.040625 0.075
0 0.34375 0.1734375 0.03046875 0.075
0 0.378125 0.18046875 0.03515625 0.06171875
0 0.4203125 0.19375 0.021875 0.04140625
0 0.18515625 0.19453125 0.0125 0.0859375
0 0.27109375 0.2796875 0.0453125 0.0796875
0 0.14921875 0.3703125 0.03359375 0.03046875
0 0.353125 0.2828125 0.03828125 0.08203125
0 0.87421875 0.38125 0.0203125 0.0609375
0 0.671875 0.6296875 0.03515625 0.0765625
0 0.63203125 0.63671875 0.04140625 0.08359375
0 0.5796875 0.6484375 0.0546875 0.0796875
0 0.52890625 0.65625 0.04140625 0.09375
0 0.47734375 0.6625 0.04921875 0.084375
0 0.43125 0.67421875 0.03828125 0.1015625
0 0.378125 0.68515625 0.05546875 0.09765625
0 0.32421875 0.69453125 0.0484375 0.109375
0 0.271875 0.70078125 0.04609375 0.1078125
0 0.9890625 0.51171875 0.02109375 0.05390625
0 0.959375 0.5140625 0.02734375 0.05546875
0 0.93046875 0.51640625 0.025 0.05859375
0 0.896875 0.51796875 0.02109375 0.05703125
0 0.8734375 0.52265625 0.02265625 0.06171875
0 0.84609375 0.5234375 0.028125 0.06796875
0 0.81484375 0.5265625 0.03203125 0.071875
0 0.85546875 0.3859375 0.01875 0.05078125
0 0.70703125 0.62265625 0.03203125 0.07734375
0 0.73984375 0.61796875 0.03203125 0.07265625
0 0.79375 0.60859375 0.05390625 0.0671875
0 0.88203125 0.671875 0.0328125 0.071875
0 0.9265625 0.3796875 0.01875 0.0546875
0 0.78984375 0.69140625 0.0296875 0.07890625
0 0.7609375 0.69609375 0.025 0.07421875
0 0.728125 0.70546875 0.0296875 0.08125
0 0.6921875 0.71484375 0.0421875 0.08046875
0 0.65234375 0.72578125 0.02421875 0.071875
0 0.621875 0.73125 0.0328125 0.08046875
0 0.7765625 0.528125 0.03203125 0.07265625
0 0.578125 0.7375 0.04453125 0.08984375
0 0.425 0.7828125 0.046875 0.0984375
0 0.37578125 0.7875 0.046875 0.09140625
0 0.31875 0.80625 0.05078125 0.10625
0 0.26640625 0.81171875 0.05078125 0.10390625
0 0.96953125 0.58125 0.02890625 0.06328125
0 0.93515625 0.58515625 0.03046875 0.0625
0 0.90078125 0.58984375 0.02890625 0.06875
0 0.8640625 0.59609375 0.040625 0.06875
0 0.52109375 0.75078125 0.046875 0.08828125
0 0.73671875 0.53125 0.04140625 0.07109375
0 0.6703125 0.53984375 0.0484375 0.0765625
0 0.61484375 0.54609375 0.03984375 0.08125
0 0.40703125 0.484375 0.02265625 0.05
0 0.38515625 0.4875 0.02109375 0.04140625
0 0.3546875 0.48984375 0.02421875 0.04453125
0 0.32734375 0.49140625 0.02734375 0.04375
0 0.3 0.490625 0.02109375 0.04296875
0 0.275 0.490625 0.02421875 0.04296875
0 0.21796875 0.484375 0.02109375 0.03671875
0 0.19609375 0.48359375 0.021875 0.03515625
0 0.4375 0.46796875 0.03125 0.0703125
0 0.21875 0.4265625 0.0171875 0.0421875
0 0.17421875 0.4265625 0.01875 0.0453125
0 0.15 0.428125 0.0265625 0.0421875
0 0.12578125 0.42890625 0.01953125 0.04609375
0 0.1015625 0.4296875 0.02265625 0.0484375
0 0.07421875 0.43125 0.0265625 0.0453125
0 0.98125 0.38515625 0.01640625 0.046875
0 0.9625 0.3828125 0.01640625 0.05
0 0.94453125 0.37890625 0.01328125 0.05625
0 0.19765625 0.42578125 0.02421875 0.04375
0 0.91875 0.659375 0.03046875 0.05859375
0 0.465625 0.46875 0.02265625 0.06875
0 0.575 0.4640625 0.03359375 0.05703125
0 0.57109375 0.5515625 0.04453125 0.08203125
0 0.528125 0.55703125 0.03671875 0.0875
0 0.4796875 0.56171875 0.05 0.0828125
0 0.378125 0.57421875 0.0515625 0.096875
0 0.32421875 0.58046875 0.0484375 0.10234375
0 0.271875 0.5828125 0.0484375 0.10703125
0 0.9765625 0.4421875 0.03203125 0.04375
0 0.93671875 0.44375 0.01484375 0.05078125
0 0.49296875 0.46796875 0.02734375 0.06796875
0 0.91640625 0.44609375 0.02265625 0.0484375
0 0.85859375 0.44765625 0.0296875 0.05078125
0 0.78828125 0.45546875 0.01953125 0.046875
0 0.76796875 0.45546875 0.01875 0.0453125
0 0.74609375 0.45859375 0.0234375 0.0515625
0 0.7171875 0.459375 0.028125 0.05
0 0.6859375 0.46171875 0.0265625 0.05234375
0 0.640625 0.4640625 0.0296875 0.05390625
0 0.61015625 0.465625 0.03046875 0.05390625
0 0.890625 0.4484375 0.02421875 0.05390625
0 0.95234375 0.65078125 0.0328125 0.06015625
0 0.84296875 0.6765625 0.04140625 0.06640625
0 0.9 0.37890625 0.03125 0.05703125
0 0.17421875 0.3671875 0.01796875 0.03984375
0 0.2015625 0.36640625 0.02890625 0.04375
0 0.2828125 0.3796875 0.0390625 0.07421875
0 0.32421875 0.37890625 0.04140625 0.0765625
0 0.36953125 0.378125 0.0375 0.0765625
0 0.40859375 0.378125 0.0390625 0.0765625
0 0.453125 0.37734375 0.04140625 0.07578125
0 0.4953125 0.3796875 0.0390625 0.0734375
0 0.5734375 0.38046875 0.0296875 0.06953125
0 0.60859375 0.3828125 0.03203125 0.065625
0 0.6484375 0.38125 0.03203125 0.0625
0 0.67890625 0.38203125 0.02890625 0.0625
0 0.7109375 0.38671875 0.02734375 0.05078125
0 0.7390625 0.3859375 0.02578125 0.05078125
0 0.7703125 0.38671875 0.03125 0.0515625
0 0.81015625 0.3859375 0.021875 0.05234375
0 0.8328125 0.38671875 0.02265625 0.0515625
0 0.0734375 0.36484375 0.0234375 0.04375
0 0.046875 0.36171875 0.028125 0.04765625
0 0.096875 0.36328125 0.02265625 0.04140625
0 0.88671875 0.3234375 0.028125 0.03515625
0 0.38984375 0.284375 0.0375 0.0796875
0 0.42734375 0.2859375 0.03046875 0.08203125
0 0.46953125 0.2890625 0.04609375 0.07578125
0 0.50546875 0.296875 0.02421875 0.0625
0 0.5328125 0.30078125 0.02734375 0.059375
0 0.56328125 0.296875 0.0296875 0.06796875
0 0.9140625 0.3234375 0.02578125 0.03828125
0 0.61953125 0.3015625 0.01640625 0.06796875
0 0.67109375 0.30625 0.0328125 0.06171875
0 0.59375 0.30078125 0.02578125 0.06796875
0 0.72421875 0.309375 0.025 0.06171875
0 0.75078125 0.31015625 0.02421875 0.06171875
0 0.7703125 0.309375 0.01484375 0.0625
0 0.7890625 0.31171875 0.02109375 0.05859375
0 0.3140625 0.2828125 0.03671875 0.0765625
0 0.815625 0.3125 0.02421875 0.06875
0 0.83984375 0.31484375 0.025 0.05859375
0 0.86484375 0.31953125 0.01796875 0.040625
0 0.7015625 0.30859375 0.0203125 0.05859375
0 0.9875 0.65546875 0.01640625 0.03671875