0 0.15234375 0.36640625 0.0484375 0.0734375
0 0.95234375 0.621875 0.03046875 0.046875
0 0.27109375 0.49453125 0.06875 0.071875
0 0.03359375 0.509375 0.06328125 0.078125
0 0.196875 0.50078125 0.07734375 0.07109375
0 0.11328125 0.50546875 0.07890625 0.0734375
0 0.76796875 0.4234375 0.0296875 0.084375
0 0.73515625 0.4203125 0.03125 0.1
0 0.65546875 0.4234375 0.02265625 0.0984375
0 0.68359375 0.421875 0.02421875 0.096875
0 0.6296875 0.42421875 0.03046875 0.1015625
0 0.59609375 0.42421875 0.02890625 0.1078125
0 0.5625 0.42421875 0.0359375 0.109375
0 0.0625 0.3640625 0.12421875 0.078125
0 0.984375 0.6078125 0.03125 0.0625
0 0.10390625 0.6265625 0.13046875 0.06953125
0 0.5296875 0.428125 0.03046875 0.109375
0 0.496875 0.42890625 0.03515625 0.1140625
0 0.459375 0.4296875 0.03359375 0.11875
0 0.4234375 0.43203125 0.034375 0.1203125
0 0.38515625 0.434375 0.04140625 0.125
0 0.33984375 0.434375 0.04296875 0.12890625
0 0.25703125 0.3671875 0.1078125 0.078125
0 0.7078125 0.4203125 0.01953125 0.09765625
0 0.21484375 0.6078125 0.0578125 0.084375
0 0.86328125 0.63671875 0.06796875 0.06015625
0 0.81328125 0.2875 0.028125 0.10625
0 0.3671875 0.6 0.02109375 0.10859375
0 0.33984375 0.6046875 0.03359375 0.1140625
0 0.01953125 0.090625 0.03515625 0.0890625
0 0.39375 0.5921875 0.03046875 0.109375
0 0.10078125 0.08359375 0.11484375 0.13125
0 0.18125 0.1125 0.03984375 0.08359375
0 0.22578125 0.115625 0.04609375 0.0828125
0 0.27109375 0.1203125 0.040625 0.08203125
0 0.315625 0.125 0.04296875 0.0828125
0 0.375 0.1375 0.06875 0.07421875
0 0.45703125 0.1421875 0.04140625 0.078125
0 0.54375 0.1515625 0.0515625 0.07734375
0 0.59609375 0.15390625 0.03828125 0.0765625
0 0.646875 0.1578125 0.040625 0.07421875
0 0.690625 0.14765625 0.0453125 0.103125
0 0.7375 0.153125 0.04296875 0.1015625
0 0.7859375 0.159375 0.04609375 0.103125
0 0.778125 0.2859375 0.03984375 0.1046875
0 0.72890625 0.284375 0.05078125 0.1078125
0 0.675 0.2859375 0.05234375 0.11015625
0 0.61796875 0.290625 0.05625 0.10625
0 0.5609375 0.28828125 0.05703125 0.1109375
0 0.48046875 0.28515625 0.07265625 0.1125
0 0.28515625 0.59921875 0.07109375 0.0609375
0 0.403125 0.28515625 0.05234375 0.1125
0 0.2890625 0.24140625 0.05078125 0.0875
0 0.23828125 0.240625 0.04765625 0.0875
0 0.15546875 0.2375 0.11328125 0.090625
0 0.046875 0.23125 0.090625 0.09296875
0 0.95859375 0.534375 0.025 0.05
0 0.83671875 0.1609375 0.04609375 0.10390625
0 0.34765625 0.27578125 0.05859375 0.1234375
0 0.4328125 0.58984375 0.04140625 0.11015625
0 0.85078125 0.46796875 0.07421875 0.0625
0 0.6046875 0.565625 0.0328125 0.1
0 0.37578125 0.86796875 0.02890625 0.1
0 0.34453125 0.87578125 0.025 0.1
0 0.3109375 0.9109375 0.03984375 0.06328125
0 0.51015625 0.5796875 0.06796875 0.1171875
0 0.88359375 0.5703125 0.03359375 0.0484375
0 0.92578125 0.55859375 0.034375 0.0359375
0 0.403125 0.8609375 0.02421875 0.09375
0 0.26796875 0.921875 0.034375 0.075
0 0.1765625 0.94765625 0.03984375 0.0703125
0 0.13046875 0.9625 0.0453125 0.0640625
0 0.91171875 0.47109375 0.04765625 0.06484375
0 0.8078125 0.64921875 0.0234375 0.090625
0 0.78125 0.653125 0.02734375 0.0859375
0 0.7421875 0.6578125 0.03203125 0.07734375
0 0.22578125 0.934375 0.04765625 0.0625
0 0.6890625 0.67265625 0.0296875 0.09375
0 0.43125 0.85859375 0.02890625 0.0921875
0 0.4875 0.8421875 0.02578125 0.0921875
0 0.96328125 0.7265625 0.06953125 0.0625
0 0.87421875 0.73359375 0.10390625 0.071875
0 0.80546875 0.76015625 0.01796875 0.0765625
0 0.771875 0.7703125 0.025 0.075
0 0.7328125 0.77734375 0.03671875 0.08671875
0 0.7015625 0.771875 0.021875 0.0765625
0 0.46015625 0.85234375 0.025 0.0953125
0 0.6734375 0.79765625 0.0171875 0.0796875
0 0.63203125 0.80859375 0.01953125 0.08125
0 0.60859375 0.8140625 0.021875 0.08671875
0 0.58671875 0.82109375 0.02265625 0.08359375
0 0.56171875 0.825 0.02578125 0.08828125
0 0.534375 0.83125 0.02265625 0.0921875
0 0.51171875 0.83828125 0.02265625 0.090625
0 0.6515625 0.80390625 0.01484375 0.078125
0 0.6421875 0.6734375 0.03125 0.08515625
0 0.07890625 0.96796875 0.04296875 0.0640625
0 0.96171875 0.4671875 0.04609375 0.0625
0 0.35546875 0.740625 0.03359375 0.11875
0 0.39140625 0.72578125 0.03203125 0.0984375
0 0.4234375 0.7203125 0.02890625 0.1
0 0.45078125 0.7140625 0.02578125 0.0953125
0 0.48359375 0.71484375 0.03359375 0.1
0 0.12734375 0.8546875 0.08515625 0.071875
0 0.5953125 0.690625 0.03046875 0.10078125
0 0.03515625 0.86953125 0.0703125 0.0703125
0 0.27421875 0.71953125 0.09453125 0.071875
0 0.1703125 0.7328125 0.0921875 0.07109375
0 0.07890625 0.74921875 0.08359375 0.09296875
0 0.83046875 0.5421875 0.0203125 0.084375
0 0.80703125 0.54453125 0.02109375 0.08828125
0 0.78359375 0.546875 0.01875 0.08828125
0 0.75859375 0.5484375 0.02734375 0.0921875
0 0.5203125 0.7046875 0.03046875 0.103125
0 0.7328125 0.5515625 0.02421875 0.096875
0 0.70625 0.55546875 0.025 0.096875
0 0.559375 0.7015625 0.034375 0.09921875
0 0.91640625 0.62890625 0.0390625 0.040625
0 0.6796875 0.55546875 0.02890625 0.0984375
0 0.6359375 0.56328125 0.02734375 0.09765625
0 0.95234375 0.0984375 0.0625 0.0453125
0 0.9015625 0.19375 0.04765625 0.0796875
0 0.9703125 0.2015625 0.03515625 0.075
0 0.88203125 0.284375 0.05703125 0.065625
0 0.80859375 0.39140625 0.046875 0.065625
0 0.86328125 0.38203125 0.0578125 0.0734375
0 0.928125 0.384375 0.059375 0.0734375
0 0.29375 0.821875 0.0671875 0.0703125
0 0.21484375 0.84140625 0.08125 0.0734375