0 0.765625 0.7234375 0.04140625 0.0890625
0 0.20390625 0.83203125 0.03828125 0.0375
0 0.67265625 0.72734375 0.03984375 0.08125
0 0.62578125 0.73046875 0.03671875 0.0875
0 0.7171875 0.72421875 0.04296875 0.090625
0 0.80859375 0.721875 0.03828125 0.09140625
0 0.165625 0.8328125 0.03828125 0.040625
0 0.9375 0.7203125 0.0375 0.0890625
0 0.97734375 0.7203125 0.0375 0.08984375
0 0.12578125 0.8359375 0.03515625 0.03203125
0 0.24375 0.8328125 0.03515625 0.0375
0 0.5875 0.73046875 0.0375 0.0859375
0 0.89921875 0.72109375 0.03671875 0.09140625
0 0.540625 0.728125 0.04765625 0.09375
0 0.8203125 0.61328125 0.04140625 0.09140625
0 0.4328125 0.72890625 0.0515625 0.09296875
0 0.3828125 0.7296875 0.04375 0.0921875
0 0.33125 0.73125 0.0515625 0.09375
0 0.2796875 0.73203125 0.04609375 0.0921875
0 0.22890625 0.7328125 0.0484375 0.0921875
0 0.178125 0.7328125 0.04921875 0.0921875
0 0.12734375 0.7328125 0.04921875 0.09375
0 0.96171875 0.6125 0.0375 0.09140625
0 0.909375 0.61328125 0.0359375 0.0890625
0 0.86796875 0.6125 0.04296875 0.09140625
0 0.7265625 0.6140625 0.04375 0.09140625
0 0.28046875 0.83046875 0.034375 0.034375
0 0.7765625 0.61328125 0.04296875 0.09375
0 0.4875 0.72890625 0.05078125 0.09296875
0 0.31953125 0.81875 0.03671875 0.040625
0 0.67109375 0.91796875 0.0625 0.0734375
0 0.3953125 0.828125 0.03203125 0.0390625
0 0.68359375 0.6140625 0.03359375 0.08984375
0 0.90625 0.9078125 0.05390625 0.0734375
0 0.84375 0.9109375 0.0640625 0.0734375
0 0.78203125 0.91484375 0.05625 0.065625
0 0.61171875 0.915625 0.05703125 0.075
0 0.553125 0.921875 0.05390625 0.07109375
0 0.4984375 0.9265625 0.0578125 0.06328125
0 0.43671875 0.93046875 0.05625 0.065625
0 0.37734375 0.93046875 0.06015625 0.065625
0 0.31640625 0.9328125 0.05859375 0.0703125
0 0.25390625 0.93515625 0.05859375 0.0703125
0 0.19453125 0.93671875 0.05859375 0.0734375
0 0.13359375 0.9375 0.05859375 0.071875
0 0.9828125 0.81328125 0.03359375 0.03515625
0 0.946875 0.81328125 0.03359375 0.0375
0 0.9015625 0.8125 0.0390625 0.0453125
0 0.86171875 0.81953125 0.03359375 0.034375
0 0.8234375 0.8078125 0.0265625 0.0390625
0 0.79140625 0.81875 0.03359375 0.03828125
0 0.7578125 0.81875 0.03203125 0.040625
0 0.721875 0.81875 0.0375 0.0390625
0 0.6875 0.821875 0.02890625 0.03828125
0 0.6546875 0.82109375 0.03359375 0.0390625
0 0.61953125 0.82421875 0.028125 0.03984375
0 0.58359375 0.8234375 0.0390625 0.0375
0 0.54375 0.8265625 0.0359375 0.03828125
0 0.50859375 0.82578125 0.03515625 0.0390625
0 0.47109375 0.82734375 0.03671875 0.0359375
0 0.43359375 0.82734375 0.0375 0.03515625
0 0.35859375 0.83046875 0.0375 0.0328125
0 0.64453125 0.6140625 0.04140625 0.090625
0 0.35078125 0.25859375 0.04609375 0.0765625
0 0.55625 0.61640625 0.04453125 0.09375
0 0.58359375 0.390625 0.03984375 0.084375
0 0.53828125 0.39296875 0.04609375 0.075
0 0.48828125 0.39375 0.04765625 0.075
0 0.43671875 0.3921875 0.046875 0.078125
0 0.390625 0.390625 0.04140625 0.08046875
0 0.3390625 0.3796875 0.05078125 0.0984375
0 0.278125 0.38046875 0.06640625 0.0984375
0 0.21328125 0.38125 0.05078125 0.09921875
0 0.1578125 0.3796875 0.05234375 0.09765625
0 0.109375 0.384375 0.04140625 0.0890625
0 0.06640625 0.3859375 0.03203125 0.0921875
0 0.9671875 0.2578125 0.0453125 0.0953125
0 0.92265625 0.25625 0.03828125 0.0921875
0 0.8859375 0.26171875 0.03203125 0.0828125
0 0.85 0.2625 0.03359375 0.0796875
0 0.815625 0.27109375 0.03515625 0.0609375
0 0.76796875 0.2859375 0.05234375 0.0328125
0 0.71640625 0.26875 0.04140625 0.0671875
0 0.67734375 0.2640625 0.034375 0.0765625
0 0.6234375 0.27109375 0.0703125 0.0609375
0 0.5609375 0.25703125 0.04921875 0.0890625
0 0.51015625 0.26171875 0.04453125 0.0765625
0 0.45625 0.253125 0.05234375 0.09296875
0 0.4015625 0.253125 0.0515625 0.09296875
0 0.2890625 0.24765625 0.06484375 0.096875
0 0.2234375 0.24453125 0.05234375 0.1015625
0 0.16796875 0.24375 0.05078125 0.0953125
0 0.1125 0.2453125 0.04140625 0.0921875
0 0.96640625 0.9078125 0.06328125 0.06875
0 0.6375 0.39375 0.04609375 0.075
0 0.6015625 0.6171875 0.04609375 0.09296875
0 0.69296875 0.384375 0.03359375 0.0984375
0 0.7796875 0.3859375 0.04609375 0.0890625
0 0.4046875 0.61875 0.06015625 0.0890625
0 0.34921875 0.61953125 0.04765625 0.0921875
0 0.2859375 0.61640625 0.0703125 0.0984375
0 0.225 0.615625 0.04921875 0.096875
0 0.175 0.61796875 0.04765625 0.0984375
0 0.11875 0.615625 0.0515625 0.0984375
0 0.9640625 0.4984375 0.04609375 0.096875
0 0.915625 0.4984375 0.0421875 0.09296875
0 0.86796875 0.4984375 0.05 0.0953125
0 0.81953125 0.50078125 0.04296875 0.09375
0 0.77890625 0.50078125 0.03828125 0.0890625
0 0.7328125 0.50234375 0.04765625 0.0921875
0 0.68359375 0.50234375 0.04921875 0.0890625
0 0.63125 0.5015625 0.04296875 0.090625
0 0.58125 0.50234375 0.04609375 0.0921875
0 0.515625 0.50078125 0.0765625 0.090625
0 0.4375 0.50078125 0.07421875 0.0890625
0 0.3671875 0.4984375 0.0546875 0.096875
0 0.3109375 0.49921875 0.05 0.1
0 0.2625 0.49765625 0.04453125 0.09609375
0 0.215625 0.5 0.0453125 0.0953125
0 0.16484375 0.5 0.0515625 0.096875
0 0.11484375 0.5 0.04609375 0.096875
0 0.0703125 0.50234375 0.0328125 0.0984375
0 0.9578125 0.390625 0.0296875 0.08515625
0 0.9859375 0.3890625 0.0265625 0.0875
0 0.9171875 0.390625 0.04296875 0.084375
0 0.87421875 0.41640625 0.03515625 0.0296875
0 0.8296875 0.4125 0.0484375 0.040625
0 0.73203125 0.3859375 0.04296875 0.090625
0 0.83515625 0.71484375 0.01640625 0.071875