0 0.34765625 0.45390625 0.040625 0.08125
0 0.58046875 0.4578125 0.046875 0.07734375
0 0.53359375 0.45390625 0.04375 0.07890625
0 0.49140625 0.45546875 0.03359375 0.07578125
0 0.4484375 0.45546875 0.04453125 0.078125
0 0.4 0.45390625 0.0421875 0.08125
0 0.91640625 0.3265625 0.03984375 0.0828125
0 0.1625 0.45234375 0.034375 0.084375
0 0.2515625 0.45 0.03984375 0.08125
0 0.20625 0.453125 0.0421875 0.07734375
0 0.628125 0.45859375 0.0421875 0.0765625
0 0.0734375 0.44609375 0.05 0.090625
0 0.02578125 0.45390625 0.04140625 0.090625
0 0.96015625 0.33125 0.04140625 0.0875
0 0.30234375 0.4546875 0.03984375 0.0828125
0 0.671875 0.4578125 0.04296875 0.0765625
0 0.95078125 0.4640625 0.0359375 0.0734375
0 0.7671875 0.45703125 0.03984375 0.078125
0 0.434375 0.571875 0.0421875 0.07109375
0 0.390625 0.5734375 0.03828125 0.0703125
0 0.3484375 0.571875 0.0390625 0.071875
0 0.29609375 0.57421875 0.0390625 0.075
0 0.2546875 0.57421875 0.0421875 0.078125
0 0.209375 0.5734375 0.04140625 0.0765625
0 0.72109375 0.4578125 0.04453125 0.0765625
0 0.1671875 0.57578125 0.03671875 0.0703125
0 0.06953125 0.575 0.03515625 0.0703125
0 0.02421875 0.57578125 0.04609375 0.075
0 0.9859375 0.46328125 0.02734375 0.0796875
0 0.909375 0.4625 0.03671875 0.0765625
0 0.86015625 0.4609375 0.04921875 0.078125
0 0.81328125 0.45703125 0.040625 0.078125
0 0.11640625 0.57890625 0.05 0.065625
0 0.8671875 0.32890625 0.04140625 0.08046875
0 0.3984375 0.13984375 0.0453125 0.1328125
0 0.75390625 0.3296875 0.04453125 0.0828125
0 0.67734375 0.1453125 0.05390625 0.12890625
0 0.62734375 0.15 0.04296875 0.12265625
0 0.58046875 0.14609375 0.03984375 0.125
0 0.5359375 0.1453125 0.040625 0.125
0 0.4890625 0.1390625 0.04453125 0.1390625
0 0.4453125 0.1421875 0.0359375 0.12890625
0 0.73203125 0.1609375 0.04140625 0.096875
0 0.47734375 0.5734375 0.03515625 0.07421875
0 0.30390625 0.13984375 0.04375 0.12734375
0 0.21484375 0.1390625 0.0484375 0.1296875
0 0.15859375 0.1375 0.04453125 0.13203125
0 0.109375 0.14453125 0.0390625 0.11796875
0 0.06796875 0.14453125 0.03203125 0.115625
0 0.0203125 0.14453125 0.040625 0.115625
0 0.3515625 0.1390625 0.03828125 0.128125
0 0.78203125 0.165625 0.04765625 0.0953125
0 0.8359375 0.16328125 0.04453125 0.1
0 0.884375 0.165625 0.03984375 0.0984375
0 0.70703125 0.3265625 0.04375 0.09296875
0 0.653125 0.3296875 0.05546875 0.08828125
0 0.59765625 0.325 0.04921875 0.090625
0 0.54453125 0.325 0.05 0.09375
0 0.49453125 0.325 0.03984375 0.090625
0 0.44296875 0.325 0.04609375 0.09453125
0 0.3921875 0.3234375 0.04296875 0.08671875
0 0.3421875 0.31953125 0.04453125 0.09375
0 0.29375 0.321875 0.04453125 0.0921875
0 0.23828125 0.321875 0.0453125 0.08671875
0 0.18671875 0.3171875 0.04921875 0.09375
0 0.13359375 0.3171875 0.04921875 0.09375
0 0.0296875 0.31953125 0.04140625 0.08046875
0 0.98203125 0.16796875 0.0359375 0.0890625
0 0.93359375 0.16328125 0.04921875 0.1046875
0 0.81328125 0.328125 0.05234375 0.084375
0 0.51875 0.58125 0.04140625 0.0609375
0 0.2625 0.675 0.0359375 0.0828125
0 0.6078125 0.58046875 0.040625 0.06015625
0 0.01640625 0.678125 0.0328125 0.06328125
0 0.00859375 0.8 0.0171875 0.084375
0 0.03671875 0.803125 0.03046875 0.0828125
0 0.07890625 0.81796875 0.03515625 0.0578125
0 0.5640625 0.57890625 0.0390625 0.0640625
0 0.1640625 0.81875 0.03359375 0.05703125
0 0.2015625 0.81796875 0.0359375 0.0625
0 0.24140625 0.81875 0.03671875 0.05546875
0 0.28125 0.81875 0.03515625 0.05703125
0 0.35234375 0.8203125 0.03359375 0.0609375
0 0.39140625 0.8171875 0.03125 0.05625
0 0.42890625 0.81796875 0.03515625 0.0515625
0 0.05625 0.67890625 0.03359375 0.06875
0 0.47421875 0.81640625 0.04375 0.0609375
0 0.565625 0.82109375 0.03828125 0.053125
0 0.60390625 0.82109375 0.0328125 0.05859375
0 0.6421875 0.8234375 0.0328125 0.0546875
0 0.68046875 0.821875 0.03515625 0.05234375
0 0.71953125 0.82265625 0.03359375 0.053125
0 0.7578125 0.82265625 0.03515625 0.053125
0 0.79609375 0.8234375 0.040625 0.0546875
0 0.83671875 0.821875 0.034375 0.0546875
0 0.87578125 0.82265625 0.0375 0.05625
0 0.91484375 0.8234375 0.03359375 0.05390625
0 0.95234375 0.82578125 0.03203125 0.0546875
0 0.98671875 0.828125 0.02578125 0.05
0 0.51796875 0.8171875 0.03984375 0.0578125
0 0.09609375 0.67734375 0.03359375 0.06875
0 0.1265625 0.8171875 0.03671875 0.059375
0 0.17890625 0.678125 0.03828125 0.06875
0 0.653125 0.58125 0.0421875 0.0546875
0 0.69609375 0.57890625 0.0375 0.0578125
0 0.7390625 0.5828125 0.040625 0.0609375
0 0.7828125 0.578125 0.04140625 0.0640625
0 0.828125 0.584375 0.03828125 0.05859375
0 0.8703125 0.58125 0.040625 0.0609375
0 0.134375 0.68125 0.04609375 0.07421875
0 0.96875 0.58359375 0.04765625 0.05078125
0 0.98515625 0.69375 0.0296875 0.065625
0 0.9484375 0.69140625 0.03828125 0.06171875
0 0.90703125 0.6953125 0.0390625 0.0546875
0 0.86875 0.69375 0.03359375 0.046875
0 0.82734375 0.6859375 0.0484375 0.06171875
0 0.9171875 0.58125 0.04453125 0.05
0 0.74296875 0.68515625 0.034375 0.06875
0 0.78203125 0.68515625 0.0359375 0.065625
0 0.221875 0.67578125 0.034375 0.08203125
0 0.30546875 0.67421875 0.03671875 0.0828125
0 0.34296875 0.675 0.03671875 0.0828125
0 0.415625 0.67578125 0.034375 0.078125
0 0.45234375 0.6734375 0.03515625 0.08359375
0 0.38125 0.67421875 0.03359375 0.0828125
0 0.5390625 0.6765625 0.0359375 0.084375
0 0.57734375 0.6859375 0.0375 0.0609375
0 0.62265625 0.6765625 0.03359375 0.07578125
0 0.6609375 0.68203125 0.03046875 0.06875
0 0.703125 0.68359375 0.04453125 0.075
0 0.496875 0.678125 0.03671875 0.08125