0 0.10390625 0.2234375 0.07109375 0.09140625
0 0.43515625 0.6828125 0.03203125 0.09453125
0 0.39609375 0.70078125 0.04140625 0.03046875
0 0.35859375 0.71796875 0.02578125 0.05703125
0 0.33359375 0.696875 0.02109375 0.046875
0 0.29765625 0.7015625 0.02421875 0.0484375
0 0.2671875 0.71796875 0.0234375 0.0484375
0 0.22890625 0.72421875 0.021875 0.021875
0 0.20078125 0.7046875 0.02578125 0.04375
0 0.17265625 0.71953125 0.0234375 0.053125
0 0.14765625 0.71953125 0.02265625 0.0546875
0 0.128125 0.71796875 0.01328125 0.05859375
0 0.10703125 0.715625 0.028125 0.0546875
0 0.0796875 0.7171875 0.0234375 0.04765625
0 0.04453125 0.7046875 0.03359375 0.07578125
0 0.0125 0.609375 0.02265625 0.0671875
0 0.38671875 0.60625 0.028125 0.06328125
0 0.35625 0.58046875 0.02890625 0.06015625
0 0.3953125 0.04453125 0.04921875 0.0859375
0 0.3578125 0.05859375 0.021875 0.05625
0 0.33125 0.06640625 0.03125 0.0390625
0 0.29375 0.0578125 0.0359375 0.0546875
0 0.23203125 0.04921875 0.034375 0.0828125
0 0.19375 0.05 0.04296875 0.0796875
0 0.47265625 0.65859375 0.0390625 0.14453125
0 0.13671875 0.04296875 0.03828125 0.0859375
0 0.0578125 0.04375 0.040625 0.08515625
0 0.01953125 0.04609375 0.034375 0.08203125
0 0.14609375 0.590625 0.0421875 0.07109375
0 0.25078125 0.57734375 0.0359375 0.05390625
0 0.28515625 0.61015625 0.03203125 0.0640625
0 0.3203125 0.6 0.03046875 0.06015625
0 0.09765625 0.04453125 0.03984375 0.0859375
0 0.51328125 0.6546875 0.040625 0.13828125
0 0.5515625 0.67734375 0.03203125 0.12265625
0 0.59609375 0.70078125 0.05625 0.06953125
0 0.36484375 0.8765625 0.05625 0.1234375
0 0.41796875 0.80625 0.0390625 0.09765625
0 0.46484375 0.87890625 0.0515625 0.1203125
0 0.5125 0.8671875 0.04296875 0.14296875
0 0.55859375 0.8265625 0.04296875 0.11640625
0 0.609375 0.84296875 0.0515625 0.13828125
0 0.31640625 0.8671875 0.03984375 0.13515625
0 0.66171875 0.84140625 0.0515625 0.14140625
0 0.77265625 0.8953125 0.0515625 0.08203125
0 0.7515625 0.78203125 0.0484375 0.053125
0 0.81640625 0.85234375 0.03515625 0.0546875
0 0.88984375 0.88671875 0.05 0.06953125
0 0.89921875 0.790625 0.03671875 0.07734375
0 0.18515625 0.22421875 0.08046875 0.09453125
0 0.70703125 0.8375 0.03203125 0.090625
0 0.44609375 0.046875 0.05078125 0.090625
0 0.27890625 0.86875 0.03125 0.13828125
0 0.19375 0.84609375 0.03984375 0.12265625
0 0.65546875 0.62265625 0.046875 0.07109375
0 0.65234375 0.69609375 0.0453125 0.0734375
0 0.69921875 0.7 0.04375 0.0703125
0 0.74609375 0.69375 0.04765625 0.08203125
0 0.790625 0.68671875 0.03203125 0.096875
0 0.8359375 0.6640625 0.0578125 0.14453125
0 0.24296875 0.86953125 0.03828125 0.13515625
0 0.8875 0.65 0.0453125 0.134375
0 0.9296875 0.67265625 0.03515625 0.05625
0 0.0109375 0.87734375 0.021875 0.12265625
0 0.03984375 0.878125 0.034375 0.11953125
0 0.07578125 0.9 0.0359375 0.0953125
0 0.11171875 0.87421875 0.0234375 0.08359375
0 0.14453125 0.88046875 0.040625 0.12734375
0 0.93125 0.61875 0.03671875 0.05078125
0 0.4984375 0.04765625 0.05546875 0.090625
0 0.97109375 0.83046875 0.0578125 0.14609375
0 0.6015625 0.04765625 0.04609375 0.0875
0 0.221875 0.33828125 0.01875 0.07734375
0 0.17734375 0.3484375 0.04921875 0.08515625
0 0.121875 0.346875 0.053125 0.08515625
0 0.06796875 0.35078125 0.0484375 0.09140625
0 0.021875 0.35234375 0.04140625 0.09140625
0 0.96640625 0.06484375 0.0390625 0.06640625
0 0.9828125 0.2109375 0.02890625 0.03359375
0 0.95546875 0.190625 0.02265625 0.06953125
0 0.93125 0.18359375 0.02734375 0.08203125
0 0.8875 0.184375 0.05859375 0.08203125
0 0.8359375 0.1875 0.0453125 0.075
0 0.76796875 0.18671875 0.0234375 0.0578125
0 0.73828125 0.18984375 0.03203125 0.078125
0 0.25703125 0.35078125 0.0484375 0.0859375
0 0.0421875 0.615625 0.0390625 0.06171875
0 0.0375 0.22265625 0.06484375 0.09296875
0 0.92265625 0.06171875 0.0453125 0.0640625
0 0.8234375 0.06484375 0.0578125 0.0609375
0 0.784375 0.0703125 0.01953125 0.0484375
0 0.6875 0.175 0.03203125 0.0828125
0 0.65703125 0.17734375 0.0296875 0.0859375
0 0.621875 0.17734375 0.03125 0.084375
0 0.58828125 0.17890625 0.02734375 0.08984375
0 0.55078125 0.19140625 0.03984375 0.06953125
0 0.5125 0.1734375 0.02421875 0.0859375
0 0.48046875 0.178125 0.03203125 0.07890625
0 0.440625 0.175 0.03046875 0.08828125
0 0.40703125 0.17109375 0.0328125 0.09296875
0 0.10234375 0.58203125 0.0375 0.05390625
0 0.3078125 0.3765625 0.03984375 0.03828125
0 0.4265625 0.3078125 0.071875 0.12421875
0 0.4984375 0.32265625 0.06484375 0.09609375
0 0.98828125 0.49140625 0.0234375 0.1046875
0 0.9375 0.49375 0.03671875 0.11171875
0 0.88984375 0.49453125 0.046875 0.10234375
0 0.80546875 0.484375 0.021875 0.1328125
0 0.7765625 0.48046875 0.0359375 0.140625
0 0.71796875 0.4625 0.05390625 0.12890625
0 0.66171875 0.46484375 0.04921875 0.13203125
0 0.61484375 0.4828125 0.03828125 0.12734375
0 0.5625 0.4921875 0.05390625 0.1203125
0 0.5125 0.4984375 0.0453125 0.1078125
0 0.465625 0.49765625 0.03671875 0.11171875
0 0.4265625 0.4625 0.0375 0.11484375
0 0.3703125 0.48359375 0.05 0.0890625
0 0.31484375 0.4828125 0.0609375 0.08984375
0 0.2734375 0.48359375 0.021875 0.0890625
0 0.24921875 0.48203125 0.02734375 0.0921875
0 0.2 0.48203125 0.06171875 0.0921875
0 0.12734375 0.48203125 0.06015625 0.09296875
0 0.07890625 0.46328125 0.0328125 0.0796875
0 0.00859375 0.4890625 0.015625 0.10390625
0 0.975 0.334375 0.034375 0.0578125
0 0.925 0.3171875 0.0578125 0.08828125
0 0.853125 0.25546875 0.06171875 0.034375
0 0.853125 0.3203125 0.040625 0.08828125
0 0.8078125 0.33203125 0.04921875 0.0765625
0 0.74765625 0.3296875 0.0640625 0.078125
0 0.675 0.30703125 0.03125 0.11328125
0 0.6203125 0.31484375 0.04921875 0.084375
0 0.5640625 0.32109375 0.06171875 0.096875
0 0.3109375 0.225 0.0515625 0.08671875
0 0.55078125 0.046875 0.0484375 0.090625
0 0.87890625 0.0625 0.0421875 0.06484375
0 0.7578125 0.06328125 0.03828125 0.0640625
0 0.64609375 0.059375 0.0390625 0.0609375
0 0.68671875 0.05859375 0.04296875 0.0625
0 0.7234375 0.06328125 0.03046875 0.0640625
0 0.25546875 0.228125 0.0578125 0.08671875