0 0.01875 0.69296875 0.03671875 0.08671875
0 0.8296875 0.59296875 0.0296875 0.0515625
0 0.1015625 0.81796875 0.03515625 0.071875
0 0.1515625 0.81796875 0.06328125 0.07578125
0 0.21171875 0.81875 0.05703125 0.0734375
0 0.2671875 0.81640625 0.0515625 0.075
0 0.32734375 0.81875 0.06015625 0.07578125
0 0.390625 0.8453125 0.0671875 0.0203125
0 0.3890625 0.8265625 0.071875 0.015625
0 0.390625 0.809375 0.0734375 0.01953125
0 0.46171875 0.81328125 0.06328125 0.07265625
0 0.51015625 0.8140625 0.03359375 0.0734375
0 0.0578125 0.8171875 0.03359375 0.07578125
0 0.54453125 0.8140625 0.034375 0.07421875
0 0.61484375 0.8078125 0.0359375 0.0640625
0 0.646875 0.8125 0.03046875 0.0734375
0 0.6796875 0.8140625 0.03203125 0.0734375
0 0.6875 0.33515625 0.03203125 0.01796875
0 0.0296875 0.3375 0.059375 0.09375
0 0.975 0.815625 0.0390625 0.065625
0 0.934375 0.8140625 0.0390625 0.06640625
0 0.8953125 0.81171875 0.03515625 0.07109375
0 0.740625 0.81015625 0.034375 0.06640625
0 0.7765625 0.81015625 0.03359375 0.0671875
0 0.5796875 0.8078125 0.03359375 0.0640625
0 0.78515625 0.60546875 0.04140625 0.06875
0 0.01796875 0.815625 0.03515625 0.06953125
0 0.80078125 0.70703125 0.1046875 0.06484375
0 0.8625 0.6046875 0.03359375 0.071875
0 0.91484375 0.63203125 0.0484375 0.02734375
0 0.9625 0.63359375 0.04453125 0.0296875
0 0.9171875 0.6015625 0.0515625 0.02890625
0 0.96484375 0.6015625 0.04296875 0.03046875
0 0.06640625 0.70078125 0.05078125 0.07734375
0 0.11328125 0.71171875 0.04296875 0.0703125
0 0.153125 0.7109375 0.034375 0.0703125
0 0.190625 0.71015625 0.03984375 0.0671875
0 0.23046875 0.71015625 0.0375 0.065625
0 0.93359375 0.70859375 0.1328125 0.06875
0 0.26796875 0.71015625 0.0375 0.0671875
0 0.340625 0.7109375 0.03359375 0.06640625
0 0.375 0.7109375 0.0359375 0.06640625
0 0.41015625 0.709375 0.03359375 0.06328125
0 0.43984375 0.7078125 0.02578125 0.065625
0 0.5046875 0.70859375 0.03359375 0.06875
0 0.5359375 0.70859375 0.028125 0.06796875
0 0.57734375 0.725 0.04921875 0.03515625
0 0.628125 0.7234375 0.05 0.03125
0 0.703125 0.709375 0.0890625 0.06171875
0 0.61875 0.690625 0.046875 0.0328125
0 0.30546875 0.7109375 0.0359375 0.06640625
0 0.4703125 0.70859375 0.03359375 0.0671875
0 0.15390625 0.6234375 0.05859375 0.0421875
0 0.71171875 0.6046875 0.0390625 0.075
0 0.5125 0.35546875 0.0296875 0.0640625
0 0.48125 0.35625 0.03125 0.06328125
0 0.4484375 0.3546875 0.034375 0.0625
0 0.41484375 0.35390625 0.03125 0.0640625
0 0.3828125 0.34375 0.0296875 0.0828125
0 0.74921875 0.6046875 0.03203125 0.07109375
0 0.9109375 0.3515625 0.04921875 0.07109375
0 0.54296875 0.3578125 0.03359375 0.0640625
0 0.94609375 0.353125 0.01953125 0.0671875
0 0.09453125 0.49296875 0.0375 0.07578125
0 0.13359375 0.48984375 0.03671875 0.06953125
0 0.178125 0.48984375 0.03984375 0.071875
0 0.21484375 0.49140625 0.0359375 0.06953125
0 0.24765625 0.4953125 0.025 0.078125
0 0.28046875 0.49609375 0.03046875 0.07421875
0 0.32421875 0.4953125 0.0421875 0.07578125
0 0.0359375 0.4921875 0.07109375 0.07578125
0 0.57578125 0.3578125 0.0328125 0.0640625
0 0.60625 0.36015625 0.02890625 0.06640625
0 0.63515625 0.3640625 0.02578125 0.05703125
0 0.11171875 0.2015625 0.1984375 0.1171875
0 0.29453125 0.2109375 0.16640625 0.1015625
0 0.46484375 0.21328125 0.17109375 0.10625
0 0.6359375 0.21328125 0.16953125 0.10390625
0 0.8078125 0.2140625 0.171875 0.1046875
0 0.9484375 0.225 0.09296875 0.0921875
0 0.08671875 0.3390625 0.04375 0.08828125
0 0.13671875 0.33828125 0.0578125 0.0890625
0 0.190625 0.33828125 0.046875 0.08984375
0 0.23671875 0.340625 0.04375 0.084375
0 0.28203125 0.33984375 0.0375 0.0875
0 0.31953125 0.33828125 0.0359375 0.090625
0 0.3515625 0.3390625 0.0265625 0.09140625
0 0.834375 0.3703125 0.046875 0.0328125
0 0.778125 0.3671875 0.05 0.0453125
0 0.725 0.3671875 0.05625 0.0453125
0 0.67265625 0.36875 0.04609375 0.04765625
0 0.36640625 0.4953125 0.040625 0.07421875
0 0.40703125 0.49453125 0.0390625 0.075
0 0.85859375 0.8046875 0.03984375 0.05859375
0 0.48828125 0.49609375 0.040625 0.075
0 0.446875 0.49609375 0.040625 0.07421875
0 0.09453125 0.625 0.0625 0.040625
0 0.03671875 0.625 0.05 0.04140625
0 0.8171875 0.80546875 0.04140625 0.05859375
0 0.21328125 0.62109375 0.06015625 0.0390625
0 0.28046875 0.6234375 0.07109375 0.0359375
0 0.35390625 0.625 0.075 0.03828125
0 0.35625 0.58203125 0.0515625 0.03046875
0 0.4375 0.6046875 0.0921875 0.0734375
0 0.5296875 0.603125 0.0890625 0.0734375
0 0.5984375 0.60390625 0.0375 0.07578125
0 0.63671875 0.6046875 0.0375 0.075
0 0.9828125 0.49609375 0.034375 0.0203125
0 0.93671875 0.5203125 0.04765625 0.02578125
0 0.5296875 0.49609375 0.04140625 0.07421875
0 0.98046875 0.5203125 0.0390625 0.02578125
0 0.65 0.496875 0.03359375 0.0734375
0 0.6875 0.496875 0.04140625 0.075
0 0.725 0.49609375 0.0375 0.07421875
0 0.61171875 0.49609375 0.04296875 0.071875
0 0.79609375 0.49609375 0.040625 0.075
0 0.67421875 0.603125 0.03359375 0.071875
0 0.8359375 0.4953125 0.03828125 0.07421875
0 0.87578125 0.4953125 0.03359375 0.078125
0 0.76015625 0.5 0.02890625 0.06640625