0 0.44609375 0.51328125 0.0265625 0.06328125
0 0.41171875 0.515625 0.03046875 0.05078125
0 0.3734375 0.5125 0.021875 0.05703125
0 0.81953125 0.42265625 0.0328125 0.0609375
0 0.32109375 0.50390625 0.06953125 0.0234375
0 0.47578125 0.5203125 0.01875 0.05078125
0 0.421875 0.42421875 0.05546875 0.0515625
0 0.31328125 0.53359375 0.07265625 0.02109375
0 0.49765625 0.51953125 0.015625 0.05078125
0 0.8875 0.4328125 0.02421875 0.03984375
0 0.546875 0.4296875 0.04921875 0.04609375
0 0.60234375 0.41640625 0.05390625 0.065625
0 0.95703125 0.4328125 0.0421875 0.0421875
0 0.91796875 0.4328125 0.0234375 0.03828125
0 0.85546875 0.42265625 0.02890625 0.0609375
0 0.78125 0.41640625 0.02734375 0.07265625
0 0.315625 0.41875 0.0734375 0.053125
0 0.49296875 0.4234375 0.04609375 0.053125
0 0.20390625 0.45390625 0.04140625 0.05703125
0 0.7453125 0.51640625 0.0828125 0.06328125
0 0.08046875 0.453125 0.028125 0.05703125
0 0.88046875 0.51875 0.0296875 0.0609375
0 0.74453125 0.41875 0.0375 0.0734375
0 0.8421875 0.521875 0.03359375 0.06015625
0 0.80703125 0.51875 0.03125 0.05859375
0 0.68515625 0.5234375 0.0265625 0.05234375
0 0.65 0.52109375 0.02578125 0.0515625
0 0.6203125 0.51484375 0.0296875 0.0609375
0 0.578125 0.51015625 0.04296875 0.0734375
0 0.12578125 0.4609375 0.03828125 0.04609375
0 0.52890625 0.5125 0.0296875 0.06640625
0 0.2125 0.5359375 0.0359375 0.04765625
0 0.028125 0.51484375 0.05546875 0.02890625
0 0.02890625 0.54609375 0.0484375 0.025
0 0.075 0.53671875 0.021875 0.04453125
0 0.10859375 0.53671875 0.025 0.0453125
0 0.13828125 0.53828125 0.0328125 0.0453125
0 0.175 0.5359375 0.02578125 0.04609375
0 0.03984375 0.465625 0.03984375 0.03515625
0 0.25390625 0.540625 0.0328125 0.03515625
0 0.23359375 0.3859375 0.03984375 0.04140625
0 0.6421875 0.140625 0.03984375 0.03671875
0 0.13984375 0.3828125 0.04921875 0.0453125
0 0.57734375 0.1765625 0.0625 0.02265625
0 0.57890625 0.14765625 0.065625 0.03046875
0 0.58359375 0.11484375 0.05625 0.0265625
0 0.51484375 0.146875 0.0578125 0.02734375
0 0.44375 0.1453125 0.059375 0.0265625
0 0.44296875 0.11484375 0.06484375 0.02890625
0 0.43828125 0.08515625 0.06953125 0.028125
0 0.44375 0.05703125 0.0578125 0.02734375
0 0.51171875 0.08359375 0.06015625 0.0265625
0 0.5125 0.1171875 0.05390625 0.025
0 0.6375 0.17734375 0.04296875 0.028125
0 0.67890625 0.18828125 0.0328125 0.0140625
0 0.73125 0.16484375 0.06015625 0.05859375
0 0.79765625 0.16640625 0.0609375 0.059375
0 0.85859375 0.184375 0.04296875 0.02109375
0 0.35390625 0.72578125 0.034375 0.01796875
0 0.94765625 0.51484375 0.1046875 0.0703125
0 0.50546875 0.17734375 0.05234375 0.0265625
0 0.44921875 0.17734375 0.0546875 0.02890625
0 0.3828125 0.1796875 0.0578125 0.02421875
0 0.33515625 0.1734375 0.0234375 0.03359375
0 0.0828125 0.38046875 0.046875 0.0421875
0 0.0328125 0.3796875 0.02421875 0.046875
0 0.0078125 0.37890625 0.01484375 0.04765625
0 0.2265625 0.3046875 0.07421875 0.0453125
0 0.171875 0.31171875 0.01875 0.03203125
0 0.1421875 0.30859375 0.01796875 0.0328125
0 0.11328125 0.30703125 0.015625 0.03984375
0 0.0921875 0.3046875 0.01953125 0.03515625
0 0.18984375 0.38515625 0.046875 0.0421875
0 0.06015625 0.3078125 0.0296875 0.02890625
0 0.02109375 0.25859375 0.0421875 0.0546875
0 0.0203125 0.16953125 0.040625 0.03203125
0 0.06484375 0.16015625 0.03125 0.05078125
0 0.10625 0.17109375 0.0203125 0.02890625
0 0.13046875 0.17265625 0.0234375 0.028125
0 0.17421875 0.16640625 0.0421875 0.03828125
0 0.24375 0.15546875 0.08125 0.05859375
0 0.30546875 0.175 0.01953125 0.02890625
0 0.028125 0.30859375 0.02578125 0.028125
0 0.31875 0.27578125 0.08359375 0.14375
0 0.3078125 0.7171875 0.05 0.0140625
0 0.47734375 0.2890625 0.06875 0.1265625
0 0.5890625 0.64296875 0.065625 0.01171875
0 0.64296875 0.66875 0.0484375 0.0265625
0 0.58671875 0.67421875 0.05625 0.02578125
0 0.5265625 0.6671875 0.04765625 0.02734375
0 0.403125 0.29609375 0.06015625 0.1125
0 0.47734375 0.6421875 0.0421875 0.0109375
0 0.4109375 0.6421875 0.06171875 0.0203125
0 0.40625 0.6734375 0.05390625 0.02109375
0 0.3265625 0.653125 0.08046875 0.01484375
0 0.3140625 0.6828125 0.06640625 0.01875
0 0.88671875 0.6734375 0.03828125 0.0296875
0 0.95859375 0.6515625 0.05546875 0.0203125
0 0.953125 0.6796875 0.05625 0.0234375
0 0.6125 0.60546875 0.065625 0.0171875
0 0.5046875 0.609375 0.07578125 0.021875
0 0.39375 0.61015625 0.075 0.015625
0 0.396875 0.59140625 0.0765625 0.015625
0 0.7046875 0.678125 0.05 0.02265625
0 0.31015625 0.596875 0.065625 0.0390625
0 0.765625 0.678125 0.046875 0.02265625
0 0.70703125 0.6453125 0.05234375 0.01875
0 0.19140625 0.890625 0.046875 0.0421875
0 0.23515625 0.89453125 0.02578125 0.03125
0 0.2890625 0.88046875 0.025 0.0359375
0 0.33515625 0.90078125 0.04296875 0.0484375
0 0.3984375 0.8828125 0.0375 0.0484375
0 0.44453125 0.878125 0.0359375 0.0421875
0 0.49140625 0.8828125 0.04765625 0.03984375
0 0.58359375 0.88671875 0.0453125 0.05625
0 0.65078125 0.9046875 0.0265625 0.01796875
0 0.6640625 0.88125 0.028125 0.01484375
0 0.69140625 0.90859375 0.0234375 0.01796875
0 0.72421875 0.896875 0.03046875 0.01171875
0 0.71796875 0.875 0.0390625 0.01484375
0 0.965625 0.8875 0.025 0.053125
0 0.9015625 0.9015625 0.03828125 0.03046875
0 0.9 0.8796875 0.05078125 0.01328125
0 0.8296875 0.65234375 0.06015625 0.021875
0 0.76796875 0.64609375 0.0546875 0.02421875
0 0.0640625 0.88359375 0.04609375 0.053125
0 0.2328125 0.621875 0.0734375 0.028125
0 0.07109375 0.6203125 0.0734375 0.0265625
0 0.5875 0.8171875 0.0578125 0.01796875
0 0.51796875 0.80625 0.0390625 0.0328125
0 0.0171875 0.81953125 0.034375 0.03046875
0 0.07890625 0.82109375 0.06796875 0.028125
0 0.2171875 0.8140625 0.0625 0.01953125
0 0.2859375 0.8140625 0.0234375 0.04765625
0 0.36484375 0.8078125 0.05625 0.0453125
0 0.0796875 0.746875 0.07890625 0.02890625
0 0.23515625 0.74453125 0.0609375 0.0328125
0 0.29453125 0.75078125 0.03984375 0.0234375
0 0.34375 0.75390625 0.04453125 0.01875
0 0.39296875 0.7484375 0.03515625 0.01796875
0 0.44140625 0.74296875 0.0421875 0.01796875
0 0.45703125 0.71640625 0.028125 0.015625
0 0.48984375 0.72734375 0.034375 0.025
0 0.409375 0.7203125 0.046875 0.01328125
0 0.97421875 0.746875 0.04296875 0.0328125
0 0.59921875 0.8359375 0.05859375 0.01015625
0 0.1546875 0.621875 0.07109375 0.025
0 0.65390625 0.8109375 0.046875 0.0421875
0 0.865625 0.8203125 0.04609375 0.03125
0 0.01328125 0.6078125 0.025 0.05
0 0.1515625 0.671875 0.03828125 0.04453125
0 0.0984375 0.6796875 0.034375 0.053125
0 0.0265625 0.684375 0.053125 0.0421875
0 0.53125 0.721875 0.03671875 0.0234375
0 0.58125 0.725 0.04453125 0.0234375
0 0.628125 0.73046875 0.0390625 0.0265625
0 0.675 0.74375 0.0484375 0.046875
0 0.72578125 0.73671875 0.04609375 0.04140625
0 0.76875 0.7390625 0.03671875 0.0453125
0 0.8265625 0.75625 0.046875 0.01328125
0 0.80625 0.72578125 0.02890625 0.02265625
0 0.84765625 0.73125 0.03046875 0.025
0 0.925 0.75078125 0.04296875 0.0375
0 0.84453125 0.8984375 0.0515625 0.034375
0 0.7796875 0.8953125 0.06015625 0.03671875
0 0.9140625 0.821875 0.03984375 0.03046875
0 0.96015625 0.81875 0.0359375 0.0328125
0 0.01640625 0.88125 0.03125 0.05703125
0 0.4734375 0.671875 0.0484375 0.0328125
0 0.7953125 0.61015625 0.04140625 0.01953125
0 0.88359375 0.60859375 0.08359375 0.03203125
0 0.8265625 0.68125 0.0546875 0.0234375
0 0.7125 0.60859375 0.07578125 0.0234375
0 0.8875 0.31875 0.11640625 0.07109375
0 0.96640625 0.6109375 0.06171875 0.02421875
0 0.778125 0.31796875 0.0265625 0.07109375
0 0.71875 0.31328125 0.06484375 0.0828125
0 0.6375 0.31015625 0.07578125 0.0859375
0 0.5625 0.28984375 0.0640625 0.1234375
0 0.8046875 0.31875 0.01875 0.075