0 0.19296875 0.47265625 0.06015625 0.03125
0 0.19140625 0.4375 0.0609375 0.0328125
0 0.12890625 0.47109375 0.0640625 0.0328125
0 0.1265625 0.43671875 0.0640625 0.0328125
0 0.0640625 0.47421875 0.0625 0.028125
0 0.0625 0.44609375 0.059375 0.02734375
0 0.04765625 0.3125 0.084375 0.0359375
0 0.04765625 0.35 0.0859375 0.03359375
0 0.25390625 0.440625 0.05703125 0.03125
0 0.121875 0.35078125 0.0609375 0.034375
0 0.1203125 0.31484375 0.059375 0.034375
0 0.1859375 0.35078125 0.0640625 0.034375
0 0.184375 0.3140625 0.0671875 0.0359375
0 0.0609375 0.41640625 0.06171875 0.0296875
0 0.31328125 0.43984375 0.06015625 0.0328125
0 0.4890625 0.46640625 0.04453125 0.015625
0 0.31484375 0.4734375 0.05625 0.0296875
0 0.67265625 0.828125 0.06796875 0.0328125
0 0.73984375 0.82265625 0.05859375 0.0453125
0 0.8 0.8203125 0.05859375 0.04921875
0 0.8609375 0.803125 0.05546875 0.02578125
0 0.86015625 0.83046875 0.05234375 0.025
0 0.9203125 0.81171875 0.059375 0.0609375
0 0.25546875 0.4734375 0.0578125 0.03125
0 0.97578125 0.8109375 0.04765625 0.06640625
0 0.91484375 0.4609375 0.0921875 0.01328125
0 0.821875 0.44140625 0.08671875 0.10390625
0 0.728125 0.4390625 0.09296875 0.1078125
0 0.625 0.4375 0.10234375 0.10625
0 0.54296875 0.46171875 0.05078125 0.021875
0 0.4296875 0.46171875 0.05234375 0.0203125
0 0.91484375 0.4734375 0.09453125 0.01015625
0 0.21328125 0.6875 0.06484375 0.028125
0 0.4140625 0.690625 0.05703125 0.025
0 0.215625 0.71796875 0.06640625 0.0296875
0 0.14609375 0.68984375 0.06640625 0.0265625
0 0.4078125 0.58125 0.04140625 0.0734375
0 0.45078125 0.58125 0.04296875 0.0734375
0 0.4984375 0.58203125 0.04453125 0.06953125
0 0.54453125 0.58125 0.03984375 0.07265625
0 0.28515625 0.7171875 0.06796875 0.02890625
0 0.28359375 0.68515625 0.071875 0.03046875
0 0.35390625 0.71796875 0.06015625 0.025
0 0.35234375 0.69375 0.06171875 0.02109375
0 0.353125 0.66953125 0.0625 0.02578125
0 0.61015625 0.5703125 0.08359375 0.0953125
0 0.72265625 0.58515625 0.13203125 0.065625
0 0.8453125 0.58203125 0.10234375 0.0734375
0 0.94921875 0.58203125 0.1015625 0.0703125
0 0.9453125 0.6859375 0.109375 0.08125
0 0.81640625 0.6890625 0.14765625 0.0859375
0 0.684375 0.68984375 0.11328125 0.084375
0 0.5984375 0.68828125 0.05546875 0.028125
0 0.59609375 0.71796875 0.05703125 0.0265625
0 0.540625 0.68828125 0.05546875 0.028125
0 0.540625 0.7171875 0.05234375 0.028125
0 0.4765625 0.68203125 0.06484375 0.03125
0 0.478125 0.71484375 0.06640625 0.03125
0 0.603125 0.79296875 0.06953125 0.03125
0 0.53515625 0.8234375 0.05859375 0.034375
0 0.47734375 0.8171875 0.05078125 0.05234375
0 0.42109375 0.8171875 0.05625 0.0515625
0 0.08984375 0.69140625 0.04140625 0.0859375
0 0.040625 0.6921875 0.0515625 0.08671875
0 0.0203125 0.8046875 0.03984375 0.02734375
0 0.02109375 0.83359375 0.0421875 0.02578125
0 0.07421875 0.80859375 0.06328125 0.0265625
0 0.075 0.834375 0.0609375 0.02421875
0 0.13671875 0.80859375 0.06015625 0.025
0 0.1375 0.83515625 0.0609375 0.025
0 0.1953125 0.821875 0.05390625 0.04921875
0 0.253125 0.8203125 0.05390625 0.04921875
0 0.67578125 0.7953125 0.06796875 0.03203125
0 0.14609375 0.71875 0.06875 0.0296875
0 0.603125 0.82734375 0.06796875 0.0328125
0 0.9828125 0.45546875 0.03359375 0.0828125
0 0.040625 0.5765625 0.06171875 0.1
0 0.10546875 0.5734375 0.06171875 0.09375
0 0.16171875 0.578125 0.046875 0.0828125
0 0.21484375 0.57734375 0.053125 0.08515625
0 0.26484375 0.57890625 0.04453125 0.084375
0 0.3140625 0.5796875 0.05078125 0.08203125
0 0.36328125 0.58203125 0.04140625 0.075
0 0.25078125 0.353125 0.06171875 0.028125
0 0.3078125 0.81875 0.05234375 0.0484375
0 0.36328125 0.815625 0.0546875 0.053125
0 0.91328125 0.48671875 0.09140625 0.0125
0 0.2484375 0.32109375 0.059375 0.0328125
0 0.4140625 0.71796875 0.05703125 0.0265625
0 0.44609375 0.171875 0.0875 0.034375
0 0.54609375 0.3265625 0.04765625 0.0859375
0 0.62578125 0.30234375 0.1046875 0.1046875
0 0.7734375 0.30390625 0.06015625 0.1046875
0 0.86328125 0.3171875 0.11328125 0.075
0 0.96171875 0.31875 0.0765625 0.0765625
0 0.9671875 0.1921875 0.065625 0.07421875
0 0.44296875 0.03671875 0.08828125 0.03359375
0 0.44375 0.07265625 0.08828125 0.034375
0 0.534375 0.03828125 0.08828125 0.034375
0 0.53359375 0.0734375 0.08828125 0.034375
0 0.634375 0.05546875 0.10390625 0.1078125
0 0.74140625 0.059375 0.10546875 0.1015625
0 0.8484375 0.0578125 0.09921875 0.10625
0 0.49296875 0.32421875 0.05078125 0.08984375
0 0.9515625 0.0578125 0.096875 0.115625
0 0.74765625 0.1890625 0.11875 0.071875
0 0.63359375 0.1921875 0.10234375 0.06953125
0 0.53515625 0.2078125 0.0875 0.034375
0 0.5359375 0.1703125 0.0875 0.034375
0 0.4453125 0.20703125 0.0859375 0.034375
0 0.0890625 0.1609375 0.09453125 0.040625
0 0.08984375 0.2046875 0.09453125 0.040625
0 0.18359375 0.16015625 0.09296875 0.040625
0 0.184375 0.20234375 0.090625 0.040625
0 0.2734375 0.16796875 0.08203125 0.034375
0 0.27421875 0.203125 0.08203125 0.034375
0 0.36015625 0.16796875 0.08203125 0.034375
0 0.359375 0.20390625 0.08203125 0.034375
0 0.87109375 0.19140625 0.12421875 0.0734375
0 0.43515625 0.321875 0.05234375 0.0953125
0 0.7109375 0.30234375 0.0578125 0.10625
0 0.3765625 0.353125 0.0625 0.0328125
0 0.37578125 0.31796875 0.06015625 0.034375
0 0.0703125 0.02578125 0.09296875 0.040625
0 0.36640625 0.075 0.06015625 0.034375
0 0.36796875 0.0390625 0.06015625 0.034375
0 0.30546875 0.03984375 0.06015625 0.034375
0 0.2421875 0.075 0.06015625 0.034375
0 0.303125 0.075 0.06015625 0.034375
0 0.0703125 0.06953125 0.09296875 0.04375
0 0.16484375 0.06875 0.0875 0.040625
0 0.24296875 0.0390625 0.06015625 0.034375
0 0.31328125 0.3515625 0.06015625 0.0328125
0 0.31171875 0.315625 0.0625 0.0359375
0 0.1640625 0.02734375 0.08984375 0.04140625