0 0.921875 0.540625 0.040625 0.10234375
0 0.6078125 0.60078125 0.053125 0.1046875
0 0.86953125 0.5390625 0.05078125 0.09921875
0 0.81640625 0.53828125 0.0421875 0.10390625
0 0.6671875 0.5984375 0.046875 0.1046875
0 0.97578125 0.4109375 0.04765625 0.11328125
0 0.4828125 0.59609375 0.0484375 0.1046875
0 0.425 0.59375 0.04765625 0.10234375
0 0.35703125 0.596875 0.053125 0.10234375
0 0.29921875 0.59296875 0.0484375 0.10625
0 0.2984375 0.72109375 0.04140625 0.1
0 0.53984375 0.5984375 0.0515625 0.1109375
0 0.3578125 0.725 0.05859375 0.10234375
0 0.62890625 0.1765625 0.05546875 0.12109375
0 0.484375 0.7234375 0.0546875 0.10546875
0 0.53984375 0.72109375 0.04765625 0.103125
0 0.60546875 0.725 0.04609375 0.10234375
0 0.66640625 0.7296875 0.05 0.10234375
0 0.7796875 0.65546875 0.1078125 0.08984375
0 0.871875 0.65859375 0.059375 0.084375
0 0.9359375 0.66015625 0.06640625 0.0828125
0 0.74609375 0.76171875 0.05703125 0.08828125
0 0.8140625 0.76328125 0.06328125 0.084375
0 0.87890625 0.7609375 0.0578125 0.08515625
0 0.94609375 0.76484375 0.065625 0.07890625
0 0.91875 0.41328125 0.059375 0.10546875
0 0.41796875 0.7234375 0.053125 0.10546875
0 0.8609375 0.41015625 0.05390625 0.1109375
0 0.61796875 0.32578125 0.0578125 0.11328125
0 0.7578125 0.4140625 0.05078125 0.1078125
0 0.30546875 0.1734375 0.05546875 0.11484375
0 0.3640625 0.171875 0.0484375 0.12109375
0 0.4265625 0.1703125 0.05 0.1234375
0 0.4890625 0.1734375 0.05625 0.125
0 0.56171875 0.17421875 0.059375 0.12265625
0 0.68515625 0.178125 0.04921875 0.1234375
0 0.7765625 0.12890625 0.04375 0.13359375
0 0.90234375 0.12421875 0.190625 0.140625
0 0.2921875 0.31640625 0.05078125 0.11328125
0 0.36328125 0.31796875 0.06171875 0.1140625
0 0.42890625 0.31875 0.05078125 0.11796875
0 0.48984375 0.32109375 0.05859375 0.11328125
0 0.5546875 0.3234375 0.05703125 0.11484375
0 0.29296875 0.86015625 0.04296875 0.09609375
0 0.68046875 0.32890625 0.05234375 0.11953125
0 0.77265625 0.27890625 0.04453125 0.12109375
0 0.82265625 0.27421875 0.04765625 0.1265625
0 0.97109375 0.28125 0.0578125 0.1109375
0 0.29921875 0.4609375 0.05625 0.1078125
0 0.3578125 0.4625 0.05 0.10859375
0 0.43203125 0.45859375 0.04921875 0.109375
0 0.48828125 0.46328125 0.0546875 0.10703125
0 0.54765625 0.4625 0.03984375 0.10546875
0 0.60546875 0.4625 0.0578125 0.10546875
0 0.6703125 0.46484375 0.06015625 0.1125
0 0.8078125 0.41171875 0.03984375 0.11015625
0 0.35078125 0.86171875 0.053125 0.09921875
0 0.97109375 0.5390625 0.0578125 0.10546875
0 0.47890625 0.8578125 0.04375 0.0984375
0 0.10859375 0.60078125 0.025 0.03671875
0 0.140625 0.6 0.0171875 0.04140625
0 0.1625 0.6015625 0.02265625 0.03828125
0 0.18828125 0.60078125 0.02578125 0.0390625
0 0.015625 0.665625 0.01875 0.03828125
0 0.040625 0.6671875 0.0234375 0.0390625
0 0.06875 0.665625 0.0234375 0.0375
0 0.09921875 0.665625 0.02578125 0.0390625
0 0.12265625 0.6640625 0.0171875 0.03828125
0 0.14609375 0.66328125 0.0234375 0.03984375
0 0.175 0.66328125 0.02421875 0.03828125
0 0.19921875 0.6640625 0.0234375 0.03671875
0 0.02578125 0.72734375 0.02265625 0.0359375
0 0.05 0.72890625 0.01875 0.04140625
0 0.07578125 0.72890625 0.02109375 0.0359375
0 0.10078125 0.728125 0.02109375 0.0375
0 0.12265625 0.72734375 0.01796875 0.040625
0 0.1109375 0.86171875 0.05 0.078125
0 0.0484375 0.86640625 0.0640625 0.07265625
0 0.19921875 0.78828125 0.0234375 0.03515625
0 0.175 0.7875 0.0234375 0.0359375
0 0.15078125 0.7875 0.015625 0.034375
0 0.1265625 0.78828125 0.0203125 0.034375
0 0.08828125 0.59921875 0.01328125 0.0390625
0 0.103125 0.7875 0.01796875 0.03359375
0 0.05859375 0.78828125 0.01875 0.03515625
0 0.03515625 0.78828125 0.025 0.0375
0 0.009375 0.78828125 0.01796875 0.03828125
0 0.196875 0.725 0.01875 0.03671875
0 0.1734375 0.72734375 0.025 0.03828125
0 0.1484375 0.728125 0.0234375 0.03671875
0 0.41328125 0.8609375 0.04765625 0.09453125
0 0.06640625 0.5984375 0.0234375 0.040625
0 0.07890625 0.78828125 0.01875 0.03515625
0 0.190625 0.53359375 0.021875 0.04375
0 0.04140625 0.5984375 0.02109375 0.03671875
0 0.546875 0.85625 0.04609375 0.0984375
0 0.6046875 0.86171875 0.0484375 0.096875
0 0.6671875 0.8609375 0.04140625 0.10078125
0 0.78359375 0.890625 0.04609375 0.05
0 0.83515625 0.89453125 0.04375 0.040625
0 0.88046875 0.89375 0.03671875 0.04140625
0 0.928125 0.89140625 0.03828125 0.04296875
0 0.971875 0.88984375 0.04296875 0.0421875
0 0.02265625 0.39296875 0.02421875 0.03984375
0 0.0484375 0.39296875 0.01875 0.03984375
0 0.07578125 0.39296875 0.0203125 0.0390625
0 0.09609375 0.39375 0.02109375 0.03828125
0 0.12421875 0.39296875 0.028125 0.0390625
0 0.15078125 0.3953125 0.0203125 0.0375
0 0.73125 0.8921875 0.0515625 0.0453125
0 0.18046875 0.39375 0.03046875 0.040625
0 0.13671875 0.5359375 0.025 0.04375
0 0.11015625 0.53671875 0.0234375 0.0421875
0 0.16484375 0.534375 0.0234375 0.04140625
0 0.06171875 0.53515625 0.02109375 0.03984375
0 0.0359375 0.53515625 0.02265625 0.0453125
0 0.01015625 0.53671875 0.0203125 0.04296875
0 0.084375 0.53515625 0.021875 0.03984375
0 0.159375 0.4671875 0.02578125 0.04140625
0 0.13515625 0.46484375 0.021875 0.03984375
0 0.10625 0.46640625 0.025 0.0390625
0 0.07890625 0.46484375 0.01875 0.040625
0 0.05390625 0.46484375 0.021875 0.0453125
0 0.028125 0.465625 0.02265625 0.04375
0 0.1859375 0.465625 0.021875 0.04140625