0 0.8 0.16328125 0.0578125 0.12734375
0 0.72890625 0.196875 0.065625 0.05390625
0 0.65703125 0.19375 0.0734375 0.0484375
0 0.578125 0.19375 0.078125 0.0484375
0 0.64921875 0.0765625 0.07421875 0.05703125
0 0.72890625 0.140625 0.07109375 0.05078125
0 0.65703125 0.13671875 0.0703125 0.05
0 0.578125 0.134375 0.078125 0.05703125
0 0.49765625 0.1890625 0.06796875 0.04921875
0 0.425 0.1890625 0.0703125 0.05234375
0 0.41875 0.13203125 0.07421875 0.05234375
0 0.340625 0.1296875 0.06875 0.0546875
0 0.3453125 0.07265625 0.06953125 0.0546875
0 0.34375 0.18515625 0.07421875 0.05390625
0 0.26796875 0.184375 0.07421875 0.053125
0 0.24296875 0.06796875 0.071875 0.05625
0 0.26328125 0.12734375 0.07734375 0.05390625
0 0.8578125 0.1578125 0.053125 0.12890625
0 0.4984375 0.13359375 0.06640625 0.04921875
0 0.915625 0.16328125 0.059375 0.128125
0 0.34765625 0.3765625 0.0671875 0.04921875
0 0.1125 0.2609375 0.078125 0.05703125
0 0.57890625 0.32890625 0.0734375 0.04609375
0 0.7296875 0.27578125 0.0640625 0.05078125
0 0.6546875 0.27421875 0.07421875 0.053125
0 0.57890625 0.27578125 0.07265625 0.05234375
0 0.50390625 0.26953125 0.06953125 0.05390625
0 0.503125 0.32734375 0.06796875 0.05234375
0 0.50546875 0.3796875 0.0734375 0.04609375
0 0.42734375 0.37734375 0.071875 0.05078125
0 0.97265625 0.1640625 0.05390625 0.13359375
0 0.425 0.32421875 0.07109375 0.0484375
0 0.265625 0.37734375 0.0734375 0.05390625
0 0.1890625 0.37265625 0.075 0.04765625
0 0.11015625 0.36875 0.07265625 0.046875
0 0.265625 0.32265625 0.06875 0.05234375
0 0.1921875 0.31953125 0.0703125 0.05234375
0 0.1109375 0.3171875 0.07578125 0.0453125
0 0.26875 0.26640625 0.071875 0.04921875
0 0.19296875 0.2625 0.06875 0.05078125
0 0.18515625 0.125 0.06796875 0.046875
0 0.1875 0.18203125 0.0765625 0.0515625
0 0.425 0.79296875 0.0671875 0.04765625
0 0.103125 0.11953125 0.075 0.0515625
0 0.409375 0.678125 0.06171875 0.0390625
0 0.334375 0.6765625 0.06796875 0.04453125
0 0.69765625 0.728125 0.06328125 0.04765625
0 0.62734375 0.7296875 0.06328125 0.04765625
0 0.62421875 0.6796875 0.06328125 0.04765625
0 0.703125 0.67578125 0.06328125 0.04765625
0 0.6296875 0.6296875 0.06328125 0.04765625
0 0.5546875 0.62890625 0.06328125 0.04765625
0 0.4828125 0.63125 0.06328125 0.04765625
0 0.409375 0.6296875 0.06328125 0.04765625
0 0.34140625 0.62421875 0.06328125 0.04765625
0 0.26328125 0.728125 0.06875 0.05
0 0.18671875 0.72890625 0.06640625 0.04609375
0 0.1140625 0.72890625 0.06171875 0.04609375
0 0.10703125 0.68046875 0.0640625 0.046875
0 0.18359375 0.678125 0.0640625 0.046875
0 0.259375 0.67421875 0.0640625 0.04765625
0 0.25859375 0.62578125 0.06484375 0.04765625
0 0.1796875 0.62890625 0.0640625 0.046875
0 0.4796875 0.678125 0.0609375 0.0390625
0 0.5484375 0.67734375 0.06171875 0.0390625
0 0.55546875 0.72734375 0.0609375 0.0390625
0 0.484375 0.72421875 0.06875 0.04375
0 0.03203125 0.246875 0.06328125 0.04140625
0 0.02890625 0.196875 0.0578125 0.0484375
0 0.0328125 0.14765625 0.05859375 0.046875
0 0.02734375 0.06171875 0.0546875 0.1125
0 0.5625 0.78984375 0.0625 0.0484375
0 0.56015625 0.84375 0.065625 0.04609375
0 0.48671875 0.8421875 0.0625 0.04765625
0 0.4921875 0.7921875 0.06640625 0.04296875
0 0.65390625 0.33046875 0.06796875 0.04921875
0 0.10390625 0.178125 0.07578125 0.05078125
0 0.4171875 0.84375 0.059375 0.03984375
0 0.35234375 0.79296875 0.06875 0.05390625
0 0.2765625 0.8484375 0.06484375 0.04140625
0 0.2765625 0.8015625 0.06484375 0.05
0 0.1859375 0.84609375 0.065625 0.04609375
0 0.11171875 0.8453125 0.06796875 0.0453125
0 0.18515625 0.79765625 0.06875 0.04453125
0 0.11328125 0.79453125 0.0671875 0.04375
0 0.34140625 0.7265625 0.0671875 0.04453125
0 0.41328125 0.725 0.06015625 0.04765625
0 0.34921875 0.84375 0.06171875 0.0453125
0 0.73125 0.3296875 0.071875 0.046875
0 0.978125 0.278125 0.034375 0.04765625
0 0.65625 0.38203125 0.0765625 0.046875
0 0.9578125 0.68984375 0.02421875 0.04296875
0 0.9875 0.690625 0.025 0.0453125
0 0.9875 0.64453125 0.025 0.04296875
0 0.771875 0.575 0.02890625 0.04375
0 0.80625 0.57734375 0.028125 0.04296875
0 0.84296875 0.57734375 0.03828125 0.04296875
0 0.8796875 0.5765625 0.03125 0.0453125
0 0.915625 0.57578125 0.0296875 0.0484375
0 0.95078125 0.57734375 0.0328125 0.04296875
0 0.96015625 0.64140625 0.01796875 0.040625
0 0.984375 0.57421875 0.03125 0.04296875
0 0.9515625 0.52890625 0.03203125 0.05
0 0.91796875 0.528125 0.02890625 0.0484375
0 0.88203125 0.5265625 0.03203125 0.05234375
0 0.84765625 0.52578125 0.0296875 0.05234375
0 0.8125 0.5265625 0.03125 0.04921875
0 0.77421875 0.52578125 0.03671875 0.05078125
0 0.78828125 0.45234375 0.034375 0.04921875
0 0.82421875 0.45390625 0.0328125 0.0484375
0 0.86015625 0.45546875 0.03046875 0.05078125
0 0.98515625 0.52578125 0.02890625 0.046875
0 0.89609375 0.45703125 0.03203125 0.05078125
0 0.92890625 0.6453125 0.02890625 0.04140625
0 0.890625 0.69296875 0.0328125 0.04140625
0 0.753125 0.640625 0.025 0.04765625
0 0.78515625 0.64453125 0.0328125 0.03984375
0 0.81875 0.64453125 0.028125 0.04765625
0 0.10390625 0.62578125 0.0640625 0.04765625
0 0.965625 0.7953125 0.046875 0.121875
0 0.91875 0.79140625 0.0421875 0.12421875
0 0.86875 0.796875 0.0484375 0.1265625
0 0.81875 0.8015625 0.04375 0.1265625
0 0.85859375 0.80625 0.01171875 0.0140625
0 0.9265625 0.6921875 0.02734375 0.0453125
0 0.7671875 0.79765625 0.05 0.1234375
0 0.69609375 0.83984375 0.065625 0.04140625
0 0.62890625 0.83671875 0.059375 0.04453125
0 0.63359375 0.7890625 0.065625 0.04375
0 0.75078125 0.69140625 0.028125 0.04375
0 0.7828125 0.69140625 0.0296875 0.046875
0 0.8203125 0.69375 0.02734375 0.0390625
0 0.8546875 0.69296875 0.03125 0.046875
0 0.8578125 0.64375 0.0328125 0.04140625
0 0.89609375 0.64609375 0.0328125 0.0453125
0 0.70390625 0.79140625 0.0703125 0.0453125
0 0.58203125 0.38046875 0.0671875 0.05
0 0.92734375 0.45546875 0.02890625 0.0453125
0 0.98984375 0.46015625 0.0203125 0.0421875
0 0.34140625 0.453125 0.0625 0.05
0 0.27890625 0.55546875 0.06953125 0.046875
0 0.11953125 0.55390625 0.07734375 0.04609375
0 0.27265625 0.50234375 0.06484375 0.0453125
0 0.196875 0.50234375 0.08046875 0.046875
0 0.115625 0.50234375 0.06796875 0.04765625
0 0.1828125 0.45078125 0.078125 0.05234375
0 0.1015625 0.4484375 0.07578125 0.05078125
0 0.7890625 0.32734375 0.028125 0.05078125
0 0.42578125 0.45390625 0.071875 0.0453125
0 0.825 0.328125 0.02578125 0.04375
0 0.89453125 0.328125 0.02890625 0.04765625
0 0.93203125 0.32890625 0.03125 0.0484375
0 0.97109375 0.33203125 0.03125 0.04609375
0 0.93828125 0.27734375 0.03671875 0.05078125
0 0.90234375 0.27421875 0.025 0.05078125
0 0.8640625 0.275 0.03828125 0.04921875
0 0.8265625 0.275 0.02890625 0.0515625
0 0.79140625 0.27421875 0.03203125 0.05234375
0 0.734375 0.38125 0.06875 0.04296875
0 0.86015625 0.328125 0.03125 0.04375
0 0.96015625 0.4578125 0.03359375 0.03984375
0 0.49765625 0.45546875 0.0609375 0.04921875
0 0.565625 0.5078125 0.06484375 0.04296875
0 0.9921875 0.4078125 0.01484375 0.04765625
0 0.965625 0.4078125 0.02890625 0.04765625
0 0.93046875 0.40625 0.028125 0.04765625
0 0.9015625 0.40234375 0.0234375 0.05
0 0.86953125 0.403125 0.034375 0.0453125
0 0.83046875 0.40234375 0.02578125 0.05
0 0.7921875 0.4 0.03671875 0.04921875
0 0.71484375 0.55859375 0.07421875 0.0453125
0 0.64140625 0.55703125 0.06484375 0.0484375
0 0.5671875 0.45703125 0.06875 0.05
0 0.71171875 0.50703125 0.0671875 0.04765625
0 0.71640625 0.45703125 0.06796875 0.0453125
0 0.64140625 0.45625 0.06953125 0.04765625
0 0.3453125 0.50546875 0.07734375 0.053125
0 0.34921875 0.55546875 0.06328125 0.04296875
0 0.421875 0.55546875 0.06875 0.04921875
0 0.42109375 0.50625 0.0703125 0.04609375
0 0.496875 0.55390625 0.0671875 0.0453125
0 0.49453125 0.50703125 0.0671875 0.046875
0 0.5703125 0.55625 0.0671875 0.04140625
0 0.64140625 0.50703125 0.06640625 0.046875
0 0.203125 0.553125 0.07734375 0.04765625