0 0.0328125 0.4765625 0.0375 0.0953125
0 0.01328125 0.61484375 0.0265625 0.02265625
0 0.028125 0.58671875 0.03203125 0.01015625
0 0.07265625 0.575 0.0328125 0.04921875
0 0.3890625 0.484375 0.025 0.090625
0 0.10859375 0.5828125 0.02421875 0.0625
0 0.15 0.60390625 0.0515625 0.0546875
0 0.2046875 0.60234375 0.05234375 0.06328125
0 0.2609375 0.5984375 0.04765625 0.06796875
0 0.06015625 0.47734375 0.01328125 0.0953125
0 0.07890625 0.4765625 0.0203125 0.0953125
0 0.24609375 0.48203125 0.034375 0.0859375
0 0.1390625 0.48203125 0.0265625 0.08515625
0 0.17109375 0.4859375 0.0328125 0.0765625
0 0.209375 0.4890625 0.03359375 0.06484375
0 0.36015625 0.484375 0.02890625 0.08828125
0 0.2796875 0.4828125 0.028125 0.0765625
0 0.32890625 0.48125 0.02734375 0.09296875
0 0.30234375 0.6078125 0.0234375 0.05546875
0 0.43203125 0.68125 0.0578125 0.0625
0 0.36796875 0.68671875 0.0453125 0.07421875
0 0.90703125 0.14140625 0.0375 0.09765625
0 0.41953125 0.48125 0.02890625 0.09140625
0 0.10625 0.478125 0.03671875 0.0875
0 0.34296875 0.59765625 0.04921875 0.05859375
0 0.77734375 0.60703125 0.03984375 0.0578125
0 0.440625 0.5984375 0.03984375 0.07109375
0 0.4828125 0.703125 0.0296875 0.0734375
0 0.08984375 0.7296875 0.05546875 0.0078125
0 0.02578125 0.74296875 0.0328125 0.0203125
0 0.021875 0.696875 0.03828125 0.04140625
0 0.07421875 0.68671875 0.03515625 0.04296875
0 0.51328125 0.70546875 0.01796875 0.08203125
0 0.128125 0.684375 0.0671875 0.06484375
0 0.175 0.72890625 0.046875 0.02578125
0 0.19765625 0.675 0.046875 0.05859375
0 0.2546875 0.7171875 0.0390625 0.08359375
0 0.365625 0.73515625 0.05859375 0.0078125
0 0.3046875 0.73046875 0.05234375 0.0203125
0 0.32109375 0.68203125 0.0421875 0.06953125
0 0.428125 0.73203125 0.0578125 0.01484375
0 0.45078125 0.48046875 0.0328125 0.09140625
0 0.55703125 0.7046875 0.05703125 0.07890625
0 0.39375 0.6015625 0.040625 0.0640625
0 0.6234375 0.71953125 0.04765625 0.0921875
0 0.6859375 0.69453125 0.059375 0.0765625
0 0.4875 0.59609375 0.0421875 0.071875
0 0.53046875 0.59609375 0.02421875 0.071875
0 0.57109375 0.59921875 0.04765625 0.071875
0 0.6234375 0.5984375 0.0453125 0.05703125
0 0.67265625 0.61015625 0.04296875 0.0296875
0 0.725 0.609375 0.04296875 0.05234375
0 0.84765625 0.5953125 0.05078125 0.01328125
0 0.86328125 0.5546875 0.05703125 0.02890625
0 0.91640625 0.58515625 0.08125 0.02578125
0 0.98203125 0.5796875 0.0359375 0.034375
0 0.903125 0.621875 0.07265625 0.02578125
0 0.965625 0.69296875 0.06015625 0.0625
0 0.8796875 0.71171875 0.05625 0.06796875
0 0.81875 0.7 0.04375 0.08671875
0 0.75390625 0.72890625 0.05234375 0.10625
0 0.69921875 0.74375 0.05 0.01796875
0 0.48203125 0.48203125 0.02890625 0.090625
0 0.92109375 0.4515625 0.05546875 0.12109375
0 0.51171875 0.48359375 0.02734375 0.08828125
0 0.66875 0.240625 0.034375 0.075
0 0.61953125 0.2375 0.053125 0.078125
0 0.56484375 0.2390625 0.046875 0.0671875
0 0.503125 0.23046875 0.06796875 0.09140625
0 0.4375 0.23828125 0.05859375 0.07265625
0 0.38359375 0.24453125 0.0453125 0.06328125
0 0.3359375 0.24375 0.0390625 0.07265625
0 0.28359375 0.24765625 0.04765625 0.05703125
0 0.22734375 0.23671875 0.03828125 0.0765625
0 0.17734375 0.23828125 0.05546875 0.07734375
0 0.1328125 0.24140625 0.03359375 0.075
0 0.10703125 0.2453125 0.01796875 0.06796875
0 0.08359375 0.24609375 0.02109375 0.065625
0 0.059375 0.24453125 0.02734375 0.06953125
0 0.02734375 0.25 0.0296875 0.0578125
0 0.98828125 0.1484375 0.02265625 0.0703125
0 0.95390625 0.1203125 0.04453125 0.05703125
0 0.015625 0.08046875 0.028125 0.1109375
0 0.115625 0.08203125 0.09375 0.09140625
0 0.25546875 0.08671875 0.05859375 0.0703125
0 0.325 0.08828125 0.02890625 0.07421875
0 0.37109375 0.09140625 0.03203125 0.0890625
0 0.55546875 0.09140625 0.0375 0.08125
0 0.596875 0.09375 0.03515625 0.090625
0 0.65625 0.07578125 0.0734375 0.1109375
0 0.7390625 0.0734375 0.071875 0.1171875
0 0.81328125 0.07890625 0.0703125 0.10234375
0 0.546875 0.478125 0.03203125 0.10078125
0 0.86953125 0.1515625 0.03046875 0.11328125
0 0.73359375 0.2390625 0.03515625 0.07109375
0 0.77265625 0.23984375 0.034375 0.07109375
0 0.46328125 0.07109375 0.146875 0.12890625
0 0.87109375 0.29140625 0.05 0.08515625
0 0.5828125 0.47578125 0.03046875 0.10078125
0 0.81953125 0.23828125 0.0484375 0.07265625
0 0.6234375 0.4953125 0.0203125 0.028125
0 0.6546875 0.4859375 0.03046875 0.08046875
0 0.69765625 0.4921875 0.04921875 0.0671875
0 0.8 0.48828125 0.04296875 0.08046875
0 0.98046875 0.46015625 0.03828125 0.15234375
0 0.85703125 0.46328125 0.0515625 0.1328125
0 0.8015625 0.365625 0.053125 0.07421875
0 0.740625 0.375 0.05078125 0.0640625
0 0.68828125 0.37421875 0.0515625 0.05625
0 0.63125 0.3640625 0.05625 0.07890625
0 0.578125 0.37109375 0.04921875 0.06875
0 0.52265625 0.36640625 0.05078125 0.0796875
0 0.75 0.4875 0.05390625 0.08125
0 0.4109375 0.3640625 0.05703125 0.08359375
0 0.93125 0.29609375 0.0609375 0.08984375
0 0.98125 0.28515625 0.03671875 0.096875
0 0.46796875 0.36328125 0.04921875 0.08203125
0 0.0703125 0.36953125 0.0328125 0.071875
0 0.10078125 0.3703125 0.02421875 0.07109375
0 0.1453125 0.36796875 0.03671875 0.08046875
0 0.18203125 0.3703125 0.034375 0.07421875
0 0.02578125 0.36640625 0.0515625 0.078125
0 0.359375 0.36953125 0.03125 0.0734375
0 0.221875 0.3703125 0.03046875 0.07421875
0 0.25703125 0.37265625 0.03046875 0.0734375
0 0.2890625 0.375 0.03046875 0.07109375
0 0.32578125 0.36875 0.03359375 0.07890625