0 0.5515625 0.24921875 0.07109375 0.03203125
0 0.55390625 0.29296875 0.07265625 0.0484375
0 0.62421875 0.25 0.06875 0.03828125
0 0.628125 0.29296875 0.07109375 0.04375
0 0.7015625 0.2890625 0.07109375 0.04375
0 0.6953125 0.24609375 0.0703125 0.0390625
0 0.56171875 0.12265625 0.071875 0.0390625
0 0.48671875 0.121875 0.075 0.040625
0 0.771875 0.2453125 0.0765625 0.03984375
0 0.7734375 0.2890625 0.06484375 0.0421875
0 0.8453125 0.2890625 0.06953125 0.0421875
0 0.47578125 0.24765625 0.0765625 0.0375
0 0.5515625 0.16796875 0.07265625 0.0484375
0 0.915625 0.2875 0.06953125 0.0421875
0 0.26484375 0.81328125 0.08984375 0.05625
0 0.9765625 0.2453125 0.0453125 0.03984375
0 0.97734375 0.290625 0.04453125 0.04453125
0 0.04375 0.36953125 0.0734375 0.046875
0 0.0375 0.41796875 0.0703125 0.0453125
0 0.3546875 0.81328125 0.0828125 0.05625
0 0.3546875 0.75234375 0.09140625 0.0609375
0 0.43359375 0.725 0.06015625 0.0296875
0 0.43125 0.7625 0.06015625 0.040625
0 0.11484375 0.36640625 0.06015625 0.0546875
0 0.91796875 0.24375 0.06875 0.04296875
0 0.84453125 0.2453125 0.06875 0.0421875
0 0.47734375 0.2921875 0.07421875 0.05234375
0 0.4015625 0.25 0.07109375 0.0421875
0 0.6375 0.12265625 0.07265625 0.0375
0 0.62734375 0.16640625 0.07421875 0.04375
0 0.7 0.1640625 0.06875 0.04453125
0 0.7734375 0.165625 0.07109375 0.04453125
0 0.84765625 0.165625 0.07109375 0.0453125
0 0.7109375 0.12109375 0.071875 0.0390625
0 0.78203125 0.121875 0.06484375 0.040625
0 0.8515625 0.121875 0.06796875 0.040625
0 0.92265625 0.1203125 0.07265625 0.0390625
0 0.98125 0.11875 0.03671875 0.0421875
0 0.9203125 0.1640625 0.07265625 0.040625
0 0.4015625 0.2953125 0.07421875 0.0453125
0 0.97890625 0.1640625 0.04140625 0.046875
0 0.0671875 0.2953125 0.0609375 0.046875
0 0.0171875 0.2953125 0.034375 0.0484375
0 0.01171875 0.2421875 0.02265625 0.0515625
0 0.13671875 0.25 0.05078125 0.0421875
0 0.19921875 0.24921875 0.0625 0.040625
0 0.128125 0.29609375 0.0578125 0.046875
0 0.1953125 0.2953125 0.0703125 0.0453125
0 0.2640625 0.29609375 0.06171875 0.0453125
0 0.3296875 0.296875 0.06328125 0.040625
0 0.2609375 0.246875 0.06015625 0.0484375
0 0.32890625 0.2484375 0.06796875 0.05234375
0 0.0625 0.2421875 0.07109375 0.053125
0 0.43359375 0.81328125 0.07109375 0.0546875
0 0.82890625 0.67265625 0.071875 0.053125
0 0.5 0.76328125 0.07421875 0.04375
0 0.59375 0.89296875 0.06796875 0.0546875
0 0.6171875 0.953125 0.08359375 0.05546875
0 0.68203125 0.903125 0.09296875 0.03125
0 0.78671875 0.8953125 0.0796875 0.0578125
0 0.696875 0.953125 0.0765625 0.04765625
0 0.7796875 0.9515625 0.0765625 0.05234375
0 0.86328125 0.9375 0.06640625 0.06640625
0 0.946875 0.9515625 0.06484375 0.0328125
0 0.940625 0.8953125 0.0765625 0.0546875
0 0.85390625 0.86875 0.05 0.04453125
0 0.4765625 0.16640625 0.07265625 0.04375
0 0.528125 0.94375 0.05546875 0.05859375
0 0.4046875 0.16875 0.0703125 0.04375
0 0.33671875 0.1109375 0.065625 0.0421875
0 0.271875 0.1109375 0.0625 0.04609375
0 0.30234375 0.1640625 0.12578125 0.0546875
0 0.203125 0.165625 0.0640625 0.053125
0 0.2015625 0.11015625 0.07109375 0.053125
0 0.13515625 0.11328125 0.05859375 0.0546875
0 0.1390625 0.16796875 0.05703125 0.046875
0 0.07578125 0.17109375 0.06171875 0.0515625
0 0.0171875 0.115625 0.03359375 0.05859375
0 0.021875 0.1703125 0.04296875 0.04375
0 0.06953125 0.11328125 0.065625 0.059375
0 0.409375 0.12109375 0.07421875 0.04375
0 0.4578125 0.953125 0.07734375 0.05625
0 0.4515625 0.85078125 0.05859375 0.0125
0 0.45 0.8765625 0.0578125 0.0328125
0 0.50078125 0.72578125 0.0640625 0.0296875
0 0.57578125 0.7203125 0.075 0.01875
0 0.61484375 0.75859375 0.08203125 0.053125
0 0.57421875 0.81640625 0.06328125 0.04765625
0 0.64765625 0.8125 0.0734375 0.0484375
0 0.72890625 0.8125 0.06796875 0.053125
0 0.18359375 0.3640625 0.06953125 0.053125
0 0.8 0.81484375 0.06640625 0.0578125
0 0.76015625 0.759375 0.08046875 0.05
0 0.82265625 0.7546875 0.04296875 0.03046875
0 0.89140625 0.75078125 0.07890625 0.0453125
0 0.96328125 0.74765625 0.05546875 0.04375
0 0.97265625 0.80390625 0.0546875 0.0640625
0 0.91875 0.8046875 0.0390625 0.06015625
0 0.865625 0.80703125 0.0609375 0.0671875
0 0.04375 0.9 0.0875 0.05625
0 0.040625 0.95625 0.08046875 0.0484375
0 0.14921875 0.94921875 0.1171875 0.0609375
0 0.190625 0.88046875 0.13828125 0.0578125
0 0.29609375 0.88203125 0.065625 0.0484375
0 0.2765625 0.946875 0.12890625 0.06171875
0 0.38046875 0.953125 0.07265625 0.05703125
0 0.3796875 0.890625 0.07578125 0.05859375
0 0.52109375 0.871875 0.06875 0.04921875
0 0.46015625 0.9109375 0.08046875 0.02421875
0 0.5046875 0.81484375 0.06875 0.046875
0 0.1125 0.41875 0.06875 0.0453125
0 0.78046875 0.4125 0.065625 0.04765625
0 0.25546875 0.3640625 0.06171875 0.0515625
0 0.20859375 0.678125 0.07109375 0.053125
0 0.20625 0.62265625 0.06796875 0.05625
0 0.14921875 0.6234375 0.04296875 0.053125
0 0.13359375 0.68046875 0.06640625 0.05
0 0.0484375 0.68125 0.096875 0.04375
0 0.0578125 0.63515625 0.11484375 0.0390625
0 0.98984375 0.5484375 0.01953125 0.0453125
0 0.95078125 0.5484375 0.05078125 0.0453125
0 0.93984375 0.51015625 0.0203125 0.0234375
0 0.975 0.5109375 0.04921875 0.0234375
0 0.959375 0.4796875 0.0390625 0.03125
0 0.89609375 0.5484375 0.05234375 0.046875
0 0.8328125 0.5453125 0.06796875 0.046875
0 0.89765625 0.5 0.06015625 0.0453125
0 0.8953125 0.4703125 0.08359375 0.01484375
0 0.8359375 0.5 0.05390625 0.0375
0 0.18515625 0.415625 0.06796875 0.0484375
0 0.69765625 0.4703125 0.0546875 0.01328125
0 0.1703125 0.8140625 0.09140625 0.05625
0 0.2609375 0.75 0.0921875 0.06328125
0 0.72890625 0.5 0.034375 0.03828125
0 0.69375 0.49765625 0.02734375 0.0375
0 0.759375 0.54453125 0.06796875 0.0453125
0 0.28671875 0.678125 0.07734375 0.0515625
0 0.2859375 0.62109375 0.08671875 0.0546875
0 0.38203125 0.61875 0.10078125 0.0609375
0 0.37109375 0.678125 0.08359375 0.05
0 0.8890625 0.67578125 0.0390625 0.0515625
0 0.94453125 0.6765625 0.0625 0.05546875
0 0.934375 0.6265625 0.04453125 0.04609375
0 0.928125 0.59140625 0.03203125 0.0171875
0 0.9796875 0.603125 0.03984375 0.0375
0 0.9796875 0.63671875 0.040625 0.0234375
0 0.07578125 0.75234375 0.09453125 0.05625
0 0.07734375 0.81171875 0.08671875 0.0546875
0 0.16953125 0.74765625 0.08671875 0.065625
0 0.88828125 0.5921875 0.034375 0.02265625
0 0.84140625 0.621875 0.05703125 0.0453125
0 0.6828125 0.5421875 0.07578125 0.046875
0 0.7546875 0.6734375 0.06484375 0.05078125
0 0.771875 0.621875 0.07890625 0.046875
0 0.7609375 0.58828125 0.07890625 0.0171875
0 0.6734375 0.5890625 0.07734375 0.0171875
0 0.68828125 0.6234375 0.08359375 0.0484375
0 0.6140625 0.678125 0.0609375 0.05
0 0.55625 0.59140625 0.06171875 0.01875
0 0.484375 0.58984375 0.0734375 0.0203125
0 0.55390625 0.6359375 0.0625 0.0265625
0 0.5390625 0.67890625 0.07890625 0.0515625
0 0.47734375 0.63046875 0.078125 0.040625
0 0.45625 0.68046875 0.07890625 0.04765625
0 0.6828125 0.675 0.0703125 0.0484375
0 0.62109375 0.5046875 0.07734375 0.025
0 0.778125 0.49375 0.06328125 0.0453125
0 0.54375 0.546875 0.04765625 0.040625
0 0.16015625 0.546875 0.08828125 0.05
0 0.06875 0.54375 0.08828125 0.0484375
0 0.06953125 0.4890625 0.08984375 0.053125
0 0.97734375 0.3671875 0.04453125 0.03515625
0 0.9765625 0.41171875 0.0453125 0.05078125
0 0.91640625 0.4125 0.06328125 0.04765625
0 0.60859375 0.5484375 0.06796875 0.040625
0 0.91484375 0.3640625 0.07578125 0.04453125
0 0.84296875 0.3703125 0.0625 0.028125
0 0.7765625 0.3671875 0.0671875 0.0390625
0 0.88984375 0.6265625 0.03203125 0.04140625
0 0.15703125 0.4921875 0.07421875 0.04921875
0 0.70859375 0.415625 0.0765625 0.04375
0 0.63203125 0.4203125 0.0703125 0.040625
0 0.62265625 0.378125 0.06484375 0.03515625
0 0.5578125 0.3859375 0.0609375 0.0234375
0 0.55625 0.4203125 0.0765625 0.0421875
0 0.4828125 0.42109375 0.07109375 0.0421875
0 0.40390625 0.41875 0.07734375 0.04453125
0 0.484375 0.3765625 0.078125 0.040625
0 0.4046875 0.375 0.0734375 0.03828125
0 0.32578125 0.4171875 0.06796875 0.04921875
0 0.25625 0.4171875 0.06484375 0.04921875
0 0.32734375 0.3640625 0.07265625 0.05234375
0 0.7 0.37109375 0.07890625 0.0421875
0 0.2421875 0.490625 0.08984375 0.05
0 0.8484375 0.41328125 0.06328125 0.0453125
0 0.33515625 0.54296875 0.07421875 0.05234375
0 0.48515625 0.54765625 0.06171875 0.04375
0 0.49921875 0.50703125 0.06171875 0.03125
0 0.41171875 0.53828125 0.07578125 0.0609375
0 0.25 0.5453125 0.08359375 0.05234375
0 0.33046875 0.48671875 0.08046875 0.05
0 0.421875 0.48359375 0.0859375 0.04375