0 0.40625 0.5171875 0.0609375 0.06875
0 0.03828125 0.53515625 0.0453125 0.046875
0 0.21015625 0.48203125 0.04609375 0.03203125
0 0.1375 0.5359375 0.0546875 0.04140625
0 0.26875 0.484375 0.0609375 0.0453125
0 0.3359375 0.48515625 0.0734375 0.04375
0 0.26796875 0.52734375 0.06328125 0.040625
0 0.334375 0.52890625 0.0671875 0.03828125
0 0.0859375 0.5375 0.05 0.04296875
0 0.14921875 0.6078125 0.04609375 0.06796875
0 0.5453125 0.5234375 0.0640625 0.06796875
0 0.61328125 0.53671875 0.06640625 0.059375
0 0.67265625 0.521875 0.05 0.04453125
0 0.7453125 0.54140625 0.0703125 0.0515625
0 0.8140625 0.540625 0.0671875 0.05234375
0 0.86328125 0.5125 0.03515625 0.03515625
0 0.90703125 0.51171875 0.0515625 0.03671875
0 0.1 0.60625 0.05234375 0.07109375
0 0.20078125 0.609375 0.053125 0.0703125
0 0.353125 0.63046875 0.04765625 0.04453125
0 0.2125 0.44765625 0.05078125 0.0390625
0 0.47578125 0.5234375 0.07421875 0.06953125
0 0.16484375 0.44609375 0.03828125 0.03671875
0 0.2734375 0.4078125 0.07109375 0.07265625
0 0.12109375 0.4703125 0.04375 0.04765625
0 0.76171875 0.26328125 0.075 0.04921875
0 0.8359375 0.265625 0.06328125 0.05390625
0 0.90703125 0.26953125 0.08046875 0.04609375
0 0.975 0.2734375 0.05 0.04765625
0 0.3984375 0.6296875 0.04140625 0.0453125
0 0.3453125 0.40625 0.07421875 0.075
0 0.41875 0.409375 0.0703125 0.08046875
0 0.290625 0.32421875 0.0703125 0.0734375
0 0.3625 0.325 0.059375 0.0734375
0 0.4234375 0.33203125 0.06015625 0.078125
0 0.4921875 0.34140625 0.0703125 0.08515625
0 0.49140625 0.41875 0.0734375 0.0703125
0 0.56640625 0.37421875 0.071875 0.05
0 0.5609375 0.42578125 0.0640625 0.05078125
0 0.62890625 0.42734375 0.071875 0.046875
0 0.6953125 0.428125 0.06015625 0.0484375
0 0.7015625 0.37421875 0.0734375 0.0515625
0 0.76953125 0.3796875 0.05546875 0.05078125
0 0.77109375 0.4328125 0.07734375 0.04921875
0 0.85 0.43984375 0.07890625 0.0359375
0 0.85078125 0.39609375 0.0796875 0.0515625
0 0.94296875 0.38671875 0.08828125 0.05546875
0 0.93046875 0.4421875 0.0765625 0.05078125
0 0.16328125 0.47890625 0.03984375 0.0296875
0 0.4390625 0.63203125 0.04140625 0.0484375
0 0.696875 0.20703125 0.0640625 0.059375
0 0.528125 0.59296875 0.0453125 0.04765625
0 0.021875 0.35859375 0.040625 0.0890625
0 0.22109375 0.34921875 0.05 0.04375
0 0.2171875 0.296875 0.0578125 0.04296875
0 0.69375 0.26015625 0.06328125 0.0546875
0 0.21796875 0.2453125 0.04609375 0.04375
0 0.1265625 0.26171875 0.0578125 0.090625
0 0.02109375 0.259375 0.04140625 0.08984375
0 0.07109375 0.27734375 0.04609375 0.05546875
0 0.15390625 0.16875 0.04609375 0.07890625
0 0.10859375 0.16953125 0.04375 0.078125
0 0.0734375 0.36171875 0.05703125 0.0921875
0 0.059375 0.17109375 0.05078125 0.0671875
0 0.846875 0.1375 0.07578125 0.05546875
0 0.84921875 0.0765625 0.0875 0.0640625
0 0.76484375 0.12734375 0.078125 0.0625
0 0.696875 0.121875 0.0578125 0.07109375
0 0.628125 0.1015625 0.0734375 0.10078125
0 0.5515625 0.12109375 0.0671875 0.0609375
0 0.48125 0.10234375 0.06015625 0.0875
0 0.41171875 0.10703125 0.06484375 0.08515625
0 0.1734375 0.08828125 0.14375 0.04921875
0 0.05703125 0.0765625 0.08828125 0.0734375
0 0.9328125 0.13828125 0.09765625 0.05390625
0 0.47890625 0.63125 0.03671875 0.05
0 0.13046875 0.3625 0.05859375 0.090625
0 0.334375 0.19296875 0.07109375 0.05078125
0 0.52265625 0.63828125 0.04765625 0.04140625
0 0.565625 0.6375 0.03828125 0.04453125
0 0.603125 0.640625 0.03984375 0.05
0 0.64765625 0.628125 0.04140625 0.0484375
0 0.68515625 0.628125 0.034375 0.04765625
0 0.728125 0.6453125 0.04609375 0.05390625
0 0.77265625 0.64609375 0.04296875 0.05390625
0 0.8140625 0.646875 0.0421875 0.05703125
0 0.89375 0.634375 0.0453125 0.08671875
0 0.9515625 0.66484375 0.06484375 0.02578125
0 0.2625 0.19375 0.07421875 0.05078125
0 0.95078125 0.6359375 0.06484375 0.0328125
0 0.55078125 0.2578125 0.05859375 0.0546875
0 0.48046875 0.25390625 0.08125 0.0484375
0 0.4046875 0.25390625 0.06796875 0.05078125
0 0.3328125 0.24765625 0.071875 0.05078125
0 0.2703125 0.24609375 0.05546875 0.0515625
0 0.771875 0.209375 0.08515625 0.05625
0 0.62421875 0.20625 0.07890625 0.05546875
0 0.5515625 0.203125 0.06953125 0.06015625
0 0.48046875 0.20078125 0.075 0.05390625
0 0.40703125 0.19765625 0.07265625 0.059375
0 0.37578125 0.5765625 0.05859375 0.03828125
0 0.621875 0.259375 0.0828125 0.05234375