0 0.64453125 0.4390625 0.0421875 0.07734375
0 0.6015625 0.4359375 0.03125 0.08515625
0 0.5578125 0.4375 0.0421875 0.08203125
0 0.50390625 0.43828125 0.046875 0.08515625
0 0.55390625 0.65625 0.0375 0.0671875
0 0.3984375 0.43671875 0.04765625 0.0875
0 0.69453125 0.4359375 0.053125 0.0765625
0 0.33359375 0.44140625 0.06328125 0.08203125
0 0.453125 0.4390625 0.0484375 0.08515625
0 0.75 0.43984375 0.04453125 0.07890625
0 0.0828125 0.55390625 0.04296875 0.07265625
0 0.8640625 0.4375 0.05390625 0.0765625
0 0.9203125 0.43828125 0.0546875 0.07265625
0 0.97578125 0.4359375 0.0484375 0.075
0 0.03671875 0.55546875 0.0484375 0.06953125
0 0.27578125 0.43828125 0.046875 0.08203125
0 0.12890625 0.5703125 0.0328125 0.03984375
0 0.171875 0.553125 0.0453125 0.075
0 0.2171875 0.5546875 0.0421875 0.07734375
0 0.80859375 0.4390625 0.05234375 0.08046875
0 0.21953125 0.4390625 0.04609375 0.08515625
0 0.8828125 0.2984375 0.03984375 0.109375
0 0.11484375 0.44296875 0.059375 0.08359375
0 0.2625 0.3 0.04296875 0.121875
0 0.30390625 0.2984375 0.0359375 0.121875
0 0.346875 0.3 0.03515625 0.11796875
0 0.38828125 0.30078125 0.040625 0.11875
0 0.42734375 0.30546875 0.0296875 0.103125
0 0.4703125 0.303125 0.04375 0.10625
0 0.51171875 0.3046875 0.028125 0.10390625
0 0.55234375 0.30234375 0.0375 0.10390625
0 0.5921875 0.3046875 0.03125 0.10078125
0 0.634375 0.2984375 0.0390625 0.1109375
0 0.671875 0.3 0.03671875 0.1125
0 0.71640625 0.29765625 0.03515625 0.11328125
0 0.7609375 0.3015625 0.03828125 0.1125
0 0.8 0.30078125 0.0359375 0.1140625
0 0.83984375 0.30078125 0.0375 0.10703125
0 0.26953125 0.55390625 0.0578125 0.075
0 0.9234375 0.30234375 0.03203125 0.11015625
0 0.96875 0.2953125 0.0421875 0.1171875
0 0.02890625 0.43359375 0.0546875 0.08515625
0 0.17109375 0.43671875 0.04296875 0.0796875
0 0.334375 0.55234375 0.0609375 0.07265625
0 0.38671875 0.5515625 0.0375 0.0734375
0 0.4390625 0.55 0.05546875 0.07109375
0 0.025 0.3109375 0.04921875 0.09375
0 0.07109375 0.309375 0.0359375 0.0921875
0 0.11953125 0.31484375 0.0421875 0.08984375
0 0.9859375 0.8484375 0.028125 0.07109375
0 0.94453125 0.85234375 0.04765625 0.07265625
0 0.84140625 0.85078125 0.053125 0.06953125
0 0.47890625 0.6546875 0.028125 0.065625
0 0.37890625 0.85703125 0.05078125 0.07109375
0 0.32109375 0.85546875 0.05390625 0.065625
0 0.26953125 0.85625 0.03515625 0.06484375
0 0.2234375 0.85390625 0.0390625 0.078125
0 0.9703125 0.12265625 0.03828125 0.12265625
0 0.1765625 0.859375 0.03515625 0.06796875
0 0.090625 0.84609375 0.03671875 0.09140625
0 0.0546875 0.84453125 0.02890625 0.090625
0 0.02265625 0.84296875 0.03515625 0.09375
0 0.984375 0.6546875 0.03125 0.07109375
0 0.9375 0.653125 0.034375 0.07109375
0 0.88515625 0.653125 0.0546875 0.06953125
0 0.82734375 0.65390625 0.04765625 0.075
0 0.77734375 0.65390625 0.04140625 0.0734375
0 0.7265625 0.65390625 0.0484375 0.07421875
0 0.646875 0.65546875 0.04375 0.06953125
0 0.60078125 0.65390625 0.0375 0.0703125
0 0.134375 0.8546875 0.03671875 0.07578125
0 0.9234375 0.11796875 0.03828125 0.12109375
0 0.88046875 0.11953125 0.03828125 0.11796875
0 0.83515625 0.11640625 0.040625 0.1234375
0 0.4921875 0.546875 0.03359375 0.08125
0 0.534375 0.54921875 0.04140625 0.07890625
0 0.5765625 0.5484375 0.0375 0.07890625
0 0.62265625 0.54609375 0.04296875 0.075
0 0.7265625 0.546875 0.046875 0.08203125
0 0.78671875 0.54765625 0.06328125 0.08125
0 0.90078125 0.5484375 0.04375 0.078125
0 0.01953125 0.65859375 0.0375 0.059375
0 0.0609375 0.66171875 0.0328125 0.0640625
0 0.09765625 0.66015625 0.03203125 0.06171875
0 0.14140625 0.6578125 0.0421875 0.0640625
0 0.18828125 0.65703125 0.04609375 0.0640625
0 0.2796875 0.6578125 0.04609375 0.06328125
0 0.33359375 0.65703125 0.04375 0.0640625
0 0.38515625 0.65546875 0.04765625 0.0625
0 0.43984375 0.65390625 0.0453125 0.06640625
0 0.4421875 0.12109375 0.03671875 0.13125
0 0.484375 0.1171875 0.03984375 0.134375
0 0.528125 0.1171875 0.040625 0.13359375
0 0.57265625 0.115625 0.0375 0.1375
0 0.61328125 0.11640625 0.03828125 0.134375
0 0.6609375 0.11484375 0.04609375 0.13203125
0 0.70390625 0.115625 0.03671875 0.134375
0 0.746875 0.1171875 0.03828125 0.1265625
0 0.790625 0.11875 0.04140625 0.1234375
0 0.5171875 0.65625 0.034375 0.065625
0 0.78359375 0.853125 0.0546875 0.06953125
0 0.1703125 0.31015625 0.04765625 0.0953125
0 0.10390625 0.14453125 0.059375 0.08359375
0 0.3984375 0.1171875 0.0359375 0.1328125
0 0.040625 0.14296875 0.06484375 0.08671875
0 0.35625 0.121875 0.04375 0.128125
0 0.31171875 0.125 0.03125 0.121875
0 0.26953125 0.125 0.040625 0.11484375
0 0.2234375 0.12421875 0.0453125 0.125
0 0.2171875 0.29609375 0.03671875 0.12265625
0 0.16796875 0.14375 0.0625 0.08359375