0 0.371875 0.36875 0.090625 0.1078125
0 0.23828125 0.3671875 0.1640625 0.1234375
0 0.9734375 0.246875 0.05 0.11328125
0 0.90390625 0.24296875 0.05 0.109375
0 0.7953125 0.23828125 0.04375 0.10625
0 0.75 0.2359375 0.04140625 0.1046875
0 0.44140625 0.196875 0.05546875 0.12109375
0 0.596875 0.2046875 0.0328125 0.13671875
0 0.534375 0.203125 0.06796875 0.13671875
0 0.465625 0.36875 0.0921875 0.10078125
0 0.3078125 0.19140625 0.0484375 0.13046875
0 0.25625 0.1765625 0.04921875 0.1453125
0 0.17890625 0.15390625 0.09453125 0.184375
0 0.7015625 0.234375 0.04375 0.0984375
0 0.5421875 0.40078125 0.04921875 0.0421875
0 0.7828125 0.3796875 0.03359375 0.0671875
0 0.66328125 0.3796875 0.03671875 0.07109375
0 0.56640625 0.50234375 0.0203125 0.0703125
0 0.5421875 0.5125 0.02421875 0.0578125
0 0.51796875 0.5109375 0.0265625 0.0640625
0 0.4890625 0.51640625 0.02578125 0.05546875
0 0.4390625 0.52109375 0.02578125 0.0640625
0 0.41171875 0.5234375 0.02578125 0.0625
0 0.62109375 0.3765625 0.03828125 0.08046875
0 0.37890625 0.52578125 0.03515625 0.06171875
0 0.2265625 0.52578125 0.07734375 0.09921875
0 0.97890625 0.3765625 0.03125 0.0640625
0 0.95 0.3734375 0.021875 0.06875
0 0.91640625 0.375 0.03515625 0.06171875
0 0.7421875 0.375 0.046875 0.078125
0 0.69921875 0.37890625 0.03125 0.065625
0 0.29296875 0.53203125 0.040625 0.06640625
0 0.33671875 0.5296875 0.04140625 0.0625
0 0.3625 0.196875 0.06328125 0.12109375
0 0.61875 0.5015625 0.03359375 0.0640625
0 0.7375 0.6609375 0.02109375 0.05234375
0 0.7171875 0.67265625 0.01875 0.05234375
0 0.69296875 0.6734375 0.0171875 0.05234375
0 0.66640625 0.68203125 0.03046875 0.04609375
0 0.63984375 0.68671875 0.015625 0.07109375
0 0.61328125 0.6921875 0.03125 0.06875
0 0.5546875 0.69140625 0.0484375 0.0515625
0 0.47265625 0.71875 0.0484375 0.06484375
0 0.38671875 0.74453125 0.06796875 0.046875
0 0.30625 0.77890625 0.0375 0.0640625
0 0.2625 0.7921875 0.053125 0.06796875
0 0.19296875 0.809375 0.065625 0.040625
0 0.9609375 0.5359375 0.01328125 0.04609375
0 0.9484375 0.5375 0.01328125 0.04296875
0 0.93203125 0.5390625 0.015625 0.04609375
0 0.759375 0.66015625 0.01640625 0.05078125
0 0.9125 0.54140625 0.01953125 0.04453125
0 0.8421875 0.62890625 0.04296875 0.05703125
0 0.934375 0.61328125 0.01953125 0.04375
0 0.5890625 0.503125 0.02265625 0.0609375
0 0.90859375 0.70546875 0.1109375 0.08046875
0 0.81015625 0.74453125 0.084375 0.08046875
0 0.7015625 0.784375 0.128125 0.125
0 0.575 0.85625 0.0296875 0.05703125
0 0.5515625 0.85546875 0.02109375 0.0875
0 0.52578125 0.8640625 0.0296875 0.0890625
0 0.48359375 0.8609375 0.02421875 0.09140625
0 0.453125 0.8640625 0.03671875 0.0859375
0 0.36328125 0.92265625 0.01640625 0.08828125
0 0.33828125 0.93828125 0.03125 0.1046875
0 0.3046875 0.9515625 0.0328125 0.0953125
0 0.27421875 0.95234375 0.02734375 0.09296875
0 0.2390625 0.96328125 0.040625 0.07265625
0 0.88359375 0.6078125 0.03125 0.034375
0 0.91328125 0.61640625 0.0171875 0.05078125
0 0.890625 0.5421875 0.01875 0.0484375
0 0.421875 0.85234375 0.025 0.08203125
0 0.828125 0.5484375 0.015625 0.0484375
0 0.96953125 0.45546875 0.0296875 0.06328125
0 0.93359375 0.4609375 0.02265625 0.0609375
0 0.90234375 0.4578125 0.02109375 0.065625
0 0.8765625 0.46484375 0.025 0.0625
0 0.85625 0.47265625 0.01640625 0.05
0 0.8421875 0.47578125 0.0171875 0.05859375
0 0.81953125 0.4765625 0.01953125 0.05703125
0 0.8 0.47890625 0.015625 0.0578125
0 0.78203125 0.478125 0.0140625 0.06328125
0 0.74609375 0.48203125 0.015625 0.06796875
0 0.72890625 0.484375 0.015625 0.06953125
0 0.71171875 0.48828125 0.01640625 0.0703125
0 0.68671875 0.49296875 0.03125 0.0640625
0 0.65234375 0.49140625 0.028125 0.0703125
0 0.8515625 0.55 0.01953125 0.0578125
0 0.19453125 0.66953125 0.09453125 0.0953125
0 0.27890625 0.6578125 0.0609375 0.08125
0 0.7625 0.48046875 0.01484375 0.0640625
0 0.3875 0.6421875 0.034375 0.07734375
0 0.81171875 0.54609375 0.0140625 0.05078125
0 0.7953125 0.54765625 0.01953125 0.05
0 0.34296875 0.65234375 0.0546875 0.07734375
0 0.77578125 0.546875 0.015625 0.05078125
0 0.73359375 0.56171875 0.0171875 0.04921875
0 0.70859375 0.584375 0.0203125 0.059375
0 0.6859375 0.58671875 0.01640625 0.0609375
0 0.66015625 0.58984375 0.021875 0.0625
0 0.75859375 0.553125 0.01953125 0.05390625
0 0.41796875 0.6265625 0.03046875 0.0640625
0 0.6171875 0.6015625 0.0171875 0.053125
0 0.59453125 0.60234375 0.025 0.06171875
0 0.46640625 0.6234375 0.0546875 0.07734375
0 0.553125 0.61796875 0.0421875 0.0546875
0 0.6375 0.59375 0.01953125 0.0640625
0 0.51484375 0.61953125 0.03828125 0.0609375