0 0.76796875 0.5046875 0.13984375 0.02578125
0 0.7703125 0.53125 0.1390625 0.025
0 0.915625 0.47578125 0.14921875 0.0296875
0 0.91640625 0.50625 0.14375 0.0265625
0 0.9171875 0.53125 0.1484375 0.02578125
0 0.04296875 0.6328125 0.0828125 0.0265625
0 0.88828125 0.615625 0.1328125 0.0234375
0 0.1390625 0.915625 0.1484375 0.02734375
0 0.1375 0.93984375 0.1484375 0.01875
0 0.1375 0.9640625 0.1484375 0.02421875
0 0.28984375 0.88984375 0.14765625 0.0265625
0 0.290625 0.915625 0.1484375 0.0234375
0 0.2890625 0.94140625 0.14609375 0.02421875
0 0.28671875 0.9625 0.14765625 0.01796875
0 0.43828125 0.8953125 0.13515625 0.02421875
0 0.43984375 0.9203125 0.13203125 0.0234375
0 0.4421875 0.9421875 0.1375 0.02109375
0 0.4390625 0.96171875 0.134375 0.015625
0 0.525 0.91640625 0.02578125 0.0890625
0 0.13671875 0.89140625 0.146875 0.01875
0 0.55 0.9171875 0.0234375 0.10078125
0 0.653125 0.9109375 0.028125 0.0859375
0 0.68203125 0.91171875 0.02421875 0.0875
0 0.72265625 0.9109375 0.05859375 0.0859375
0 0.76640625 0.91171875 0.02421875 0.08828125
0 0.790625 0.9140625 0.02265625 0.0875
0 0.8328125 0.915625 0.05703125 0.09609375
0 0.9390625 0.89609375 0.11875 0.02109375
0 0.9375 0.91953125 0.121875 0.0203125
0 0.9359375 0.9390625 0.125 0.01484375
0 0.93671875 0.95859375 0.1265625 0.02109375
0 0.47109375 0.73671875 0.14296875 0.02421875
0 0.615625 0.703125 0.13671875 0.03046875
0 0.59375 0.91484375 0.05859375 0.09921875
0 0.46953125 0.71015625 0.146875 0.02578125
0 0.46875 0.68203125 0.1484375 0.02578125
0 0.3265625 0.7375 0.1375 0.0203125
0 0.8875 0.6390625 0.13046875 0.0203125
0 0.74921875 0.58984375 0.140625 0.0234375
0 0.75234375 0.61171875 0.13359375 0.02109375
0 0.7515625 0.6359375 0.1359375 0.02421875
0 0.57890625 0.57578125 0.0890625 0.02265625
0 0.60625 0.6046875 0.13828125 0.028125
0 0.60859375 0.6328125 0.14296875 0.02421875
0 0.4640625 0.60546875 0.1359375 0.02421875
0 0.4625 0.63359375 0.14453125 0.0265625
0 0.32109375 0.578125 0.1484375 0.02890625
0 0.31796875 0.60625 0.1453125 0.0234375
0 0.315625 0.6328125 0.14453125 0.0265625
0 0.165625 0.57578125 0.153125 0.0265625
0 0.1640625 0.60546875 0.15703125 0.0265625
0 0.16328125 0.634375 0.1546875 0.028125
0 0.04453125 0.57734375 0.0859375 0.0265625
0 0.04296875 0.60546875 0.08203125 0.0265625
0 0.96328125 0.4296875 0.03046875 0.0265625
0 0.05234375 0.68203125 0.1015625 0.0265625
0 0.05 0.709375 0.09765625 0.025
0 0.05078125 0.73671875 0.0984375 0.02578125
0 0.184375 0.68359375 0.14296875 0.02578125
0 0.6171875 0.7328125 0.14296875 0.0265625
0 0.178125 0.7109375 0.1484375 0.025
0 0.17734375 0.7375 0.14765625 0.02734375
0 0.3265625 0.690625 0.13125 0.02578125
0 0.3234375 0.71640625 0.13828125 0.02265625
0 0.8828125 0.58984375 0.11875 0.02421875
0 0.7609375 0.73671875 0.14140625 0.02578125
0 0.90078125 0.28984375 0.13515625 0.02578125
0 0.578125 0.84140625 0.12890625 0.01953125
0 0.47421875 0.52734375 0.14453125 0.02421875
0 0.03125 0.95234375 0.059375 0.0171875
0 0.03125 0.96875 0.06171875 0.01484375
0 0.03984375 0.8421875 0.0765625 0.021875
0 0.0421875 0.821875 0.08046875 0.01640625
0 0.0421875 0.8046875 0.08046875 0.01796875
0 0.04375 0.78359375 0.084375 0.02265625
0 0.15625 0.84375 0.13671875 0.021875
0 0.15546875 0.82109375 0.1328125 0.0171875
0 0.1546875 0.8046875 0.13671875 0.01484375
0 0.15625 0.78359375 0.1375 0.025
0 0.296875 0.84140625 0.13515625 0.0234375
0 0.29765625 0.8203125 0.1375 0.0203125
0 0.4765625 0.50078125 0.14609375 0.02578125
0 0.29765625 0.79921875 0.1390625 0.021875
0 0.43984375 0.8390625 0.14453125 0.02734375
0 0.4421875 0.8125 0.14609375 0.0234375
0 0.44140625 0.784375 0.14453125 0.02890625
0 0.58046875 0.81796875 0.1265625 0.02109375
0 0.5796875 0.7953125 0.128125 0.0234375
0 0.72265625 0.834375 0.14296875 0.03203125
0 0.71953125 0.8015625 0.140625 0.02265625
0 0.709375 0.77734375 0.13046875 0.02265625
0 0.8671875 0.8328125 0.140625 0.025
0 0.865625 0.80703125 0.14375 0.02578125
0 0.865625 0.78203125 0.14765625 0.02421875
0 0.96796875 0.81328125 0.05703125 0.01640625
0 0.96953125 0.79296875 0.053125 0.02265625
0 0.2984375 0.77578125 0.14140625 0.01875
0 0.91953125 0.73203125 0.159375 0.025
0 0.4796875 0.4734375 0.14765625 0.0296875
0 0.1734375 0.52421875 0.15546875 0.025
0 0.93046875 0.4296875 0.02890625 0.02890625
0 0.85625 0.4 0.11640625 0.0328125
0 0.85703125 0.4296875 0.11796875 0.02421875
0 0.7140625 0.36640625 0.12109375 0.0171875
0 0.70859375 0.38359375 0.13203125 0.0171875
0 0.72265625 0.40546875 0.14375 0.02109375
0 0.7234375 0.43046875 0.14296875 0.02578125
0 0.57421875 0.38046875 0.12109375 0.02265625
0 0.58046875 0.40390625 0.13359375 0.0171875
0 0.58203125 0.4296875 0.13359375 0.03125
0 0.43515625 0.36484375 0.1453125 0.03125
0 0.43515625 0.39453125 0.1484375 0.025
0 0.4375 0.41875 0.15390625 0.01953125
0 0.32734375 0.5265625 0.14609375 0.02421875
0 0.28671875 0.35234375 0.146875 0.025
0 0.2859375 0.4 0.14453125 0.02421875
0 0.28515625 0.4203125 0.146875 0.015625
0 0.13671875 0.3484375 0.1484375 0.01953125
0 0.1359375 0.37109375 0.146875 0.0234375
0 0.13671875 0.3953125 0.14609375 0.021875
0 0.1375 0.41953125 0.14453125 0.0203125
0 0.03046875 0.36953125 0.05859375 0.02578125
0 0.0296875 0.39453125 0.05625 0.02265625
0 0.03203125 0.415625 0.06171875 0.0203125
0 0.0421875 0.51953125 0.08125 0.03671875
0 0.1765625 0.4984375 0.1515625 0.02578125
0 0.29296875 0.4703125 0.153125 0.02578125
0 0.3296875 0.49921875 0.146875 0.0296875
0 0.28671875 0.3765625 0.14375 0.02109375
0 0.93515625 0.40078125 0.03125 0.02734375
0 0.88125 0.17421875 0.03125 0.1
0 0.8015625 0.175 0.02890625 0.09765625
0 0.971875 0.37421875 0.0421875 0.0265625
0 0.3703125 0.3125 0.12734375 0.028125
0 0.49453125 0.2546875 0.1265625 0.0328125
0 0.50234375 0.2859375 0.12734375 0.028125
0 0.503125 0.3140625 0.128125 0.025
0 0.63046875 0.25546875 0.1265625 0.0296875
0 0.6296875 0.2859375 0.12421875 0.03203125
0 0.8453125 0.17109375 0.034375 0.0953125
0 0.62265625 0.5046875 0.14453125 0.028125
0 0.625 0.53203125 0.146875 0.02421875
0 0.62890625 0.31640625 0.12265625 0.0265625
0 0.759375 0.2578125 0.1265625 0.028125
0 0.75390625 0.28828125 0.1234375 0.0296875
0 0.76328125 0.47578125 0.12109375 0.028125
0 0.90625 0.70390625 0.14609375 0.028125
0 0.76484375 0.70859375 0.13828125 0.025
0 0.7546875 0.3171875 0.125 0.02890625
0 0.89609375 0.2625 0.128125 0.02578125
0 0.89375 0.31875 0.12734375 0.03125
0 0.3703125 0.253125 0.11640625 0.03046875
0 0.13671875 0.3078125 0.0734375 0.01953125
0 0.36953125 0.284375 0.11953125 0.028125
0 0.24296875 0.27890625 0.13515625 0.0296875
0 0.73671875 0.17421875 0.03203125 0.103125
0 0.978125 0.20234375 0.0421875 0.03125
0 0.6203125 0.17109375 0.12421875 0.03125
0 0.62109375 0.2015625 0.1265625 0.02578125
0 0.48828125 0.1640625 0.134375 0.03359375
0 0.48828125 0.196875 0.134375 0.03046875
0 0.2421875 0.30859375 0.12734375 0.0296875
0 0.3625 0.19765625 0.1171875 0.0234375
0 0.22578125 0.1578125 0.13671875 0.03359375
0 0.35859375 0.17109375 0.12265625 0.028125
0 0.08359375 0.15234375 0.1421875 0.03515625
0 0.0859375 0.18984375 0.1359375 0.0375
0 0.10234375 0.24765625 0.14140625 0.03203125
0 0.10625 0.28046875 0.1359375 0.03203125
0 0.2390625 0.24609375 0.13203125 0.03203125
0 0.62734375 0.47421875 0.14375 0.02890625
0 0.2265625 0.190625 0.13515625 0.03046875
0 0.97109375 0.403125 0.03359375 0.0265625