0 0.203125 0.8296875 0.03671875 0.0796875
0 0.27421875 0.82421875 0.03671875 0.0890625
0 0.84453125 0.5390625 0.034375 0.06171875
0 0.99296875 0.4484375 0.01328125 0.04375
0 0.7359375 0.53671875 0.03046875 0.0609375
0 0.77109375 0.5359375 0.03515625 0.0640625
0 0.809375 0.5390625 0.0359375 0.06171875
0 0.6234375 0.19765625 0.04921875 0.071875
0 0.57265625 0.19375 0.04296875 0.08203125
0 0.51875 0.19453125 0.05546875 0.0796875
0 0.46875 0.1921875 0.04140625 0.0828125
0 0.41484375 0.19375 0.04609375 0.071875
0 0.36171875 0.18671875 0.04765625 0.0828125
0 0.31171875 0.1890625 0.0515625 0.084375
0 0.25859375 0.1890625 0.05 0.0734375
0 0.2046875 0.1859375 0.05234375 0.078125
0 0.9640625 0.4484375 0.02578125 0.04765625
0 0.15234375 0.18671875 0.04609375 0.075
0 0.22890625 0.08203125 0.06640625 0.0625
0 0.30859375 0.084375 0.08984375 0.05390625
0 0.40390625 0.0859375 0.08984375 0.059375
0 0.4984375 0.0875 0.08984375 0.0546875
0 0.59140625 0.08984375 0.08984375 0.05625
0 0.6828125 0.0921875 0.08671875 0.05625
0 0.77578125 0.09375 0.08671875 0.05625
0 0.934375 0.0984375 0.08984375 0.05703125
0 0.85546875 0.09921875 0.05859375 0.04921875
0 0.878125 0.5484375 0.028125 0.0421875
0 0.95078125 0.54765625 0.0375 0.0484375
0 0.9859375 0.54140625 0.028125 0.0671875
0 0.6953125 0.5390625 0.0390625 0.053125
0 0.15703125 0.078125 0.0703125 0.05390625
0 0.925 0.4390625 0.0453125 0.0640625
0 0.87421875 0.4375 0.04609375 0.06015625
0 0.82421875 0.4390625 0.04921875 0.059375
0 0.72421875 0.2015625 0.04296875 0.0703125
0 0.77578125 0.203125 0.04453125 0.07109375
0 0.82890625 0.20234375 0.046875 0.071875
0 0.93828125 0.2 0.046875 0.08203125
0 0.8046875 0.33671875 0.05234375 0.0484375
0 0.8609375 0.33984375 0.05 0.046875
0 0.90703125 0.34453125 0.034375 0.040625
0 0.94921875 0.346875 0.0375 0.040625
0 0.9859375 0.33671875 0.0265625 0.059375
0 0.75078125 0.34453125 0.05546875 0.03984375
0 0.703125 0.346875 0.03203125 0.03203125
0 0.65390625 0.31796875 0.0578125 0.084375
0 0.5890625 0.31484375 0.06328125 0.084375
0 0.52421875 0.31171875 0.06015625 0.09375
0 0.46484375 0.309375 0.05546875 0.0953125
0 0.40390625 0.3125 0.0625 0.08984375
0 0.33828125 0.3125 0.06484375 0.084375
0 0.28515625 0.3203125 0.03828125 0.06796875
0 0.23984375 0.321875 0.040625 0.06328125
0 0.19296875 0.321875 0.03828125 0.0625
0 0.1546875 0.32109375 0.03359375 0.059375
0 0.6765625 0.1984375 0.04765625 0.0796875
0 0.175 0.4234375 0.03984375 0.06640625
0 0.2203125 0.428125 0.04609375 0.0578125
0 0.31875 0.43359375 0.06015625 0.0546875
0 0.38203125 0.43359375 0.06328125 0.0546875
0 0.64140625 0.4296875 0.06640625 0.07109375
0 0.7171875 0.4359375 0.06015625 0.0671875
0 0.77265625 0.440625 0.04453125 0.053125
0 0.6453125 0.5453125 0.05859375 0.04375
0 0.5875 0.53203125 0.04765625 0.0671875
0 0.91328125 0.55 0.03203125 0.04453125
0 0.46484375 0.52890625 0.0546875 0.0625
0 0.6328125 0.73125 0.04609375 0.053125
0 0.5234375 0.53828125 0.05546875 0.053125
0 0.5421875 0.73203125 0.03828125 0.0515625
0 0.490625 0.72421875 0.04921875 0.0546875
0 0.4453125 0.715625 0.03515625 0.075
0 0.41015625 0.71796875 0.03046875 0.07578125
0 0.37578125 0.72109375 0.03046875 0.065625
0 0.3453125 0.7203125 0.02734375 0.0640625
0 0.2984375 0.7296875 0.04609375 0.0421875
0 0.25078125 0.71796875 0.04921875 0.065625
0 0.1921875 0.73046875 0.06484375 0.0484375
0 0.16640625 0.8375 0.0328125 0.06484375
0 0.990625 0.83671875 0.01875 0.08125
0 0.95234375 0.834375 0.03671875 0.0796875
0 0.90703125 0.83203125 0.040625 0.08125
0 0.8609375 0.8375 0.04140625 0.0734375
0 0.809375 0.8375 0.04453125 0.06953125
0 0.75859375 0.8375 0.04296875 0.0703125
0 0.71015625 0.82890625 0.03359375 0.0890625
0 0.66640625 0.8296875 0.040625 0.08828125
0 0.625 0.83125 0.03671875 0.0890625
0 0.58828125 0.82890625 0.02890625 0.0828125
0 0.54921875 0.83046875 0.03359375 0.0828125
0 0.51796875 0.8296875 0.02734375 0.08125
0 0.484375 0.8375 0.03046875 0.065625
0 0.4515625 0.83125 0.03359375 0.078125
0 0.409375 0.825 0.04140625 0.0921875
0 0.35859375 0.825 0.04765625 0.0921875
0 0.3125 0.82578125 0.040625 0.0921875
0 0.68046875 0.7453125 0.04609375 0.0171875
0 0.67890625 0.72578125 0.04609375 0.0203125
0 0.58515625 0.73046875 0.04453125 0.05078125
0 0.73125 0.72734375 0.04921875 0.01875
0 0.403125 0.53046875 0.06015625 0.065625
0 0.34375 0.52734375 0.0546875 0.06875
0 0.28203125 0.5359375 0.05234375 0.053125
0 0.22421875 0.5359375 0.05390625 0.05
0 0.159375 0.5234375 0.071875 0.075
0 0.18359375 0.6234375 0.0703125 0.04140625
0 0.25625 0.6234375 0.06640625 0.04296875
0 0.31953125 0.6234375 0.05390625 0.0453125
0 0.73203125 0.74609375 0.05390625 0.01875
0 0.4375 0.6234375 0.05546875 0.0453125
0 0.49296875 0.62265625 0.05078125 0.046875
0 0.5546875 0.6140625 0.05703125 0.021875
0 0.61640625 0.61484375 0.05703125 0.0234375
0 0.55234375 0.63828125 0.0625 0.0203125
0 0.378125 0.6234375 0.05234375 0.0484375
0 0.66796875 0.62578125 0.04609375 0.053125
0 0.7875 0.7484375 0.0515625 0.01875
0 0.78828125 0.7265625 0.04765625 0.0203125
0 0.6140625 0.6390625 0.05703125 0.021875
0 0.93203125 0.73125 0.053125 0.0546875
0 0.8828125 0.73203125 0.03984375 0.0546875
0 0.97890625 0.721875 0.0421875 0.078125
0 0.8390625 0.73125 0.04453125 0.05859375
0 0.925 0.63359375 0.05859375 0.0484375
0 0.8625 0.62421875 0.06328125 0.0609375
0 0.79375 0.621875 0.0609375 0.06640625
0 0.74453125 0.621875 0.03203125 0.06328125
0 0.709375 0.6203125 0.03046875 0.0625
0 0.97734375 0.63671875 0.04453125 0.04375