0 0.0921875 0.521875 0.03203125 0.0625
0 0.71328125 0.85078125 0.01640625 0.07109375
0 0.6765625 0.84609375 0.034375 0.06484375
0 0.63515625 0.8390625 0.02734375 0.07421875
0 0.5984375 0.8296875 0.03125 0.0640625
0 0.56640625 0.825 0.025 0.07421875
0 0.528125 0.81640625 0.03515625 0.0640625
0 0.49375 0.81171875 0.02109375 0.07265625
0 0.46328125 0.8046875 0.02421875 0.065625
0 0.40078125 0.79375 0.028125 0.06875
0 0.434375 0.79921875 0.028125 0.0640625
0 0.30546875 0.77265625 0.021875 0.05703125
0 0.12421875 0.52265625 0.021875 0.0640625
0 0.27734375 0.76953125 0.02109375 0.05859375
0 0.21640625 0.75703125 0.0171875 0.059375
0 0.1921875 0.7515625 0.02265625 0.05625
0 0.16484375 0.74765625 0.02265625 0.0640625
0 0.13671875 0.74375 0.02734375 0.05859375
0 0.10546875 0.734375 0.021875 0.05234375
0 0.30625 0.703125 0.0140625 0.0703125
0 0.27890625 0.696875 0.02421875 0.06640625
0 0.2484375 0.69453125 0.0234375 0.06640625
0 0.21796875 0.68359375 0.03046875 0.06484375
0 0.18828125 0.678125 0.02421875 0.0578125
0 0.16171875 0.67421875 0.021875 0.0640625
0 0.13125 0.66640625 0.02578125 0.0640625
0 0.1015625 0.6671875 0.02421875 0.06171875
0 0.72265625 0.753125 0.02265625 0.0640625
0 0.246875 0.7640625 0.0234375 0.05390625
0 0.08984375 0.4390625 0.03125 0.06875
0 0.246875 0.6171875 0.0234375 0.0609375
0 0.68515625 0.74921875 0.034375 0.071875
0 0.28671875 0.14140625 0.021875 0.05703125
0 0.2609375 0.14140625 0.01875 0.059375
0 0.2359375 0.140625 0.02265625 0.05390625
0 0.209375 0.14375 0.02109375 0.05390625
0 0.1859375 0.14453125 0.0234375 0.05546875
0 0.15703125 0.146875 0.01953125 0.0578125
0 0.13125 0.14765625 0.02265625 0.059375
0 0.10234375 0.153125 0.02265625 0.053125
0 0.4 0.1296875 0.0296875 0.06953125
0 0.434375 0.128125 0.03359375 0.0734375
0 0.47890625 0.125 0.03828125 0.07265625
0 0.51953125 0.121875 0.03125 0.07265625
0 0.56328125 0.11875 0.0390625 0.07578125
0 0.60859375 0.1140625 0.0375 0.08203125
0 0.65078125 0.11015625 0.03828125 0.078125
0 0.69609375 0.1078125 0.046875 0.08359375
0 0.74609375 0.10859375 0.0390625 0.0796875
0 0.4375 0.23515625 0.0234375 0.07265625
0 0.47734375 0.23515625 0.04140625 0.071875
0 0.1484375 0.5265625 0.0203125 0.05703125
0 0.09765625 0.5953125 0.0265625 0.0578125
0 0.1296875 0.5984375 0.02578125 0.0578125
0 0.17890625 0.528125 0.0265625 0.0578125
0 0.21015625 0.534375 0.02109375 0.06171875
0 0.24375 0.5359375 0.03203125 0.0640625
0 0.27734375 0.53828125 0.028125 0.06640625
0 0.15625 0.60703125 0.025 0.0609375
0 0.18515625 0.6078125 0.02265625 0.059375
0 0.21484375 0.6140625 0.025 0.0671875
0 0.28046875 0.6234375 0.02734375 0.06796875
0 0.64453125 0.7390625 0.03515625 0.065625
0 0.11640625 0.440625 0.01953125 0.06640625
0 0.57109375 0.72890625 0.0296875 0.06796875
0 0.7 0.5484375 0.028125 0.07578125
0 0.67421875 0.34140625 0.0375 0.075
0 0.63359375 0.34140625 0.03046875 0.0796875
0 0.5953125 0.33984375 0.034375 0.0734375
0 0.55546875 0.3375 0.0390625 0.06953125
0 0.5140625 0.34140625 0.03203125 0.07265625
0 0.475 0.34140625 0.03046875 0.06953125
0 0.43828125 0.33828125 0.034375 0.06875
0 0.40234375 0.3390625 0.03125 0.0703125
0 0.73828125 0.23046875 0.05703125 0.07734375
0 0.6859375 0.23125 0.03671875 0.07734375
0 0.64375 0.23203125 0.03671875 0.07578125
0 0.603125 0.23359375 0.040625 0.07421875
0 0.521875 0.23515625 0.0359375 0.075
0 0.9765625 0.52265625 0.046875 0.09765625
0 0.9484375 0.91484375 0.07109375 0.10625
0 0.9328125 0.79921875 0.0546875 0.0921875
0 0.6625 0.54375 0.03984375 0.06796875
0 0.30546875 0.62421875 0.01328125 0.06953125
0 0.62109375 0.54296875 0.03125 0.06953125
0 0.5453125 0.53515625 0.02578125 0.07109375
0 0.4046875 0.43359375 0.028125 0.065625
0 0.60625 0.734375 0.02890625 0.06953125
0 0.43984375 0.434375 0.02890625 0.0640625
0 0.4734375 0.4390625 0.03359375 0.06796875
0 0.5140625 0.4421875 0.03203125 0.0703125
0 0.55078125 0.44296875 0.02734375 0.075
0 0.5875 0.44296875 0.03046875 0.071875
0 0.62421875 0.44375 0.0328125 0.06875
0 0.66953125 0.44375 0.0375 0.06796875
0 0.7125 0.44921875 0.0328125 0.075
0 0.7484375 0.44921875 0.01953125 0.07109375
0 0.7578125 0.34453125 0.01875 0.06953125
0 0.40390625 0.5234375 0.02421875 0.0640625
0 0.72109375 0.34453125 0.03671875 0.07265625
0 0.4421875 0.52421875 0.0296875 0.06484375
0 0.478125 0.52734375 0.02578125 0.06640625
0 0.51171875 0.53203125 0.03671875 0.0625
0 0.5828125 0.5390625 0.03671875 0.0625
0 0.29296875 0.44765625 0.028125 0.07890625
0 0.56015625 0.23359375 0.03203125 0.07734375
0 0.2265625 0.44375 0.01953125 0.07109375
0 0.48046875 0.6203125 0.034375 0.08984375
0 0.4453125 0.615625 0.02890625 0.08125
0 0.25546875 0.4453125 0.034375 0.07265625
0 0.59453125 0.6328125 0.0390625 0.078125
0 0.63828125 0.64296875 0.0328125 0.0921875
0 0.68125 0.64609375 0.03046875 0.08671875
0 0.721875 0.65546875 0.025 0.0765625
0 0.40625 0.70234375 0.03125 0.06875
0 0.4390625 0.70625 0.02734375 0.065625
0 0.4671875 0.7125 0.025 0.06640625
0 0.50234375 0.71875 0.028125 0.06875
0 0.53671875 0.725 0.0328125 0.07109375
0 0.5171875 0.62578125 0.02734375 0.07890625
0 0.55234375 0.628125 0.03359375 0.08515625
0 0.19921875 0.4421875 0.02265625 0.07421875
0 0.16796875 0.44296875 0.01875 0.06640625
0 0.14375 0.44375 0.0203125 0.06796875
0 0.7359375 0.5515625 0.02890625 0.0703125
0 0.41015625 0.6125 0.0328125 0.0890625