0 0.134375 0.81484375 0.04296875 0.02421875
0 0.0578125 0.8140625 0.0359375 0.0234375
0 0.0203125 0.81484375 0.0375 0.0203125
0 0.88984375 0.703125 0.12265625 0.0203125
0 0.09453125 0.8140625 0.03671875 0.025
0 0.0171875 0.834375 0.03203125 0.0171875
0 0.21015625 0.34296875 0.040625 0.09453125
0 0.09453125 0.834375 0.0421875 0.01484375
0 0.13359375 0.834375 0.0375 0.01484375
0 0.89375 0.68203125 0.1265625 0.0203125
0 0.2390625 0.7875 0.1546875 0.025
0 0.2359375 0.81171875 0.1609375 0.021875
0 0.053125 0.834375 0.03828125 0.01484375
0 0.89296875 0.66171875 0.128125 0.0203125
0 0.48203125 0.6671875 0.12109375 0.02890625
0 0.74765625 0.66796875 0.13359375 0.03125
0 0.61171875 0.6984375 0.13046875 0.0203125
0 0.6140625 0.675 0.12734375 0.02578125
0 0.61171875 0.634375 0.11953125 0.02109375
0 0.4828125 0.69453125 0.12109375 0.0265625
0 0.23125 0.8328125 0.15390625 0.02109375
0 0.48359375 0.63671875 0.11796875 0.02734375
0 0.35078125 0.6921875 0.12890625 0.03046875
0 0.35546875 0.65703125 0.1265625 0.025
0 0.21328125 0.6875 0.13046875 0.02578125
0 0.240625 0.63359375 0.10546875 0.0234375
0 0.07109375 0.69296875 0.1296875 0.01953125
0 0.075 0.6734375 0.12265625 0.01953125
0 0.7484375 0.6953125 0.1328125 0.0234375
0 0.08046875 0.0828125 0.1578125 0.02890625
0 0.4890625 0.1109375 0.06640625 0.1140625
0 0.08671875 0.15 0.16640625 0.0359375
0 0.53203125 0.23515625 0.0328125 0.09453125
0 0.5703125 0.23515625 0.04296875 0.09453125
0 0.38515625 0.81484375 0.03359375 0.01875
0 0.3484375 0.81171875 0.03671875 0.0203125
0 0.48984375 0.2328125 0.04296875 0.1
0 0.44609375 0.2359375 0.03984375 0.09609375
0 0.403125 0.23671875 0.04453125 0.09921875
0 0.35625 0.23671875 0.04921875 0.1
0 0.3140625 0.23359375 0.040625 0.09921875
0 0.27109375 0.23359375 0.04375 0.1
0 0.23359375 0.23203125 0.0328125 0.1
0 0.1984375 0.23359375 0.0359375 0.0984375
0 0.1671875 0.23203125 0.028125 0.0953125
0 0.08203125 0.11640625 0.1625 0.02890625
0 0.12421875 0.23125 0.05546875 0.09609375
0 0.03828125 0.22890625 0.0484375 0.0953125
0 0.8375 0.15234375 0.16328125 0.02734375
0 0.8390625 0.12578125 0.1625 0.02421875
0 0.8359375 0.09609375 0.159375 0.03203125
0 0.83515625 0.06796875 0.1359375 0.01875
0 0.71796875 0.1109375 0.06953125 0.11171875
0 0.65390625 0.11171875 0.0578125 0.109375
0 0.2515625 0.3453125 0.04453125 0.0921875
0 0.07734375 0.6546875 0.12734375 0.01796875
0 0.41953125 0.109375 0.071875 0.11171875
0 0.34921875 0.11171875 0.07109375 0.10703125
0 0.27734375 0.109375 0.06640625 0.10703125
0 0.2046875 0.109375 0.0640625 0.1015625
0 0.0796875 0.2296875 0.03359375 0.09296875
0 0.07734375 0.634375 0.1265625 0.01953125
0 0.55703125 0.1109375 0.07109375 0.115625
0 0.90625 0.578125 0.15390625 0.01953125
0 0.68203125 0.3484375 0.03671875 0.0921875
0 0.38515625 0.79140625 0.0421875 0.02265625
0 0.33828125 0.83125 0.04296875 0.01796875
0 0.38515625 0.8328125 0.0390625 0.0140625
0 0.4765625 0.7875 0.1359375 0.0203125
0 0.478125 0.83515625 0.13046875 0.03671875
0 0.64140625 0.3484375 0.040625 0.0921875
0 0.6140625 0.8375 0.1390625 0.03125
0 0.765625 0.83125 0.15234375 0.0359375
0 0.921875 0.80625 0.15 0.03203125
0 0.92890625 0.83828125 0.1421875 0.0296875
0 0.77421875 0.35234375 0.14296875 0.03046875
0 0.775 0.3828125 0.14375 0.03046875
0 0.9234375 0.32890625 0.153125 0.02734375
0 0.609375 0.75703125 0.12421875 0.02109375
0 0.603125 0.35078125 0.03515625 0.0890625
0 0.56328125 0.34765625 0.04375 0.09375
0 0.51640625 0.346875 0.0375 0.09375
0 0.1078125 0.37734375 0.1390625 0.025
0 0.1015625 0.35234375 0.13359375 0.0234375
0 0.09765625 0.325 0.13984375 0.028125
0 0.9015625 0.6046875 0.13359375 0.0234375
0 0.9375 0.24453125 0.125 0.028125
0 0.79296875 0.27109375 0.15625 0.0265625
0 0.7953125 0.24375 0.153125 0.02890625
0 0.6953125 0.2359375 0.03828125 0.1046875
0 0.6546875 0.23359375 0.04375 0.10234375
0 0.6109375 0.2375 0.0390625 0.09609375
0 0.3015625 0.34609375 0.0515625 0.09296875
0 0.3578125 0.346875 0.040625 0.09296875
0 0.396875 0.346875 0.0390625 0.0921875
0 0.4375 0.34921875 0.04296875 0.0984375
0 0.4765625 0.34765625 0.0359375 0.1
0 0.9265625 0.35625 0.146875 0.0234375
0 0.92734375 0.38203125 0.14453125 0.0234375
0 0.9375 0.271875 0.125 0.0234375
0 0.103125 0.4546875 0.15390625 0.02890625
0 0.0921875 0.571875 0.125 0.021875
0 0.09375 0.5921875 0.12734375 0.0203125
0 0.23671875 0.5328125 0.13203125 0.0203125
0 0.2296875 0.56875 0.13203125 0.028125
0 0.22890625 0.59453125 0.13203125 0.02421875
0 0.36640625 0.55625 0.1265625 0.02265625
0 0.36875 0.584375 0.125 0.0296875
0 0.49296875 0.55859375 0.12109375 0.02265625
0 0.49296875 0.5875 0.121875 0.0296875
0 0.61796875 0.59375 0.11953125 0.01953125
0 0.74765625 0.55078125 0.140625 0.02421875
0 0.75078125 0.57421875 0.140625 0.021875
0 0.75625 0.6015625 0.1484375 0.028125
0 0.91328125 0.55703125 0.1390625 0.021875
0 0.10234375 0.4296875 0.15703125 0.0203125
0 0.090625 0.5515625 0.12890625 0.0203125
0 0.1046875 0.5265625 0.1328125 0.02265625
0 0.615625 0.5671875 0.1171875 0.02890625
0 0.9359375 0.46953125 0.128125 0.0265625
0 0.27734375 0.4234375 0.11796875 0.02265625
0 0.25390625 0.4625 0.13125 0.0265625
0 0.10546875 0.48359375 0.15859375 0.02734375
0 0.934375 0.4953125 0.13125 0.025
0 0.2546875 0.4875 0.12890625 0.02265625
0 0.4046875 0.4359375 0.125 0.01875
0 0.39296875 0.45859375 0.12265625 0.025
0 0.55 0.4625 0.12421875 0.02890625
0 0.54921875 0.48828125 0.128125 0.02265625
0 0.671875 0.46484375 0.10546875 0.03046875
0 0.38515625 0.4921875 0.1265625 0.0296875
0 0.79609375 0.49375 0.1421875 0.028125
0 0.79609375 0.4625 0.13671875 0.0265625
0 0.934375 0.43984375 0.13125 0.0265625
0 0.76796875 0.4328125 0.1359375 0.0296875
0 0.67109375 0.49140625 0.1078125 0.021875