0 0.496875 0.75546875 0.071875 0.03828125
0 0.421875 0.759375 0.0703125 0.03671875
0 0.421875 0.7203125 0.0765625 0.0359375
0 0.1890625 0.765625 0.08046875 0.034375
0 0.3453125 0.7203125 0.07578125 0.03828125
0 0.2671875 0.72578125 0.08125 0.03671875
0 0.26875 0.7640625 0.075 0.0359375
0 0.49609375 0.71484375 0.06953125 0.03671875
0 0.34765625 0.7625 0.07734375 0.0375
0 0.56640625 0.7109375 0.06953125 0.0421875
0 0.9015625 0.53125 0.0953125 0.02109375
0 0.5796875 0.3953125 0.09921875 0.01953125
0 0.69453125 0.43828125 0.09765625 0.0265625
0 0.69296875 0.40859375 0.096875 0.02734375
0 0.78359375 0.38828125 0.07578125 0.025
0 0.78203125 0.4125 0.07890625 0.02265625
0 0.7875 0.43828125 0.08125 0.021875
0 0.86953125 0.434375 0.08125 0.0234375
0 0.86875 0.41015625 0.08984375 0.0203125
0 0.87265625 0.3875 0.09296875 0.01953125
0 0.1859375 0.728125 0.08046875 0.03828125
0 0.59453125 0.41796875 0.090625 0.021875
0 0.10859375 0.7234375 0.06484375 0.03671875
0 0.14375 0.21640625 0.23046875 0.03828125
0 0.30390625 0.87109375 0.05234375 0.121875
0 0.25546875 0.296875 0.0765625 0.04609375
0 0.17578125 0.346875 0.08359375 0.04375
0 0.17421875 0.3015625 0.08125 0.0453125
0 0.02265625 0.30625 0.0453125 0.03984375
0 0.02421875 0.346875 0.0484375 0.040625
0 0.0921875 0.34609375 0.08203125 0.04296875
0 0.08828125 0.30078125 0.0859375 0.04140625
0 0.83828125 0.2015625 0.22265625 0.03671875
0 0.840625 0.16328125 0.22265625 0.03671875
0 0.8421875 0.12265625 0.22578125 0.0421875
0 0.6125 0.2078125 0.22265625 0.03984375
0 0.609375 0.16796875 0.22109375 0.0390625
0 0.36953125 0.175 0.2078125 0.0328125
0 0.37578125 0.2109375 0.2203125 0.03671875
0 0.89453125 0.503125 0.1 0.02734375
0 0.15 0.175 0.22421875 0.040625
0 0.77578125 0.8515625 0.0515625 0.11484375
0 0.71640625 0.8546875 0.0578125 0.121875
0 0.6546875 0.8546875 0.053125 0.11640625
0 0.6046875 0.85859375 0.04609375 0.11953125
0 0.5390625 0.8625 0.0671875 0.11875
0 0.44609375 0.86640625 0.06484375 0.121875
0 0.37421875 0.86875 0.07421875 0.11875
0 0.2390625 0.875 0.0609375 0.11953125
0 0.78984375 0.50859375 0.10234375 0.02109375
0 0.03671875 0.72734375 0.0734375 0.03984375
0 0.6953125 0.52265625 0.0828125 0.02421875
0 0.19296875 0.61171875 0.090625 0.0375
0 0.27109375 0.64140625 0.05234375 0.05078125
0 0.3375 0.6390625 0.078125 0.05625
0 0.4234375 0.63515625 0.09296875 0.05390625
0 0.50234375 0.63046875 0.06328125 0.05390625
0 0.56875 0.6296875 0.06484375 0.059375
0 0.63515625 0.62578125 0.06484375 0.0625
0 0.7015625 0.6265625 0.06796875 0.06171875
0 0.76953125 0.62421875 0.0671875 0.06171875
0 0.56796875 0.75078125 0.065625 0.03671875
0 0.1953125 0.6515625 0.0859375 0.0359375
0 0.6453125 0.75390625 0.0671875 0.0296875
0 0.71796875 0.70625 0.075 0.0390625
0 0.715625 0.7484375 0.0734375 0.0390625
0 0.7921875 0.746875 0.075 0.03671875
0 0.79375 0.70703125 0.07421875 0.040625
0 0.86953125 0.70625 0.07421875 0.03984375
0 0.8671875 0.74765625 0.0734375 0.03828125
0 0.865625 0.621875 0.11875 0.059375
0 0.10625 0.771875 0.07734375 0.0375
0 0.259375 0.3421875 0.08203125 0.0421875
0 0.6 0.44296875 0.0890625 0.0203125
0 0.63203125 0.721875 0.05859375 0.034375
0 0.07265625 0.62421875 0.1453125 0.04765625
0 0.07109375 0.6625 0.1421875 0.028125
0 0.02890625 0.51171875 0.05703125 0.0171875
0 0.603125 0.503125 0.0953125 0.0171875
0 0.60390625 0.540625 0.08671875 0.01796875
0 0.6015625 0.521875 0.0859375 0.01796875
0 0.50625 0.52421875 0.090625 0.0171875
0 0.509375 0.54296875 0.08984375 0.015625
0 0.409375 0.54375 0.09140625 0.01953125
0 0.171875 0.875 0.065625 0.121875
0 0.1015625 0.87734375 0.06875 0.12421875
0 0.03046875 0.878125 0.06015625 0.11484375
0 0.0328125 0.7703125 0.06484375 0.03984375
0 0.4015625 0.51953125 0.09609375 0.02109375
0 0.40390625 0.4984375 0.096875 0.01484375
0 0.31328125 0.5515625 0.0953125 0.0171875
0 0.3046875 0.5328125 0.090625 0.0140625
0 0.29921875 0.51171875 0.09453125 0.01953125
0 0.21640625 0.5546875 0.0953125 0.015625
0 0.21171875 0.53515625 0.09296875 0.01875
0 0.2046875 0.51328125 0.0921875 0.01796875
0 0.1140625 0.553125 0.0953125 0.0203125
0 0.11171875 0.53125 0.09453125 0.01953125
0 0.10859375 0.5109375 0.09765625 0.01953125
0 0.03203125 0.55546875 0.0640625 0.0171875
0 0.03125 0.5328125 0.0625 0.01875
0 0.7921875 0.534375 0.10078125 0.01953125
0 0.340625 0.34140625 0.0796875 0.04140625
0 0.83671875 0.85 0.0640625 0.1140625
0 0.42421875 0.33984375 0.078125 0.03984375
0 0.91015625 0.26484375 0.084375 0.021875
0 0.0921875 0.41484375 0.109375 0.0171875
0 0.1 0.43515625 0.1109375 0.01953125
0 0.10703125 0.45703125 0.11015625 0.0203125
0 0.8203125 0.325 0.07734375 0.0390625
0 0.91015625 0.28828125 0.08515625 0.021875
0 0.9046875 0.31015625 0.084375 0.021875
0 0.2109375 0.428125 0.10703125 0.0203125
0 0.21484375 0.453125 0.10234375 0.02265625
0 0.31484375 0.44921875 0.09765625 0.0234375
0 0.40859375 0.44609375 0.0875 0.025
0 0.4078125 0.4203125 0.0859375 0.02265625
0 0.40390625 0.39765625 0.09765625 0.015625
0 0.3140625 0.42265625 0.09609375 0.021875
0 0.50546875 0.44375 0.09453125 0.01875
0 0.4171875 0.2984375 0.078125 0.04375
0 0.49765625 0.296875 0.0765625 0.040625
0 0.5015625 0.3359375 0.075 0.03671875
0 0.5 0.4234375 0.090625 0.0234375
0 0.58515625 0.33515625 0.07890625 0.03671875
0 0.659375 0.28515625 0.078125 0.04765625
0 0.578125 0.29296875 0.07890625 0.046875
0 0.740625 0.3296875 0.078125 0.03984375
0 0.7421875 0.2859375 0.08125 0.03828125
0 0.82421875 0.28359375 0.0828125 0.040625
0 0.903125 0.33203125 0.08515625 0.02109375
0 0.66328125 0.33203125 0.075 0.04140625
0 0.33828125 0.296875 0.08125 0.04140625