0 0.228125 0.4203125 0.015625 0.10625
0 0.1484375 0.40390625 0.01328125 0.0953125
0 0.16484375 0.4046875 0.01640625 0.0953125
0 0.18203125 0.40546875 0.01015625 0.10234375
0 0.19609375 0.41328125 0.01171875 0.1
0 0.2125 0.4171875 0.0125 0.09921875
0 0.24453125 0.4234375 0.01171875 0.10703125
0 0.44140625 0.46484375 0.02421875 0.12421875
0 0.29140625 0.43359375 0.0328125 0.10390625
0 0.32578125 0.44765625 0.02421875 0.10859375
0 0.38046875 0.440625 0.01875 0.103125
0 0.35078125 0.44296875 0.01640625 0.10546875
0 0.39921875 0.45625 0.01875 0.1171875
0 0.41875 0.459375 0.01875 0.12421875
0 0.26171875 0.4265625 0.01953125 0.10546875
0 0.1359375 0.39609375 0.009375 0.0984375
0 0.91171875 0.25234375 0.0328125 0.07265625
0 0.1078125 0.390625 0.00859375 0.09296875
0 0.46484375 0.471875 0.02109375 0.1234375
0 0.8671875 0.33125 0.03203125 0.07421875
0 0.903125 0.33203125 0.03046875 0.0765625
0 0.85546875 0.41171875 0.03046875 0.071875
0 0.89296875 0.41484375 0.03125 0.08203125
0 0.84140625 0.56328125 0.075 0.14921875
0 0.92265625 0.58203125 0.07578125 0.15546875
0 0.9828125 0.5828125 0.034375 0.1609375
0 0.00859375 0.36953125 0.0109375 0.08359375
0 0.021875 0.3703125 0.01015625 0.0875
0 0.03515625 0.37265625 0.01015625 0.08984375
0 0.04765625 0.3765625 0.0109375 0.08828125
0 0.0609375 0.38046875 0.01171875 0.08359375
0 0.08046875 0.38359375 0.0171875 0.08828125
0 0.096875 0.3890625 0.01015625 0.0953125
0 0.12109375 0.3953125 0.015625 0.09765625
0 0.4875 0.47578125 0.02109375 0.1265625
0 0.0625 0.5109375 0.02109375 0.03203125
0 0.53515625 0.49140625 0.0234375 0.13125
0 0.11171875 0.4765625 0.02734375 0.03828125
0 0.1125 0.525 0.02109375 0.04296875
0 0.13984375 0.534375 0.02578125 0.046875
0 0.1125 0.57421875 0.01875 0.03984375
0 0.13828125 0.5875 0.02890625 0.0421875
0 0.16640625 0.49609375 0.0265625 0.04453125
0 0.1984375 0.50546875 0.03203125 0.05
0 0.16796875 0.54765625 0.02421875 0.03671875
0 0.19609375 0.55703125 0.0265625 0.0453125
0 0.16875 0.59609375 0.0203125 0.0421875
0 0.19453125 0.60625 0.02734375 0.040625
0 0.225 0.5703125 0.02734375 0.04296875
0 0.25703125 0.578125 0.03125 0.0484375
0 0.22734375 0.62421875 0.028125 0.04140625
0 0.2578125 0.63515625 0.0265625 0.040625
0 0.08828125 0.565625 0.025 0.04375
0 0.06484375 0.5546875 0.01953125 0.04375
0 0.04140625 0.54765625 0.0203125 0.0375
0 0.0875 0.51875 0.02421875 0.04296875
0 0.5609375 0.49765625 0.02421875 0.13203125
0 0.58828125 0.50390625 0.02578125 0.1359375
0 0.61796875 0.5125 0.02578125 0.13515625
0 0.6484375 0.51953125 0.025 0.13984375
0 0.6765625 0.525 0.025 0.13984375
0 0.7140625 0.53046875 0.03515625 0.14609375
0 0.75 0.5375 0.03203125 0.1484375
0 0.51015625 0.484375 0.01953125 0.13046875
0 0.784375 0.54609375 0.03046875 0.1484375
0 0.0140625 0.49453125 0.02109375 0.03984375
0 0.01953125 0.5390625 0.0203125 0.03515625
0 0.0359375 0.4546875 0.0171875 0.03984375
0 0.05625 0.4609375 0.0203125 0.03984375
0 0.0796875 0.4703125 0.02421875 0.0484375
0 0.0390625 0.5015625 0.0203125 0.03984375
0 0.87578125 0.246875 0.03125 0.07421875
0 0.01328125 0.44765625 0.01953125 0.03828125
0 0.8234375 0.4046875 0.03046875 0.0703125
0 0.64140625 0.31015625 0.02578125 0.06484375
0 0.75703125 0.39765625 0.0296875 0.075
0 0.0171875 0.24765625 0.01796875 0.1171875
0 0.00390625 0.24921875 0.0078125 0.11640625
0 0.96875 0.4203125 0.034375 0.08203125
0 0.9328125 0.41875 0.034375 0.075
0 0.978125 0.33671875 0.03125 0.0765625
0 0.940625 0.334375 0.03125 0.07421875
0 0.98671875 0.25078125 0.0265625 0.07734375
0 0.9484375 0.2546875 0.0296875 0.0765625
0 0.93125 0.06328125 0.0703125 0.125
0 0.859375 0.0609375 0.059375 0.121875
0 0.78984375 0.06328125 0.06015625 0.1265625
0 0.7265625 0.065625 0.05546875 0.1296875
0 0.6671875 0.06640625 0.05 0.13203125
0 0.61328125 0.06640625 0.04609375 0.13203125
0 0.559375 0.06796875 0.0484375 0.13203125
0 0.0375 0.2484375 0.0203125 0.12578125
0 0.51171875 0.06640625 0.040625 0.13203125
0 0.06015625 0.25234375 0.01640625 0.12578125
0 0.11015625 0.20703125 0.0390625 0.07578125
0 0.5671875 0.30390625 0.02109375 0.0671875
0 0.5953125 0.234375 0.02421875 0.06796875
0 0.56875 0.2375 0.025 0.06171875
0 0.4984375 0.3328125 0.09765625 0.09609375
0 0.403125 0.3203125 0.08515625 0.0859375
0 0.503125 0.2265625 0.10078125 0.1046875
0 0.4015625 0.21953125 0.084375 0.09296875
0 0.31171875 0.3140625 0.078125 0.0875
0 0.2328125 0.30234375 0.06015625 0.07734375
0 0.309375 0.21640625 0.07421875 0.0953125
0 0.23359375 0.2140625 0.06171875 0.0875
0 0.1078125 0.2859375 0.040625 0.07578125
0 0.16328125 0.2921875 0.05546875 0.07890625
0 0.165625 0.20703125 0.0546875 0.078125
0 0.29296875 0.6453125 0.034375 0.0484375
0 0.078125 0.25390625 0.015625 0.12265625
0 0.78671875 0.4 0.028125 0.0734375
0 0.4671875 0.06796875 0.0390625 0.1359375
0 0.37578125 0.06640625 0.0296875 0.1328125
0 0.6703125 0.31328125 0.021875 0.06796875
0 0.70078125 0.315625 0.0296875 0.0640625
0 0.6109375 0.37578125 0.02734375 0.06640625
0 0.6359375 0.38125 0.01796875 0.065625
0 0.6671875 0.384375 0.02421875 0.06953125
0 0.69609375 0.390625 0.0234375 0.06796875
0 0.7375 0.24140625 0.0296875 0.0703125
0 0.77109375 0.246875 0.0296875 0.07265625
0 0.80390625 0.246875 0.0296875 0.07421875
0 0.8390625 0.24765625 0.03125 0.0703125
0 0.73203125 0.31796875 0.02890625 0.06953125
0 0.76328125 0.3203125 0.02734375 0.06328125
0 0.7984375 0.32421875 0.02578125 0.0734375
0 0.83203125 0.32734375 0.0328125 0.075
0 0.7234375 0.39296875 0.02578125 0.071875
0 0.615625 0.30859375 0.02265625 0.0609375
0 0.421875 0.065625 0.03984375 0.12890625
0 0.70390625 0.2421875 0.02578125 0.071875
0 0.64609375 0.2390625 0.02421875 0.0703125
0 0.33359375 0.06875 0.03984375 0.13515625
0 0.2953125 0.06875 0.025 0.13671875
0 0.26328125 0.06640625 0.0265625 0.1328125
0 0.23203125 0.06953125 0.025 0.1359375
0 0.2015625 0.06953125 0.02421875 0.13828125
0 0.17265625 0.06796875 0.02890625 0.134375
0 0.14453125 0.06796875 0.01953125 0.134375
0 0.1203125 0.06875 0.02421875 0.13515625
0 0.09375 0.0671875 0.02421875 0.1328125
0 0.06015625 0.0703125 0.0375 0.1390625
0 0.03203125 0.07109375 0.01875 0.1390625
0 0.01171875 0.07265625 0.0234375 0.13125
0 0.58984375 0.30390625 0.01640625 0.065625
0 0.5875 0.37109375 0.01796875 0.0609375
0 0.62109375 0.2390625 0.02265625 0.06875
0 0.675 0.2421875 0.021875 0.0671875
0 0.29296875 0.59375 0.0328125 0.04765625
0 0.56484375 0.3703125 0.02265625 0.05703125
0 0.33359375 0.546875 0.03515625 0.04609375
0 0.2765625 0.76953125 0.02890625 0.03671875
0 0.24375 0.76171875 0.02734375 0.03359375
0 0.3828125 0.76875 0.0359375 0.046875
0 0.34296875 0.75390625 0.03125 0.04375
0 0.3078125 0.7390625 0.03203125 0.04765625
0 0.27265625 0.728125 0.0265625 0.03984375
0 0.2421875 0.71015625 0.028125 0.04296875
0 0.215625 0.79140625 0.02421875 0.034375
0 0.1828125 0.771875 0.02421875 0.040625
0 0.21484375 0.740625 0.025 0.0421875
0 0.1859375 0.72421875 0.0265625 0.0359375
0 0.1828125 0.67578125 0.02421875 0.04375
0 0.14921875 0.7609375 0.02578125 0.0359375
0 0.1234375 0.746875 0.01875 0.0375
0 0.146875 0.7171875 0.02578125 0.03828125
0 0.121875 0.70078125 0.015625 0.0375
0 0.14453125 0.66796875 0.02265625 0.04453125
0 0.1203125 0.65390625 0.01953125 0.03828125
0 0.10390625 0.6875 0.01640625 0.025
0 0.309375 0.7921875 0.028125 0.03671875
0 0.34609375 0.80625 0.03125 0.0421875
0 0.38046875 0.82421875 0.03671875 0.0390625
0 0.24453125 0.80703125 0.03046875 0.040625
0 0.790625 0.9734375 0.0609375 0.05078125
0 0.72421875 0.93984375 0.05234375 0.06640625
0 0.665625 0.971875 0.05078125 0.04921875
0 0.6078125 0.95078125 0.0484375 0.04453125
0 0.66640625 0.90859375 0.04765625 0.04921875
0 0.61015625 0.8859375 0.04765625 0.0515625
0 0.546875 0.97890625 0.04296875 0.03515625
0 0.5015625 0.95703125 0.03515625 0.03671875
0 0.46171875 0.93359375 0.03828125 0.03359375
0 0.1015625 0.72890625 0.0125 0.04140625
0 0.41875 0.9078125 0.03515625 0.0359375
0 0.503125 0.89765625 0.03671875 0.040625
0 0.45703125 0.87421875 0.0375 0.03828125
0 0.4203125 0.846875 0.03359375 0.0453125
0 0.5078125 0.8375 0.04296875 0.04609375
0 0.46484375 0.81484375 0.0390625 0.0453125
0 0.378125 0.88125 0.028125 0.0390625
0 0.34375 0.86171875 0.0296875 0.0453125
0 0.30859375 0.84453125 0.034375 0.03984375
0 0.2765625 0.82421875 0.03046875 0.0453125
0 0.55625 0.92421875 0.04765625 0.05234375
0 0.0796875 0.71484375 0.015625 0.03828125
0 0.29296875 0.53671875 0.03515625 0.0515625
0 0.03984375 0.69609375 0.01875 0.034375
0 0.440625 0.709375 0.01953125 0.08203125
0 0.41796875 0.6953125 0.021875 0.07734375
0 0.67734375 0.68984375 0.0140625 0.07109375
0 0.990625 0.796875 0.01796875 0.0984375
0 0.9828125 0.909375 0.034375 0.11015625
0 0.93984375 0.89609375 0.03203125 0.09765625
0 0.95703125 0.775 0.040625 0.1375
0 0.6234375 0.6609375 0.05390625 0.084375
0 0.56640625 0.640625 0.046875 0.07890625
0 0.4640625 0.71640625 0.0171875 0.0828125
0 0.5328125 0.62578125 0.0203125 0.08984375
0 0.48203125 0.61015625 0.01875 0.07890625
0 0.43671875 0.59140625 0.01875 0.0734375
0 0.4125 0.5828125 0.01875 0.07421875
0 0.3703125 0.675 0.03828125 0.05
0 0.33046875 0.66171875 0.0328125 0.04921875
0 0.36953125 0.6140625 0.0390625 0.0515625
0 0.32890625 0.603125 0.03125 0.04609375
0 0.37421875 0.5578125 0.03828125 0.05390625
0 0.0578125 0.703125 0.015625 0.03828125
0 0.50546875 0.615625 0.01875 0.07890625
0 0.4875 0.72734375 0.01796875 0.07890625
0 0.459375 0.59921875 0.01875 0.071875
0 0.5359375 0.746875 0.0203125 0.08359375
0 0.09296875 0.63984375 0.0203125 0.0328125
0 0.51015625 0.73984375 0.01953125 0.0921875
0 0.07734375 0.675 0.0203125 0.03515625
0 0.05546875 0.6609375 0.0171875 0.03359375
0 0.03671875 0.65078125 0.01796875 0.028125
0 0.0140625 0.640625 0.0171875 0.0328125
0 0.05078125 0.61875 0.0171875 0.0328125
0 0.0328125 0.6125 0.0171875 0.03359375
0 0.01328125 0.60078125 0.01640625 0.03046875
0 0.89765625 0.8984375 0.04140625 0.1109375
0 0.01875 0.68203125 0.0171875 0.0328125
0 0.81328125 0.865625 0.02578125 0.1046875
0 0.78046875 0.8546875 0.03125 0.10546875
0 0.74921875 0.84140625 0.02578125 0.09375
0 0.7140625 0.8265625 0.0296875 0.10078125
0 0.68203125 0.809375 0.03125 0.09765625
0 0.6515625 0.796875 0.02578125 0.090625
0 0.61953125 0.7828125 0.02421875 0.0875
0 0.5625 0.76328125 0.02109375 0.084375
0 0.8515625 0.8859375 0.03671875 0.11171875
0 0.5890625 0.775 0.01953125 0.08046875