0 0.3875 0.84375 0.0171875 0.00859375
0 0.40859375 0.84765625 0.01484375 0.0125
0 0.434375 0.8515625 0.015625 0.0125
0 0.40859375 0.87734375 0.0140625 0.0109375
0 0.39140625 0.8546875 0.0203125 0.00625
0 0.38515625 0.86796875 0.01640625 0.0140625
0 0.4796875 0.8625 0.01640625 0.0125
0 0.45625 0.85859375 0.0203125 0.01015625
0 0.41015625 0.86171875 0.0140625 0.0109375
0 0.4359375 0.86640625 0.0203125 0.01015625
0 0.6078125 0.8203125 0.02421875 0.01015625
0 0.45859375 0.8703125 0.0125 0.009375
0 0.61015625 0.83359375 0.02265625 0.0125
0 0.5125 0.84296875 0.02109375 0.0109375
0 0.53671875 0.8484375 0.0171875 0.01171875
0 0.5578125 0.8484375 0.01796875 0.009375
0 0.584375 0.8484375 0.01953125 0.009375
0 0.6078125 0.8484375 0.02109375 0.009375
0 0.51015625 0.8578125 0.01640625 0.01015625
0 0.53359375 0.86015625 0.01484375 0.0078125
0 0.5578125 0.8625 0.01796875 0.009375
0 0.58046875 0.86328125 0.015625 0.0140625
0 0.5859375 0.8359375 0.01796875 0.01171875
0 0.6046875 0.86171875 0.01953125 0.0109375
0 0.50546875 0.88359375 0.015625 0.00859375
0 0.51015625 0.89609375 0.0125 0.015625
0 0.52890625 0.871875 0.01875 0.00625
0 0.5296875 0.88203125 0.01484375 0.01171875
0 0.53671875 0.89921875 0.01328125 0.009375
0 0.553125 0.87421875 0.0171875 0.01171875
0 0.5546875 0.8890625 0.015625 0.00703125
0 0.57734375 0.8765625 0.0171875 0.009375
0 0.60234375 0.8765625 0.0140625 0.00703125
0 0.575 0.890625 0.01640625 0.01015625
0 0.50703125 0.87109375 0.015625 0.01171875
0 0.42890625 0.88125 0.0171875 0.0140625
0 0.5609375 0.83515625 0.0203125 0.01015625
0 0.5140625 0.83046875 0.0125 0.009375
0 0.453125 0.8859375 0.01640625 0.0125
0 0.4765625 0.87578125 0.015625 0.0140625
0 0.47890625 0.89296875 0.01953125 0.0125
0 0.41328125 0.75625 0.01484375 0.01640625
0 0.4296875 0.75703125 0.015625 0.0125
0 0.45 0.759375 0.01484375 0.01484375
0 0.471875 0.76171875 0.01484375 0.015625
0 0.49453125 0.76015625 0.01875 0.0125
0 0.43203125 0.7734375 0.0125 0.00859375
0 0.45546875 0.775 0.0140625 0.00859375
0 0.53515625 0.834375 0.01875 0.0109375
0 0.475 0.77734375 0.0125 0.01015625
0 0.51484375 0.79921875 0.0140625 0.01796875
0 0.53671875 0.80078125 0.01640625 0.02109375
0 0.5625 0.80234375 0.01953125 0.02109375
0 0.58984375 0.80078125 0.01796875 0.02109375
0 0.61640625 0.80078125 0.01796875 0.02109375
0 0.5109375 0.81640625 0.0140625 0.01171875
0 0.5359375 0.8171875 0.01953125 0.00703125
0 0.55859375 0.8203125 0.015625 0.01328125
0 0.5796875 0.821875 0.01328125 0.01015625
0 0.4796875 0.84609375 0.02109375 0.0171875
0 0.49453125 0.775 0.0109375 0.009375
0 0.45703125 0.84375 0.01640625 0.0203125
0 0.13671875 0.28984375 0.09765625 0.08046875
0 0.41328125 0.83203125 0.015625 0.015625
0 0.5109375 0.39609375 0.04296875 0.0375
0 0.575 0.37421875 0.07265625 0.0390625
0 0.5765625 0.4296875 0.0515625 0.0546875
0 0.6421875 0.42734375 0.05234375 0.0625
0 0.64453125 0.36953125 0.05390625 0.04140625
0 0.70234375 0.43046875 0.05078125 0.05
0 0.7671875 0.37265625 0.07109375 0.02578125
0 0.78046875 0.40703125 0.0796875 0.025
0 0.7796875 0.44140625 0.0671875 0.0296875
0 0.89921875 0.4234375 0.04921875 0.0734375
0 0.94921875 0.42109375 0.04765625 0.071875
0 0.5140625 0.4390625 0.053125 0.03515625
0 0.184375 0.51328125 0.0546875 0.04453125
0 0.17265625 0.56640625 0.0484375 0.05234375
0 0.22421875 0.56640625 0.0453125 0.05
0 0.27890625 0.56484375 0.0515625 0.053125
0 0.34140625 0.56328125 0.03828125 0.06796875
0 0.39140625 0.56953125 0.04921875 0.05546875
0 0.4546875 0.56796875 0.053125 0.04765625
0 0.41953125 0.515625 0.05234375 0.04921875
0 0.47421875 0.50625 0.04296875 0.04921875
0 0.51796875 0.5703125 0.053125 0.05703125
0 0.58515625 0.578125 0.0578125 0.0546875
0 0.5859375 0.52421875 0.05859375 0.04921875
0 0.25546875 0.50234375 0.053125 0.03828125
0 0.52734375 0.50390625 0.04296875 0.04140625
0 0.4515625 0.43828125 0.05546875 0.03515625
0 0.3359375 0.44296875 0.04296875 0.03671875
0 0.21171875 0.290625 0.040625 0.0796875
0 0.26484375 0.2921875 0.03515625 0.08203125
0 0.32265625 0.29296875 0.06171875 0.078125
0 0.3953125 0.290625 0.06875 0.08515625
0 0.4625 0.29609375 0.04921875 0.06015625
0 0.52265625 0.29375 0.0546875 0.05859375
0 0.5859375 0.2921875 0.05546875 0.0640625
0 0.64921875 0.290625 0.059375 0.0640625
0 0.4875 0.2484375 0.04921875 0.025
0 0.54921875 0.24453125 0.0421875 0.02421875
0 0.603125 0.24296875 0.04921875 0.02421875
0 0.390625 0.4390625 0.05546875 0.03984375
0 0.71328125 0.3015625 0.0484375 0.04375
0 0.8421875 0.2484375 0.05703125 0.04140625
0 0.7765625 0.29921875 0.05625 0.04453125
0 0.84375 0.2953125 0.05234375 0.046875
0 0.90390625 0.2765625 0.04609375 0.09140625
0 0.94765625 0.28671875 0.02265625 0.053125
0 0.128125 0.4421875 0.05703125 0.03125
0 0.18515625 0.440625 0.0484375 0.0375
0 0.23046875 0.44140625 0.0375 0.03984375
0 0.28046875 0.44609375 0.0515625 0.0328125
0 0.30859375 0.403125 0.06171875 0.03515625
0 0.346875 0.36484375 0.0578125 0.02109375
0 0.77734375 0.24921875 0.0578125 0.0453125
0 0.4359375 0.83671875 0.01640625 0.015625
0 0.65 0.490625 0.05234375 0.01484375
0 0.65703125 0.54765625 0.0671875 0.015625
0 0.90703125 0.69453125 0.03125 0.03125
0 0.9484375 0.69375 0.03359375 0.02734375
0 0.9109375 0.728125 0.0234375 0.025
0 0.9546875 0.728125 0.03359375 0.02421875
0 0.9609375 0.64375 0.02109375 0.01875
0 0.98359375 0.64453125 0.02265625 0.01953125
0 0.9859375 0.6671875 0.01875 0.015625
0 0.9625 0.66484375 0.01640625 0.0140625
0 0.90078125 0.63828125 0.02421875 0.0171875
0 0.93046875 0.6375 0.0265625 0.02109375
0 0.4625 0.696875 0.0609375 0.04453125
0 0.79609375 0.728125 0.034375 0.01875
0 0.38203125 0.6875 0.075 0.0140625
0 0.31796875 0.69609375 0.0484375 0.025
0 0.26171875 0.6859375 0.04609375 0.02890625
0 0.15859375 0.2234375 0.08984375 0.03125
0 0.95078125 0.0703125 0.078125 0.12890625
0 0.865625 0.0765625 0.0765625 0.125
0 0.78671875 0.07578125 0.07734375 0.1390625
0 0.63984375 0.1 0.0484375 0.1015625
0 0.1953125 0.66640625 0.05703125 0.084375
0 0.2 0.80625 0.09921875 0.11640625
0 0.31875 0.81875 0.10390625 0.13359375
0 0.38984375 0.82578125 0.01015625 0.015625
0 0.38671875 0.7046875 0.07265625 0.01484375
0 0.65546875 0.50625 0.0515625 0.01171875
0 0.75234375 0.72890625 0.03203125 0.0171875
0 0.75234375 0.709375 0.028125 0.01796875
0 0.66171875 0.5671875 0.0671875 0.01875
0 0.74375 0.571875 0.06796875 0.0578125
0 0.821875 0.49609375 0.06640625 0.0171875
0 0.8265625 0.5140625 0.071875 0.0125
0 0.8234375 0.5296875 0.07421875 0.0109375
0 0.82734375 0.57578125 0.08125 0.059375
0 0.909375 0.5703125 0.06953125 0.0578125
0 0.96484375 0.50703125 0.05 0.05078125
0 0.9796875 0.5765625 0.040625 0.065625
0 0.53359375 0.6859375 0.06015625 0.078125
0 0.61328125 0.68359375 0.06875 0.0890625
0 0.7921875 0.70703125 0.03515625 0.0140625
0 0.69375 0.6828125 0.07421875 0.09609375
0 0.79375 0.64453125 0.0328125 0.02578125
0 0.82890625 0.6515625 0.03125 0.02734375
0 0.86484375 0.6484375 0.03828125 0.02421875
0 0.8296875 0.67578125 0.025 0.015625
0 0.86328125 0.67578125 0.03046875 0.0203125
0 0.8234375 0.69765625 0.02109375 0.02109375
0 0.8609375 0.69921875 0.0296875 0.01875
0 0.74765625 0.665625 0.034375 0.0171875
0 0.7546875 0.68671875 0.02890625 0.01875
0 0.7921875 0.6671875 0.034375 0.0125
0 0.79296875 0.6875 0.03125 0.0171875
0 0.75390625 0.64453125 0.03515625 0.02421875
0 0.58359375 0.903125 0.0140625 0.01171875
0 0.5578125 0.9015625 0.01015625 0.0109375
0 0.41484375 0.11484375 0.046875 0.09453125
0 0.84453125 0.81484375 0.01640625 0.02109375
0 0.81796875 0.8125 0.01796875 0.01953125
0 0.790625 0.8109375 0.0203125 0.01953125
0 0.765625 0.80859375 0.01484375 0.01796875
0 0.93984375 0.915625 0.08203125 0.0234375
0 0.9390625 0.89140625 0.07578125 0.01796875
0 0.87265625 0.81484375 0.0203125 0.01875
0 0.59921875 0.8890625 0.01640625 0.00703125
0 0.515625 0.1078125 0.04765625 0.10234375
0 0.46328125 0.11171875 0.04921875 0.09765625
0 0.7421875 0.89375 0.01640625 0.0078125
0 0.365625 0.115625 0.046875 0.09375
0 0.26953125 0.09921875 0.0609375 0.13671875
0 0.21171875 0.10234375 0.0453125 0.13359375
0 0.57265625 0.1078125 0.05234375 0.1015625
0 0.7703125 0.828125 0.015625 0.01328125
0 0.79765625 0.83046875 0.02109375 0.01171875
0 0.82265625 0.83203125 0.01953125 0.01328125
0 0.83046875 0.87890625 0.0171875 0.0140625
0 0.80390625 0.87734375 0.0171875 0.0140625
0 0.7765625 0.8765625 0.01484375 0.015625
0 0.8765625 0.8625 0.025 0.0125
0 0.853125 0.8625 0.0140625 0.009375
0 0.828125 0.86171875 0.02578125 0.01171875
0 0.796875 0.86015625 0.0203125 0.01328125
0 0.7734375 0.85859375 0.01640625 0.0109375
0 0.87734375 0.84765625 0.021875 0.0109375
0 0.84765625 0.8484375 0.0203125 0.01171875
0 0.82421875 0.84765625 0.01796875 0.0125
0 0.79765625 0.8453125 0.0171875 0.0109375
0 0.771875 0.84375 0.0140625 0.01171875
0 0.87578125 0.83359375 0.02265625 0.0125
0 0.84921875 0.83359375 0.01796875 0.0125
0 0.16015625 0.10625 0.05078125 0.1328125
0 0.11171875 0.1109375 0.03984375 0.1328125
0 0.059375 0.11484375 0.05390625 0.134375
0 0.94609375 0.86328125 0.078125 0.028125
0 0.7109375 0.8671875 0.01875 0.009375
0 0.740625 0.8671875 0.025 0.01015625
0 0.6328125 0.87421875 0.0140625 0.0109375
0 0.6578125 0.878125 0.0140625 0.01015625
0 0.68515625 0.8796875 0.0203125 0.01015625
0 0.7078125 0.88046875 0.0171875 0.01171875
0 0.73125 0.8796875 0.01953125 0.01015625
0 0.63984375 0.8859375 0.01171875 0.0078125
0 0.640625 0.9015625 0.01640625 0.0109375
0 0.66796875 0.9046875 0.01953125 0.0109375
0 0.66484375 0.890625 0.0171875 0.0109375
0 0.690625 0.89140625 0.015625 0.00859375
0 0.690625 0.90625 0.015625 0.01171875
0 0.715625 0.89453125 0.01640625 0.00859375
0 0.71484375 0.9046875 0.0140625 0.0109375
0 0.6890625 0.8671875 0.0203125 0.00859375
0 0.853125 0.87890625 0.01875 0.0140625
0 0.6640625 0.8625 0.0203125 0.01171875
0 0.73828125 0.85625 0.0203125 0.01171875
0 0.6078125 0.90546875 0.0203125 0.015625
0 0.6390625 0.815625 0.0140625 0.01640625
0 0.66328125 0.8171875 0.0171875 0.01640625
0 0.68828125 0.82109375 0.01796875 0.01796875
0 0.71328125 0.82265625 0.015625 0.01875
0 0.73828125 0.821875 0.01640625 0.01328125
0 0.6390625 0.83203125 0.01875 0.01015625
0 0.6625 0.83515625 0.02109375 0.009375
0 0.68984375 0.8375 0.01796875 0.01171875
0 0.71640625 0.8390625 0.0171875 0.0109375
0 0.7421875 0.83828125 0.0234375 0.01015625
0 0.6390625 0.846875 0.0140625 0.01171875
0 0.6625 0.84921875 0.0203125 0.0109375
0 0.68828125 0.85390625 0.01796875 0.01328125
0 0.71171875 0.85546875 0.0171875 0.0109375
0 0.6375 0.8609375 0.015625 0.009375
0 0.88046875 0.87734375 0.0203125 0.0140625
0 0.740625 0.90625 0.0171875 0.01171875
0 0.8 0.890625 0.0140625 0.00703125
0 0.77421875 0.8875 0.01640625 0.00625
0 0.853125 0.91796875 0.021875 0.0125
0 0.8265625 0.9171875 0.01875 0.01171875
0 0.80234375 0.915625 0.0140625 0.01171875
0 0.77734375 0.91484375 0.02109375 0.0125
0 0.8765625 0.9015625 0.0234375 0.0078125
0 0.88125 0.915625 0.0171875 0.01484375
0 0.8203125 0.90390625 0.0140625 0.0125
0 0.79765625 0.9015625 0.01796875 0.0109375
0 0.76953125 0.8984375 0.01796875 0.0109375
0 0.878125 0.890625 0.01953125 0.0109375
0 0.84921875 0.8921875 0.02578125 0.01015625
0 0.84765625 0.9046875 0.0234375 0.00859375
0 0.825 0.8921875 0.015625 0.00703125