0 0.67890625 0.30859375 0.01875 0.046875
0 0.5921875 0.390625 0.04609375 0.06875
0 0.67578125 0.3890625 0.03984375 0.059375
0 0.6375 0.39453125 0.03671875 0.059375
0 0.71484375 0.3921875 0.03203125 0.05859375
0 0.7484375 0.39296875 0.03046875 0.0546875
0 0.784375 0.38828125 0.03359375 0.053125
0 0.825 0.3875 0.02890625 0.05859375
0 0.8546875 0.3875 0.021875 0.0578125
0 0.9859375 0.39140625 0.025 0.0453125
0 0.95625 0.39296875 0.02578125 0.04296875
0 0.92890625 0.396875 0.01640625 0.040625
0 0.959375 0.28515625 0.0421875 0.0625
0 0.99375 0.29296875 0.01171875 0.0453125
0 0.8703125 0.29296875 0.0265625 0.0671875
0 0.84296875 0.309375 0.02109375 0.0484375
0 0.81640625 0.29921875 0.02421875 0.05625
0 0.7953125 0.29765625 0.0109375 0.0578125
0 0.5484375 0.39296875 0.0390625 0.07109375
0 0.7796875 0.29765625 0.01484375 0.0578125
0 0.50546875 0.39609375 0.0421875 0.07265625
0 0.46015625 0.39609375 0.0484375 0.075
0 0.6421875 0.49765625 0.03046875 0.0640625
0 0.60078125 0.4984375 0.04375 0.078125
0 0.5546875 0.50390625 0.03828125 0.06484375
0 0.509375 0.50546875 0.040625 0.0734375
0 0.46015625 0.51328125 0.0484375 0.0796875
0 0.4171875 0.5140625 0.03515625 0.07578125
0 0.33515625 0.490625 0.1046875 0.03125
0 0.2265625 0.49609375 0.09921875 0.0234375
0 0.090625 0.503125 0.07890625 0.03046875
0 0.1546875 0.5015625 0.034375 0.03203125
0 0.01875 0.51171875 0.0375 0.0421875
0 0.1 0.4421875 0.065625 0.03828125
0 0.21015625 0.43515625 0.08515625 0.03828125
0 0.32734375 0.42734375 0.10078125 0.02734375
0 0.33125 0.3671875 0.08671875 0.0296875
0 0.221875 0.37421875 0.09453125 0.02109375
0 0.09140625 0.37578125 0.0953125 0.02890625
0 0.41328125 0.39765625 0.0359375 0.08046875
0 0.7578125 0.30234375 0.02265625 0.0609375
0 0.73203125 0.30390625 0.01875 0.05859375
0 0.7046875 0.30078125 0.03125 0.06171875
0 0.8390625 0.17734375 0.025 0.08671875
0 0.86875 0.1953125 0.0296875 0.05546875
0 0.8078125 0.17734375 0.0203125 0.08671875
0 0.78046875 0.18046875 0.0296875 0.07578125
0 0.76015625 0.23828125 0.04609375 0.0453125
0 0.73984375 0.16796875 0.028125 0.08359375
0 0.703125 0.16796875 0.03515625 0.096875
0 0.66953125 0.16875 0.02421875 0.09765625
0 0.64140625 0.16328125 0.02265625 0.09609375
0 0.38515625 0.578125 0.02890625 0.034375
0 0.35703125 0.57890625 0.02421875 0.0359375
0 0.32578125 0.58203125 0.025 0.04375
0 0.296875 0.5859375 0.02109375 0.0328125
0 0.26875 0.5859375 0.02890625 0.03984375
0 0.23828125 0.58984375 0.02265625 0.03515625
0 0.2109375 0.59765625 0.03359375 0.04453125
0 0.17578125 0.596875 0.03203125 0.040625
0 0.56953125 0.16015625 0.0359375 0.10234375
0 0.6125 0.16015625 0.03203125 0.10546875
0 0.48203125 0.15234375 0.03671875 0.1171875
0 0.5234375 0.1578125 0.0390625 0.1
0 0.66953125 0.259375 0.03046875 0.0453125
0 0.66171875 0.31171875 0.015625 0.05
0 0.63828125 0.31015625 0.01640625 0.04296875
0 0.61875 0.30859375 0.021875 0.04140625
0 0.57890625 0.30625 0.0234375 0.05546875
0 0.5515625 0.30625 0.025 0.05859375
0 0.52109375 0.30546875 0.0234375 0.0546875
0 0.49296875 0.3 0.02421875 0.06953125
0 0.68984375 0.49375 0.05 0.0609375
0 0.45390625 0.29609375 0.0375 0.08515625
0 0.32265625 0.1515625 0.0859375 0.053125
0 0.31640625 0.10859375 0.0859375 0.02578125
0 0.1953125 0.128125 0.04921875 0.02265625
0 0.19453125 0.15 0.08203125 0.01875
0 0.1046875 0.1359375 0.0515625 0.0484375
0 0.05 0.14296875 0.0484375 0.03671875
0 0.4 0.146875 0.0359375 0.11796875
0 0.44375 0.15 0.03671875 0.11328125
0 0.40234375 0.29375 0.034375 0.07578125
0 0.73515625 0.490625 0.034375 0.06015625
0 0.77265625 0.4890625 0.03359375 0.053125
0 0.809375 0.48671875 0.0296875 0.05234375
0 0.98984375 0.653125 0.01953125 0.04140625
0 0.96484375 0.66015625 0.0265625 0.046875
0 0.93515625 0.6671875 0.02890625 0.04609375
0 0.90234375 0.66953125 0.02734375 0.0453125
0 0.875 0.67265625 0.02421875 0.06171875
0 0.84296875 0.67109375 0.03359375 0.06640625
0 0.8109375 0.684375 0.02265625 0.0546875
0 0.7859375 0.68828125 0.02109375 0.06484375
0 0.7625 0.690625 0.0203125 0.0640625
0 0.73671875 0.69375 0.025 0.06875
0 0.709375 0.69921875 0.021875 0.07734375
0 0.6828125 0.69921875 0.02421875 0.0796875
0 0.65390625 0.70703125 0.03125 0.0828125
0 0.61328125 0.72265625 0.03984375 0.05703125
0 0.575 0.72109375 0.034375 0.0796875
0 0.5359375 0.740625 0.0421875 0.059375
0 0.48984375 0.7390625 0.03359375 0.07578125
0 0.05546875 0.96171875 0.0546875 0.0765625
0 0.10859375 0.95859375 0.05 0.0796875
0 0.16015625 0.946875 0.0390625 0.08515625
0 0.2046875 0.91640625 0.0390625 0.0890625
0 0.928125 0.75546875 0.05625 0.07421875
0 0.97734375 0.75078125 0.0328125 0.05546875
0 0.86875 0.765625 0.05625 0.08046875
0 0.8203125 0.7875 0.0390625 0.0546875
0 0.77578125 0.80078125 0.0453125 0.0578125
0 0.7328125 0.8046875 0.02421875 0.07578125
0 0.709375 0.8109375 0.02109375 0.07734375
0 0.68515625 0.81640625 0.0265625 0.08125
0 0.44609375 0.75078125 0.0484375 0.06796875
0 0.6515625 0.83125 0.03046875 0.0609375
0 0.56875 0.84140625 0.03359375 0.0859375
0 0.52578125 0.8578125 0.04765625 0.078125
0 0.465625 0.86875 0.0640625 0.08359375
0 0.40546875 0.884375 0.034375 0.06328125
0 0.371875 0.8875 0.028125 0.06796875
0 0.33984375 0.9078125 0.0328125 0.06484375
0 0.2984375 0.91015625 0.04375 0.08359375
0 0.246875 0.90625 0.0390625 0.0859375
0 0.6125 0.82890625 0.03828125 0.08671875
0 0.14296875 0.60234375 0.03359375 0.04140625
0 0.3921875 0.7890625 0.0359375 0.04140625
0 0.30390625 0.80234375 0.04453125 0.0484375
0 0.54609375 0.6125 0.034375 0.06640625
0 0.5859375 0.61484375 0.03671875 0.0515625
0 0.64921875 0.5984375 0.03203125 0.05625
0 0.6171875 0.5953125 0.021875 0.0640625
0 0.684375 0.590625 0.02890625 0.0640625
0 0.70546875 0.58671875 0.0203125 0.07734375
0 0.73125 0.59921875 0.02890625 0.04453125
0 0.759375 0.57890625 0.02265625 0.0734375
0 0.83828125 0.57578125 0.04375 0.0578125
0 0.80390625 0.57734375 0.021875 0.05859375
0 0.78046875 0.57578125 0.01640625 0.0703125
0 0.91328125 0.56015625 0.0390625 0.065625
0 0.98515625 0.56328125 0.02421875 0.05234375
0 0.95390625 0.56796875 0.03359375 0.0515625
0 0.9734375 0.475 0.040625 0.06484375
0 0.9171875 0.478125 0.05703125 0.06875
0 0.84609375 0.48046875 0.03671875 0.05546875
0 0.5046875 0.61875 0.046875 0.071875
0 0.44921875 0.58046875 0.03828125 0.01171875
0 0.46328125 0.625 0.034375 0.06953125
0 0.4234375 0.628125 0.02890625 0.0734375
0 0.26015625 0.81015625 0.0421875 0.0546875
0 0.22265625 0.8171875 0.0234375 0.04296875
0 0.19609375 0.825 0.02421875 0.0390625
0 0.16171875 0.82734375 0.0328125 0.0453125
0 0.12890625 0.8375 0.02734375 0.04609375
0 0.09375 0.8453125 0.02421875 0.04609375
0 0.0453125 0.83046875 0.065625 0.0921875
0 0.04140625 0.72421875 0.04375 0.06953125
0 0.3515625 0.80390625 0.0453125 0.03046875
0 0.08046875 0.71875 0.02109375 0.0734375
0 0.15 0.7078125 0.02890625 0.06171875
0 0.18984375 0.7046875 0.028125 0.06875
0 0.22578125 0.696875 0.0265625 0.05859375
0 0.26015625 0.6890625 0.03671875 0.0640625
0 0.296875 0.6890625 0.028125 0.0609375
0 0.3890625 0.67421875 0.0328125 0.06015625
0 0.35703125 0.67734375 0.0296875 0.06015625
0 0.325 0.68203125 0.02421875 0.059375
0 0.1125 0.71484375 0.0328125 0.0640625
0 0.1109375 0.60859375 0.0234375 0.0390625
0 0.9484375 0.16875 0.06171875 0.07890625
0 0.04375 0.6171875 0.03125 0.0421875
0 0.0125 0.615625 0.025 0.04375
0 0.0765625 0.6109375 0.03046875 0.04140625