0 0.021875 0.7390625 0.04296875 0.0609375
0 0.621875 0.61171875 0.0453125 0.0265625
0 0.57421875 0.6109375 0.04140625 0.025
0 0.5296875 0.61015625 0.04375 0.0265625
0 0.76015625 0.55546875 0.065625 0.0265625
0 0.6890625 0.53828125 0.07109375 0.0578125
0 0.61953125 0.53828125 0.0640625 0.05546875
0 0.553125 0.5375 0.0625 0.05859375
0 0.4625 0.5484375 0.0421875 0.0515625
0 0.421875 0.5484375 0.04140625 0.0515625
0 0.27109375 0.55078125 0.0421875 0.059375
0 0.6640625 0.6109375 0.03828125 0.0296875
0 0.15625 0.84765625 0.03203125 0.053125
0 0.23515625 0.553125 0.028125 0.0578125
0 0.2 0.55 0.04453125 0.0578125
0 0.05703125 0.55703125 0.06328125 0.02421875
0 0.46953125 0.4546875 0.040625 0.0515625
0 0.42734375 0.4546875 0.04453125 0.0546875
0 0.38359375 0.45625 0.04453125 0.05390625
0 0.33984375 0.45546875 0.04375 0.053125
0 0.2953125 0.4546875 0.04609375 0.0546875
0 0.3171875 0.55 0.05078125 0.0609375
0 0.09609375 0.740625 0.05390625 0.06484375
0 0.7078125 0.6109375 0.0375 0.02265625
0 0.65546875 0.678125 0.06015625 0.05625
0 0.01640625 0.6484375 0.0296875 0.06171875
0 0.22578125 0.6546875 0.03125 0.04921875
0 0.19453125 0.65625 0.0328125 0.04765625
0 0.27890625 0.6515625 0.0421875 0.0578125
0 0.33125 0.6546875 0.04375 0.04140625
0 0.4546875 0.65390625 0.03203125 0.046875
0 0.421875 0.65078125 0.034375 0.053125
0 0.17734375 0.74609375 0.0328125 0.053125
0 0.221875 0.74453125 0.04140625 0.05078125
0 0.284375 0.74453125 0.046875 0.05390625
0 0.5015625 0.74453125 0.05703125 0.05703125
0 0.55625 0.74453125 0.04609375 0.05
0 0.6078125 0.7453125 0.05703125 0.05234375
0 0.671875 0.74453125 0.053125 0.04375
0 0.73984375 0.74765625 0.046875 0.05078125
0 0.25078125 0.45390625 0.04296875 0.05390625
0 0.7875 0.7515625 0.04375 0.0515625
0 0.5140625 0.85 0.0421875 0.0609375
0 0.55 0.85234375 0.03359375 0.053125
0 0.7125 0.675 0.05390625 0.06015625
0 0.609375 0.85 0.0375 0.0609375
0 0.65 0.85 0.03828125 0.05546875
0 0.7 0.84609375 0.04140625 0.06328125
0 0.578125 0.6734375 0.05546875 0.05625
0 0.203125 0.45390625 0.04453125 0.05625
0 0.79765625 0.48046875 0.0359375 0.01328125
0 0.078125 0.46875 0.05234375 0.02734375
0 0.74453125 0.84453125 0.05078125 0.065625
0 0.01640625 0.3578125 0.03125 0.02265625
0 0.05703125 0.3578125 0.05078125 0.02109375
0 0.10703125 0.353125 0.03671875 0.034375
0 0.1421875 0.35390625 0.03125 0.034375
0 0.2234375 0.3484375 0.04375 0.0453125
0 0.53671875 0.3484375 0.06484375 0.05859375
0 0.60390625 0.35 0.06640625 0.05546875
0 0.66796875 0.35078125 0.0625 0.05625
0 0.73359375 0.35078125 0.06875 0.05546875
0 0.87109375 0.7703125 0.03828125 0.0625
0 0.86796875 0.36875 0.05 0.04765625
0 0.90859375 0.46875 0.1828125 0.04140625
0 0.87578125 0.55 0.1109375 0.03984375
0 0.95703125 0.60625 0.08515625 0.05859375
0 0.86015625 0.6109375 0.1140625 0.04765625
0 0.96328125 0.6796875 0.021875 0.06328125
0 0.9421875 0.67890625 0.0203125 0.06171875
0 0.921875 0.68125 0.0203125 0.06328125
0 0.8609375 0.68046875 0.0984375 0.0640625
0 0.953125 0.7703125 0.09375 0.07890625
0 0.140625 0.46875 0.06875 0.028125
0 0.93828125 0.8546875 0.04765625 0.0640625
0 0.83359375 0.76875 0.03828125 0.0640625
0 0.859375 0.85703125 0.0328125 0.04375
0 0.028125 0.46875 0.05 0.028125
0 0.13984375 0.4421875 0.0625 0.02265625
0 0.08125 0.4421875 0.05390625 0.021875
0 0.028125 0.4421875 0.05078125 0.0234375
0 0.1375 0.41796875 0.06328125 0.0234375
0 0.0765625 0.41875 0.05390625 0.021875
0 0.0265625 0.41640625 0.046875 0.02578125
0 0.75859375 0.4796875 0.04453125 0.0140625
0 0.675 0.47265625 0.04296875 0.021875
0 0.71484375 0.47265625 0.03671875 0.02265625
0 0.89609375 0.85390625 0.03828125 0.06328125
0 0.1203125 0.85 0.03984375 0.05078125
0 0.63515625 0.47265625 0.0359375 0.0234375
0 0.596875 0.47265625 0.03984375 0.02265625
0 0.5328125 0.47734375 0.0390625 0.0125
0 0.965625 0.3734375 0.0328125 0.04765625
0 0.92109375 0.378125 0.053125 0.034375
0 0.80234375 0.35 0.0671875 0.05546875
0 0.1984375 0.84765625 0.046875 0.053125
0 0.3140625 0.85 0.04765625 0.05859375
0 0.25703125 0.84765625 0.06171875 0.0625
0 0.034375 0.85703125 0.06640625 0.040625
0 0.82734375 0.85546875 0.02578125 0.04609375