0 0.73828125 0.41484375 0.03203125 0.05859375
0 0.225 0.30859375 0.046875 0.05625
0 0.28125 0.3375 0.03984375 0.05546875
0 0.82109375 0.2015625 0.0546875 0.06875
0 0.0109375 0.31953125 0.021875 0.04296875
0 0.04375 0.28046875 0.04765625 0.0171875
0 0.053125 0.31484375 0.0453125 0.04921875
0 0.0921875 0.3109375 0.03125 0.05625
0 0.12734375 0.31171875 0.03828125 0.05703125
0 0.18828125 0.31171875 0.02265625 0.04765625
0 0.77734375 0.4328125 0.0375 0.02421875
0 0.32109375 0.33671875 0.03671875 0.05546875
0 0.44453125 0.21875 0.03046875 0.05703125
0 0.38984375 0.33359375 0.03359375 0.0578125
0 0.01015625 0.53125 0.0203125 0.078125
0 0.03984375 0.54765625 0.0375 0.04375
0 0.48046875 0.2140625 0.03828125 0.0546875
0 0.51875 0.21015625 0.034375 0.06328125
0 0.5546875 0.209375 0.03515625 0.0609375
0 0.58515625 0.21171875 0.0234375 0.05546875
0 0.65859375 0.2140625 0.0390625 0.046875
0 0.69765625 0.21875 0.0375 0.03671875
0 0.34375 0.43125 0.0390625 0.06640625
0 0.296875 0.434375 0.04921875 0.06328125
0 0.2421875 0.4 0.05546875 0.0625
0 0.18671875 0.403125 0.0453125 0.0703125
0 0.1265625 0.40546875 0.05625 0.06796875
0 0.0765625 0.41015625 0.0328125 0.0515625
0 0.02265625 0.403125 0.0453125 0.07265625
0 0.84375 0.3078125 0.0640625 0.0796875
0 0.7625 0.309375 0.0875 0.075
0 0.015625 0.23125 0.025 0.04765625
0 0.0453125 0.23515625 0.03515625 0.04140625
0 0.9609375 0.746875 0.078125 0.1203125
0 0.51875 0.32890625 0.0703125 0.05625
0 0.459375 0.3328125 0.04140625 0.0546875
0 0.421875 0.334375 0.0234375 0.05625
0 0.353125 0.34140625 0.02421875 0.04453125
0 0.9828125 0.49140625 0.034375 0.0921875
0 0.9140625 0.3859375 0.03359375 0.0796875
0 0.94453125 0.6140625 0.0484375 0.084375
0 0.209375 0.66015625 0.04921875 0.05390625
0 0.265625 0.65625 0.06015625 0.05
0 0.390625 0.59765625 0.05625 0.05546875
0 0.44296875 0.596875 0.03671875 0.05625
0 0.4890625 0.59296875 0.0453125 0.0578125
0 0.53359375 0.590625 0.03671875 0.05546875
0 0.57109375 0.59375 0.03515625 0.05
0 0.615625 0.5890625 0.04453125 0.05390625
0 0.65703125 0.578125 0.034375 0.0453125
0 0.71328125 0.58515625 0.05078125 0.046875
0 0.76484375 0.584375 0.04609375 0.04296875
0 0.81640625 0.58125 0.03203125 0.04296875
0 0.84453125 0.57421875 0.01875 0.04375
0 0.34296875 0.66953125 0.01953125 0.04375
0 0.36640625 0.66875 0.0203125 0.0453125
0 0.38828125 0.67734375 0.02109375 0.03671875
0 0.4078125 0.67578125 0.0171875 0.03515625
0 0.42578125 0.675 0.0171875 0.03359375
0 0.44453125 0.66875 0.02109375 0.034375
0 0.46953125 0.6734375 0.02109375 0.03046875
0 0.49140625 0.67109375 0.01953125 0.034375
0 0.21640625 0.60390625 0.06015625 0.0453125
0 0.52890625 0.6671875 0.028125 0.0359375
0 0.16171875 0.64375 0.03515625 0.0625
0 0.06640625 0.64375 0.04375 0.0921875
0 0.07890625 0.528125 0.03359375 0.06796875
0 0.11796875 0.52578125 0.0421875 0.07265625
0 0.15390625 0.52109375 0.01640625 0.0765625
0 0.171875 0.52109375 0.01953125 0.0765625
0 0.190625 0.521875 0.0171875 0.078125
0 0.2109375 0.52109375 0.021875 0.0796875
0 0.26171875 0.5140625 0.03359375 0.0765625
0 0.30859375 0.52265625 0.04921875 0.06640625
0 0.3625 0.528125 0.0578125 0.05546875
0 0.41796875 0.5171875 0.04921875 0.065625
0 0.465625 0.51484375 0.04140625 0.06953125
0 0.51875 0.5109375 0.0578125 0.0625
0 0.56796875 0.52578125 0.034375 0.03828125
0 0.6015625 0.50625 0.0296875 0.075
0 0.63671875 0.50234375 0.025 0.07109375
0 0.66640625 0.50234375 0.0328125 0.07109375
0 0.69921875 0.50546875 0.03125 0.0625
0 0.7484375 0.49765625 0.0453125 0.06796875
0 0.7921875 0.4984375 0.03984375 0.0640625
0 0.83359375 0.50546875 0.04296875 0.0421875
0 0.02265625 0.64375 0.03671875 0.096875
0 0.11484375 0.65546875 0.04609375 0.06015625
0 0.98671875 0.61640625 0.02578125 0.08359375
0 0.5609375 0.6671875 0.03203125 0.03671875
0 0.6921875 0.66015625 0.0359375 0.04375
0 0.8828125 0.38828125 0.02578125 0.07578125
0 0.85546875 0.4109375 0.02890625 0.059375
0 0.9515625 0.38359375 0.0375 0.08359375
0 0.3734375 0.21875 0.025 0.059375
0 0.33671875 0.20859375 0.04921875 0.08046875
0 0.2859375 0.20546875 0.040625 0.08515625
0 0.23828125 0.228125 0.034375 0.03984375
0 0.20078125 0.22890625 0.0375 0.04296875
0 0.753125 0.20546875 0.06953125 0.06171875
0 0.1640625 0.228125 0.034375 0.04375
0 0.38671875 0.42890625 0.0421875 0.06484375
0 0.409375 0.21796875 0.0359375 0.05546875
0 0.42890625 0.428125 0.0390625 0.065625
0 0.471875 0.42265625 0.0390625 0.0703125
0 0.5078125 0.4265625 0.03203125 0.06171875
0 0.546875 0.421875 0.03984375 0.0578125
0 0.584375 0.421875 0.03359375 0.0578125
0 0.62890625 0.41875 0.04375 0.06640625
0 0.66875 0.4203125 0.0328125 0.0609375
0 0.70390625 0.41640625 0.03515625 0.059375
0 0.98828125 0.3828125 0.0234375 0.08125
0 0.925 0.321875 0.09375 0.0296875
0 0.653125 0.66015625 0.03984375 0.04296875
0 0.84375 0.7453125 0.03671875 0.0765625
0 0.64609375 0.7390625 0.0296875 0.08125
0 0.73125 0.65625 0.03984375 0.0375
0 0.76796875 0.6515625 0.028125 0.0453125
0 0.803125 0.65078125 0.0375 0.04296875
0 0.01953125 0.78984375 0.0390625 0.109375
0 0.0671875 0.78671875 0.0453125 0.1125
0 0.128125 0.7421875 0.0484375 0.04609375
0 0.13515625 0.78359375 0.05625 0.03515625
0 0.1765625 0.709375 0.03515625 0.0171875
0 0.17890625 0.73828125 0.03671875 0.03671875
0 0.1796875 0.7734375 0.0296875 0.03125
0 0.22109375 0.78046875 0.0484375 0.1140625
0 0.2671875 0.7875 0.04140625 0.08671875
0 0.31015625 0.78046875 0.0390625 0.09921875
0 0.359375 0.7796875 0.0515625 0.09609375
0 0.42578125 0.7796875 0.0375 0.08671875
0 0.45625 0.75703125 0.0234375 0.084375
0 0.48671875 0.775 0.028125 0.0796875
0 0.515625 0.77265625 0.028125 0.08359375
0 0.546875 0.7703125 0.03203125 0.07734375
0 0.575 0.77421875 0.021875 0.06796875
0 0.6046875 0.775 0.0375 0.06875
0 0.690625 0.75859375 0.0390625 0.08515625
0 0.81953125 0.41171875 0.03984375 0.06015625