0 0.3296875 0.5703125 0.05859375 0.059375
0 0.08828125 0.3859375 0.04375 0.11796875
0 0.1484375 0.38515625 0.059375 0.12109375
0 0.20234375 0.3859375 0.03828125 0.1125
0 0.20859375 0.50546875 0.05234375 0.109375
0 0.146875 0.521875 0.05625 0.10234375
0 0.09140625 0.5203125 0.05 0.1046875
0 0.68515625 0.2609375 0.03359375 0.03125
0 0.6328125 0.26796875 0.05625 0.028125
0 0.803125 0.315625 0.046875 0.07421875
0 0.7515625 0.3140625 0.04453125 0.0765625
0 0.746875 0.23671875 0.05390625 0.034375
0 0.75546875 0.26484375 0.07109375 0.02265625
0 0.82734375 0.21875 0.034375 0.0109375
0 0.81796875 0.23984375 0.04609375 0.01484375
0 0.8140625 0.26640625 0.040625 0.025
0 0.85 0.315625 0.040625 0.06875
0 0.90390625 0.3109375 0.05859375 0.08046875
0 0.028125 0.39140625 0.05390625 0.1171875
0 0.9234375 0.1390625 0.06015625 0.0859375
0 0.0125 0.2640625 0.02421875 0.1140625
0 0.09609375 0.25546875 0.0234375 0.11484375
0 0.42734375 0.240625 0.04609375 0.03125
0 0.4265625 0.27890625 0.0578125 0.0375
0 0.428125 0.32734375 0.06328125 0.059375
0 0.47421875 0.32890625 0.02265625 0.0625
0 0.471875 0.2640625 0.025 0.06484375
0 0.5171875 0.25859375 0.06171875 0.07265625
0 0.5171875 0.3265625 0.06171875 0.06328125
0 0.57890625 0.325 0.0609375 0.0671875
0 0.57734375 0.25625 0.05546875 0.06796875
0 0.6375 0.3234375 0.04921875 0.0671875
0 0.69296875 0.3171875 0.05703125 0.07578125
0 0.05546875 0.1109375 0.0453125 0.1125
0 0.103125 0.11015625 0.04921875 0.11328125
0 0.1421875 0.115625 0.03203125 0.11328125
0 0.17734375 0.1140625 0.0375 0.11328125
0 0.1796875 0.24921875 0.0484375 0.1203125
0 0.13125 0.25546875 0.0421875 0.11953125
0 0.05390625 0.2609375 0.0359375 0.11953125
0 0.86484375 0.075 0.04453125 0.0484375
0 0.86796875 0.14296875 0.0484375 0.08359375
0 0.815625 0.0640625 0.05390625 0.0921875
0 0.58046875 0.709375 0.0703125 0.0078125
0 0.5765625 0.72109375 0.0703125 0.01328125
0 0.57734375 0.7328125 0.07734375 0.009375
0 0.575 0.74609375 0.07734375 0.01640625
0 0.57890625 0.7625 0.08125 0.01640625
0 0.49609375 0.7640625 0.07890625 0.01875
0 0.49375 0.7453125 0.071875 0.0109375
0 0.49609375 0.72890625 0.07265625 0.01640625
0 0.4921875 0.7125 0.07265625 0.01328125
0 0.4765625 0.6875 0.06171875 0.02265625
0 0.41171875 0.69921875 0.0515625 0.02265625
0 0.4171875 0.74765625 0.06953125 0.04921875
0 0.34140625 0.75 0.07421875 0.05546875
0 0.19453125 0.8828125 0.04765625 0.12890625
0 0.1375 0.8796875 0.0546875 0.1015625
0 0.07109375 0.878125 0.0546875 0.1046875
0 0.334375 0.62734375 0.053125 0.05390625
0 0.58828125 0.69453125 0.0625 0.02109375
0 0.63984375 0.73203125 0.0328125 0.05625
0 0.25625 0.88046875 0.05703125 0.14375
0 0.30390625 0.0953125 0.06328125 0.06171875
0 0.81171875 0.15 0.05703125 0.0734375
0 0.75625 0.14765625 0.05 0.0765625
0 0.753125 0.0703125 0.046875 0.0609375
0 0.38984375 0.571875 0.05859375 0.06171875
0 0.69453125 0.01875 0.0609375 0.0359375
0 0.69296875 0.07578125 0.05703125 0.075
0 0.696875 0.15 0.065625 0.0734375
0 0.6296875 0.071875 0.06796875 0.08125
0 0.375 0.246875 0.0375 0.0484375
0 0.6296875 0.15078125 0.0671875 0.075
0 0.5640625 0.071875 0.0625 0.08515625
0 0.496875 0.08046875 0.0625 0.071875
0 0.5046875 0.153125 0.06171875 0.07109375
0 0.4328125 0.0828125 0.065625 0.0734375
0 0.43984375 0.1546875 0.0671875 0.06953125
0 0.37265625 0.16015625 0.0640625 0.0640625
0 0.3703125 0.09375 0.0546875 0.06640625
0 0.30703125 0.1578125 0.0671875 0.06328125
0 0.5671875 0.1515625 0.0546875 0.0734375
0 0.34375 0.7046875 0.06875 0.025
0 0.3640625 0.328125 0.06015625 0.0609375
0 0.29921875 0.271875 0.05 0.0484375
0 0.4890625 0.8078125 0.08515625 0.02421875
0 0.48984375 0.828125 0.08046875 0.01171875
0 0.49140625 0.84140625 0.08515625 0.0125
0 0.49453125 0.8546875 0.08359375 0.01484375
0 0.49453125 0.86875 0.0875 0.01328125
0 0.49921875 0.88203125 0.08125 0.0109375
0 0.4984375 0.89453125 0.07890625 0.0140625
0 0.5640625 0.88515625 0.0375 0.0234375
0 0.56953125 0.83671875 0.04765625 0.0578125
0 0.61796875 0.878125 0.0421875 0.034375
0 0.62578125 0.828125 0.0578125 0.0484375
0 0.67734375 0.81796875 0.03984375 0.04765625
0 0.67265625 0.878125 0.034375 0.06171875
0 0.7234375 0.85703125 0.04453125 0.0765625
0 0.72421875 0.8015625 0.05 0.0203125
0 0.7703125 0.8546875 0.0453125 0.08671875
0 0.815625 0.846875 0.0390625 0.0921875
0 0.43046875 0.88046875 0.03828125 0.0546875
0 0.87109375 0.84453125 0.04765625 0.096875
0 0.42890625 0.82265625 0.03359375 0.0578125
0 0.36171875 0.884375 0.10078125 0.05
0 0.01328125 0.109375 0.0265625 0.1109375
0 0.39453125 0.62421875 0.0546875 0.0421875
0 0.45703125 0.62265625 0.059375 0.05234375
0 0.45546875 0.54296875 0.0546875 0.02421875
0 0.45703125 0.57421875 0.0625 0.03828125
0 0.51875 0.57109375 0.05703125 0.059375
0 0.51484375 0.62734375 0.053125 0.05
0 0.57890625 0.62578125 0.053125 0.053125
0 0.57734375 0.58359375 0.05390625 0.0296875
0 0.58046875 0.55078125 0.0546875 0.0328125
0 0.63203125 0.596875 0.04375 0.07890625
0 0.67890625 0.5921875 0.04609375 0.07890625
0 0.4875 0.02890625 0.0640625 0.02890625
0 0.425 0.03203125 0.05234375 0.03046875
0 0.378125 0.0390625 0.034375 0.0390625
0 0.3484375 0.03984375 0.02265625 0.04140625
0 0.31875 0.04140625 0.02890625 0.0375
0 0.3609375 0.83203125 0.10234375 0.0484375
0 0.303125 0.32734375 0.05625 0.059375
0 0.86015625 0.71875 0.0421875 0.08046875
0 0.7703125 0.6671875 0.0390625 0.01328125
0 0.79921875 0.4625 0.05390625 0.07578125
0 0.65 0.39921875 0.03515625 0.02578125
0 0.765625 0.3890625 0.04140625 0.015625
0 0.7625 0.409375 0.046875 0.0140625
0 0.74765625 0.4640625 0.046875 0.0765625
0 0.70234375 0.40859375 0.04296875 0.0296875
0 0.69296875 0.46171875 0.053125 0.06953125
0 0.6421875 0.4640625 0.04609375 0.06875
0 0.5859375 0.46640625 0.040625 0.05234375
0 0.5375 0.47578125 0.053125 0.06484375
0 0.5421875 0.4125 0.05625 0.0578125
0 0.4828125 0.39765625 0.05703125 0.0328125
0 0.4703125 0.471875 0.0671875 0.06796875
0 0.39609375 0.4765625 0.07109375 0.07578125
0 0.39921875 0.40390625 0.06484375 0.053125
0 0.32890625 0.39609375 0.0578125 0.0390625
0 0.3265625 0.4703125 0.06875 0.078125
0 0.81328125 0.40703125 0.04375 0.02421875
0 0.81875 0.72265625 0.03828125 0.0890625
0 0.84921875 0.46171875 0.0453125 0.0734375
0 0.88046875 0.58515625 0.04765625 0.09296875
0 0.77734375 0.68515625 0.0453125 0.02265625
0 0.77109375 0.728125 0.04375 0.05625
0 0.7265625 0.68828125 0.0359375 0.02421875
0 0.04921875 0.5046875 0.0328125 0.09453125
0 0.0640625 0.63671875 0.0546875 0.0765625
0 0.1125 0.6375 0.040625 0.08125
0 0.15546875 0.6296875 0.0453125 0.096875
0 0.2265625 0.63359375 0.06796875 0.13046875
0 0.89609375 0.478125 0.0453125 0.0375
0 0.23984375 0.75390625 0.06015625 0.09453125
0 0.12421875 0.76171875 0.01640625 0.1234375
0 0.07890625 0.746875 0.0640625 0.1203125
0 0.73515625 0.54921875 0.04921875 0.03046875
0 0.734375 0.6015625 0.04609375 0.06328125
0 0.7859375 0.60234375 0.0515625 0.075
0 0.72734375 0.734375 0.04296875 0.059375
0 0.68359375 0.734375 0.04375 0.08125
0 0.83359375 0.5875 0.0375 0.10546875
0 0.17109375 0.75859375 0.06640625 0.11796875