0 0.61640625 0.7421875 0.03203125 0.0953125
0 0.57265625 0.73515625 0.04140625 0.09765625
0 0.38671875 0.70390625 0.03125 0.0796875
0 0.53515625 0.73046875 0.03203125 0.09140625
0 0.49140625 0.721875 0.0375 0.08828125
0 0.45625 0.71484375 0.0296875 0.08515625
0 0.41953125 0.71015625 0.03203125 0.0875
0 0.5875 0.62109375 0.03515625 0.09296875
0 0.6203125 0.62265625 0.02734375 0.09375
0 0.55 0.61796875 0.03828125 0.09921875
0 0.51015625 0.61484375 0.03828125 0.09453125
0 0.47265625 0.6078125 0.034375 0.0921875
0 0.34765625 0.81875 0.03671875 0.090625
0 0.43359375 0.60546875 0.03515625 0.0953125
0 0.39609375 0.6 0.03359375 0.08515625
0 0.353125 0.6984375 0.03125 0.08671875
0 0.38984375 0.82421875 0.04375 0.08125
0 0.13359375 0.38828125 0.0234375 0.08515625
0 0.47890625 0.8421875 0.0453125 0.0828125
0 0.0453125 0.5734375 0.0203125 0.0734375
0 0.36015625 0.59609375 0.03203125 0.090625
0 0.17265625 0.490625 0.0265625 0.0859375
0 0.1421875 0.48984375 0.02734375 0.0828125
0 0.11484375 0.4859375 0.02265625 0.078125
0 0.08515625 0.48515625 0.03203125 0.0796875
0 0.06015625 0.4828125 0.01875 0.078125
0 0.034375 0.48125 0.02578125 0.075
0 0.10625 0.38671875 0.021875 0.08125
0 0.08125 0.38671875 0.025 0.0765625
0 0.05390625 0.38515625 0.02578125 0.078125
0 0.02890625 0.38515625 0.021875 0.07734375
0 0.61953125 0.865625 0.0296875 0.08203125
0 0.56953125 0.865625 0.040625 0.0875
0 0.5234375 0.85703125 0.03828125 0.0921875
0 0.4328125 0.8359375 0.04140625 0.08984375
0 0.62421875 0.50234375 0.0296875 0.1015625
0 0.38515625 0.2578125 0.03125 0.096875
0 0.55703125 0.503125 0.0265625 0.09921875
0 0.34296875 0.25703125 0.0421875 0.096875
0 0.1609375 0.284375 0.03203125 0.08359375
0 0.13125 0.28515625 0.02578125 0.08203125
0 0.1015625 0.28671875 0.02578125 0.08125
0 0.07421875 0.28671875 0.02421875 0.07890625
0 0.0515625 0.2890625 0.0171875 0.078125
0 0.02421875 0.28828125 0.0296875 0.075
0 0.1703125 0.19140625 0.02109375 0.06171875
0 0.15078125 0.19296875 0.0171875 0.0640625
0 0.1265625 0.19453125 0.0203125 0.0625
0 0.1078125 0.19375 0.0203125 0.06015625
0 0.08046875 0.19375 0.02578125 0.059375
0 0.0515625 0.19765625 0.0296875 0.0640625
0 0.01875 0.19921875 0.034375 0.06015625
0 0.06953125 0.575 0.02109375 0.07109375
0 0.42109375 0.2578125 0.0390625 0.09765625
0 0.4609375 0.25546875 0.03203125 0.10078125
0 0.5015625 0.253125 0.04296875 0.09765625
0 0.5453125 0.2515625 0.0390625 0.11015625
0 0.51875 0.4953125 0.0453125 0.10390625
0 0.4765625 0.50390625 0.0359375 0.08671875
0 0.43984375 0.5 0.0296875 0.08203125
0 0.4046875 0.50078125 0.034375 0.08203125
0 0.37265625 0.496875 0.02734375 0.0765625
0 0.34296875 0.49453125 0.0296875 0.078125
0 0.6234375 0.37890625 0.0375 0.1
0 0.590625 0.50546875 0.034375 0.09921875
0 0.58046875 0.38046875 0.040625 0.096875
0 0.49609375 0.378125 0.03984375 0.096875
0 0.45625 0.37734375 0.03828125 0.0953125
0 0.4171875 0.3796875 0.03671875 0.09453125
0 0.38203125 0.37890625 0.03125 0.0921875
0 0.34609375 0.378125 0.0328125 0.09140625
0 0.6296875 0.2453125 0.0328125 0.1109375
0 0.58984375 0.25 0.0421875 0.11796875
0 0.5375 0.37890625 0.0375 0.0953125
0 0.09375 0.57890625 0.025 0.07734375
0 0.81484375 0.53671875 0.046875 0.10859375
0 0.14765625 0.58515625 0.02421875 0.0796875
0 0.865625 0.53984375 0.053125 0.11640625
0 0.92890625 0.54609375 0.0546875 0.1125
0 0.9765625 0.546875 0.040625 0.11484375
0 0.7671875 0.665625 0.04765625 0.11015625
0 0.82734375 0.659375 0.0515625 0.09765625
0 0.87578125 0.68125 0.04140625 0.109375
0 0.9265625 0.6859375 0.05 0.10390625
0 0.98046875 0.69609375 0.0390625 0.10390625
0 0.75703125 0.79375 0.04140625 0.10390625
0 0.80859375 0.79765625 0.0546875 0.0953125
0 0.8609375 0.809375 0.046875 0.1078125
0 0.91015625 0.81875 0.04296875 0.11484375
0 0.76875 0.5484375 0.03671875 0.07890625
0 0.96484375 0.8265625 0.06015625 0.10078125
0 0.78203125 0.9390625 0.0515625 0.06640625
0 0.8375 0.95390625 0.05703125 0.0734375
0 0.9015625 0.9625 0.06328125 0.065625
0 0.12109375 0.58203125 0.02421875 0.07734375
0 0.33671875 0.14921875 0.03125 0.07890625
0 0.37265625 0.14609375 0.034375 0.08515625
0 0.4078125 0.1453125 0.034375 0.0828125
0 0.4828125 0.13359375 0.03671875 0.0796875
0 0.51953125 0.13515625 0.0359375 0.08203125
0 0.56015625 0.13203125 0.03515625 0.0875
0 0.60234375 0.12890625 0.04140625 0.08359375
0 0.64296875 0.12890625 0.03046875 0.08359375
0 0.7296875 0.93046875 0.03828125 0.0765625
0 0.984375 0.41171875 0.03125 0.09765625
0 0.96796875 0.96953125 0.0640625 0.05078125
0 0.878125 0.41328125 0.0484375 0.090625
0 0.040625 0.6625 0.02421875 0.0765625
0 0.17734375 0.59140625 0.025 0.0796875
0 0.9375 0.41171875 0.05625 0.10078125
0 0.06875 0.6640625 0.02578125 0.07421875
0 0.09296875 0.6703125 0.01796875 0.07734375
0 0.14453125 0.68046875 0.02578125 0.08203125
0 0.171875 0.68359375 0.0203125 0.07421875
0 0.1921875 0.6859375 0.01875 0.0796875
0 0.046875 0.7578125 0.021875 0.0640625
0 0.07109375 0.759375 0.0234375 0.06171875
0 0.09375 0.76484375 0.02265625 0.06953125
0 0.12109375 0.77265625 0.025 0.06875
0 0.1484375 0.7765625 0.02265625 0.065625
0 0.11796875 0.67421875 0.02421875 0.07421875
0 0.19921875 0.7921875 0.01640625 0.06953125
0 0.17265625 0.78515625 0.02578125 0.075
0 0.821875 0.41640625 0.0453125 0.07734375
0 0.77578125 0.415625 0.04140625 0.07734375
0 0.93671875 0.259375 0.06015625 0.12890625
0 0.878125 0.259375 0.05234375 0.125
0 0.98515625 0.2609375 0.0296875 0.128125
0 0.7734375 0.2609375 0.04609375 0.11640625
0 0.91796875 0.11796875 0.0296875 0.08515625
0 0.87421875 0.12265625 0.0484375 0.08515625
0 0.8234375 0.12890625 0.0484375 0.090625
0 0.775 0.13359375 0.03984375 0.0890625
0 0.825 0.25859375 0.0546875 0.1234375