0 0.25859375 0.3421875 0.06171875 0.0171875
0 0.52109375 0.265625 0.09609375 0.0328125
0 0.60859375 0.26875 0.078125 0.02734375
0 0.6875 0.2578125 0.04296875 0.04921875
0 0.73203125 0.25703125 0.0328125 0.05546875
0 0.76484375 0.25703125 0.0265625 0.05546875
0 0.7953125 0.25546875 0.03125 0.05625
0 0.8265625 0.25625 0.028125 0.0578125
0 0.85546875 0.25625 0.0265625 0.0546875
0 0.8859375 0.25546875 0.0296875 0.05546875
0 0.91796875 0.25625 0.0296875 0.05546875
0 0.44453125 0.26796875 0.05859375 0.02734375
0 0.0875 0.3359375 0.08046875 0.03359375
0 0.07734375 0.37421875 0.0703125 0.0328125
0 0.15234375 0.3765625 0.0734375 0.03203125
0 0.2296875 0.37578125 0.0640625 0.0328125
0 0.190625 0.34375 0.065625 0.02734375
0 0.2578125 0.3171875 0.06484375 0.03046875
0 0.1265625 0.30859375 0.06171875 0.01875
0 0.95234375 0.25625 0.03515625 0.0578125
0 0.9859375 0.2546875 0.02734375 0.05703125
0 0.3671875 0.265625 0.09375 0.0296875
0 0.26875 0.2625 0.09375 0.03046875
0 0.1890625 0.15703125 0.0390625 0.0140625
0 0.23828125 0.15390625 0.04765625 0.0203125
0 0.2890625 0.15078125 0.04609375 0.03671875
0 0.340625 0.15078125 0.04609375 0.03828125
0 0.3875 0.15234375 0.04453125 0.03203125
0 0.4296875 0.1515625 0.0390625 0.03203125
0 0.47265625 0.14609375 0.03125 0.0421875
0 0.503125 0.1546875 0.02578125 0.0296875
0 0.5328125 0.1546875 0.0296875 0.05625
0 0.5640625 0.153125 0.0265625 0.05859375
0 0.60859375 0.15390625 0.0640625 0.0609375
0 0.67421875 0.14921875 0.06015625 0.05390625
0 0.7203125 0.15234375 0.03125 0.03046875
0 0.790625 0.15078125 0.03125 0.0375
0 0.82109375 0.15234375 0.0328125 0.03671875
0 0.86328125 0.15390625 0.03046875 0.03359375
0 0.909375 0.15546875 0.053125 0.05703125
0 0.95859375 0.15546875 0.03828125 0.059375
0 0.98828125 0.15859375 0.0234375 0.0515625
0 0.08203125 0.26171875 0.07421875 0.028125
0 0.165625 0.265625 0.08125 0.0234375
0 0.44140625 0.2390625 0.071875 0.02265625
0 0.29453125 0.37265625 0.06640625 0.040625
0 0.42421875 0.3296875 0.0578125 0.04609375
0 0.36015625 0.3734375 0.0609375 0.04296875
0 0.36015625 0.44296875 0.053125 0.0203125
0 0.48125 0.4328125 0.0671875 0.025
0 0.47578125 0.465625 0.065625 0.03515625
0 0.54140625 0.459375 0.0609375 0.01875
0 0.54375 0.4765625 0.0609375 0.0140625
0 0.61328125 0.4640625 0.07734375 0.02734375
0 0.6875 0.46484375 0.06171875 0.02421875
0 0.57734375 0.4359375 0.0609375 0.0203125
0 0.746875 0.4578125 0.0578125 0.03984375
0 0.36875 0.42421875 0.0609375 0.0171875
0 0.80234375 0.45859375 0.05078125 0.0375
0 0.89375 0.4484375 0.0203125 0.05703125
0 0.9484375 0.45703125 0.03671875 0.0421875
0 0.9875 0.45625 0.025 0.04296875
0 0.03046875 0.56875 0.0578125 0.02265625
0 0.08359375 0.55703125 0.0484375 0.05703125
0 0.13125 0.55625 0.04765625 0.05625
0 0.18203125 0.559375 0.05078125 0.0546875
0 0.0234375 0.515625 0.046875 0.03203125
0 0.25390625 0.534375 0.05078125 0.06328125
0 0.85703125 0.4515625 0.0515625 0.05625
0 0.415625 0.45 0.05234375 0.0296875
0 0.34609375 0.47265625 0.0703125 0.01953125
0 0.28203125 0.45625 0.05546875 0.040625
0 0.48671875 0.328125 0.0625 0.0453125
0 0.425 0.37578125 0.0640625 0.040625
0 0.5625 0.3765625 0.06484375 0.04375
0 0.559375 0.33203125 0.059375 0.04453125
0 0.6265625 0.33203125 0.0625 0.04140625
0 0.36484375 0.3140625 0.05625 0.02265625
0 0.63203125 0.3765625 0.0671875 0.04453125
0 0.709375 0.33203125 0.071875 0.04296875
0 0.7796875 0.33203125 0.06640625 0.04609375
0 0.70546875 0.3765625 0.06953125 0.0421875
0 0.7734375 0.3765625 0.06328125 0.04140625
0 0.9390625 0.38515625 0.0875 0.02421875
0 0.8375 0.36328125 0.0625 0.0125
0 0.84921875 0.384375 0.08359375 0.025
0 0.975 0.359375 0.03359375 0.0234375
0 0.015625 0.34453125 0.03125 0.05078125
0 0.1234375 0.475 0.06796875 0.0140625
0 0.10390625 0.453125 0.0609375 0.0265625
0 0.13203125 0.425 0.0609375 0.025
0 0.1984375 0.465625 0.0671875 0.02890625
0 0.20859375 0.43359375 0.07421875 0.028125
0 0.31328125 0.33046875 0.04140625 0.0390625
0 0.4921875 0.375 0.06640625 0.0421875
0 0.7546875 0.15234375 0.03046875 0.0296875
0 0.52109375 0.55390625 0.05390625 0.071875
0 0.59765625 0.74609375 0.08359375 0.0390625
0 0.51875 0.74140625 0.071875 0.0375
0 0.44765625 0.74453125 0.06171875 0.04765625
0 0.3171875 0.740625 0.07421875 0.0296875
0 0.22578125 0.73984375 0.10234375 0.05234375
0 0.12109375 0.7375 0.0953125 0.05078125
0 0.0375 0.74296875 0.03828125 0.0421875
0 0.68125 0.75 0.08125 0.046875
0 0.5890625 0.62734375 0.0375 0.0328125
0 0.93984375 0.653125 0.08125 0.02734375
0 0.934375 0.6265625 0.0890625 0.0203125
0 0.8765625 0.675 0.040625 0.0328125
0 0.82265625 0.6703125 0.0640625 0.04765625
0 0.75234375 0.6640625 0.0671875 0.04140625
0 0.69765625 0.6609375 0.04140625 0.0609375
0 0.65 0.659375 0.0421875 0.05390625
0 0.93984375 0.68046875 0.08359375 0.02578125
0 0.76328125 0.7453125 0.0796875 0.0296875
0 0.76796875 0.72109375 0.08203125 0.01484375
0 0.853125 0.75625 0.08671875 0.03515625
0 0.4671875 0.5609375 0.03984375 0.05390625
0 0.9 0.58203125 0.05078125 0.0234375
0 0.98359375 0.825 0.03203125 0.0578125
0 0.9171875 0.8328125 0.078125 0.025
0 0.71015625 0.82109375 0.0953125 0.0609375
0 0.6125 0.83125 0.0984375 0.06953125
0 0.51015625 0.81875 0.090625 0.04453125
0 0.4265625 0.83828125 0.06953125 0.0375
0 0.3359375 0.85234375 0.10078125 0.02265625
0 0.2484375 0.8234375 0.06875 0.046875
0 0.16953125 0.8359375 0.075 0.03359375
0 0.09140625 0.84609375 0.071875 0.03203125
0 0.02734375 0.83515625 0.05390625 0.025
0 0.02890625 0.8015625 0.05546875 0.0265625
0 0.00859375 0.74296875 0.01640625 0.04375
0 0.9390625 0.759375 0.08046875 0.025
0 0.93984375 0.73125 0.07890625 0.0203125
0 0.4984375 0.64609375 0.04453125 0.071875
0 0.4359375 0.65390625 0.04296875 0.0640625
0 0.38671875 0.73671875 0.05703125 0.04453125
0 0.34375 0.653125 0.0421875 0.0609375
0 0.39140625 0.6515625 0.04296875 0.06640625
0 0.32109375 0.55234375 0.05390625 0.06953125
0 0.37265625 0.55703125 0.04375 0.059375
0 0.4234375 0.5515625 0.04765625 0.0703125
0 0.575 0.5546875 0.0484375 0.06796875
0 0.678125 0.553125 0.04765625 0.071875
0 0.7296875 0.55390625 0.0515625 0.0734375
0 0.78515625 0.55546875 0.0546875 0.06953125
0 0.84609375 0.55390625 0.053125 0.07421875
0 0.6265625 0.559375 0.04765625 0.0625
0 0.93046875 0.5484375 0.0125 0.06484375
0 0.03515625 0.66796875 0.06640625 0.0203125
0 0.0546875 0.625 0.078125 0.0171875
0 0.12890625 0.65234375 0.05234375 0.06640625
0 0.17421875 0.65234375 0.03671875 0.06484375
0 0.96640625 0.56484375 0.0578125 0.06015625
0 0.2171875 0.65234375 0.04296875 0.06484375
0 0.259375 0.653125 0.0421875 0.06328125
0 0.303125 0.65234375 0.04140625 0.0625