0 0.5546875 0.0625 0.03203125 0.125
0 0.5890625 0.06328125 0.03203125 0.1265625
0 0.61875 0.06484375 0.02578125 0.1296875
0 0.646875 0.065625 0.028125 0.1296875
0 0.76875 0.07890625 0.025 0.1140625
0 0.7125 0.06640625 0.02578125 0.1328125
0 0.740625 0.08046875 0.03046875 0.10625
0 0.79609375 0.078125 0.02578125 0.1171875
0 0.5234375 0.06171875 0.028125 0.1234375
0 0.68125 0.0828125 0.03359375 0.1015625
0 0.490625 0.06015625 0.03359375 0.1203125
0 0.15234375 0.05 0.03828125 0.1
0 0.4203125 0.0578125 0.03671875 0.115625
0 0.3796875 0.05703125 0.04140625 0.1140625
0 0.334375 0.05546875 0.0484375 0.1109375
0 0.2859375 0.05390625 0.04453125 0.1078125
0 0.24140625 0.0515625 0.04296875 0.10234375
0 0.19609375 0.0515625 0.04296875 0.10234375
0 0.82265625 0.07265625 0.025 0.128125
0 0.11171875 0.046875 0.04296875 0.09375
0 0.06953125 0.046875 0.03984375 0.09375
0 0.0234375 0.04765625 0.04609375 0.09375
0 0.45625 0.059375 0.03359375 0.11796875
0 0.85 0.07734375 0.02421875 0.12734375
0 0.9703125 0.753125 0.02578125 0.0890625
0 0.9015625 0.1015625 0.025 0.08515625
0 0.27734375 0.8 0.04921875 0.13125
0 0.33359375 0.7828125 0.06171875 0.140625
0 0.39140625 0.771875 0.04609375 0.128125
0 0.4375 0.7609375 0.0453125 0.1234375
0 0.490625 0.74609375 0.05546875 0.1328125
0 0.540625 0.73515625 0.034375 0.125
0 0.6015625 0.7484375 0.06015625 0.071875
0 0.6453125 0.71640625 0.02421875 0.1046875
0 0.23046875 0.8109375 0.040625 0.12890625
0 0.67890625 0.7078125 0.03984375 0.1078125
0 0.76171875 0.68984375 0.04375 0.1015625
0 0.1421875 0.2671875 0.04453125 0.13125
0 0.08828125 0.31875 0.059375 0.02890625
0 0.025 0.265625 0.04921875 0.13671875
0 0.0453125 0.4703125 0.07578125 0.1375
0 0.115625 0.465625 0.06171875 0.14453125
0 0.17734375 0.4625 0.0578125 0.14296875
0 0.2359375 0.45703125 0.05546875 0.1390625
0 0.71953125 0.6953125 0.03828125 0.1078125
0 0.29140625 0.45234375 0.05078125 0.1359375
0 0.1890625 0.81484375 0.04140625 0.1453125
0 0.10078125 0.8375 0.04453125 0.1515625
0 0.2390625 0.94609375 0.06171875 0.1078125
0 0.30078125 0.93984375 0.05703125 0.1203125
0 0.35703125 0.9328125 0.053125 0.128125
0 0.41015625 0.9171875 0.04921875 0.1296875
0 0.4609375 0.90625 0.046875 0.121875
0 0.50859375 0.8921875 0.04453125 0.11640625
0 0.5515625 0.88046875 0.03828125 0.109375
0 0.59296875 0.8671875 0.04296875 0.11171875
0 0.1453125 0.8234375 0.040625 0.15
0 0.63984375 0.8609375 0.05078125 0.1046875
0 0.771875 0.80625 0.04140625 0.10625
0 0.81015625 0.8 0.03046875 0.0984375
0 0.83984375 0.7921875 0.02734375 0.09921875
0 0.86796875 0.78359375 0.02578125 0.096875
0 0.89765625 0.77734375 0.03125 0.096875
0 0.94375 0.76015625 0.02734375 0.090625
0 0.9921875 0.74609375 0.015625 0.084375
0 0.0515625 0.846875 0.05078125 0.15
0 0.71171875 0.83359375 0.04453125 0.1015625
0 0.87578125 0.0890625 0.025 0.10625
0 0.98203125 0.3875 0.03515625 0.096875
0 0.91796875 0.39453125 0.028125 0.10078125
0 0.67890625 0.56640625 0.0328125 0.10390625
0 0.64609375 0.5734375 0.03203125 0.1078125
0 0.6078125 0.57734375 0.040625 0.1125
0 0.5625 0.58125 0.04921875 0.115625
0 0.521875 0.5859375 0.02734375 0.1109375
0 0.48515625 0.5953125 0.04609375 0.11953125
0 0.43671875 0.60546875 0.04765625 0.1203125
0 0.390625 0.6125 0.04453125 0.1265625
0 0.71796875 0.55546875 0.04140625 0.115625
0 0.34375 0.62109375 0.04453125 0.1265625
0 0.23359375 0.63828125 0.04765625 0.134375
0 0.17890625 0.64609375 0.05703125 0.14375
0 0.1140625 0.65390625 0.06875 0.14921875
0 0.0453125 0.66640625 0.06328125 0.1484375
0 0.9796875 0.63125 0.03515625 0.0953125
0 0.9234375 0.65625 0.02734375 0.08125
0 0.89296875 0.65390625 0.03125 0.1046875
0 0.859375 0.66171875 0.03046875 0.103125
0 0.2890625 0.6296875 0.0609375 0.13046875
0 0.9484375 0.390625 0.03125 0.09609375
0 0.7671875 0.54921875 0.0546875 0.1078125
0 0.84765625 0.5359375 0.01484375 0.078125
0 0.88671875 0.39609375 0.0328125 0.1015625
0 0.85078125 0.39765625 0.034375 0.10625
0 0.8203125 0.4 0.025 0.1109375
0 0.79140625 0.40234375 0.028125 0.1140625
0 0.7609375 0.40390625 0.03203125 0.1171875
0 0.72578125 0.4125 0.03359375 0.1078125
0 0.690625 0.4171875 0.0328125 0.1078125
0 0.65546875 0.4203125 0.034375 0.109375
0 0.8203125 0.5421875 0.03828125 0.1015625
0 0.6171875 0.425 0.03515625 0.1109375
0 0.5359375 0.428125 0.04609375 0.12109375
0 0.48203125 0.43359375 0.02265625 0.11875
0 0.4453125 0.4375 0.0484375 0.12421875
0 0.396875 0.440625 0.04765625 0.13125
0 0.34375 0.4453125 0.05390625 0.13515625
0 0.98359375 0.509375 0.0328125 0.10625
0 0.9484375 0.5140625 0.03828125 0.11015625
0 0.90546875 0.5234375 0.04296875 0.109375
0 0.578125 0.42578125 0.03671875 0.11796875
0 0.828125 0.67109375 0.02890625 0.096875
0 0.79765625 0.68125 0.02890625 0.096875
0 0.24765625 0.2734375 0.05078125 0.1109375
0 0.19375 0.265625 0.0546875 0.128125
0 0.3015625 0.3078125 0.05546875 0.04375
0 0.35234375 0.28203125 0.04375 0.090625
0 0.403125 0.2578125 0.0546875 0.1328125
0 0.45859375 0.2578125 0.0546875 0.13203125
0 0.50859375 0.2609375 0.04140625 0.1234375
0 0.60546875 0.25859375 0.04453125 0.1171875
0 0.65078125 0.25859375 0.04140625 0.115625
0 0.69296875 0.2578125 0.03984375 0.1140625
0 0.7328125 0.25625 0.0375 0.1125
0 0.55625 0.259375 0.0515625 0.1203125
0 0.8109375 0.2546875 0.02890625 0.10703125
0 0.83515625 0.25625 0.01796875 0.103125
0 0.871875 0.25078125 0.04453125 0.10625
0 0.92265625 0.24765625 0.05078125 0.1125
0 0.965625 0.2875 0.02890625 0.03203125
0 0.98984375 0.253125 0.0203125 0.1
0 0.990625 0.0953125 0.01875 0.10625
0 0.9703125 0.08984375 0.0234375 0.115625
0 0.9484375 0.08828125 0.01953125 0.1140625
0 0.7734375 0.2546875 0.04296875 0.11171875
0 0.9265625 0.09375 0.0203125 0.10234375