0 0.26171875 0.20859375 0.06015625 0.0796875
0 0.03359375 0.19375 0.06640625 0.1015625
0 0.1296875 0.196875 0.12265625 0.10234375
0 0.32109375 0.20859375 0.05390625 0.08125
0 0.45859375 0.22109375 0.03671875 0.0609375
0 0.41875 0.2203125 0.0375 0.0609375
0 0.4265625 0.178125 0.0328125 0.02265625
0 0.42890625 0.15703125 0.03515625 0.01875
0 0.8265625 0.3296875 0.0546875 0.0890625
0 0.37421875 0.2109375 0.04765625 0.08125
0 0.040625 0.315625 0.05625 0.09765625
0 0.403125 0.32421875 0.0796875 0.0953125
0 0.1546875 0.32421875 0.05078125 0.0875
0 0.21796875 0.315625 0.0734375 0.10703125
0 0.28203125 0.33046875 0.05234375 0.0796875
0 0.33671875 0.33125 0.0515625 0.078125
0 0.46875 0.340625 0.05 0.0625
0 0.525 0.34375 0.05625 0.06015625
0 0.52421875 0.29765625 0.05390625 0.02890625
0 0.58203125 0.33359375 0.05234375 0.08203125
0 0.65703125 0.3625 0.04375 0.02578125
0 0.7125 0.33515625 0.0609375 0.08046875
0 0.64140625 0.328125 0.0484375 0.03828125
0 0.4625 0.18203125 0.03125 0.0140625
0 0.09921875 0.3125 0.05703125 0.10625
0 0.46328125 0.16640625 0.03046875 0.0140625
0 0.54140625 0.01875 0.06171875 0.0328125
0 0.5328125 0.23515625 0.0359375 0.03515625
0 0.728125 0.08828125 0.05078125 0.021875
0 0.7859375 0.03671875 0.046875 0.02421875
0 0.7875 0.0625 0.05 0.02578125
0 0.7828125 0.08828125 0.0484375 0.021875
0 0.8359375 0.08828125 0.0515625 0.02109375
0 0.95 0.21484375 0.0828125 0.08984375
0 0.8578125 0.22578125 0.08984375 0.06796875
0 0.76796875 0.24296875 0.08671875 0.02578125
0 0.6796875 0.21953125 0.08671875 0.0703125
0 0.728125 0.06171875 0.0515625 0.02734375
0 0.66875 0.090625 0.05390625 0.02109375
0 0.66796875 0.06328125 0.053125 0.02890625
0 0.49609375 0.23515625 0.03515625 0.0328125
0 0.6078125 0.05 0.06328125 0.09765625
0 0.54140625 0.0515625 0.0609375 0.0296875
0 0.478125 0.06328125 0.05390625 0.06953125
0 0.428125 0.06015625 0.04140625 0.075
0 0.38671875 0.05078125 0.040625 0.08984375
0 0.14296875 0.0515625 0.06015625 0.08203125
0 0.09453125 0.05078125 0.0359375 0.0890625
0 0.05546875 0.05078125 0.03984375 0.08828125
0 0.015625 0.04609375 0.03125 0.0921875
0 0.60859375 0.1671875 0.03828125 0.04453125
0 0.61328125 0.221875 0.040625 0.0625
0 0.57109375 0.221875 0.03984375 0.0609375
0 0.56953125 0.1640625 0.03671875 0.0515625
0 0.54375 0.084375 0.0609375 0.02734375
0 0.43359375 0.74375 0.053125 0.02421875
0 0.1703125 0.53671875 0.0546875 0.075
0 0.96640625 0.434375 0.06640625 0.084375
0 0.596875 0.74375 0.05 0.025
0 0.65 0.7390625 0.05078125 0.05
0 0.69765625 0.72421875 0.0421875 0.03359375
0 0.753125 0.72734375 0.05390625 0.0515625
0 0.83984375 0.71875 0.05 0.0328125
0 0.93515625 0.73203125 0.053125 0.04609375
0 0.54140625 0.74296875 0.05234375 0.02421875
0 0.8078125 0.803125 0.03515625 0.04921875
0 0.7 0.81875 0.05703125 0.084375
0 0.64140625 0.8171875 0.05625 0.0890625
0 0.584375 0.81328125 0.0546875 0.08046875
0 0.5265625 0.81796875 0.0546875 0.0890625
0 0.465625 0.81875 0.06484375 0.08828125
0 0.39453125 0.81796875 0.065625 0.08828125
0 0.75859375 0.81875 0.05703125 0.084375
0 0.81640625 0.6515625 0.053125 0.06796875
0 0.740625 0.6359375 0.0484375 0.06484375
0 0.67734375 0.65234375 0.06640625 0.0671875
0 0.36953125 0.74453125 0.05234375 0.02578125
0 0.31875 0.73125 0.04375 0.02265625
0 0.2609375 0.7296875 0.0484375 0.05
0 0.20859375 0.7296875 0.0515625 0.05234375
0 0.04375 0.64375 0.07734375 0.0703125
0 0.1109375 0.64609375 0.053125 0.07421875
0 0.16484375 0.65078125 0.0359375 0.05859375
0 0.20703125 0.6484375 0.03046875 0.0625
0 0.246875 0.6515625 0.04609375 0.06484375
0 0.29375 0.65390625 0.04296875 0.05859375
0 0.33984375 0.65390625 0.04375 0.0578125
0 0.403125 0.64765625 0.065625 0.05234375
0 0.48359375 0.646875 0.065625 0.06796875
0 0.54765625 0.6515625 0.05859375 0.059375
0 0.61015625 0.65703125 0.0609375 0.05546875
0 0.340625 0.82265625 0.0375 0.078125
0 0.29609375 0.8078125 0.0390625 0.0703125
0 0.24609375 0.81640625 0.03984375 0.07890625
0 0.19609375 0.825 0.04609375 0.0765625
0 0.20078125 0.4359375 0.06953125 0.07734375
0 0.26328125 0.43671875 0.05078125 0.07109375
0 0.315625 0.43828125 0.0515625 0.071875
0 0.3765625 0.43671875 0.06640625 0.07265625
0 0.4375 0.4375 0.053125 0.06796875
0 0.49765625 0.43828125 0.065625 0.071875
0 0.1421875 0.4359375 0.04921875 0.0703125
0 0.56171875 0.4421875 0.053125 0.06875
0 0.6609375 0.44296875 0.03828125 0.0703125
0 0.71015625 0.44140625 0.05859375 0.0703125
0 0.76484375 0.434375 0.05078125 0.090625
0 0.8203125 0.43515625 0.05859375 0.0875
0 0.87421875 0.4375 0.04921875 0.0828125
0 0.9171875 0.434375 0.03203125 0.06875
0 0.6140625 0.4421875 0.0515625 0.0671875
0 0.97734375 0.33828125 0.0453125 0.07578125
0 0.08671875 0.43125 0.05234375 0.0703125
0 0.03515625 0.5375 0.05234375 0.08203125
0 0.15078125 0.82421875 0.040625 0.08046875
0 0.10625 0.8203125 0.0421875 0.0875
0 0.06328125 0.8203125 0.0390625 0.0796875
0 0.02421875 0.81171875 0.03515625 0.07734375
0 0.88046875 0.3375 0.05 0.078125
0 0.909375 0.609375 0.04296875 0.0234375
0 0.92890625 0.65 0.046875 0.05078125
0 0.028125 0.4328125 0.05625 0.075
0 0.94375 0.540625 0.10234375 0.09453125
0 0.721875 0.5359375 0.090625 0.08984375
0 0.52109375 0.53515625 0.08046875 0.0921875
0 0.29375 0.54140625 0.05390625 0.0796875
0 0.23125 0.53828125 0.06484375 0.078125
0 0.4875 0.74453125 0.05078125 0.02578125
0 0.10390625 0.5328125 0.0765625 0.0921875
0 0.84375 0.53828125 0.0890625 0.09140625
0 0.92734375 0.334375 0.040625 0.07734375