0 0.2390625 0.2609375 0.03203125 0.08984375
0 0.27109375 0.2625 0.02890625 0.0921875
0 0.30859375 0.2625 0.0359375 0.09296875
0 0.3453125 0.26640625 0.03046875 0.0875
0 0.37578125 0.26328125 0.03046875 0.09140625
0 0.5421875 0.25703125 0.0359375 0.0828125
0 0.44765625 0.2625 0.0390625 0.08671875
0 0.5046875 0.25859375 0.034375 0.08828125
0 0.6546875 0.24921875 0.040625 0.10703125
0 0.740625 0.2484375 0.04453125 0.10546875
0 0.021875 0.3734375 0.0390625 0.0953125
0 0.69765625 0.25 0.03203125 0.10546875
0 0.4109375 0.26328125 0.034375 0.08515625
0 0.0640625 0.37421875 0.04296875 0.0953125
0 0.6453125 0.36484375 0.034375 0.09921875
0 0.16171875 0.371875 0.0421875 0.103125
0 0.23046875 0.36796875 0.0453125 0.09453125
0 0.27890625 0.36640625 0.046875 0.096875
0 0.325 0.36796875 0.0421875 0.096875
0 0.3703125 0.36484375 0.04296875 0.09453125
0 0.4125 0.36640625 0.03828125 0.09375
0 0.45390625 0.3640625 0.03515625 0.09296875
0 0.49375 0.36328125 0.0375 0.096875
0 0.5390625 0.36328125 0.0375 0.09921875
0 0.684375 0.3640625 0.0390625 0.09765625
0 0.72421875 0.35859375 0.03671875 0.09375
0 0.7875 0.24921875 0.03203125 0.10078125
0 0.7671875 0.36171875 0.0453125 0.09375
0 0.1140625 0.37265625 0.04765625 0.09375
0 0.82421875 0.25 0.03125 0.09609375
0 0.42578125 0.80078125 0.040625 0.0796875
0 0.90703125 0.2484375 0.0328125 0.10234375
0 0.80859375 0.3609375 0.0390625 0.0953125
0 0.1375 0.80234375 0.034375 0.08671875
0 0.1734375 0.80703125 0.02890625 0.08828125
0 0.26484375 0.8078125 0.0375 0.08203125
0 0.30625 0.80546875 0.0359375 0.08125
0 0.346875 0.80078125 0.04453125 0.0765625
0 0.38671875 0.80078125 0.034375 0.07578125
0 0.46640625 0.79453125 0.03359375 0.078125
0 0.5046875 0.79296875 0.0421875 0.07109375
0 0.04296875 0.13828125 0.040625 0.07890625
0 0.08828125 0.13984375 0.04609375 0.08125
0 0.134375 0.1453125 0.04375 0.09765625
0 0.2046875 0.15859375 0.03828125 0.08046875
0 0.2484375 0.15625 0.0484375 0.08359375
0 0.29296875 0.15859375 0.0359375 0.07734375
0 0.33359375 0.15703125 0.03515625 0.07578125
0 0.37578125 0.16015625 0.04609375 0.078125
0 0.41875 0.15859375 0.03515625 0.08203125
0 0.45859375 0.15859375 0.04140625 0.084375
0 0.5 0.15703125 0.03359375 0.084375
0 0.54296875 0.1609375 0.0421875 0.07890625
0 0.64921875 0.146875 0.0390625 0.06484375
0 0.69140625 0.146875 0.0328125 0.06484375
0 0.72421875 0.14765625 0.0296875 0.065625
0 0.7625 0.1484375 0.03984375 0.06484375
0 0.80078125 0.14765625 0.03515625 0.065625
0 0.840625 0.14921875 0.03828125 0.0625
0 0.87578125 0.14921875 0.03125 0.06328125
0 0.915625 0.15 0.04140625 0.06015625
0 0.8703125 0.2484375 0.0375 0.10234375
0 0.85390625 0.3625 0.0484375 0.0953125
0 0.46171875 0.690625 0.03515625 0.0875
0 0.03984375 0.48671875 0.04765625 0.09921875
0 0.1828125 0.5984375 0.03046875 0.06484375
0 0.14765625 0.60390625 0.0390625 0.05859375
0 0.1046875 0.60234375 0.04296875 0.06640625
0 0.0578125 0.6046875 0.04296875 0.059375
0 0.01875 0.60703125 0.0359375 0.0640625
0 0.025 0.7046875 0.034375 0.09140625
0 0.06953125 0.70546875 0.04609375 0.090625
0 0.12421875 0.70234375 0.04453125 0.08984375
0 0.17109375 0.7015625 0.040625 0.09609375
0 0.2625 0.69921875 0.03515625 0.08359375
0 0.30078125 0.69765625 0.03125 0.08515625
0 0.34140625 0.69375 0.03359375 0.08203125
0 0.384375 0.69140625 0.034375 0.0859375
0 0.42421875 0.69140625 0.0296875 0.08671875
0 0.075 0.8046875 0.03359375 0.08359375
0 0.50078125 0.68671875 0.03828125 0.0828125
0 0.54453125 0.68515625 0.03203125 0.08203125
0 0.64296875 0.68046875 0.034375 0.08203125
0 0.6796875 0.678125 0.0375 0.0875
0 0.72109375 0.6765625 0.03515625 0.084375
0 0.75703125 0.67734375 0.0375 0.0890625
0 0.7953125 0.67421875 0.03359375 0.08515625
0 0.83046875 0.6734375 0.03046875 0.08359375
0 0.87109375 0.67109375 0.03828125 0.0796875
0 0.86015625 0.775 0.0375 0.0703125
0 0.82421875 0.778125 0.03125 0.07109375
0 0.78671875 0.7796875 0.0375 0.07578125
0 0.71796875 0.78203125 0.040625 0.06875
0 0.68125 0.78046875 0.028125 0.071875
0 0.25390625 0.584375 0.04296875 0.09296875
0 0.90234375 0.35703125 0.03515625 0.090625
0 0.2953125 0.584375 0.03828125 0.090625
0 0.38125 0.58125 0.040625 0.08828125
0 0.08203125 0.4890625 0.0375 0.09765625
0 0.12734375 0.484375 0.04296875 0.09140625
0 0.17734375 0.484375 0.04140625 0.0953125
0 0.246875 0.48125 0.0453125 0.09375
0 0.296875 0.48125 0.03515625 0.0921875
0 0.3390625 0.48046875 0.03828125 0.0953125
0 0.37890625 0.48125 0.03984375 0.0953125
0 0.41875 0.47734375 0.03125 0.09296875
0 0.4609375 0.4671875 0.03671875 0.08671875
0 0.5015625 0.47265625 0.0328125 0.0953125
0 0.5421875 0.47578125 0.03671875 0.0953125
0 0.64375 0.4703125 0.0390625 0.08671875
0 0.690625 0.4703125 0.04375 0.084375
0 0.73046875 0.46953125 0.03046875 0.0890625
0 0.77265625 0.46640625 0.03203125 0.08515625
0 0.80703125 0.46328125 0.0359375 0.0859375
0 0.8453125 0.4671875 0.03984375 0.084375
0 0.8890625 0.465625 0.03359375 0.08671875
0 0.88125 0.5640625 0.0359375 0.08828125
0 0.84375 0.56484375 0.0328125 0.08515625
0 0.8046875 0.56640625 0.04140625 0.0828125
0 0.76015625 0.56875 0.03671875 0.0796875
0 0.72421875 0.56875 0.0328125 0.08515625
0 0.6828125 0.56953125 0.03359375 0.0875
0 0.6453125 0.5703125 0.04296875 0.0890625
0 0.54609375 0.571875 0.03203125 0.09140625
0 0.50625 0.57578125 0.04296875 0.09296875
0 0.4625 0.57734375 0.040625 0.090625
0 0.4234375 0.575 0.03828125 0.0921875
0 0.33828125 0.57890625 0.04140625 0.090625
0 0.0296875 0.803125 0.04765625 0.08203125
0 0.5453125 0.78984375 0.03828125 0.078125
0 0.64453125 0.7859375 0.040625 0.06953125