0 0.11171875 0.91328125 0.01953125 0.09375
0 0.13125 0.91640625 0.02109375 0.0984375
0 0.153125 0.91953125 0.021875 0.09140625
0 0.178125 0.921875 0.02578125 0.0859375
0 0.3359375 0.51953125 0.02109375 0.1015625
0 0.25546875 0.52890625 0.021875 0.07890625
0 0.28125 0.525 0.02734375 0.0890625
0 0.31015625 0.5171875 0.0296875 0.10859375
0 0.08828125 0.91640625 0.028125 0.08828125
0 0.22890625 0.51875 0.0296875 0.07578125
0 0.0546875 0.9078125 0.028125 0.084375
0 0.6546875 0.384375 0.0359375 0.109375
0 0.403125 0.9578125 0.0921875 0.08359375
0 0.29765625 0.965625 0.10078125 0.06796875
0 0.4703125 0.85546875 0.02734375 0.08828125
0 0.44375 0.853125 0.025 0.0828125
0 0.41953125 0.84921875 0.021875 0.08828125
0 0.39296875 0.846875 0.03125 0.08359375
0 0.36328125 0.8453125 0.0265625 0.0859375
0 0.33671875 0.8390625 0.02421875 0.075
0 0.31484375 0.83828125 0.02109375 0.0765625
0 0.29140625 0.8375 0.02734375 0.0828125
0 0.36328125 0.51953125 0.0328125 0.10859375
0 0.0296875 0.90703125 0.02109375 0.08671875
0 0.39296875 0.52734375 0.02734375 0.09375
0 0.08125 0.15234375 0.02421875 0.0953125
0 0.4515625 0.5375 0.02890625 0.07578125
0 0.0109375 0.1640625 0.021875 0.103125
0 0.03046875 0.16015625 0.0140625 0.1015625
0 0.0546875 0.1546875 0.03203125 0.090625
0 0.2671875 0.83984375 0.02421875 0.07578125
0 0.19921875 0.11640625 0.0296875 0.10859375
0 0.2265625 0.11484375 0.0265625 0.109375
0 0.2515625 0.1109375 0.02421875 0.1046875
0 0.27890625 0.1125 0.02578125 0.103125
0 0.31015625 0.11015625 0.0296875 0.103125
0 0.33828125 0.1078125 0.0265625 0.10390625
0 0.3703125 0.10390625 0.03515625 0.10625
0 0.43515625 0.09609375 0.02890625 0.1109375
0 0.52578125 0.12265625 0.0296875 0.0796875
0 0.553125 0.11953125 0.02578125 0.08671875
0 0.58515625 0.11484375 0.03515625 0.078125
0 0.61953125 0.1109375 0.03359375 0.0875
0 0.65390625 0.10703125 0.03046875 0.08203125
0 0.68828125 0.103125 0.03671875 0.09296875
0 0.803125 0.85546875 0.04765625 0.14765625
0 0.7546875 0.85 0.046875 0.1359375
0 0.70859375 0.84921875 0.0453125 0.13984375
0 0.64453125 0.83671875 0.06953125 0.140625
0 0.56875 0.81171875 0.0578125 0.09609375
0 0.42265625 0.5265625 0.02890625 0.0984375
0 0.6875 0.3828125 0.03125 0.10859375
0 0.16640625 0.8109375 0.02890625 0.09921875
0 0.115625 0.80859375 0.02265625 0.10234375
0 0.41796875 0.4 0.02890625 0.09296875
0 0.38984375 0.3984375 0.028125 0.09609375
0 0.3609375 0.40625 0.028125 0.1109375
0 0.334375 0.40625 0.0265625 0.1125
0 0.3078125 0.403125 0.0265625 0.10625
0 0.28046875 0.4046875 0.028125 0.10390625
0 0.253125 0.40703125 0.0265625 0.10859375
0 0.225 0.409375 0.0296875 0.10625
0 0.12421875 0.4375 0.0296875 0.1125
0 0.096875 0.4359375 0.025 0.109375
0 0.07109375 0.4390625 0.0265625 0.103125
0 0.04609375 0.4421875 0.025 0.10859375
0 0.01875 0.44296875 0.03046875 0.10625
0 0.440625 0.2609375 0.03125 0.1328125
0 0.40859375 0.2625 0.03125 0.13203125
0 0.3765625 0.2609375 0.034375 0.1359375
0 0.346875 0.26484375 0.02265625 0.13203125
0 0.31953125 0.2625 0.0296875 0.134375
0 0.28828125 0.26953125 0.02890625 0.128125
0 0.45 0.40390625 0.03515625 0.1
0 0.53359375 0.38515625 0.02421875 0.11015625
0 0.56015625 0.38671875 0.03046875 0.10703125
0 0.59296875 0.38515625 0.034375 0.10546875
0 0.75546875 0.38125 0.03125 0.11484375
0 0.79453125 0.38125 0.03671875 0.11640625
0 0.83125 0.37734375 0.03828125 0.11953125
0 0.53359375 0.53515625 0.0328125 0.1015625
0 0.56484375 0.53203125 0.03046875 0.10859375
0 0.596875 0.53515625 0.03359375 0.1171875
0 0.6265625 0.5375 0.0265625 0.11015625
0 0.6546875 0.5375 0.02890625 0.10859375
0 0.68515625 0.5375 0.0328125 0.10703125
0 0.26171875 0.2671875 0.0265625 0.13828125
0 0.72109375 0.53984375 0.0375 0.1109375
0 0.78671875 0.54140625 0.03828125 0.1109375
0 0.821875 0.54296875 0.03046875 0.11640625
0 0.5515625 0.671875 0.0296875 0.109375
0 0.58359375 0.67734375 0.0328125 0.1171875
0 0.61796875 0.6765625 0.0359375 0.12421875
0 0.65703125 0.68125 0.0375 0.1296875
0 0.6921875 0.68125 0.034375 0.12734375
0 0.73046875 0.684375 0.04140625 0.13671875
0 0.62265625 0.38515625 0.0265625 0.11015625
0 0.7546875 0.5421875 0.025 0.103125
0 0.23671875 0.271875 0.025 0.1328125
0 0.209375 0.2734375 0.02890625 0.1296875
0 0.11015625 0.290625 0.03359375 0.1234375
0 0.38359375 0.7546875 0.025 0.084375
0 0.409375 0.759375 0.02578125 0.0765625
0 0.4375 0.76015625 0.0296875 0.08203125
0 0.465625 0.7625 0.02421875 0.0765625
0 0.034375 0.584375 0.03203125 0.0921875
0 0.065625 0.58359375 0.0234375 0.09609375
0 0.08828125 0.584375 0.021875 0.09453125
0 0.11328125 0.57578125 0.02578125 0.10859375
0 0.1375 0.578125 0.02578125 0.10078125
0 0.359375 0.753125 0.02578125 0.078125
0 0.009375 0.690625 0.01875 0.08125
0 0.05546875 0.69140625 0.02421875 0.08125
0 0.08046875 0.6953125 0.0296875 0.0796875
0 0.10625 0.6984375 0.02265625 0.0890625
0 0.13203125 0.6984375 0.028125 0.0875
0 0.15859375 0.7 0.02421875 0.08828125
0 0.015625 0.8 0.02734375 0.1125
0 0.0421875 0.80546875 0.0265625 0.1
0 0.06640625 0.80625 0.021875 0.10234375
0 0.090625 0.80859375 0.028125 0.10078125
0 0.03046875 0.69140625 0.02265625 0.08125
0 0.13984375 0.8109375 0.025 0.096875
0 0.334375 0.7515625 0.02265625 0.0828125
0 0.2828125 0.7484375 0.021875 0.0796875
0 0.08203125 0.29296875 0.0234375 0.12109375
0 0.06171875 0.31875 0.01640625 0.07109375
0 0.04296875 0.29453125 0.02265625 0.1171875
0 0.02265625 0.29765625 0.01796875 0.1171875
0 0.00703125 0.29296875 0.0140625 0.128125
0 0.83203125 0.23671875 0.03359375 0.06640625
0 0.63359375 0.24765625 0.075 0.0640625
0 0.55703125 0.2484375 0.06953125 0.08359375
0 0.8359375 0.0875 0.03671875 0.0890625
0 0.30703125 0.74921875 0.02734375 0.0796875
0 0.79921875 0.0953125 0.02890625 0.0859375
0 0.72421875 0.1 0.03359375 0.0875
0 0.24765625 0.63828125 0.0265625 0.084375
0 0.27578125 0.63515625 0.02734375 0.08671875
0 0.30625 0.63515625 0.0328125 0.08828125
0 0.34765625 0.61484375 0.025 0.06875
0 0.39453125 0.61953125 0.03359375 0.07890625
0 0.42421875 0.62265625 0.02109375 0.07890625
0 0.45078125 0.6421875 0.03046875 0.08359375
0 0.25625 0.74921875 0.02890625 0.084375
0 0.76484375 0.09375 0.04140625 0.08984375
0 0.721875 0.3828125 0.03671875 0.109375
0 0.80703125 0.68984375 0.0390625 0.14375