0 0.80703125 0.45078125 0.04765625 0.0734375
0 0.75546875 0.45234375 0.0453125 0.07265625
0 0.75859375 0.515625 0.0484375 0.0515625
0 0.8171875 0.52109375 0.04609375 0.06484375
0 0.753125 0.571875 0.04609375 0.05625
0 0.703125 0.5671875 0.03828125 0.0546875
0 0.503125 0.446875 0.0453125 0.0671875
0 0.8046875 0.57890625 0.04296875 0.046875
0 0.86484375 0.5765625 0.04140625 0.059375
0 0.8703125 0.521875 0.04765625 0.053125
0 0.8703125 0.45390625 0.05625 0.07109375
0 0.9375 0.44921875 0.034375 0.07265625
0 0.93046875 0.515625 0.03203125 0.05703125
0 0.7078125 0.5125 0.04140625 0.05234375
0 0.71015625 0.45 0.040625 0.065625
0 0.55625 0.459375 0.0421875 0.04765625
0 0.6578125 0.5109375 0.03515625 0.059375
0 0.66015625 0.45 0.04140625 0.0625
0 0.60546875 0.56015625 0.0375 0.0484375
0 0.61171875 0.5109375 0.03828125 0.0421875
0 0.6125 0.46328125 0.0359375 0.04375
0 0.61015625 0.42421875 0.0546875 0.02265625
0 0.5546875 0.42109375 0.0484375 0.025
0 0.5578125 0.51171875 0.04375 0.05234375
0 0.92734375 0.57421875 0.0390625 0.0578125
0 0.55859375 0.5625 0.0453125 0.0515625
0 0.50859375 0.56015625 0.0328125 0.0546875
0 0.509375 0.5078125 0.04140625 0.05078125
0 0.59765625 0.2125 0.0328125 0.01171875
0 0.61484375 0.23203125 0.03203125 0.01875
0 0.6578125 0.56796875 0.03828125 0.053125
0 0.04921875 0.39375 0.075 0.03203125
0 0.33671875 0.1078125 0.0125 0.015625
0 0.12578125 0.375 0.075 0.028125
0 0.6765625 0.2234375 0.01328125 0.00859375
0 0.65546875 0.2375 0.03046875 0.0109375
0 0.6515625 0.22421875 0.02265625 0.0140625
0 0.28359375 0.4359375 0.07421875 0.02890625
0 0.284375 0.46640625 0.0734375 0.02578125
0 0.23984375 0.24765625 0.03203125 0.0296875
0 0.28359375 0.49296875 0.0765625 0.021875
0 0.2859375 0.51875 0.078125 0.02578125
0 0.284375 0.546875 0.07578125 0.0296875
0 0.28828125 0.57265625 0.06875 0.0234375
0 0.2875 0.5953125 0.0640625 0.02109375
0 0.21328125 0.59609375 0.08125 0.02734375
0 0.20703125 0.56796875 0.0765625 0.02578125
0 0.2046875 0.5390625 0.075 0.028125
0 0.12578125 0.3390625 0.07109375 0.02734375
0 0.2046875 0.5109375 0.08046875 0.02734375
0 0.203125 0.45078125 0.07734375 0.02734375
0 0.12734375 0.459375 0.06796875 0.02734375
0 0.128125 0.43359375 0.071875 0.025
0 0.13046875 0.40625 0.07578125 0.02890625
0 0.20390625 0.4046875 0.071875 0.02578125
0 0.28203125 0.40078125 0.08046875 0.0296875
0 0.3625 0.40078125 0.07578125 0.02734375
0 0.36171875 0.36875 0.078125 0.03046875
0 0.27890625 0.36875 0.07578125 0.02890625
0 0.203125 0.3703125 0.07109375 0.025
0 0.36640625 0.29453125 0.09140625 0.03671875
0 0.35390625 0.334375 0.084375 0.03203125
0 0.2765625 0.334375 0.06875 0.03359375
0 0.203125 0.33828125 0.07109375 0.028125
0 0.203125 0.48046875 0.078125 0.028125
0 0.06953125 0.28671875 0.0171875 0.05078125
0 0.790625 0.815625 0.24375 0.128125
0 0.0359375 0.28671875 0.0140625 0.05078125
0 0.4171875 0.0890625 0.0265625 0.01484375
0 0.4171875 0.1140625 0.025 0.0296875
0 0.4453125 0.1140625 0.02734375 0.03046875
0 0.44609375 0.090625 0.0265625 0.015625
0 0.46640625 0.08984375 0.0125 0.0140625
0 0.4671875 0.11484375 0.0140625 0.03203125
0 0.4203125 0.1546875 0.025 0.01328125
0 0.42109375 0.178125 0.025 0.0328125
0 0.446875 0.15546875 0.02421875 0.01484375
0 0.5296875 0.11015625 0.05234375 0.0375
0 0.5890625 0.11015625 0.06328125 0.0390625
0 0.6359375 0.10859375 0.02734375 0.03671875
0 0.66328125 0.10390625 0.0265625 0.046875
0 0.6921875 0.103125 0.02734375 0.0453125
0 0.7234375 0.1 0.03203125 0.05078125
0 0.37578125 0.18828125 0.01171875 0.009375
0 0.38828125 0.1875 0.0109375 0.01015625
0 0.40078125 0.18828125 0.01171875 0.01328125
0 0.40234375 0.17109375 0.01171875 0.01875
0 0.35 0.10859375 0.01171875 0.01640625
0 0.34921875 0.125 0.01171875 0.0140625
0 0.3625 0.12578125 0.01171875 0.0125
0 0.37421875 0.12578125 0.01171875 0.01328125
0 0.3875 0.12421875 0.0125 0.01328125
0 0.4 0.12578125 0.01171875 0.01328125
0 0.3390625 0.1546875 0.0125 0.01875
0 0.66015625 0.1640625 0.0296875 0.0578125
0 0.3515625 0.15390625 0.0109375 0.01796875
0 0.3765625 0.15546875 0.0125 0.0171875
0 0.33984375 0.1703125 0.0125 0.01328125
0 0.35234375 0.17109375 0.0125 0.0140625
0 0.36484375 0.17265625 0.0109375 0.01796875
0 0.3765625 0.17265625 0.01171875 0.0171875
0 0.5515625 0.22734375 0.0234375 0.0140625
0 0.575 0.22890625 0.01796875 0.0140625
0 0.3640625 0.1546875 0.0109375 0.01796875
0 0.690625 0.165625 0.0296875 0.05625
0 0.71953125 0.159375 0.025 0.0515625
0 0.61171875 0.171875 0.0640625 0.0375
0 0.80390625 0.3046875 0.0390625 0.06640625
0 0.85234375 0.2984375 0.0546875 0.0765625
0 0.48984375 0.259375 0.02421875 0.10078125
0 0.51953125 0.371875 0.01953125 0.0578125
0 0.4921875 0.38046875 0.034375 0.05
0 0.4875 0.34140625 0.0328125 0.02421875
0 0.5515625 0.38046875 0.03125 0.05234375
0 0.75625 0.303125 0.05078125 0.07421875
0 0.55234375 0.34140625 0.0375 0.0203125
0 0.65390625 0.38359375 0.03671875 0.05625
0 0.69921875 0.37890625 0.03671875 0.05625
0 0.7484375 0.38125 0.0359375 0.05859375
0 0.79609375 0.3765625 0.0421875 0.065625
0 0.84921875 0.3765625 0.03828125 0.06171875
0 0.89609375 0.37421875 0.0390625 0.06640625
0 0.078125 0.36171875 0.0171875 0.028125
0 0.60234375 0.378125 0.0375 0.0640625
0 0.05234375 0.28671875 0.0140625 0.05
0 0.7 0.29921875 0.0453125 0.07734375
0 0.6203125 0.30546875 0.0359375 0.0671875
0 0.52734375 0.17578125 0.059375 0.034375
0 0.79375 0.67578125 0.23828125 0.1453125
0 0.3375 0.12578125 0.01015625 0.01328125
0 0.56953125 0.80078125 0.17734375 0.1375
0 0.575 0.6640625 0.17890625 0.1234375
0 0.40390625 0.675 0.1390625 0.125
0 0.40625 0.79375 0.13203125 0.1125
0 0.6578125 0.30390625 0.0375 0.06484375
0 0.26640625 0.6703125 0.13515625 0.11171875
0 0.121875 0.78671875 0.16796875 0.1078125
0 0.11015625 0.6734375 0.1734375 0.10625
0 0.04921875 0.35390625 0.0328125 0.03515625
0 0.0796875 0.32734375 0.015625 0.028125
0 0.51796875 0.31015625 0.028125 0.0578125
0 0.54609375 0.30546875 0.021875 0.046875
0 0.58125 0.3046875 0.0375 0.05234375
0 0.27265625 0.7890625 0.1296875 0.115625
0 0.3890625 0.171875 0.0125 0.01875
0 0.5265625 0.225 0.021875 0.015625
0 0.35859375 0.5953125 0.06796875 0.028125
0 0.05859375 0.5734375 0.07421875 0.0265625
0 0.0578125 0.54765625 0.065625 0.025
0 0.0515625 0.4875 0.06953125 0.02578125
0 0.05546875 0.51953125 0.06953125 0.02734375
0 0.0515625 0.4578125 0.06875 0.03046875
0 0.0484375 0.42578125 0.07734375 0.0265625
0 0.29140625 0.303125 0.040625 0.0234375
0 0.24609375 0.29375 0.03984375 0.03515625
0 0.1671875 0.290625 0.040625 0.03984375
0 0.1296875 0.2796875 0.03125 0.0390625
0 0.2734375 0.26015625 0.03125 0.03125
0 0.3078125 0.25390625 0.03125 0.03515625
0 0.3421875 0.259375 0.03671875 0.03046875
0 0.4046875 0.2625 0.02734375 0.02421875
0 0.440625 0.23515625 0.02734375 0.07578125
0 0.40078125 0.23046875 0.040625 0.04140625
0 0.35 0.2203125 0.03984375 0.0328125
0 0.0640625 0.603125 0.07265625 0.025
0 0.2984375 0.21171875 0.0359375 0.021875
0 0.1375 0.60390625 0.06796875 0.0296875
0 0.13203125 0.55 0.0703125 0.02421875
0 0.36171875 0.56953125 0.07265625 0.021875
0 0.44453125 0.45390625 0.065625 0.0265625
0 0.44609375 0.4828125 0.0671875 0.03046875
0 0.44296875 0.515625 0.06796875 0.03359375
0 0.44140625 0.54765625 0.075 0.025
0 0.4390625 0.571875 0.07265625 0.0203125
0 0.4390625 0.5984375 0.07890625 0.0296875
0 0.3671875 0.4484375 0.078125 0.0390625
0 0.3703125 0.48515625 0.0796875 0.0296875
0 0.36484375 0.515625 0.07734375 0.02890625
0 0.3640625 0.54453125 0.075 0.02421875
0 0.43984375 0.42421875 0.06328125 0.02734375
0 0.4375 0.39140625 0.0703125 0.028125
0 0.4375 0.35859375 0.0671875 0.0296875
0 0.4390625 0.32734375 0.07109375 0.02578125
0 0.1265625 0.49140625 0.07265625 0.02890625
0 0.1265625 0.51953125 0.07421875 0.025
0 0.13359375 0.57578125 0.06796875 0.02265625
0 0.040625 0.115625 0.0265625 0.05
0 0.6921875 0.2203125 0.01875 0.0140625
0 0.103125 0.115625 0.02734375 0.04765625
0 0.11640625 0.23125 0.02421875 0.03828125
0 0.1484375 0.225 0.0265625 0.01171875
0 0.14375 0.23984375 0.02734375 0.01015625
0 0.17578125 0.22578125 0.02578125 0.028125
0 0.203125 0.225 0.02421875 0.0375
0 0.23046875 0.21640625 0.0265625 0.021875
0 0.25625 0.21640625 0.01796875 0.02734375
0 0.33671875 0.090625 0.01171875 0.01875
0 0.34921875 0.0890625 0.01171875 0.01875
0 0.3609375 0.090625 0.01015625 0.0203125
0 0.38515625 0.08984375 0.009375 0.01796875
0 0.39765625 0.08828125 0.0125 0.0203125
0 0.39765625 0.10859375 0.01171875 0.01875
0 0.3859375 0.10859375 0.0109375 0.01875
0 0.3734375 0.10859375 0.0125 0.01796875
0 0.0703125 0.1140625 0.02890625 0.053125
0 0.36171875 0.109375 0.01171875 0.0140625
0 0.08359375 0.22890625 0.03203125 0.04375
0 0.0515625 0.23125 0.0296875 0.03984375
0 0.3734375 0.090625 0.0125 0.01875
0 0.3015625 0.1703125 0.02109375 0.053125
0 0.165625 0.11171875 0.0328125 0.05625
0 0.32265625 0.171875 0.01875 0.0484375
0 0.1953125 0.11484375 0.02421875 0.05
0 0.22109375 0.1125 0.025 0.05
0 0.271875 0.1109375 0.02421875 0.05
0 0.296875 0.10859375 0.01953125 0.05390625
0 0.31875 0.10859375 0.021875 0.05546875
0 0.04375 0.1765625 0.03203125 0.0515625
0 0.246875 0.11171875 0.02109375 0.0515625
0 0.109375 0.1734375 0.0265625 0.0484375
0 0.13359375 0.11171875 0.0296875 0.05625
0 0.28046875 0.16875 0.01875 0.0515625
0 0.140625 0.171875 0.03125 0.0484375
0 0.1734375 0.171875 0.03203125 0.0484375
0 0.209375 0.17265625 0.03125 0.053125
0 0.23828125 0.17265625 0.02421875 0.053125
0 0.07890625 0.17578125 0.034375 0.05234375
0 0.26015625 0.1703125 0.01796875 0.04921875