0 0.5296875 0.61171875 0.03984375 0.0625
0 0.96171875 0.3921875 0.04765625 0.0796875
0 0.41484375 0.28984375 0.034375 0.059375
0 0.375 0.2875 0.03359375 0.0578125
0 0.33515625 0.2890625 0.0375 0.07109375
0 0.2984375 0.2890625 0.034375 0.065625
0 0.2546875 0.2890625 0.03984375 0.071875
0 0.2 0.31484375 0.059375 0.065625
0 0.45703125 0.2921875 0.040625 0.0625
0 0.10703125 0.3015625 0.11328125 0.0953125
0 0.134375 0.45625 0.06875 0.134375
0 0.28671875 0.62265625 0.06171875 0.06484375
0 0.2265625 0.5796875 0.03828125 0.0953125
0 0.178125 0.58125 0.0484375 0.09296875
0 0.12421875 0.5984375 0.0484375 0.0640625
0 0.075 0.60234375 0.0390625 0.06796875
0 0.05703125 0.459375 0.07890625 0.13359375
0 0.02578125 0.61484375 0.05078125 0.03984375
0 0.52890625 0.28515625 0.08125 0.08515625
0 0.6390625 0.296875 0.04296875 0.05859375
0 0.6671875 0.15078125 0.0234375 0.10703125
0 0.7015625 0.15078125 0.02890625 0.11171875
0 0.74453125 0.1515625 0.03984375 0.1078125
0 0.7828125 0.15234375 0.02265625 0.10546875
0 0.8109375 0.15703125 0.021875 0.1109375
0 0.83671875 0.15703125 0.015625 0.1046875
0 0.596875 0.296875 0.03828125 0.0609375
0 0.94921875 0.1578125 0.0484375 0.08671875
0 0.975 0.2734375 0.04375 0.08515625
0 0.91796875 0.2765625 0.04921875 0.08671875
0 0.86640625 0.27578125 0.03984375 0.0828125
0 0.79375 0.2953125 0.0625 0.075
0 0.7265625 0.29375 0.0421875 0.0625
0 0.73125 0.4125 0.034375 0.0609375
0 0.98984375 0.15859375 0.0203125 0.0796875
0 0.634375 0.1625 0.0234375 0.08046875
0 0.32265625 0.51484375 0.0296875 0.0703125
0 0.38046875 0.51640625 0.06640625 0.075
0 0.8578125 0.38984375 0.03671875 0.08125
0 0.81328125 0.41328125 0.0375 0.05703125
0 0.20078125 0.45078125 0.05703125 0.13515625
0 0.25703125 0.4125 0.03828125 0.103125
0 0.3015625 0.415625 0.03046875 0.0921875
0 0.34609375 0.41484375 0.04140625 0.08125
0 0.90625 0.39140625 0.04765625 0.08359375
0 0.38984375 0.415625 0.03125 0.07109375
0 0.47734375 0.409375 0.03125 0.07265625
0 0.5234375 0.41015625 0.03671875 0.0703125
0 0.56640625 0.4125 0.03046875 0.06640625
0 0.60625 0.4109375 0.034375 0.06875
0 0.64765625 0.409375 0.02890625 0.06796875
0 0.68671875 0.4109375 0.04140625 0.07265625
0 0.43515625 0.40234375 0.03671875 0.08125
0 0.27578125 0.5171875 0.046875 0.08046875
0 0.96484375 0.49140625 0.05 0.090625
0 0.853125 0.48828125 0.0421875 0.08046875
0 0.43984375 0.52109375 0.03515625 0.06328125
0 0.4734375 0.51796875 0.02734375 0.0640625
0 0.5125 0.51484375 0.04140625 0.06875
0 0.553125 0.525 0.01875 0.03515625
0 0.5765625 0.52578125 0.01484375 0.0390625
0 0.59765625 0.5234375 0.01875 0.03515625
0 0.90390625 0.4921875 0.046875 0.08671875
0 0.61875 0.521875 0.0171875 0.034375
0 0.66171875 0.521875 0.0171875 0.0359375
0 0.68203125 0.52265625 0.01796875 0.03671875
0 0.70390625 0.5203125 0.01875 0.0328125
0 0.725 0.51875 0.02265625 0.0359375
0 0.75703125 0.50390625 0.02890625 0.06328125
0 0.8 0.5015625 0.046875 0.06796875
0 0.64140625 0.52421875 0.01875 0.034375
0 0.6046875 0.1578125 0.028125 0.084375
0 0.6828125 0.3 0.0375 0.05234375
0 0.34765625 0.6296875 0.05546875 0.05234375
0 0.5125 0.74296875 0.0203125 0.03671875
0 0.50078125 0.70234375 0.0203125 0.0296875
0 0.46953125 0.73984375 0.0375 0.0484375
0 0.39921875 0.73828125 0.04375 0.0671875
0 0.340625 0.74296875 0.0578125 0.0703125
0 0.28515625 0.75078125 0.046875 0.06640625
0 0.20546875 0.71015625 0.0921875 0.1234375
0 0.56015625 0.140625 0.03515625 0.11328125
0 0.09375 0.715625 0.11171875 0.13359375
0 0.01484375 0.72890625 0.0296875 0.1203125
0 0.0234375 0.9109375 0.04609375 0.1109375
0 0.27578125 0.88359375 0.05078125 0.10625
0 0.3359375 0.878125 0.02734375 0.09375
0 0.36796875 0.8765625 0.02734375 0.09375
0 0.39921875 0.871875 0.02578125 0.0921875
0 0.428125 0.865625 0.0265625 0.0890625
0 0.48046875 0.84453125 0.0265625 0.090625
0 0.975 0.87265625 0.04296875 0.059375
0 0.92265625 0.85859375 0.0453125 0.05703125
0 0.8796875 0.846875 0.03828125 0.05859375
0 0.83359375 0.8390625 0.03515625 0.05078125
0 0.79140625 0.8390625 0.03046875 0.053125
0 0.75390625 0.8375 0.0328125 0.06484375
0 0.53359375 0.7421875 0.01484375 0.03828125
0 0.72421875 0.8421875 0.0234375 0.06328125
0 0.665625 0.8375 0.02109375 0.08828125
0 0.63671875 0.840625 0.028125 0.09140625
0 0.60546875 0.8390625 0.02578125 0.10234375
0 0.5765625 0.846875 0.025 0.09375
0 0.54765625 0.8484375 0.02421875 0.090625
0 0.5171875 0.85625 0.025 0.09375
0 0.69453125 0.846875 0.025 0.06796875
0 0.55703125 0.73359375 0.01953125 0.03515625
0 0.7703125 0.41171875 0.03046875 0.05703125
0 0.0703125 0.1109375 0.04765625 0.125
0 0.8953125 0.60390625 0.04765625 0.0953125
0 0.84375 0.5953125 0.04765625 0.09765625
0 0.7828125 0.59453125 0.04765625 0.08671875
0 0.728125 0.59296875 0.05234375 0.08046875
0 0.975 0.728125 0.05 0.0578125
0 0.67734375 0.60859375 0.03046875 0.05625
0 0.63984375 0.61015625 0.034375 0.06015625
0 0.58671875 0.609375 0.06015625 0.05703125
0 0.47890625 0.61484375 0.0453125 0.06953125
0 0.41875 0.621875 0.06484375 0.06328125
0 0.01796875 0.10078125 0.0328125 0.14453125
0 0.91796875 0.72109375 0.053125 0.05546875
0 0.1296875 0.11328125 0.0484375 0.13359375
0 0.9515625 0.60703125 0.04921875 0.10234375
0 0.8265625 0.70390625 0.03125 0.046875
0 0.25078125 0.12890625 0.06484375 0.09921875
0 0.33359375 0.1234375 0.0734375 0.11875
0 0.4046875 0.13203125 0.05546875 0.12265625
0 0.4609375 0.13359375 0.04453125 0.11640625
0 0.7859375 0.70703125 0.040625 0.06015625
0 0.73359375 0.72578125 0.0359375 0.03515625
0 0.69765625 0.715625 0.028125 0.05546875
0 0.66875 0.71953125 0.0234375 0.059375
0 0.640625 0.70390625 0.01640625 0.034375
0 0.63828125 0.73671875 0.02734375 0.025
0 0.59375 0.70625 0.0421875 0.06953125
0 0.51328125 0.13828125 0.0421875 0.11015625
0 0.86640625 0.71328125 0.040625 0.053125
0 0.18359375 0.12109375 0.04765625 0.12265625
0 0.9890625 0.609375 0.021875 0.10625