0 0.07734375 0.2125 0.07109375 0.08359375
0 0.7828125 0.60625 0.0421875 0.0296875
0 0.73828125 0.63359375 0.03046875 0.03125
0 0.18203125 0.59921875 0.12578125 0.09609375
0 0.3171875 0.6 0.115625 0.0953125
0 0.465625 0.6 0.1390625 0.08515625
0 0.6765625 0.6390625 0.0703125 0.03046875
0 0.60234375 0.6375 0.0703125 0.03203125
0 0.678125 0.60625 0.0640625 0.03046875
0 0.60234375 0.60546875 0.0703125 0.0296875
0 0.68203125 0.58125 0.0625 0.015625
0 0.096875 0.70625 0.04453125 0.03359375
0 0.03984375 0.6859375 0.0609375 0.06171875
0 0.04453125 0.8203125 0.01484375 0.02578125
0 0.596875 0.5078125 0.0828125 0.04609375
0 0.68046875 0.50703125 0.06484375 0.03984375
0 0.77265625 0.5046875 0.09140625 0.0453125
0 0.81484375 0.428125 0.04296875 0.0578125
0 0.76953125 0.425 0.0375 0.05859375
0 0.71875 0.440625 0.053125 0.0328125
0 0.6765625 0.4328125 0.025 0.046875
0 0.61953125 0.4265625 0.034375 0.05390625
0 0.60546875 0.58046875 0.06796875 0.0140625
0 0.8296875 0.60859375 0.0421875 0.0328125
0 0.9421875 0.53359375 0.03359375 0.0578125
0 0.83359375 0.64140625 0.04140625 0.0265625
0 0.14296875 0.22578125 0.03046875 0.05546875
0 0.184375 0.2265625 0.04296875 0.0578125
0 0.23046875 0.22578125 0.0390625 0.06796875
0 0.27109375 0.22890625 0.03359375 0.0578125
0 0.3140625 0.2296875 0.04375 0.0640625
0 0.35625 0.2265625 0.03515625 0.06328125
0 0.765625 0.24140625 0.04921875 0.0546875
0 0.3921875 0.23203125 0.0328125 0.05703125
0 0.425 0.2390625 0.01953125 0.04453125
0 0.31875 0.50625 0.0703125 0.04375
0 0.7828125 0.6375 0.04609375 0.0296875
0 0.4046875 0.5046875 0.084375 0.0421875
0 0.46484375 0.23046875 0.0375 0.06796875
0 0.5140625 0.228125 0.04296875 0.06328125
0 0.65078125 0.42734375 0.0171875 0.05546875
0 0.63671875 0.234375 0.046875 0.0546875
0 0.6796875 0.23125 0.0234375 0.06640625
0 0.71640625 0.234375 0.04453125 0.05859375
0 0.2375 0.50390625 0.07109375 0.03359375
0 0.15390625 0.50703125 0.084375 0.034375
0 0.05625 0.48828125 0.06875 0.06875
0 0.9828125 0.534375 0.03125 0.05859375
0 0.50625 0.5046875 0.08046875 0.040625
0 0.57109375 0.428125 0.0390625 0.0578125
0 0.73515625 0.6 0.02890625 0.02890625
0 0.4609375 0.42265625 0.0390625 0.0578125
0 0.78828125 0.740625 0.0296875 0.05
0 0.75078125 0.74296875 0.034375 0.0515625
0 0.7109375 0.740625 0.0328125 0.0453125
0 0.67421875 0.740625 0.034375 0.04453125
0 0.6359375 0.73828125 0.0328125 0.04296875
0 0.5984375 0.7359375 0.03515625 0.04609375
0 0.55859375 0.7359375 0.03671875 0.0484375
0 0.5109375 0.74140625 0.02890625 0.04921875
0 0.47109375 0.7375 0.03203125 0.04921875
0 0.140625 0.8 0.05703125 0.075
0 0.20078125 0.8015625 0.05 0.078125
0 0.3390625 0.79921875 0.0578125 0.0828125
0 0.271875 0.7984375 0.05625 0.0859375
0 0.50859375 0.8046875 0.0328125 0.06953125
0 0.83125 0.7421875 0.0359375 0.0515625
0 0.47109375 0.80546875 0.03359375 0.0671875
0 0.39453125 0.80390625 0.03359375 0.07734375
0 0.8328125 0.80859375 0.03046875 0.065625
0 0.79609375 0.8109375 0.028125 0.06953125
0 0.75703125 0.8109375 0.03671875 0.07109375
0 0.71796875 0.809375 0.0296875 0.06796875
0 0.67734375 0.80859375 0.028125 0.07265625
0 0.64140625 0.80390625 0.034375 0.0734375
0 0.603125 0.80546875 0.02890625 0.0765625
0 0.5671875 0.80546875 0.034375 0.078125
0 0.534375 0.428125 0.0234375 0.05078125
0 0.94453125 0.734375 0.06953125 0.03203125
0 0.94453125 0.703125 0.0734375 0.02421875
0 0.92734375 0.82734375 0.06953125 0.03125
0 0.928125 0.7984375 0.0671875 0.0265625
0 0.43046875 0.80390625 0.03046875 0.0734375
0 0.08359375 0.809375 0.04765625 0.05625
0 0.9375 0.76640625 0.0640625 0.02734375
0 0.86015625 0.3390625 0.0328125 0.06015625
0 0.82265625 0.33515625 0.03671875 0.06875
0 0.41171875 0.4375 0.04609375 0.03203125
0 0.36640625 0.42265625 0.03359375 0.0546875
0 0.32265625 0.42265625 0.034375 0.05859375
0 0.2828125 0.4203125 0.03046875 0.05703125
0 0.72578125 0.34140625 0.04453125 0.06015625
0 0.77890625 0.34140625 0.03828125 0.06015625
0 0.8125 0.240625 0.03828125 0.05859375
0 0.8609375 0.2421875 0.04375 0.05703125
0 0.909375 0.24453125 0.04375 0.05625
0 0.95625 0.4453125 0.04921875 0.03046875
0 0.9734375 0.35546875 0.053125 0.040625
0 0.23828125 0.4234375 0.0421875 0.0515625
0 0.18984375 0.421875 0.03203125 0.05390625
0 0.13984375 0.415625 0.0515625 0.0609375
0 0.5015625 0.42421875 0.0328125 0.053125
0 0.05625 0.38203125 0.06875 0.0625
0 0.065625 0.31171875 0.06171875 0.03828125
0 0.53828125 0.33828125 0.03515625 0.05546875
0 0.49921875 0.3375 0.040625 0.0578125
0 0.45703125 0.34453125 0.03046875 0.0484375
0 0.4203125 0.3421875 0.0328125 0.04921875
0 0.38046875 0.3359375 0.0375 0.05703125
0 0.584375 0.3359375 0.04375 0.06640625
0 0.62890625 0.33984375 0.0359375 0.05859375
0 0.28359375 0.334375 0.04375 0.06015625
0 0.2390625 0.3328125 0.0390625 0.059375
0 0.19140625 0.32578125 0.040625 0.0734375
0 0.14375 0.325 0.04453125 0.075
0 0.3328125 0.3328125 0.05 0.0640625