0 0.690625 0.83203125 0.02890625 0.03046875
0 0.6609375 0.83125 0.0203125 0.034375
0 0.52421875 0.76796875 0.03125 0.0609375
0 0.03515625 0.37890625 0.06640625 0.0125
0 0.59765625 0.83125 0.02578125 0.02890625
0 0.565625 0.83125 0.025 0.03203125
0 0.5703125 0.790625 0.03359375 0.04140625
0 0.60078125 0.79140625 0.02109375 0.0453125
0 0.48984375 0.7671875 0.0359375 0.0640625
0 0.63046875 0.83125 0.0296875 0.0296875
0 0.45546875 0.765625 0.025 0.0609375
0 0.60546875 0.13203125 0.03203125 0.05625
0 0.38828125 0.76484375 0.03203125 0.059375
0 0.6984375 0.12734375 0.03828125 0.1078125
0 0.65 0.14140625 0.028125 0.059375
0 0.63125 0.7890625 0.03046875 0.04375
0 0.0453125 0.63828125 0.05625 0.02734375
0 0.12265625 0.64609375 0.0703125 0.0546875
0 0.1953125 0.63984375 0.06328125 0.05234375
0 0.07578125 0.77578125 0.0328125 0.01015625
0 0.0796875 0.7640625 0.04765625 0.0109375
0 0.08046875 0.75234375 0.05625 0.00859375
0 0.08828125 0.74140625 0.0703125 0.01015625
0 0.0953125 0.7296875 0.0875 0.0109375
0 0.1 0.7171875 0.09765625 0.0140625
0 0.09765625 0.7015625 0.1046875 0.01484375
0 0.05859375 0.82890625 0.065625 0.02734375
0 0.371875 0.71484375 0.03046875 0.03828125
0 0.40546875 0.7140625 0.03125 0.034375
0 0.440625 0.71484375 0.03046875 0.03671875
0 0.471875 0.71328125 0.03046875 0.03515625
0 0.50546875 0.71171875 0.03203125 0.034375
0 0.42421875 0.76796875 0.0328125 0.059375
0 0.66484375 0.79296875 0.028125 0.0390625
0 0.77265625 0.80859375 0.02578125 0.04453125
0 0.7015625 0.7109375 0.025 0.03046875
0 0.2359375 0.278125 0.0375 0.0859375
0 0.05 0.0953125 0.0359375 0.128125
0 0.0921875 0.12734375 0.04140625 0.0765625
0 0.1484375 0.1 0.0546875 0.1265625
0 0.21015625 0.1015625 0.046875 0.13125
0 0.259375 0.13203125 0.0328125 0.071875
0 0.97421875 0.79609375 0.02578125 0.06328125
0 0.3109375 0.13359375 0.03671875 0.07578125
0 0.47421875 0.03828125 0.04609375 0.01328125
0 0.4140625 0.1046875 0.04453125 0.128125
0 0.465625 0.10859375 0.0484375 0.12578125
0 0.51484375 0.0890625 0.03828125 0.02578125
0 0.51171875 0.11796875 0.0390625 0.02890625
0 0.509375 0.1546875 0.0375 0.040625
0 0.36328125 0.10546875 0.0453125 0.12890625
0 0.69765625 0.78984375 0.02734375 0.04296875
0 0.94140625 0.80390625 0.034375 0.05390625
0 0.878125 0.803125 0.03515625 0.05234375
0 0.7296875 0.71015625 0.02734375 0.0296875
0 0.7578125 0.7140625 0.025 0.0296875
0 0.78359375 0.709375 0.02265625 0.03046875
0 0.8140625 0.71015625 0.02578125 0.02734375
0 0.73046875 0.74765625 0.025 0.04375
0 0.559375 0.14921875 0.02265625 0.0390625
0 0.91015625 0.80078125 0.02734375 0.06015625
0 0.76015625 0.75 0.0234375 0.0421875
0 0.81953125 0.7484375 0.0296875 0.04375
0 0.71953125 0.809375 0.01328125 0.04140625
0 0.74375 0.80703125 0.02578125 0.04140625
0 0.74921875 0.14609375 0.0640625 0.06171875
0 0.8015625 0.8078125 0.02734375 0.04921875
0 0.8328125 0.81015625 0.02890625 0.046875
0 0.78671875 0.74921875 0.02890625 0.0453125
0 0.83984375 0.090625 0.0578125 0.15703125
0 0.28984375 0.61171875 0.02578125 0.01484375
0 0.02109375 0.6078125 0.0265625 0.02421875
0 0.91171875 0.41875 0.0390625 0.05390625
0 0.95078125 0.41640625 0.03359375 0.04921875
0 0.9859375 0.41875 0.025 0.05078125
0 0.771875 0.46171875 0.08515625 0.009375
0 0.78125 0.47421875 0.07890625 0.0140625
0 0.18671875 0.46640625 0.04375 0.03125
0 0.03359375 0.48828125 0.02890625 0.0421875
0 0.0765625 0.50703125 0.05703125 0.028125
0 0.04296875 0.55234375 0.06015625 0.0421875
0 0.10859375 0.5453125 0.059375 0.04296875
0 0.18046875 0.51796875 0.046875 0.0140625
0 0.1796875 0.53515625 0.05234375 0.01484375
0 0.17734375 0.54921875 0.04765625 0.01484375
0 0.24453125 0.53125 0.07734375 0.02421875
0 0.23828125 0.55234375 0.0640625 0.0140625
0 0.23671875 0.5671875 0.0609375 0.0140625
0 0.3296875 0.50234375 0.05546875 0.02578125
0 0.32265625 0.5328125 0.06171875 0.0296875
0 0.3890625 0.503125 0.05234375 0.02265625
0 0.38984375 0.52109375 0.04375 0.01015625
0 0.43046875 0.503125 0.02109375 0.02265625
0 0.428125 0.5203125 0.015625 0.009375
0 0.43046875 0.53359375 0.01640625 0.0125
0 0.77578125 0.43203125 0.071875 0.01328125
0 0.76953125 0.415625 0.07109375 0.0125
0 0.76796875 0.40234375 0.07265625 0.0125
0 0.70546875 0.390625 0.0328125 0.08671875
0 0.0421875 0.41015625 0.046875 0.0453125
0 0.09140625 0.40078125 0.04609375 0.05859375
0 0.14453125 0.4015625 0.0546875 0.065625
0 0.221875 0.409375 0.05625 0.05078125
0 0.27265625 0.40859375 0.0375 0.05234375
0 0.3140625 0.4078125 0.04375 0.05234375
0 0.35859375 0.39453125 0.03828125 0.07890625
0 0.403125 0.39296875 0.046875 0.078125
0 0.44296875 0.39921875 0.021875 0.0546875
0 0.471875 0.403125 0.02734375 0.05078125
0 0.50546875 0.40234375 0.0328125 0.0703125
0 0.52421875 0.48828125 0.02578125 0.02734375
0 0.5421875 0.39765625 0.034375 0.0703125
0 0.09609375 0.29375 0.06171875 0.03828125
0 0.10859375 0.25234375 0.05703125 0.03671875
0 0.03125 0.2484375 0.0625 0.04375
0 0.16171875 0.2734375 0.0390625 0.07265625
0 0.19609375 0.27734375 0.02421875 0.0703125
0 0.31953125 0.28046875 0.03203125 0.07109375
0 0.2890625 0.28046875 0.025 0.06953125
0 0.396875 0.29296875 0.02734375 0.04453125
0 0.3546875 0.29375 0.03515625 0.040625
0 0.75546875 0.384375 0.06171875 0.0203125
0 0.659375 0.3875 0.03984375 0.084375
0 0.6046875 0.384375 0.0359375 0.078125
0 0.51484375 0.56171875 0.04921875 0.0125
0 0.52578125 0.546875 0.03828125 0.0125
0 0.52734375 0.5296875 0.03515625 0.0171875
0 0.39140625 0.65078125 0.06015625 0.0328125
0 0.31875 0.6546875 0.07421875 0.0375
0 0.25703125 0.609375 0.02421875 0.01640625
0 0.29140625 0.62890625 0.02890625 0.01484375
0 0.26015625 0.62734375 0.02421875 0.01796875
0 0.43359375 0.29296875 0.0390625 0.0484375
0 0.56484375 0.28125 0.03671875 0.07578125
0 0.51953125 0.28125 0.034375 0.07421875
0 0.478125 0.24609375 0.03828125 0.0453125
0 0.62890625 0.30859375 0.08125 0.01875
0 0.62578125 0.2921875 0.07890625 0.01328125
0 0.4 0.61875 0.06171875 0.03046875
0 0.70703125 0.28359375 0.0765625 0.0109375
0 0.7125 0.3109375 0.053125 0.015625
0 0.8140625 0.30078125 0.03359375 0.04765625
0 0.94140625 0.2921875 0.0453125 0.0625
0 0.90390625 0.29140625 0.02578125 0.065625
0 0.87578125 0.30078125 0.02578125 0.0453125
0 0.84453125 0.3015625 0.0234375 0.0484375
0 0.98515625 0.13671875 0.02890625 0.096875
0 0.946875 0.14296875 0.01640625 0.08203125
0 0.92421875 0.140625 0.02265625 0.0875
0 0.03046875 0.2921875 0.0578125 0.0421875
0 0.05 0.60390625 0.02421875 0.02421875
0 0.709375 0.29609375 0.071875 0.01171875
0 0.04375 0.6625 0.05546875 0.01875
0 0.53125 0.65078125 0.065625 0.040625
0 0.4625 0.6109375 0.04921875 0.01953125
0 0.4734375 0.509375 0.0578125 0.0859375
0 0.44609375 0.5625 0.0578125 0.01953125
0 0.47578125 0.29453125 0.03828125 0.0515625
0 0.60390625 0.54765625 0.03203125 0.059375
0 0.64453125 0.553125 0.0359375 0.0484375
0 0.68046875 0.521875 0.03359375 0.0671875
0 0.740625 0.515625 0.02578125 0.03125
0 0.7265625 0.5546875 0.0296875 0.03984375
0 0.79296875 0.5171875 0.0765625 0.0703125
0 0.88203125 0.50546875 0.0984375 0.06171875
0 0.90625 0.559375 0.1078125 0.04375
0 0.4625 0.63203125 0.0546875 0.01640625
0 0.96171875 0.48828125 0.03359375 0.04140625
0 0.8328125 0.646875 0.034375 0.07578125
0 0.878125 0.65 0.03984375 0.06953125
0 0.91640625 0.65 0.02890625 0.0625
0 0.94609375 0.6390625 0.02421875 0.06484375
0 0.98203125 0.640625 0.0359375 0.06875
0 0.6984375 0.6078125 0.05078125 0.01875
0 0.64453125 0.61015625 0.05078125 0.028125
0 0.5890625 0.609375 0.05625 0.01953125
0 0.58984375 0.63125 0.0484375 0.01796875
0 0.6609375 0.65703125 0.071875 0.0359375
0 0.521875 0.61015625 0.04921875 0.0265625
0 0.98359375 0.55703125 0.03203125 0.05390625
0 0.56953125 0.54921875 0.0328125 0.059375