0 0.71484375 0.65 0.03125 0.0453125
0 0.74765625 0.640625 0.01875 0.04765625
0 0.78359375 0.646875 0.03984375 0.0515625
0 0.834375 0.6984375 0.0359375 0.078125
0 0.94453125 0.68515625 0.0140625 0.065625
0 0.9140625 0.68359375 0.040625 0.0234375
0 0.9140625 0.70625 0.0453125 0.01953125
0 0.9125 0.7296875 0.03828125 0.02109375
0 0.959375 0.6875 0.01484375 0.06328125
0 0.6828125 0.6484375 0.028125 0.05
0 0.871875 0.7 0.03359375 0.07734375
0 0.64140625 0.64140625 0.05 0.0609375
0 0.86953125 0.58671875 0.06015625 0.05625
0 0.52890625 0.64140625 0.04921875 0.0625
0 0.47734375 0.64140625 0.05078125 0.0625
0 0.428125 0.64140625 0.046875 0.06171875
0 0.378125 0.6375 0.046875 0.0609375
0 0.3265625 0.6390625 0.05546875 0.06328125
0 0.2609375 0.6375 0.071875 0.06015625
0 0.98359375 0.578125 0.03203125 0.071875
0 0.92734375 0.58125 0.04921875 0.0609375
0 0.86015625 0.5296875 0.04375 0.04609375
0 0.9796875 0.68671875 0.0203125 0.06796875
0 0.80546875 0.56015625 0.0578125 0.071875
0 0.75234375 0.55546875 0.0375 0.07734375
0 0.5859375 0.64296875 0.0546875 0.06171875
0 0.18203125 0.72890625 0.03515625 0.0484375
0 0.43984375 0.72578125 0.01953125 0.04921875
0 0.25703125 0.72265625 0.02109375 0.0390625
0 0.2453125 0.82734375 0.03203125 0.08203125
0 0.215625 0.8296875 0.028125 0.08828125
0 0.18203125 0.82890625 0.02734375 0.0890625
0 0.79765625 0.73046875 0.01484375 0.03828125
0 0.7765625 0.7296875 0.02109375 0.03671875
0 0.75234375 0.73203125 0.0203125 0.0390625
0 0.73125 0.73125 0.0171875 0.034375
0 0.70703125 0.72578125 0.01640625 0.0328125
0 0.68671875 0.73203125 0.01953125 0.0390625
0 0.64609375 0.728125 0.04609375 0.046875
0 0.59609375 0.71796875 0.05234375 0.05625
0 0.5546875 0.734375 0.01875 0.0359375
0 0.22421875 0.72890625 0.04140625 0.04140625
0 0.53203125 0.73359375 0.01640625 0.03828125
0 0.4890625 0.73359375 0.021875 0.0390625
0 0.465625 0.734375 0.021875 0.04140625
0 0.70625 0.55625 0.040625 0.07265625
0 0.4171875 0.73046875 0.02109375 0.03984375
0 0.39609375 0.73046875 0.0171875 0.03828125
0 0.3734375 0.725 0.0203125 0.046875
0 0.3546875 0.72734375 0.021875 0.0390625
0 0.321875 0.70390625 0.0203125 0.0140625
0 0.3 0.703125 0.01953125 0.01640625
0 0.328125 0.73359375 0.0234375 0.0421875
0 0.30546875 0.734375 0.01796875 0.03984375
0 0.2796875 0.72890625 0.02265625 0.0359375
0 0.51015625 0.7328125 0.0203125 0.0375
0 0.66171875 0.553125 0.0375 0.07578125
0 0.871875 0.43828125 0.05625 0.078125
0 0.57265625 0.55546875 0.04140625 0.07109375
0 0.51484375 0.34765625 0.03359375 0.065625
0 0.475 0.346875 0.04140625 0.0640625
0 0.434375 0.34609375 0.03359375 0.065625
0 0.39453125 0.346875 0.03671875 0.06640625
0 0.35390625 0.34765625 0.03671875 0.065625
0 0.2859375 0.33359375 0.0875 0.0890625
0 0.19296875 0.33359375 0.09140625 0.0921875
0 0.98671875 0.2375 0.02578125 0.07265625
0 0.94375 0.23515625 0.0390625 0.075
0 0.84296875 0.2015625 0.03984375 0.01953125
0 0.85859375 0.2421875 0.04609375 0.059375
0 0.7578125 0.24921875 0.04296875 0.04765625
0 0.5546875 0.35 0.03671875 0.0640625
0 0.7140625 0.24765625 0.0421875 0.05078125
0 0.6234375 0.23515625 0.03046875 0.0625
0 0.5859375 0.23203125 0.0375 0.071875
0 0.5453125 0.23203125 0.0390625 0.07421875
0 0.503125 0.23203125 0.040625 0.075
0 0.46015625 0.23046875 0.04609375 0.07109375
0 0.41796875 0.23046875 0.03984375 0.071875
0 0.3796875 0.23046875 0.03671875 0.07109375
0 0.33828125 0.2296875 0.03984375 0.06875
0 0.2953125 0.22890625 0.0359375 0.07109375
0 0.25390625 0.23046875 0.03984375 0.071875
0 0.20390625 0.21875 0.053125 0.0953125
0 0.15234375 0.22109375 0.0453125 0.0921875
0 0.66171875 0.23515625 0.04140625 0.06484375
0 0.59375 0.3484375 0.03671875 0.0640625
0 0.63671875 0.34765625 0.03671875 0.07109375
0 0.70234375 0.34609375 0.0796875 0.071875
0 0.525 0.55703125 0.04140625 0.06875
0 0.48046875 0.55546875 0.04375 0.0671875
0 0.43125 0.559375 0.0390625 0.0609375
0 0.3859375 0.5578125 0.0453125 0.06015625
0 0.3203125 0.54921875 0.0640625 0.078125
0 0.25859375 0.55703125 0.05 0.05859375
0 0.19140625 0.55390625 0.07109375 0.06953125
0 0.940625 0.434375 0.071875 0.07890625
0 0.27578125 0.83125 0.0234375 0.08515625
0 0.7703125 0.4625 0.04765625 0.07109375
0 0.725 0.4609375 0.03359375 0.07109375
0 0.67578125 0.459375 0.04375 0.07109375
0 0.58671875 0.45625 0.0484375 0.07265625
0 0.540625 0.45625 0.03828125 0.075
0 0.4953125 0.453125 0.03828125 0.06875
0 0.453125 0.45546875 0.04453125 0.0703125
0 0.40625 0.45546875 0.04609375 0.06328125
0 0.36015625 0.4546875 0.04375 0.0625
0 0.315625 0.453125 0.0421875 0.06171875
0 0.2703125 0.45078125 0.0390625 0.0640625
0 0.225 0.4484375 0.05234375 0.0625
0 0.1671875 0.4484375 0.0578125 0.0625
0 0.97421875 0.33515625 0.034375 0.0640625
0 0.9421875 0.33671875 0.028125 0.06328125
0 0.9078125 0.33984375 0.03515625 0.05703125
0 0.82734375 0.34765625 0.0578125 0.07265625
0 0.76875 0.34609375 0.05234375 0.075
0 0.61640625 0.5546875 0.03828125 0.07109375
0 0.303125 0.8328125 0.02734375 0.08046875
0 0.625 0.83046875 0.03828125 0.0921875
0 0.3609375 0.82421875 0.021875 0.10390625
0 0.33359375 0.8296875 0.02734375 0.08125
0 0.09453125 0.81484375 0.14921875 0.0296875
0 0.08671875 0.7796875 0.153125 0.03671875
0 0.08515625 0.72734375 0.13984375 0.03984375
0 0.97890625 0.8265625 0.0421875 0.11875
0 0.92265625 0.82421875 0.04921875 0.1125
0 0.86484375 0.815625 0.0328125 0.1078125
0 0.8265625 0.82109375 0.046875 0.11796875
0 0.7703125 0.828125 0.03359375 0.11015625
0 0.0921875 0.85390625 0.1546875 0.03515625
0 0.678125 0.82890625 0.040625 0.0953125
0 0.7234375 0.8359375 0.04375 0.090625
0 0.3921875 0.8265625 0.021875 0.1109375
0 0.45546875 0.82421875 0.03671875 0.07109375
0 0.421875 0.8390625 0.025 0.0734375
0 0.521875 0.83203125 0.02265625 0.0921875
0 0.55 0.83046875 0.03046875 0.0921875
0 0.590625 0.8296875 0.03046875 0.09453125
0 0.49375 0.8359375 0.02578125 0.090625