0 0.60234375 0.5359375 0.0078125 0.01171875
0 0.50078125 0.66640625 0.0125 0.07109375
0 0.45546875 0.746875 0.0125 0.0703125
0 0.47265625 0.73828125 0.0171875 0.06484375
0 0.48515625 0.73828125 0.009375 0.06171875
0 0.49765625 0.7390625 0.0171875 0.06328125
0 0.5125 0.7375 0.0109375 0.065625
0 0.525 0.73671875 0.015625 0.065625
0 0.54375 0.721875 0.01171875 0.05859375
0 0.5546875 0.7171875 0.0109375 0.05078125
0 0.56796875 0.71875 0.01484375 0.059375
0 0.58203125 0.71875 0.01328125 0.05859375
0 0.59375 0.71640625 0.00859375 0.06328125
0 0.6015625 0.72109375 0.00859375 0.07265625
0 0.4390625 0.7484375 0.0140625 0.071875
0 0.6171875 0.7140625 0.0125 0.0578125
0 0.63984375 0.71171875 0.00625 0.0609375
0 0.6515625 0.70859375 0.0109375 0.0515625
0 0.66171875 0.7078125 0.01328125 0.053125
0 0.67421875 0.70390625 0.0078125 0.05
0 0.684375 0.696875 0.009375 0.05
0 0.69609375 0.7015625 0.009375 0.05546875
0 0.70703125 0.7 0.0109375 0.05546875
0 0.7171875 0.69921875 0.00859375 0.04765625
0 0.725 0.7 0.00859375 0.0484375
0 0.73671875 0.696875 0.009375 0.05625
0 0.75 0.68203125 0.0109375 0.04453125
0 0.759375 0.68125 0.0078125 0.03671875
0 0.63125 0.71484375 0.0109375 0.0515625
0 0.42265625 0.74921875 0.0171875 0.0703125
0 0.4078125 0.7484375 0.01328125 0.0640625
0 0.39140625 0.75078125 0.015625 0.06171875
0 0.31953125 0.775 0.015625 0.06953125
0 0.3359375 0.77265625 0.015625 0.0671875
0 0.35703125 0.7609375 0.01796875 0.0734375
0 0.77578125 0.56640625 0.01171875 0.05859375
0 0.7859375 0.5625 0.01171875 0.05859375
0 0.79609375 0.5578125 0.01171875 0.05859375
0 0.80703125 0.55859375 0.01171875 0.05859375
0 0.8171875 0.5625 0.01171875 0.05859375
0 0.8265625 0.56484375 0.0109375 0.05859375
0 0.8375 0.5546875 0.0078125 0.0515625
0 0.84609375 0.55703125 0.0078125 0.0515625
0 0.853125 0.55234375 0.00859375 0.0515625
0 0.71171875 0.5140625 0.01328125 0.015625
0 0.72265625 0.51171875 0.01015625 0.01171875
0 0.73203125 0.51328125 0.01328125 0.015625
0 0.746875 0.50703125 0.01328125 0.015625
0 0.76015625 0.5109375 0.01015625 0.0140625
0 0.77109375 0.51171875 0.01328125 0.015625
0 0.784375 0.5109375 0.01328125 0.015625
0 0.79765625 0.51015625 0.01328125 0.01484375
0 0.54375 0.525 0.0078125 0.0125
0 0.55703125 0.52109375 0.01171875 0.0125
0 0.5703125 0.521875 0.0125 0.01015625
0 0.58046875 0.52109375 0.00703125 0.01171875
0 0.59296875 0.5234375 0.01171875 0.0109375
0 0.6046875 0.5140625 0.00859375 0.01015625
0 0.37421875 0.75859375 0.015625 0.06328125
0 0.7671875 0.6796875 0.00703125 0.03984375
0 0.3015625 0.77890625 0.01875 0.078125
0 0.77734375 0.6796875 0.01015625 0.04296875
0 0.796875 0.68046875 0.0109375 0.04609375
0 0.54453125 0.65 0.0125 0.07109375
0 0.55703125 0.65 0.0109375 0.071875
0 0.5703125 0.65 0.01328125 0.07109375
0 0.58203125 0.646875 0.009375 0.07265625
0 0.59375 0.64765625 0.01171875 0.07109375
0 0.6046875 0.64765625 0.01171875 0.07109375
0 0.6203125 0.6453125 0.01171875 0.07109375
0 0.63125 0.64453125 0.01171875 0.071875
0 0.6875 0.63203125 0.01171875 0.07109375
0 0.7 0.63515625 0.01171875 0.071875
0 0.71171875 0.6375 0.01171875 0.07109375
0 0.72265625 0.6375 0.01171875 0.071875
0 0.528125 0.665625 0.0125 0.07109375
0 0.7359375 0.63203125 0.01171875 0.07109375
0 0.7625 0.63046875 0.0125 0.0609375
0 0.77265625 0.625 0.009375 0.059375
0 0.7828125 0.62578125 0.009375 0.06015625
0 0.7921875 0.62578125 0.009375 0.059375
0 0.8015625 0.6265625 0.009375 0.06015625
0 0.8109375 0.62421875 0.009375 0.06015625
0 0.81953125 0.62265625 0.009375 0.059375
0 0.8296875 0.62265625 0.009375 0.059375
0 0.83984375 0.61875 0.009375 0.06015625
0 0.84921875 0.61875 0.009375 0.059375
0 0.853125 0.675 0.01015625 0.0546875
0 0.84296875 0.6765625 0.00859375 0.053125
0 0.75078125 0.62890625 0.0125 0.0609375
0 0.51484375 0.66640625 0.01328125 0.07109375
0 0.8171875 0.6765625 0.00859375 0.04609375
0 0.4875 0.66796875 0.0125 0.0703125
0 0.80859375 0.67890625 0.00859375 0.04140625
0 0.5828125 0.53984375 0.01015625 0.009375
0 0.5953125 0.53671875 0.00859375 0.009375
0 0.57109375 0.540625 0.00703125 0.00859375
0 0.71171875 0.53046875 0.00859375 0.0109375
0 0.721875 0.53125 0.00703125 0.0109375
0 0.73125 0.53046875 0.00703125 0.0125
0 0.74609375 0.528125 0.00703125 0.01015625
0 0.75703125 0.528125 0.00703125 0.0109375
0 0.765625 0.5265625 0.00859375 0.0109375
0 0.77578125 0.52890625 0.00703125 0.0125
0 0.784375 0.52734375 0.00703125 0.0125
0 0.25 0.690625 0.0140625 0.075
0 0.26875 0.6953125 0.01953125 0.08671875
0 0.49765625 0.584375 0.00859375 0.0875
0 0.28671875 0.69375 0.01484375 0.08984375
0 0.30390625 0.69375 0.01328125 0.08671875
0 0.31953125 0.69296875 0.01328125 0.08671875
0 0.3375 0.69140625 0.0140625 0.08671875
0 0.3609375 0.68125 0.01328125 0.07734375
0 0.3765625 0.68046875 0.01328125 0.07734375
0 0.39375 0.67734375 0.01328125 0.07734375
0 0.409375 0.67578125 0.01328125 0.07734375
0 0.4234375 0.67421875 0.01328125 0.07734375
0 0.4375 0.67421875 0.01328125 0.07734375
0 0.4578125 0.66875 0.0125 0.07109375
0 0.47265625 0.66796875 0.0125 0.0703125
0 0.7875 0.678125 0.00859375 0.0453125
0 0.834375 0.67265625 0.0109375 0.0421875
0 0.28359375 0.77890625 0.0140625 0.071875
0 0.25078125 0.784375 0.0140625 0.07578125
0 0.6046875 0.575 0.01171875 0.06015625
0 0.61796875 0.5703125 0.015625 0.06953125
0 0.634375 0.56953125 0.0171875 0.06796875
0 0.64765625 0.57265625 0.009375 0.06328125
0 0.65546875 0.56875 0.00703125 0.05703125
0 0.66484375 0.56640625 0.01015625 0.06484375
0 0.67734375 0.56640625 0.01484375 0.06171875
0 0.6890625 0.56640625 0.00859375 0.0578125
0 0.69921875 0.56640625 0.01171875 0.05859375
0 0.71015625 0.56484375 0.0109375 0.053125
0 0.72109375 0.56640625 0.0109375 0.0546875
0 0.73125 0.56484375 0.009375 0.0546875
0 0.7421875 0.56171875 0.01171875 0.05859375
0 0.75390625 0.5640625 0.01171875 0.05859375
0 0.76484375 0.565625 0.01171875 0.05859375
0 0.84765625 0.43125 0.034375 0.15078125
0 0.8828125 0.4140625 0.01171875 0.06953125
0 0.26953125 0.778125 0.01328125 0.07578125
0 0.91328125 0.421875 0.0234375 0.1
0 0.97421875 0.44375 0.02578125 0.08515625
0 0.984375 0.54609375 0.0203125 0.05625
0 0.959375 0.54921875 0.02109375 0.06171875
0 0.92734375 0.565625 0.01875 0.059375
0 0.59296875 0.5765625 0.01015625 0.0640625
0 0.91015625 0.559375 0.0171875 0.07734375
0 0.58125 0.57734375 0.0140625 0.0625
0 0.5578125 0.5765625 0.01484375 0.06484375
0 0.18125 0.54765625 0.0546875 0.084375
0 0.06953125 0.625 0.04140625 0.0796875
0 0.1109375 0.63046875 0.04296875 0.090625
0 0.1578125 0.63828125 0.05 0.07421875
0 0.21015625 0.628125 0.05234375 0.05390625
0 0.2 0.76171875 0.05234375 0.08203125
0 0.24765625 0.60390625 0.01953125 0.09453125
0 0.26875 0.60390625 0.021875 0.09375
0 0.2890625 0.60234375 0.01796875 0.09296875
0 0.30625 0.6015625 0.0125 0.090625
0 0.3234375 0.603125 0.01796875 0.0921875
0 0.340625 0.60078125 0.01328125 0.08828125
0 0.3609375 0.59765625 0.01875 0.08984375
0 0.378125 0.59765625 0.01484375 0.0875
0 0.39453125 0.59375 0.01328125 0.08671875
0 0.409375 0.59296875 0.01640625 0.084375
0 0.42421875 0.5921875 0.0140625 0.0828125
0 0.43828125 0.5921875 0.015625 0.08203125
0 0.45546875 0.59296875 0.0140625 0.08125
0 0.471875 0.59140625 0.015625 0.078125
0 0.48828125 0.5875 0.0109375 0.07890625
0 0.51015625 0.58203125 0.0125 0.0734375
0 0.5421875 0.57578125 0.015625 0.06484375
0 0.56953125 0.578125 0.00859375 0.0625
0 0.90703125 0.7421875 0.0140625 0.04140625
0 0.94609375 0.41953125 0.0234375 0.0734375
0 0.953125 0.74140625 0.0125 0.059375
0 0.7375 0.75234375 0.0078125 0.0546875
0 0.72578125 0.75390625 0.015625 0.05
0 0.7140625 0.75234375 0.00859375 0.04765625
0 0.7046875 0.75546875 0.0109375 0.0484375
0 0.6953125 0.76015625 0.00625 0.05703125
0 0.68515625 0.76171875 0.0125 0.0578125
0 0.6734375 0.76640625 0.01171875 0.06171875
0 0.66171875 0.76875 0.01171875 0.0578125
0 0.6515625 0.76953125 0.01015625 0.059375
0 0.6421875 0.771875 0.0109375 0.05546875
0 0.63046875 0.77109375 0.0125 0.0546875
0 0.61796875 0.775 0.01171875 0.05546875
0 0.6 0.7875 0.01328125 0.0515625
0 0.590625 0.78046875 0.00859375 0.05859375
0 0.74921875 0.74296875 0.009375 0.0515625
0 0.578125 0.78515625 0.0140625 0.0546875
0 0.553125 0.784375 0.0109375 0.05625
0 0.54140625 0.79140625 0.01171875 0.05625
0 0.52578125 0.8015625 0.01328125 0.0578125
0 0.51015625 0.80078125 0.009375 0.0484375
0 0.49765625 0.7984375 0.00859375 0.0453125
0 0.48203125 0.80546875 0.01171875 0.0484375
0 0.4703125 0.80546875 0.01015625 0.046875
0 0.43828125 0.81484375 0.01171875 0.05
0 0.4546875 0.8078125 0.01171875 0.04921875
0 0.3203125 0.84609375 0.0125 0.06796875
0 0.30234375 0.85234375 0.01640625 0.0640625
0 0.2859375 0.85546875 0.01796875 0.06796875
0 0.26796875 0.8578125 0.01875 0.06484375
0 0.2484375 0.8625 0.01796875 0.075
0 0.56484375 0.784375 0.0109375 0.05078125
0 0.93359375 0.73203125 0.009375 0.06875
0 0.76875 0.7390625 0.01328125 0.05078125
0 0.7796875 0.73828125 0.0078125 0.04921875
0 0.940625 0.63515625 0.01328125 0.06640625
0 0.953125 0.6515625 0.01171875 0.05234375
0 0.9875 0.68984375 0.02109375 0.115625
0 0.90390625 0.71171875 0.02890625 0.0109375
0 0.90703125 0.69453125 0.0234375 0.0125
0 0.90625 0.68046875 0.03046875 0.009375
0 0.90625 0.6640625 0.03359375 0.0109375
0 0.90546875 0.6421875 0.03359375 0.0328125
0 0.7578125 0.74140625 0.0078125 0.053125
0 0.825 0.6765625 0.00703125 0.04375
0 0.79609375 0.73828125 0.0078125 0.0546875
0 0.78828125 0.73828125 0.00703125 0.0546875
0 0.80625 0.73359375 0.0109375 0.0515625
0 0.81640625 0.73203125 0.00859375 0.0484375
0 0.82578125 0.73046875 0.0078125 0.0484375
0 0.834375 0.728125 0.00703125 0.04765625
0 0.84140625 0.728125 0.00703125 0.05078125
0 0.84921875 0.72734375 0.00859375 0.04140625