0 0.3125 0.53125 0.03203125 0.0375
0 0.34609375 0.5421875 0.03515625 0.04765625
0 0.34296875 0.24921875 0.03203125 0.05703125
0 0.68984375 0.60625 0.034375 0.04296875
0 0.734375 0.63125 0.05390625 0.05234375
0 0.84296875 0.8953125 0.0671875 0.1015625
0 0.7546875 0.8703125 0.0765625 0.09375
0 0.69140625 0.84375 0.040625 0.09765625
0 0.6515625 0.82734375 0.034375 0.0890625
0 0.6203125 0.8125 0.02734375 0.0953125
0 0.5765625 0.809375 0.04609375 0.08671875
0 0.52421875 0.78671875 0.03828125 0.08515625
0 0.21640625 0.58671875 0.046875 0.0453125
0 0.19609375 0.2484375 0.025 0.04609375
0 0.25546875 0.2453125 0.03359375 0.05859375
0 0.28984375 0.2453125 0.03046875 0.059375
0 0.31640625 0.24765625 0.0203125 0.059375
0 0.36953125 0.24921875 0.02109375 0.059375
0 0.41171875 0.26171875 0.05859375 0.034375
0 0.4765625 0.26328125 0.06953125 0.0359375
0 0.54375 0.2625 0.0640625 0.040625
0 0.6078125 0.2640625 0.0609375 0.04296875
0 0.61875 0.603125 0.04765625 0.05078125
0 0.22265625 0.2484375 0.02578125 0.0484375
0 0.2640625 0.5984375 0.046875 0.0515625
0 0.31796875 0.6109375 0.05546875 0.05390625
0 0.375 0.628125 0.05390625 0.05625
0 0.91640625 0.58125 0.09609375 0.0953125
0 0.8265625 0.5703125 0.0796875 0.09453125
0 0.83203125 0.7 0.14453125 0.12109375
0 0.9359375 0.921875 0.09453125 0.0859375
0 0.48359375 0.7765625 0.03125 0.084375
0 0.45 0.759375 0.0359375 0.0796875
0 0.4 0.7484375 0.05 0.09296875
0 0.346875 0.7328125 0.05234375 0.09140625
0 0.29609375 0.709375 0.04296875 0.08125
0 0.234375 0.6875 0.04921875 0.0859375
0 0.18671875 0.671875 0.04609375 0.0734375
0 0.725 0.7390625 0.0375 0.021875
0 0.72734375 0.71171875 0.040625 0.03359375
0 0.68125 0.728125 0.04453125 0.0234375
0 0.68359375 0.70234375 0.03984375 0.028125
0 0.6390625 0.7171875 0.03984375 0.021875
0 0.63984375 0.6921875 0.04296875 0.0296875
0 0.59375 0.68984375 0.0375 0.059375
0 0.55546875 0.67421875 0.03671875 0.0671875
0 0.5015625 0.6625 0.0671875 0.0671875
0 0.43515625 0.64375 0.05859375 0.0640625
0 0.56953125 0.59296875 0.04609375 0.04921875
0 0.85 0.44296875 0.11953125 0.0828125
0 0.52109375 0.58828125 0.0421875 0.034375
0 0.42890625 0.5625 0.04375 0.04453125
0 0.75234375 0.3734375 0.05703125 0.028125
0 0.68828125 0.3296875 0.04609375 0.0296875
0 0.74296875 0.3359375 0.05703125 0.02734375
0 0.69140625 0.45703125 0.04296875 0.025
0 0.7484375 0.4640625 0.05390625 0.028125
0 0.77578125 0.43125 0.03125 0.028125
0 0.2171875 0.46171875 0.040625 0.025
0 0.2671875 0.46875 0.05078125 0.03125
0 0.32265625 0.47734375 0.053125 0.03203125
0 0.38046875 0.48359375 0.03203125 0.021875
0 0.41796875 0.49453125 0.04140625 0.0296875
0 0.46171875 0.5015625 0.0421875 0.0328125
0 0.534375 0.515625 0.059375 0.0375
0 0.59765625 0.52734375 0.06640625 0.0421875
0 0.68046875 0.51640625 0.06015625 0.0328125
0 0.74296875 0.5265625 0.06171875 0.03125
0 0.675 0.54609375 0.06015625 0.0265625
0 0.73828125 0.55703125 0.05859375 0.02890625
0 0.20703125 0.5109375 0.028125 0.034375
0 0.2375 0.51875 0.0265625 0.03203125
0 0.27109375 0.5234375 0.040625 0.0359375
0 0.6984375 0.36953125 0.04609375 0.025
0 0.6515625 0.365625 0.04609375 0.0296875
0 0.60390625 0.3609375 0.04140625 0.0265625
0 0.56015625 0.35546875 0.04140625 0.0265625
0 0.38203125 0.56015625 0.03828125 0.0296875
0 0.66796875 0.253125 0.0546875 0.06640625
0 0.7265625 0.2578125 0.03984375 0.0609375
0 0.775 0.24765625 0.05703125 0.08671875
0 0.22734375 0.30625 0.03671875 0.02109375
0 0.240625 0.334375 0.03984375 0.02109375
0 0.28515625 0.33515625 0.04140625 0.0234375
0 0.33046875 0.33828125 0.04609375 0.028125
0 0.42890625 0.3453125 0.03515625 0.02734375
0 0.47578125 0.5734375 0.046875 0.03359375
0 0.47421875 0.3171875 0.034375 0.025
0 0.51171875 0.35625 0.04453125 0.02421875
0 0.20625 0.39296875 0.03359375 0.02578125
0 0.24609375 0.40078125 0.04375 0.028125
0 0.31484375 0.40625 0.03125 0.0265625
0 0.41875 0.4234375 0.04609375 0.0328125
0 0.46875 0.43046875 0.04765625 0.0375
0 0.5421875 0.43515625 0.05390625 0.03359375
0 0.59375 0.42734375 0.04921875 0.025
0 0.64296875 0.43046875 0.04609375 0.028125
0 0.5921875 0.45078125 0.04296875 0.0171875
0 0.46875 0.35078125 0.04140625 0.021875