0 0.87734375 0.79375 0.04140625 0.096875
0 0.35234375 0.82265625 0.04921875 0.08828125
0 0.57109375 0.52109375 0.02578125 0.0796875
0 0.5359375 0.52109375 0.01953125 0.0859375
0 0.51328125 0.52421875 0.01796875 0.0890625
0 0.48515625 0.52265625 0.02265625 0.0875
0 0.4484375 0.52421875 0.02109375 0.08125
0 0.4234375 0.52421875 0.01953125 0.0859375
0 0.39921875 0.52890625 0.015625 0.084375
0 0.60390625 0.52109375 0.015625 0.0765625
0 0.3828125 0.52734375 0.0140625 0.0875
0 0.33359375 0.52734375 0.025 0.09140625
0 0.28046875 0.5296875 0.01953125 0.0875
0 0.25703125 0.53046875 0.01796875 0.0859375
0 0.22109375 0.53125 0.04140625 0.0921875
0 0.17890625 0.528125 0.03828125 0.084375
0 0.125 0.53125 0.01953125 0.084375
0 0.11953125 0.42421875 0.034375 0.0984375
0 0.36171875 0.52734375 0.01796875 0.0875
0 0.1625 0.421875 0.03125 0.09375
0 0.640625 0.5203125 0.04140625 0.0828125
0 0.69609375 0.52265625 0.01328125 0.075
0 0.24765625 0.6421875 0.0125 0.0640625
0 0.2875 0.62578125 0.02109375 0.075
0 0.31640625 0.62421875 0.021875 0.075
0 0.34375 0.6296875 0.0234375 0.08125
0 0.37890625 0.634375 0.02265625 0.08125
0 0.42265625 0.625 0.02265625 0.07421875
0 0.4578125 0.6328125 0.02109375 0.09375
0 0.67890625 0.5234375 0.01640625 0.07734375
0 0.48671875 0.6375 0.02421875 0.0890625
0 0.55 0.63359375 0.021875 0.0875
0 0.5875 0.6359375 0.0234375 0.0890625
0 0.6171875 0.63125 0.01796875 0.084375
0 0.6796875 0.61640625 0.04375 0.06875
0 0.734375 0.61015625 0.0515625 0.0671875
0 0.7484375 0.5234375 0.02421875 0.08125
0 0.7171875 0.5203125 0.015625 0.071875
0 0.52265625 0.6359375 0.01875 0.09453125
0 0.21796875 0.6328125 0.02890625 0.0875
0 0.8203125 0.4015625 0.02890625 0.1171875
0 0.10234375 0.3015625 0.03046875 0.10390625
0 0.69765625 0.421875 0.02734375 0.084375
0 0.66328125 0.4203125 0.025 0.0890625
0 0.6265625 0.41875 0.02578125 0.0890625
0 0.59453125 0.421875 0.02265625 0.084375
0 0.565625 0.41796875 0.02421875 0.090625
0 0.525 0.41953125 0.0265625 0.0875
0 0.49296875 0.421875 0.02109375 0.0875
0 0.7234375 0.41953125 0.01796875 0.0859375
0 0.46328125 0.4203125 0.01640625 0.0890625
0 0.41796875 0.421875 0.02109375 0.090625
0 0.38984375 0.425 0.015625 0.09375
0 0.36875 0.42265625 0.01484375 0.0875
0 0.33984375 0.4234375 0.015625 0.0921875
0 0.3140625 0.4234375 0.028125 0.0890625
0 0.2875 0.42421875 0.0171875 0.09296875
0 0.2578125 0.4234375 0.02421875 0.090625
0 0.44296875 0.41875 0.01796875 0.08671875
0 0.9171875 0.39765625 0.01953125 0.11875
0 0.753125 0.41875 0.02578125 0.08984375
0 0.7203125 0.303125 0.0203125 0.09453125
0 0.14453125 0.3015625 0.03046875 0.1015625
0 0.184375 0.3046875 0.03203125 0.10078125
0 0.221875 0.30625 0.0234375 0.09609375
0 0.2546875 0.3046875 0.02890625 0.0953125
0 0.2984375 0.30390625 0.02265625 0.1046875
0 0.33203125 0.3078125 0.0265625 0.0953125
0 0.3703125 0.2984375 0.02734375 0.1046875
0 0.75078125 0.29921875 0.02265625 0.10625
0 0.4109375 0.30625 0.02109375 0.1
0 0.48046875 0.309375 0.025 0.1015625
0 0.51640625 0.3078125 0.01796875 0.096875
0 0.5515625 0.3046875 0.03046875 0.0953125
0 0.5828125 0.30703125 0.02109375 0.096875
0 0.63046875 0.31015625 0.03671875 0.0984375
0 0.66875 0.309375 0.0234375 0.0984375
0 0.69375 0.3 0.01796875 0.09609375
0 0.44296875 0.30703125 0.01875 0.103125
0 0.19375 0.63515625 0.01328125 0.0640625
0 0.17265625 0.63828125 0.01328125 0.075
0 0.15390625 0.63828125 0.01171875 0.0671875
0 0.85390625 0.415625 0.03359375 0.028125
0 0.9125 0.25390625 0.05234375 0.128125
0 0.96328125 0.3953125 0.06640625 0.1203125
0 0.89140625 0.37421875 0.02890625 0.0390625
0 0.88203125 0.4140625 0.01796875 0.0234375
0 0.975 0.53125 0.04921875 0.11484375
0 0.909375 0.53359375 0.06640625 0.1171875
0 0.8546875 0.36171875 0.03515625 0.03203125
0 0.83984375 0.5328125 0.06015625 0.11875
0 0.89375 0.66328125 0.0609375 0.1078125
0 0.83203125 0.6625 0.05859375 0.11328125
0 0.97890625 0.78671875 0.0421875 0.1015625
0 0.92734375 0.78828125 0.05390625 0.1046875
0 0.82890625 0.79765625 0.05078125 0.090625
0 0.77265625 0.80078125 0.05546875 0.08515625
0 0.71953125 0.8046875 0.04765625 0.084375
0 0.95625 0.66015625 0.05625 0.10625
0 0.665625 0.80625 0.04921875 0.0890625
0 0.8453125 0.32734375 0.04140625 0.0328125
0 0.97109375 0.25546875 0.05703125 0.1328125
0 0.0625 0.140625 0.12421875 0.0234375
0 0.184375 0.14140625 0.10234375 0.01953125
0 0.271875 0.08984375 0.0671875 0.12265625
0 0.35625 0.0984375 0.0765625 0.115625
0 0.43203125 0.0921875 0.06796875 0.1234375
0 0.4921875 0.0984375 0.03671875 0.11171875
0 0.52890625 0.13125 0.0125 0.04375
0 0.85859375 0.26328125 0.0375 0.075
0 0.546875 0.1125 0.01953125 0.07890625
0 0.5890625 0.1140625 0.01484375 0.0765625
0 0.62421875 0.0984375 0.03828125 0.10546875
0 0.68046875 0.0984375 0.06796875 0.1109375
0 0.76953125 0.0984375 0.1 0.1171875
0 0.84921875 0.12734375 0.04765625 0.0953125
0 0.89453125 0.12421875 0.040625 0.1
0 0.9359375 0.1234375 0.03671875 0.096875
0 0.57265625 0.1328125 0.01484375 0.040625
0 0.6109375 0.81015625 0.05078125 0.0859375
0 0.559375 0.81328125 0.04765625 0.0859375
0 0.50859375 0.81484375 0.04765625 0.0875
0 0.17578125 0.7390625 0.02890625 0.06015625
0 0.21171875 0.734375 0.03203125 0.065625
0 0.26953125 0.721875 0.0296875 0.07890625
0 0.31328125 0.72578125 0.03359375 0.078125
0 0.35234375 0.7203125 0.034375 0.084375
0 0.390625 0.7203125 0.0328125 0.08125
0 0.43125 0.71484375 0.0265625 0.08203125
0 0.14140625 0.74140625 0.02890625 0.0609375
0 0.50234375 0.74453125 0.103125 0.01875
0 0.7875 0.7125 0.025 0.05703125
0 0.7609375 0.73359375 0.0234375 0.0203125
0 0.73203125 0.7375 0.0296875 0.0171875
0 0.7328125 0.7171875 0.0296875 0.01640625
0 0.69296875 0.70390625 0.03203125 0.08125
0 0.66328125 0.7046875 0.01328125 0.07265625
0 0.134375 0.6328125 0.01953125 0.07734375
0 0.6046875 0.7375 0.10078125 0.02265625
0 0.10859375 0.740625 0.02890625 0.06015625
0 0.0390625 0.63515625 0.07734375 0.03125
0 0.040625 0.60703125 0.08046875 0.0234375
0 0.45625 0.81953125 0.05234375 0.090625
0 0.40546875 0.82265625 0.04296875 0.08828125
0 0.3109375 0.82578125 0.0203125 0.08125
0 0.284375 0.8296875 0.02421875 0.0796875
0 0.2578125 0.828125 0.021875 0.08046875
0 0.22890625 0.83359375 0.025 0.0828125
0 0.2015625 0.8359375 0.02421875 0.078125
0 0.2265625 0.425 0.0171875 0.0890625
0 0.17421875 0.8375 0.02265625 0.0765625
0 0.11796875 0.83828125 0.025 0.075
0 0.05 0.84921875 0.1 0.0140625
0 0.05 0.871875 0.1 0.021875
0 0.046875 0.79375 0.09375 0.0234375
0 0.0453125 0.76015625 0.090625 0.0171875
0 0.03984375 0.690625 0.0796875 0.021875
0 0.04140625 0.71640625 0.0828125 0.02265625
0 0.1484375 0.8375 0.0203125 0.08046875
0 0.19765625 0.421875 0.01875 0.09453125