0 0.68203125 0.43046875 0.0125 0.06015625
0 0.40625 0.49453125 0.04921875 0.096875
0 0.49609375 0.47265625 0.03828125 0.0703125
0 0.53359375 0.46796875 0.0296875 0.0765625
0 0.559375 0.459375 0.02109375 0.065625
0 0.5796875 0.45234375 0.0171875 0.0671875
0 0.6 0.44765625 0.01640625 0.06015625
0 0.61953125 0.44765625 0.0203125 0.06171875
0 0.63671875 0.4421875 0.01171875 0.0578125
0 0.653125 0.4390625 0.01640625 0.0640625
0 0.66796875 0.43359375 0.01484375 0.05703125
0 0.6953125 0.425 0.0140625 0.0484375
0 0.67890625 0.48515625 0.0109375 0.05
0 0.715625 0.42265625 0.009375 0.04296875
0 0.72734375 0.41875 0.01015625 0.05
0 0.73828125 0.4140625 0.00859375 0.0453125
0 0.73515625 0.46484375 0.01015625 0.0421875
0 0.725 0.46875 0.00859375 0.04609375
0 0.7140625 0.471875 0.0125 0.05078125
0 0.70390625 0.47578125 0.0078125 0.04609375
0 0.69296875 0.48203125 0.01328125 0.05546875
0 0.353125 0.49921875 0.05390625 0.08828125
0 0.66640625 0.49140625 0.015625 0.059375
0 0.64921875 0.49609375 0.01328125 0.04765625
0 0.634375 0.503125 0.0109375 0.05859375
0 0.70625 0.42578125 0.00859375 0.04765625
0 0.09765625 0.95703125 0.08359375 0.0859375
0 0.72265625 0.77421875 0.01171875 0.03515625
0 0.2578125 0.8703125 0.05703125 0.115625
0 0.07578125 0.12734375 0.1109375 0.24921875
0 0.17421875 0.13203125 0.0484375 0.23828125
0 0.33671875 0.14296875 0.0421875 0.2671875
0 0.38046875 0.159375 0.0359375 0.2375
0 0.42109375 0.1734375 0.034375 0.22421875
0 0.45703125 0.203125 0.02265625 0.1875
0 0.48515625 0.20390625 0.0296875 0.19375
0 0.528125 0.21015625 0.04296875 0.18515625
0 0.5640625 0.2109375 0.02578125 0.1890625
0 0.59296875 0.23515625 0.02890625 0.140625
0 0.61796875 0.234375 0.0234375 0.14765625
0 0.640625 0.24609375 0.01484375 0.13203125
0 0.65546875 0.246875 0.0125 0.1328125
0 0.67421875 0.25234375 0.01875 0.12578125
0 0.696875 0.2515625 0.021875 0.12734375
0 0.71640625 0.259375 0.0125 0.1265625
0 0.72734375 0.2640625 0.01015625 0.11484375
0 0.740625 0.2671875 0.015625 0.12421875
0 0.615625 0.51171875 0.01171875 0.059375
0 0.175 0.53984375 0.0953125 0.10703125
0 0.25703125 0.53125 0.0640625 0.121875
0 0.08515625 0.7078125 0.08828125 0.11015625
0 0.175 0.675 0.08125 0.1203125
0 0.2515625 0.65078125 0.0703125 0.09296875
0 0.08984375 0.84453125 0.1 0.10234375
0 0.1796875 0.81171875 0.06953125 0.134375
0 0.25234375 0.75546875 0.059375 0.0828125
0 0.18515625 0.93671875 0.06796875 0.09921875
0 0.0765625 0.5609375 0.103125 0.121875
0 0.57578125 0.5265625 0.0140625 0.06328125
0 0.55625 0.53515625 0.02109375 0.06796875
0 0.56953125 0.91640625 0.01875 0.05546875
0 0.54453125 0.94453125 0.025 0.0875
0 0.515625 0.9609375 0.02578125 0.06640625
0 0.5890625 0.94296875 0.015625 0.04765625
0 0.60703125 0.928125 0.0140625 0.05703125
0 0.73359375 0.759375 0.01171875 0.0453125
0 0.63125 0.83828125 0.01484375 0.06171875
0 0.59140625 0.8828125 0.0140625 0.05390625
0 0.65 0.81796875 0.01171875 0.05078125
0 0.675 0.7828125 0.01171875 0.04765625
0 0.68984375 0.76875 0.00859375 0.0390625
0 0.7 0.75625 0.01015625 0.03515625
0 0.7109375 0.7359375 0.009375 0.03984375
0 0.7203125 0.7296875 0.00703125 0.04609375
0 0.73125 0.7171875 0.01015625 0.0375
0 0.675 0.72890625 0.0171875 0.04609375
0 0.6625 0.8 0.01171875 0.05234375
0 0.69140625 0.71328125 0.0140625 0.05078125
0 0.60859375 0.86875 0.0203125 0.03359375
0 0.59140625 0.81796875 0.0203125 0.0625
0 0.71171875 0.78203125 0.00859375 0.04453125
0 0.70078125 0.7984375 0.01171875 0.04296875
0 0.68984375 0.81640625 0.009375 0.0515625
0 0.67734375 0.83203125 0.01015625 0.05
0 0.6640625 0.85546875 0.0109375 0.04765625
0 0.65078125 0.8765625 0.01328125 0.05546875
0 0.63359375 0.89453125 0.01953125 0.04609375
0 0.56796875 0.8421875 0.025 0.07578125
0 0.73359375 0.8015625 0.01015625 0.034375
0 0.71171875 0.828125 0.00703125 0.0390625
0 0.7015625 0.8453125 0.01015625 0.03671875
0 0.6890625 0.86875 0.01015625 0.0421875
0 0.6765625 0.884375 0.00859375 0.04375
0 0.66328125 0.90390625 0.0078125 0.04296875
0 0.65 0.9296875 0.009375 0.04609375
0 0.63046875 0.9546875 0.015625 0.059375
0 0.721875 0.815625 0.01015625 0.03203125
0 0.596875 0.5171875 0.02265625 0.0671875
0 0.71953125 0.67734375 0.0109375 0.0421875
0 0.4109375 0.76484375 0.0328125 0.071875
0 0.725 0.515625 0.0078125 0.03671875
0 0.71328125 0.5171875 0.0140625 0.0375
0 0.7015625 0.525 0.009375 0.04765625
0 0.6921875 0.53046875 0.00859375 0.03984375
0 0.6796875 0.5421875 0.0125 0.046875
0 0.66484375 0.54765625 0.01328125 0.04296875
0 0.64765625 0.559375 0.01796875 0.05625
0 0.734375 0.51171875 0.00703125 0.0390625
0 0.63203125 0.56015625 0.0109375 0.05
0 0.59453125 0.5828125 0.015625 0.06171875
0 0.57421875 0.5984375 0.01953125 0.06640625
0 0.55078125 0.60546875 0.015625 0.06484375
0 0.5234375 0.6265625 0.025 0.06484375
0 0.48984375 0.63359375 0.034375 0.06171875
0 0.49375 0.5625 0.03515625 0.0796875
0 0.528125 0.54765625 0.028125 0.078125
0 0.6140625 0.575 0.0171875 0.06015625
0 0.73203125 0.66796875 0.0125 0.0515625
0 0.7328125 0.55859375 0.0109375 0.04296875
0 0.7015625 0.58046875 0.01171875 0.0484375
0 0.3640625 0.7921875 0.05390625 0.0796875
0 0.3625 0.6984375 0.0453125 0.09375
0 0.4109375 0.68125 0.03984375 0.0875
0 0.409375 0.5859375 0.04375 0.0828125
0 0.3578125 0.59609375 0.05 0.07265625
0 0.46015625 0.74453125 0.025 0.0828125
0 0.49140625 0.7203125 0.0203125 0.08203125
0 0.7140625 0.5625 0.01171875 0.04609375
0 0.5203125 0.70078125 0.02734375 0.071875
0 0.5703125 0.66953125 0.02265625 0.07265625
0 0.59296875 0.6484375 0.01484375 0.0578125
0 0.61328125 0.640625 0.01953125 0.0609375
0 0.64609375 0.61953125 0.015625 0.05625
0 0.6625 0.6109375 0.01484375 0.03828125
0 0.67734375 0.5953125 0.01171875 0.05234375
0 0.68984375 0.58828125 0.009375 0.03671875
0 0.54375 0.69375 0.01875 0.05703125
0 0.62890625 0.6328125 0.00859375 0.04296875