0 0.16015625 0.24375 0.07890625 0.04453125
0 0.25234375 0.2578125 0.08984375 0.04453125
0 0.16484375 0.2921875 0.07890625 0.04140625
0 0.0796875 0.29140625 0.08203125 0.04375
0 0.815625 0.5765625 0.053125 0.03203125
0 0.24921875 0.21171875 0.0875 0.04453125
0 0.0796875 0.240625 0.08203125 0.05078125
0 0.3390625 0.21171875 0.08984375 0.04765625
0 0.14453125 0.69609375 0.09140625 0.02265625
0 0.36015625 0.9140625 0.10234375 0.04453125
0 0.70625 0.36796875 0.1 0.01640625
0 0.5125 0.371875 0.06953125 0.01953125
0 0.44140625 0.3703125 0.06953125 0.01484375
0 0.603125 0.38046875 0.0984375 0.01015625
0 0.69765625 0.3828125 0.08671875 0.01015625
0 0.9453125 0.3125 0.028125 0.05078125
0 0.0890625 0.55390625 0.10078125 0.02734375
0 0.17734375 0.55078125 0.06640625 0.01875
0 0.08203125 0.5875 0.08125 0.03671875
0 0.1703125 0.5859375 0.08359375 0.03828125
0 0.2609375 0.58125 0.0828125 0.04375
0 0.35078125 0.57890625 0.0890625 0.0484375
0 0.09375 0.628125 0.0859375 0.03984375
0 0.1765625 0.62734375 0.078125 0.0453125
0 0.6046875 0.36796875 0.0953125 0.01640625
0 0.26328125 0.625 0.08046875 0.03828125
0 0.4375 0.621875 0.0734375 0.05546875
0 0.51328125 0.6265625 0.0765625 0.05234375
0 0.61640625 0.63046875 0.10078125 0.0546875
0 0.603125 0.571875 0.09609375 0.0515625
0 0.04765625 0.725 0.059375 0.065625
0 0.0546875 0.78203125 0.0609375 0.0390625
0 0.13046875 0.73359375 0.10703125 0.03671875
0 0.134375 0.77578125 0.09296875 0.0390625
0 0.240625 0.72734375 0.0984375 0.05390625
0 0.34453125 0.7234375 0.10078125 0.0671875
0 0.4375 0.715625 0.0828125 0.05
0 0.54140625 0.71640625 0.07734375 0.05234375
0 0.6359375 0.709375 0.09140625 0.04921875
0 0.7328125 0.7109375 0.10234375 0.04609375
0 0.3453125 0.62890625 0.07578125 0.03984375
0 0.23359375 0.77890625 0.1109375 0.03828125
0 0.88359375 0.4046875 0.05 0.04453125
0 0.9234375 0.4609375 0.07421875 0.05234375
0 0.89609375 0.30390625 0.06328125 0.0640625
0 0.78046875 0.30234375 0.08203125 0.05234375
0 0.6890625 0.3046875 0.0859375 0.04765625
0 0.6015625 0.30546875 0.08359375 0.04765625
0 0.503125 0.30546875 0.06953125 0.03515625
0 0.06484375 0.390625 0.09609375 0.06328125
0 0.16328125 0.39140625 0.09140625 0.0609375
0 0.2640625 0.390625 0.08828125 0.06484375
0 0.34765625 0.39140625 0.0796875 0.0640625
0 0.446875 0.40390625 0.06796875 0.0515625
0 0.51875 0.409375 0.071875 0.0484375
0 0.6109375 0.41015625 0.1125 0.0515625
0 0.72421875 0.41328125 0.11484375 0.0453125
0 0.071875 0.45 0.09140625 0.05625
0 0.82578125 0.40390625 0.0625 0.0484375
0 0.16640625 0.45390625 0.08828125 0.0578125
0 0.35546875 0.4546875 0.08359375 0.0609375
0 0.4375 0.45859375 0.07734375 0.0546875
0 0.51796875 0.4625 0.08359375 0.05234375
0 0.43046875 0.30546875 0.06875 0.03515625
0 0.69140625 0.25234375 0.09375 0.053125
0 0.59765625 0.24921875 0.084375 0.05390625
0 0.4984375 0.26015625 0.0625 0.05078125
0 0.43125 0.25625 0.07265625 0.05859375
0 0.3484375 0.3015625 0.090625 0.034375
0 0.2578125 0.3015625 0.0796875 0.034375
0 0.61484375 0.4625 0.109375 0.05
0 0.721875 0.4640625 0.1046875 0.05234375
0 0.8046875 0.46015625 0.04765625 0.04765625
0 0.8578125 0.459375 0.0578125 0.04921875
0 0.26484375 0.45234375 0.0875 0.06015625
0 0.3421875 0.77890625 0.09609375 0.04375
0 0.98203125 0.3125 0.0359375 0.04375
0 0.72109375 0.584375 0.1390625 0.03515625
0 0.25390625 0.9203125 0.09609375 0.040625
0 0.14765625 0.92265625 0.10390625 0.03515625
0 0.14609375 0.8875 0.09453125 0.0359375
0 0.14140625 0.85078125 0.103125 0.03671875
0 0.065625 0.9171875 0.0515625 0.06328125
0 0.0578125 0.85859375 0.065625 0.05234375
0 0.62578125 0.765625 0.09140625 0.0546875
0 0.33984375 0.25859375 0.08359375 0.0421875
0 0.7203125 0.76640625 0.09609375 0.0546875
0 0.81328125 0.76484375 0.0796875 0.0625
0 0.8984375 0.76640625 0.07421875 0.05859375
0 0.81328125 0.7078125 0.05546875 0.03828125
0 0.8953125 0.7125 0.06796875 0.046875
0 0.9671875 0.72265625 0.065625 0.0421875
0 0.9703125 0.76640625 0.059375 0.0421875
0 0.4453125 0.76796875 0.0828125 0.05
0 0.3640625 0.8625 0.09453125 0.059375
0 0.25234375 0.86796875 0.09921875 0.0640625
0 0.5703125 0.8546875 0.09921875 0.0609375
0 0.5296875 0.76875 0.08828125 0.0484375
0 0.728125 0.63046875 0.1140625 0.053125
0 0.8171875 0.621875 0.0609375 0.0515625
0 0.8890625 0.62109375 0.0796875 0.05859375
0 0.953125 0.621875 0.04765625 0.06171875
0 0.465625 0.85625 0.10859375 0.05859375
0 0.91484375 0.55625 0.06640625 0.0203125
0 0.8828125 0.578125 0.05859375 0.02109375
0 0.56796875 0.9109375 0.1015625 0.04765625
0 0.665625 0.90703125 0.09375 0.05
0 0.746875 0.90703125 0.07109375 0.05
0 0.8078125 0.90546875 0.0453125 0.053125
0 0.8703125 0.90625 0.0796875 0.053125
0 0.934375 0.89296875 0.046875 0.078125
0 0.67265625 0.85234375 0.1015625 0.06171875
0 0.4625 0.91015625 0.10546875 0.0484375