0 0.628125 0.59921875 0.034375 0.09140625
0 0.5765625 0.6109375 0.0234375 0.0296875
0 0.55390625 0.6125 0.0203125 0.03125
0 0.53203125 0.61328125 0.02109375 0.0296875
0 0.5984375 0.578125 0.02109375 0.0328125
0 0.5765625 0.57890625 0.02109375 0.03125
0 0.384375 0.596875 0.02421875 0.07109375
0 0.55546875 0.5796875 0.0203125 0.0328125
0 0.53203125 0.58046875 0.02109375 0.0296875
0 0.49921875 0.59296875 0.0296875 0.07265625
0 0.4703125 0.59296875 0.02578125 0.0703125
0 0.4390625 0.59296875 0.02734375 0.06875
0 0.41015625 0.5953125 0.02734375 0.07109375
0 0.62734375 0.6734375 0.04921875 0.05
0 0.35625 0.596875 0.02421875 0.0734375
0 0.3015625 0.60078125 0.02890625 0.07265625
0 0.27109375 0.603125 0.02421875 0.07421875
0 0.24140625 0.603125 0.03125 0.07421875
0 0.2015625 0.59609375 0.02890625 0.071875
0 0.171875 0.596875 0.0296875 0.07265625
0 0.14609375 0.59765625 0.02109375 0.0703125
0 0.11953125 0.60859375 0.03125 0.07578125
0 0.953125 0.471875 0.015625 0.0828125
0 0.0859375 0.609375 0.03203125 0.078125
0 0.0515625 0.6125 0.0296875 0.0734375
0 0.6671875 0.65625 0.0265625 0.0765625
0 0.99140625 0.47578125 0.015625 0.0875
0 0.97109375 0.4734375 0.02109375 0.08203125
0 0.33046875 0.6 0.025 0.07421875
0 0.69375 0.6265625 0.0234375 0.071875
0 0.43359375 0.71171875 0.05078125 0.03984375
0 0.709375 0.57421875 0.02265625 0.0296875
0 0.38203125 0.67421875 0.05703125 0.034375
0 0.3796875 0.71328125 0.05234375 0.0359375
0 0.37578125 0.75078125 0.0515625 0.034375
0 0.42890625 0.75 0.05234375 0.034375
0 0.47578125 0.66953125 0.053125 0.0328125
0 0.52890625 0.665625 0.05078125 0.03984375
0 0.578125 0.6609375 0.046875 0.03671875
0 0.484375 0.70546875 0.05078125 0.0328125
0 0.5359375 0.70390625 0.0484375 0.03515625
0 0.58125 0.69921875 0.0421875 0.03359375
0 0.48359375 0.74375 0.046875 0.03671875
0 0.534375 0.7421875 0.05546875 0.0390625
0 0.58671875 0.7359375 0.0453125 0.0359375
0 0.6390625 0.73125 0.04609375 0.0359375
0 0.68671875 0.7296875 0.0453125 0.0359375
0 0.74140625 0.69453125 0.04765625 0.03671875
0 0.7890625 0.6921875 0.04296875 0.0375
0 0.7390625 0.73125 0.04921875 0.0328125
0 0.78984375 0.7296875 0.04765625 0.034375
0 0.828125 0.6546875 0.0421875 0.03515625
0 0.8375 0.69140625 0.04453125 0.0328125
0 0.83828125 0.725 0.0453125 0.03359375
0 0.88359375 0.6859375 0.040625 0.03203125
0 0.9296875 0.68359375 0.04609375 0.03359375
0 0.97578125 0.6796875 0.04296875 0.03515625
0 0.8828125 0.721875 0.0421875 0.03359375
0 0.928125 0.7171875 0.046875 0.03515625
0 0.9765625 0.71484375 0.046875 0.0328125
0 0.93125 0.4734375 0.0234375 0.08203125
0 0.32109375 0.75625 0.04765625 0.0359375
0 0.6890625 0.5734375 0.01875 0.03125
0 0.26640625 0.75859375 0.059375 0.03515625
0 0.26640625 0.7203125 0.06015625 0.03515625
0 0.73359375 0.571875 0.021875 0.03125
0 0.75625 0.57109375 0.01875 0.0328125
0 0.77734375 0.5703125 0.02265625 0.03125
0 0.71328125 0.60390625 0.0140625 0.028125
0 0.7328125 0.603125 0.02109375 0.0296875
0 0.75390625 0.603125 0.02109375 0.03046875
0 0.7765625 0.603125 0.02109375 0.0296875
0 0.87890625 0.5953125 0.02265625 0.0296875
0 0.9046875 0.59375 0.021875 0.0296875
0 0.9234375 0.59453125 0.01484375 0.02890625
0 0.94453125 0.5921875 0.01875 0.02890625
0 0.9640625 0.59140625 0.015625 0.028125
0 0.98359375 0.58984375 0.02265625 0.02734375
0 0.94453125 0.5625 0.01640625 0.028125
0 0.9640625 0.5609375 0.01640625 0.0296875
0 0.98359375 0.56015625 0.02109375 0.0296875
0 0.0203125 0.734375 0.040625 0.040625
0 0.0234375 0.7765625 0.046875 0.03828125
0 0.084375 0.6890625 0.0640625 0.03515625
0 0.07734375 0.72890625 0.05546875 0.0359375
0 0.078125 0.76875 0.06015625 0.034375
0 0.14609375 0.6859375 0.05546875 0.0359375
0 0.20390625 0.68359375 0.05546875 0.03984375
0 0.13984375 0.7265625 0.06171875 0.03515625
0 0.2015625 0.72421875 0.0578125 0.03828125
0 0.14453125 0.76484375 0.0625 0.0375
0 0.2046875 0.76328125 0.0546875 0.0390625
0 0.26796875 0.68203125 0.05625 0.03515625
0 0.32421875 0.678125 0.05 0.04140625
0 0.32421875 0.71796875 0.05078125 0.0390625
0 0.90703125 0.47578125 0.0203125 0.08515625
0 0.634375 0.37109375 0.05703125 0.0640625
0 0.8484375 0.48203125 0.02734375 0.09375
0 0.325 0.371875 0.05234375 0.10625
0 0.275 0.371875 0.04453125 0.10625
0 0.22578125 0.3734375 0.04296875 0.10703125
0 0.178125 0.37109375 0.046875 0.11015625
0 0.128125 0.371875 0.04921875 0.11171875
0 0.08203125 0.37265625 0.03984375 0.10625
0 0.03515625 0.371875 0.0453125 0.10390625
0 0.98828125 0.2578125 0.02265625 0.096875
0 0.9546875 0.25703125 0.0421875 0.0921875
0 0.9140625 0.25546875 0.0375 0.09609375
0 0.8734375 0.25546875 0.03671875 0.09765625
0 0.83515625 0.25390625 0.03984375 0.10234375
0 0.75703125 0.25546875 0.02421875 0.09609375
0 0.4140625 0.3734375 0.0453125 0.10078125
0 0.721875 0.2515625 0.040625 0.10703125
0 0.63125 0.253125 0.04140625 0.10546875
0 0.54296875 0.25 0.03359375 0.10390625
0 0.503125 0.2484375 0.04375 0.10625
0 0.4578125 0.25 0.0453125 0.10625
0 0.4078125 0.24765625 0.04921875 0.1125
0 0.3625 0.24609375 0.0390625 0.10859375
0 0.3046875 0.24921875 0.0421875 0.0984375
0 0.25625 0.24296875 0.04921875 0.11015625
0 0.2078125 0.24375 0.04453125 0.11171875
0 0.15859375 0.24296875 0.05234375 0.1109375
0 0.1078125 0.24375 0.046875 0.10234375
0 0.04453125 0.2390625 0.05078125 0.1109375
0 0.87890625 0.48125 0.02890625 0.0921875
0 0.67578125 0.2515625 0.04296875 0.10625
0 0.45859375 0.37265625 0.0421875 0.10078125
0 0.79296875 0.253125 0.03828125 0.1
0 0.546875 0.37265625 0.0453125 0.10078125
0 0.50390625 0.37421875 0.03828125 0.09921875
0 0.81796875 0.4828125 0.0328125 0.09375
0 0.71328125 0.48359375 0.03671875 0.09921875
0 0.57265625 0.48671875 0.02265625 0.0953125
0 0.53984375 0.48828125 0.03828125 0.09609375
0 0.49921875 0.490625 0.04296875 0.09375
0 0.45625 0.48984375 0.04140625 0.09765625
0 0.41328125 0.490625 0.04296875 0.10234375
0 0.7515625 0.484375 0.0328125 0.09375
0 0.3234375 0.4921875 0.04140625 0.10234375
0 0.27578125 0.49140625 0.0484375 0.103125
0 0.234375 0.48828125 0.03125 0.096875
0 0.18671875 0.49296875 0.0484375 0.10390625
0 0.14921875 0.48984375 0.02265625 0.09765625
0 0.36640625 0.48984375 0.03984375 0.1015625
0 0.78515625 0.48359375 0.0296875 0.09375
0 0.58515625 0.37265625 0.02578125 0.10078125
0 0.115625 0.49375 0.0390625 0.1015625
0 0.61875 0.4609375 0.06953125 0.075
0 0.6796875 0.3875 0.02890625 0.08515625
0 0.75859375 0.37109375 0.03359375 0.09453125
0 0.8234375 0.37265625 0.040625 0.0921875
0 0.70625 0.3828125 0.02421875 0.08203125
0 0.88828125 0.37109375 0.028125 0.08828125
0 0.96015625 0.36953125 0.03671875 0.0953125
0 0.98984375 0.36796875 0.0203125 0.09609375
0 0.028125 0.496875 0.05625 0.10703125
0 0.07734375 0.49765625 0.03671875 0.0953125
0 0.921875 0.3703125 0.03828125 0.0953125