0 0.85546875 0.86328125 0.04765625 0.0546875
0 0.85703125 0.80546875 0.04765625 0.0609375
0 0.69921875 0.909375 0.040625 0.0671875
0 0.15546875 0.828125 0.03984375 0.0453125
0 0.8546875 0.92734375 0.05390625 0.06171875
0 0.24609375 0.83125 0.0390625 0.0484375
0 0.1078125 0.828125 0.046875 0.0375
0 0.20078125 0.82890625 0.04375 0.04765625
0 0.434375 0.89453125 0.03828125 0.05703125
0 0.80234375 0.8578125 0.053125 0.05703125
0 0.7484375 0.8578125 0.046875 0.0546875
0 0.74765625 0.91640625 0.046875 0.05546875
0 0.3890625 0.890625 0.04296875 0.05
0 0.5375 0.9015625 0.0484375 0.053125
0 0.596875 0.90703125 0.046875 0.06484375
0 0.64765625 0.90625 0.04921875 0.06171875
0 0.2953125 0.83203125 0.04296875 0.04375
0 0.7984375 0.91875 0.04765625 0.0609375
0 0.3390625 0.8328125 0.03984375 0.0453125
0 0.74609375 0.796875 0.0453125 0.05234375
0 0.20390625 0.8875 0.0453125 0.0515625
0 0.64453125 0.79140625 0.0453125 0.05078125
0 0.6984375 0.7921875 0.046875 0.04765625
0 0.696875 0.7296875 0.05390625 0.06171875
0 0.74921875 0.7359375 0.04140625 0.06015625
0 0.5453125 0.778125 0.0484375 0.05546875
0 0.48359375 0.8984375 0.0484375 0.0546875
0 0.646875 0.73125 0.04453125 0.0578125
0 0.80234375 0.73984375 0.05859375 0.04609375
0 0.80390625 0.79609375 0.05234375 0.04765625
0 0.59375 0.78046875 0.0453125 0.06015625
0 0.6984375 0.8484375 0.04375 0.05234375
0 0.646875 0.846875 0.04765625 0.053125
0 0.596875 0.84453125 0.04609375 0.05078125
0 0.540625 0.840625 0.0484375 0.04609375
0 0.33984375 0.8890625 0.04375 0.05078125
0 0.29296875 0.8875 0.04140625 0.0546875
0 0.24921875 0.88671875 0.03671875 0.05546875
0 0.1109375 0.88046875 0.03828125 0.0484375
0 0.48515625 0.8390625 0.04296875 0.05234375
0 0.15703125 0.88125 0.04140625 0.05234375
0 0.38671875 0.83671875 0.03984375 0.046875
0 0.31640625 0.37421875 0.03984375 0.171875
0 0.075 0.43671875 0.0140625 0.04453125
0 0.09453125 0.43828125 0.015625 0.04921875
0 0.1140625 0.43671875 0.01640625 0.0515625
0 0.13515625 0.440625 0.01484375 0.0484375
0 0.15859375 0.44140625 0.01875 0.0421875
0 0.18359375 0.43984375 0.0171875 0.046875
0 0.359375 0.37265625 0.0390625 0.1703125
0 0.4 0.37890625 0.034375 0.1625
0 0.440625 0.38125 0.02890625 0.16171875
0 0.48125 0.38125 0.0390625 0.17265625
0 0.52890625 0.3765625 0.03984375 0.1640625
0 0.575 0.37890625 0.04140625 0.16875
0 0.62421875 0.3828125 0.034375 0.16875
0 0.6671875 0.3828125 0.04296875 0.17578125
0 0.709375 0.37734375 0.0359375 0.165625
0 0.75390625 0.37734375 0.04609375 0.1703125
0 0.809375 0.5203125 0.05703125 0.065625
0 0.8765625 0.521875 0.0625 0.0734375
0 0.875 0.58359375 0.065625 0.0484375
0 0.80859375 0.5859375 0.06015625 0.0546875
0 0.8078125 0.65703125 0.05390625 0.0734375
0 0.87265625 0.65 0.06484375 0.06171875
0 0.6453125 0.64609375 0.04140625 0.06015625
0 0.70625 0.646875 0.06015625 0.0609375
0 0.69921875 0.5765625 0.06640625 0.065625
0 0.4359375 0.83984375 0.04296875 0.05078125
0 0.4890625 0.5703125 0.0515625 0.0609375
0 0.54296875 0.57109375 0.046875 0.07265625
0 0.27578125 0.36875 0.0359375 0.18203125
0 0.4875 0.64140625 0.0546875 0.05234375
0 0.23125 0.3703125 0.03984375 0.16484375
0 0.15703125 0.38515625 0.0140625 0.0609375
0 0.0734375 0.1765625 0.03828125 0.17578125
0 0.11328125 0.18046875 0.03828125 0.17421875
0 0.1546875 0.175 0.04296875 0.18046875
0 0.2 0.1734375 0.04375 0.1875
0 0.24140625 0.175 0.03984375 0.18203125
0 0.28046875 0.17109375 0.03515625 0.190625
0 0.3234375 0.17578125 0.04140625 0.18046875
0 0.36953125 0.16875 0.04375 0.20390625
0 0.409375 0.17109375 0.02890625 0.1765625
0 0.45078125 0.17265625 0.04296875 0.1796875
0 0.49453125 0.17734375 0.03671875 0.17734375
0 0.53671875 0.1796875 0.0390625 0.16171875
0 0.57734375 0.17578125 0.0375 0.1703125
0 0.62265625 0.17421875 0.03828125 0.17265625
0 0.66328125 0.1796875 0.03984375 0.1734375
0 0.7109375 0.171875 0.03984375 0.16796875
0 0.75703125 0.1625 0.05234375 0.196875
0 0.803125 0.1640625 0.03515625 0.1859375
0 0.84609375 0.1625 0.0453125 0.19296875
0 0.8984375 0.16328125 0.0484375 0.18203125
0 0.94765625 0.14140625 0.03515625 0.14375
0 0.984375 0.1328125 0.03125 0.1375
0 0.88984375 0.37578125 0.05078125 0.165625
0 0.84140625 0.3765625 0.0421875 0.16171875
0 0.8 0.378125 0.040625 0.165625
0 0.071875 0.3859375 0.01953125 0.05390625
0 0.0921875 0.38203125 0.0140625 0.05234375
0 0.11171875 0.3828125 0.015625 0.05546875
0 0.134375 0.384375 0.01640625 0.06328125
0 0.17890625 0.3859375 0.01953125 0.05390625
0 0.54921875 0.64765625 0.05390625 0.06171875
0 0.6375 0.57578125 0.04453125 0.06796875
0 0.125 0.60078125 0.02421875 0.121875
0 0.19921875 0.771875 0.040625 0.0578125
0 0.1515625 0.76953125 0.0484375 0.06328125
0 0.103125 0.7703125 0.046875 0.05703125
0 0.27734375 0.71640625 0.05703125 0.06796875
0 0.390625 0.64140625 0.05078125 0.0546875
0 0.3875 0.575 0.046875 0.0703125
0 0.1 0.6015625 0.02578125 0.13671875
0 0.33515625 0.57421875 0.0453125 0.06015625
0 0.340625 0.6421875 0.03984375 0.05546875
0 0.28984375 0.64140625 0.04921875 0.0515625
0 0.28984375 0.57734375 0.05078125 0.0609375
0 0.28828125 0.51015625 0.05859375 0.04765625
0 0.228125 0.51171875 0.040625 0.046875
0 0.23359375 0.57421875 0.05546875 0.05546875
0 0.2390625 0.6390625 0.04765625 0.05390625
0 0.2359375 0.77578125 0.02890625 0.053125
0 0.1921875 0.6015625 0.02421875 0.10234375
0 0.284375 0.77578125 0.05859375 0.04765625
0 0.38671875 0.7234375 0.04140625 0.05703125
0 0.07421875 0.60234375 0.02578125 0.1296875
0 0.33984375 0.7765625 0.04296875 0.059375
0 0.48515625 0.7859375 0.04921875 0.05546875
0 0.1578125 0.59921875 0.03046875 0.11484375
0 0.38515625 0.78359375 0.03984375 0.0515625
0 0.48671875 0.72421875 0.04609375 0.06484375
0 0.43671875 0.71875 0.04375 0.0609375
0 0.4359375 0.7828125 0.04453125 0.053125