0 0.26015625 0.04765625 0.02890625 0.08046875
0 0.2953125 0.85546875 0.059375 0.0515625
0 0.2875 0.7875 0.04453125 0.07421875
0 0.1359375 0.18671875 0.0625 0.0640625
0 0.33984375 0.7859375 0.0484375 0.0703125
0 0.73046875 0.4625 0.028125 0.0359375
0 0.76328125 0.4453125 0.0296875 0.10390625
0 0.71171875 0.77421875 0.0359375 0.0828125
0 0.40703125 0.846875 0.06171875 0.071875
0 0.5109375 0.840625 0.04765625 0.046875
0 0.28828125 0.05 0.0265625 0.08515625
0 0.50625 0.77890625 0.04140625 0.06796875
0 0.55703125 0.84140625 0.04921875 0.0875
0 0.3515625 0.05390625 0.03046875 0.09375
0 0.66015625 0.80859375 0.0375 0.07421875
0 0.3203125 0.04453125 0.03671875 0.0890625
0 0.78125 0.0578125 0.0390625 0.0703125
0 0.06640625 0.04609375 0.03515625 0.0875
0 0.1109375 0.0484375 0.0234375 0.0859375
0 0.13671875 0.04609375 0.028125 0.0890625
0 0.1828125 0.053125 0.06171875 0.0890625
0 0.23046875 0.046875 0.02734375 0.09140625
0 0.45546875 0.8453125 0.05078125 0.0890625
0 0.61171875 0.85 0.05 0.09765625
0 0.39375 0.4328125 0.02890625 0.1171875
0 0.69609375 0.4203125 0.0234375 0.1359375
0 0.71171875 0.253125 0.02109375 0.1015625
0 0.69140625 0.2390625 0.02265625 0.10859375
0 0.6703125 0.24140625 0.01953125 0.10703125
0 0.64765625 0.234375 0.02734375 0.04140625
0 0.64765625 0.28046875 0.0265625 0.034375
0 0.6171875 0.27890625 0.034375 0.034375
0 0.61484375 0.2359375 0.0328125 0.04609375
0 0.58046875 0.27734375 0.03203125 0.04296875
0 0.57890625 0.23359375 0.03203125 0.0515625
0 0.54453125 0.20625 0.028125 0.1609375
0 0.51875 0.21640625 0.0234375 0.1703125
0 0.49140625 0.21875 0.0328125 0.165625
0 0.4421875 0.22734375 0.03984375 0.13359375
0 0.40859375 0.22109375 0.0265625 0.1578125
0 0.375 0.2234375 0.03046875 0.12890625
0 0.34140625 0.2296875 0.03203125 0.12109375
0 0.025 0.25078125 0.04921875 0.12109375
0 0.3 0.22265625 0.0359375 0.13359375
0 0.2734375 0.24609375 0.0203125 0.13125
0 0.25 0.25390625 0.02734375 0.125
0 0.20234375 0.19375 0.0484375 0.08984375
0 0.2046875 0.271875 0.0546875 0.07421875
0 0.14453125 0.26484375 0.06875 0.0796875
0 0.7375 0.278125 0.0296875 0.046875
0 0.76953125 0.2765625 0.02890625 0.040625
0 0.77265625 0.23359375 0.0328125 0.05390625
0 0.73359375 0.15 0.025 0.03359375
0 0.6609375 0.41875 0.02265625 0.13984375
0 0.640625 0.44453125 0.01640625 0.08515625
0 0.62421875 0.44921875 0.0171875 0.08515625
0 0.596875 0.42421875 0.0359375 0.1140625
0 0.565625 0.42265625 0.02578125 0.11875
0 0.53984375 0.45 0.01875 0.0765625
0 0.51328125 0.425 0.03515625 0.1265625
0 0.48359375 0.42578125 0.02421875 0.11484375
0 0.45625 0.4328125 0.0296875 0.11484375
0 0.425 0.43046875 0.03203125 0.11015625
0 0.246875 0.82421875 0.028125 0.1234375
0 0.72890625 0.41328125 0.0296875 0.05703125
0 0.3671875 0.4328125 0.0234375 0.1125
0 0.31484375 0.43828125 0.028125 0.10703125
0 0.2859375 0.43359375 0.02890625 0.11640625
0 0.25703125 0.45390625 0.03046875 0.0828125
0 0.21171875 0.446875 0.0625 0.065625
0 0.215625 0.38125 0.053125 0.0609375
0 0.15859375 0.375 0.0546875 0.05546875
0 0.15078125 0.43828125 0.05703125 0.0703125
0 0.03203125 0.453125 0.05859375 0.06796875
0 0.05078125 0.36484375 0.05078125 0.0515625
0 0.73359375 0.19140625 0.0265625 0.028125
0 0.7640625 0.18828125 0.0296875 0.04140625
0 0.34296875 0.43671875 0.02578125 0.1375
0 0.22265625 0.8203125 0.0234375 0.1296875
0 0.34921875 0.859375 0.05 0.06796875
0 0.175 0.8 0.02265625 0.11875
0 0.48125 0.0515625 0.0328125 0.07421875
0 0.984375 0.4875 0.028125 0.0578125
0 0.87734375 0.375 0.034375 0.0609375
0 0.778125 0.64453125 0.0203125 0.12265625
0 0.8015625 0.64375 0.02578125 0.1125
0 0.82734375 0.64375 0.025 0.11484375
0 0.85390625 0.63828125 0.02890625 0.125
0 0.88125 0.6296875 0.0265625 0.13984375
0 0.91015625 0.63203125 0.03046875 0.134375
0 0.93515625 0.62734375 0.015625 0.13984375
0 0.9640625 0.62109375 0.03828125 0.13203125
0 0.5125 0.05234375 0.02890625 0.08828125
0 0.99140625 0.62890625 0.0171875 0.1296875
0 0.7921875 0.83203125 0.0234375 0.0890625
0 0.809375 0.81796875 0.01171875 0.08515625
0 0.828125 0.83203125 0.025 0.10859375
0 0.8515625 0.82734375 0.015625 0.08515625
0 0.88515625 0.815625 0.034375 0.14375
0 0.9640625 0.7921875 0.0484375 0.07421875
0 0.74609375 0.59375 0.03984375 0.153125
0 0.6875 0.578125 0.0234375 0.09765625
0 0.65078125 0.5984375 0.03046875 0.10546875
0 0.61640625 0.6 0.025 0.1078125
0 0.58984375 0.590625 0.02578125 0.140625
0 0.7671875 0.82421875 0.02734375 0.09140625
0 0.565625 0.59375 0.0296875 0.12734375
0 0.54296875 0.046875 0.02265625 0.0765625
0 0.59375 0.05546875 0.0265625 0.07890625
0 0.4484375 0.05390625 0.034375 0.09140625
0 0.40703125 0.05 0.034375 0.09296875
0 0.3796875 0.05234375 0.01875 0.09453125
0 0.7390625 0.05 0.0390625 0.08046875
0 0.69921875 0.02109375 0.03046875 0.0421875
0 0.6609375 0.01796875 0.03359375 0.028125
0 0.62421875 0.01796875 0.03046875 0.0359375
0 0.9546875 0.028125 0.05625 0.028125
0 0.971875 0.07421875 0.05625 0.034375
0 0.85234375 0.04765625 0.028125 0.0953125
0 0.8875 0.053125 0.0296875 0.09140625
0 0.565625 0.05078125 0.025 0.0984375
0 0.9203125 0.04453125 0.03359375 0.0890625
0 0.87578125 0.28046875 0.03359375 0.0421875
0 0.8734375 0.23359375 0.0265625 0.04453125
0 0.89765625 0.22734375 0.0171875 0.12109375
0 0.796875 0.46484375 0.02890625 0.11640625
0 0.828125 0.45859375 0.02421875 0.12578125
0 0.871875 0.484375 0.03671875 0.08359375
0 0.9046875 0.490625 0.028125 0.05390625
0 0.9546875 0.453125 0.0234375 0.11953125
0 0.6984375 0.0671875 0.025 0.04609375
0 0.6640625 0.0640625 0.034375 0.05703125
0 0.62734375 0.06484375 0.03984375 0.05546875
0 0.84375 0.240625 0.01953125 0.1125
0 0.2015625 0.8203125 0.025 0.125
0 0.07578125 0.24140625 0.05078125 0.125
0 0.4703125 0.60390625 0.021875 0.1140625
0 0.53828125 0.596875 0.0234375 0.12421875
0 0.49375 0.60859375 0.02578125 0.1046875
0 0.51640625 0.6078125 0.01953125 0.10234375
0 0.446875 0.58984375 0.02734375 0.11015625
0 0.415625 0.59375 0.03515625 0.10625
0 0.32890625 0.625 0.0390625 0.05546875
0 0.38203125 0.60234375 0.03515625 0.05546875
0 0.26796875 0.609375 0.02265625 0.10625
0 0.12265625 0.7546875 0.01953125 0.09296875
0 0.10390625 0.78828125 0.01640625 0.1609375
0 0.08125 0.78515625 0.0296875 0.16796875
0 0.14921875 0.82421875 0.02578125 0.12890625
0 0.290625 0.61328125 0.0234375 0.0984375