0 0.40703125 0.90390625 0.04609375 0.09375
0 0.86171875 0.67109375 0.03984375 0.065625
0 0.86171875 0.6296875 0.04296875 0.009375
0 0.31875 0.940625 0.06953125 0.0875
0 0.1734375 0.9703125 0.075 0.059375
0 0.496875 0.8671875 0.0421875 0.1078125
0 0.5359375 0.85703125 0.03203125 0.10234375
0 0.02734375 0.08046875 0.0546875 0.1453125
0 0.8390625 0.771875 0.04921875 0.046875
0 0.790625 0.8046875 0.04296875 0.021875
0 0.78828125 0.7640625 0.04609375 0.0265625
0 0.865625 0.6125 0.03984375 0.0140625
0 0.815625 0.68203125 0.05078125 0.0671875
0 0.7375 0.82265625 0.05 0.021875
0 0.77109375 0.678125 0.03046875 0.02578125
0 0.7703125 0.7078125 0.0296875 0.03359375
0 0.7265625 0.70234375 0.05390625 0.06875
0 0.73828125 0.6546875 0.05703125 0.0234375
0 0.6734375 0.728125 0.04765625 0.0265625
0 0.609375 0.7421875 0.071875 0.05546875
0 0.7359375 0.7796875 0.06015625 0.0328125
0 0.64375 0.8578125 0.03203125 0.025
0 0.64765625 0.8296875 0.03671875 0.028125
0 0.64609375 0.79609375 0.03984375 0.03125
0 0.6078125 0.8328125 0.0359375 0.1
0 0.56953125 0.840625 0.034375 0.10546875
0 0.45390625 0.88984375 0.040625 0.090625
0 0.675 0.6921875 0.0375 0.02578125
0 0.428125 0.75234375 0.04765625 0.11328125
0 0.09765625 0.0828125 0.0765625 0.165625
0 0.5796875 0.3109375 0.040625 0.10546875
0 0.62109375 0.31328125 0.040625 0.103125
0 0.6546875 0.31875 0.02734375 0.0953125
0 0.68515625 0.31875 0.0296875 0.096875
0 0.72109375 0.3234375 0.03671875 0.0921875
0 0.83046875 0.32734375 0.05234375 0.0890625
0 0.88671875 0.33125 0.05859375 0.08203125
0 0.07265625 0.46171875 0.0703125 0.146875
0 0.13671875 0.46953125 0.05546875 0.121875
0 0.18203125 0.50390625 0.03359375 0.04375
0 0.54453125 0.30625 0.03046875 0.11328125
0 0.21796875 0.50078125 0.0375 0.0484375
0 0.31328125 0.4921875 0.04140625 0.0546875
0 0.35390625 0.49140625 0.03359375 0.046875
0 0.390625 0.4875 0.0390625 0.053125
0 0.4234375 0.4859375 0.02734375 0.04765625
0 0.453125 0.471875 0.0328125 0.07734375
0 0.48671875 0.45859375 0.034375 0.09921875
0 0.52109375 0.453125 0.02890625 0.1015625
0 0.55859375 0.453125 0.03203125 0.1
0 0.59296875 0.45234375 0.03203125 0.096875
0 0.62578125 0.44921875 0.03203125 0.1
0 0.26640625 0.49765625 0.040625 0.0484375
0 0.5125 0.3046875 0.0328125 0.11015625
0 0.478125 0.29921875 0.03359375 0.1203125
0 0.4421875 0.29609375 0.0390625 0.125
0 0.290625 0.11875 0.0609375 0.146875
0 0.35 0.1375 0.05390625 0.125
0 0.40234375 0.146875 0.04609375 0.1203125
0 0.446875 0.15546875 0.04453125 0.1140625
0 0.49375 0.16171875 0.0453125 0.115625
0 0.53828125 0.1703125 0.04296875 0.109375
0 0.59375 0.18125 0.03984375 0.10078125
0 0.67890625 0.1921875 0.04140625 0.10078125
0 0.7140625 0.19765625 0.02734375 0.09921875
0 0.2296875 0.1078125 0.05859375 0.15390625
0 0.16875 0.0953125 0.0625 0.16015625
0 0.7609375 0.2078125 0.02890625 0.09453125
0 0.78828125 0.21171875 0.02265625 0.09375
0 0.8125 0.21640625 0.02265625 0.090625
0 0.834375 0.22109375 0.01484375 0.08984375
0 0.85234375 0.2234375 0.02109375 0.08515625
0 0.87578125 0.22890625 0.0234375 0.0859375
0 0.89921875 0.23125 0.02265625 0.08515625
0 0.084375 0.2734375 0.08046875 0.1390625
0 0.159375 0.27734375 0.06640625 0.1359375
0 0.225 0.29140625 0.05234375 0.115625
0 0.2875 0.28828125 0.0671875 0.125
0 0.346875 0.29140625 0.05078125 0.1234375
0 0.71796875 0.440625 0.05078125 0.0359375
0 0.6578125 0.47578125 0.02265625 0.03828125
0 0.534375 0.72890625 0.0453125 0.1078125
0 0.18671875 0.6359375 0.05703125 0.13125
0 0.72421875 0.409375 0.05078125 0.02421875
0 0.7765625 0.465625 0.0390625 0.040625
0 0.8265625 0.4421875 0.034375 0.08828125
0 0.865625 0.4421875 0.03984375 0.08125
0 0.04140625 0.65390625 0.06875 0.1453125
0 0.12421875 0.6421875 0.06796875 0.1375
0 0.2390625 0.625 0.04453125 0.1328125
0 0.2921875 0.6203125 0.0578125 0.12265625
0 0.3484375 0.61484375 0.05234375 0.121875
0 0.3984375 0.60546875 0.04453125 0.115625
0 0.44140625 0.5984375 0.0421875 0.10703125
0 0.47578125 0.59375 0.02265625 0.11015625
0 0.5390625 0.58671875 0.0484375 0.0984375
0 0.5953125 0.5796875 0.03515625 0.103125
0 0.6390625 0.57265625 0.04609375 0.0984375
0 0.69609375 0.56796875 0.03984375 0.0921875
0 0.7359375 0.559375 0.03984375 0.09375
0 0.66015625 0.4359375 0.02578125 0.03671875
0 0.771875 0.5578125 0.0296875 0.090625
0 0.81953125 0.54765625 0.02578125 0.090625
0 0.19921875 0.82421875 0.07578125 0.121875
0 0.29453125 0.78515625 0.0453125 0.11875
0 0.36015625 0.771875 0.084375 0.128125
0 0.61953125 0.67421875 0.06953125 0.05859375
0 0.47109375 0.7421875 0.034375 0.109375
0 0.2546875 0.79453125 0.03359375 0.12578125
0 0.85 0.54765625 0.03359375 0.0859375
0 0.09921875 0.76328125 0.08671875 0.03359375
0 0.10859375 0.8421875 0.08515625 0.1125