0 0.3390625 0.5953125 0.15390625 0.0203125
0 0.1671875 0.575 0.16875 0.0203125
0 0.3328125 0.575 0.1578125 0.01796875
0 0.5109375 0.5515625 0.15234375 0.01953125
0 0.51171875 0.5734375 0.15703125 0.01875
0 0.5125 0.59296875 0.1515625 0.015625
0 0.21015625 0.77265625 0.15546875 0.01796875
0 0.3390625 0.55390625 0.15390625 0.0171875
0 0.378125 0.790625 0.146875 0.0203125
0 0.53984375 0.7484375 0.1328125 0.01953125
0 0.53828125 0.77265625 0.14375 0.01796875
0 0.53984375 0.79140625 0.1453125 0.01640625
0 0.68046875 0.7546875 0.1203125 0.02421875
0 0.678125 0.7765625 0.12265625 0.015625
0 0.74375 0.79296875 0.25078125 0.0171875
0 0.80546875 0.771875 0.11953125 0.01796875
0 0.80234375 0.753125 0.11640625 0.0140625
0 0.79921875 0.73515625 0.12421875 0.01875
0 0.9328125 0.740625 0.134375 0.01953125
0 0.93359375 0.75859375 0.13125 0.01640625
0 0.93359375 0.77578125 0.13203125 0.01484375
0 0.93515625 0.79375 0.128125 0.0140625
0 0.38125 0.76875 0.1453125 0.0140625
0 0.92734375 0.8390625 0.128125 0.01796875
0 0.84375 0.87265625 0.3125 0.0171875
0 0.7984375 0.85546875 0.1125 0.01796875
0 0.7984375 0.83671875 0.1125 0.01953125
0 0.6703125 0.83515625 0.11796875 0.01796875
0 0.6734375 0.853125 0.11875 0.01796875
0 0.52890625 0.84140625 0.14453125 0.01953125
0 0.52109375 0.88046875 0.13828125 0.0140625
0 0.37265625 0.87734375 0.1578125 0.0171875
0 0.20234375 0.884375 0.15859375 0.0171875
0 0.05625 0.8890625 0.109375 0.01796875
0 0.05390625 0.87109375 0.1046875 0.015625
0 0.05390625 0.8515625 0.10546875 0.01953125
0 0.19921875 0.84609375 0.159375 0.01796875
0 0.3609375 0.8375 0.15078125 0.01796875
0 0.92578125 0.85546875 0.13046875 0.01484375
0 0.3828125 0.74921875 0.14296875 0.021875
0 0.20625 0.79140625 0.1484375 0.01953125
0 0.21015625 0.753125 0.15546875 0.01875
0 0.6609375 0.5828125 0.11484375 0.02109375
0 0.78515625 0.5890625 0.1296875 0.0171875
0 0.7875 0.56875 0.13046875 0.0203125
0 0.92421875 0.5890625 0.1484375 0.01796875
0 0.92734375 0.57109375 0.14453125 0.015625
0 0.928125 0.5546875 0.14296875 0.0171875
0 0.925 0.63046875 0.14921875 0.0171875
0 0.92890625 0.64765625 0.1421875 0.01796875
0 0.92734375 0.6671875 0.140625 0.0171875
0 0.93359375 0.6875 0.1296875 0.0234375
0 0.7859375 0.67265625 0.1375 0.02109375
0 0.659375 0.63359375 0.11796875 0.01796875
0 0.6546875 0.66875 0.11875 0.0171875
0 0.6609375 0.6515625 0.115625 0.015625
0 0.521875 0.6328125 0.1421875 0.01796875
0 0.51796875 0.6515625 0.14453125 0.01796875
0 0.5171875 0.66953125 0.15 0.01875
0 0.05859375 0.746875 0.11328125 0.02109375
0 0.16796875 0.59765625 0.1734375 0.0203125
0 0.05859375 0.76953125 0.1125 0.01953125
0 0.05859375 0.7921875 0.1140625 0.0203125
0 0.04921875 0.6515625 0.08984375 0.02578125
0 0.0421875 0.67421875 0.08125 0.0140625
0 0.16953125 0.55390625 0.17265625 0.01875
0 0.04453125 0.69296875 0.0890625 0.0234375
0 0.20078125 0.67734375 0.16171875 0.01640625
0 0.19296875 0.65703125 0.15703125 0.02109375
0 0.36328125 0.67890625 0.15 0.01640625
0 0.36640625 0.6953125 0.15390625 0.01875
0 0.38359375 0.66015625 0.046875 0.0203125
0 0.51796875 0.69140625 0.15390625 0.0203125
0 0.2015625 0.6984375 0.15625 0.01953125
0 0.0453125 0.58203125 0.046875 0.0171875
0 0.9578125 0.15546875 0.084375 0.0171875
0 0.0421875 0.4984375 0.0796875 0.0171875
0 0.17109375 0.24375 0.03515625 0.065625
0 0.20546875 0.24375 0.03203125 0.0671875
0 0.240625 0.24296875 0.0375 0.06875
0 0.28046875 0.24296875 0.03203125 0.06484375
0 0.31640625 0.24375 0.0359375 0.06953125
0 0.35390625 0.2421875 0.034375 0.0671875
0 0.38671875 0.24140625 0.03203125 0.06640625
0 0.42421875 0.24140625 0.03359375 0.0671875
0 0.4609375 0.24140625 0.03515625 0.06796875
0 0.49765625 0.240625 0.03203125 0.06796875
0 0.53125 0.240625 0.03125 0.06796875
0 0.721875 0.2640625 0.334375 0.01953125
0 0.6359375 0.24375 0.171875 0.01953125
0 0.046875 0.60234375 0.046875 0.01796875
0 0.7921875 0.2421875 0.134375 0.02109375
0 0.94609375 0.22265625 0.1078125 0.0203125
0 0.94609375 0.24296875 0.1078125 0.01875
0 0.94765625 0.26171875 0.1046875 0.0171875
0 0.9421875 0.346875 0.115625 0.02265625
0 0.73671875 0.34921875 0.23359375 0.021875
0 0.87734375 0.32578125 0.13359375 0.01484375
0 0.87578125 0.30859375 0.13203125 0.01796875
0 0.72421875 0.30859375 0.17109375 0.02109375
0 0.71875 0.328125 0.16640625 0.015625
0 0.53125 0.3390625 0.17421875 0.0390625
0 0.41875 0.32578125 0.04140625 0.06953125
0 0.3765625 0.32578125 0.03984375 0.06875
0 0.33125 0.3265625 0.0453125 0.07109375
0 0.7890625 0.21875 0.13984375 0.02109375
0 0.2875 0.32734375 0.03515625 0.0703125
0 0.13359375 0.24296875 0.03671875 0.06484375
0 0.03984375 0.228125 0.078125 0.0203125
0 0.15625 0.065625 0.10078125 0.06875
0 0.371875 0.05 0.2875 0.09921875
0 0.6671875 0.05078125 0.28125 0.09609375
0 0.90703125 0.04921875 0.1859375 0.0953125
0 0.9578125 0.13671875 0.08359375 0.021875
0 0.95546875 0.1765625 0.084375 0.01796875
0 0.36796875 0.859375 0.15546875 0.01640625
0 0.765625 0.1734375 0.29296875 0.01953125
0 0.6875 0.1453125 0.15546875 0.03515625
0 0.840625 0.146875 0.14609375 0.034375
0 0.534375 0.178125 0.15 0.015625
0 0.5328125 0.1578125 0.14375 0.01953125
0 0.53359375 0.1390625 0.14375 0.01875
0 0.0984375 0.24375 0.03515625 0.06484375
0 0.44140625 0.15390625 0.0328125 0.065625
0 0.3703125 0.1546875 0.03515625 0.065625
0 0.334375 0.1546875 0.034375 0.06640625
0 0.29921875 0.15390625 0.0375 0.06640625
0 0.259375 0.15625 0.03203125 0.0671875
0 0.221875 0.15546875 0.0375 0.06640625
0 0.18515625 0.1546875 0.03515625 0.0671875
0 0.1484375 0.1546875 0.040625 0.0671875
0 0.11015625 0.15546875 0.03125 0.06875
0 0.04609375 0.1796875 0.09140625 0.01953125
0 0.0421875 0.15859375 0.0796875 0.02109375
0 0.040625 0.13515625 0.08046875 0.021875
0 0.0375 0.26953125 0.075 0.01796875
0 0.03984375 0.24921875 0.0765625 0.01953125
0 0.40703125 0.15234375 0.0390625 0.0671875
0 0.24765625 0.32734375 0.0421875 0.07109375
0 0.19921875 0.86484375 0.16015625 0.01875
0 0.16171875 0.32734375 0.04296875 0.071875
0 0.70390625 0.43203125 0.30859375 0.01953125
0 0.93046875 0.428125 0.1390625 0.0234375
0 0.934375 0.46953125 0.13046875 0.01953125
0 0.9453125 0.5109375 0.109375 0.0203125
0 0.68671875 0.5125 0.39609375 0.015625
0 0.57890625 0.4921875 0.16015625 0.0203125
0 0.7671875 0.49140625 0.15859375 0.01953125
0 0.76640625 0.47109375 0.16328125 0.01953125
0 0.4390625 0.49296875 0.0421875 0.0625
0 0.39375 0.4921875 0.03984375 0.06171875
0 0.353125 0.49375 0.04375 0.0609375
0 0.31015625 0.4953125 0.0359375 0.06484375
0 0.2671875 0.49453125 0.040625 0.0640625
0 0.22734375 0.49453125 0.03515625 0.06171875
0 0.18828125 0.4953125 0.040625 0.0625
0 0.20546875 0.32734375 0.040625 0.071875
0 0.14140625 0.49609375 0.046875 0.0640625
0 0.04140625 0.478125 0.07890625 0.02265625
0 0.04296875 0.51875 0.08515625 0.021875
0 0.6171875 0.41171875 0.13359375 0.01796875
0 0.76640625 0.4109375 0.16328125 0.01640625
0 0.9328125 0.48984375 0.134375 0.02109375
0 0.6171875 0.39140625 0.134375 0.01796875
0 0.1140625 0.3265625 0.04453125 0.06796875
0 0.03671875 0.309375 0.07109375 0.01953125
0 0.03515625 0.3296875 0.06640625 0.0203125
0 0.0375 0.35 0.0703125 0.021875
0 0.03671875 0.3953125 0.07265625 0.02265625
0 0.03828125 0.41640625 0.07265625 0.0203125
0 0.76875 0.390625 0.16953125 0.01953125
0 0.11328125 0.4125 0.03984375 0.06953125
0 0.15625 0.4125 0.0390625 0.0703125
0 0.196875 0.4109375 0.0390625 0.0671875
0 0.23984375 0.41171875 0.040625 0.0703125
0 0.040625 0.43828125 0.08125 0.02109375
0 0.3203125 0.4109375 0.03515625 0.06875
0 0.28125 0.4109375 0.0375 0.06640625
0 0.4921875 0.409375 0.0328125 0.06640625
0 0.45546875 0.409375 0.0328125 0.06640625
0 0.42265625 0.40859375 0.03046875 0.0671875
0 0.52890625 0.409375 0.03515625 0.065625
0 0.35546875 0.4109375 0.028125 0.06640625
0 0.38828125 0.41015625 0.03515625 0.06484375