0 0.21015625 0.371875 0.02109375 0.084375
0 0.6796875 0.6875 0.04453125 0.096875
0 0.6328125 0.67734375 0.04140625 0.0984375
0 0.5921875 0.6703125 0.034375 0.096875
0 0.55078125 0.6578125 0.04140625 0.1078125
0 0.50390625 0.6515625 0.04140625 0.09375
0 0.45625 0.64375 0.0421875 0.09921875
0 0.41328125 0.6375 0.03828125 0.08671875
0 0.37734375 0.6359375 0.028125 0.090625
0 0.34609375 0.62890625 0.03125 0.0796875
0 0.3140625 0.6265625 0.028125 0.0828125
0 0.284375 0.61875 0.02890625 0.0765625
0 0.253125 0.6171875 0.0203125 0.075
0 0.225 0.6125 0.02578125 0.0765625
0 0.1984375 0.6078125 0.0234375 0.075
0 0.96953125 0.75625 0.04453125 0.0859375
0 0.17421875 0.60234375 0.02109375 0.07265625
0 0.6515625 0.5421875 0.034375 0.10390625
0 0.61015625 0.5390625 0.03828125 0.1015625
0 0.56640625 0.5359375 0.0375 0.10234375
0 0.52578125 0.53125 0.03125 0.090625
0 0.4875 0.521875 0.03671875 0.10625
0 0.4421875 0.5171875 0.03671875 0.096875
0 0.40078125 0.51953125 0.03984375 0.090625
0 0.359375 0.5109375 0.0390625 0.09140625
0 0.74453125 0.48203125 0.03671875 0.0828125
0 0.01796875 0.68828125 0.02109375 0.0796875
0 0.04140625 0.690625 0.01796875 0.08203125
0 0.0625 0.6953125 0.02109375 0.08515625
0 0.0875 0.696875 0.02421875 0.09296875
0 0.115625 0.703125 0.0265625 0.090625
0 0.14765625 0.59921875 0.02578125 0.071875
0 0.1453125 0.7109375 0.025 0.090625
0 0.540625 0.2453125 0.0390625 0.09609375
0 0.45234375 0.24921875 0.03515625 0.0859375
0 0.91953125 0.7484375 0.04140625 0.08125
0 0.87109375 0.7375 0.04296875 0.078125
0 0.821875 0.73125 0.03984375 0.075
0 0.77734375 0.7203125 0.0375 0.07109375
0 0.7359375 0.7125 0.03515625 0.071875
0 0.93046875 0.6296875 0.04921875 0.0671875
0 0.83203125 0.6109375 0.03984375 0.0765625
0 0.946875 0.91171875 0.04296875 0.0765625
0 0.6953125 0.5515625 0.04296875 0.0953125
0 0.00859375 0.578125 0.0171875 0.07109375
0 0.02890625 0.58125 0.01875 0.0671875
0 0.0515625 0.58515625 0.02109375 0.0703125
0 0.0796875 0.58671875 0.03046875 0.0703125
0 0.79140625 0.48671875 0.04140625 0.078125
0 0.4953125 0.2484375 0.04140625 0.0890625
0 0.83828125 0.4890625 0.03828125 0.0828125
0 0.9421875 0.49921875 0.04140625 0.0875
0 0.984375 0.50078125 0.03046875 0.0875
0 0.18515625 0.3734375 0.02578125 0.0796875
0 0.078125 0.2609375 0.02734375 0.06875
0 0.1078125 0.26015625 0.0265625 0.0703125
0 0.13671875 0.26015625 0.02578125 0.0703125
0 0.165625 0.259375 0.0265625 0.07421875
0 0.19453125 0.26015625 0.02734375 0.0734375
0 0.22734375 0.25546875 0.0265625 0.0828125
0 0.2609375 0.25390625 0.03359375 0.08203125
0 0.29375 0.25390625 0.03046875 0.0796875
0 0.33046875 0.25390625 0.02890625 0.08125
0 0.36484375 0.2515625 0.03515625 0.084375
0 0.40859375 0.2515625 0.040625 0.0875
0 0.8921875 0.4953125 0.04921875 0.08046875
0 0.16953125 0.7171875 0.01953125 0.08984375
0 0.98671875 0.93203125 0.02578125 0.06875
0 0.22734375 0.734375 0.02578125 0.08359375
0 0.0484375 0.50625 0.01484375 0.0234375
0 0.028125 0.503125 0.01953125 0.02421875
0 0.0078125 0.5015625 0.015625 0.025
0 0.41640625 0.3828125 0.03203125 0.090625
0 0.04140625 0.4734375 0.025 0.0234375
0 0.01484375 0.47109375 0.021875 0.0265625
0 0.046875 0.365625 0.0328125 0.0828125
0 0.0921875 0.37109375 0.0296875 0.0765625
0 0.12734375 0.371875 0.02890625 0.078125
0 0.15859375 0.371875 0.02421875 0.08046875
0 0.59296875 0.24453125 0.05 0.09375
0 0.64609375 0.24375 0.04453125 0.09921875
0 0.70078125 0.24296875 0.04609375 0.1
0 0.75703125 0.253125 0.04375 0.071875
0 0.06640625 0.51015625 0.01875 0.0203125
0 0.81015625 0.2453125 0.05390625 0.084375
0 0.91796875 0.25 0.053125 0.075
0 0.975 0.246875 0.04921875 0.08828125
0 0.97109375 0.3828125 0.03359375 0.0703125
0 0.19609375 0.728125 0.0296875 0.08125
0 0.90390625 0.39296875 0.03984375 0.04375
0 0.85859375 0.37109375 0.04453125 0.0796875
0 0.80625 0.36640625 0.0484375 0.07578125
0 0.75390625 0.36953125 0.04609375 0.0765625
0 0.69140625 0.3921875 0.04609375 0.10546875
0 0.64375 0.3921875 0.04296875 0.10703125
0 0.59609375 0.39140625 0.03984375 0.10390625
0 0.55390625 0.3890625 0.0390625 0.10625
0 0.50625 0.384375 0.04375 0.109375
0 0.459375 0.38125 0.0453125 0.10703125
0 0.86640625 0.25 0.046875 0.0734375
0 0.08828125 0.5125 0.01796875 0.02265625
0 0.01484375 0.36484375 0.02734375 0.08125
0 0.13203125 0.515625 0.02265625 0.025
0 0.58984375 0.8140625 0.0328125 0.1
0 0.89453125 0.9 0.04375 0.08671875
0 0.846875 0.88984375 0.04140625 0.08125
0 0.62734375 0.82421875 0.03359375 0.1015625
0 0.35078125 0.38125 0.02734375 0.0890625
0 0.31953125 0.37890625 0.02890625 0.08828125
0 0.28046875 0.34765625 0.03203125 0.0484375
0 0.24296875 0.346875 0.03203125 0.0484375
0 0.2421875 0.39609375 0.0359375 0.04375
0 0.28125 0.39765625 0.0375 0.0453125
0 0.80546875 0.88125 0.03984375 0.07578125
0 0.76171875 0.86328125 0.0359375 0.07421875
0 0.71640625 0.859375 0.04140625 0.0796875
0 0.6671875 0.8359375 0.040625 0.10625
0 0.10859375 0.5140625 0.0171875 0.0234375
0 0.31875 0.50703125 0.03828125 0.0984375
0 0.54921875 0.80625 0.04140625 0.10390625
0 0.38359375 0.38203125 0.03125 0.09375
0 0.4609375 0.7875 0.03515625 0.09609375
0 0.4234375 0.775 0.034375 0.1046875
0 0.3859375 0.765625 0.03515625 0.1
0 0.346875 0.7578125 0.03203125 0.103125
0 0.28984375 0.5375 0.01875 0.02578125
0 0.31328125 0.746875 0.02890625 0.1
0 0.28046875 0.7453125 0.02578125 0.0859375
0 0.253125 0.740625 0.02578125 0.08125
0 0.15703125 0.5171875 0.02265625 0.021875
0 0.26484375 0.5328125 0.02734375 0.0234375
0 0.23515625 0.5296875 0.02421875 0.0296875
0 0.20703125 0.52578125 0.02265625 0.0296875
0 0.50234375 0.79609375 0.03828125 0.0953125
0 0.18046875 0.521875 0.01953125 0.025