0 0.559375 0.71015625 0.06015625 0.0546875
0 0.61484375 0.68515625 0.04375 0.075
0 0.66875 0.6984375 0.0609375 0.0671875
0 0.88671875 0.8953125 0.075 0.01796875
0 0.78203125 0.69453125 0.05859375 0.075
0 0.9578125 0.825 0.0609375 0.1421875
0 0.49921875 0.7 0.05078125 0.0765625
0 0.72578125 0.684375 0.0484375 0.0734375
0 0.4390625 0.69609375 0.0703125 0.0875
0 0.9453125 0.57109375 0.03671875 0.0953125
0 0.32421875 0.6953125 0.05 0.0859375
0 0.26875 0.69140625 0.053125 0.1
0 0.2234375 0.69921875 0.03671875 0.0765625
0 0.17890625 0.69296875 0.053125 0.096875
0 0.12265625 0.71171875 0.05234375 0.0578125
0 0.98046875 0.56953125 0.0328125 0.09375
0 0.87421875 0.853125 0.0828125 0.0171875
0 0.9140625 0.57265625 0.02734375 0.090625
0 0.878125 0.571875 0.03828125 0.08828125
0 0.3765625 0.69140625 0.05078125 0.084375
0 0.7828125 0.8296875 0.0890625 0.1171875
0 0.90703125 0.7 0.05390625 0.0703125
0 0.66015625 0.81640625 0.04453125 0.10625
0 0.36796875 0.84140625 0.071875 0.0125
0 0.36796875 0.8265625 0.071875 0.01328125
0 0.36484375 0.8109375 0.06875 0.015625
0 0.36484375 0.79609375 0.0734375 0.01328125
0 0.3765625 0.78203125 0.075 0.015625
0 0.36953125 0.76171875 0.06953125 0.025
0 0.2640625 0.8546875 0.07734375 0.0140625
0 0.25625 0.8703125 0.07421875 0.0140625
0 0.3078125 0.8890625 0.02421875 0.04921875
0 0.25703125 0.89609375 0.071875 0.0171875
0 0.1765625 0.90078125 0.07421875 0.01640625
0 0.171875 0.865625 0.0734375 0.01171875
0 0.12421875 0.88828125 0.02265625 0.05078125
0 0.16796875 0.8515625 0.078125 0.0125
0 0.15546875 0.83671875 0.08203125 0.015625
0 0.96484375 0.70078125 0.05859375 0.07265625
0 0.8375 0.584375 0.03828125 0.0671875
0 0.84921875 0.70390625 0.0609375 0.0703125
0 0.44375 0.834375 0.06328125 0.078125
0 0.51953125 0.8140625 0.07890625 0.10703125
0 0.60078125 0.821875 0.0734375 0.0953125
0 0.70859375 0.82109375 0.05078125 0.09921875
0 0.8 0.5671875 0.0328125 0.09765625
0 0.54296875 0.57890625 0.0453125 0.06953125
0 0.7203125 0.5546875 0.0375 0.096875
0 0.7203125 0.43828125 0.03359375 0.08671875
0 0.684375 0.44140625 0.0359375 0.08203125
0 0.615625 0.4359375 0.05 0.09140625
0 0.56796875 0.43828125 0.040625 0.08515625
0 0.52734375 0.4375 0.04140625 0.0890625
0 0.48828125 0.4359375 0.03671875 0.08828125
0 0.43984375 0.43671875 0.0515625 0.0859375
0 0.3953125 0.43359375 0.0359375 0.08671875
0 0.3546875 0.43046875 0.03984375 0.09921875
0 0.75546875 0.43828125 0.034375 0.0890625
0 0.31171875 0.4328125 0.040625 0.08828125
0 0.2171875 0.42890625 0.03671875 0.08515625
0 0.15859375 0.42890625 0.05859375 0.08984375
0 0.1 0.42890625 0.05234375 0.0921875
0 0.97265625 0.30625 0.0546875 0.07421875
0 0.921875 0.296875 0.04296875 0.0921875
0 0.8703125 0.296875 0.05859375 0.0890625
0 0.821875 0.29921875 0.03984375 0.08125
0 0.75546875 0.2984375 0.05078125 0.0765625
0 0.71328125 0.30546875 0.028125 0.0640625
0 0.26328125 0.43125 0.05078125 0.08828125
0 0.76171875 0.5671875 0.0421875 0.09921875
0 0.784375 0.4515625 0.021875 0.0625
0 0.84453125 0.44609375 0.04140625 0.0828125
0 0.68671875 0.54609375 0.0234375 0.0921875
0 0.65390625 0.5625 0.0359375 0.103125
0 0.6171875 0.56171875 0.03203125 0.10234375
0 0.58515625 0.56015625 0.03359375 0.1046875
0 0.47734375 0.6015625 0.06875 0.02734375
0 0.478125 0.56875 0.06875 0.0328125
0 0.4765625 0.53515625 0.0625 0.0296875
0 0.41328125 0.5734375 0.05625 0.08359375
0 0.3640625 0.57578125 0.03828125 0.078125
0 0.809375 0.45 0.02734375 0.06015625
0 0.31875 0.571875 0.04609375 0.08046875
0 0.23046875 0.5609375 0.0328125 0.08515625
0 0.19140625 0.55703125 0.02578125 0.08984375
0 0.16015625 0.56484375 0.0375 0.09296875
0 0.11953125 0.56640625 0.03046875 0.0921875
0 0.0890625 0.5640625 0.03046875 0.0921875
0 0.98984375 0.446875 0.01953125 0.08203125
0 0.9625 0.45 0.03359375 0.07890625
0 0.92578125 0.44921875 0.0375 0.078125
0 0.8859375 0.446875 0.03671875 0.08515625
0 0.2734375 0.57265625 0.0421875 0.08359375
0 0.653125 0.44296875 0.0234375 0.0796875
0 0.3625 0.9015625 0.0734375 0.01484375
0 0.6359375 0.29140625 0.04921875 0.0921875
0 0.68046875 0.2921875 0.03828125 0.08515625
0 0.35859375 0.8609375 0.078125 0.02265625
0 0.26328125 0.13984375 0.07109375 0.03984375
0 0.32578125 0.14140625 0.04453125 0.03984375
0 0.46953125 0.103125 0.1140625 0.1234375
0 0.56953125 0.11484375 0.08046875 0.11328125
0 0.87109375 0.14453125 0.04296875 0.0828125
0 0.91953125 0.1453125 0.046875 0.08203125
0 0.96484375 0.14609375 0.04140625 0.0828125
0 0.1 0.2953125 0.06015625 0.04296875
0 0.38203125 0.1375 0.05390625 0.053125
0 0.22421875 0.3125 0.03828125 0.01640625
0 0.26875 0.271875 0.04375 0.09921875
0 0.3109375 0.27734375 0.0359375 0.09609375
0 0.35 0.275 0.03984375 0.09921875
0 0.39375 0.28671875 0.040625 0.08671875
0 0.4359375 0.28984375 0.0375 0.08125
0 0.47109375 0.2796875 0.028125 0.09765625
0 0.50703125 0.28828125 0.0375 0.08515625
0 0.165625 0.296875 0.06484375 0.03984375
0 0.58984375 0.2921875 0.04296875 0.08203125
0 0.54609375 0.29296875 0.03984375 0.07734375