0 0.2921875 0.6328125 0.02890625 0.07421875
0 0.0140625 0.6375 0.02421875 0.0390625
0 0.0671875 0.25546875 0.03203125 0.02421875
0 0.97109375 0.51015625 0.0578125 0.09921875
0 0.90625 0.51875 0.06328125 0.0796875
0 0.83359375 0.51015625 0.0609375 0.09375
0 0.76953125 0.5171875 0.05859375 0.08203125
0 0.69921875 0.51171875 0.0734375 0.1
0 0.62578125 0.52109375 0.05234375 0.08671875
0 0.5671875 0.5171875 0.04140625 0.05703125
0 0.5109375 0.5234375 0.0515625 0.0734375
0 0.44921875 0.51796875 0.05859375 0.0859375
0 0.3890625 0.48359375 0.05703125 0.02890625
0 0.39140625 0.53125 0.05234375 0.0625
0 0.3203125 0.5140625 0.078125 0.09375
0 0.25234375 0.51953125 0.0515625 0.0796875
0 0.0828125 0.62578125 0.03515625 0.09140625
0 0.1984375 0.5125 0.046875 0.090625
0 0.103125 0.51328125 0.03359375 0.0828125
0 0.05859375 0.52421875 0.03984375 0.0625
0 0.01640625 0.525 0.02890625 0.06640625
0 0.95546875 0.39765625 0.05546875 0.08515625
0 0.89140625 0.4015625 0.06171875 0.08671875
0 0.83125 0.4015625 0.0390625 0.08046875
0 0.7921875 0.40234375 0.03046875 0.07578125
0 0.7421875 0.4015625 0.053125 0.07734375
0 0.68046875 0.4046875 0.05703125 0.08125
0 0.6203125 0.39921875 0.0546875 0.09140625
0 0.56171875 0.4140625 0.05078125 0.0671875
0 0.503125 0.4 0.059375 0.09609375
0 0.44453125 0.3640625 0.04140625 0.02109375
0 0.43828125 0.41328125 0.053125 0.065625
0 0.1484375 0.51015625 0.04921875 0.09375
0 0.37890625 0.40078125 0.05703125 0.09140625
0 0.121875 0.628125 0.028125 0.08671875
0 0.2 0.62421875 0.0328125 0.07890625
0 0.97890625 0.7296875 0.040625 0.0390625
0 0.93203125 0.72421875 0.0421875 0.05625
0 0.8828125 0.7234375 0.04453125 0.0578125
0 0.84140625 0.71953125 0.028125 0.0328125
0 0.80625 0.73125 0.01796875 0.0296875
0 0.78125 0.72890625 0.02109375 0.03828125
0 0.753125 0.7234375 0.02890625 0.04609375
0 0.70703125 0.70859375 0.03203125 0.04140625
0 0.6515625 0.7203125 0.0640625 0.0453125
0 0.51953125 0.71953125 0.05234375 0.05625
0 0.4671875 0.7046875 0.04140625 0.03125
0 0.40625 0.7234375 0.05859375 0.0484375
0 0.3203125 0.721875 0.10234375 0.0578125
0 0.23828125 0.71171875 0.0484375 0.04140625
0 0.16171875 0.6265625 0.03359375 0.09609375
0 0.14375 0.72265625 0.1 0.05390625
0 0.94375 0.634375 0.08203125 0.07109375
0 0.859375 0.63359375 0.07265625 0.075
0 0.78359375 0.6375 0.06328125 0.05546875
0 0.69765625 0.63984375 0.05 0.05703125
0 0.6453125 0.62578125 0.0421875 0.090625
0 0.596875 0.62734375 0.03671875 0.084375
0 0.55703125 0.63359375 0.03359375 0.08203125
0 0.51171875 0.62890625 0.0328125 0.08125
0 0.4578125 0.62578125 0.03828125 0.084375
0 0.40859375 0.6265625 0.04296875 0.0859375
0 0.37421875 0.625 0.01875 0.0703125
0 0.3453125 0.63203125 0.03046875 0.07578125
0 0.265625 0.62734375 0.01796875 0.06875
0 0.2375 0.63203125 0.034375 0.07890625
0 0.0515625 0.7234375 0.07421875 0.0515625
0 0.31953125 0.4109375 0.04765625 0.0703125
0 0.271875 0.36484375 0.046875 0.0234375
0 0.2640625 0.4125 0.0546875 0.06796875
0 0.6390625 0.0296875 0.03828125 0.0578125
0 0.690625 0.04296875 0.04375 0.0359375
0 0.69765625 0.01015625 0.05703125 0.01875
0 0.73828125 0.0421875 0.0359375 0.034375
0 0.78359375 0.03515625 0.04609375 0.04609375
0 0.83203125 0.04375 0.03671875 0.03125
0 0.8359375 0.0171875 0.0453125 0.0203125
0 0.88046875 0.02890625 0.03671875 0.05546875
0 0.9421875 0.04140625 0.06953125 0.02734375
0 0.9453125 0.0140625 0.059375 0.0203125
0 0.02578125 0.109375 0.0515625 0.025
0 0.0328125 0.08671875 0.0578125 0.015625
0 0.0265625 0.1671875 0.053125 0.08125
0 0.08203125 0.16796875 0.05859375 0.0765625
0 0.590625 0.03125 0.0453125 0.0609375
0 0.14609375 0.16640625 0.06015625 0.08671875
0 0.24140625 0.1078125 0.046875 0.01953125
0 0.2765625 0.16640625 0.05546875 0.08359375
0 0.33984375 0.171875 0.05078125 0.075
0 0.4078125 0.1421875 0.06953125 0.13046875
0 0.48046875 0.16796875 0.06015625 0.08359375
0 0.48046875 0.1140625 0.05625 0.02265625
0 0.55546875 0.14453125 0.07421875 0.128125
0 0.6265625 0.171875 0.05859375 0.07265625
0 0.7078125 0.16953125 0.05703125 0.0765625
0 0.771875 0.171875 0.06328125 0.075
0 0.83515625 0.17109375 0.05546875 0.07109375
0 0.8953125 0.16875 0.0578125 0.078125
0 0.95390625 0.1703125 0.0484375 0.078125
0 0.0609375 0.3015625 0.0484375 0.065625
0 0.2109375 0.17265625 0.0546875 0.0703125
0 0.53125 0.04765625 0.05078125 0.015625
0 0.5359375 0.02421875 0.0515625 0.02109375
0 0.46875 0.00859375 0.07265625 0.01640625
0 0.20078125 0.3984375 0.05859375 0.09296875
0 0.13125 0.42890625 0.06171875 0.02578125
0 0.1421875 0.4 0.05234375 0.0296875
0 0.0765625 0.4078125 0.0390625 0.06484375
0 0.03671875 0.39609375 0.0375 0.07890625
0 0.9421875 0.29765625 0.05390625 0.078125
0 0.88359375 0.2984375 0.0546875 0.0734375
0 0.815625 0.24609375 0.09296875 0.02734375
0 0.8234375 0.3 0.0578125 0.075
0 0.7484375 0.30078125 0.071875 0.07734375
0 0.68828125 0.3015625 0.04296875 0.07265625
0 0.63046875 0.303125 0.06328125 0.075
0 0.621875 0.24609375 0.04921875 0.0296875
0 0.56171875 0.2875 0.04609375 0.103125
0 0.4890625 0.29921875 0.04921875 0.08046875
0 0.4171875 0.28359375 0.0640625 0.1125
0 0.35234375 0.24921875 0.05625 0.02109375
0 0.465625 0.0375 0.0546875 0.03203125
0 0.409375 0.03125 0.0359375 0.0515625
0 0.3671875 0.0375 0.02890625 0.03515625
0 0.33125 0.0296875 0.0265625 0.05703125
0 0.2890625 0.0265625 0.03515625 0.05078125
0 0.24765625 0.0296875 0.02734375 0.059375
0 0.01953125 0.82734375 0.034375 0.06953125
0 0.21015625 0.03125 0.04140625 0.053125
0 0.10390625 0.03203125 0.03515625 0.05546875
0 0.06875 0.0296875 0.03125 0.05625
0 0.0296875 0.0296875 0.0390625 0.0546875
0 0.20390625 0.30234375 0.04921875 0.06171875
0 0.2734375 0.2859375 0.07421875 0.103125
0 0.33984375 0.30390625 0.0515625 0.07109375
0 0.15546875 0.0296875 0.05078125 0.05703125
0 0.1015625 0.8203125 0.03203125 0.06953125
0 0.125 0.2796875 0.06640625 0.1109375
0 0.88515625 0.81640625 0.0328125 0.07109375
0 0.3703125 0.8125 0.0359375 0.090625
0 0.4125 0.81328125 0.04296875 0.09296875
0 0.4578125 0.81484375 0.04375 0.0890625
0 0.503125 0.80703125 0.03515625 0.07421875
0 0.55078125 0.81796875 0.0453125 0.0859375
0 0.59921875 0.81796875 0.0359375 0.08515625
0 0.328125 0.82578125 0.03984375 0.07109375
0 0.64453125 0.8125 0.04140625 0.08203125
0 0.74375 0.79375 0.03203125 0.04921875
0 0.8015625 0.821875 0.04609375 0.07265625
0 0.8453125 0.821875 0.0359375 0.07421875
0 0.925 0.81796875 0.03984375 0.0765625
0 0.9640625 0.8 0.028125 0.05703125
0 0.9921875 0.79609375 0.01484375 0.0625
0 0.70390625 0.79296875 0.03359375 0.05390625
0 0.184375 0.81640625 0.03828125 0.07109375
0 0.1421875 0.82421875 0.03984375 0.0671875