0 0.02421875 0.3859375 0.04296875 0.06328125
0 0.08359375 0.4046875 0.04375 0.0421875
0 0.32421875 0.10078125 0.05 0.071875
0 0.84453125 0.4828125 0.04453125 0.04375
0 0.43046875 0.6875 0.04609375 0.04609375
0 0.10625 0.55078125 0.0796875 0.02890625
0 0.5421875 0.6890625 0.04375 0.046875
0 0.65078125 0.69140625 0.05546875 0.03125
0 0.72421875 0.6921875 0.04453125 0.0421875
0 0.784375 0.70390625 0.0375 0.0296875
0 0.15546875 0.7578125 0.0390625 0.034375
0 0.2609375 0.11328125 0.05625 0.05859375
0 0.93203125 0.3390625 0.07109375 0.040625
0 0.0359375 0.7203125 0.06640625 0.08125
0 0.7609375 0.34375 0.08203125 0.0328125
0 0.06015625 0.82734375 0.04765625 0.05
0 0.19375 0.7609375 0.03359375 0.0359375
0 0.89375 0.83359375 0.05546875 0.03046875
0 0.81875 0.82578125 0.0703125 0.04375
0 0.74140625 0.82578125 0.05859375 0.046875
0 0.68359375 0.83203125 0.040625 0.0296875
0 0.63359375 0.11015625 0.04296875 0.06171875
0 0.67890625 0.1125 0.0296875 0.05234375
0 0.784375 0.1296875 0.046875 0.0203125
0 0.78984375 0.0984375 0.05859375 0.02421875
0 0.7828125 0.065625 0.06015625 0.02734375
0 0.846875 0.346875 0.07578125 0.0328125
0 0.2546875 0.75546875 0.03828125 0.0328125
0 0.51953125 0.75625 0.03984375 0.0359375
0 0.34453125 0.75546875 0.034375 0.03515625
0 0.5015625 0.8265625 0.0859375 0.05390625
0 0.37265625 0.10546875 0.03359375 0.0640625
0 0.43125 0.11640625 0.04765625 0.04296875
0 0.57265625 0.10703125 0.04921875 0.0671875
0 0.3375 0.82421875 0.0296875 0.0515625
0 0.3015625 0.825 0.01953125 0.04375
0 0.26171875 0.8171875 0.0421875 0.04375
0 0.22421875 0.81796875 0.028125 0.0421875
0 0.52734375 0.40546875 0.0609375 0.0484375
0 0.46328125 0.4046875 0.04453125 0.0484375
0 0.4140625 0.4046875 0.04453125 0.04296875
0 0.36015625 0.4015625 0.04453125 0.0453125
0 0.303125 0.75234375 0.03828125 0.03515625
0 0.31015625 0.40390625 0.046875 0.04453125
0 0.1421875 0.403125 0.0578125 0.040625
0 0.178125 0.8265625 0.04765625 0.05703125
0 0.12109375 0.8296875 0.0515625 0.0484375
0 0.90625 0.75 0.0453125 0.0328125
0 0.84765625 0.7546875 0.05625 0.03203125
0 0.74375 0.75703125 0.03828125 0.0328125
0 0.63046875 0.76015625 0.05625 0.0359375
0 0.575 0.75546875 0.04765625 0.03515625
0 0.43046875 0.75546875 0.03125 0.0359375
0 0.87734375 0.1296875 0.08984375 0.03046875
0 0.47421875 0.7546875 0.0359375 0.03984375
0 0.3921875 0.75546875 0.0421875 0.0421875
0 0.22890625 0.40546875 0.084375 0.04140625
0 0.88203125 0.0984375 0.09375 0.0265625
0 0.48359375 0.6875 0.05546875 0.0484375
0 0.11171875 0.26171875 0.028125 0.03046875
0 0.27421875 0.6140625 0.06171875 0.0484375
0 0.1796875 0.6140625 0.06171875 0.04609375
0 0.10390625 0.61328125 0.0484375 0.05
0 0.04921875 0.64765625 0.046875 0.04921875
0 0.92578125 0.546875 0.04765625 0.0453125
0 0.88125 0.5484375 0.0359375 0.046875
0 0.82890625 0.5484375 0.04375 0.0453125
0 0.77890625 0.54765625 0.0421875 0.04296875
0 0.7265625 0.54296875 0.0546875 0.0375
0 0.51796875 0.54375 0.0359375 0.0421875
0 0.48125 0.54453125 0.0296875 0.04296875
0 0.296875 0.5453125 0.06171875 0.04765625
0 0.21015625 0.540625 0.06171875 0.0375
0 0.63125 0.4046875 0.07890625 0.046875
0 0.334375 0.6234375 0.04375 0.02265625
0 0.709375 0.4046875 0.06640625 0.0515625
0 0.9359375 0.40625 0.0578125 0.04375
0 0.04140625 0.4953125 0.04765625 0.0765625
0 0.096875 0.4765625 0.04453125 0.0453125
0 0.14453125 0.475 0.0421875 0.04453125
0 0.08046875 0.2609375 0.028125 0.0296875
0 0.26640625 0.4765625 0.0515625 0.04296875
0 0.3546875 0.48515625 0.0640625 0.028125
0 0.41015625 0.4796875 0.0421875 0.0453125
0 0.4765625 0.47734375 0.046875 0.04609375
0 0.5234375 0.47578125 0.0375 0.046875
0 0.56875 0.478125 0.0359375 0.04375
0 0.6625 0.4875 0.07421875 0.02890625
0 0.7359375 0.478125 0.04375 0.03984375
0 0.7875 0.48203125 0.0484375 0.0484375
0 0.86328125 0.403125 0.0765625 0.0453125
0 0.40625 0.62265625 0.07421875 0.034375
0 0.190625 0.478125 0.0375 0.0453125
0 0.56953125 0.6171875 0.0375 0.04140625
0 0.12109375 0.33515625 0.09765625 0.04140625
0 0.6625 0.33671875 0.0953125 0.0453125
0 0.81484375 0.25703125 0.05234375 0.04140625
0 0.74921875 0.2578125 0.05859375 0.04375
0 0.6890625 0.2625 0.05078125 0.04296875
0 0.628125 0.2609375 0.05703125 0.034375
0 0.22578125 0.33828125 0.09296875 0.0421875
0 0.55390625 0.253125 0.06875 0.0515625
0 0.359375 0.253125 0.05234375 0.05078125
0 0.303125 0.25546875 0.0421875 0.0546875
0 0.253125 0.2546875 0.04453125 0.05390625
0 0.19921875 0.25390625 0.03515625 0.05234375
0 0.50390625 0.61953125 0.0453125 0.034375
0 0.15625 0.2546875 0.04140625 0.0484375
0 0.475 0.2578125 0.053125 0.04296875
0 0.31015625 0.334375 0.05234375 0.03359375
0 0.41640625 0.55625 0.08515625 0.0296875
0 0.4265625 0.34140625 0.05390625 0.04296875
0 0.66953125 0.6140625 0.028125 0.04921875
0 0.3671875 0.3359375 0.0484375 0.03671875
0 0.85 0.61796875 0.05546875 0.0484375
0 0.9125 0.615625 0.04765625 0.05
0 0.9796875 0.6375 0.03828125 0.0359375
0 0.15390625 0.68828125 0.05703125 0.05625
0 0.76875 0.61484375 0.04765625 0.02734375
0 0.315625 0.690625 0.03671875 0.046875
0 0.35859375 0.68828125 0.03515625 0.0484375
0 0.621875 0.82421875 0.07109375 0.0515625
0 0.48203125 0.340625 0.0515625 0.040625
0 0.56015625 0.33984375 0.08984375 0.0453125
0 0.27421875 0.69140625 0.0421875 0.0515625
0 0.634375 0.6140625 0.0390625 0.0484375