0 0.89140625 0.64140625 0.04765625 0.04453125
0 0.3859375 0.67421875 0.10546875 0.06171875
0 0.47421875 0.68359375 0.0671875 0.04375
0 0.5390625 0.64296875 0.0546875 0.046875
0 0.59765625 0.64375 0.06015625 0.04609375
0 0.5765625 0.578125 0.02421875 0.0421875
0 0.65703125 0.64140625 0.05703125 0.05390625
0 0.60234375 0.57734375 0.02265625 0.0484375
0 0.625 0.57578125 0.02265625 0.04921875
0 0.6484375 0.575 0.02421875 0.0484375
0 0.6703125 0.57421875 0.0203125 0.05
0 0.93671875 0.64140625 0.04296875 0.04453125
0 0.69453125 0.57265625 0.02734375 0.05859375
0 0.76171875 0.57421875 0.034375 0.05703125
0 0.79453125 0.5734375 0.03125 0.0578125
0 0.82421875 0.56875 0.0296875 0.06640625
0 0.85546875 0.56953125 0.03125 0.06875
0 0.8828125 0.56953125 0.02421875 0.0625
0 0.9125 0.5703125 0.03515625 0.06640625
0 0.94765625 0.57109375 0.03125 0.065625
0 0.97734375 0.56875 0.0296875 0.0640625
0 0.278125 0.675 0.109375 0.0625
0 0.7125 0.6421875 0.0546875 0.0546875
0 0.76328125 0.64296875 0.04296875 0.04453125
0 0.80546875 0.6421875 0.040625 0.04296875
0 0.84765625 0.64140625 0.04140625 0.04375
0 0.7234375 0.57265625 0.028125 0.05703125
0 0.14921875 0.6765625 0.14921875 0.06328125
0 0.14921875 0.82734375 0.07265625 0.0484375
0 0.0796875 0.75546875 0.06640625 0.03671875
0 0.45859375 0.58828125 0.0609375 0.034375
0 0.24375 0.8234375 0.1125 0.05078125
0 0.33515625 0.821875 0.07109375 0.04765625
0 0.52421875 0.8203125 0.06875 0.053125
0 0.59453125 0.83671875 0.06640625 0.0296875
0 0.6625 0.83125 0.06171875 0.0296875
0 0.59453125 0.79375 0.06953125 0.0546875
0 0.6640625 0.790625 0.06328125 0.05
0 0.728125 0.82265625 0.06484375 0.05546875
0 0.796875 0.8375 0.0640625 0.03046875
0 0.7953125 0.80078125 0.06015625 0.03828125
0 0.8609375 0.8265625 0.06328125 0.04765625
0 0.03671875 0.67578125 0.0734375 0.06171875
0 0.9125 0.809375 0.03828125 0.084375
0 0.9859375 0.79921875 0.028125 0.0796875
0 0.93515625 0.71953125 0.071875 0.05078125
0 0.86484375 0.72109375 0.065625 0.05
0 0.79765625 0.7203125 0.06640625 0.0515625
0 0.6796875 0.72265625 0.0734375 0.04765625
0 0.6078125 0.72109375 0.06953125 0.05
0 0.5171875 0.48515625 0.05078125 0.0359375
0 0.0515625 0.82734375 0.10234375 0.04921875
0 0.540625 0.71875 0.065625 0.0484375
0 0.37890625 0.746875 0.109375 0.05078125
0 0.28046875 0.74375 0.08359375 0.040625
0 0.17265625 0.75 0.11796875 0.05
0 0.95234375 0.80078125 0.0375 0.0796875
0 0.365625 0.5953125 0.1078125 0.0625
0 0.32734375 0.27421875 0.07578125 0.0359375
0 0.12109375 0.59609375 0.15234375 0.0640625
0 0.6234375 0.1375 0.04375 0.03671875
0 0.6765625 0.14453125 0.05703125 0.0265625
0 0.6765625 0.11796875 0.0578125 0.02578125
0 0.721875 0.1234375 0.0328125 0.0734375
0 0.753125 0.12890625 0.025 0.059375
0 0.78359375 0.12890625 0.03515625 0.05859375
0 0.8125 0.11875 0.02265625 0.07734375
0 0.578125 0.1296875 0.0421875 0.0546875
0 0.840625 0.1375 0.0296875 0.04375
0 0.9484375 0.13125 0.04140625 0.05859375
0 0.9734375 0.27265625 0.053125 0.053125
0 0.9140625 0.2703125 0.0640625 0.05546875
0 0.84453125 0.2703125 0.0765625 0.05390625
0 0.7640625 0.26875 0.075 0.05546875
0 0.5640625 0.26640625 0.07421875 0.0578125
0 0.47734375 0.1875 0.06875 0.03515625
0 0.88671875 0.11796875 0.0578125 0.09375
0 0.4859375 0.23984375 0.07578125 0.0359375
0 0.584375 0.07109375 0.0484375 0.059375
0 0.53203125 0.12890625 0.04375 0.05078125
0 0.02578125 0.05234375 0.0515625 0.03671875
0 0.02578125 0.12578125 0.0515625 0.03828125
0 0.02578125 0.0890625 0.05078125 0.03515625
0 0.07890625 0.0609375 0.0484375 0.0546875
0 0.08203125 0.11640625 0.04765625 0.05625
0 0.13046875 0.11796875 0.04375 0.0546875
0 0.1265625 0.0609375 0.04765625 0.0578125
0 0.53515625 0.08359375 0.03984375 0.03828125
0 0.1921875 0.11328125 0.0703125 0.07265625
0 0.33671875 0.12265625 0.0703125 0.0515625
0 0.33671875 0.06796875 0.06796875 0.05625
0 0.39296875 0.0671875 0.04453125 0.0578125
0 0.39296875 0.1234375 0.04140625 0.0546875
0 0.44140625 0.134375 0.05078125 0.0375
0 0.440625 0.09609375 0.04921875 0.03984375
0 0.4890625 0.125 0.04375 0.0578125
0 0.2515625 0.12109375 0.046875 0.05859375
0 0.25625 0.59453125 0.1125 0.06171875
0 0.40859375 0.23828125 0.07578125 0.03671875
0 0.4796875 0.2765625 0.078125 0.0375
0 0.9140625 0.3546875 0.071875 0.04609375
0 0.97109375 0.42890625 0.05703125 0.05
0 0.9078125 0.4265625 0.06796875 0.05078125
0 0.8375 0.42734375 0.07421875 0.05078125
0 0.7640625 0.4265625 0.06953125 0.0515625
0 0.6921875 0.42421875 0.075 0.046875
0 0.6125 0.425 0.06796875 0.046875
0 0.8390625 0.35703125 0.0796875 0.05078125
0 0.97421875 0.49453125 0.0515625 0.0515625
0 0.81953125 0.490625 0.06171875 0.04921875
0 0.6890625 0.5015625 0.0734375 0.046875
0 0.61484375 0.49765625 0.0703125 0.046875
0 0.46875 0.53359375 0.065625 0.03671875
0 0.34609375 0.5140625 0.09921875 0.0734375
0 0.24765625 0.515625 0.10078125 0.07109375
0 0.1203125 0.51640625 0.15078125 0.06875
0 0.9140625 0.49765625 0.0671875 0.05
0 0.40234375 0.275 0.075 0.03671875
0 0.56875 0.34140625 0.06875 0.025
0 0.57890625 0.375 0.04453125 0.03984375
0 0.2515625 0.27265625 0.07578125 0.03828125
0 0.253125 0.23359375 0.07734375 0.0375
0 0.2484375 0.19453125 0.08203125 0.0390625
0 0.17421875 0.23203125 0.0796875 0.0359375
0 0.1734375 0.26953125 0.07890625 0.0375
0 0.07265625 0.2515625 0.11953125 0.07421875
0 0.13828125 0.35546875 0.15859375 0.071875
0 0.63984375 0.35625 0.06796875 0.05234375
0 0.140625 0.42578125 0.1546875 0.06875
0 0.27421875 0.3515625 0.1 0.0765625
0 0.37421875 0.42578125 0.09609375 0.07265625
0 0.43515625 0.371875 0.071875 0.0359375
0 0.36796875 0.3546875 0.059375 0.0671875
0 0.46640625 0.3390625 0.059375 0.03125
0 0.4640625 0.44453125 0.07578125 0.034375
0 0.4609375 0.40859375 0.06953125 0.03359375
0 0.275 0.425 0.1015625 0.0703125
0 0.51484375 0.4015625 0.0390625 0.05