0 0.71796875 0.384375 0.03359375 0.071875
0 0.75390625 0.38359375 0.03984375 0.0765625
0 0.04296875 0.18046875 0.04921875 0.09453125
0 0.8265625 0.38203125 0.0390625 0.0796875
0 0.8640625 0.38125 0.028125 0.08125
0 0.9046875 0.3859375 0.0515625 0.071875
0 0.06328125 0.8703125 0.0375 0.06171875
0 0.10390625 0.8859375 0.0359375 0.0625
0 0.1484375 0.8453125 0.053125 0.06171875
0 0.29609375 0.89609375 0.07890625 0.0640625
0 0.3734375 0.89921875 0.07734375 0.0578125
0 0.45 0.9 0.06796875 0.0625
0 0.52734375 0.89921875 0.08828125 0.06328125
0 0.66875 0.8890625 0.040625 0.059375
0 0.8375 0.9015625 0.0359375 0.071875
0 0.8734375 0.90234375 0.03515625 0.06640625
0 0.9109375 0.89921875 0.03203125 0.0734375
0 0.93125 0.82109375 0.1375 0.0703125
0 0.93515625 0.74375 0.1296875 0.06015625
0 0.80625 0.8109375 0.0421875 0.08359375
0 0.03828125 0.76796875 0.075 0.0578125
0 0.153125 0.90234375 0.04921875 0.04296875
0 0.60859375 0.903125 0.06796875 0.071875
0 0.78203125 0.27890625 0.03828125 0.07890625
0 0.74609375 0.2796875 0.0390625 0.0796875
0 0.22890625 0.16015625 0.0375 0.10234375
0 0.271875 0.1578125 0.03828125 0.1
0 0.1265625 0.76640625 0.09453125 0.053125
0 0.3109375 0.15859375 0.03828125 0.1
0 0.353125 0.16171875 0.0453125 0.0921875
0 0.396875 0.16015625 0.0390625 0.0953125
0 0.4390625 0.16015625 0.0421875 0.0953125
0 0.48359375 0.16171875 0.0421875 0.10234375
0 0.528125 0.1609375 0.04453125 0.10546875
0 0.57265625 0.16171875 0.040625 0.10859375
0 0.61796875 0.1640625 0.0453125 0.103125
0 0.66015625 0.1609375 0.03984375 0.0953125
0 0.7015625 0.16953125 0.0453125 0.07734375
0 0.7484375 0.1703125 0.0421875 0.08984375
0 0.79375 0.17109375 0.0453125 0.08828125
0 0.83828125 0.16953125 0.0421875 0.08828125
0 0.93828125 0.28125 0.03046875 0.0734375
0 0.903125 0.28203125 0.03984375 0.08125
0 0.87890625 0.1671875 0.0421875 0.09296875
0 0.8625 0.28046875 0.04140625 0.07265625
0 0.82109375 0.28125 0.0390625 0.0734375
0 0.96484375 0.16875 0.05 0.08359375
0 0.19921875 0.8015625 0.0390625 0.08671875
0 0.790625 0.3828125 0.03125 0.07734375
0 0.27578125 0.803125 0.0375 0.08046875
0 0.58984375 0.28828125 0.0703125 0.06015625
0 0.521875 0.28828125 0.06484375 0.059375
0 0.45 0.28828125 0.0671875 0.05703125
0 0.38515625 0.2953125 0.05625 0.05
0 0.1296875 0.28671875 0.04296875 0.07109375
0 0.08359375 0.290625 0.0453125 0.07265625
0 0.0421875 0.28984375 0.040625 0.07421875
0 0.46796875 0.53359375 0.06796875 0.0671875
0 0.92421875 0.55625 0.08671875 0.06953125
0 0.7796875 0.56484375 0.19375 0.07109375
0 0.5859375 0.55859375 0.18125 0.05625
0 0.78046875 0.49609375 0.190625 0.0625
0 0.59140625 0.4953125 0.18046875 0.0640625
0 0.32421875 0.48125 0.05703125 0.0765625
0 0.39140625 0.48359375 0.06953125 0.07265625
0 0.39375 0.55625 0.0625 0.0671875
0 0.3296875 0.559375 0.06484375 0.06640625
0 0.2640625 0.55625 0.059375 0.06484375
0 0.2 0.55625 0.0625 0.06328125
0 0.23828125 0.803125 0.03671875 0.08125
0 0.13515625 0.184375 0.04140625 0.08203125
0 0.6671875 0.28671875 0.08359375 0.06484375
0 0.08359375 0.38828125 0.0578125 0.05546875
0 0.090625 0.1859375 0.046875 0.08359375
0 0.14609375 0.471875 0.03984375 0.05703125
0 0.1015625 0.46953125 0.046875 0.04921875
0 0.0515625 0.47421875 0.03828125 0.05859375
0 0.015625 0.4671875 0.0296875 0.05625
0 0.67890625 0.378125 0.03203125 0.071875
0 0.64375 0.37890625 0.03515625 0.07265625
0 0.60234375 0.37890625 0.04140625 0.0734375
0 0.56484375 0.37734375 0.0328125 0.0765625
0 0.5265625 0.37890625 0.03828125 0.0671875
0 0.49140625 0.37890625 0.0328125 0.06640625
0 0.4546875 0.37890625 0.0328125 0.0625
0 0.41953125 0.3828125 0.0359375 0.053125
0 0.38359375 0.38203125 0.028125 0.0609375
0 0.3484375 0.375 0.0375 0.07890625
0 0.31015625 0.38125 0.0453125 0.06875
0 0.2640625 0.38515625 0.046875 0.0609375
0 0.20625 0.38515625 0.04609375 0.0609375
0 0.14921875 0.3890625 0.065625 0.05625
0 0.034375 0.39140625 0.04375 0.0484375
0 0.18515625 0.1609375 0.04375 0.096875
0 0.58359375 0.6578125 0.05078125 0.0609375
0 0.7609375 0.81484375 0.040625 0.0953125
0 0.52109375 0.66171875 0.07109375 0.065625
0 0.3921875 0.7203125 0.18046875 0.0671875
0 0.38984375 0.80859375 0.0328125 0.0734375
0 0.42890625 0.81171875 0.0421875 0.08515625
0 0.4703125 0.80703125 0.0390625 0.0921875
0 0.51484375 0.81015625 0.0390625 0.090625
0 0.553125 0.8125 0.0375 0.0875
0 0.59453125 0.81328125 0.0421875 0.0921875
0 0.63359375 0.8125 0.034375 0.08984375
0 0.6734375 0.81484375 0.0421875 0.09453125
0 0.7140625 0.81484375 0.0421875 0.0921875
0 0.3984375 0.64921875 0.16875 0.05703125
0 0.278125 0.6828125 0.0390625 0.06875
0 0.20546875 0.71484375 0.0625 0.05703125
0 0.203125 0.65390625 0.06796875 0.0609375
0 0.15 0.6890625 0.03984375 0.05859375
0 0.10625 0.690625 0.0484375 0.0546875
0 0.01953125 0.696875 0.03828125 0.05234375
0 0.059375 0.6953125 0.040625 0.04609375
0 0.97421875 0.6515625 0.0515625 0.07265625
0 0.353125 0.803125 0.04140625 0.08359375
0 0.5171875 0.72265625 0.06484375 0.05703125
0 0.91484375 0.4796875 0.08515625 0.07265625
0 0.20625 0.49296875 0.06484375 0.059375
0 0.09921875 0.546875 0.04296875 0.046875
0 0.0578125 0.54453125 0.0421875 0.05
0 0.14765625 0.615625 0.034375 0.05390625
0 0.09453125 0.6171875 0.0375 0.05703125
0 0.05234375 0.61640625 0.04765625 0.05625
0 0.31171875 0.8046875 0.0359375 0.078125
0 0.83828125 0.73125 0.0609375 0.0609375
0 0.90859375 0.65078125 0.0796875 0.07734375
0 0.70625 0.72109375 0.0625 0.05859375
0 0.64453125 0.721875 0.0609375 0.059375
0 0.834375 0.66640625 0.05859375 0.05546875
0 0.77421875 0.6671875 0.059375 0.05390625
0 0.7125 0.66875 0.0546875 0.059375
0 0.64375 0.659375 0.07578125 0.059375
0 0.58125 0.7234375 0.0578125 0.05703125
0 0.7765625 0.72734375 0.0640625 0.06875