0 0.88515625 0.74296875 0.02578125 0.0796875
0 0.36171875 0.8 0.1078125 0.0109375
0 0.9078125 0.74453125 0.015625 0.07578125
0 0.128125 0.4609375 0.10234375 0.0203125
0 0.75234375 0.6890625 0.1171875 0.01484375
0 0.75234375 0.7046875 0.121875 0.01328125
0 0.36015625 0.815625 0.1125 0.01796875
0 0.23203125 0.4609375 0.10390625 0.0203125
0 0.8515625 0.74609375 0.03125 0.0734375
0 0.484375 0.78515625 0.0984375 0.021875
0 0.1515625 0.87734375 0.10078125 0.0578125
0 0.5984375 0.8125 0.0984375 0.0140625
0 0.34140625 0.4390625 0.08671875 0.01640625
0 0.40546875 0.43828125 0.03203125 0.071875
0 0.440625 0.4375 0.0296875 0.0671875
0 0.52109375 0.4328125 0.04140625 0.078125
0 0.33671875 0.4640625 0.10078125 0.01953125
0 0.58828125 0.4359375 0.084375 0.0703125
0 0.68203125 0.409375 0.08828125 0.01875
0 0.48203125 0.8765625 0.11328125 0.065625
0 0.37421875 0.87734375 0.09140625 0.0640625
0 0.259375 0.875 0.10859375 0.0640625
0 0.9265625 0.74296875 0.02109375 0.078125
0 0.0390625 0.8734375 0.0765625 0.0609375
0 0.7515625 0.7953125 0.12109375 0.05859375
0 0.66953125 0.796875 0.02734375 0.053125
0 0.596875 0.79140625 0.1015625 0.0203125
0 0.48984375 0.81328125 0.103125 0.01875
0 0.0375 0.4609375 0.06875 0.0203125
0 0.171875 0.21796875 0.09453125 0.0796875
0 0.93359375 0.378125 0.021875 0.10703125
0 0.68828125 0.4390625 0.09140625 0.02109375
0 0.6890625 0.46171875 0.09296875 0.0171875
0 0.87265625 0.5171875 0.028125 0.1078125
0 0.9046875 0.51015625 0.02890625 0.0984375
0 0.9421875 0.5078125 0.02890625 0.09765625
0 0.98203125 0.50859375 0.0359375 0.0890625
0 0.83671875 0.63828125 0.01875 0.08671875
0 0.8640625 0.63359375 0.02265625 0.078125
0 0.89375 0.63515625 0.02109375 0.0796875
0 0.9328125 0.63203125 0.0390625 0.0859375
0 0.9625 0.63359375 0.0171875 0.0796875
0 0.98828125 0.63515625 0.0234375 0.08203125
0 0.128125 0.55078125 0.09296875 0.0140625
0 0.1390625 0.52578125 0.08515625 0.0140625
0 0.25859375 0.51171875 0.07890625 0.0171875
0 0.2359375 0.55234375 0.10234375 0.0171875
0 0.3390625 0.55078125 0.09609375 0.0203125
0 0.9421875 0.8515625 0.09921875 0.12109375
0 0.828125 0.878125 0.12734375 0.065625
0 0.71875 0.878125 0.0859375 0.065625
0 0.6046875 0.878125 0.11953125 0.0703125
0 0.7640625 0.35703125 0.06953125 0.0203125
0 0.7609375 0.33203125 0.0765625 0.01875
0 0.76953125 0.309375 0.09296875 0.02265625
0 0.8625 0.3734375 0.03671875 0.103125
0 0.74921875 0.7328125 0.11015625 0.0265625
0 0.90234375 0.37578125 0.03515625 0.0984375
0 0.97578125 0.38359375 0.04765625 0.0953125
0 0.675 0.71640625 0.034375 0.0640625
0 0.76953125 0.55 0.10859375 0.01875
0 0.4625 0.73359375 0.12734375 0.025
0 0.0234375 0.2203125 0.04453125 0.071875
0 0.67265625 0.35546875 0.10234375 0.02109375
0 0.67109375 0.33203125 0.09453125 0.01875
0 0.5921875 0.7265625 0.12421875 0.0390625
0 0.94609375 0.19609375 0.10234375 0.0203125
0 0.946875 0.21953125 0.1015625 0.021875
0 0.946875 0.2453125 0.0984375 0.021875
0 0.8328125 0.24375 0.11484375 0.01875
0 0.82578125 0.22265625 0.10703125 0.015625
0 0.584375 0.3328125 0.03046875 0.07734375
0 0.5515625 0.32890625 0.03359375 0.06875
0 0.46875 0.3546875 0.10703125 0.0171875
0 0.46875 0.33203125 0.09765625 0.0171875
0 0.3640625 0.33359375 0.09453125 0.021875
0 0.9609375 0.74453125 0.04453125 0.0796875
0 0.35703125 0.3578125 0.09765625 0.01875
0 0.27578125 0.3296875 0.08046875 0.02109375
0 0.1734375 0.33125 0.06640625 0.0171875
0 0.159375 0.3546875 0.08359375 0.0234375
0 0.0875 0.33046875 0.03828125 0.0765625
0 0.7234375 0.2484375 0.09921875 0.021875
0 0.7171875 0.2265625 0.0890625 0.01640625
0 0.71015625 0.2078125 0.07578125 0.0125
0 0.60859375 0.246875 0.1078125 0.0203125
0 0.61015625 0.2234375 0.10703125 0.021875
0 0.609375 0.19765625 0.10703125 0.0171875
0 0.521875 0.2140625 0.0484375 0.0875
0 0.43984375 0.24609375 0.096875 0.02578125
0 0.3390625 0.22109375 0.08203125 0.0671875
0 0.25625 0.21640625 0.06796875 0.0796875
0 0.25703125 0.35703125 0.09453125 0.0171875
0 0.11953125 0.803125 0.11796875 0.0359375
0 0.6625 0.3078125 0.09140625 0.0234375
0 0.76796875 0.6390625 0.10625 0.021875
0 0.46171875 0.7078125 0.11796875 0.0140625
0 0.4609375 0.68515625 0.11015625 0.0203125
0 0.3296875 0.7328125 0.11953125 0.01875
0 0.33359375 0.7140625 0.12109375 0.0171875
0 0.3375 0.6875 0.12265625 0.0234375
0 0.2171875 0.73125 0.09765625 0.0140625
0 0.21953125 0.71015625 0.09296875 0.01875
0 0.1390625 0.70390625 0.0453125 0.0671875
0 0.06640625 0.7078125 0.08671875 0.06796875
0 0.2375 0.8125 0.1140625 0.0140625
0 0.76171875 0.6046875 0.10703125 0.0359375
0 0.6578125 0.61640625 0.06875 0.059375
0 0.56015625 0.61875 0.10546875 0.0578125
0 0.35234375 0.61640625 0.09296875 0.06484375
0 0.2390625 0.621875 0.09921875 0.0484375
0 0.45546875 0.621875 0.08046875 0.05546875
0 0.1390625 0.60703125 0.0984375 0.015625
0 0.2375 0.79375 0.11328125 0.0171875
0 0.35703125 0.5109375 0.08359375 0.0203125
0 0.44921875 0.51328125 0.0875 0.0203125
0 0.44375 0.54609375 0.0921875 0.025
0 0.12578125 0.6359375 0.10078125 0.021875
0 0.5546875 0.5203125 0.1078125 0.021875
0 0.65625 0.54765625 0.08515625 0.0203125
0 0.55234375 0.5453125 0.10390625 0.025
0 0.771875 0.5265625 0.11015625 0.0171875
0 0.08515625 0.221875 0.07578125 0.078125
0 0.03671875 0.628125 0.0703125 0.03671875
0 0.3625 0.7828125 0.11328125 0.01875
0 0.05078125 0.5953125 0.07578125 0.021875
0 0.65390625 0.5125 0.0875 0.02109375