0 0.1125 0.12421875 0.04453125 0.09375
0 0.15546875 0.1328125 0.03671875 0.078125
0 0.19453125 0.1265625 0.03671875 0.0953125
0 0.2375 0.12578125 0.0390625 0.09453125
0 0.2765625 0.13359375 0.03359375 0.078125
0 0.31015625 0.134375 0.03203125 0.078125
0 0.34375 0.1328125 0.03125 0.07734375
0 0.378125 0.134375 0.03125 0.078125
0 0.47734375 0.1359375 0.03125 0.078125
0 0.44296875 0.13515625 0.03125 0.078125
0 0.0640625 0.125 0.040625 0.09296875
0 0.51015625 0.1359375 0.03125 0.0765625
0 0.5421875 0.13515625 0.0296875 0.07734375
0 0.57421875 0.13515625 0.0296875 0.07734375
0 0.60703125 0.13515625 0.03046875 0.07734375
0 0.640625 0.13515625 0.03203125 0.078125
0 0.6734375 0.13515625 0.03203125 0.078125
0 0.70703125 0.13515625 0.02890625 0.07734375
0 0.4109375 0.13515625 0.03125 0.078125
0 0.02109375 0.12421875 0.0390625 0.09296875
0 0.890625 0.14375 0.03515625 0.10234375
0 0.8515625 0.14453125 0.03515625 0.10234375
0 0.0828125 0.8078125 0.034375 0.08515625
0 0.046875 0.8078125 0.03359375 0.0859375
0 0.01484375 0.8078125 0.02890625 0.0859375
0 0.9875 0.3953125 0.02421875 0.10234375
0 0.15703125 0.23671875 0.0390625 0.0953125
0 0.11640625 0.2359375 0.03984375 0.09296875
0 0.075 0.23515625 0.03984375 0.09296875
0 0.03359375 0.234375 0.040625 0.09375
0 0.81484375 0.14296875 0.03359375 0.09921875
0 0.9828125 0.2671875 0.034375 0.1
0 0.91015625 0.26796875 0.03203125 0.10078125
0 0.875 0.2671875 0.03203125 0.10078125
0 0.7390625 0.13515625 0.02890625 0.07734375
0 0.80390625 0.26796875 0.03203125 0.10078125
0 0.76796875 0.2671875 0.03515625 0.10234375
0 0.98984375 0.14609375 0.01953125 0.10546875
0 0.96171875 0.1453125 0.03203125 0.10546875
0 0.92578125 0.14453125 0.03203125 0.10078125
0 0.946875 0.26796875 0.03359375 0.10078125
0 0.83828125 0.2671875 0.0328125 0.10078125
0 0.77734375 0.14296875 0.03359375 0.09921875
0 0.471875 0.34609375 0.03828125 0.09375
0 0.2484375 0.4609375 0.03984375 0.09140625
0 0.2078125 0.46015625 0.03984375 0.0921875
0 0.165625 0.46015625 0.0375 0.090625
0 0.12734375 0.4609375 0.0375 0.09140625
0 0.0859375 0.459375 0.0375 0.09140625
0 0.046875 0.46015625 0.0375 0.09140625
0 0.01328125 0.46015625 0.0265625 0.0890625
0 0.728125 0.346875 0.03515625 0.09375
0 0.68984375 0.346875 0.03515625 0.09375
0 0.653125 0.346875 0.034375 0.09375
0 0.61640625 0.34765625 0.034375 0.09375
0 0.5796875 0.34765625 0.034375 0.09375
0 0.54453125 0.34765625 0.03203125 0.09375
0 0.51015625 0.346875 0.034375 0.09453125
0 0.43125 0.34765625 0.0390625 0.09375
0 0.39140625 0.34765625 0.03515625 0.09375
0 0.13984375 0.5703125 0.03671875 0.0890625
0 0.10234375 0.56953125 0.03515625 0.08984375
0 0.06328125 0.5703125 0.03828125 0.090625
0 0.021875 0.5703125 0.03984375 0.090625
0 0.0125 0.6796875 0.02421875 0.0875
0 0.078125 0.68046875 0.03203125 0.0890625
0 0.11484375 0.68046875 0.03359375 0.08828125
0 0.15859375 0.6796875 0.03828125 0.0890625
0 0.1984375 0.68125 0.0375 0.08828125
0 0.290625 0.4609375 0.0375 0.09140625
0 0.3265625 0.4609375 0.03359375 0.09140625
0 0.36328125 0.4609375 0.03515625 0.09140625
0 0.39921875 0.4609375 0.03515625 0.09140625
0 0.1984375 0.23671875 0.04140625 0.096875
0 0.7203125 0.57109375 0.0328125 0.08671875
0 0.721875 0.4625 0.03671875 0.09140625
0 0.684375 0.46171875 0.03359375 0.0921875
0 0.65 0.46171875 0.03359375 0.0921875
0 0.61484375 0.46015625 0.03359375 0.0921875
0 0.6828125 0.56953125 0.03515625 0.0890625
0 0.64609375 0.57109375 0.03359375 0.08984375
0 0.6109375 0.57109375 0.03359375 0.08984375
0 0.575 0.57109375 0.03359375 0.08984375
0 0.540625 0.571875 0.03359375 0.08984375
0 0.50625 0.5703125 0.03203125 0.090625
0 0.23515625 0.67578125 0.0328125 0.09375
0 0.471875 0.57109375 0.03203125 0.090625
0 0.40234375 0.5703125 0.034375 0.08828125
0 0.365625 0.5703125 0.034375 0.08828125
0 0.3296875 0.5703125 0.034375 0.08828125
0 0.29375 0.57109375 0.03359375 0.08828125
0 0.259375 0.56953125 0.03203125 0.084375
0 0.2203125 0.57109375 0.0375 0.084375
0 0.1796875 0.5703125 0.03984375 0.08828125
0 0.578125 0.46171875 0.03359375 0.09140625
0 0.54296875 0.4625 0.03359375 0.090625
0 0.50625 0.46171875 0.03359375 0.09140625
0 0.4703125 0.4625 0.03359375 0.09140625
0 0.43515625 0.46171875 0.03515625 0.09140625
0 0.43671875 0.5703125 0.03203125 0.090625
0 0.26875 0.68125 0.03046875 0.0859375
0 0.04453125 0.6796875 0.03203125 0.0890625
0 0.33984375 0.68125 0.03359375 0.08671875
0 0.978125 0.50078125 0.03671875 0.1015625
0 0.94375 0.50390625 0.02265625 0.10234375
0 0.9140625 0.50390625 0.0296875 0.10625
0 0.303125 0.68203125 0.0328125 0.08671875
0 0.834375 0.50546875 0.03984375 0.10390625
0 0.7953125 0.50546875 0.03515625 0.10625
0 0.75859375 0.5046875 0.03203125 0.1046875
0 0.95546875 0.39140625 0.0375 0.10859375
0 0.92109375 0.39140625 0.03046875 0.11015625
0 0.8828125 0.390625 0.0390625 0.10859375
0 0.84140625 0.390625 0.0390625 0.1078125
0 0.8 0.390625 0.03671875 0.10625
0 0.76328125 0.38984375 0.028125 0.10703125
0 0.7265625 0.23828125 0.03671875 0.09609375
0 0.68828125 0.23828125 0.03359375 0.09765625
0 0.65234375 0.2375 0.03125 0.09765625
0 0.61640625 0.23828125 0.0359375 0.09921875
0 0.578125 0.23828125 0.03828125 0.10078125
0 0.5390625 0.23828125 0.03515625 0.10078125
0 0.50234375 0.23828125 0.03515625 0.10078125
0 0.46484375 0.2375 0.0328125 0.1
0 0.42890625 0.23828125 0.03671875 0.096875
0 0.390625 0.2375 0.0359375 0.09921875
0 0.35234375 0.23671875 0.0359375 0.0984375
0 0.3140625 0.2375 0.03671875 0.09921875
0 0.278125 0.23671875 0.0328125 0.09921875
0 0.23984375 0.23828125 0.0375 0.0953125
0 0.775 0.65859375 0.09375 0.0875
0 0.875 0.66015625 0.09921875 0.09140625
0 0.87734375 0.50703125 0.03828125 0.10703125
0 0.15859375 0.8078125 0.034375 0.08515625
0 0.37734375 0.68125 0.0328125 0.0875
0 0.45078125 0.67890625 0.10703125 0.08671875
0 0.559375 0.67890625 0.10703125 0.08671875
0 0.6703125 0.67890625 0.1078125 0.0890625
0 0.8921875 0.79296875 0.1 0.09375
0 0.78046875 0.79453125 0.1 0.09375
0 0.121875 0.809375 0.03515625 0.08515625
0 0.5546875 0.79765625 0.10859375 0.09375
0 0.44609375 0.7984375 0.1015625 0.0953125
0 0.37734375 0.80625 0.03203125 0.08125
0 0.33984375 0.80625 0.03359375 0.08125
0 0.303125 0.80625 0.03359375 0.08359375
0 0.6703125 0.79921875 0.11484375 0.09375
0 0.05078125 0.3421875 0.04609375 0.0890625
0 0.3546875 0.34765625 0.034375 0.09375
0 0.31640625 0.346875 0.03671875 0.096875
0 0.27734375 0.346875 0.03828125 0.09453125
0 0.23671875 0.34765625 0.0375 0.090625
0 0.19453125 0.346875 0.0375 0.090625
0 0.15390625 0.346875 0.03984375 0.09140625
0 0.1109375 0.34765625 0.04140625 0.090625
0 0.1953125 0.8078125 0.034375 0.08515625
0 0.0140625 0.3421875 0.02734375 0.08671875
0 0.96328125 0.659375 0.0734375 0.09375
0 0.23359375 0.80546875 0.034375 0.08515625
0 0.26875 0.80625 0.03359375 0.08359375