0 0.0171875 0.4875 0.03359375 0.0890625
0 0.20390625 0.48046875 0.06640625 0.096875
0 0.06484375 0.48203125 0.05234375 0.09140625
0 0.328125 0.26015625 0.046875 0.0546875
0 0.11171875 0.4875 0.0359375 0.08125
0 0.15234375 0.48125 0.0359375 0.09609375
0 0.26015625 0.47890625 0.04765625 0.09375
0 0.03828125 0.8203125 0.040625 0.03046875
0 0.38046875 0.51640625 0.06640625 0.03046875
0 0.3921875 0.46953125 0.03359375 0.05625
0 0.465625 0.48515625 0.03984375 0.08515625
0 0.6953125 0.703125 0.03125 0.09609375
0 0.66484375 0.6984375 0.02109375 0.09609375
0 0.62421875 0.69765625 0.05078125 0.0796875
0 0.95234375 0.37265625 0.09296875 0.06640625
0 0.31015625 0.48671875 0.04921875 0.08125
0 0.87421875 0.371875 0.0296875 0.05546875
0 0.44921875 0.353125 0.05625 0.090625
0 0.7203125 0.35625 0.046875 0.08828125
0 0.796875 0.26796875 0.04609375 0.0234375
0 0.7484375 0.26953125 0.04375 0.02109375
0 0.7046875 0.271875 0.04140625 0.02265625
0 0.6625 0.27265625 0.04296875 0.0203125
0 0.575 0.27265625 0.05 0.0203125
0 0.525 0.2734375 0.0390625 0.02421875
0 0.86328125 0.23515625 0.09375 0.02890625
0 0.48203125 0.27265625 0.04296875 0.025
0 0.43984375 0.27265625 0.03984375 0.02578125
0 0.39921875 0.27109375 0.04296875 0.02890625
0 0.56875 0.703125 0.0453125 0.0828125
0 0.875 0.26875 0.0921875 0.0359375
0 0.96015625 0.23046875 0.07890625 0.02734375
0 0.965625 0.26328125 0.06875 0.03203125
0 0.02109375 0.3515625 0.03828125 0.0140625
0 0.01953125 0.3671875 0.034375 0.0140625
0 0.01953125 0.38046875 0.034375 0.0109375
0 0.0203125 0.39296875 0.0359375 0.0109375
0 0.06796875 0.3890625 0.0546875 0.02109375
0 0.0828125 0.3453125 0.0375 0.02109375
0 0.08125 0.36640625 0.0390625 0.01640625
0 0.13203125 0.359375 0.05546875 0.0796875
0 0.19453125 0.3828125 0.05703125 0.03515625
0 0.25546875 0.359375 0.05390625 0.0828125
0 0.31015625 0.3578125 0.04921875 0.0859375
0 0.35546875 0.36015625 0.0375 0.08125
0 0.396875 0.359375 0.04375 0.0828125
0 0.51796875 0.35859375 0.05546875 0.07890625
0 0.6703125 0.3546875 0.04921875 0.0875
0 0.79765625 0.359375 0.09375 0.0875
0 0.51171875 0.703125 0.0609375 0.1015625
0 0.0171875 0.70703125 0.025 0.09765625
0 0.3921875 0.73515625 0.04765625 0.02734375
0 0.95625 0.60625 0.0875 0.0703125
0 0.91640625 0.5546875 0.11015625 0.01796875
0 0.95390625 0.4921875 0.0921875 0.07265625
0 0.95546875 0.4390625 0.08671875 0.0265625
0 0.87421875 0.60546875 0.05625 0.06875
0 0.7625 0.70625 0.09765625 0.01484375
0 0.76796875 0.6828125 0.10390625 0.025
0 0.7703125 0.659375 0.1 0.01796875
0 0.78359375 0.6296875 0.0875 0.0296875
0 0.7828125 0.60078125 0.090625 0.0265625
0 0.87109375 0.71328125 0.0921875 0.06953125
0 0.79453125 0.57265625 0.09765625 0.02578125
0 0.79375 0.54453125 0.09140625 0.025
0 0.78984375 0.51640625 0.1 0.02578125
0 0.80078125 0.4859375 0.11328125 0.0296875
0 0.79453125 0.4546875 0.10859375 0.03125
0 0.8078125 0.421875 0.11484375 0.0328125
0 0.715625 0.4828125 0.03671875 0.1015625
0 0.67578125 0.48046875 0.0421875 0.096875
0 0.6203125 0.50625 0.0671875 0.0484375
0 0.56015625 0.484375 0.04609375 0.090625
0 0.5125 0.48203125 0.0484375 0.0859375
0 0.29375 0.2609375 0.02109375 0.05390625
0 0.4484375 0.70546875 0.0359375 0.0875
0 0.96171875 0.71015625 0.0765625 0.075
0 0.1515625 0.5875 0.0484375 0.084375
0 0.39453125 0.70546875 0.0515625 0.03046875
0 0.33359375 0.70546875 0.053125 0.078125
0 0.29140625 0.70390625 0.0328125 0.0875
0 0.2625 0.696875 0.01796875 0.0796875
0 0.2421875 0.6921875 0.01953125 0.06953125
0 0.18515625 0.7125 0.05078125 0.07421875
0 0.12734375 0.73671875 0.05078125 0.021875
0 0.1296875 0.7125 0.05546875 0.021875
0 0.12578125 0.6859375 0.05546875 0.02734375
0 0.1296875 0.659375 0.05546875 0.0203125
0 0.078125 0.59140625 0.0671875 0.08671875
0 0.0640625 0.73828125 0.05546875 0.02109375
0 0.70390625 0.5875 0.03046875 0.0859375
0 0.6671875 0.58828125 0.03828125 0.0796875
0 0.62265625 0.5875 0.03359375 0.0828125
0 0.5828125 0.58203125 0.040625 0.075
0 0.5328125 0.58671875 0.06015625 0.08671875
0 0.41484375 0.58359375 0.05390625 0.071875
0 0.33828125 0.5875 0.0625 0.08203125
0 0.2671875 0.5921875 0.04453125 0.06875
0 0.2640625 0.5515625 0.0421875 0.01171875
0 0.20703125 0.5953125 0.0515625 0.0703125
0 0.06328125 0.7109375 0.05390625 0.03125
0 0.25625 0.26640625 0.04140625 0.04296875
0 0.03125 0.26328125 0.02890625 0.04921875
0 0.22578125 0.2671875 0.015625 0.0375
0 0.43828125 0.81484375 0.0703125 0.0859375
0 0.3703125 0.83671875 0.04921875 0.05234375
0 0.8046875 0.8125 0.0234375 0.08359375
0 0.26328125 0.8390625 0.03125 0.05
0 0.22734375 0.81171875 0.02421875 0.0578125
0 0.15546875 0.82421875 0.046875 0.075
0 0.0875 0.834375 0.0390625 0.05234375
0 0.03984375 0.84609375 0.04609375 0.02109375
0 0.01953125 0.1484375 0.0390625 0.06484375
0 0.0765625 0.15859375 0.05 0.0515625
0 0.503125 0.8171875 0.046875 0.0859375
0 0.1421875 0.17109375 0.03671875 0.0609375
0 0.26171875 0.14453125 0.04921875 0.0609375
0 0.3203125 0.14453125 0.0484375 0.05859375
0 0.3765625 0.1421875 0.05859375 0.06796875
0 0.43828125 0.14609375 0.05703125 0.059375
0 0.5203125 0.1453125 0.0609375 0.06015625
0 0.58671875 0.14375 0.0515625 0.06015625
0 0.975 0.81875 0.05 0.08125
0 0.88046875 0.80078125 0.11640625 0.0546875
0 0.7140625 0.81640625 0.05546875 0.08671875
0 0.76640625 0.815625 0.040625 0.08515625
0 0.19609375 0.153125 0.06015625 0.08125
0 0.55546875 0.8390625 0.04453125 0.0359375
0 0.3078125 0.8296875 0.0484375 0.0375
0 0.65234375 0.83984375 0.06015625 0.0390625
0 0.15390625 0.2625 0.0359375 0.0484375
0 0.1234375 0.26328125 0.02578125 0.05
0 0.09375 0.26015625 0.03359375 0.0546875
0 0.59453125 0.80625 0.03203125 0.06875
0 0.009375 0.26328125 0.01484375 0.04765625
0 0.97421875 0.1359375 0.0515625 0.08046875
0 0.91796875 0.12109375 0.04921875 0.05234375
0 0.85703125 0.13203125 0.06875 0.0890625
0 0.7796875 0.14921875 0.05390625 0.0578125
0 0.06484375 0.2625 0.0234375 0.05234375
0 0.6375 0.8015625 0.0515625 0.03203125
0 0.65078125 0.14765625 0.07421875 0.075