0 0.91328125 0.64921875 0.09375 0.0703125
0 0.946875 0.55703125 0.10625 0.08203125
0 0.79921875 0.59140625 0.10546875 0.040625
0 0.7125 0.56796875 0.06640625 0.09140625
0 0.9796875 0.65 0.040625 0.06953125
0 0.03671875 0.72265625 0.06640625 0.04921875
0 0.54296875 0.56640625 0.1140625 0.09921875
0 0.1171875 0.72265625 0.08671875 0.05
0 0.4140625 0.5671875 0.13203125 0.1015625
0 0.3140625 0.578125 0.06796875 0.08125
0 0.975 0.84609375 0.05 0.07109375
0 0.9171875 0.8328125 0.05703125 0.08203125
0 0.86171875 0.8328125 0.0546875 0.07421875
0 0.640625 0.5671875 0.07578125 0.090625
0 0.2078125 0.721875 0.08984375 0.05
0 0.5375 0.71015625 0.07734375 0.07109375
0 0.3953125 0.71328125 0.06796875 0.0625
0 0.4921875 0.85546875 0.05 0.04140625
0 0.440625 0.85546875 0.05234375 0.04296875
0 0.46875 0.8046875 0.065625 0.04609375
0 0.4015625 0.79375 0.04453125 0.0359375
0 0.3828125 0.85703125 0.05625 0.0359375
0 0.32890625 0.821875 0.059375 0.03203125
0 0.32265625 0.85859375 0.04765625 0.03828125
0 0.26484375 0.85 0.06640625 0.05625
0 0.3296875 0.7203125 0.0609375 0.0546875
0 0.19609375 0.83515625 0.06953125 0.08515625
0 0.0453125 0.82421875 0.084375 0.1
0 0.9828125 0.71953125 0.034375 0.06640625
0 0.91796875 0.72265625 0.09375 0.06328125
0 0.8078125 0.70546875 0.11328125 0.08046875
0 0.70234375 0.70546875 0.09296875 0.078125
0 0.61796875 0.709375 0.075 0.07109375
0 0.8015625 0.84921875 0.06171875 0.0578125
0 0.46484375 0.7140625 0.06640625 0.065625
0 0.12421875 0.8328125 0.0734375 0.0796875
0 0.7359375 0.84921875 0.0625 0.06171875
0 0.728125 0.415625 0.05546875 0.1046875
0 0.7890625 0.4140625 0.06875 0.10625
0 0.121875 0.23515625 0.13203125 0.11640625
0 0.25078125 0.2328125 0.12421875 0.11640625
0 0.378125 0.2359375 0.13046875 0.1109375
0 0.50625 0.2375 0.11640625 0.1171875
0 0.6265625 0.234375 0.1234375 0.12109375
0 0.75390625 0.23125 0.12890625 0.115625
0 0.884375 0.23203125 0.13125 0.1140625
0 0.0484375 0.415625 0.07109375 0.096875
0 0.0296875 0.2359375 0.05234375 0.12109375
0 0.1140625 0.41484375 0.05859375 0.09765625
0 0.2359375 0.409375 0.06953125 0.11875
0 0.30234375 0.40859375 0.06171875 0.11640625
0 0.3609375 0.41640625 0.0578125 0.0984375
0 0.42265625 0.415625 0.065625 0.096875
0 0.48515625 0.41171875 0.059375 0.1015625
0 0.5484375 0.41171875 0.0671875 0.1
0 0.6125 0.41484375 0.06015625 0.09296875
0 0.6703125 0.415625 0.0515625 0.1015625
0 0.1734375 0.4171875 0.05859375 0.10546875
0 0.67421875 0.846875 0.06328125 0.06640625
0 0.90546875 0.0609375 0.1171875 0.0984375
0 0.6578125 0.0546875 0.12578125 0.10859375
0 0.5546875 0.85234375 0.0671875 0.06171875
0 0.240625 0.5796875 0.06953125 0.07734375
0 0.16796875 0.57578125 0.07734375 0.0828125
0 0.09609375 0.575 0.06484375 0.0796875
0 0.78359375 0.05703125 0.121875 0.10625
0 0.96171875 0.45390625 0.07578125 0.0640625
0 0.0328125 0.575 0.0625 0.07890625
0 0.8578125 0.41640625 0.06171875 0.11015625
0 0.04921875 0.0578125 0.09140625 0.10625
0 0.1546875 0.05703125 0.1203125 0.10625
0 0.278125 0.05703125 0.12578125 0.1046875
0 0.40703125 0.05859375 0.12890625 0.10390625
0 0.534375 0.05703125 0.11953125 0.10390625
0 0.93359375 0.36796875 0.08984375 0.075
0 0.61640625 0.84765625 0.04921875 0.0671875