0 0.03515625 0.1578125 0.065625 0.03515625
0 0.80859375 0.01484375 0.06953125 0.0265625
0 0.73125 0.046875 0.0640625 0.03203125
0 0.80703125 0.046875 0.06015625 0.0328125
0 0.86015625 0.03671875 0.0234375 0.04765625
0 0.88671875 0.0390625 0.0265625 0.0484375
0 0.9171875 0.040625 0.021875 0.0390625
0 0.9484375 0.04296875 0.034375 0.046875
0 0.0390625 0.1953125 0.06875 0.03203125
0 0.15234375 0.1703125 0.0703125 0.01328125
0 0.1265625 0.19296875 0.06875 0.0328125
0 0.12421875 0.22890625 0.0734375 0.03203125
0 0.2328125 0.2 0.0828125 0.02421875
0 0.23359375 0.2296875 0.08359375 0.02578125
0 0.734375 0.0140625 0.06953125 0.02578125
0 0.30859375 0.1515625 0.08515625 0.00625
0 0.31015625 0.16171875 0.084375 0.00703125
0 0.31640625 0.16953125 0.08515625 0.0078125
0 0.4 0.1484375 0.08515625 0.0078125
0 0.0421875 0.23125 0.07421875 0.03125
0 0.621875 0.04453125 0.06875 0.0296875
0 0.04453125 0.06953125 0.06484375 0.02109375
0 0.5171875 0.02265625 0.078125 0.028125
0 0.08359375 0.88671875 0.04765625 0.02265625
0 0.60546875 0.15234375 0.03515625 0.05546875
0 0.57109375 0.20859375 0.0359375 0.05546875
0 0.53359375 0.20859375 0.03125 0.05625
0 0.5 0.2078125 0.02890625 0.06171875
0 0.46875 0.20859375 0.03125 0.0609375
0 0.40859375 0.225 0.08125 0.03046875
0 0.40703125 0.1890625 0.0828125 0.03203125
0 0.32109375 0.1921875 0.084375 0.03125
0 0.5203125 0.0546875 0.06484375 0.02890625
0 0.03671875 0.01171875 0.06875 0.0171875
0 0.18671875 0.028125 0.0703125 0.0328125
0 0.26171875 0.02421875 0.0703125 0.034375
0 0.33828125 0.021875 0.0734375 0.03515625
0 0.04453125 0.0375 0.06953125 0.0296875
0 0.11796875 0.0640625 0.0609375 0.0328125
0 0.19296875 0.0625 0.06640625 0.0296875
0 0.2671875 0.06171875 0.07109375 0.03125
0 0.3390625 0.059375 0.06484375 0.03125
0 0.425 0.0375 0.0984375 0.07265625
0 0.1109375 0.02578125 0.05859375 0.0375
0 0.3203125 0.22578125 0.0828125 0.0265625
0 0.2703125 0.57890625 0.0625 0.03203125
0 0.1265625 0.878125 0.025 0.028125
0 0.90234375 0.55859375 0.0921875 0.02734375
0 0.7953125 0.56171875 0.08125 0.028125
0 0.70546875 0.56640625 0.07109375 0.02578125
0 0.6046875 0.5734375 0.07421875 0.0265625
0 0.5265625 0.56328125 0.06640625 0.0234375
0 0.4453125 0.578125 0.06953125 0.02734375
0 0.34765625 0.5796875 0.078125 0.02734375
0 0.3203125 0.3 0.0875 0.0265625
0 0.48203125 0.2953125 0.0921875 0.02734375
0 0.5703125 0.2734375 0.084375 0.00859375
0 0.571875 0.265625 0.084375 0.00625
0 0.57109375 0.29375 0.08203125 0.02734375
0 0.6609375 0.2890625 0.0859375 0.0265625
0 0.7671875 0.28671875 0.0703125 0.0328125
0 0.8421875 0.284375 0.065625 0.03125
0 0.915625 0.28125 0.0671875 0.03515625
0 0.16484375 0.3671875 0.09609375 0.0171875
0 0.11015625 0.6421875 0.08125 0.0265625
0 0.284375 0.36484375 0.07109375 0.0234375
0 0.01953125 0.58828125 0.03515625 0.03125
0 0.265625 0.63671875 0.0578125 0.0296875
0 0.45234375 0.70078125 0.0734375 0.04921875
0 0.38359375 0.70078125 0.0609375 0.0484375
0 0.31875 0.71328125 0.06015625 0.03671875
0 0.2546875 0.7046875 0.05703125 0.0390625
0 0.1359375 0.71171875 0.06171875 0.028125
0 0.04765625 0.7125 0.065625 0.02421875
0 0.0421875 0.7453125 0.0640625 0.02890625
0 0.96015625 0.61796875 0.04765625 0.0375
0 0.9078125 0.61796875 0.0421875 0.03515625
0 0.8375 0.61640625 0.0421875 0.02890625
0 0.7296875 0.62578125 0.0578125 0.0265625
0 0.65859375 0.62890625 0.0625 0.025
0 0.58671875 0.62890625 0.0625 0.0328125
0 0.525 0.62890625 0.04921875 0.03671875
0 0.475 0.61796875 0.03359375 0.0171875
0 0.39609375 0.640625 0.0546875 0.0234375
0 0.3328125 0.6421875 0.0484375 0.0234375
0 0.19140625 0.64375 0.06953125 0.02734375
0 0.371875 0.353125 0.06640625 0.01640625
0 0.06953125 0.39296875 0.08984375 0.02421875
0 0.17109375 0.3921875 0.0890625 0.025
0 0.3265625 0.49453125 0.08046875 0.0234375
0 0.328125 0.52265625 0.0828125 0.02265625
0 0.4171875 0.47265625 0.0875 0.01875
0 0.41484375 0.49609375 0.08828125 0.0203125
0 0.4171875 0.521875 0.0875 0.02109375
0 0.5046875 0.490625 0.0828125 0.0234375
0 0.50546875 0.5171875 0.07890625 0.0234375
0 0.565625 0.5015625 0.0359375 0.05078125
0 0.603125 0.49921875 0.03125 0.04921875
0 0.6421875 0.496875 0.0390625 0.0515625
0 0.6875 0.4953125 0.03515625 0.053125
0 0.728125 0.49140625 0.04140625 0.06171875
0 0.7765625 0.48828125 0.04453125 0.06328125
0 0.8328125 0.48046875 0.05703125 0.0734375
0 0.8953125 0.478125 0.06171875 0.0734375
0 0.959375 0.4796875 0.0515625 0.0734375
0 0.0984375 0.5859375 0.0875 0.03203125
0 0.246875 0.4984375 0.04609375 0.0703125
0 0.19453125 0.4984375 0.059375 0.07421875
0 0.13984375 0.49609375 0.0359375 0.05390625
0 0.084375 0.50234375 0.04921875 0.05546875
0 0.07578125 0.4203125 0.09140625 0.02578125
0 0.1703125 0.41875 0.0875 0.02421875
0 0.26328125 0.4171875 0.08828125 0.02421875
0 0.28828125 0.3890625 0.078125 0.02109375
0 0.36484375 0.3921875 0.0671875 0.05390625
0 0.425 0.39140625 0.028125 0.05
0 0.46015625 0.3953125 0.0390625 0.05625
0 0.503125 0.39375 0.040625 0.05546875
0 0.5609375 0.68984375 0.06640625 0.02109375
0 0.56796875 0.38828125 0.05078125 0.07109375
0 0.67578125 0.38515625 0.046875 0.06953125
0 0.721875 0.3828125 0.03984375 0.0703125
0 0.778125 0.3765625 0.05625 0.08046875
0 0.8359375 0.3734375 0.05859375 0.08203125
0 0.89453125 0.3859375 0.0359375 0.0546875
0 0.9359375 0.38359375 0.034375 0.05546875
0 0.98046875 0.3796875 0.0390625 0.0703125
0 0.01796875 0.53046875 0.03046875 0.02734375
0 0.621875 0.3859375 0.04921875 0.06875
0 0.57421875 0.7109375 0.07421875 0.01953125
0 0.65546875 0.68359375 0.09140625 0.0234375
0 0.6578125 0.7109375 0.08515625 0.0234375
0 0.503125 0.84140625 0.07109375 0.02734375
0 0.503125 0.871875 0.07421875 0.0265625
0 0.58046875 0.84140625 0.0703125 0.025
0 0.57421875 0.8703125 0.06796875 0.0234375
0 0.64921875 0.8484375 0.0640625 0.025
0 0.65546875 0.871875 0.06171875 0.01484375
0 0.7125 0.83046875 0.05546875 0.02734375
0 0.72109375 0.8640625 0.05234375 0.021875
0 0.7734375 0.821875 0.0375 0.015625
0 0.78828125 0.83828125 0.0625 0.01328125
0 0.79375 0.8515625 0.06953125 0.009375
0 0.79140625 0.865625 0.06953125 0.0140625
0 0.85859375 0.8546875 0.053125 0.03515625
0 0.93984375 0.83359375 0.04765625 0.0171875
0 0.9375 0.85625 0.0421875 0.0265625
0 0.9765625 0.821875 0.02109375 0.028125
0 0.98671875 0.56484375 0.0265625 0.034375
0 0.42421875 0.88671875 0.04765625 0.01171875
0 0.4078125 0.8703125 0.034375 0.01171875
0 0.3890625 0.85078125 0.08984375 0.01640625
0 0.33828125 0.83359375 0.0140625 0.01484375
0 0.4046875 0.15859375 0.08515625 0.0078125
0 0.1640625 0.8484375 0.03828125 0.02109375
0 0.19609375 0.87421875 0.02890625 0.02890625
0 0.61171875 0.209375 0.03359375 0.0546875
0 0.659375 0.11015625 0.034375 0.015625
0 0.7140625 0.1125 0.0375 0.01796875
0 0.75078125 0.103125 0.0328125 0.01875
0 0.6453125 0.1515625 0.03125 0.059375
0 0.9875 0.19609375 0.025 0.0640625
0 0.64921875 0.20859375 0.02890625 0.05390625
0 0.68515625 0.20703125 0.0359375 0.05625
0 0.7203125 0.20703125 0.03125 0.05625
0 0.75546875 0.20546875 0.03671875 0.0546875
0 0.22265625 0.85703125 0.02265625 0.05
0 0.2546875 0.8640625 0.0359375 0.053125
0 0.3265625 0.8765625 0.09453125 0.0328125
0 0.29453125 0.8375 0.03046875 0.0203125
0 0.3203125 0.83671875 0.01875 0.0203125
0 0.6828125 0.15 0.03125 0.053125
0 0.190625 0.58125 0.0875 0.0328125
0 0.71875 0.15 0.0328125 0.05390625
0 0.78828125 0.146875 0.03828125 0.0578125
0 0.6703125 0.771875 0.03984375 0.03671875
0 0.61796875 0.78046875 0.05078125 0.0421875
0 0.528125 0.7796875 0.0453125 0.03828125
0 0.47578125 0.77734375 0.04609375 0.03984375
0 0.421875 0.7796875 0.0515625 0.04140625
0 0.37109375 0.78203125 0.0390625 0.04296875
0 0.321875 0.78359375 0.0421875 0.04140625
0 0.2609375 0.78671875 0.0390625 0.040625
0 0.2234375 0.3015625 0.084375 0.03359375
0 0.2125 0.7859375 0.04609375 0.04296875
0 0.159375 0.790625 0.04453125 0.040625
0 0.11015625 0.79140625 0.03984375 0.04296875
0 0.05234375 0.7953125 0.04453125 0.0359375
0 0.01484375 0.79296875 0.025 0.034375
0 0.91953125 0.696875 0.08125 0.0296875
0 0.83828125 0.6953125 0.06328125 0.0453125
0 0.74765625 0.70390625 0.08046875 0.02421875
0 0.72109375 0.77265625 0.0484375 0.03828125
0 0.7734375 0.771875 0.04296875 0.0390625
0 0.82734375 0.7671875 0.0515625 0.03671875
0 0.88515625 0.7609375 0.0375 0.0453125
0 0.82734375 0.14609375 0.0359375 0.0578125
0 0.7921875 0.203125 0.0359375 0.0515625
0 0.8265625 0.203125 0.034375 0.053125
0 0.865625 0.14375 0.0328125 0.0546875
0 0.90234375 0.14296875 0.02734375 0.0515625
0 0.86640625 0.203125 0.02890625 0.05
0 0.8984375 0.2015625 0.02890625 0.05390625
0 0.94453125 0.2 0.05078125 0.0546875
0 0.75234375 0.14921875 0.03046875 0.05234375
0 0.01328125 0.3015625 0.02109375 0.0375
0 0.04609375 0.3015625 0.0171875 0.03515625
0 0.13828125 0.3015625 0.071875 0.034375
0 0.08515625 0.85390625 0.05625 0.01875
0 0.03359375 0.8859375 0.046875 0.01953125
0 0.028125 0.8625 0.05078125 0.021875
0 0.02890625 0.84375 0.046875 0.01171875
0 0.98671875 0.75859375 0.0265625 0.04609375
0 0.94921875 0.771875 0.040625 0.0453125
0 0.07734375 0.3015625 0.040625 0.0375
0 0.40390625 0.1671875 0.08515625 0.0078125