0 0.58515625 0.740625 0.0203125 0.07265625
0 0.6078125 0.740625 0.0203125 0.07265625
0 0.6296875 0.740625 0.0203125 0.07265625
0 0.65703125 0.74140625 0.0203125 0.07265625
0 0.71484375 0.74140625 0.01796875 0.06875
0 0.56171875 0.73984375 0.0203125 0.07265625
0 0.73515625 0.740625 0.01796875 0.06796875
0 0.759375 0.7421875 0.0171875 0.06796875
0 0.78046875 0.740625 0.01796875 0.06796875
0 0.80234375 0.74375 0.01796875 0.06796875
0 0.6796875 0.74296875 0.0203125 0.07265625
0 0.53828125 0.7390625 0.0203125 0.07265625
0 0.571875 0.3734375 0.04609375 0.08984375
0 0.4953125 0.73984375 0.0203125 0.07265625
0 0.47265625 0.7390625 0.0203125 0.07265625
0 0.621875 0.3734375 0.040625 0.08984375
0 0.6734375 0.37890625 0.04296875 0.084375
0 0.71796875 0.3796875 0.0421875 0.0859375
0 0.8234375 0.37890625 0.040625 0.09453125
0 0.87109375 0.396875 0.0328125 0.1
0 0.91796875 0.39296875 0.05078125 0.109375
0 0.9671875 0.3921875 0.04609375 0.1109375
0 0.89453125 0.52734375 0.1046875 0.08515625
0 0.79375 0.509375 0.046875 0.0703125
0 0.84453125 0.73984375 0.0546875 0.0671875
0 0.5171875 0.7390625 0.0203125 0.07265625
0 0.771875 0.37890625 0.05078125 0.08359375
0 0.128125 0.603125 0.0484375 0.096875
0 0.07578125 0.603125 0.0453125 0.09296875
0 0.18046875 0.7328125 0.05078125 0.015625
0 0.12421875 0.73828125 0.0484375 0.0796875
0 0.06796875 0.73828125 0.04609375 0.08203125
0 0.9640625 0.63515625 0.071875 0.078125
0 0.875 0.63359375 0.09921875 0.08125
0 0.79453125 0.61328125 0.04765625 0.08515625
0 0.7375 0.6125 0.03515625 0.08671875
0 0.69296875 0.6140625 0.040625 0.07890625
0 0.6484375 0.6125 0.0375 0.08125
0 0.596875 0.6171875 0.04921875 0.07109375
0 0.54609375 0.62109375 0.03984375 0.0625
0 0.50078125 0.60625 0.04296875 0.0875
0 0.45234375 0.60546875 0.0453125 0.0921875
0 0.4 0.603125 0.046875 0.08984375
0 0.3546875 0.61484375 0.040625 0.07109375
0 0.31171875 0.61484375 0.03984375 0.0703125
0 0.27109375 0.6140625 0.040625 0.06875
0 0.225 0.61484375 0.03828125 0.06953125
0 0.17734375 0.60234375 0.04921875 0.09453125
0 0.2421875 0.72734375 0.0484375 0.01796875
0 0.240625 0.74921875 0.053125 0.01484375
0 0.18515625 0.75234375 0.0484375 0.01875
0 0.18671875 0.7703125 0.05078125 0.015625
0 0.659375 0.5046875 0.06328125 0.0765625
0 0.60234375 0.52421875 0.05078125 0.03984375
0 0.60234375 0.48359375 0.0390625 0.03671875
0 0.54296875 0.50546875 0.05859375 0.07578125
0 0.48046875 0.51796875 0.05625 0.03828125
0 0.42421875 0.50546875 0.05078125 0.06015625
0 0.37265625 0.49375 0.0453125 0.0796875
0 0.32265625 0.50859375 0.05 0.05390625
0 0.27578125 0.49296875 0.040625 0.08046875
0 0.725 0.50546875 0.0515625 0.07265625
0 0.22265625 0.49296875 0.04765625 0.0734375
0 0.13203125 0.4890625 0.028125 0.0796875
0 0.0828125 0.4890625 0.046875 0.0796875
0 0.0265625 0.6125 0.0453125 0.075
0 0.4515625 0.73828125 0.0203125 0.07265625
0 0.4296875 0.7421875 0.0203125 0.07265625
0 0.4078125 0.74140625 0.0203125 0.07265625
0 0.3640625 0.7390625 0.059375 0.07734375
0 0.3015625 0.7421875 0.05625 0.07421875
0 0.2421875 0.76875 0.0484375 0.01796875
0 0.171875 0.5 0.0546875 0.0609375
0 0.90625 0.7375 0.05546875 0.07734375
0 0.2015625 0.27265625 0.053125 0.02578125
0 0.01640625 0.84296875 0.0328125 0.07734375
0 0.2515625 0.25234375 0.0453125 0.0703125
0 0.2015625 0.24921875 0.04375 0.0203125
0 0.1515625 0.2484375 0.05 0.01875
0 0.1453125 0.2703125 0.05078125 0.02421875
0 0.96875 0.734375 0.0625 0.078125
0 0.03359375 0.246875 0.05546875 0.05703125
0 0.9765625 0.12578125 0.046875 0.1203125
0 0.921875 0.12890625 0.05703125 0.12109375
0 0.85546875 0.16796875 0.04296875 0.0765625
0 0.809375 0.16484375 0.03203125 0.0796875
0 0.77421875 0.1625 0.03125 0.07421875
0 0.69765625 0.15 0.04140625 0.0890625
0 0.29921875 0.2609375 0.04375 0.059375
0 0.64609375 0.1609375 0.0453125 0.06796875
0 0.53359375 0.14140625 0.04765625 0.096875
0 0.48203125 0.13671875 0.05078125 0.09453125
0 0.4296875 0.13359375 0.04765625 0.09921875
0 0.38046875 0.13984375 0.0390625 0.08125
0 0.34140625 0.14453125 0.0296875 0.06875
0 0.30625 0.1421875 0.0328125 0.0703125
0 0.26015625 0.128125 0.0515625 0.09921875
0 0.20546875 0.12265625 0.05234375 0.09765625
0 0.15234375 0.11953125 0.04765625 0.09765625
0 0.08515625 0.134375 0.0765625 0.06171875
0 0.02265625 0.1296875 0.0453125 0.06171875
0 0.51953125 0.371875 0.04765625 0.08984375
0 0.59296875 0.1421875 0.053125 0.09453125
0 0.3453125 0.2625 0.04140625 0.05703125
0 0.09140625 0.253125 0.0515625 0.05
0 0.4546875 0.27265625 0.0828125 0.05
0 0.06171875 0.84375 0.0578125 0.08046875
0 0.1234375 0.84296875 0.0546875 0.08046875
0 0.18359375 0.8421875 0.06171875 0.078125
0 0.24375 0.84140625 0.05546875 0.08046875
0 0.3 0.840625 0.05390625 0.07890625
0 0.35625 0.83984375 0.05625 0.0796875
0 0.38984375 0.26484375 0.0421875 0.05625
0 0.4671875 0.83828125 0.04921875 0.08046875
0 0.52109375 0.83828125 0.0515625 0.0796875
0 0.5765625 0.83515625 0.04765625 0.078125
0 0.628125 0.83671875 0.053125 0.0796875
0 0.68046875 0.8359375 0.0484375 0.078125
0 0.7359375 0.834375 0.053125 0.078125
0 0.93046875 0.8671875 0.05 0.025
0 0.4125 0.83984375 0.05078125 0.08046875
0 0.4171875 0.365625 0.04375 0.08984375
0 0.540625 0.2734375 0.0828125 0.0515625
0 0.97890625 0.8671875 0.04140625 0.025
0 0.62578125 0.27734375 0.08125 0.05
0 0.71171875 0.2796875 0.07734375 0.0546875
0 0.77109375 0.27109375 0.02109375 0.075
0 0.82265625 0.28515625 0.071875 0.05
0 0.4703125 0.365625 0.046875 0.09453125
0 0.9515625 0.265625 0.04296875 0.1125
0 0.06171875 0.36875 0.10390625 0.07109375
0 0.26953125 0.36484375 0.05 0.08515625
0 0.31953125 0.36328125 0.04609375 0.09453125
0 0.36875 0.3640625 0.04296875 0.0953125
0 0.896875 0.265625 0.05234375 0.11171875