0 0.540625 0.4109375 0.04140625 0.10625
0 0.58828125 0.4125 0.0515625 0.10546875
0 0.6390625 0.41328125 0.04296875 0.10859375
0 0.69296875 0.41015625 0.05703125 0.10234375
0 0.74765625 0.415625 0.04375 0.10390625
0 0.79921875 0.41640625 0.04375 0.10390625
0 0.8453125 0.41640625 0.04453125 0.10546875
0 0.89296875 0.41875 0.0453125 0.10078125
0 0.93984375 0.41484375 0.0484375 0.10859375
0 0.2765625 0.52890625 0.04765625 0.10390625
0 0.58046875 0.653125 0.05625 0.08046875
0 0.39140625 0.4078125 0.04921875 0.10546875
0 0.07890625 0.9 0.05546875 0.02578125
0 0.13671875 0.90078125 0.0578125 0.02734375
0 0.31484375 0.89609375 0.03828125 0.0390625
0 0.3546875 0.89609375 0.040625 0.0375
0 0.39609375 0.896875 0.0390625 0.03828125
0 0.446875 0.88828125 0.0375 0.03984375
0 0.4859375 0.8859375 0.034375 0.0375
0 0.52578125 0.89140625 0.03515625 0.0390625
0 0.56484375 0.89296875 0.0375 0.0390625
0 0.32421875 0.5296875 0.04375 0.10546875
0 0.3421875 0.40703125 0.04765625 0.10078125
0 0.28359375 0.4046875 0.05390625 0.109375
0 0.2296875 0.40546875 0.046875 0.10703125
0 0.11328125 0.13359375 0.059375 0.11484375
0 0.19375 0.13984375 0.0515625 0.11171875
0 0.33125 0.140625 0.05546875 0.11953125
0 0.3953125 0.1515625 0.0515625 0.10390625
0 0.46171875 0.1484375 0.06484375 0.11484375
0 0.5265625 0.15234375 0.06328125 0.11171875
0 0.64140625 0.153125 0.16171875 0.1171875
0 0.83046875 0.165625 0.0421875 0.1015625
0 0.87421875 0.16484375 0.04140625 0.1015625
0 0.91484375 0.16484375 0.03515625 0.10078125
0 0.96796875 0.16015625 0.0640625 0.11171875
0 0.453125 0.8359375 0.0375 0.04140625
0 0.02734375 0.28984375 0.04140625 0.08125
0 0.2640625 0.2796875 0.05859375 0.109375
0 0.3203125 0.2828125 0.05078125 0.10390625
0 0.38125 0.28203125 0.065625 0.1140625
0 0.446875 0.2859375 0.0546875 0.109375
0 0.50078125 0.2890625 0.0515625 0.1046875
0 0.5546875 0.290625 0.04921875 0.10078125
0 0.68359375 0.2890625 0.2046875 0.11015625
0 0.8125 0.29609375 0.04765625 0.09921875
0 0.9171875 0.29140625 0.06015625 0.1078125
0 0.2140625 0.27890625 0.040625 0.1078125
0 0.053125 0.403125 0.10234375 0.103125
0 0.07734375 0.27578125 0.0515625 0.10859375
0 0.65859375 0.64921875 0.09765625 0.07578125
0 0.490625 0.83671875 0.0390625 0.03828125
0 0.69296875 0.8859375 0.04765625 0.04453125
0 0.953125 0.65 0.05859375 0.07890625
0 0.88046875 0.6484375 0.07734375 0.08203125
0 0.77109375 0.65 0.103125 0.0796875
0 0.371875 0.5296875 0.04296875 0.10546875
0 0.4171875 0.52890625 0.04296875 0.10625
0 0.47109375 0.528125 0.05703125 0.1046875
0 0.53046875 0.52890625 0.0546875 0.103125
0 0.58359375 0.53203125 0.04140625 0.1046875
0 0.62890625 0.53203125 0.04296875 0.103125
0 0.67734375 0.5328125 0.046875 0.10546875
0 0.72890625 0.53671875 0.0515625 0.09765625
0 0.0203125 0.7609375 0.040625 0.08046875
0 0.778125 0.5359375 0.046875 0.10234375
0 0.86796875 0.5390625 0.0390625 0.09609375
0 0.90859375 0.540625 0.03515625 0.09609375
0 0.94296875 0.53515625 0.03125 0.09140625
0 0.98046875 0.53984375 0.0390625 0.09453125
0 0.0625 0.65625 0.08359375 0.0828125
0 0.1453125 0.65546875 0.07734375 0.07890625
0 0.225 0.6546875 0.078125 0.0734375
0 0.303125 0.65234375 0.06875 0.078125
0 0.38046875 0.65234375 0.0765625 0.078125
0 0.45625 0.65234375 0.06796875 0.07890625
0 0.5203125 0.65 0.0609375 0.0828125
0 0.82421875 0.53515625 0.03828125 0.1015625
0 0.071875 0.759375 0.06015625 0.0796875
0 0.1359375 0.75859375 0.0640625 0.08125
0 0.20234375 0.75859375 0.06484375 0.08359375
0 0.74765625 0.88828125 0.05078125 0.0453125
0 0.80390625 0.88984375 0.05 0.0421875
0 0.85 0.83828125 0.0328125 0.034375
0 0.8890625 0.8375 0.0375 0.03515625
0 0.86171875 0.88984375 0.03203125 0.0359375
0 0.89609375 0.88828125 0.03046875 0.03671875
0 0.9296875 0.88828125 0.0328125 0.03671875
0 0.9609375 0.88125 0.0296875 0.03828125
0 0.15234375 0.26171875 0.0765625 0.03671875
0 0.1765625 0.5296875 0.0875 0.07734375
0 0.0265625 0.8984375 0.04140625 0.0359375
0 0.15625 0.83984375 0.05546875 0.02890625
0 0.10078125 0.84296875 0.05 0.028125
0 0.934375 0.76171875 0.07421875 0.07734375
0 0.846875 0.775 0.0828125 0.03671875
0 0.7609375 0.77421875 0.078125 0.03515625
0 0.84765625 0.73515625 0.0859375 0.04140625
0 0.76015625 0.73515625 0.08515625 0.03671875
0 0.67421875 0.775 0.08828125 0.03984375
0 0.58828125 0.77578125 0.08359375 0.04140625
0 0.45390625 0.76015625 0.0609375 0.0765625
0 0.3921875 0.76015625 0.0609375 0.0765625
0 0.33046875 0.7609375 0.0609375 0.0765625
0 0.05 0.14140625 0.0328125 0.09921875
0 0.2671875 0.7625 0.059375 0.08125
0 0.5328125 0.8390625 0.03828125 0.03828125
0 0.01640625 0.1421875 0.0328125 0.1
0 0.859375 0.296875 0.0453125 0.10078125