0 0.2671875 0.09140625 0.04140625 0.0453125
0 0.715625 0.77265625 0.04296875 0.01328125
0 0.425 0.5765625 0.053125 0.0265625
0 0.48984375 0.5765625 0.05703125 0.0234375
0 0.48359375 0.6046875 0.05703125 0.02734375
0 0.546875 0.59921875 0.053125 0.02734375
0 0.60234375 0.57734375 0.0609375 0.02578125
0 0.60390625 0.60390625 0.05859375 0.02421875
0 0.66328125 0.575 0.059375 0.02109375
0 0.665625 0.6015625 0.059375 0.025
0 0.72421875 0.575 0.05546875 0.02109375
0 0.7265625 0.603125 0.059375 0.02734375
0 0.7890625 0.571875 0.065625 0.01640625
0 0.86484375 0.571875 0.07265625 0.01484375
0 0.79765625 0.5890625 0.06875 0.015625
0 0.803125 0.6078125 0.0625 0.015625
0 0.865625 0.58828125 0.06484375 0.0140625
0 0.87890625 0.6078125 0.06640625 0.01796875
0 0.1109375 0.67265625 0.065625 0.0125
0 0.18125 0.6734375 0.06015625 0.01953125
0 0.25078125 0.659375 0.06796875 0.01875
0 0.3234375 0.6578125 0.06796875 0.01796875
0 0.32421875 0.6765625 0.06875 0.01640625
0 0.38671875 0.6484375 0.0578125 0.0203125
0 0.38671875 0.6734375 0.053125 0.01953125
0 0.44296875 0.66875 0.0515625 0.02421875
0 0.49921875 0.66796875 0.05234375 0.025
0 0.4234375 0.6046875 0.05078125 0.02578125
0 0.55703125 0.66796875 0.05859375 0.025
0 0.3734375 0.5921875 0.04375 0.04765625
0 0.2640625 0.60078125 0.08046875 0.028125
0 0.6734375 0.46015625 0.028125 0.02265625
0 0.6734375 0.484375 0.028125 0.01953125
0 0.70859375 0.46640625 0.0390625 0.04765625
0 0.74375 0.46171875 0.03359375 0.04921875
0 0.78125 0.4671875 0.02890625 0.053125
0 0.8828125 0.46015625 0.1125 0.0703125
0 0.09921875 0.5203125 0.08515625 0.01796875
0 0.09765625 0.53984375 0.0828125 0.01640625
0 0.23359375 0.53671875 0.08046875 0.021875
0 0.31796875 0.53828125 0.08046875 0.0203125
0 0.33515625 0.521875 0.0484375 0.0109375
0 0.4 0.5234375 0.065625 0.0171875
0 0.409375 0.5421875 0.0515625 0.00859375
0 0.02890625 0.515625 0.021875 0.04296875
0 0.00703125 0.515625 0.0140625 0.040625
0 0.46875 0.53828125 0.0734375 0.01484375
0 0.54453125 0.53828125 0.071875 0.01953125
0 0.61640625 0.53671875 0.06953125 0.01875
0 0.696875 0.53125 0.07109375 0.02109375
0 0.78203125 0.53828125 0.08984375 0.02265625
0 0.86640625 0.5359375 0.08046875 0.02578125
0 0.95078125 0.53125 0.07890625 0.03203125
0 0.10078125 0.60625 0.084375 0.02109375
0 0.1 0.590625 0.0734375 0.0109375
0 0.10078125 0.575 0.07578125 0.01328125
0 0.32734375 0.59609375 0.04765625 0.04296875
0 0.64140625 0.48515625 0.034375 0.01953125
0 0.6125 0.64140625 0.053125 0.0171875
0 0.69609375 0.64609375 0.05546875 0.021875
0 0.1734375 0.79765625 0.06484375 0.0265625
0 0.22734375 0.790625 0.04453125 0.0296875
0 0.27578125 0.79140625 0.04296875 0.03046875
0 0.31953125 0.79609375 0.04140625 0.0296875
0 0.36328125 0.796875 0.040625 0.03046875
0 0.4078125 0.79140625 0.04296875 0.021875
0 0.4515625 0.790625 0.04609375 0.02109375
0 0.49453125 0.78359375 0.03828125 0.0203125
0 0.53671875 0.78984375 0.04609375 0.02109375
0 0.58515625 0.7984375 0.04375 0.021875
0 0.628125 0.79453125 0.04140625 0.02265625
0 0.66875 0.7921875 0.03828125 0.02109375
0 0.71171875 0.79375 0.03828125 0.01953125
0 0.753125 0.7953125 0.04140625 0.01953125
0 0.8015625 0.7953125 0.04453125 0.01953125
0 0.84765625 0.79453125 0.04765625 0.0203125
0 0.80703125 0.7734375 0.03671875 0.01640625
0 0.8546875 0.7703125 0.04296875 0.01015625
0 0.76328125 0.77890625 0.0390625 0.01328125
0 0.01015625 0.21875 0.01796875 0.07109375
0 0.97734375 0.78203125 0.0328125 0.0515625
0 0.93203125 0.7859375 0.03828125 0.05078125
0 0.0390625 0.67578125 0.046875 0.0640625
0 0.040625 0.78125 0.0546875 0.05
0 0.6484375 0.77421875 0.04375 0.01171875
0 0.11015625 0.7984375 0.06015625 0.02578125
0 0.64453125 0.66953125 0.05546875 0.02578125
0 0.08515625 0.74140625 0.04140625 0.01484375
0 0.19609375 0.740625 0.04140625 0.01796875
0 0.70390625 0.671875 0.0515625 0.025
0 0.7640625 0.64765625 0.059375 0.02421875
0 0.7609375 0.6734375 0.05703125 0.02265625
0 0.821875 0.64921875 0.0515625 0.021875
0 0.81953125 0.6734375 0.06171875 0.02265625
0 0.8796875 0.6484375 0.05390625 0.02265625
0 0.878125 0.67421875 0.05078125 0.02109375
0 0.9328125 0.65 0.05546875 0.02421875
0 0.875 0.7296875 0.0390625 0.03984375
0 0.9578125 0.721875 0.059375 0.02109375
0 0.9296875 0.696875 0.04296875 0.0234375
0 0.79921875 0.73046875 0.0375 0.04296875
0 0.7546875 0.73046875 0.0484375 0.0390625
0 0.7 0.7328125 0.05078125 0.0390625
0 0.646875 0.7296875 0.053125 0.03984375
0 0.59765625 0.71328125 0.04453125 0.025
0 0.55234375 0.73203125 0.0484375 0.0359375
0 0.50859375 0.71796875 0.0359375 0.034375
0 0.46328125 0.73359375 0.04453125 0.0328125
0 0.41796875 0.7375 0.040625 0.0375
0 0.371875 0.7328125 0.04375 0.034375
0 0.328125 0.73359375 0.04453125 0.0296875
0 0.28125 0.73515625 0.04453125 0.0265625
0 0.27578125 0.7140625 0.046875 0.00703125
0 0.23671875 0.734375 0.0390625 0.01953125
0 0.13125 0.7390625 0.03984375 0.01875
0 0.64140625 0.46328125 0.03515625 0.02109375
0 0.25234375 0.6765625 0.07109375 0.01484375
0 0.54453125 0.4671875 0.0265625 0.05625
0 0.11796875 0.20859375 0.03828125 0.06796875
0 0.1640625 0.2078125 0.053125 0.07421875
0 0.21484375 0.209375 0.0421875 0.0703125
0 0.26328125 0.20546875 0.05390625 0.07890625
0 0.31328125 0.21171875 0.04609375 0.0640625
0 0.36171875 0.21015625 0.04921875 0.0671875
0 0.409375 0.2109375 0.04765625 0.0609375
0 0.45234375 0.22421875 0.04140625 0.046875
0 0.49296875 0.21484375 0.03203125 0.0625
0 0.52265625 0.2265625 0.02421875 0.03671875
0 0.6109375 0.21328125 0.04453125 0.06796875
0 0.65234375 0.21796875 0.03828125 0.05625
0 0.69140625 0.21875 0.03515625 0.05859375
0 0.728125 0.225 0.03671875 0.04375
0 0.8140625 0.21640625 0.09296875 0.05625
0 0.91015625 0.21796875 0.09140625 0.05546875
0 0.98125 0.20546875 0.03671875 0.03046875
0 0.9796875 0.23515625 0.040625 0.0265625
0 0.97890625 0.1828125 0.04140625 0.015625
0 0.0765625 0.28515625 0.0734375 0.03828125
0 0.16796875 0.28515625 0.0953125 0.0359375
0 0.25078125 0.28828125 0.05859375 0.03515625
0 0.30078125 0.28828125 0.0265625 0.03984375
0 0.08203125 0.209375 0.02890625 0.04296875
0 0.33046875 0.2890625 0.02734375 0.03984375
0 0.04140625 0.21015625 0.0390625 0.04609375
0 0.97109375 0.06640625 0.0390625 0.03046875
0 0.228125 0.0921875 0.0328125 0.04296875
0 0.325 0.08984375 0.065625 0.05
0 0.3828125 0.059375 0.04453125 0.0390625
0 0.43125 0.0578125 0.05078125 0.0375
0 0.43515625 0.096875 0.05078125 0.034375
0 0.384375 0.096875 0.05 0.034375
0 0.484375 0.075 0.04609375 0.02578125
0 0.484375 0.10234375 0.04453125 0.025
0 0.53203125 0.07421875 0.0515625 0.02734375
0 0.53359375 0.10234375 0.04453125 0.02421875
0 0.5828125 0.075 0.05 0.028125
0 0.58203125 0.1015625 0.0484375 0.02109375
0 0.63671875 0.0734375 0.04453125 0.028125
0 0.69453125 0.0484375 0.0515625 0.028125
0 0.68984375 0.0765625 0.046875 0.0234375
0 0.68984375 0.10234375 0.046875 0.021875
0 0.73828125 0.07578125 0.0453125 0.025
0 0.73671875 0.10078125 0.046875 0.02578125
0 0.78671875 0.0765625 0.046875 0.02578125
0 0.78671875 0.10234375 0.046875 0.021875
0 0.85703125 0.090625 0.04296875 0.04921875
0 0.9171875 0.07109375 0.0484375 0.02578125
0 0.5921875 0.46953125 0.06328125 0.0484375
0 0.96953125 0.0984375 0.03671875 0.028125
0 0.35546875 0.2875 0.01875 0.03359375
0 0.91796875 0.10078125 0.05078125 0.0265625
0 0.39921875 0.28828125 0.02109375 0.03828125
0 0.3640625 0.36875 0.04375 0.06796875
0 0.42734375 0.3734375 0.03359375 0.06171875
0 0.459375 0.37265625 0.0328125 0.0625
0 0.4921875 0.3765625 0.03359375 0.0484375
0 0.5234375 0.38046875 0.03203125 0.04765625
0 0.64453125 0.37265625 0.0359375 0.05703125
0 0.609375 0.37421875 0.03359375 0.05625
0 0.32734375 0.37109375 0.028125 0.06640625
0 0.7109375 0.371875 0.09453125 0.06171875
0 0.9734375 0.3953125 0.053125 0.01953125
0 0.97578125 0.37265625 0.0484375 0.01875
0 0.9765625 0.34765625 0.04609375 0.025
0 0.9828125 0.29140625 0.034375 0.02890625
0 0.9203125 0.28984375 0.0328125 0.03203125
0 0.88984375 0.28984375 0.028125 0.0296875
0 0.8609375 0.290625 0.03125 0.03046875
0 0.8046875 0.3734375 0.0921875 0.06015625
0 0.83046875 0.290625 0.03125 0.03046875
0 0.2953125 0.37109375 0.03046875 0.06640625
0 0.22578125 0.36953125 0.03359375 0.065625
0 0.37578125 0.2890625 0.025 0.03671875
0 0.515625 0.465625 0.028125 0.05703125
0 0.48203125 0.46640625 0.03671875 0.05546875
0 0.4453125 0.465625 0.0234375 0.059375
0 0.3421875 0.4671875 0.08203125 0.053125
0 0.2625 0.48671875 0.0734375 0.0171875
0 0.26328125 0.46875 0.06953125 0.01484375
0 0.2609375 0.3703125 0.034375 0.06171875
0 0.1796875 0.484375 0.08125 0.0203125
0 0.0875 0.4671875 0.08046875 0.009375
0 0.09453125 0.484375 0.08046875 0.0203125
0 0.06875 0.37265625 0.028125 0.0546875
0 0.09765625 0.3734375 0.03046875 0.05546875
0 0.13515625 0.3765625 0.02578125 0.053125
0 0.16640625 0.37578125 0.03046875 0.04765625
0 0.19453125 0.37578125 0.025 0.0484375
0 0.18125 0.4609375 0.084375 0.0234375
0 0.796875 0.28984375 0.03046875 0.034375
0 0.55390625 0.38046875 0.02890625 0.04609375
0 0.55859375 0.28828125 0.03671875 0.03828125
0 0.4921875 0.2875 0.03359375 0.034375
0 0.525 0.28828125 0.02890625 0.03515625
0 0.76640625 0.28984375 0.02578125 0.0375
0 0.596875 0.28671875 0.040625 0.03828125
0 0.63515625 0.29140625 0.034375 0.034375
0 0.665625 0.29140625 0.02578125 0.0265625
0 0.6921875 0.290625 0.028125 0.0296875
0 0.715625 0.2921875 0.01796875 0.03046875
0 0.459375 0.28828125 0.03125 0.0375
0 0.42734375 0.2875 0.03125 0.03671875