0 0.59140625 0.85625 0.03515625 0.025
0 0.15546875 0.859375 0.040625 0.0265625
0 0.19921875 0.86875 0.03984375 0.0265625
0 0.2359375 0.91171875 0.0421875 0.028125
0 0.2796875 0.9125 0.0421875 0.028125
0 0.3296875 0.89765625 0.0375 0.028125
0 0.3703125 0.915625 0.04140625 0.03125
0 0.40625 0.909375 0.0265625 0.04296875
0 0.43515625 0.90859375 0.0265625 0.04296875
0 0.46484375 0.9078125 0.02890625 0.04453125
0 0.4328125 0.871875 0.0234375 0.01640625
0 0.50234375 0.85234375 0.04140625 0.01875
0 0.5046875 0.9046875 0.04453125 0.05234375
0 0.55 0.90546875 0.04375 0.05234375
0 0.59375 0.91796875 0.0421875 0.03046875
0 0.63203125 0.85234375 0.03515625 0.01484375
0 0.94375 0.91640625 0.034375 0.03359375
0 0.67421875 0.9109375 0.0359375 0.04765625
0 0.89453125 0.89140625 0.06171875 0.0859375
0 0.828125 0.8921875 0.0671875 0.0859375
0 0.7671875 0.89375 0.04296875 0.0234375
0 0.76953125 0.91796875 0.040625 0.02109375
0 0.15703125 0.41328125 0.059375 0.059375
0 0.0203125 0.66171875 0.040625 0.0921875
0 0.98125 0.5546875 0.0375 0.1
0 0.946875 0.5546875 0.02734375 0.10859375
0 0.91796875 0.5546875 0.02578125 0.10859375
0 0.84375 0.55390625 0.040625 0.109375
0 0.7921875 0.553125 0.03828125 0.1046875
0 0.73359375 0.5484375 0.05 0.1109375
0 0.1828125 0.9171875 0.04453125 0.0265625
0 0.9796875 0.91796875 0.034375 0.03359375
0 0.72734375 0.92265625 0.040625 0.02109375
0 0.63671875 0.9078125 0.03671875 0.04765625
0 0.13828125 0.91328125 0.0421875 0.02734375
0 0.95234375 0.6890625 0.0609375 0.0671875
0 0.04296875 0.90625 0.0421875 0.03203125
0 0.08515625 0.77578125 0.0515625 0.08828125
0 0.03125 0.7765625 0.053125 0.08828125
0 0.68671875 0.55078125 0.034375 0.10625
0 0.89140625 0.6890625 0.05625 0.06875
0 0.83984375 0.678125 0.04453125 0.0859375
0 0.79296875 0.67734375 0.04453125 0.0859375
0 0.7234375 0.6640625 0.0578125 0.07890625
0 0.66171875 0.6734375 0.0578125 0.08359375
0 0.60078125 0.67265625 0.05859375 0.0859375
0 0.53984375 0.67109375 0.05859375 0.0859375
0 0.478125 0.67109375 0.05859375 0.0859375
0 0.42265625 0.64140625 0.046875 0.046875
0 0.35703125 0.66875 0.0609375 0.08671875
0 0.29375 0.66875 0.06171875 0.0875
0 0.22890625 0.6703125 0.0609375 0.08671875
0 0.13828125 0.7765625 0.05 0.08984375
0 0.08984375 0.909375 0.0421875 0.03203125
0 0.1875 0.78046875 0.046875 0.08828125
0 0.2921875 0.78125 0.0515625 0.08671875
0 0.01015625 0.9046875 0.01953125 0.0453125
0 0.978125 0.7984375 0.04296875 0.06875
0 0.925 0.7984375 0.05859375 0.071875
0 0.8640625 0.7890625 0.04765625 0.08515625
0 0.81328125 0.78828125 0.04765625 0.08515625
0 0.7609375 0.7875 0.04765625 0.08515625
0 0.7109375 0.78671875 0.04453125 0.084375
0 0.66015625 0.7859375 0.0453125 0.084375
0 0.61171875 0.77578125 0.0453125 0.07734375
0 0.56484375 0.7765625 0.0453125 0.07734375
0 0.5203125 0.78828125 0.0390625 0.07109375
0 0.47890625 0.7890625 0.0390625 0.06875
0 0.43515625 0.79140625 0.04375 0.06875
0 0.39140625 0.78984375 0.0390625 0.06875
0 0.3453125 0.77890625 0.0515625 0.08671875
0 0.23671875 0.78203125 0.046875 0.08828125
0 0.63671875 0.55078125 0.034375 0.10625
0 0.8671875 0.15546875 0.0296875 0.1125
0 0.53515625 0.54765625 0.03125 0.10625
0 0.1640625 0.66796875 0.0609375 0.08671875
0 0.9046875 0.15703125 0.0296875 0.1125
0 0.94453125 0.159375 0.03671875 0.1125
0 0.98515625 0.16171875 0.0296875 0.103125
0 0.01484375 0.27421875 0.0296875 0.11328125
0 0.0765625 0.27265625 0.0390625 0.115625
0 0.12421875 0.27421875 0.046875 0.1203125
0 0.1703125 0.28046875 0.040625 0.1109375
0 0.215625 0.27890625 0.040625 0.1109375
0 0.265625 0.27578125 0.05390625 0.11640625
0 0.3203125 0.28125 0.04609375 0.1078125
0 0.36875 0.28359375 0.04296875 0.10234375
0 0.409375 0.28359375 0.03125 0.11015625
0 0.44765625 0.28671875 0.04140625 0.10546875
0 0.49453125 0.2859375 0.04140625 0.10546875
0 0.83203125 0.15 0.03671875 0.121875
0 0.53984375 0.28515625 0.04296875 0.1109375
0 0.7953125 0.1546875 0.0328125 0.11328125
0 0.725 0.153125 0.0328125 0.11328125
0 0.0234375 0.13046875 0.0421875 0.1234375
0 0.06796875 0.1375 0.03515625 0.10859375
0 0.11171875 0.1359375 0.0453125 0.11640625
0 0.21015625 0.13828125 0.14453125 0.12109375
0 0.30390625 0.140625 0.0375 0.1140625
0 0.34375 0.1421875 0.0375 0.1140625
0 0.37890625 0.14765625 0.028125 0.109375
0 0.41015625 0.1484375 0.0328125 0.109375
0 0.453125 0.14296875 0.04609375 0.12109375
0 0.503125 0.1453125 0.05 0.1203125
0 0.54609375 0.1484375 0.0328125 0.115625
0 0.58203125 0.1484375 0.0328125 0.11484375
0 0.61875 0.15078125 0.0328125 0.11328125
0 0.65546875 0.15 0.0328125 0.11328125
0 0.68984375 0.15078125 0.0328125 0.11328125
0 0.7609375 0.153125 0.0328125 0.11328125
0 0.59140625 0.54765625 0.04453125 0.11015625
0 0.62109375 0.2875 0.040625 0.11015625
0 0.709375 0.28984375 0.040625 0.11015625
0 0.75078125 0.4265625 0.0375 0.10390625
0 0.86328125 0.42265625 0.13359375 0.11640625
0 0.95078125 0.4296875 0.03671875 0.09921875
0 0.9859375 0.43203125 0.028125 0.1015625
0 0.02578125 0.53984375 0.04296875 0.109375
0 0.06953125 0.5375 0.03671875 0.10859375
0 0.11015625 0.53984375 0.04296875 0.1125
0 0.15390625 0.540625 0.0375 0.10859375
0 0.19296875 0.54140625 0.0375 0.10859375
0 0.23203125 0.53984375 0.0390625 0.11015625
0 0.27421875 0.540625 0.0375 0.10859375
0 0.3125 0.546875 0.03046875 0.10390625
0 0.34609375 0.54296875 0.03046875 0.10390625
0 0.3796875 0.546875 0.03046875 0.10390625
0 0.45703125 0.546875 0.115625 0.10546875
0 0.7140625 0.42421875 0.034375 0.10390625
0 0.665625 0.2859375 0.040625 0.11015625
0 0.67578125 0.42421875 0.03828125 0.1046875
0 0.59609375 0.42109375 0.03828125 0.1046875
0 0.78984375 0.29140625 0.11796875 0.1109375
0 0.87265625 0.29765625 0.034375 0.1015625
0 0.9078125 0.29765625 0.028125 0.1015625
0 0.93828125 0.29921875 0.028125 0.1015625
0 0.97421875 0.30078125 0.034375 0.1015625
0 0.01640625 0.40703125 0.03203125 0.109375
0 0.10859375 0.40546875 0.03359375 0.10546875
0 0.2203125 0.4125 0.03671875 0.11171875
0 0.265625 0.41015625 0.02890625 0.10703125
0 0.30234375 0.4140625 0.03828125 0.11328125
0 0.3859375 0.41484375 0.03828125 0.11328125
0 0.4265625 0.41796875 0.03828125 0.11328125
0 0.4671875 0.4140625 0.0390625 0.11484375
0 0.50703125 0.41796875 0.03984375 0.1109375
0 0.5546875 0.41875 0.03984375 0.1109375
0 0.6359375 0.4234375 0.03828125 0.1046875
0 0.0859375 0.665625 0.08671875 0.0921875
0 0.15546875 0.46328125 0.05390625 0.0359375