0 0.9859375 0.53515625 0.028125 0.09140625
0 0.7765625 0.43984375 0.03046875 0.01328125
0 0.77734375 0.45625 0.0328125 0.01328125
0 0.81953125 0.446875 0.02421875 0.03515625
0 0.84609375 0.4453125 0.02734375 0.034375
0 0.8078125 0.390625 0.01328125 0.05546875
0 0.8375 0.3859375 0.03125 0.06171875
0 0.92578125 0.41015625 0.04140625 0.10546875
0 0.95 0.5390625 0.0296875 0.09140625
0 0.9640625 0.40859375 0.03515625 0.103125
0 0.8515625 0.53984375 0.034375 0.1015625
0 0.77734375 0.4234375 0.02890625 0.01015625
0 0.0140625 0.5421875 0.028125 0.06796875
0 0.8890625 0.53984375 0.0359375 0.09609375
0 0.88125 0.41484375 0.0265625 0.09765625
0 0.775 0.4078125 0.03125 0.0125
0 0.5796875 0.45859375 0.04296875 0.02578125
0 0.775 0.37421875 0.04453125 0.01484375
0 0.4015625 0.42421875 0.0328125 0.09375
0 0.43984375 0.428125 0.0359375 0.09140625
0 0.48125 0.4421875 0.03203125 0.059375
0 0.0671875 0.53671875 0.05078125 0.07421875
0 0.6234375 0.44921875 0.021875 0.04921875
0 0.65078125 0.428125 0.0234375 0.0796875
0 0.778125 0.390625 0.03671875 0.0125
0 0.6859375 0.42578125 0.03203125 0.0953125
0 0.74140625 0.434375 0.021875 0.07265625
0 0.1703125 0.0859375 0.04921875 0.109375
0 0.5234375 0.42734375 0.03515625 0.08671875
0 0.59296875 0.38125 0.0546875 0.06015625
0 0.1109375 0.06640625 0.053125 0.13203125
0 0.0484375 0.07578125 0.05546875 0.1078125
0 0.71796875 0.428125 0.02265625 0.08203125
0 0.13046875 0.5328125 0.04296875 0.07109375
0 0.3640625 0.38359375 0.03828125 0.06640625
0 0.21171875 0.5171875 0.03046875 0.02734375
0 0.11875 0.28125 0.04296875 0.09765625
0 0.48046875 0.87421875 0.06640625 0.06015625
0 0.4734375 0.80234375 0.06171875 0.06796875
0 0.4 0.85546875 0.075 0.1203125
0 0.31328125 0.88046875 0.08671875 0.09453125
0 0.23828125 0.878125 0.0484375 0.12265625
0 0.17890625 0.878125 0.05078125 0.125
0 0.1 0.91953125 0.09375 0.09765625
0 0.9875 0.63671875 0.025 0.08984375
0 0.175 0.25703125 0.05859375 0.12890625
0 0.9515625 0.64140625 0.03515625 0.09375
0 0.87421875 0.65390625 0.028125 0.08828125
0 0.83828125 0.665625 0.0296875 0.07421875
0 0.7890625 0.67890625 0.0421875 0.05859375
0 0.71796875 0.69140625 0.078125 0.05703125
0 0.62734375 0.70546875 0.08125 0.04375
0 0.5359375 0.71484375 0.090625 0.05703125
0 0.43828125 0.725 0.09375 0.05625
0 0.73515625 0.1359375 0.02890625 0.11328125
0 0.76640625 0.15234375 0.03046875 0.090625
0 0.91171875 0.6484375 0.02890625 0.10234375
0 0.23984375 0.25390625 0.053125 0.134375
0 0.68515625 0.12890625 0.04609375 0.1265625
0 0.590625 0.11875 0.040625 0.1296875
0 0.41328125 0.10703125 0.03671875 0.13515625
0 0.3734375 0.09609375 0.03671875 0.12421875
0 0.33125 0.08359375 0.03828125 0.1359375
0 0.27734375 0.078125 0.05234375 0.1515625
0 0.21875 0.09453125 0.0453125 0.103125
0 0.29609375 0.2765625 0.03828125 0.10546875
0 0.98671875 0.75546875 0.02578125 0.0984375
0 0.95234375 0.759375 0.0375 0.1015625
0 0.909375 0.76328125 0.03828125 0.10703125
0 0.8671875 0.77578125 0.040625 0.11328125
0 0.82265625 0.77890625 0.03125 0.1109375
0 0.77109375 0.8046875 0.0578125 0.07890625
0 0.7125 0.80625 0.02890625 0.103125
0 0.6734375 0.81953125 0.0328125 0.0953125
0 0.62109375 0.82421875 0.03984375 0.096875
0 0.56484375 0.86171875 0.0453125 0.04375
0 0.5484375 0.81171875 0.05078125 0.0453125
0 0.36875 0.4484375 0.021875 0.0484375
0 0.4578125 0.1015625 0.04375 0.1359375
0 0.5 0.11015625 0.03125 0.12890625
0 0.540625 0.11640625 0.0453125 0.128125
0 0.80625 0.1734375 0.0375 0.05625
0 0.83984375 0.15078125 0.02734375 0.109375
0 0.87421875 0.1578125 0.02734375 0.0953125
0 0.903125 0.1640625 0.021875 0.0953125
0 0.31171875 0.428125 0.04609375 0.09296875
0 0.34453125 0.73046875 0.053125 0.05625
0 0.28203125 0.740625 0.04609375 0.06875
0 0.22421875 0.74921875 0.0453125 0.0625
0 0.17578125 0.75625 0.034375 0.07109375
0 0.13046875 0.75859375 0.03984375 0.071875
0 0.07890625 0.759375 0.0515625 0.0828125
0 0.0203125 0.765625 0.040625 0.07265625
0 0.80390625 0.609375 0.0375 0.02734375
0 0.76328125 0.6140625 0.03046875 0.02890625
0 0.71796875 0.60234375 0.03828125 0.06015625
0 0.6734375 0.60859375 0.0359375 0.05390625
0 0.62421875 0.60703125 0.04921875 0.0671875
0 0.5375 0.60546875 0.08125 0.084375
0 0.43828125 0.6140625 0.09921875 0.08203125
0 0.3640625 0.63671875 0.04140625 0.05234375
0 0.31171875 0.64921875 0.04609375 0.046875
0 0.26796875 0.6359375 0.03359375 0.07265625
0 0.17890625 0.63828125 0.128125 0.08515625
0 0.05625 0.64453125 0.11171875 0.10078125
0 0.2234375 0.5453125 0.040625 0.01875
0 0.2640625 0.415625 0.03828125 0.1171875
0 0.17890625 0.54296875 0.03515625 0.0203125
0 0.2140625 0.4171875 0.05 0.121875
0 0.12265625 0.42421875 0.05 0.10546875
0 0.93125 0.1640625 0.02109375 0.09375
0 0.95390625 0.16640625 0.02109375 0.09921875
0 0.97578125 0.16875 0.02265625 0.09296875
0 0.33984375 0.2984375 0.0328125 0.05703125
0 0.3765625 0.28984375 0.03046875 0.07890625
0 0.415625 0.3015625 0.025 0.05859375
0 0.4515625 0.28671875 0.0390625 0.0875
0 0.50390625 0.29296875 0.0421875 0.0828125
0 0.540625 0.2890625 0.025 0.0859375
0 0.5828125 0.29140625 0.03984375 0.090625
0 0.6203125 0.30078125 0.02265625 0.07421875
0 0.65234375 0.30390625 0.03515625 0.06640625
0 0.6875 0.29921875 0.03515625 0.08046875
0 0.7265625 0.296875 0.0328125 0.08828125
0 0.759375 0.296875 0.025 0.08984375
0 0.79296875 0.32890625 0.025 0.02578125
0 0.84765625 0.28828125 0.02578125 0.109375
0 0.88359375 0.29140625 0.034375 0.11328125
0 0.9171875 0.29921875 0.02109375 0.09921875
0 0.94453125 0.31328125 0.02734375 0.075
0 0.071875 0.4171875 0.0453125 0.125
0 0.1671875 0.425 0.03359375 0.0984375
0 0.05703125 0.26796875 0.0546875 0.1109375