0 0.11328125 0.4484375 0.04140625 0.0921875
0 0.43359375 0.5671875 0.03984375 0.0859375
0 0.6796875 0.44375 0.04140625 0.0921875
0 0.634375 0.44609375 0.04140625 0.0921875
0 0.58828125 0.440625 0.04140625 0.0921875
0 0.5421875 0.44140625 0.04140625 0.0921875
0 0.49765625 0.440625 0.04140625 0.0921875
0 0.45390625 0.440625 0.04140625 0.0921875
0 0.40703125 0.440625 0.04140625 0.0921875
0 0.353125 0.44375 0.04140625 0.0921875
0 0.26015625 0.446875 0.04140625 0.0921875
0 0.2078125 0.4453125 0.04140625 0.0921875
0 0.159375 0.446875 0.04140625 0.0921875
0 0.33671875 0.3046875 0.04609375 0.0953125
0 0.3875 0.30625 0.05 0.09375
0 0.4390625 0.3078125 0.04140625 0.0984375
0 0.49140625 0.309375 0.04375 0.09375
0 0.54296875 0.31015625 0.04609375 0.0921875
0 0.5984375 0.3078125 0.04140625 0.0984375
0 0.64921875 0.3109375 0.04921875 0.09296875
0 0.69921875 0.3109375 0.04921875 0.09375
0 0.75390625 0.31171875 0.04921875 0.09296875
0 0.8046875 0.3109375 0.0484375 0.09296875
0 0.85625 0.3109375 0.0484375 0.09375
0 0.909375 0.31171875 0.0484375 0.09296875
0 0.96171875 0.309375 0.04296875 0.09140625
0 0.02109375 0.4484375 0.0421875 0.08125
0 0.96328125 0.70859375 0.03515625 0.05859375
0 0.9265625 0.7078125 0.0328125 0.06015625
0 0.88671875 0.7046875 0.04140625 0.0671875
0 0.0234375 0.16328125 0.04609375 0.08828125
0 0.73125 0.44375 0.04140625 0.0921875
0 0.06953125 0.15 0.040625 0.1203125
0 0.7765625 0.44765625 0.04453125 0.0859375
0 0.86953125 0.4484375 0.04140625 0.0875
0 0.3890625 0.5671875 0.0421875 0.078125
0 0.97890625 0.83359375 0.0375 0.0703125
0 0.93515625 0.834375 0.03828125 0.065625
0 0.89375 0.83515625 0.0359375 0.065625
0 0.85234375 0.83671875 0.03828125 0.0671875
0 0.81015625 0.83671875 0.03671875 0.065625
0 0.7703125 0.8375 0.03828125 0.06484375
0 0.72890625 0.8375 0.03828125 0.0640625
0 0.6859375 0.8390625 0.03671875 0.0625
0 0.6484375 0.83671875 0.03125 0.065625
0 0.61171875 0.83828125 0.02734375 0.0640625
0 0.571875 0.8375 0.0453125 0.07890625
0 0.51953125 0.8359375 0.04140625 0.0734375
0 0.47421875 0.8359375 0.03515625 0.0640625
0 0.43046875 0.8359375 0.03515625 0.06015625
0 0.38984375 0.834375 0.034375 0.0671875
0 0.34453125 0.83671875 0.0390625 0.08125
0 0.30234375 0.8375 0.03828125 0.071875
0 0.26015625 0.8421875 0.03203125 0.06875
0 0.22109375 0.83828125 0.03203125 0.0703125
0 0.17421875 0.8359375 0.03203125 0.06875
0 0.13359375 0.834375 0.034375 0.065625
0 0.08984375 0.8359375 0.04296875 0.06796875
0 0.0484375 0.82421875 0.03359375 0.09375
0 0.0140625 0.82265625 0.028125 0.1015625
0 0.06171875 0.571875 0.03828125 0.0765625
0 0.01875 0.57265625 0.0375 0.0765625
0 0.95859375 0.44921875 0.04609375 0.0859375
0 0.91328125 0.4515625 0.04140625 0.0875
0 0.82421875 0.44609375 0.04453125 0.0859375
0 0.11328125 0.15 0.040625 0.1203125
0 0.30546875 0.44375 0.04140625 0.0921875
0 0.21484375 0.1421875 0.04140625 0.13125
0 0.75078125 0.696875 0.0375 0.07890625
0 0.70703125 0.69453125 0.03984375 0.0796875
0 0.6640625 0.6921875 0.040625 0.0828125
0 0.61953125 0.6984375 0.03984375 0.071875
0 0.58125 0.68984375 0.0296875 0.0890625
0 0.546875 0.6875 0.03203125 0.0875
0 0.61484375 0.571875 0.04453125 0.06796875
0 0.47890625 0.56796875 0.03984375 0.0859375
0 0.1671875 0.14765625 0.04375 0.1203125
0 0.5265625 0.56640625 0.03984375 0.0859375
0 0.5015625 0.6875 0.0328125 0.08828125
0 0.46171875 0.6875 0.0328125 0.08828125
0 0.42109375 0.6890625 0.03203125 0.08828125
0 0.38359375 0.690625 0.0328125 0.08828125
0 0.34453125 0.68828125 0.0328125 0.0875
0 0.30234375 0.6921875 0.0328125 0.08828125
0 0.265625 0.6921875 0.03203125 0.08828125
0 0.6609375 0.5734375 0.04296875 0.06875
0 0.7046875 0.5765625 0.0390625 0.0640625
0 0.74765625 0.57578125 0.03828125 0.06328125
0 0.790625 0.5765625 0.0390625 0.06328125
0 0.84140625 0.57734375 0.0390625 0.0640625
0 0.884375 0.57734375 0.03828125 0.0640625
0 0.79375 0.70078125 0.03984375 0.0671875
0 0.94140625 0.57421875 0.0390625 0.0640625
0 0.0078125 0.69765625 0.015625 0.0703125
0 0.0390625 0.69921875 0.03984375 0.0671875
0 0.08046875 0.69609375 0.03984375 0.0734375
0 0.125 0.696875 0.04453125 0.0765625
0 0.1734375 0.696875 0.040625 0.075
0 0.21796875 0.696875 0.04140625 0.075
0 0.9828125 0.57578125 0.03359375 0.065625
0 0.840625 0.7015625 0.04140625 0.0640625
0 0.56875 0.5734375 0.03828125 0.0671875
0 0.29765625 0.56875 0.04375 0.0765625
0 0.1296875 0.309375 0.0484375 0.0953125
0 0.34296875 0.56796875 0.04296875 0.078125
0 0.075 0.309375 0.04921875 0.0859375
0 0.0234375 0.31015625 0.04140625 0.090625
0 0.9765625 0.16015625 0.0453125 0.10546875
0 0.925 0.16015625 0.04609375 0.1
0 0.28828125 0.30390625 0.04140625 0.0921875
0 0.87265625 0.15859375 0.05234375 0.103125
0 0.815625 0.159375 0.0484375 0.10078125
0 0.76328125 0.159375 0.046875 0.10234375
0 0.71640625 0.14375 0.03671875 0.13359375
0 0.6734375 0.14375 0.04140625 0.13125
0 0.18125 0.303125 0.046875 0.090625
0 0.62734375 0.1453125 0.04140625 0.1328125
0 0.534375 0.14296875 0.04140625 0.1328125
0 0.06640625 0.4484375 0.03984375 0.08203125
0 0.48828125 0.14453125 0.04140625 0.1328125
0 0.44375 0.14453125 0.04140625 0.1328125
0 0.39375 0.14140625 0.0421875 0.134375
0 0.10546875 0.56953125 0.0421875 0.08125
0 0.35078125 0.14375 0.03671875 0.134375
0 0.30859375 0.14296875 0.03984375 0.134375
0 0.2625 0.1421875 0.04453125 0.13125
0 0.15390625 0.575 0.04921875 0.071875
0 0.2046875 0.571875 0.04453125 0.07734375
0 0.25078125 0.57109375 0.04375 0.0765625
0 0.58203125 0.14453125 0.04140625 0.1328125
0 0.23515625 0.30625 0.0484375 0.09296875