0 0.94453125 0.484375 0.04921875 0.03125
0 0.55703125 0.45546875 0.03828125 0.0265625
0 0.8 0.703125 0.0609375 0.04453125
0 0.80859375 0.62734375 0.071875 0.03671875
0 0.7328125 0.63125 0.059375 0.0328125
0 0.73828125 0.6046875 0.0546875 0.015625
0 0.66796875 0.625 0.028125 0.04765625
0 0.61875 0.62421875 0.03828125 0.04375
0 0.57578125 0.6265625 0.0390625 0.053125
0 0.52265625 0.63046875 0.03515625 0.040625
0 0.471875 0.63515625 0.040625 0.04375
0 0.734375 0.70703125 0.05546875 0.053125
0 0.41484375 0.6359375 0.0484375 0.03984375
0 0.046875 0.7703125 0.053125 0.025
0 0.0734375 0.715625 0.07734375 0.04375
0 0.04453125 0.628125 0.0671875 0.04375
0 0.0671875 0.853125 0.0453125 0.03203125
0 0.11796875 0.85 0.0515625 0.0453125
0 0.16484375 0.85078125 0.03203125 0.046875
0 0.2296875 0.8484375 0.0484375 0.04375
0 0.29296875 0.84609375 0.0484375 0.03671875
0 0.346875 0.84296875 0.046875 0.034375
0 0.10234375 0.78125 0.04296875 0.03359375
0 0.403125 0.846875 0.04921875 0.0359375
0 0.67578125 0.70078125 0.046875 0.05859375
0 0.57890625 0.6953125 0.03671875 0.053125
0 0.90859375 0.1921875 0.04375 0.08125
0 0.9828125 0.1265625 0.03359375 0.025
0 0.98046875 0.1578125 0.0390625 0.0359375
0 0.828125 0.1609375 0.10546875 0.0359375
0 0.71875 0.1625 0.10390625 0.03046875
0 0.63671875 0.16171875 0.0484375 0.03046875
0 0.57890625 0.1625 0.0453125 0.025
0 0.52421875 0.1609375 0.0484375 0.03125
0 0.46796875 0.16015625 0.04609375 0.028125
0 0.6265625 0.6984375 0.04609375 0.06171875
0 0.42109375 0.1609375 0.05078125 0.0265625
0 0.353125 0.15234375 0.06328125 0.04453125
0 0.353125 0.115625 0.06328125 0.028125
0 0.278125 0.11328125 0.06796875 0.01796875
0 0.209375 0.1140625 0.05546875 0.02578125
0 0.2078125 0.14921875 0.0484375 0.04140625
0 0.06171875 0.1546875 0.05078125 0.0359375
0 0.42578125 0.696875 0.046875 0.04375
0 0.478125 0.703125 0.053125 0.04765625
0 0.53046875 0.70546875 0.028125 0.04296875
0 0.27734375 0.1515625 0.07265625 0.0359375
0 0.4546875 0.84296875 0.04140625 0.03828125
0 0.50703125 0.8421875 0.0484375 0.0328125
0 0.56015625 0.8421875 0.05078125 0.03671875
0 0.23828125 0.62578125 0.05234375 0.04296875
0 0.1140625 0.6375 0.0609375 0.0359375
0 0.0984375 0.5609375 0.06328125 0.0390625
0 0.03203125 0.56015625 0.0625 0.03671875
0 0.06640625 0.484375 0.06328125 0.03984375
0 0.08046875 0.37578125 0.0609375 0.0265625
0 0.0390625 0.409375 0.03828125 0.03984375
0 0.0875 0.409375 0.053125 0.03984375
0 0.25078125 0.37578125 0.0515625 0.01953125
0 0.29375 0.62578125 0.04921875 0.053125
0 0.240625 0.40625 0.0546875 0.03515625
0 0.3890625 0.4078125 0.03671875 0.03125
0 0.42890625 0.40625 0.03828125 0.034375
0 0.4140625 0.3765625 0.06796875 0.01640625
0 0.49453125 0.378125 0.06796875 0.0171875
0 0.47421875 0.40703125 0.04296875 0.03125
0 0.51328125 0.4078125 0.03515625 0.034375
0 0.5578125 0.40546875 0.05 0.0359375
0 0.60625 0.40625 0.04140625 0.03828125
0 0.65390625 0.4046875 0.04375 0.03984375
0 0.31171875 0.4046875 0.04921875 0.03671875
0 0.2375 0.55234375 0.05703125 0.0515625
0 0.29921875 0.55078125 0.04453125 0.05078125
0 0.36328125 0.553125 0.04296875 0.05078125
0 0.56640625 0.4859375 0.034375 0.03125
0 0.671875 0.84609375 0.04609375 0.03984375
0 0.73125 0.83984375 0.053125 0.03359375
0 0.78828125 0.83984375 0.053125 0.03359375
0 0.89140625 0.8453125 0.028125 0.0296875
0 0.93671875 0.84140625 0.046875 0.0328125
0 0.9859375 0.8375 0.028125 0.03203125
0 0.01953125 0.85546875 0.0375 0.03203125
0 0.6671875 0.45078125 0.03671875 0.0125
0 0.615625 0.4859375 0.040625 0.04296875
0 0.67109375 0.4828125 0.03515625 0.0390625
0 0.7484375 0.52578125 0.05859375 0.015625
0 0.83828125 0.5578125 0.0328125 0.03125
0 0.79296875 0.56015625 0.04375 0.0359375
0 0.721875 0.55625 0.06328125 0.03515625
0 0.66484375 0.5484375 0.03203125 0.04296875
0 0.61640625 0.55546875 0.0453125 0.0453125
0 0.5703125 0.553125 0.03125 0.0484375
0 0.51875 0.5546875 0.04609375 0.05078125
0 0.46328125 0.55859375 0.046875 0.04921875
0 0.4140625 0.55546875 0.04609375 0.046875
0 0.90546875 0.2703125 0.04453125 0.06875
0 0.8953125 0.35 0.0453125 0.0625
0 0.61484375 0.84375 0.05859375 0.03515625
0 0.83828125 0.23046875 0.053125 0.071875
0 0.7171875 0.3765625 0.0578125 0.02109375
0 0.7109375 0.4078125 0.05703125 0.034375
0 0.778125 0.40546875 0.053125 0.03359375
0 0.8359375 0.4078125 0.0578125 0.03671875
0 0.946875 0.453125 0.0484375 0.02265625
0 0.9609375 0.40546875 0.0640625 0.03203125
0 0.9765625 0.2078125 0.04296875 0.03125
0 0.96171875 0.25 0.0546875 0.0296875
0 0.95859375 0.296875 0.0484375 0.0328125
0 0.9796875 0.76953125 0.040625 0.03984375
0 0.9546875 0.33125 0.05078125 0.0296875
0 0.740625 0.33359375 0.04375 0.02109375
0 0.6671875 0.31171875 0.0484375 0.0671875
0 0.58515625 0.321875 0.04921875 0.04765625
0 0.53046875 0.32578125 0.0421875 0.0390625
0 0.475 0.32578125 0.046875 0.03671875
0 0.4125 0.32734375 0.05546875 0.0390625
0 0.22578125 0.2953125 0.0421875 0.015625
0 0.3015625 0.29765625 0.03046875 0.01796875
0 0.34140625 0.31328125 0.04296875 0.01875
0 0.83515625 0.31015625 0.05859375 0.0609375
0 0.33046875 0.33515625 0.06484375 0.02109375
0 0.925 0.77421875 0.0484375 0.03828125
0 0.86953125 0.74765625 0.05078125 0.02109375
0 0.5171875 0.4859375 0.040625 0.0328125
0 0.8953125 0.42109375 0.046875 0.059375
0 0.51875 0.45390625 0.0328125 0.02265625
0 0.47109375 0.48671875 0.03671875 0.03359375
0 0.46484375 0.45625 0.04296875 0.02578125
0 0.41796875 0.45625 0.03828125 0.02578125
0 0.4234375 0.48671875 0.04296875 0.028125
0 0.35 0.48125 0.04765625 0.05625
0 0.29140625 0.478125 0.04453125 0.0484375
0 0.871875 0.77578125 0.0484375 0.028125
0 0.23359375 0.47890625 0.0515625 0.04765625
0 0.81953125 0.4828125 0.053125 0.03984375
0 0.9640625 0.559375 0.03828125 0.021875
0 0.93203125 0.62578125 0.0484375 0.03828125
0 0.9796875 0.62890625 0.040625 0.03515625
0 0.89375 0.56875 0.046875 0.040625
0 0.8828125 0.625 0.03984375 0.0328125
0 0.89140625 0.6671875 0.04453125 0.03671875
0 0.88984375 0.50390625 0.0484375 0.08359375
0 0.87421875 0.71875 0.04375 0.03125
0 0.75078125 0.48359375 0.0796875 0.03515625
0 0.2515625 0.32421875 0.03359375 0.04296875
0 0.95234375 0.69765625 0.0515625 0.0390625
0 0.01796875 0.32734375 0.03359375 0.03671875
0 0.79765625 0.77734375 0.059375 0.0359375
0 0.73359375 0.7734375 0.05703125 0.028125
0 0.6640625 0.7703125 0.04609375 0.0484375
0 0.61015625 0.77421875 0.04140625 0.04765625
0 0.559375 0.76953125 0.04609375 0.04453125
0 0.5140625 0.7671875 0.03984375 0.0484375
0 0.46171875 0.7703125 0.0390625 0.0453125
0 0.33828125 0.7734375 0.07265625 0.04921875
0 0.2609375 0.77734375 0.06171875 0.04375
0 0.24453125 0.7 0.06171875 0.05390625
0 0.3359375 0.7046875 0.1046875 0.05390625
0 0.2796875 0.20390625 0.06171875 0.02109375
0 0.35625 0.23359375 0.075 0.05
0 0.4234375 0.2484375 0.0453125 0.0265625
0 0.4765625 0.24609375 0.04140625 0.03671875
0 0.53203125 0.2453125 0.05703125 0.03671875
0 0.590625 0.24140625 0.046875 0.034375
0 0.640625 0.25078125 0.04140625 0.0296875
0 0.1109375 0.3234375 0.0265625 0.03671875
0 0.703125 0.2546875 0.046875 0.01640625
0 0.77265625 0.253125 0.06328125 0.02109375
0 0.2734375 0.240625 0.0671875 0.04375
0 0.21171875 0.23828125 0.05078125 0.0390625
0 0.41015625 0.77109375 0.04375 0.05234375
0 0.209375 0.203125 0.05078125 0.02578125
0 0.01875 0.15625 0.0328125 0.034375
0 0.0203125 0.2390625 0.040625 0.040625
0 0.07578125 0.2375 0.0609375 0.03828125
0 0.190625 0.8015625 0.0453125 0.03125
0 0.17890625 0.77109375 0.05078125 0.0296875
0 0.178125 0.72890625 0.03671875 0.04921875
0 0.1703125 0.68125 0.04296875 0.03203125
0 0.1796875 0.60859375 0.04921875 0.0359375
0 0.16796875 0.57265625 0.053125 0.0265625
0 0.1734375 0.5375 0.04609375 0.03203125
0 0.18125 0.646875 0.053125 0.0328125
0 0.1578125 0.45234375 0.04296875 0.03828125
0 0.16640625 0.41640625 0.04375 0.0328125
0 0.16171875 0.38046875 0.05078125 0.03671875
0 0.0671875 0.32421875 0.04609375 0.03359375
0 0.1578125 0.34140625 0.04921875 0.03046875
0 0.15703125 0.303125 0.053125 0.03671875
0 0.15390625 0.2625 0.046875 0.03984375
0 0.171875 0.49609375 0.03515625 0.046875
0 0.1546875 0.225 0.0453125 0.03125
0 0.140625 0.171875 0.0453125 0.06796875