0 0.8140625 0.2375 0.0875 0.07734375
0 0.11328125 0.34765625 0.07421875 0.05234375
0 0.0359375 0.3328125 0.06796875 0.08359375
0 0.9390625 0.2625 0.0515625 0.03359375
0 0.28828125 0.68828125 0.04765625 0.0484375
0 0.89296875 0.2546875 0.0375 0.04140625
0 0.896875 0.34765625 0.08828125 0.02578125
0 0.13125 0.709375 0.0765625 0.01015625
0 0.53984375 0.52109375 0.06015625 0.0453125
0 0.60859375 0.51640625 0.06796875 0.0515625
0 0.675 0.5234375 0.053125 0.04453125
0 0.73125 0.521875 0.0484375 0.0421875
0 0.7953125 0.51875 0.05546875 0.05078125
0 0.87734375 0.47421875 0.071875 0.02265625
0 0.95234375 0.471875 0.065625 0.01796875
0 0.8703125 0.49609375 0.075 0.0203125
0 0.95859375 0.496875 0.0828125 0.015625
0 0.8703125 0.51640625 0.07421875 0.01953125
0 0.9578125 0.5171875 0.084375 0.0203125
0 0.03515625 0.61171875 0.03515625 0.05625
0 0.078125 0.603125 0.0171875 0.05859375
0 0.10859375 0.60625 0.034375 0.06484375
0 0.5390625 0.490625 0.06328125 0.01171875
0 0.1484375 0.6015625 0.028125 0.0640625
0 0.23046875 0.61875 0.03046875 0.0484375
0 0.3109375 0.6171875 0.02421875 0.0484375
0 0.35546875 0.6328125 0.06484375 0.015625
0 0.40546875 0.61328125 0.0296875 0.05234375
0 0.4328125 0.61328125 0.015625 0.05
0 0.4515625 0.6125 0.0171875 0.05390625
0 0.46015625 0.56875 0.05703125 0.01484375
0 0.515625 0.6140625 0.03828125 0.05703125
0 0.66484375 0.6125 0.0328125 0.0578125
0 0.7 0.61015625 0.0296875 0.05859375
0 0.84375 0.66328125 0.05234375 0.040625
0 0.903125 0.65859375 0.0546875 0.03984375
0 0.746875 0.2359375 0.03515625 0.07734375
0 0.95 0.64921875 0.0390625 0.0515625
0 0.190625 0.6046875 0.04296875 0.06875
0 0.46640625 0.51484375 0.0703125 0.02578125
0 0.46953125 0.53828125 0.06796875 0.01484375
0 0.32421875 0.49296875 0.0546875 0.02421875
0 0.13515625 0.696875 0.0796875 0.009375
0 0.1328125 0.684375 0.07890625 0.009375
0 0.0453125 0.709375 0.0828125 0.01015625
0 0.04765625 0.696875 0.07890625 0.01015625
0 0.04765625 0.6859375 0.07890625 0.0125
0 0.45234375 0.34921875 0.08359375 0.0640625
0 0.54453125 0.34375 0.0828125 0.06953125
0 0.646875 0.34921875 0.10078125 0.06875
0 0.80078125 0.3421875 0.0875 0.0875
0 0.90859375 0.32109375 0.09453125 0.0234375
0 0.971875 0.35 0.05625 0.02578125
0 0.03828125 0.42578125 0.06796875 0.0640625
0 0.115625 0.4265625 0.075 0.0625
0 0.18828125 0.34921875 0.07734375 0.0578125
0 0.240625 0.428125 0.03046875 0.0203125
0 0.27890625 0.42578125 0.02890625 0.01875
0 0.2375 0.45 0.0328125 0.02109375
0 0.1890625 0.5171875 0.06953125 0.04453125
0 0.09765625 0.51640625 0.05234375 0.04453125
0 0.04609375 0.51640625 0.04375 0.0421875
0 0.9640625 0.43359375 0.071875 0.02734375
0 0.88046875 0.43203125 0.0859375 0.028125
0 0.89375 0.4046875 0.0828125 0.0265625
0 0.21953125 0.68984375 0.065625 0.0421875
0 0.74375 0.44375 0.06484375 0.04140625
0 0.55703125 0.4421875 0.0734375 0.04375
0 0.48515625 0.44375 0.059375 0.03828125
0 0.42265625 0.440625 0.0515625 0.04375
0 0.3640625 0.44375 0.04609375 0.0375
0 0.31640625 0.44375 0.0421875 0.0375
0 0.2734375 0.45078125 0.0296875 0.021875
0 0.67890625 0.43984375 0.06015625 0.05546875
0 0.68671875 0.2390625 0.08125 0.0671875
0 0.1953125 0.4453125 0.04375 0.0296875
0 0.5796875 0.2359375 0.03984375 0.078125
0 0.96953125 0.78203125 0.046875 0.021875
0 0.921875 0.78046875 0.0296875 0.0171875
0 0.8734375 0.8125 0.04296875 0.021875
0 0.82578125 0.8109375 0.04140625 0.0234375
0 0.87890625 0.7890625 0.05 0.02109375
0 0.82734375 0.7859375 0.0453125 0.02421875
0 0.77265625 0.7640625 0.05703125 0.046875
0 0.71640625 0.76796875 0.03046875 0.03359375
0 0.678125 0.7671875 0.03359375 0.034375
0 0.63984375 0.76796875 0.03515625 0.03515625
0 0.5953125 0.74375 0.02890625 0.02109375
0 0.5625 0.771875 0.02734375 0.03125
0 0.534375 0.7703125 0.028125 0.028125
0 0.5015625 0.7734375 0.0234375 0.03046875
0 0.47890625 0.77109375 0.02109375 0.03203125
0 0.92109375 0.8125 0.046875 0.021875
0 0.97265625 0.8125 0.04609375 0.021875
0 0.03828125 0.8640625 0.02421875 0.059375
0 0.0765625 0.8875 0.040625 0.0421875
0 0.96953125 0.88125 0.0609375 0.01484375
0 0.96484375 0.896875 0.0703125 0.015625
0 0.89765625 0.8984375 0.05546875 0.015625
0 0.8375 0.89921875 0.05703125 0.0171875
0 0.70390625 0.87109375 0.04609375 0.071875
0 0.65625 0.86640625 0.04140625 0.07578125
0 0.60703125 0.86640625 0.04765625 0.0765625
0 0.440625 0.76796875 0.02265625 0.0375
0 0.5453125 0.86484375 0.053125 0.08828125
0 0.44140625 0.87109375 0.04609375 0.07890625
0 0.3828125 0.8703125 0.04921875 0.07890625
0 0.3328125 0.87265625 0.040625 0.07890625
0 0.2859375 0.87265625 0.04296875 0.07890625
0 0.23125 0.87734375 0.04609375 0.06953125
0 0.18359375 0.871875 0.04140625 0.071875
0 0.12734375 0.88828125 0.05078125 0.03984375
0 0.49375 0.86953125 0.04140625 0.07734375
0 0.62109375 0.24453125 0.03203125 0.0625
0 0.41875 0.76640625 0.0171875 0.0375
0 0.36015625 0.7703125 0.0296875 0.03828125
0 0.35390625 0.346875 0.0921875 0.06640625
0 0.0671875 0.2296875 0.0296875 0.07421875
0 0.10390625 0.23203125 0.03359375 0.06796875
0 0.14609375 0.2328125 0.0453125 0.06875
0 0.190625 0.2296875 0.0390625 0.0734375
0 0.23515625 0.23515625 0.0328125 0.06875
0 0.275 0.23828125 0.0328125 0.0671875
0 0.31171875 0.23671875 0.02578125 0.06875
0 0.3421875 0.2375 0.02421875 0.0671875
0 0.34375 0.1953125 0.0375 0.015625
0 0.3765625 0.23671875 0.0328125 0.06484375
0 0.4140625 0.240625 0.0296875 0.06484375
0 0.45703125 0.24140625 0.03671875 0.065625
0 0.4953125 0.23828125 0.03125 0.06953125
0 0.53671875 0.2359375 0.0328125 0.0796875
0 0.3515625 0.6671875 0.05625 0.01640625
0 0.34921875 0.690625 0.05625 0.01875
0 0.3484375 0.70625 0.0546875 0.00859375
0 0.4171875 0.68359375 0.0703125 0.05
0 0.328125 0.76796875 0.01796875 0.0375
0 0.30703125 0.76875 0.01953125 0.0390625
0 0.259375 0.76953125 0.04609375 0.034375
0 0.21875 0.7703125 0.025 0.0375
0 0.18203125 0.7640625 0.03828125 0.0546875
0 0.14140625 0.76015625 0.034375 0.0515625
0 0.1046875 0.7609375 0.03203125 0.0515625
0 0.39140625 0.7703125 0.0234375 0.03984375
0 0.05859375 0.76015625 0.0484375 0.0515625
0 0.8234375 0.72109375 0.025 0.0234375
0 0.7578125 0.6875 0.0875 0.04921875
0 0.66875 0.696875 0.0765625 0.0171875
0 0.60859375 0.6953125 0.03359375 0.040625
0 0.56640625 0.69453125 0.034375 0.0359375
0 0.5265625 0.690625 0.0375 0.03984375
0 0.48046875 0.6921875 0.04921875 0.0421875
0 0.86015625 0.7140625 0.040625 0.0203125
0 0.2640625 0.3515625 0.0640625 0.0546875