0 0.22734375 0.4234375 0.0375 0.11953125
0 0.4296875 0.41796875 0.03125 0.11640625
0 0.390625 0.42421875 0.034375 0.11484375
0 0.3546875 0.41484375 0.028125 0.1125
0 0.315625 0.42421875 0.0359375 0.12421875
0 0.271875 0.43359375 0.040625 0.09921875
0 0.190625 0.43203125 0.0328125 0.08984375
0 0.9828125 0.240625 0.034375 0.12734375
0 0.11796875 0.42109375 0.0328125 0.12109375
0 0.0734375 0.421875 0.0375 0.11953125
0 0.759375 0.2390625 0.0296875 0.11953125
0 0.9421875 0.240625 0.03515625 0.12265625
0 0.90546875 0.23828125 0.0328125 0.121875
0 0.8703125 0.23984375 0.0328125 0.11953125
0 0.83203125 0.23984375 0.034375 0.12265625
0 0.7953125 0.23984375 0.02890625 0.1203125
0 0.6875 0.83125 0.021875 0.12109375
0 0.1515625 0.43515625 0.02578125 0.09765625
0 0.71640625 0.83125 0.0265625 0.1171875
0 0.425 0.8390625 0.028125 0.09453125
0 0.71796875 0.23828125 0.040625 0.13046875
0 0.50234375 0.05625 0.0421875 0.10703125
0 0.5453125 0.05625 0.03203125 0.11015625
0 0.590625 0.0578125 0.04296875 0.10859375
0 0.6390625 0.05703125 0.03828125 0.10859375
0 0.6859375 0.0546875 0.0359375 0.10703125
0 0.7296875 0.05625 0.04140625 0.10546875
0 0.4546875 0.05625 0.040625 0.10234375
0 0.77734375 0.05703125 0.03125 0.10859375
0 0.80390625 0.8328125 0.03125 0.10078125
0 0.84296875 0.83828125 0.03125 0.09609375
0 0.87578125 0.84140625 0.025 0.09453125
0 0.128125 0.58828125 0.0359375 0.11640625
0 0.090625 0.58984375 0.03671875 0.115625
0 0.01875 0.5890625 0.0296875 0.11328125
0 0.7609375 0.83359375 0.03359375 0.1078125
0 0.059375 0.5796875 0.0203125 0.11015625
0 0.409375 0.053125 0.040625 0.1015625
0 0.32109375 0.05546875 0.0375 0.10546875
0 0.16796875 0.58984375 0.04140625 0.10859375
0 0.20859375 0.584375 0.0359375 0.10703125
0 0.27734375 0.58046875 0.034375 0.10546875
0 0.31328125 0.59921875 0.0375 0.0859375
0 0.3546875 0.59921875 0.0375 0.08515625
0 0.39375 0.5984375 0.03515625 0.09140625
0 0.36328125 0.05703125 0.040625 0.10703125
0 0.43046875 0.59140625 0.034375 0.1125
0 0.5453125 0.5859375 0.03515625 0.10703125
0 0.0453125 0.059375 0.0421875 0.10859375
0 0.0921875 0.0578125 0.04375 0.1109375
0 0.134375 0.0609375 0.0359375 0.11015625
0 0.178125 0.05546875 0.04375 0.09453125
0 0.23359375 0.053125 0.0421875 0.1046875
0 0.4671875 0.58984375 0.0359375 0.11484375
0 0.01953125 0.81796875 0.0390625 0.125
0 0.05546875 0.81328125 0.0328125 0.140625
0 0.0890625 0.8140625 0.0296875 0.14921875
0 0.0625 0.24140625 0.0359375 0.12421875
0 0.90625 0.84296875 0.0234375 0.08671875
0 0.9359375 0.81796875 0.01875 0.09296875
0 0.1046875 0.240625 0.040625 0.12421875
0 0.14765625 0.2375 0.03984375 0.12421875
0 0.19140625 0.2375 0.0421875 0.121875
0 0.021875 0.24296875 0.0390625 0.12109375
0 0.2359375 0.23671875 0.03515625 0.11953125
0 0.32265625 0.23984375 0.04140625 0.12421875
0 0.36875 0.23515625 0.0359375 0.12421875
0 0.4546875 0.24765625 0.0734375 0.1140625
0 0.5421875 0.240625 0.0375 0.12421875
0 0.5859375 0.23984375 0.0421875 0.11953125
0 0.67421875 0.234375 0.03671875 0.12578125
0 0.2796875 0.2390625 0.0375 0.12578125
0 0.9828125 0.05390625 0.034375 0.10234375
0 0.940625 0.05546875 0.0375 0.1015625
0 0.90078125 0.05703125 0.0296875 0.10546875
0 0.125 0.83671875 0.034375 0.10390625
0 0.16171875 0.83828125 0.0296875 0.10546875
0 0.1984375 0.83828125 0.0328125 0.10546875
0 0.2375 0.83984375 0.034375 0.10078125
0 0.2765625 0.83359375 0.03046875 0.11015625
0 0.3140625 0.84140625 0.03125 0.09140625
0 0.3515625 0.846875 0.03125 0.09140625
0 0.390625 0.83984375 0.02734375 0.09375
0 0.815625 0.05703125 0.034375 0.10859375
0 0.46015625 0.84140625 0.0296875 0.1015625
0 0.4921875 0.83046875 0.0234375 0.12265625
0 0.51875 0.828125 0.02109375 0.1203125
0 0.54453125 0.82734375 0.02421875 0.11640625
0 0.571875 0.828125 0.02734375 0.11953125
0 0.85625 0.05625 0.0328125 0.11015625
0 0.96796875 0.82421875 0.02734375 0.09609375
0 0.471875 0.41875 0.02890625 0.1078125
0 0.0359375 0.42109375 0.0296875 0.11875
0 0.56015625 0.41953125 0.0359375 0.1171875
0 0.5140625 0.421875 0.03671875 0.11953125
0 0.6390625 0.41796875 0.0359375 0.115625
0 0.6796875 0.42265625 0.034375 0.115625
0 0.715625 0.434375 0.0265625 0.0921875
0 0.75546875 0.4265625 0.028125 0.10703125
0 0.790625 0.42578125 0.03359375 0.11015625
0 0.83125 0.42265625 0.03046875 0.10625
0 0.8671875 0.43515625 0.02734375 0.09609375
0 0.6296875 0.83046875 0.0265625 0.11484375
0 0.6609375 0.8296875 0.028125 0.11796875
0 0.509375 0.590625 0.0328125 0.10859375
0 0.60859375 0.5875 0.0296875 0.10703125
0 0.63828125 0.5734375 0.0265625 0.09609375
0 0.578125 0.59140625 0.0265625 0.09765625
0 0.675 0.5921875 0.0359375 0.10703125
0 0.90234375 0.4265625 0.0296875 0.10078125
0 0.9359375 0.42734375 0.0265625 0.11328125
0 0.96640625 0.42734375 0.021875 0.11640625
0 0.9890625 0.4203125 0.0203125 0.11171875
0 0.91640625 0.5921875 0.02578125 0.10703125
0 0.94921875 0.59140625 0.03125 0.11015625
0 0.984375 0.59375 0.03125 0.1203125
0 0.7109375 0.590625 0.02734375 0.10078125
0 0.7453125 0.5984375 0.03359375 0.09140625
0 0.7796875 0.59296875 0.02265625 0.1109375
0 0.8125 0.58984375 0.0265625 0.1078125
0 0.84921875 0.58984375 0.028125 0.11484375
0 0.88359375 0.58828125 0.03125 0.12578125
0 0.59765625 0.42265625 0.0390625 0.11484375