0 0.96015625 0.3359375 0.07890625 0.08359375
0 0.88046875 0.3359375 0.07421875 0.084375
0 0.809375 0.3390625 0.06640625 0.0796875
0 0.38671875 0.3578125 0.04140625 0.0359375
0 0.428125 0.35625 0.040625 0.0375
0 0.46796875 0.359375 0.03828125 0.03984375
0 0.5921875 0.35703125 0.03828125 0.040625
0 0.54765625 0.3578125 0.0421875 0.040625
0 0.625 0.35625 0.02109375 0.0421875
0 0.62578125 0.3984375 0.02421875 0.040625
0 0.59140625 0.3984375 0.03671875 0.0421875
0 0.0125 0.45625 0.0171875 0.05078125
0 0.546875 0.3984375 0.0421875 0.0390625
0 0.50859375 0.35625 0.03515625 0.0390625
0 0.03125 0.46015625 0.01796875 0.046875
0 0.38828125 0.471875 0.01796875 0.059375
0 0.19140625 0.471875 0.028125 0.04296875
0 0.85625 0.5875 0.06484375 0.07109375
0 0.5953125 0.509375 0.03984375 0.0375
0 0.55 0.50625 0.0390625 0.0390625
0 0.471875 0.50234375 0.0390625 0.0375
0 0.509375 0.50390625 0.03828125 0.034375
0 0.5140625 0.46484375 0.05390625 0.0375
0 0.1515625 0.4640625 0.03046875 0.0625
0 0.465625 0.4640625 0.03046875 0.0375
0 0.4078125 0.4734375 0.02109375 0.059375
0 0.27578125 0.48828125 0.05859375 0.03515625
0 0.33984375 0.490625 0.05 0.03125
0 0.33984375 0.45625 0.0640625 0.03515625
0 0.27578125 0.45234375 0.0578125 0.0328125
0 0.228125 0.47109375 0.03203125 0.04609375
0 0.4296875 0.47109375 0.01953125 0.05859375
0 0.5984375 0.4703125 0.04296875 0.0375
0 0.40390625 0.565625 0.028125 0.0703125
0 0.70546875 0.47265625 0.065625 0.0421875
0 0.53671875 0.703125 0.025 0.10703125
0 0.56484375 0.7109375 0.02421875 0.1015625
0 0.590625 0.7140625 0.02265625 0.1078125
0 0.61875 0.72265625 0.02578125 0.10234375
0 0.65078125 0.72734375 0.025 0.115625
0 0.67890625 0.734375 0.025 0.10390625
0 0.71015625 0.7390625 0.03828125 0.1140625
0 0.778125 0.7453125 0.03984375 0.05
0 0.81875 0.7484375 0.03125 0.0515625
0 0.86171875 0.7625 0.04296875 0.046875
0 0.903125 0.7671875 0.03203125 0.053125
0 0.94765625 0.775 0.04453125 0.0484375
0 0.98515625 0.7890625 0.02890625 0.04609375
0 0.79375 0.81484375 0.0625 0.0453125
0 0.79765625 0.84921875 0.05546875 0.01875
0 0.87109375 0.8328125 0.01953125 0.0265625
0 0.89375 0.846875 0.02265625 0.03125
0 0.9234375 0.8671875 0.02734375 0.03125
0 0.96640625 0.87265625 0.0328125 0.0390625
0 0.01015625 0.6890625 0.015625 0.08125
0 0.028125 0.6953125 0.015625 0.08125
0 0.0421875 0.696875 0.01171875 0.08203125
0 0.05625 0.7015625 0.0140625 0.08515625
0 0.4671875 0.690625 0.0296875 0.0890625
0 0.0703125 0.70625 0.01484375 0.0796875
0 0.4375 0.6828125 0.0234375 0.1
0 0.39765625 0.67578125 0.015625 0.09453125
0 0.9375 0.60625 0.07734375 0.05625
0 0.79609375 0.67265625 0.06328125 0.0484375
0 0.86875 0.6828125 0.06953125 0.0484375
0 0.95078125 0.6984375 0.06953125 0.05390625
0 0.00625 0.59921875 0.01171875 0.0734375
0 0.01953125 0.6015625 0.01484375 0.07734375
0 0.03359375 0.60390625 0.01484375 0.0796875
0 0.053125 0.60625 0.02578125 0.08203125
0 0.1 0.6140625 0.01640625 0.08203125
0 0.1171875 0.61953125 0.01484375 0.0859375
0 0.13515625 0.6234375 0.0171875 0.0875
0 0.15234375 0.6265625 0.01484375 0.0875
0 0.1703125 0.6296875 0.01484375 0.0875
0 0.1875 0.6328125 0.01640625 0.09140625
0 0.20703125 0.63671875 0.02265625 0.090625
0 0.23046875 0.63984375 0.01953125 0.08984375
0 0.25 0.64375 0.01484375 0.090625
0 0.26640625 0.6515625 0.015625 0.0796875
0 0.28515625 0.6546875 0.01640625 0.08671875
0 0.3046875 0.6578125 0.01796875 0.0859375
0 0.3265625 0.66328125 0.02109375 0.084375
0 0.35078125 0.65546875 0.01953125 0.08125
0 0.375 0.67109375 0.02109375 0.090625
0 0.41796875 0.67890625 0.015625 0.090625
0 0.64375 0.471875 0.04453125 0.04375
0 0.08515625 0.7109375 0.01484375 0.0796875
0 0.11640625 0.71484375 0.01640625 0.084375
0 0.58125 0.5875 0.025 0.0734375
0 0.521875 0.58203125 0.0734375 0.05625
0 0.46875 0.5734375 0.03203125 0.0671875
0 0.434375 0.57265625 0.03359375 0.0625
0 0.50625 0.396875 0.03671875 0.040625
0 0.37421875 0.5640625 0.02578125 0.05859375
0 0.3421875 0.56328125 0.02734375 0.05
0 0.29140625 0.553125 0.0359375 0.0546875
0 0.25859375 0.5515625 0.02734375 0.0578125
0 0.2328125 0.5453125 0.02109375 0.05234375
0 0.2046875 0.546875 0.02578125 0.05
0 0.17578125 0.54453125 0.025 0.0515625
0 0.15234375 0.540625 0.01953125 0.05
0 0.13046875 0.53984375 0.01953125 0.04296875
0 0.11171875 0.53359375 0.01484375 0.04609375
0 0.090625 0.5328125 0.01796875 0.04453125
0 0.07109375 0.53046875 0.01640625 0.0453125
0 0.04453125 0.528125 0.03125 0.05
0 0.95234375 0.4625 0.0703125 0.10546875
0 0.875 0.46015625 0.07421875 0.09765625
0 0.8 0.45625 0.06640625 0.096875
0 0.6453125 0.515625 0.0515625 0.04296875
0 0.7 0.5171875 0.05546875 0.040625
0 0.61796875 0.5921875 0.0375 0.075
0 0.10078125 0.7125 0.0140625 0.0828125
0 0.72734375 0.60859375 0.040625 0.0765625
0 0.8625 0.940625 0.0359375 0.0859375
0 0.13359375 0.71953125 0.01328125 0.0875
0 0.14921875 0.73203125 0.01328125 0.07265625
0 0.1625 0.734375 0.0109375 0.075
0 0.175 0.7390625 0.01171875 0.075
0 0.190625 0.74375 0.01953125 0.0765625
0 0.2171875 0.75234375 0.01953125 0.0796875
0 0.2421875 0.7546875 0.0234375 0.084375
0 0.2671875 0.759375 0.02578125 0.084375
0 0.29375 0.76875 0.02109375 0.084375
0 0.3171875 0.77578125 0.02734375 0.09296875
0 0.34296875 0.77890625 0.02578125 0.08671875
0 0.36875 0.7859375 0.02421875 0.09140625
0 0.3921875 0.796875 0.02265625 0.0890625
0 0.42109375 0.803125 0.03046875 0.09453125
0 0.45390625 0.8125 0.03046875 0.0953125
0 0.4859375 0.82265625 0.0296875 0.0984375
0 0.521875 0.834375 0.03671875 0.1
0 0.565625 0.846875 0.04609375 0.109375
0 0.6109375 0.859375 0.04375 0.1109375
0 0.66328125 0.87734375 0.05390625 0.115625
0 0.721875 0.890625 0.05703125 0.1140625
0 0.7875 0.94140625 0.0296875 0.046875
0 0.825 0.93046875 0.03125 0.084375
0 0.89609375 0.9359375 0.02734375 0.0640625
0 0.46796875 0.39765625 0.03046875 0.0375
0 0.78515625 0.5875 0.06171875 0.0515625
0 0.2125 0.2921875 0.03359375 0.04609375
0 0.35234375 0.1875 0.05703125 0.05625
0 0.2796875 0.19609375 0.065625 0.06640625
0 0.22734375 0.203125 0.03828125 0.05234375
0 0.15 0.3109375 0.08671875 0.225
0 0.053125 0.225 0.04921875 0.0609375
0 0.01328125 0.23203125 0.0265625 0.0484375
0 0.6390625 0.03671875 0.05546875 0.0671875
0 0.59453125 0.04375 0.03046875 0.078125
0 0.5609375 0.0453125 0.0375 0.07578125
0 0.2625 0.28359375 0.04765625 0.059375
0 0.38515625 0.0640625 0.06953125 0.1046875
0 0.3359375 0.090625 0.0234375 0.07265625
0 0.4171875 0.1765625 0.05546875 0.071875
0 0.31328125 0.09296875 0.02265625 0.06953125
0 0.25703125 0.1015625 0.0203125 0.078125
0 0.22890625 0.1078125 0.02578125 0.078125
0 0.20625 0.11171875 0.0203125 0.0765625
0 0.184375 0.12578125 0.01796875 0.05
0 0.1296875 0.13359375 0.01484375 0.0625
0 0.1546875 0.1296875 0.03203125 0.06484375
0 0.11171875 0.1390625 0.01875 0.0671875
0 0.09375 0.14375 0.01328125 0.0609375
0 0.075 0.14453125 0.0203125 0.065625
0 0.05546875 0.15078125 0.01328125 0.0546875
0 0.03984375 0.15390625 0.01328125 0.05625
0 0.01953125 0.15703125 0.02265625 0.05
0 0.284375 0.0984375 0.03359375 0.084375
0 0.47265625 0.1703125 0.05234375 0.06484375
0 0.725 0.034375 0.1 0.06328125
0 0.3921875 0.39453125 0.03515625 0.03671875
0 0.55078125 0.26640625 0.05390625 0.06484375
0 0.43203125 0.39609375 0.03671875 0.03671875
0 0.60859375 0.15390625 0.04375 0.0671875
0 0.73046875 0.140625 0.04609375 0.0703125
0 0.803125 0.15 0.06796875 0.0703125
0 0.92734375 0.1375 0.05234375 0.06328125
0 0.61484375 0.25859375 0.03515625 0.0671875
0 0.97890625 0.13515625 0.04140625 0.0640625
0 0.034375 0.30390625 0.028125 0.053125
0 0.0671875 0.30078125 0.03671875 0.05078125
0 0.47890625 0.2703125 0.0609375 0.06875
0 0.4234375 0.27890625 0.03984375 0.05
0 0.36640625 0.278125 0.05234375 0.06484375
0 0.31484375 0.28046875 0.0421875 0.059375
0 0.009375 0.30703125 0.01875 0.0453125
0 0.7390625 0.25 0.0390625 0.078125
0 0.54453125 0.1609375 0.06953125 0.075
0 0.21875 0.39375 0.0296875 0.028125
0 0.284375 0.39375 0.0296875 0.03203125
0 0.24921875 0.39453125 0.03359375 0.028125
0 0.2875 0.359375 0.04453125 0.0328125
0 0.2484375 0.36171875 0.02890625 0.0359375
0 0.21796875 0.3625 0.028125 0.0328125
0 0.315625 0.39375 0.03203125 0.03125
0 0.93203125 0.23515625 0.0578125 0.06796875
0 0.353125 0.3953125 0.03828125 0.034375
0 0.79921875 0.24609375 0.04609375 0.0546875
0 0.85703125 0.240625 0.05546875 0.059375