0 0.78984375 0.9046875 0.07421875 0.0328125
0 0.8640625 0.90546875 0.07421875 0.03359375
0 0.86953125 0.871875 0.07265625 0.03359375
0 0.64765625 0.90390625 0.06640625 0.0328125
0 0.85859375 0.22421875 0.08125 0.1515625
0 0.7171875 0.9046875 0.06875 0.0359375
0 0.796875 0.8703125 0.06796875 0.0359375
0 0.78359375 0.2265625 0.06796875 0.14375
0 0.80078125 0.8359375 0.07578125 0.03359375
0 0.1453125 0.3921875 0.0609375 0.1453125
0 0.21953125 0.3953125 0.07421875 0.1390625
0 0.29140625 0.3921875 0.06328125 0.140625
0 0.36015625 0.39140625 0.06640625 0.1453125
0 0.43125 0.39453125 0.06953125 0.1453125
0 0.49375 0.40390625 0.05703125 0.1328125
0 0.553125 0.403125 0.06171875 0.13515625
0 0.61328125 0.40390625 0.05703125 0.1328125
0 0.875 0.8359375 0.07109375 0.0359375
0 0.73203125 0.40625 0.05546875 0.1296875
0 0.79609375 0.409375 0.065625 0.1296875
0 0.865625 0.4046875 0.0703125 0.134375
0 0.9453125 0.4046875 0.0875 0.14140625
0 0.15546875 0.53046875 0.08125 0.0359375
0 0.1578125 0.56796875 0.07578125 0.0359375
0 0.16015625 0.60625 0.07265625 0.0375
0 0.28515625 0.5203125 0.1234375 0.0625
0 0.2671875 0.59375 0.140625 0.059375
0 0.3859375 0.5296875 0.07421875 0.0390625
0 0.384375 0.56796875 0.0734375 0.0328125
0 0.3828125 0.60546875 0.0703125 0.0390625
0 0.10390625 0.878125 0.03046875 0.0671875
0 0.45859375 0.5484375 0.071875 0.040625
0 0.0640625 0.87578125 0.034375 0.0671875
0 0.10625 0.71796875 0.040625 0.08515625
0 0.725 0.23671875 0.04765625 0.125
0 0.68046875 0.2359375 0.04453125 0.12734375
0 0.63671875 0.2359375 0.04296875 0.12734375
0 0.58984375 0.23671875 0.04765625 0.1296875
0 0.54453125 0.234375 0.03984375 0.1265625
0 0.50078125 0.234375 0.04453125 0.1265625
0 0.4375 0.2171875 0.0734375 0.1609375
0 0.36171875 0.2140625 0.078125 0.1625
0 0.0640625 0.340625 0.0671875 0.084375
0 0.28125 0.2171875 0.07421875 0.16171875
0 0.20546875 0.2140625 0.07578125 0.1625
0 0.128125 0.215625 0.0671875 0.16328125
0 0.05234375 0.1859375 0.0609375 0.1
0 0.934375 0.228125 0.07109375 0.14375
0 0.0390625 0.4734375 0.0421875 0.0875
0 0.0859375 0.47265625 0.0375 0.0875
0 0.01953125 0.5953125 0.03671875 0.084375
0 0.06015625 0.5984375 0.04140625 0.0828125
0 0.10078125 0.5984375 0.03515625 0.08125
0 0.0234375 0.7234375 0.0390625 0.07265625
0 0.065625 0.7203125 0.040625 0.07578125
0 0.02265625 0.875 0.0390625 0.075
0 0.53359375 0.54921875 0.07265625 0.0375
0 0.67265625 0.4078125 0.05546875 0.125
0 0.5890625 0.70234375 0.07890625 0.03515625
0 0.26875 0.73125 0.14140625 0.05
0 0.375 0.671875 0.06953125 0.028125
0 0.375 0.70703125 0.06484375 0.03046875
0 0.375 0.73984375 0.06484375 0.0328125
0 0.48125 0.678125 0.13671875 0.05390625
0 0.47890625 0.73125 0.1375 0.05234375
0 0.58984375 0.66171875 0.07109375 0.03125
0 0.66875 0.6625 0.07734375 0.0328125
0 0.30234375 0.6875 0.06796875 0.0296875
0 0.94921875 0.7421875 0.06953125 0.0390625
0 0.58515625 0.740625 0.0734375 0.0375
0 0.66328125 0.7421875 0.078125 0.034375
0 0.87421875 0.7015625 0.07890625 0.04375
0 0.95234375 0.7 0.07265625 0.0421875
0 0.875 0.74375 0.0671875 0.0375
0 0.1671875 0.9046875 0.06953125 0.03125
0 0.4953125 0.59765625 0.14609375 0.05625
0 0.16171875 0.8734375 0.06953125 0.0296875
0 0.66953125 0.7015625 0.075 0.034375
0 0.23125 0.6890625 0.06796875 0.03046875
0 0.15546875 0.84296875 0.07109375 0.0328125
0 0.16171875 0.70625 0.06640625 0.03203125
0 0.16484375 0.7390625 0.0671875 0.02890625
0 0.653125 0.825 0.0671875 0.0546875
0 0.725 0.86875 0.06953125 0.0328125
0 0.54375 0.89765625 0.13671875 0.046875
0 0.40703125 0.8953125 0.13359375 0.04765625
0 0.54453125 0.8484375 0.140625 0.0515625
0 0.40234375 0.8453125 0.13671875 0.0453125
0 0.26484375 0.8453125 0.1328125 0.0484375
0 0.27109375 0.89453125 0.134375 0.04921875
0 0.65234375 0.86953125 0.06953125 0.0328125
0 0.6046875 0.57265625 0.0515625 0.04375
0 0.68203125 0.51171875 0.08046875 0.0375
0 0.68046875 0.559375 0.08203125 0.0515625
0 0.6796875 0.60390625 0.08125 0.0375
0 0.765625 0.5765625 0.0890625 0.1015625
0 0.85078125 0.56796875 0.06953125 0.0921875
0 0.94140625 0.578125 0.09765625 0.10859375
0 0.16015625 0.67421875 0.065625 0.03046875