0 0.67578125 0.48046875 0.05078125 0.04453125
0 0.71953125 0.4828125 0.03671875 0.04921875
0 0.92109375 0.484375 0.0453125 0.0390625
0 0.8171875 0.4859375 0.053125 0.04765625
0 0.8765625 0.484375 0.04296875 0.0390625
0 0.97265625 0.48828125 0.04140625 0.0390625
0 0.76015625 0.4765625 0.040625 0.03984375
0 0.065625 0.071875 0.13125 0.06640625
0 0.303125 0.12734375 0.06015625 0.08203125
0 0.0515625 0.2390625 0.1015625 0.08828125
0 0.1734375 0.12734375 0.0625 0.090625
0 0.2375 0.125 0.06796875 0.08671875
0 0.38046875 0.1359375 0.059375 0.0828125
0 0.47890625 0.13359375 0.0625 0.0859375
0 0.53984375 0.134375 0.059375 0.0875
0 0.59609375 0.13359375 0.053125 0.08828125
0 0.65 0.14140625 0.04609375 0.08125
0 0.971875 0.5734375 0.046875 0.04765625
0 0.703125 0.1421875 0.05078125 0.07265625
0 0.0546875 0.1625 0.109375 0.06640625
0 0.92109375 0.571875 0.040625 0.04296875
0 0.48828125 0.56328125 0.03359375 0.040625
0 0.8171875 0.57578125 0.040625 0.04296875
0 0.75390625 0.1421875 0.04609375 0.08046875
0 0.3453125 0.6578125 0.10234375 0.07265625
0 0.24453125 0.6671875 0.09375 0.06953125
0 0.08125 0.646875 0.1609375 0.07265625
0 0.07578125 0.565625 0.15078125 0.0875
0 0.1921875 0.56640625 0.02890625 0.0515625
0 0.23125 0.5609375 0.040625 0.0515625
0 0.28203125 0.55859375 0.03671875 0.05234375
0 0.33203125 0.5640625 0.03984375 0.0546875
0 0.3796875 0.553125 0.02109375 0.0546875
0 0.41171875 0.5421875 0.02890625 0.0484375
0 0.44765625 0.5640625 0.0421875 0.046875
0 0.5140625 0.5609375 0.01484375 0.04296875
0 0.08203125 0.4515625 0.16328125 0.07265625
0 0.53203125 0.55859375 0.02109375 0.0390625
0 0.5640625 0.56640625 0.02890625 0.04140625
0 0.5875 0.56484375 0.01796875 0.0375
0 0.609375 0.565625 0.02421875 0.03828125
0 0.6515625 0.56640625 0.0453125 0.05625
0 0.70078125 0.571875 0.03984375 0.046875
0 0.746875 0.571875 0.0453125 0.05078125
0 0.875 0.57578125 0.05078125 0.03671875
0 0.803125 0.14453125 0.05 0.075
0 0.46796875 0.3765625 0.04453125 0.04140625
0 0.90078125 0.14609375 0.04765625 0.0796875
0 0.32734375 0.3796875 0.04296875 0.0453125
0 0.2765625 0.38125 0.0421875 0.04609375
0 0.23203125 0.37890625 0.04375 0.0484375
0 0.18203125 0.27578125 0.03671875 0.046875
0 0.2328125 0.26640625 0.05546875 0.0625
0 0.28828125 0.2671875 0.0546875 0.065625
0 0.3390625 0.27890625 0.04609375 0.04375
0 0.38671875 0.2765625 0.04453125 0.04921875
0 0.4328125 0.2796875 0.04609375 0.04375
0 0.371875 0.37890625 0.04609375 0.04296875
0 0.4828125 0.2796875 0.0484375 0.0453125
0 0.5796875 0.28515625 0.05 0.0515625
0 0.62265625 0.28359375 0.03828125 0.05234375
0 0.6640625 0.28203125 0.0453125 0.05
0 0.70859375 0.2859375 0.0375 0.04296875
0 0.76328125 0.28515625 0.0421875 0.0453125
0 0.8046875 0.2796875 0.03984375 0.05546875
0 0.84375 0.28046875 0.03828125 0.05703125
0 0.9484375 0.2890625 0.05 0.05234375
0 0.07578125 0.36796875 0.15078125 0.09140625
0 0.5296875 0.28125 0.04296875 0.04375
0 0.85390625 0.14609375 0.046875 0.0796875
0 0.41953125 0.38046875 0.0484375 0.03828125
0 0.51640625 0.38046875 0.03671875 0.03828125
0 0.9484375 0.146875 0.04609375 0.08046875
0 0.6296875 0.48046875 0.04140625 0.04296875
0 0.575 0.48125 0.04375 0.04296875
0 0.5171875 0.48046875 0.0390625 0.04140625
0 0.4234375 0.4765625 0.03125 0.04609375
0 0.3890625 0.47734375 0.0375 0.04609375
0 0.3453125 0.47734375 0.04765625 0.04453125
0 0.29765625 0.47265625 0.0390625 0.04765625
0 0.2484375 0.47265625 0.04453125 0.05
0 0.44296875 0.6671875 0.09140625 0.075
0 0.2015625 0.47578125 0.046875 0.04296875
0 0.91875 0.3921875 0.0484375 0.04140625
0 0.8734375 0.3921875 0.04375 0.0375
0 0.828125 0.38828125 0.04609375 0.04609375
0 0.78671875 0.38828125 0.03828125 0.0484375
0 0.678125 0.38359375 0.03828125 0.04765625
0 0.653125 0.3875 0.0203125 0.04453125
0 0.6328125 0.38359375 0.021875 0.05078125
0 0.59921875 0.38515625 0.04453125 0.04609375
0 0.5546875 0.38359375 0.0421875 0.05
0 0.97578125 0.38828125 0.046875 0.0484375
0 0.54453125 0.6671875 0.10078125 0.06640625
0 0.1828125 0.378125 0.0453125 0.04765625
0 0.71015625 0.66640625 0.05859375 0.07421875
0 0.0921875 0.8359375 0.17890625 0.06796875
0 0.09296875 0.75546875 0.18203125 0.0859375
0 0.23828125 0.79921875 0.040625 0.1078125
0 0.28359375 0.8 0.03984375 0.10703125
0 0.35546875 0.8234375 0.0625 0.08125
0 0.4203125 0.821875 0.05 0.0703125
0 0.48515625 0.825 0.06015625 0.07421875
0 0.61171875 0.8234375 0.06328125 0.07109375
0 0.675 0.8265625 0.0625 0.075
0 0.7390625 0.8265625 0.059375 0.0765625
0 0.803125 0.82734375 0.06484375 0.07578125
0 0.61875 0.684375 0.0453125 0.03671875
0 0.54765625 0.8234375 0.06484375 0.0703125
0 0.8859375 0.6703125 0.06171875 0.07109375
0 0.93046875 0.83203125 0.05546875 0.07421875
0 0.8703125 0.82890625 0.0640625 0.06953125
0 0.984375 0.67109375 0.03125 0.0703125
0 0.7703125 0.66953125 0.059375 0.06796875
0 0.82734375 0.66953125 0.05546875 0.07421875
0 0.94296875 0.66953125 0.0484375 0.071875