0 0.84375 0.67890625 0.02109375 0.021875
0 0.8453125 0.65234375 0.02109375 0.025
0 0.846875 0.62265625 0.02734375 0.02265625
0 0.8203125 0.6875 0.02109375 0.0265625
0 0.82265625 0.659375 0.01875 0.025
0 0.821875 0.63359375 0.021875 0.025
0 0.96875 0.5578125 0.01796875 0.02109375
0 0.91328125 0.578125 0.015625 0.02109375
0 0.93203125 0.5703125 0.01640625 0.01953125
0 0.890625 0.58125 0.01796875 0.0203125
0 0.87109375 0.5890625 0.0140625 0.021875
0 0.846875 0.59609375 0.01796875 0.02265625
0 0.8671875 0.6171875 0.0171875 0.025
0 0.82265625 0.6046875 0.01953125 0.025
0 0.95078125 0.53515625 0.01640625 0.0234375
0 0.9484375 0.56328125 0.0125 0.01953125
0 0.86875 0.646875 0.0203125 0.01875
0 0.80546875 0.146875 0.01640625 0.0265625
0 0.8890625 0.609375 0.01796875 0.025
0 0.93515625 0.5421875 0.0140625 0.02265625
0 0.82578125 0.14921875 0.02265625 0.02265625
0 0.84609375 0.15 0.01953125 0.02734375
0 0.86796875 0.15234375 0.01875 0.0234375
0 0.825 0.1203125 0.021875 0.0140625
0 0.84921875 0.121875 0.01875 0.02109375
0 0.86796875 0.12265625 0.01875 0.01953125
0 0.8671875 0.67109375 0.0171875 0.0171875
0 0.80703125 0.17421875 0.0171875 0.028125
0 0.84609375 0.178125 0.0140625 0.025
0 0.909375 0.65546875 0.02109375 0.02421875
0 0.9078125 0.628125 0.01875 0.02109375
0 0.93125 0.596875 0.01484375 0.021875
0 0.91015625 0.6015625 0.01640625 0.02109375
0 0.8890625 0.66171875 0.01484375 0.0203125
0 0.88671875 0.63671875 0.0171875 0.021875
0 0.82734375 0.175 0.0234375 0.01875
0 0.91484375 0.5484375 0.01953125 0.02109375
0 0.40703125 0.7640625 0.02890625 0.08359375
0 0.871875 0.5609375 0.02109375 0.0265625
0 0.51015625 0.803125 0.01640625 0.0640625
0 0.4875 0.821875 0.01796875 0.06953125
0 0.465625 0.82578125 0.02421875 0.06640625
0 0.43671875 0.84453125 0.0203125 0.075
0 0.41328125 0.84609375 0.0234375 0.071875
0 0.3828125 0.8578125 0.02890625 0.07578125
0 0.8625 0.178125 0.02109375 0.02578125
0 0.35390625 0.86328125 0.03203125 0.065625
0 0.80078125 0.6296875 0.01328125 0.0453125
0 0.78828125 0.634375 0.01328125 0.053125
0 0.771875 0.6375 0.015625 0.046875
0 0.3015625 0.37734375 0.03203125 0.0796875
0 0.8671875 0.20390625 0.01796875 0.0265625
0 0.846875 0.20390625 0.01875 0.02734375
0 0.8234375 0.2 0.028125 0.01953125
0 0.528125 0.7984375 0.0203125 0.071875
0 0.55390625 0.78671875 0.02578125 0.05546875
0 0.5734375 0.78125 0.01484375 0.0671875
0 0.58984375 0.77421875 0.01640625 0.05234375
0 0.84921875 0.5671875 0.01953125 0.03125
0 0.8234375 0.57578125 0.021875 0.02578125
0 0.9109375 0.52265625 0.025 0.03046875
0 0.8859375 0.52421875 0.0234375 0.02734375
0 0.7875 0.69375 0.0125 0.05703125
0 0.775 0.6984375 0.01171875 0.046875
0 0.7625 0.70234375 0.01484375 0.05390625
0 0.89375 0.55546875 0.0171875 0.02734375
0 0.74765625 0.70703125 0.01328125 0.0453125
0 0.7171875 0.71953125 0.01484375 0.05546875
0 0.7 0.72734375 0.025 0.0453125
0 0.68046875 0.734375 0.01328125 0.059375
0 0.66640625 0.73984375 0.01640625 0.04921875
0 0.65 0.74921875 0.01484375 0.0671875
0 0.6296875 0.75625 0.025 0.05390625
0 0.60703125 0.76484375 0.01953125 0.06953125
0 0.7328125 0.71640625 0.015625 0.0625
0 0.8015625 0.19921875 0.0171875 0.01953125
0 0.80546875 0.11640625 0.01875 0.0234375
0 0.7453125 0.646875 0.01484375 0.0515625
0 0.5890625 0.3734375 0.025 0.02734375
0 0.61875 0.37265625 0.034375 0.028125
0 0.5921875 0.4015625 0.02734375 0.02734375
0 0.58984375 0.43046875 0.03046875 0.0296875
0 0.75078125 0.2796875 0.021875 0.02421875
0 0.66875 0.246875 0.03046875 0.02890625
0 0.7 0.2484375 0.028125 0.03125
0 0.72734375 0.24921875 0.02578125 0.03125
0 0.75234375 0.25234375 0.01875 0.02578125
0 0.66875 0.2125 0.025 0.03125
0 0.7 0.21796875 0.025 0.02421875
0 0.728125 0.21875 0.03125 0.025
0 0.6671875 0.36796875 0.021875 0.0296875
0 0.75625 0.221875 0.02109375 0.0234375
0 0.64296875 0.3984375 0.01953125 0.028125
0 0.66640625 0.39921875 0.02734375 0.02890625
0 0.69375 0.396875 0.028125 0.025
0 0.7203125 0.3953125 0.02421875 0.0296875
0 0.64296875 0.43125 0.015625 0.03046875
0 0.6375 0.459375 0.02890625 0.025
0 0.6640625 0.42734375 0.025 0.02421875
0 0.6921875 0.42578125 0.02734375 0.028125
0 0.72109375 0.42265625 0.02265625 0.02265625
0 0.665625 0.4546875 0.025 0.02421875
0 0.6921875 0.4546875 0.02421875 0.02578125
0 0.7203125 0.44765625 0.025 0.0234375
0 0.778125 0.221875 0.01796875 0.02421875
0 0.32265625 0.49765625 0.0515625 0.034375
0 0.69296875 0.36640625 0.028125 0.0265625
0 0.72109375 0.33828125 0.0234375 0.0296875
0 0.703125 0.1546875 0.0328125 0.028125
0 0.73046875 0.15625 0.0234375 0.03046875
0 0.7578125 0.16015625 0.02421875 0.02265625
0 0.7796875 0.16328125 0.01484375 0.028125
0 0.64375 0.1765625 0.025 0.03515625
0 0.67265625 0.18125 0.0328125 0.0265625
0 0.7578125 0.64375 0.0125 0.0578125
0 0.728125 0.1890625 0.02421875 0.0296875
0 0.75078125 0.190625 0.01953125 0.03203125
0 0.77578125 0.19296875 0.02578125 0.028125
0 0.6078125 0.20859375 0.03125 0.0328125
0 0.609375 0.24375 0.02890625 0.028125
0 0.71953125 0.3671875 0.028125 0.02578125
0 0.60859375 0.2765625 0.0328125 0.0328125
0 0.63984375 0.2109375 0.0265625 0.03359375
0 0.63984375 0.24609375 0.02578125 0.03203125
0 0.6390625 0.2796875 0.025 0.03203125
0 0.66796875 0.2796875 0.03046875 0.03203125
0 0.696875 0.27890625 0.028125 0.03046875
0 0.72578125 0.2796875 0.02578125 0.03125
0 0.64140625 0.30859375 0.02734375 0.02578125
0 0.66953125 0.30859375 0.02578125 0.02421875
0 0.69921875 0.309375 0.02578125 0.02421875
0 0.7265625 0.30859375 0.0234375 0.025
0 0.66640625 0.3390625 0.0234375 0.0265625
0 0.69375 0.33828125 0.03125 0.02890625
0 0.609375 0.31015625 0.03203125 0.0296875
0 0.67421875 0.1484375 0.025 0.0390625
0 0.33515625 0.5359375 0.05078125 0.03515625
0 0.3359375 0.5734375 0.046875 0.03125
0 0.78671875 0.46171875 0.0203125 0.02109375
0 0.82734375 0.4359375 0.02265625 0.02421875
0 0.80625 0.434375 0.02109375 0.025
0 0.8296875 0.41171875 0.01796875 0.0203125
0 0.80625 0.4109375 0.021875 0.0203125
0 0.83046875 0.38828125 0.01953125 0.02265625
0 0.809375 0.3875 0.02109375 0.02265625
0 0.7609375 0.48984375 0.02265625 0.02578125
0 0.76171875 0.46640625 0.01953125 0.01953125
0 0.76640625 0.4375 0.01640625 0.02109375
0 0.74453125 0.44375 0.02109375 0.01953125
0 0.7671875 0.415625 0.01796875 0.01953125
0 0.80625 0.4609375 0.01875 0.02265625
0 0.746875 0.41875 0.01875 0.02578125
0 0.75 0.36640625 0.025 0.025
0 0.74921875 0.3359375 0.0265625 0.02265625
0 0.834375 0.3640625 0.015625 0.02265625
0 0.8140625 0.3640625 0.02734375 0.02421875
0 0.84921875 0.33515625 0.01328125 0.0234375
0 0.8328125 0.3375 0.01796875 0.0265625
0 0.81171875 0.3375 0.0234375 0.02578125
0 0.85625 0.309375 0.0109375 0.0234375
0 0.8421875 0.31015625 0.0171875 0.02421875
0 0.8234375 0.31015625 0.02109375 0.0265625
0 0.79765625 0.31015625 0.02890625 0.0265625
0 0.8453125 0.2828125 0.015625 0.02578125
0 0.746875 0.390625 0.021875 0.02421875
0 0.38671875 0.52421875 0.04375 0.034375
0 0.828125 0.459375 0.025 0.01796875
0 0.784375 0.48828125 0.021875 0.02265625
0 0.384375 0.56328125 0.040625 0.03359375
0 0.446875 0.5171875 0.0375 0.028125
0 0.4453125 0.54921875 0.03671875 0.03671875
0 0.48203125 0.51171875 0.03671875 0.02890625
0 0.4859375 0.54453125 0.03125 0.034375
0 0.5171875 0.5078125 0.03203125 0.02109375
0 0.51875 0.53671875 0.03125 0.0375
0 0.55078125 0.5015625 0.03046875 0.028125
0 0.55078125 0.53515625 0.0296875 0.028125
0 0.58046875 0.496875 0.0296875 0.02578125
0 0.58125 0.52734375 0.02890625 0.03359375
0 0.6109375 0.490625 0.02734375 0.02734375
0 0.85078125 0.45390625 0.01875 0.02734375
0 0.6109375 0.5203125 0.025 0.028125
0 0.63828125 0.515625 0.02421875 0.028125
0 0.665625 0.48125 0.02109375 0.025
0 0.6640625 0.509375 0.021875 0.0265625
0 0.68984375 0.4796875 0.0203125 0.0203125
0 0.6875 0.50546875 0.025 0.0265625
0 0.715625 0.4765625 0.02109375 0.02734375
0 0.715625 0.50390625 0.01953125 0.028125
0 0.7390625 0.47421875 0.021875 0.02421875
0 0.7375 0.49765625 0.02265625 0.025
0 0.75078125 0.30859375 0.02265625 0.02578125
0 0.8015625 0.2796875 0.0265625 0.0296875
0 0.82578125 0.28203125 0.02265625 0.02578125
0 0.6390625 0.48671875 0.025 0.02578125
0 0.78046875 0.13203125 0.02890625 0.0265625
0 0.70234375 0.18515625 0.0234375 0.03359375
0 0.73125 0.125 0.03125 0.02734375
0 0.56875 0.63203125 0.02109375 0.08046875
0 0.54609375 0.6375 0.02265625 0.06953125
0 0.52578125 0.646875 0.0203125 0.0875
0 0.503125 0.65078125 0.02734375 0.078125
0 0.47890625 0.65546875 0.0203125 0.08515625
0 0.4515625 0.6625 0.03046875 0.0703125
0 0.36953125 0.66171875 0.0265625 0.08828125
0 0.33984375 0.665625 0.03203125 0.0796875
0 0.82734375 0.48203125 0.01640625 0.01953125
0 0.80546875 0.48671875 0.0203125 0.02578125
0 0.36171875 0.028125 0.04765625 0.04765625
0 0.40703125 0.03515625 0.0390625 0.03203125
0 0.446875 0.04453125 0.0375 0.04296875
0 0.4875 0.0515625 0.04375 0.03125
0 0.52578125 0.0609375 0.03046875 0.0421875
0 0.5578125 0.0671875 0.03125 0.040625
0 0.590625 0.0734375 0.03125 0.03671875
0 0.6234375 0.08046875 0.0296875 0.034375
0 0.75625 0.128125 0.01875 0.03515625
0 0.36484375 0.07421875 0.04921875 0.03984375
0 0.40859375 0.075 0.03828125 0.0390625
0 0.45 0.08671875 0.040625 0.03671875
0 0.48984375 0.09140625 0.0359375 0.040625
0 0.52578125 0.09921875 0.0328125 0.03203125
0 0.559375 0.10546875 0.0296875 0.03203125
0 0.590625 0.62421875 0.021875 0.0640625
0 0.6109375 0.6234375 0.01875 0.0640625
0 0.63046875 0.615625 0.0234375 0.06640625
0 0.65078125 0.6140625 0.01328125 0.07109375
0 0.73046875 0.653125 0.01328125 0.06328125
0 0.715625 0.65859375 0.0171875 0.0515625
0 0.69765625 0.6625 0.0171875 0.059375
0 0.68046875 0.66953125 0.01640625 0.046875
0 0.6640625 0.678125 0.01484375 0.0625
0 0.6453125 0.68125 0.02109375 0.05625
0 0.6265625 0.6875 0.01484375 0.06953125
0 0.60703125 0.6921875 0.02265625 0.06015625
0 0.58828125 0.70234375 0.01640625 0.0796875
0 0.5703125 0.709375 0.015625 0.0640625
0 0.553125 0.7171875 0.0203125 0.06796875
0 0.528125 0.72578125 0.01875 0.065625
0 0.5921875 0.1109375 0.0296875 0.0328125
0 0.50703125 0.73125 0.0234375 0.05546875
0 0.459375 0.74921875 0.02265625 0.071875
0 0.434375 0.759375 0.028125 0.09296875
0 0.378125 0.77109375 0.028125 0.09609375
0 0.3421875 0.778125 0.04375 0.08203125
0 0.7765625 0.57890625 0.0140625 0.0546875
0 0.7609375 0.5828125 0.01796875 0.046875
0 0.74453125 0.58671875 0.0140625 0.053125
0 0.7296875 0.5859375 0.015625 0.05546875
0 0.7140625 0.59296875 0.0140625 0.07109375
0 0.69765625 0.59765625 0.0171875 0.0609375
0 0.6796875 0.60546875 0.02109375 0.07578125
0 0.6625 0.6109375 0.01171875 0.065625
0 0.484375 0.74453125 0.02421875 0.08203125
0 0.62109375 0.1140625 0.02890625 0.03125
0 0.6515625 0.08671875 0.025 0.03203125
0 0.36875 0.11328125 0.04375 0.04140625
0 0.4359375 0.26953125 0.04296875 0.03671875
0 0.4390625 0.3078125 0.0375 0.03984375
0 0.48046875 0.271875 0.0390625 0.03671875
0 0.51640625 0.27421875 0.03359375 0.0328125
0 0.54921875 0.275 0.03203125 0.03359375
0 0.5484375 0.30859375 0.034375 0.03515625
0 0.64921875 0.11640625 0.02578125 0.028125
0 0.48125 0.30859375 0.046875 0.03359375
0 0.4828125 0.34296875 0.0375 0.03203125
0 0.5171875 0.34296875 0.02421875 0.03359375
0 0.4875 0.37734375 0.028125 0.03671875
0 0.51796875 0.378125 0.02890625 0.034375
0 0.5546875 0.240625 0.0375 0.028125
0 0.48671875 0.4125 0.0296875 0.0296875
0 0.48203125 0.44609375 0.0328125 0.03515625
0 0.515625 0.44609375 0.03359375 0.034375
0 0.48046875 0.47890625 0.0390625 0.0296875
0 0.51796875 0.4796875 0.0328125 0.03046875
0 0.55625 0.3421875 0.034375 0.0296875
0 0.5546875 0.371875 0.03828125 0.03203125
0 0.55625 0.4046875 0.040625 0.0265625
0 0.55703125 0.4359375 0.03671875 0.0328125
0 0.5796875 0.465625 0.028125 0.0265625
0 0.5890625 0.34140625 0.028125 0.0328125
0 0.61796875 0.34453125 0.02890625 0.0265625
0 0.70703125 0.1203125 0.01875 0.034375
0 0.5171875 0.4125 0.03203125 0.02890625
0 0.55625 0.21015625 0.03359375 0.03125
0 0.51796875 0.30859375 0.02734375 0.034375
0 0.38984375 0.48515625 0.03515625 0.03515625
0 0.409375 0.1171875 0.03125 0.03515625
0 0.4515625 0.12421875 0.03984375 0.03671875
0 0.4875 0.1265625 0.0296875 0.0328125
0 0.521875 0.13125 0.03125 0.028125
0 0.5578125 0.1359375 0.03125 0.02734375
0 0.4296875 0.48515625 0.03046875 0.0328125
0 0.6203125 0.1421875 0.02421875 0.0265625
0 0.37265625 0.15234375 0.0421875 0.03671875
0 0.4140625 0.15390625 0.03046875 0.0328125
0 0.4515625 0.1515625 0.034375 0.01953125
0 0.49140625 0.159375 0.0296875 0.0296875
0 0.5265625 0.16328125 0.028125 0.03125
0 0.55859375 0.1703125 0.0296875 0.02890625
0 0.5921875 0.14296875 0.02734375 0.0296875
0 0.37109375 0.1921875 0.04609375 0.040625
0 0.590625 0.1734375 0.03125 0.028125
0 0.4234375 0.4515625 0.03515625 0.03125
0 0.421875 0.41875 0.0375 0.03046875
0 0.42109375 0.34609375 0.03515625 0.03359375
0 0.3828125 0.45078125 0.03671875 0.03203125
0 0.38203125 0.4171875 0.0390625 0.03515625
0 0.41953125 0.38203125 0.03515625 0.03984375
0 0.38125 0.346875 0.03984375 0.03671875
0 0.378125 0.309375 0.040625 0.0328125
0 0.37421875 0.2703125 0.04140625 0.0359375
0 0.37421875 0.23125 0.0390625 0.03828125
0 0.38125 0.3828125 0.0375 0.034375