0 0.68671875 0.89453125 0.0828125 0.07421875
0 0.7984375 0.8953125 0.13046875 0.084375
0 0.128125 0.0703125 0.04140625 0.04765625
0 0.17734375 0.62578125 0.05234375 0.10390625
0 0.23359375 0.61796875 0.0453125 0.07265625
0 0.28671875 0.615625 0.05 0.07109375
0 0.3453125 0.6296875 0.06015625 0.053125
0 0.409375 0.6265625 0.05625 0.0640625
0 0.465625 0.634375 0.03984375 0.0515625
0 0.12421875 0.62890625 0.0453125 0.096875
0 0.51640625 0.6328125 0.053125 0.05390625
0 0.61796875 0.63046875 0.03671875 0.059375
0 0.665625 0.6328125 0.04765625 0.05703125
0 0.7203125 0.63125 0.0515625 0.06015625
0 0.7734375 0.628125 0.0484375 0.06171875
0 0.8390625 0.63203125 0.053125 0.06015625
0 0.90234375 0.6828125 0.06015625 0.09765625
0 0.56953125 0.621875 0.040625 0.05703125
0 0.96875 0.68203125 0.0625 0.1046875
0 0.0734375 0.62734375 0.0515625 0.1015625
0 0.8328125 0.54296875 0.09765625 0.03828125
0 0.89296875 0.47421875 0.04140625 0.04609375
0 0.94453125 0.46953125 0.04765625 0.065625
0 0.0234375 0.53671875 0.04296875 0.021875
0 0.0765625 0.53828125 0.05234375 0.04296875
0 0.15 0.5375 0.0734375 0.05546875
0 0.13046875 0.48828125 0.05078125 0.021875
0 0.0234375 0.63828125 0.03984375 0.090625
0 0.3140625 0.53359375 0.08984375 0.05703125
0 0.453125 0.50390625 0.05 0.0234375
0 0.0703125 0.0765625 0.0671875 0.03984375
0 0.46171875 0.54296875 0.07421875 0.03359375
0 0.5640625 0.53671875 0.04296875 0.05546875
0 0.625 0.528125 0.0546875 0.0671875
0 0.7203125 0.54453125 0.1125 0.03984375
0 0.39140625 0.53359375 0.053125 0.05390625
0 0.0140625 0.7328125 0.02109375 0.06640625
0 0.0359375 0.73984375 0.0171875 0.0453125
0 0.06640625 0.72890625 0.0390625 0.06953125
0 0.3140625 0.80078125 0.04296875 0.05078125
0 0.3546875 0.80078125 0.0234375 0.06640625
0 0.38359375 0.7953125 0.025 0.06875
0 0.42109375 0.80859375 0.03984375 0.05390625
0 0.475 0.8078125 0.05859375 0.0515625
0 0.5453125 0.803125 0.06953125 0.06171875
0 0.25859375 0.81796875 0.0515625 0.0234375
0 0.6125 0.8 0.05234375 0.065625
0 0.7390625 0.80546875 0.04765625 0.06015625
0 0.8078125 0.79765625 0.06328125 0.071875
0 0.934375 0.87734375 0.13125 0.08046875
0 0.32421875 0.89140625 0.109375 0.0453125
0 0.4515625 0.90234375 0.13203125 0.046875
0 0.5828125 0.89140625 0.11015625 0.06796875
0 0.678125 0.8046875 0.06171875 0.0671875
0 0.2453125 0.87109375 0.028125 0.05078125
0 0.1984375 0.86015625 0.03203125 0.08046875
0 0.1578125 0.86875 0.0390625 0.07734375
0 0.109375 0.73203125 0.03828125 0.07109375
0 0.15234375 0.73359375 0.03984375 0.06796875
0 0.19453125 0.73515625 0.03125 0.059375
0 0.24921875 0.721875 0.06015625 0.0484375
0 0.31875 0.70625 0.07734375 0.0671875
0 0.39609375 0.7109375 0.065625 0.0734375
0 0.47421875 0.71171875 0.0734375 0.07421875
0 0.5640625 0.690625 0.0828125 0.028125
0 0.56171875 0.721875 0.08046875 0.021875
0 0.715625 0.728125 0.05546875 0.0515625
0 0.77734375 0.728125 0.05703125 0.04140625
0 0.83984375 0.73125 0.0453125 0.05
0 0.0234375 0.871875 0.03984375 0.08125
0 0.065625 0.875 0.034375 0.0734375
0 0.109375 0.8765625 0.03828125 0.065625
0 0.83671875 0.43515625 0.05859375 0.03984375
0 0.7703125 0.42578125 0.0484375 0.02734375
0 0.77109375 0.053125 0.053125 0.04296875
0 0.11015625 0.40234375 0.040625 0.08203125
0 0.978125 0.17265625 0.04375 0.0953125
0 0.046875 0.29921875 0.03125 0.07265625
0 0.09921875 0.3078125 0.04765625 0.0453125
0 0.0203125 0.40859375 0.03359375 0.06171875
0 0.71484375 0.4296875 0.04375 0.03046875
0 0.61015625 0.43515625 0.05546875 0.0453125
0 0.53671875 0.43984375 0.05234375 0.04140625
0 0.47890625 0.43828125 0.0515625 0.03984375
0 0.41015625 0.43671875 0.06875 0.05078125
0 0.0625 0.40390625 0.03984375 0.06875
0 0.15625 0.39609375 0.0421875 0.0859375
0 0.19921875 0.3484375 0.0203125 0.07421875
0 0.22578125 0.34765625 0.02734375 0.07578125
0 0.259375 0.34921875 0.03125 0.075
0 0.29765625 0.346875 0.034375 0.0734375
0 0.3328125 0.346875 0.0328125 0.0734375
0 0.38515625 0.36875 0.05234375 0.02890625
0 0.4640625 0.36640625 0.071875 0.02578125
0 0.3390625 0.43203125 0.06484375 0.05390625
0 0.53828125 0.36484375 0.06953125 0.02265625
0 0.615625 0.365625 0.06953125 0.0296875
0 0.6859375 0.34921875 0.06328125 0.05703125
0 0.7578125 0.35859375 0.07109375 0.02578125
0 0.83984375 0.36015625 0.07109375 0.028125
0 0.90703125 0.328125 0.0515625 0.08828125
0 0.96171875 0.33515625 0.04375 0.078125
0 0.1953125 0.446875 0.02265625 0.03828125
0 0.2203125 0.44609375 0.021875 0.03515625
0 0.26875 0.44609375 0.0578125 0.02890625
0 0.93203125 0.21171875 0.028125 0.059375
0 0.88046875 0.17890625 0.0640625 0.15859375
0 0.15390625 0.31484375 0.046875 0.0421875
0 0.76484375 0.1859375 0.053125 0.1515625
0 0.94296875 0.0421875 0.06015625 0.08359375
0 0.87890625 0.05078125 0.0453125 0.03984375
0 0.82890625 0.0359375 0.04921875 0.065625
0 0.8171875 0.18515625 0.04375 0.146875
0 0.65625 0.046875 0.05625 0.07109375
0 0.5984375 0.05234375 0.046875 0.05703125
0 0.01796875 0.190625 0.0296875 0.0578125
0 0.5453125 0.0609375 0.0453125 0.04609375
0 0.440625 0.0578125 0.04765625 0.059375
0 0.38671875 0.04921875 0.053125 0.08359375
0 0.33203125 0.04765625 0.04765625 0.08203125
0 0.28046875 0.06171875 0.04375 0.05234375
0 0.22265625 0.05625 0.04765625 0.0734375
0 0.17265625 0.0703125 0.03984375 0.04375
0 0.49453125 0.05390625 0.0484375 0.06484375
0 0.065625 0.178125 0.05703125 0.07734375
0 0.71484375 0.04609375 0.0546875 0.065625
0 0.18515625 0.23828125 0.03984375 0.07265625
0 0.7046875 0.1890625 0.05546875 0.1484375
0 0.13125 0.175 0.0546875 0.0859375
0 0.58828125 0.1921875 0.05234375 0.14921875
0 0.5421875 0.2359375 0.03203125 0.06953125
0 0.484375 0.23359375 0.0375 0.0703125
0 0.45 0.23359375 0.03046875 0.06875
0 0.6453125 0.19140625 0.05078125 0.15078125
0 0.3796875 0.2375 0.02890625 0.06796875
0 0.33984375 0.22734375 0.04609375 0.08671875
0 0.29375 0.228125 0.0390625 0.0875
0 0.25703125 0.24453125 0.02578125 0.0609375
0 0.22578125 0.2421875 0.02734375 0.0640625
0 0.41328125 0.2375 0.03046875 0.0703125