0 0.7921875 0.61953125 0.04765625 0.01953125
0 0.83359375 0.6140625 0.02421875 0.03125
0 0.88046875 0.6046875 0.05546875 0.0515625
0 0.7609375 0.615625 0.02578125 0.02890625
0 0.06796875 0.6546875 0.04609375 0.0421875
0 0.3171875 0.609375 0.03515625 0.04609375
0 0.2765625 0.61015625 0.034375 0.04921875
0 0.140625 0.73125 0.04296875 0.021875
0 0.13515625 0.7625 0.03671875 0.03046875
0 0.184375 0.76171875 0.0359375 0.02734375
0 0.2296875 0.7609375 0.04140625 0.025
0 0.36953125 0.58984375 0.06640625 0.0265625
0 0.7265625 0.60859375 0.02578125 0.04140625
0 0.91875 0.5234375 0.034375 0.05546875
0 0.59140625 0.62734375 0.07890625 0.009375
0 0.23359375 0.73515625 0.04453125 0.0203125
0 0.05078125 0.75625 0.0984375 0.03359375
0 0.05078125 0.79765625 0.09375 0.0203125
0 0.0515625 0.8375 0.10078125 0.0296875
0 0.23671875 0.609375 0.03828125 0.04453125
0 0.1984375 0.6109375 0.0390625 0.046875
0 0.16328125 0.609375 0.03203125 0.0453125
0 0.128125 0.6140625 0.02421875 0.03984375
0 0.0859375 0.57421875 0.0625 0.03359375
0 0.0171875 0.56328125 0.0296875 0.0703125
0 0.10078125 0.52265625 0.08984375 0.03828125
0 0.6703125 0.615625 0.0703125 0.03515625
0 0.1875 0.73359375 0.0421875 0.01796875
0 0.33125 0.746875 0.0453125 0.03984375
0 0.390625 0.75234375 0.03515625 0.0390625
0 0.12890625 0.67734375 0.03203125 0.0546875
0 0.16484375 0.67734375 0.03671875 0.05078125
0 0.2078125 0.678125 0.04921875 0.05234375
0 0.36640625 0.67734375 0.021875 0.053125
0 0.390625 0.678125 0.01640625 0.05625
0 0.41328125 0.67890625 0.01875 0.0515625
0 0.4390625 0.67890625 0.02109375 0.04765625
0 0.47109375 0.66953125 0.0375 0.025
0 0.4734375 0.6953125 0.0375 0.0203125
0 0.515625 0.69375 0.03046875 0.02421875
0 0.51484375 0.66796875 0.0328125 0.0234375
0 0.5625 0.6625 0.04765625 0.025
0 0.5625 0.68984375 0.04296875 0.02265625
0 0.609375 0.690625 0.04609375 0.021875
0 0.02109375 0.6640625 0.03984375 0.046875
0 0.6078125 0.66171875 0.0421875 0.028125
0 0.7265625 0.67890625 0.05078125 0.02421875
0 0.7953125 0.66640625 0.0765625 0.0125
0 0.80078125 0.68125 0.08203125 0.01328125
0 0.79921875 0.6953125 0.08046875 0.01484375
0 0.90703125 0.69375 0.13046875 0.01875
0 0.9 0.675 0.1203125 0.01171875
0 0.78046875 0.74375 0.05234375 0.04140625
0 0.7265625 0.7515625 0.046875 0.04453125
0 0.66953125 0.75625 0.05234375 0.03671875
0 0.6046875 0.7421875 0.04609375 0.03828125
0 0.55546875 0.7421875 0.0328125 0.03515625
0 0.51015625 0.740625 0.0421875 0.034375
0 0.46953125 0.75390625 0.03515625 0.0375
0 0.42734375 0.75 0.028125 0.03515625
0 0.6671875 0.68515625 0.05546875 0.03046875
0 0.88203125 0.54140625 0.034375 0.02890625
0 0.36875 0.61953125 0.06875 0.025
0 0.72890625 0.5203125 0.06015625 0.07421875
0 0.48046875 0.1171875 0.04921875 0.0734375
0 0.40625 0.1015625 0.04921875 0.08203125
0 0.3390625 0.10859375 0.05546875 0.0765625
0 0.27109375 0.109375 0.071875 0.0796875
0 0.1890625 0.1234375 0.04921875 0.034375
0 0.13046875 0.125 0.04375 0.03125
0 0.078125 0.1265625 0.0484375 0.028125
0 0.02265625 0.125 0.0421875 0.02890625
0 0.41953125 0.79765625 0.06484375 0.01640625
0 0.48984375 0.796875 0.06953125 0.01015625
0 0.4328125 0.8421875 0.08046875 0.021875
0 0.5 0.84140625 0.06171875 0.0171875
0 0.49921875 0.81171875 0.065625 0.0125
0 0.4265625 0.81328125 0.06796875 0.01328125
0 0.28359375 0.80546875 0.05859375 0.0125
0 0.3578125 0.8109375 0.0515625 0.02578125
0 0.34453125 0.84375 0.07109375 0.02265625
0 0.27109375 0.84296875 0.06484375 0.028125
0 0.18984375 0.834375 0.06875 0.04765625
0 0.5609375 0.2421875 0.034375 0.0671875
0 0.51171875 0.22890625 0.0515625 0.0890625
0 0.0578125 0.090625 0.05546875 0.028125
0 0.453125 0.2375 0.05546875 0.084375
0 0.12578125 0.0875 0.0515625 0.03671875
0 0.2 0.0515625 0.06875 0.03046875
0 0.36171875 0.5234375 0.05703125 0.0625
0 0.30625 0.53203125 0.0453125 0.053125
0 0.79921875 0.5265625 0.07734375 0.06875
0 0.95703125 0.4140625 0.04609375 0.0140625
0 0.9578125 0.44296875 0.03984375 0.03203125
0 0.915625 0.45625 0.040625 0.015625
0 0.84296875 0.44453125 0.0453125 0.0359375
0 0.78984375 0.43828125 0.0359375 0.053125
0 0.734375 0.43046875 0.05703125 0.0640625
0 0.678125 0.44375 0.046875 0.04609375
0 0.61953125 0.446875 0.05 0.04140625
0 0.17578125 0.425 0.03203125 0.06015625
0 0.2296875 0.42265625 0.04609375 0.06796875
0 0.29921875 0.4234375 0.0578125 0.06484375
0 0.01484375 0.09375 0.02578125 0.03359375
0 0.2015625 0.0203125 0.04921875 0.02109375
0 0.13828125 0.021875 0.0640625 0.0171875
0 0.0359375 0.028125 0.06875 0.02109375
0 0.0171875 0.05859375 0.03359375 0.02734375
0 0.06796875 0.059375 0.046875 0.0265625
0 0.13671875 0.05234375 0.0546875 0.0265625
0 0.19140625 0.090625 0.05390625 0.0296875
0 0.38984375 0.2390625 0.05390625 0.07578125
0 0.59375 0.6140625 0.075 0.0125
0 0.21015625 0.2296875 0.06640625 0.0734375
0 0.721875 0.13671875 0.0265625 0.0328125
0 0.684375 0.1140625 0.03828125 0.0734375
0 0.65078125 0.1140625 0.02890625 0.07578125
0 0.61484375 0.1171875 0.0265625 0.06796875
0 0.578125 0.11328125 0.0375 0.07578125
0 0.53671875 0.13046875 0.04609375 0.03515625
0 0.96640625 0.246875 0.03125 0.06875
0 0.92734375 0.24296875 0.04296875 0.078125
0 0.88203125 0.2484375 0.03046875 0.0640625
0 0.821875 0.25859375 0.021875 0.0515625
0 0.79921875 0.25390625 0.01171875 0.0609375
0 0.78125 0.2484375 0.01875 0.0625
0 0.75390625 0.24765625 0.02734375 0.07109375
0 0.68203125 0.24453125 0.034375 0.071875
0 0.2234375 0.5234375 0.0625 0.07109375
0 0.1640625 0.5234375 0.03359375 0.0671875
0 0.4328125 0.52265625 0.07578125 0.075
0 0.51875 0.521875 0.084375 0.0671875
0 0.33046875 0.24609375 0.0609375 0.0671875
0 0.59765625 0.51796875 0.06640625 0.06953125
0 0.66484375 0.52578125 0.0609375 0.06328125
0 0.75546875 0.1390625 0.0265625 0.0265625
0 0.72265625 0.1 0.03046875 0.04296875
0 0.72265625 0.2421875 0.0296875 0.07421875
0 0.8203125 0.12578125 0.0734375 0.05
0 0.02421875 0.2375 0.02734375 0.06640625
0 0.7546875 0.1 0.02578125 0.03984375
0 0.0703125 0.228125 0.05078125 0.09140625
0 0.1390625 0.2328125 0.03984375 0.06796875
0 0.60546875 0.24296875 0.0328125 0.06875
0 0.63359375 0.24375 0.0203125 0.0671875
0 0.4828125 0.42890625 0.05703125 0.04765625
0 0.025 0.33203125 0.03671875 0.08359375
0 0.15234375 0.34375 0.08359375 0.0703125
0 0.25390625 0.3421875 0.0984375 0.0609375
0 0.34375 0.36875 0.0484375 0.0109375
0 0.40390625 0.43203125 0.04921875 0.04140625
0 0.4765625 0.3390625 0.05390625 0.03046875
0 0.9359375 0.1234375 0.0765625 0.05546875
0 0.95234375 0.35078125 0.0359375 0.053125
0 0.8921875 0.3421875 0.04921875 0.05859375
0 0.40625 0.33828125 0.04921875 0.0765625
0 0.75859375 0.3390625 0.0421875 0.07109375
0 0.7140625 0.3421875 0.034375 0.065625
0 0.81484375 0.33984375 0.0578125 0.0734375
0 0.65625 0.34296875 0.05078125 0.059375
0 0.58984375 0.34296875 0.0640625 0.06484375
0 0.5078125 0.36796875 0.090625 0.0109375