0 0.83359375 0.41484375 0.04921875 0.0953125
0 0.10625 0.53671875 0.0484375 0.103125
0 0.04609375 0.54140625 0.059375 0.09765625
0 0.9234375 0.40859375 0.03984375 0.0984375
0 0.88125 0.4125 0.0390625 0.09921875
0 0.75 0.4546875 0.015625 0.01640625
0 0.45859375 0.41875 0.05390625 0.09375
0 0.7234375 0.4203125 0.0328125 0.090625
0 0.69296875 0.41796875 0.025 0.0921875
0 0.66015625 0.41484375 0.040625 0.1015625
0 0.61484375 0.41640625 0.0453125 0.0984375
0 0.5671875 0.415625 0.040625 0.1046875
0 0.5171875 0.4171875 0.05546875 0.1
0 0.15546875 0.53515625 0.03984375 0.10390625
0 0.784375 0.41875 0.04765625 0.08984375
0 0.20078125 0.5328125 0.04296875 0.1046875
0 0.12265625 0.65625 0.0515625 0.1015625
0 0.2953125 0.52890625 0.04296875 0.10390625
0 0.40625 0.4203125 0.04765625 0.1
0 0.0640625 0.65859375 0.0578125 0.0984375
0 0.0171875 0.66171875 0.03203125 0.1
0 0.95390625 0.5328125 0.03359375 0.08984375
0 0.9 0.52265625 0.04140625 0.10625
0 0.8546875 0.5234375 0.0484375 0.1046875
0 0.8078125 0.52578125 0.03984375 0.10546875
0 0.25234375 0.5296875 0.03984375 0.10546875
0 0.75390625 0.52578125 0.03984375 0.10546875
0 0.6703125 0.52109375 0.04140625 0.103125
0 0.6234375 0.521875 0.04609375 0.1046875
0 0.57109375 0.52734375 0.04453125 0.10703125
0 0.52265625 0.528125 0.05390625 0.1078125
0 0.46953125 0.52890625 0.04765625 0.10625
0 0.41015625 0.5296875 0.05 0.1078125
0 0.34609375 0.53046875 0.05546875 0.10703125
0 0.71171875 0.52421875 0.03671875 0.103125
0 0.346875 0.41953125 0.04375 0.09609375
0 0.05 0.45625 0.05859375 0.034375
0 0.2546875 0.4234375 0.040625 0.096875
0 0.26953125 0.20234375 0.03046875 0.08046875
0 0.23359375 0.2015625 0.03984375 0.0796875
0 0.30546875 0.20078125 0.03984375 0.08046875
0 0.3453125 0.2 0.04140625 0.08203125
0 0.18984375 0.20234375 0.03984375 0.08046875
0 0.09453125 0.1984375 0.04453125 0.0859375
0 0.053125 0.19921875 0.03984375 0.090625
0 0.8828125 0.10078125 0.03046875 0.02265625
0 0.82890625 0.0859375 0.075 0.05859375
0 0.76015625 0.09375 0.04921875 0.04140625
0 0.70390625 0.09921875 0.06015625 0.03828125
0 0.7 0.06171875 0.059375 0.03515625
0 0.65234375 0.09609375 0.03515625 0.0453125
0 0.3828125 0.20859375 0.0296875 0.06328125
0 0.615625 0.09609375 0.03515625 0.05234375
0 0.5296875 0.0921875 0.0359375 0.06171875
0 0.4921875 0.0921875 0.0390625 0.06484375
0 0.45234375 0.07890625 0.0375 0.090625
0 0.421875 0.0796875 0.02109375 0.0890625
0 0.3921875 0.0859375 0.03671875 0.075
0 0.31484375 0.08671875 0.03671875 0.0765625
0 0.2734375 0.0859375 0.04140625 0.07734375
0 0.2328125 0.08359375 0.0375 0.08515625
0 0.190625 0.0859375 0.0359375 0.08046875
0 0.153125 0.0875 0.0390625 0.08046875
0 0.10859375 0.08671875 0.0328125 0.08203125
0 0.0484375 0.08359375 0.0390625 0.08828125
0 0.0140625 0.0859375 0.02578125 0.0890625
0 0.57890625 0.09609375 0.0359375 0.05234375
0 0.4140625 0.19453125 0.03359375 0.090625
0 0.45078125 0.1921875 0.03671875 0.0921875
0 0.4875 0.19296875 0.03671875 0.09140625
0 0.2078125 0.4234375 0.04765625 0.096875
0 0.16171875 0.4234375 0.04296875 0.096875
0 0.109375 0.45625 0.0546875 0.034375
0 0.1078125 0.41875 0.04765625 0.03515625
0 0.05 0.41953125 0.0625 0.03515625
0 0.93203125 0.30625 0.04453125 0.09140625
0 0.88203125 0.29765625 0.04453125 0.1109375
0 0.83671875 0.2984375 0.040625 0.10625
0 0.7890625 0.3015625 0.04921875 0.10703125
0 0.72421875 0.30390625 0.04609375 0.1109375
0 0.6765625 0.3046875 0.04609375 0.10703125
0 0.61328125 0.30703125 0.0375 0.1046875
0 0.56953125 0.30859375 0.04140625 0.1015625
0 0.528125 0.30703125 0.040625 0.1078125
0 0.46953125 0.30859375 0.04765625 0.10546875
0 0.43203125 0.31328125 0.02890625 0.09921875
0 0.39453125 0.31484375 0.040625 0.1015625
0 0.34375 0.3140625 0.05390625 0.1
0 0.27109375 0.315625 0.053125 0.103125
0 0.2125 0.3171875 0.05078125 0.1
0 0.1578125 0.315625 0.0484375 0.09453125
0 0.1015625 0.34921875 0.059375 0.03359375
0 0.1015625 0.3109375 0.0515625 0.034375
0 0.04375 0.3140625 0.05859375 0.03671875
0 0.66328125 0.21171875 0.04921875 0.04375
0 0.60859375 0.2109375 0.0609375 0.040625
0 0.66640625 0.16640625 0.05703125 0.04375
0 0.60625 0.16640625 0.0609375 0.0453125
0 0.540625 0.18984375 0.04921875 0.09453125
0 0.296875 0.42109375 0.04296875 0.09765625
0 0.04140625 0.35078125 0.05390625 0.03125
0 0.06328125 0.76640625 0.0609375 0.096875
0 0.39765625 0.76171875 0.04765625 0.10546875
0 0.85546875 0.64140625 0.05703125 0.11875
0 0.8078125 0.64609375 0.0328125 0.11015625
0 0.74296875 0.63359375 0.03046875 0.10234375
0 0.70703125 0.63828125 0.040625 0.10546875
0 0.64453125 0.63984375 0.08359375 0.11015625
0 0.57109375 0.646875 0.0578125 0.1171875
0 0.5125 0.64609375 0.05 0.11484375
0 0.44609375 0.64921875 0.053125 0.11484375
0 0.390625 0.6515625 0.04765625 0.1109375
0 0.33984375 0.653125 0.046875 0.09609375
0 0.9125 0.64765625 0.053125 0.11015625
0 0.28671875 0.65625 0.04765625 0.09921875
0 0.17265625 0.65859375 0.0484375 0.10234375
0 0.703125 0.88046875 0.040625 0.1015625
0 0.74375 0.86796875 0.03984375 0.09609375
0 0.78125 0.86640625 0.02890625 0.0984375
0 0.81328125 0.865625 0.03046875 0.09609375
0 0.85390625 0.865625 0.0390625 0.10390625
0 0.90625 0.871875 0.05625 0.11015625
0 0.72578125 0.1859375 0.0375 0.090625
0 0.803125 0.18046875 0.0515625 0.09609375
0 0.865625 0.18125 0.04140625 0.096875
0 0.2328125 0.659375 0.05390625 0.09921875
0 0.91328125 0.17890625 0.05 0.0921875
0 0.0171875 0.771875 0.0328125 0.09609375
0 0.125 0.76875 0.05234375 0.0984375
0 0.30625 0.87890625 0.05703125 0.115625
0 0.25078125 0.88046875 0.0453125 0.11171875
0 0.19453125 0.88125 0.0484375 0.10703125
0 0.140625 0.884375 0.0515625 0.109375
0 0.08828125 0.88359375 0.0484375 0.10546875
0 0.03125 0.8875 0.0546875 0.1046875
0 0.91875 0.7578125 0.0484375 0.1015625
0 0.8625 0.7578125 0.0515625 0.103125
0 0.81171875 0.7578125 0.0328125 0.103125
0 0.77734375 0.7578125 0.0328125 0.1015625
0 0.5578125 0.878125 0.125 0.115625
0 0.740625 0.75703125 0.034375 0.10234375
0 0.65859375 0.7625 0.0421875 0.10078125
0 0.6140625 0.7609375 0.04765625 0.1078125
0 0.56328125 0.76328125 0.053125 0.10546875
0 0.503125 0.76171875 0.05625 0.103125
0 0.44609375 0.7625 0.04609375 0.11015625
0 0.43828125 0.87421875 0.04140625 0.1046875
0 0.34609375 0.76015625 0.05 0.1
0 0.290625 0.7625 0.05078125 0.10078125
0 0.23671875 0.76796875 0.05 0.096875
0 0.1828125 0.76953125 0.053125 0.09609375
0 0.70078125 0.7609375 0.04140625 0.1046875
0 0.35703125 0.88046875 0.03984375 0.1171875
0 0.40078125 0.87109375 0.0328125 0.10234375