0 0.11328125 0.5390625 0.05546875 0.0171875
0 0.165625 0.53828125 0.04609375 0.01640625
0 0.15703125 0.56640625 0.0453125 0.025
0 0.2203125 0.56640625 0.0515625 0.0296875
0 0.26953125 0.5609375 0.0390625 0.0328125
0 0.3203125 0.565625 0.0421875 0.01328125
0 0.37421875 0.56640625 0.04453125 0.034375
0 0.425 0.565625 0.04765625 0.0359375
0 0.47734375 0.5734375 0.04921875 0.0125
0 0.77109375 0.5625 0.03046875 0.03671875
0 0.58671875 0.565625 0.05 0.03515625
0 0.70234375 0.5609375 0.0421875 0.03828125
0 0.80703125 0.56171875 0.03359375 0.034375
0 0.84765625 0.56484375 0.04296875 0.0328125
0 0.89609375 0.56484375 0.04921875 0.03125
0 0.94296875 0.56328125 0.03671875 0.03046875
0 0.9828125 0.55234375 0.034375 0.0515625
0 0.040625 0.66015625 0.04765625 0.0609375
0 0.08828125 0.64140625 0.034375 0.0625
0 0.6375 0.76640625 0.02890625 0.04609375
0 0.53125 0.565625 0.04609375 0.03671875
0 0.0921875 0.5734375 0.05234375 0.0265625
0 0.46640625 0.49921875 0.078125 0.01796875
0 0.98671875 0.49296875 0.02578125 0.02421875
0 0.6 0.4234375 0.0765625 0.01640625
0 0.60859375 0.76484375 0.021875 0.03828125
0 0.60390625 0.44375 0.075 0.01953125
0 0.6765625 0.44140625 0.06796875 0.01953125
0 0.75 0.440625 0.06484375 0.015625
0 0.8328125 0.43828125 0.0765625 0.0234375
0 0.93203125 0.43671875 0.09140625 0.02421875
0 0.11640625 0.49375 0.06171875 0.03125
0 0.178125 0.49296875 0.05859375 0.02890625
0 0.02421875 0.58203125 0.04375 0.05625
0 0.24453125 0.49375 0.065625 0.02890625
0 0.38671875 0.50078125 0.07734375 0.02109375
0 0.459375 0.47890625 0.0734375 0.01796875
0 0.5390625 0.49375 0.06171875 0.0265625
0 0.60703125 0.49453125 0.06015625 0.02578125
0 0.6671875 0.4875 0.0453125 0.040625
0 0.709375 0.48984375 0.034375 0.0328125
0 0.77734375 0.49609375 0.0765625 0.01796875
0 0.85625 0.49375 0.06875 0.0203125
0 0.93125 0.496875 0.06875 0.015625
0 0.31171875 0.49453125 0.059375 0.0296875
0 0.56171875 0.775 0.06875 0.03984375
0 0.42109375 0.63984375 0.02734375 0.05390625
0 0.44296875 0.7796875 0.04375 0.03671875
0 0.58984375 0.63046875 0.05234375 0.059375
0 0.65234375 0.63046875 0.053125 0.05703125
0 0.71328125 0.62890625 0.0515625 0.05859375
0 0.765625 0.6296875 0.05 0.05703125
0 0.8203125 0.62890625 0.05078125 0.0546875
0 0.8765625 0.63203125 0.03203125 0.04609375
0 0.92265625 0.634375 0.0515625 0.0453125
0 0.97578125 0.62890625 0.0484375 0.0421875
0 0.09453125 0.71875 0.04765625 0.0390625
0 0.53359375 0.63125 0.0515625 0.06171875
0 0.14609375 0.71328125 0.04375 0.03828125
0 0.25078125 0.7125 0.04375 0.0390625
0 0.29921875 0.71015625 0.0484375 0.0421875
0 0.35234375 0.70546875 0.0515625 0.0390625
0 0.40234375 0.7015625 0.03984375 0.03671875
0 0.45 0.715625 0.0375 0.02421875
0 0.5046875 0.70859375 0.06171875 0.0359375
0 0.56484375 0.721875 0.02734375 0.01484375
0 0.59765625 0.71328125 0.02890625 0.01484375
0 0.64375 0.70234375 0.0484375 0.0375
0 0.20078125 0.7140625 0.04765625 0.03984375
0 0.48828125 0.6359375 0.0296875 0.053125
0 0.45390625 0.63671875 0.03125 0.05078125
0 0.52109375 0.44453125 0.0734375 0.01640625
0 0.3859375 0.78515625 0.028125 0.03125
0 0.3578125 0.7859375 0.0234375 0.03046875
0 0.32890625 0.7875 0.02578125 0.0296875
0 0.3046875 0.7875 0.01796875 0.02734375
0 0.27734375 0.78828125 0.025 0.028125
0 0.2515625 0.78671875 0.02421875 0.03125
0 0.22890625 0.7890625 0.0171875 0.02734375
0 0.20859375 0.7890625 0.015625 0.02890625
0 0.18515625 0.78359375 0.02421875 0.0328125
0 0.103125 0.7828125 0.034375 0.0453125
0 0.0484375 0.784375 0.04609375 0.04609375
0 0.96953125 0.6984375 0.03671875 0.02890625
0 0.9203125 0.6953125 0.0515625 0.0375
0 0.86875 0.696875 0.05 0.040625
0 0.815625 0.69921875 0.04609375 0.04609375
0 0.12265625 0.64140625 0.03203125 0.06171875
0 0.18984375 0.640625 0.0515625 0.0671875
0 0.259375 0.64140625 0.07421875 0.0546875
0 0.31875 0.63671875 0.0359375 0.0546875
0 0.36484375 0.64453125 0.02421875 0.0421875
0 0.39140625 0.646875 0.0265625 0.0421875
0 0.4984375 0.7765625 0.0359375 0.0390625
0 0.52109375 0.4234375 0.07265625 0.01953125
0 0.97265625 0.7609375 0.05390625 0.04921875
0 0.43984375 0.4234375 0.0765625 0.0171875
0 0.8734375 0.07890625 0.05625 0.02890625
0 0.80859375 0.071875 0.06171875 0.03359375
0 0.69453125 0.06640625 0.0828125 0.02265625
0 0.73984375 0.09765625 0.053125 0.03515625
0 0.68359375 0.09609375 0.0515625 0.034375
0 0.6234375 0.096875 0.059375 0.03046875
0 0.61796875 0.06328125 0.0609375 0.03125
0 0.55546875 0.09765625 0.0609375 0.03046875
0 0.553125 0.065625 0.05625 0.03125
0 0.80234375 0.10390625 0.06328125 0.028125
0 0.05546875 0.2421875 0.0421875 0.08203125
0 0.1796875 0.24453125 0.05234375 0.07890625
0 0.228125 0.25546875 0.03671875 0.059375
0 0.259375 0.259375 0.0234375 0.05546875
0 0.29375 0.25234375 0.03671875 0.06875
0 0.33828125 0.259375 0.04453125 0.0578125
0 0.3890625 0.2625 0.04375 0.053125
0 0.4375 0.2640625 0.04609375 0.04765625
0 0.48828125 0.26171875 0.0453125 0.05546875
0 0.53515625 0.2640625 0.0453125 0.05390625
0 0.1140625 0.240625 0.0453125 0.0859375
0 0.86875 0.10859375 0.05546875 0.025
0 0.9578125 0.04609375 0.08359375 0.07578125
0 0.9546875 0.1046875 0.090625 0.03515625
0 0.75859375 0.70078125 0.05625 0.03984375
0 0.55703125 0.0328125 0.06796875 0.02734375
0 0.48984375 0.0953125 0.05234375 0.02578125
0 0.48984375 0.065625 0.053125 0.028125
0 0.49296875 0.0359375 0.05078125 0.02890625
0 0.43203125 0.0921875 0.05703125 0.03046875
0 0.43046875 0.06328125 0.0484375 0.02421875
0 0.4296875 0.0359375 0.05625 0.03046875
0 0.37265625 0.0890625 0.05 0.03125
0 0.31640625 0.08984375 0.0609375 0.02890625
0 0.31171875 0.059375 0.0515625 0.0265625
0 0.23515625 0.0765625 0.08125 0.05
0 0.15234375 0.07421875 0.07890625 0.053125
0 0.065625 0.0734375 0.0796875 0.053125
0 0.9203125 0.8515625 0.05625 0.04609375
0 0.80234375 0.85625 0.05859375 0.0484375
0 0.7375 0.85625 0.065625 0.05078125
0 0.6703125 0.85859375 0.0640625 0.05234375
0 0.60234375 0.8640625 0.06015625 0.04765625
0 0.55 0.87109375 0.04140625 0.03515625
0 0.5140625 0.87578125 0.02890625 0.03203125
0 0.62890625 0.26328125 0.0453125 0.05234375
0 0.4359375 0.4453125 0.078125 0.01953125
0 0.678125 0.2640625 0.0453125 0.05390625
0 0.77578125 0.275 0.05625 0.0390625
0 0.86171875 0.7609375 0.028125 0.04453125
0 0.82265625 0.76015625 0.03515625 0.04296875
0 0.7671875 0.7609375 0.03515625 0.0421875
0 0.7328125 0.76328125 0.03046875 0.04375
0 0.69609375 0.76484375 0.025 0.04765625
0 0.6703125 0.7640625 0.02109375 0.0453125
0 0.6953125 0.3640625 0.0328125 0.05859375
0 0.73046875 0.36171875 0.0296875 0.06640625
0 0.8359375 0.36953125 0.0359375 0.04609375
0 0.896875 0.7609375 0.0296875 0.04453125
0 0.87421875 0.36328125 0.0328125 0.059375
0 0.95 0.3625 0.0296875 0.0625
0 0.98046875 0.3625 0.0265625 0.05859375
0 0.0296875 0.43125 0.034375 0.04765625
0 0.09140625 0.440625 0.084375 0.02578125
0 0.1828125 0.4390625 0.084375 0.02734375
0 0.27421875 0.42265625 0.078125 0.0203125
0 0.271875 0.44453125 0.078125 0.01875
0 0.35546875 0.42265625 0.08359375 0.0203125
0 0.353125 0.44453125 0.07890625 0.01875
0 0.9140625 0.3640625 0.0296875 0.05859375
0 0.928125 0.7578125 0.028125 0.04375
0 0.0453125 0.8734375 0.0515625 0.06484375
0 0.103125 0.88671875 0.05703125 0.0421875
0 0.8515625 0.253125 0.08125 0.01640625
0 0.8546875 0.27109375 0.0875 0.01796875
0 0.85078125 0.2890625 0.0875 0.0125
0 0.9234375 0.26015625 0.0453125 0.0671875
0 0.97421875 0.26171875 0.0484375 0.06484375
0 0.0578125 0.3609375 0.0296875 0.06015625
0 0.09140625 0.3578125 0.02890625 0.06953125
0 0.12265625 0.36171875 0.0234375 0.05859375
0 0.15 0.3625 0.0234375 0.05625
0 0.18046875 0.3546875 0.03203125 0.071875
0 0.2234375 0.35625 0.040625 0.07109375
0 0.36796875 0.36171875 0.0265625 0.0671875
0 0.3984375 0.3640625 0.02890625 0.06171875
0 0.43515625 0.3609375 0.02890625 0.0640625
0 0.5046875 0.36328125 0.0875 0.06875
0 0.65546875 0.36328125 0.04296875 0.0578125
0 0.48203125 0.8765625 0.02890625 0.034375
0 0.4234375 0.86640625 0.05625 0.05
0 0.34375 0.87265625 0.08203125 0.05234375
0 0.25546875 0.87421875 0.0703125 0.0640625
0 0.16640625 0.884375 0.059375 0.03984375
0 0.7234375 0.26640625 0.0375 0.0546875
0 0.70234375 0.70234375 0.05078125 0.03984375