0 0.1390625 0.03984375 0.01953125 0.07890625
0 0.3796875 0.58125 0.06484375 0.0609375
0 0.31796875 0.58203125 0.03671875 0.0734375
0 0.259375 0.571875 0.0609375 0.0515625
0 0.1984375 0.58515625 0.03515625 0.06484375
0 0.16171875 0.58828125 0.02734375 0.071875
0 0.134375 0.58828125 0.02109375 0.08046875
0 0.10859375 0.58125 0.02734375 0.06640625
0 0.0703125 0.56953125 0.03515625 0.040625
0 0.0328125 0.5765625 0.02890625 0.05
0 0.959375 0.43984375 0.0609375 0.08984375
0 0.89296875 0.44296875 0.053125 0.09453125
0 0.84453125 0.43984375 0.0296875 0.10546875
0 0.80625 0.4375 0.04375 0.1125
0 0.76796875 0.44921875 0.0328125 0.10625
0 0.72578125 0.44609375 0.01875 0.08203125
0 0.703125 0.45234375 0.0234375 0.10234375
0 0.6671875 0.45078125 0.0234375 0.10078125
0 0.63671875 0.4546875 0.0234375 0.1046875
0 0.609375 0.4625 0.01953125 0.0953125
0 0.58515625 0.46171875 0.01875 0.09140625
0 0.56171875 0.446875 0.0234375 0.09921875
0 0.53984375 0.453125 0.02265625 0.11015625
0 0.46796875 0.46171875 0.10859375 0.1078125
0 0.39765625 0.47265625 0.02265625 0.0765625
0 0.371875 0.4734375 0.02890625 0.07421875
0 0.346875 0.48046875 0.02265625 0.065625
0 0.4359375 0.5796875 0.040625 0.0640625
0 0.4828125 0.565625 0.04140625 0.06875
0 0.57890625 0.5734375 0.0421875 0.05859375
0 0.62578125 0.5765625 0.04453125 0.06796875
0 0.11328125 0.03984375 0.01953125 0.07890625
0 0.96875 0.6671875 0.04375 0.078125
0 0.9296875 0.69140625 0.0203125 0.096875
0 0.90390625 0.6921875 0.02578125 0.08515625
0 0.87421875 0.68359375 0.02265625 0.103125
0 0.84765625 0.68203125 0.0296875 0.0984375
0 0.81484375 0.6765625 0.0234375 0.128125
0 0.784375 0.67421875 0.0328125 0.1234375
0 0.75234375 0.68125 0.02421875 0.11796875
0 0.71953125 0.6875 0.0375 0.128125
0 0.68671875 0.68828125 0.02265625 0.11484375
0 0.596875 0.6921875 0.034375 0.1
0 0.5578125 0.70234375 0.03125 0.09765625
0 0.4984375 0.69140625 0.0328125 0.09140625
0 0.46328125 0.6890625 0.02421875 0.09140625
0 0.39375 0.6953125 0.04375 0.10546875
0 0.22109375 0.70390625 0.040625 0.11015625
0 0.1765625 0.7 0.0375 0.103125
0 0.13671875 0.69765625 0.034375 0.1078125
0 0.03828125 0.6828125 0.03671875 0.0703125
0 0.96640625 0.5765625 0.03046875 0.034375
0 0.92890625 0.5609375 0.034375 0.065625
0 0.8875 0.56328125 0.04375 0.06875
0 0.80234375 0.5671875 0.0625 0.0625
0 0.75390625 0.56953125 0.0171875 0.04609375
0 0.73359375 0.571875 0.02265625 0.05625
0 0.70390625 0.57109375 0.0234375 0.05546875
0 0.3203125 0.478125 0.0203125 0.0765625
0 0.28359375 0.465625 0.03125 0.0875
0 0.26015625 0.70078125 0.0375 0.11640625
0 0.20234375 0.45390625 0.02890625 0.08515625
0 0.75703125 0.1578125 0.03515625 0.1
0 0.71875 0.15859375 0.0359375 0.096875
0 0.6796875 0.1640625 0.03125 0.08984375
0 0.5609375 0.10703125 0.0421875 0.034375
0 0.6296875 0.15078125 0.0546875 0.12734375
0 0.56171875 0.1734375 0.04140625 0.0875
0 0.49453125 0.1171875 0.03671875 0.04296875
0 0.49453125 0.18125 0.034375 0.0765625
0 0.43671875 0.17578125 0.0421875 0.0921875
0 0.3890625 0.1640625 0.03984375 0.13046875
0 0.3421875 0.1578125 0.04609375 0.1359375
0 0.296875 0.184375 0.034375 0.0890625
0 0.25390625 0.1796875 0.03359375 0.0859375
0 0.20859375 0.16875 0.046875 0.125
0 0.15859375 0.17578125 0.034375 0.096875
0 0.11875 0.18125 0.03984375 0.103125
0 0.07890625 0.184375 0.02890625 0.10546875
0 0.19375 0.0390625 0.0234375 0.078125
0 0.60390625 0.03203125 0.0484375 0.0640625
0 0.48359375 0.0375 0.0484375 0.075
0 0.42265625 0.0375 0.0484375 0.075
0 0.3671875 0.0375 0.03046875 0.07421875
0 0.32421875 0.0375 0.03046875 0.07421875
0 0.28828125 0.0390625 0.0234375 0.078125
0 0.23046875 0.0390625 0.0234375 0.078125
0 0.23828125 0.47109375 0.0359375 0.08359375
0 0.16796875 0.0390625 0.0234375 0.078125
0 0.79296875 0.16015625 0.03359375 0.07578125
0 0.8375 0.1515625 0.03515625 0.1
0 0.04609375 0.1890625 0.0296875 0.10625
0 0.93828125 0.15546875 0.053125 0.10859375
0 0.50390625 0.278125 0.0359375 0.06484375
0 0.54921875 0.30234375 0.040625 0.103125
0 0.59140625 0.3 0.04140625 0.103125
0 0.63515625 0.31171875 0.046875 0.1078125
0 0.678125 0.3078125 0.03046875 0.1125
0 0.72421875 0.3046875 0.0328125 0.10078125
0 0.13515625 0.4390625 0.0328125 0.0625
0 0.84140625 0.30234375 0.04140625 0.103125
0 0.8921875 0.2953125 0.0453125 0.109375
0 0.93515625 0.29453125 0.04140625 0.10390625
0 0.98046875 0.28671875 0.03828125 0.11953125
0 0.03828125 0.46484375 0.03125 0.09375
0 0.0765625 0.46953125 0.0453125 0.10234375
0 0.17421875 0.45 0.01953125 0.0609375
0 0.8859375 0.15234375 0.0359375 0.084375
0 0.4578125 0.31328125 0.03984375 0.11015625
0 0.4125 0.31171875 0.02890625 0.1203125
0 0.78046875 0.30390625 0.06328125 0.1
0 0.34453125 0.32421875 0.034375 0.1046875
0 0.309375 0.321875 0.02890625 0.0828125
0 0.24609375 0.33359375 0.03828125 0.090625
0 0.2015625 0.32890625 0.040625 0.08984375
0 0.1578125 0.33046875 0.03828125 0.10390625
0 0.1171875 0.32421875 0.03515625 0.1046875
0 0.078125 0.325 0.03671875 0.11171875
0 0.01953125 0.32734375 0.03828125 0.1125
0 0.984375 0.153125 0.03125 0.09453125
0 0.38203125 0.309375 0.028125 0.1078125