0 0.74140625 0.565625 0.02421875 0.1421875
0 0.70625 0.38125 0.028125 0.15
0 0.675 0.38359375 0.03046875 0.16015625
0 0.6390625 0.3859375 0.0328125 0.1546875
0 0.6015625 0.38671875 0.03671875 0.17109375
0 0.015625 0.45234375 0.02421875 0.19609375
0 0.0640625 0.421875 0.06640625 0.22265625
0 0.3234375 0.40703125 0.046875 0.1984375
0 0.2078125 0.41640625 0.0578125 0.21484375
0 0.2671875 0.409375 0.059375 0.20390625
0 0.38046875 0.40078125 0.03515625 0.18671875
0 0.42890625 0.396875 0.046875 0.1796875
0 0.521875 0.39375 0.0375 0.171875
0 0.56171875 0.39140625 0.04140625 0.17578125
0 0.13515625 0.4203125 0.0625 0.2359375
0 0.478125 0.396875 0.040625 0.17578125
0 0.73203125 0.82578125 0.03125 0.0390625
0 0.6875 0.58125 0.02578125 0.15
0 0.3421875 0.81796875 0.05234375 0.06015625
0 0.4015625 0.8 0.046875 0.06015625
0 0.45 0.77890625 0.0421875 0.0578125
0 0.45234375 0.85234375 0.03828125 0.05859375
0 0.403125 0.8734375 0.05234375 0.0578125
0 0.3484375 0.8890625 0.05546875 0.05859375
0 0.5015625 0.84140625 0.04453125 0.05625
0 0.54296875 0.815625 0.034375 0.059375
0 0.7390625 0.38046875 0.03203125 0.14765625
0 0.7359375 0.87890625 0.02890625 0.046875
0 0.7328125 0.93828125 0.03515625 0.0421875
0 0.69921875 0.95 0.0296875 0.04453125
0 0.6984375 0.890625 0.02734375 0.04765625
0 0.6890625 0.83515625 0.03984375 0.03984375
0 0.66328125 0.9140625 0.0359375 0.04609375
0 0.6640625 0.97109375 0.03125 0.040625
0 0.6234375 0.9296875 0.028125 0.04765625
0 0.4484375 0.9515625 0.05546875 0.06171875
0 0.590625 0.95 0.03359375 0.05078125
0 0.546875 0.97265625 0.04296875 0.04375
0 0.546875 0.90546875 0.04296875 0.06015625
0 0.765625 0.8640625 0.02578125 0.03984375
0 0.7921875 0.8453125 0.02734375 0.0390625
0 0.79453125 0.89921875 0.02265625 0.04609375
0 0.76796875 0.91796875 0.0234375 0.046875
0 0.29140625 0.9265625 0.0578125 0.075
0 0.16015625 0.96953125 0.065625 0.0515625
0 0.228125 0.9484375 0.05859375 0.059375
0 0.22265625 0.86953125 0.05859375 0.05703125
0 0.6578125 0.5828125 0.02578125 0.159375
0 0.62578125 0.5953125 0.0375 0.15859375
0 0.58515625 0.59609375 0.0359375 0.159375
0 0.0484375 0.72578125 0.0625 0.2140625
0 0.11328125 0.70703125 0.0546875 0.221875
0 0.1734375 0.69375 0.05 0.22265625
0 0.2265625 0.6765625 0.05390625 0.225
0 0.2765625 0.6578125 0.04765625 0.21328125
0 0.33203125 0.65546875 0.0453125 0.1953125
0 0.378125 0.6390625 0.0390625 0.18984375
0 0.421875 0.63046875 0.0421875 0.18359375
0 0.4671875 0.625 0.03125 0.18671875
0 0.71484375 0.571875 0.025 0.15
0 0.50390625 0.6125 0.03984375 0.171875
0 0.76328125 0.71640625 0.01796875 0.0953125
0 0.78515625 0.709375 0.0140625 0.09765625
0 0.73203125 0.6953125 0.0421875 0.04609375
0 0.7390625 0.74765625 0.028125 0.04921875
0 0.7046875 0.765625 0.03046875 0.0515625
0 0.6671875 0.71484375 0.03984375 0.053125
0 0.62421875 0.72734375 0.0375 0.05234375
0 0.58203125 0.73828125 0.0390625 0.04765625
0 0.66796875 0.77890625 0.0328125 0.0546875
0 0.62734375 0.790625 0.03828125 0.05390625
0 0.58515625 0.803125 0.0328125 0.0546875
0 0.14921875 0.89296875 0.06953125 0.06484375
0 0.54296875 0.60625 0.0375 0.16875
0 0.775 0.36953125 0.03125 0.1234375
0 0.9140625 0.20859375 0.0203125 0.1359375
0 0.43203125 0.17890625 0.04375 0.20078125
0 0.93359375 0.49453125 0.0171875 0.06015625
0 0.95625 0.49375 0.01875 0.06953125
0 0.97734375 0.484375 0.02265625 0.07734375
0 0.38046875 0.175 0.0453125 0.20390625
0 0.9671875 0.63515625 0.01171875 0.0859375
0 0.9359375 0.640625 0.0171875 0.0765625
0 0.9078125 0.65859375 0.0125 0.08125
0 0.89609375 0.6609375 0.01171875 0.08359375
0 0.884375 0.6671875 0.0125 0.0875
0 0.8703125 0.6703125 0.01484375 0.08828125
0 0.83515625 0.68203125 0.0234375 0.09140625
0 0.803125 0.69375 0.0140625 0.0921875
0 0.8546875 0.68046875 0.009375 0.0859375
0 0.82265625 0.88671875 0.0203125 0.03046875
0 0.85390625 0.88203125 0.021875 0.04140625
0 0.82265625 0.8375 0.02265625 0.03359375
0 0.82265625 0.78828125 0.034375 0.04296875
0 0.85625 0.76796875 0.02421875 0.0375
0 0.85625 0.81953125 0.02578125 0.03671875
0 0.88203125 0.80703125 0.01953125 0.03671875
0 0.88203125 0.859375 0.01953125 0.0390625
0 0.90546875 0.84453125 0.02421875 0.03828125
0 0.90703125 0.79765625 0.0296875 0.04921875
0 0.94140625 0.72578125 0.03359375 0.0421875
0 0.94453125 0.77734375 0.02734375 0.03359375
0 0.96875 0.76953125 0.01875 0.028125
0 0.96953125 0.81875 0.01953125 0.0375
0 0.94296875 0.8234375 0.03125 0.04375
0 0.98984375 0.78828125 0.0203125 0.0703125
0 0.86015625 0.51484375 0.0203125 0.10546875
0 0.87890625 0.509375 0.0171875 0.11328125
0 0.98125 0.63828125 0.01484375 0.07421875
0 0.96640625 0.5484375 0.05859375 0.04140625
0 0.48359375 0.18515625 0.0359375 0.196875
0 0.52421875 0.18828125 0.03671875 0.18984375
0 0.565625 0.1859375 0.04375 0.1859375
0 0.6109375 0.19375 0.03515625 0.175
0 0.6484375 0.196875 0.0328125 0.1671875
0 0.684375 0.19375 0.028125 0.1578125
0 0.715625 0.20078125 0.0265625 0.16875
0 0.74765625 0.1984375 0.0296875 0.1515625
0 0.909375 0.509375 0.02890625 0.10625
0 0.31875 0.17265625 0.05546875 0.228125
0 0.259375 0.16875 0.05546875 0.228125
0 0.20234375 0.159375 0.05625 0.2515625
0 0.140625 0.159375 0.065625 0.25859375
0 0.06953125 0.15390625 0.065625 0.25859375
0 0.78203125 0.19765625 0.03515625 0.1484375
0 0.7828125 0.53203125 0.02109375 0.16953125
0 0.01640625 0.1421875 0.0328125 0.275
0 0.809375 0.5421875 0.01953125 0.1171875
0 0.83515625 0.53203125 0.02734375 0.12890625
0 0.925 0.3640625 0.02421875 0.128125
0 0.89609375 0.36484375 0.0296875 0.1265625
0 0.94921875 0.3609375 0.01875 0.1265625
0 0.95 0.21484375 0.0296875 0.1296875
0 0.98984375 0.35703125 0.0203125 0.1109375
0 0.828125 0.20625 0.04140625 0.1484375
0 0.8625 0.21015625 0.0203125 0.1359375
0 0.8875 0.2078125 0.0234375 0.1453125
0 0.978125 0.20859375 0.021875 0.1328125
0 0.971875 0.36171875 0.015625 0.12578125